SAMPLES:	12448
BITSPERSAMPLE:	16
CHANNELS:	1
SAMPLERATE:	16000
NORMALIZED:	FALSE
-1
-2
-2
-2
-2
-2
-1
-1
0
0
0
-1
1
0
1
0
1
1
3
2
3
2
5
4
2
3
2
1
1
1
0
0
-1
-1
-1
-2
-3
-2
-3
-3
-3
-2
-2
-2
-1
-2
-1
0
0
0
0
0
-1
0
2
1
1
1
2
-1
0
-1
-1
-2
-1
-1
-1
-2
-1
0
-1
-1
0
0
-1
-1
0
1
2
3
2
3
4
5
5
5
5
4
4
2
1
0
1
0
-1
0
1
0
1
-1
-1
-1
-2
-1
-1
-1
-1
-1
-1
-3
-1
-2
-1
-1
-1
1
0
0
0
-1
0
0
-2
-2
-1
-1
0
0
0
0
0
1
0
2
0
1
2
1
1
0
0
-1
-1
-1
-1
-1
-1
-1
-1
0
0
0
1
0
0
0
0
-1
1
0
0
0
0
0
-1
-1
-1
-1
-2
-2
-2
-3
-3
-3
-2
-3
-2
-1
0
1
1
2
2
3
2
3
4
2
1
2
2
3
3
2
2
2
3
3
3
1
0
0
0
0
0
1
0
1
1
1
0
0
0
-1
-1
-2
-2
-3
-3
-2
-3
-4
-2
-2
-3
-2
-2
-2
-2
-2
-1
-1
-1
-1
0
0
1
1
1
1
1
0
-1
0
-1
0
0
0
-1
0
-1
-1
-2
-1
-1
-3
-2
-2
-2
-2
-1
0
-1
1
1
1
2
2
2
4
2
3
3
2
2
2
1
1
0
0
0
1
0
0
0
2
2
0
0
0
-1
-1
-1
-1
0
0
1
0
0
0
0
0
0
-1
0
0
-1
0
0
1
0
0
1
0
0
0
1
0
0
0
0
0
0
1
-1
0
0
0
1
0
-1
0
0
0
0
0
-1
0
0
0
0
1
0
-1
0
-2
-2
-2
-1
-1
-1
0
0
0
1
0
0
0
0
1
1
2
3
2
2
1
1
-1
0
0
-1
0
1
0
0
0
-1
-1
-1
-2
-2
-2
-3
-1
-1
-1
0
0
1
0
1
0
0
1
2
1
2
2
3
3
2
3
2
2
1
2
3
4
3
3
2
2
2
1
1
0
0
0
0
-2
-1
-1
-1
-1
-1
-2
-2
-2
-2
0
0
-2
-3
-4
-3
-2
-1
-3
-3
-4
-2
-2
-1
-1
0
-1
0
0
0
0
0
0
1
1
1
0
0
1
0
0
0
-1
0
1
0
0
1
-1
0
-1
-1
0
0
1
1
1
1
1
2
1
2
1
3
2
3
2
1
1
1
0
0
0
0
-1
-1
-1
-1
-1
-1
-1
1
0
-1
0
0
0
0
0
0
-1
0
0
-1
0
0
0
0
0
0
0
1
1
0
0
0
0
0
0
1
0
2
2
2
2
2
2
0
0
1
0
0
0
0
1
0
0
-2
-2
-3
-4
-3
-4
-4
-3
-4
-4
-4
-4
-3
-3
-2
0
0
1
0
0
0
-1
-2
-1
-1
-1
-1
0
-1
-2
-1
-1
-1
-1
0
0
-1
1
1
2
3
3
5
4
5
5
5
5
5
4
4
4
3
4
2
2
1
1
0
0
0
1
1
1
1
0
0
-1
-1
0
0
0
0
0
0
-1
0
0
-1
0
-1
-1
-1
-1
-1
0
0
0
0
0
0
0
-1
-1
-2
-2
-3
-3
-3
-2
-2
-2
-3
-2
-3
-4
-4
-5
-5
-5
-4
-4
-4
-3
-4
-2
-3
-3
-5
-5
-7
-8
-8
-10
-11
-10
-10
-10
-9
-9
-8
-7
-4
-5
-3
-2
0
0
1
3
4
5
7
7
7
6
6
6
6
6
5
6
8
9
10
11
12
13
14
15
17
18
21
23
23
23
23
23
24
22
21
20
18
16
13
11
10
9
7
6
4
4
4
1
1
0
-1
-1
-1
-2
-2
-2
-3
-5
-6
-7
-8
-10
-12
-15
-18
-20
-24
-25
-26
-27
-28
-30
-31
-33
-34
-33
-31
-31
-29
-29
-26
-24
-23
-21
-20
-19
-17
-18
-17
-18
-17
-17
-16
-15
-13
-14
-12
-12
-11
-9
-6
-5
-4
-2
-1
1
2
6
9
12
15
17
19
21
22
23
23
26
28
31
33
35
36
36
35
35
34
35
35
36
35
35
34
32
30
31
30
30
31
31
30
31
28
27
25
24
22
20
18
16
14
11
7
5
0
-3
-7
-9
-11
-13
-13
-14
-15
-16
-18
-21
-25
-28
-32
-36
-38
-42
-45
-48
-50
-52
-54
-58
-62
-67
-70
-73
-73
-72
-70
-66
-65
-68
-73
-78
-82
-82
-81
-77
-73
-71
-68
-63
-57
-50
-42
-37
-32
-27
-21
-16
-11
-6
-2
2
7
12
20
25
31
36
42
47
53
57
62
66
71
81
89
98
103
108
116
124
132
140
145
153
162
172
182
189
200
209
220
229
233
230
225
221
217
211
204
197
192
186
180
171
162
151
139
125
109
93
76
58
40
24
5
-14
-35
-58
-82
-109
-134
-159
-186
-213
-243
-278
-316
-360
-409
-459
-509
-558
-599
-632
-664
-689
-710
-735
-759
-770
-769
-761
-735
-694
-651
-610
-567
-530
-498
-462
-418
-370
-317
-264
-209
-160
-111
-61
-13
31
71
107
140
173
212
252
291
327
360
388
409
424
437
447
453
458
461
461
460
462
470
487
509
529
546
563
575
586
599
617
644
674
710
754
807
860
919
984
1049
1101
1142
1182
1204
1207
1205
1201
1181
1147
1109
1057
981
894
800
686
550
405
251
98
-66
-240
-410
-593
-791
-993
-1213
-1450
-1703
-1971
-2246
-2550
-2862
-3157
-3469
-3725
-3847
-3911
-3958
-3956
-3925
-3874
-3791
-3680
-3539
-3366
-3162
-2926
-2664
-2379
-2089
-1795
-1491
-1182
-874
-552
-227
94
400
704
997
1261
1502
1725
1907
2046
2161
2265
2338
2384
2423
2447
2434
2399
2356
2290
2197
2099
2000
1894
1789
1697
1607
1511
1417
1338
1276
1219
1166
1137
1136
1141
1154
1196
1259
1327
1419
1517
1602
1679
1760
1838
1912
1994
2078
2142
2191
2228
2238
2214
2155
2064
1944
1796
1623
1425
1211
974
698
423
131
-208
-547
-881
-1220
-1573
-1951
-2280
-2597
-2967
-3280
-3549
-3850
-4091
-4271
-4452
-4591
-4682
-4753
-4793
-4798
-4765
-4703
-4606
-4478
-4322
-4123
-3886
-3618
-3311
-2978
-2632
-2268
-1895
-1524
-1157
-792
-438
-95
245
565
869
1163
1438
1688
1916
2116
2282
2411
2516
2591
2644
2679
2694
2686
2662
2628
2583
2528
2461
2383
2286
2176
2066
1964
1862
1767
1689
1629
1573
1518
1476
1453
1442
1450
1482
1536
1604
1695
1802
1913
2011
2097
2181
2260
2335
2408
2464
2492
2498
2494
2465
2407
2329
2221
2073
1893
1693
1464
1201
908
592
257
-97
-474
-865
-1257
-1655
-2050
-2444
-2843
-3242
-3635
-4013
-4373
-4697
-4980
-5225
-5432
-5598
-5729
-5822
-5877
-5905
-5888
-5811
-5684
-5527
-5328
-5083
-4802
-4487
-4133
-3746
-3329
-2879
-2411
-1951
-1490
-1026
-558
-94
364
810
1239
1645
2020
2359
2659
2918
3143
3344
3513
3645
3740
3796
3812
3794
3754
3689
3594
3482
3354
3203
3035
2871
2709
2541
2378
2225
2070
1906
1748
1610
1494
1404
1353
1335
1341
1369
1419
1491
1577
1678
1810
1959
2110
2267
2422
2561
2673
2766
2851
2915
2955
2981
2975
2925
2826
2683
2492
2258
1995
1709
1395
1056
696
308
-118
-572
-1043
-1521
-2012
-2508
-3000
-3501
-4013
-4508
-4972
-5418
-5830
-6186
-6494
-6759
-6975
-7136
-7255
-7328
-7341
-7303
-7213
-7060
-6850
-6587
-6264
-5883
-5447
-4966
-4452
-3909
-3349
-2787
-2221
-1638
-1053
-483
79
640
1172
1668
2138
2576
2975
3344
3677
3960
4198
4405
4566
4682
4760
4801
4804
4772
4707
4615
4497
4359
4209
4048
3882
3709
3530
3344
3159
2986
2833
2695
2580
2487
2416
2359
2309
2269
2242
2230
2225
2228
2256
2297
2339
2375
2397
2397
2376
2339
2291
2228
2146
2047
1932
1803
1658
1488
1292
1070
818
542
255
-47
-369
-711
-1073
-1462
-1881
-2324
-2781
-3251
-3729
-4210
-4695
-5172
-5626
-6046
-6431
-6783
-7092
-7350
-7571
-7737
-7832
-7864
-7838
-7752
-7593
-7354
-7046
-6674
-6237
-5756
-5229
-4661
-4066
-3457
-2842
-2229
-1623
-1030
-451
103
631
1144
1640
2115
2560
2964
3325
3642
3923
4169
4384
4582
4757
4901
5021
5120
5189
5237
5277
5306
5304
5284
5254
5204
5133
5053
4969
4874
4759
4631
4485
4333
4182
4034
3900
3777
3660
3536
3408
3275
3144
3013
2897
2793
2687
2575
2453
2332
2202
2059
1911
1748
1564
1368
1150
907
641
360
53
-281
-630
-995
-1394
-1824
-2278
-2753
-3249
-3760
-4287
-4832
-5379
-5905
-6407
-6883
-7337
-7760
-8144
-8475
-8725
-8886
-8969
-8974
-8899
-8750
-8533
-8244
-7879
-7443
-6943
-6381
-5783
-5157
-4506
-3853
-3214
-2583
-1960
-1356
-780
-226
303
799
1253
1673
2068
2430
2755
3054
3335
3582
3805
4016
4226
4429
4627
4812
4972
5114
5243
5356
5458
5560
5654
5730
5776
5793
5780
5742
5685
5613
5541
5452
5339
5213
5069
4906
4745
4592
4441
4275
4109
3939
3751
3564
3392
3225
3051
2877
2701
2519
2322
2124
1920
1701
1458
1200
923
613
267
-107
-515
-959
-1431
-1925
-2451
-3006
-3586
-4190
-4814
-5440
-6063
-6669
-7256
-7817
-8341
-8816
-9235
-9579
-9843
-10015
-10089
-10068
-9948
-9729
-9417
-9012
-8537
-8003
-7411
-6758
-6055
-5323
-4573
-3815
-3068
-2346
-1654
-1002
-391
173
701
1192
1642
2049
2419
2762
3076
3362
3623
3876
4116
4353
4589
4821
5051
5278
5508
5726
5931
6130
6312
6466
6591
6691
6763
6794
6783
6732
6636
6495
6325
6145
5948
5728
5497
5243
4963
4687
4424
4172
3937
3720
3521
3323
3137
2975
2822
2672
2516
2359
2195
2011
1799
1574
1327
1047
743
415
41
-380
-833
-1331
-1883
-2476
-3102
-3761
-4452
-5148
-5839
-6531
-7210
-7865
-8503
-9102
-9646
-10132
-10529
-10830
-11032
-11123
-11104
-10984
-10765
-10448
-10031
-9516
-8904
-8209
-7448
-6638
-5800
-4956
-4113
-3281
-2476
-1706
-981
-299
315
868
1357
1794
2193
2549
2865
3130
3371
3578
3779
3998
4211
4440
4677
4928
5188
5444
5692
5921
6140
6360
6569
6754
6921
7040
7099
7120
7085
7003
6900
6752
6581
6413
6230
6032
5835
5626
5426
5243
5073
4908
4751
4599
4457
4334
4223
4109
3994
3861
3685
3472
3226
2942
2617
2271
1900
1498
1043
541
-29
-672
-1362
-2084
-2839
-3622
-4420
-5246
-6091
-6929
-7750
-8542
-9300
-9994
-10630
-11174
-11634
-12010
-12262
-12433
-12464
-12351
-12127
-11782
-11346
-10812
-10209
-9513
-8720
-7867
-6955
-6022
-5089
-4181
-3303
-2458
-1666
-910
-172
518
1136
1681
2146
2558
2944
3307
3663
4000
4305
4583
4846
5107
5387
5707
6078
6474
6868
7232
7546
7813
8062
8305
8548
8775
8940
9029
9027
8905
8710
8468
8184
7912
7655
7359
7026
6655
6245
5820
5415
5055
4741
4466
4216
3952
3658
3333
2990
2668
2381
2109
1839
1528
1143
684
140
-446
-1041
-1657
-2302
-2997
-3776
-4625
-5528
-6460
-7378
-8265
-9103
-9867
-10586
-11290
-11965
-12582
-13108
-13490
-13679
-13701
-13585
-13350
-13039
-12659
-12173
-11563
-10810
-9909
-8894
-7809
-6720
-5653
-4624
-3624
-2608
-1599
-623
322
1183
1923
2551
3057
3495
3919
4337
4741
5100
5362
5528
5631
5723
5858
6072
6364
6696
7028
7318
7535
7732
7940
8162
8433
8743
9023
9226
9326
9300
9183
9039
8878
8725
8574
8355
8049
7663
7197
6726
6305
5940
5639
5367
5073
4728
4325
3900
3503
3151
2854
2600
2320
1958
1504
945
314
-349
-1028
-1725
-2458
-3282
-4201
-5217
-6309
-7415
-8493
-9513
-10452
-11341
-12189
-13001
-13777
-14459
-15002
-15363
-15502
-15453
-15247
-14915
-14492
-13960
-13295
-12488
-11527
-10443
-9284
-8095
-6911
-5755
-4623
-3510
-2411
-1335
-312
631
1464
2176
2780
3307
3773
4220
4642
5014
5348
5638
5869
6079
6302
6541
6822
7156
7505
7857
8214
8546
8872
9228
9559
9853
10125
10323
10447
10502
10465
10360
10195
9981
9720
9388
9008
8592
8129
7639
7140
6636
6126
5601
5078
4547
4022
3517
2997
2501
2013
1465
939
391
-239
-857
-1525
-2286
-3060
-3935
-4876
-5809
-6809
-7810
-8756
-9717
-10673
-11597
-12469
-13291
-14059
-14665
-15130
-15499
-15661
-15670
-15585
-15288
-14868
-14354
-13589
-12716
-11781
-10613
-9408
-8236
-6922
-5636
-4438
-3154
-1929
-811
322
1350
2221
3042
3752
4326
4870
5372
5787
6165
6485
6732
6938
7105
7292
7517
7727
7989
8291
8551
8846
9151
9396
9702
9991
10214
10514
10748
10828
10947
10966
10763
10645
10429
10032
9752
9307
8776
8315
7689
7075
6522
5877
5321
4790
4144
3607
2999
2315
1759
1167
509
-39
-607
-1387
-2001
-2715
-3698
-4424
-5330
-6446
-7325
-8366
-9597
-10524
-11618
-12822
-13610
-14668
-15605
-16131
-16914
-17346
-17485
-17713
-17510
-17125
-16699
-15930
-15064
-14139
-12954
-11708
-10391
-8872
-7374
-5849
-4277
-2800
-1385
-32
1270
2390
3460
4467
5158
5867
6481
6770
7223
7576
7682
7996
8170
8193
8380
8470
8574
8772
8988
9285
9517
9866
10224
10411
10784
11101
11261
11602
11850
11900
12103
12147
11967
11944
11664
11263
11010
10514
10017
9565
8929
8272
7637
7018
6298
5559
4998
4147
3300
2847
1845
917
497
-701
-1742
-2266
-3684
-4856
-5570
-7175
-8421
-9277
-10954
-12187
-12995
-14571
-15677
-16245
-17692
-18538
-18648
-19375
-19326
-18842
-18895
-18244
-17359
-16962
-15936
-14675
-13797
-12511
-10925
-9511
-8095
-6206
-4622
-3373
-1592
-333
692
2080
3123
3930
4948
5833
6258
6935
7481
7553
7914
8233
8228
8476
8821
8813
8995
9274
9247
9504
9948
10141
10541
11068
11273
11581
11988
12101
12267
12514
12491
12450
12481
12201
11815
11513
10987
10401
10001
9475
8779
8204
7509
6575
5841
5162
4170
3419
2762
1678
857
54
-1111
-2138
-3263
-4392
-5630
-6793
-7722
-9280
-10448
-11553
-13468
-14372
-15374
-16922
-17385
-18193
-19287
-19471
-19755
-20009
-19505
-19071
-18790
-18011
-17258
-16543
-15303
-13955
-12679
-11187
-9563
-8022
-6329
-4449
-2845
-1311
182
1350
2602
3919
4985
6012
6864
7352
7863
8360
8768
9218
9571
9701
9800
9913
10011
10300
10536
10866
11103
11318
11796
11954
12446
12912
12895
13281
13590
13479
13786
14048
13616
13546
13153
12312
11919
11306
10656
10005
9293
8372
7405
6790
5855
4968
4047
2751
1730
553
-484
-1224
-2584
-3628
-4609
-6429
-7352
-8464
-10544
-10998
-12585
-14691
-14600
-16524
-17885
-17452
-19382
-20208
-19822
-21148
-20930
-19765
-20151
-19298
-18133
-18260
-17120
-15539
-14689
-13133
-11287
-10208
-8704
-6621
-5275
-3558
-1744
-940
279
1462
2424
3754
4794
5743
6400
6835
7457
7959
8395
8877
9066
8970
9163
9457
9869
10647
11253
11510
11736
11883
12054
12562
13159
13672
14136
14434
14645
14748
14732
14646
14172
13517
13064
12323
11773
11736
11199
10563
10021
8953
7760
6796
5860
4724
3493
2656
1490
-79
-575
-1872
-3860
-4725
-6481
-8793
-9703
-10786
-13011
-13255
-14214
-16389
-16353
-17802
-19315
-19649
-20389
-20807
-20584
-19703
-19746
-18991
-17953
-17719
-16414
-15057
-14075
-12825
-11541
-10337
-8827
-7057
-5129
-3592
-2464
-1295
-663
294
1748
2789
4001
5040
5340
6008
6868
7394
8429
9167
9008
8967
9429
9994
10920
12173
12877
13081
12987
13192
13495
14198
15453
15585
15573
15415
14845
15095
15196
14710
14040
12926
11284
10366
10290
9905
9626
8845
7106
5529
4659
4054
3173
2629
1129
-984
-1712
-2637
-3368
-3891
-5670
-7928
-10226
-12091
-13291
-13941
-14098
-14729
-16456
-17659
-18626
-20020
-19751
-19521
-20105
-19516
-19316
-19120
-17712
-16532
-14957
-13372
-12695
-11369
-10197
-9395
-7700
-6094
-4557
-2884
-1781
-810
331
1672
3078
4084
4925
5219
5253
5878
6561
7891
9360
9753
10093
9732
9528
10691
11179
11900
12804
12759
12652
12895
13957
14899
16328
16977
16305
16470
15467
14834
15345
14509
13804
13134
11705
11083
10983
10619
10357
9069
6784
4601
2560
1422
1054
652
-233
-2093
-3994
-5409
-7625
-9656
-11213
-14496
-17018
-16965
-17544
-17675
-16609
-18070
-20619
-21872
-23284
-23570
-21958
-20573
-19501
-18517
-18054
-17171
-15569
-13754
-11758
-10181
-9428
-8942
-8128
-6629
-4595
-2104
514
1861
2458
3668
4424
4852
6046
6575
6297
6806
7952
9533
11820
13637
14067
13733
12987
12123
12440
13740
14560
15328
16370
16566
16764
18044
18927
18880
18907
18150
15906
14374
14027
13730
13506
12792
10761
8528
7665
7512
7228
5626
2898
-539
-4821
-8098
-8562
-8140
-10269
-10898
-13221
-18820
-20684
-22710
-23915
-23079
-22652
-22545
-23498
-23946
-25226
-26295
-24869
-20541
-15298
-11731
-9756
-9917
-10610
-10420
-8290
-4253
-134
4158
7185
7770
9415
12895
14654
14838
14338
12756
11553
11779
13034
14451
14898
13254
10085
7363
5546
4506
4266
3486
2191
1148
-436
-1527
-615
1640
4101
5172
4539
3587
3263
4383
6147
7681
9519
10521
10751
11650
12379
13135
13663
12538
11253
10497
9678
9261
8217
6262
4115
1213
-1759
-4285
-7146
-9829
-12626
-16386
-19965
-22555
-24323
-24634
-23163
-21860
-22580
-24878
-26678
-27367
-26910
-23258
-17200
-12416
-9252
-5990
-4625
-3469
702
4285
5120
6135
9022
9473
10519
14779
17136
18618
18520
17441
14943
11595
11212
9570
8245
7522
4595
3123
2125
1294
918
628
-1342
-5078
-5353
-5756
-5014
-748
1799
3624
4198
5170
7520
8748
9979
10903
10773
10651
11220
12112
13844
15652
16115
15237
13578
12138
10810
9099
6652
3151
-1391
-6111
-9746
-11787
-12998
-14889
-17370
-19908
-22263
-23806
-25321
-26275
-25744
-26239
-27655
-27913
-25707
-18961
-11969
-7730
-2903
-1138
-2021
867
2602
1896
4888
8674
10065
11165
13459
16515
18263
19288
18848
14170
9398
7791
6195
3964
2945
2494
1077
193
182
-1393
-2180
-2417
-5221
-6420
-6299
-6858
-3066
1175
1563
3591
5747
6741
8978
10463
11348
12092
12595
13463
13469
13231
14384
14180
13764
13562
11414
10420
8169
5665
1368
-5042
-7421
-11988
-15135
-16204
-19235
-18681
-20458
-21858
-21604
-24843
-25313
-25630
-25903
-25697
-25090
-17376
-11259
-7739
-1186
2148
3338
5036
7929
8216
6968
11274
12826
10934
12534
14663
15582
16211
16926
15434
12314
9322
6681
3664
-626
-3109
-3698
-4927
-6389
-6010
-4937
-5617
-5844
-4118
-3929
-4902
-2601
-161
-547
797
4619
6041
7432
11594
13357
13688
15434
16219
14068
12359
12266
9926
9131
9197
7429
6809
4537
1834
-1441
-6229
-9064
-13810
-18095
-20330
-22964
-23099
-23225
-23151
-22464
-23063
-23018
-22861
-23389
-20392
-14354
-9850
-5219
-418
3288
4966
7651
10693
10668
12885
15178
15447
14527
13969
14644
14274
15845
15056
11976
11333
8657
4698
2940
513
-3266
-5121
-6245
-8881
-10767
-8284
-6093
-6562
-3965
-2092
-2138
1740
5562
5346
5552
6860
8019
8535
10405
13908
12980
15019
17007
13287
14576
13113
10057
10286
6483
4096
1351
-1703
-3764
-8998
-12384
-16032
-19106
-20641
-23363
-23525
-23891
-24265
-24027
-24910
-25679
-25956
-22909
-16638
-10925
-6285
-173
3824
4247
7494
11018
10719
12589
16512
15555
12636
12498
13390
14864
17315
17953
14841
11050
8573
5794
3337
1503
-2103
-5350
-6692
-10032
-12200
-9037
-6893
-6462
-3262
-1680
-2037
828
4254
4835
4468
5018
6010
7118
9423
11164
11894
14445
16120
15016
14062
12437
10068
8565
6454
3909
1335
-1719
-4472
-8553
-13478
-15543
-17142
-20323
-21295
-21225
-22906
-23397
-22604
-23369
-25016
-24970
-20838
-14671
-10091
-5168
115
2969
6164
10735
13010
14344
17604
19097
16048
12696
11982
12491
14115
15384
13266
10111
8845
7783
6412
5334
2095
-2666
-5676
-8305
-11624
-12460
-10502
-9096
-7573
-5035
-2720
62
4747
8619
8205
7724
8397
8760
9643
9873
10317
10476
11735
13518
12953
12134
10057
9184
8416
4356
2490
-1407
-6270
-7763
-13507
-18708
-19884
-22513
-24174
-23394
-23326
-23821
-22425
-21341
-23341
-24199
-19601
-14205
-10209
-4211
1665
4262
6456
11302
14971
16377
19401
21721
18738
15712
16149
15585
15696
15948
13193
8187
6238
6673
3586
2974
1411
-4515
-7297
-8053
-10263
-12293
-10357
-9468
-10360
-7119
-3940
-2653
1841
7575
8971
9128
10516
11247
12364
14376
14464
12786
13017
13251
11453
9899
9168
7668
6324
4873
1737
-2205
-5919
-8512
-14365
-19950
-22348
-26165
-26692
-25761
-25873
-26077
-25756
-22772
-22479
-22717
-16948
-10304
-6518
187
5555
4502
7698
14193
16401
17648
19247
19344
17485
17033
17898
16682
16364
15934
12220
8319
6350
4593
2694
2306
-716
-6388
-9136
-11050
-12237
-11014
-9096
-8178
-7769
-4568
-549
2760
6233
9342
11136
11024
12011
12576
11691
12338
13205
11682
10536
10868
9163
7928
8261
7490
4385
1719
-307
-6807
-11281
-13598
-20929
-24889
-24765
-26874
-27234
-26107
-26459
-26302
-24724
-23413
-21445
-15665
-9528
-5059
-343
2709
5827
9865
13118
16155
17970
18305
17611
16350
15538
15641
15935
15316
13245
10268
8439
6703
4196
3284
1859
-1969
-4853
-7180
-10051
-10077
-9051
-9997
-9542
-6913
-4514
-968
3620
6274
8803
12346
13875
14105
15151
15261
14726
14117
12284
11224
9991
8267
7210
5776
4955
2522
888
845
-4785
-10009
-12782
-19498
-23173
-23641
-26937
-28112
-27531
-28523
-27517
-26179
-25874
-20483
-12835
-8411
-3164
1462
3434
6802
10793
13600
14722
15458
16399
14238
12591
13349
12498
12504
12906
10492
7524
6151
4876
3681
4070
1944
-2580
-4986
-7151
-8827
-8268
-8555
-9672
-8553
-5770
-2256
1836
5996
10306
13414
15164
16673
17042
16602
16926
16069
13530
11793
10365
8619
7064
5766
4389
2395
840
90
-2866
-6774
-9684
-15379
-19777
-21729
-25763
-27643
-27589
-28642
-29009
-27418
-25505
-21996
-14655
-8063
-3325
1579
5513
8332
11549
14237
15061
15929
15631
13020
10949
9880
8706
8802
9757
8179
5372
5120
4891
2738
2515
1148
-3878
-6373
-7667
-10222
-10672
-10588
-11718
-10717
-7838
-4877
-1399
3937
9376
10908
15073
18620
17374
19536
19851
17758
16409
13481
11130
9298
6557
4616
4798
2600
359
255
-2607
-5804
-8093
-12056
-15942
-18507
-21953
-25044
-26539
-28006
-28740
-28179
-26289
-21907
-15221
-8819
-3309
1753
6166
10371
14085
17028
18651
19302
18863
16243
13655
11344
8845
8121
6734
3954
2351
1875
1662
1835
2077
588
-1876
-3788
-5872
-8637
-10368
-11102
-12684
-12343
-9925
-7628
-4119
722
5704
10135
14039
16928
18976
20531
20989
19975
17128
13861
11211
8448
5524
2874
852
-1058
-2115
-2695
-5439
-7744
-8843
-11779
-14255
-16039
-19285
-22494
-24812
-26916
-28597
-28200
-25431
-21066
-15412
-9757
-4350
1232
6987
12823
17341
19570
20718
21495
20478
17945
15547
12609
9772
8216
5214
1313
423
-251
-1580
-133
-1040
-3925
-3716
-4343
-5276
-5267
-6976
-8583
-9004
-9371
-8132
-5506
-3210
450
5052
9000
12338
15800
19421
21229
21833
21324
19002
16400
13980
10664
5985
1923
-1383
-4480
-5867
-7772
-10615
-12155
-13928
-15801
-16923
-18528
-20537
-21810
-22927
-25208
-26576
-24789
-21363
-17137
-12171
-8154
-3823
2198
8201
13736
18379
21026
22200
22328
20853
18936
16787
13891
11161
6883
1693
-1333
-3263
-4423
-4506
-4953
-6410
-7417
-6848
-6594
-6381
-5944
-6377
-6178
-5614
-4932
-3225
-1038
1560
4859
8148
11068
13941
16523
19592
21495
20916
20289
18794
16493
14515
10987
6645
2585
-1074
-3933
-7245
-10817
-13796
-16312
-18052
-19441
-21010
-22095
-22720
-23848
-24749
-24815
-23840
-20447
-16067
-12016
-7589
-3198
1305
6622
11851
15622
19211
21224
21684
22064
19733
17225
15722
13081
9015
4498
1743
-894
-3599
-4844
-6154
-8425
-9855
-9212
-9049
-9246
-8866
-9264
-9274
-8726
-7152
-4221
-894
2130
5217
9450
11670
13635
17527
19630
20609
20942
20209
18606
16779
15129
12020
7998
4382
1075
-2246
-6106
-10451
-13722
-16240
-18761
-20380
-21910
-23584
-24334
-24580
-25201
-25701
-24370
-20966
-16805
-12253
-7841
-3645
1267
6282
11297
16212
19440
21856
23680
23169
21847
20401
17698
14715
10700
5145
1260
-1054
-4024
-5910
-6427
-8286
-10178
-9875
-9376
-9686
-9344
-8671
-8374
-7577
-5981
-3847
-831
2546
5461
8560
11792
14175
16471
19334
21006
20730
19745
18785
16709
13474
10223
6259
1970
-1409
-4104
-7677
-11650
-14976
-17621
-20132
-22142
-22932
-25195
-25772
-25659
-26530
-23829
-20583
-16474
-12183
-8179
-3648
-65
5592
11388
15519
18595
21076
22282
21611
21537
20846
18724
16163
12096
7012
3595
869
-1934
-3346
-6096
-10144
-11466
-11402
-11825
-10777
-9791
-10735
-10647
-8879
-7052
-4443
-1306
1148
3421
6002
9103
12675
15601
17970
20087
20662
20272
20488
19830
17328
14618
11603
7417
3209
-317
-4185
-8631
-12859
-16708
-19846
-21853
-23265
-24378
-24897
-25392
-25928
-25163
-22916
-19987
-16401
-11910
-7633
-3491
1317
5905
10806
15557
18739
20516
21866
22302
21086
20605
19314
16128
12782
8021
4583
2311
-1541
-4189
-6686
-9697
-11372
-11954
-12061
-12707
-12377
-11413
-11200
-9445
-6326
-3584
-454
2642
4372
6753
10535
13203
15287
17393
18131
18196
18657
18000
16412
15294
12217
8916
6766
2622
-1065
-4599
-9283
-12931
-16819
-19787
-21663
-23875
-25264
-26286
-26606
-26323
-24689
-20548
-16220
-12427
-8334
-3850
516
5246
10554
14662
17692
20252
21571
21537
21074
20354
18980
16961
13366
8659
5512
3475
132
-3067
-5418
-8781
-11175
-11197
-11629
-12033
-11396
-11673
-11545
-9785
-8460
-6316
-2445
160
2011
5004
7923
10316
13670
16641
17554
18099
18677
18596
17467
15945
13814
10785
8304
4606
657
-2541
-7279
-11039
-14280
-18091
-20640
-23086
-24569
-25228
-26135
-26536
-25640
-22223
-18321
-14665
-10126
-5617
-1125
3507
8599
13502
16507
18944
21627
22161
21403
20979
19472
17531
15099
10843
6981
4433
1550
-1047
-3226
-6203
-8862
-10148
-10896
-11293
-11795
-12079
-12009
-11550
-10034
-8518
-5910
-2189
539
2616
5713
8546
11059
14979
16293
16669
17821
17127
17109
16012
13424
11563
8819
5445
2789
-272
-4392
-8071
-11405
-15048
-18431
-20621
-22556
-24374
-24992
-25586
-26237
-24105
-19594
-16539
-12491
-7301
-3539
1035
6053
11206
15240
17862
20653
22054
22247
21451
20375
19389
16981
13517
9723
7202
4167
491
-1098
-4213
-7840
-9218
-10269
-11267
-12160
-12068
-11652
-11654
-11188
-9619
-7290
-4837
-1577
1416
3586
6329
9477
11948
14278
16226
17007
17366
17229
16312
14729
12737
10423
7523
4418
1631
-2257
-6760
-9922
-13709
-17009
-19044
-21988
-24097
-25200
-25859
-26480
-26232
-23393
-20513
-17013
-12216
-7601
-2342
2213
6891
12476
16319
19679
22598
22946
22462
22484
21611
19676
17670
13522
9002
6290
2956
-42
-2783
-4942
-7996
-10185
-9687
-11827
-12061
-10686
-11168
-10629
-9149
-6575
-4603
-1966
1407
3603
5510
8258
10881
12273
14400
15746
15916
16350
15152
12980
11803
10011
7475
5038
1821
-1404
-5093
-8688
-12102
-15728
-17988
-20924
-23916
-25430
-26548
-26953
-26759
-23867
-19797
-17251
-12943
-7750
-3408
1517
7412
13348
16882
19187
21930
23393
23097
22619
22095
19808
15927
11944
8961
6030
2246
-649
-3103
-6988
-9742
-9737
-10217
-11350
-10912
-10010
-9914
-9214
-7152
-5020
-3054
-609
1890
3706
6009
8869
10911
12366
13515
14412
14702
15226
14553
12789
11787
9597
7383
4880
1613
-1428
-4694
-7876
-11681
-14498
-17009
-20740
-23015
-24125
-25979
-27215
-25851
-23042
-20382
-17300
-13108
-8421
-3994
1260
6511
10901
15775
19241
20974
22780
23609
22295
21335
20773
16389
11778
9204
5843
2688
-503
-3182
-5991
-9340
-10159
-9926
-10522
-10455
-10162
-9792
-9172
-8381
-6518
-4414
-2174
63
1952
4201
6540
9124
11188
12588
13903
14750
15488
15416
14506
12938
11099
10022
7603
4528
2089
-1549
-5294
-8689
-12198
-15408
-18403
-20879
-22804
-24436
-25938
-26338
-25442
-23458
-20169
-16440
-12461
-7879
-3003
1550
6145
11247
16012
19154
21184
22572
22434
21663
21002
19729
16755
12636
8791
5532
2393
-707
-2706
-5408
-8509
-9493
-10317
-10754
-10090
-9572
-9134
-9003
-8390
-7242
-5592
-2839
-571
1326
3740
6181
8570
10484
12463
14265
15058
15885
16228
14977
13359
12217
11141
8597
5039
2458
-863
-4971
-8313
-11367
-14624
-17877
-20228
-22914
-25149
-25296
-26216
-26604
-23788
-21106
-18464
-13534
-8732
-4578
87
4933
10293
14900
18195
21290
22922
22985
23183
22540
20497
17985
14312
10070
6806
3779
648
-2122
-5122
-7872
-9580
-10677
-11090
-10852
-10425
-9974
-9478
-8694
-7583
-5991
-3720
-1298
846
3126
5747
8358
10253
11676
13600
14978
15672
15872
15478
14560
12685
11471
9680
6294
3489
471
-3343
-6854
-9992
-13363
-16565
-19211
-21928
-24147
-25648
-26498
-26326
-25533
-23331
-19834
-16085
-11634
-7033
-2084
2842
7077
12445
16935
19385
21784
22975
22948
22466
21193
19571
16884
12380
8436
5768
2078
-1398
-3438
-6136
-9291
-11001
-11494
-11574
-11312
-10374
-9229
-8853
-7957
-6307
-4231
-1469
760
2745
4839
7150
9232
10885
13104
14733
15129
15458
15671
14984
13628
12727
11795
8750
5427
2982
-553
-4080
-7834
-11163
-13994
-18097
-20779
-22545
-24958
-26556
-26831
-26235
-25308
-22426
-18215
-14611
-10202
-5002
-373
3946
8990
14439
17998
20059
21931
22754
22553
21632
20487
18355
14268
10453
7444
4056
752
-2089
-4611
-7979
-10624
-11437
-12533
-12615
-11573
-10833
-10217
-9051
-6960
-5635
-3603
-483
1426
3524
6222
8609
10188
11537
13448
14493
15079
15853
15717
14862
13855
13156
11920
9222
6326
3628
22
-4024
-6959
-9915
-14215
-17896
-19988
-22585
-25481
-26144
-25744
-26399
-25741
-22071
-18177
-15034
-10476
-4789
-342
3518
9246
14989
17915
19969
22029
22282
21602
21187
20405
18290
14375
10286
7120
3754
666
-1676
-4699
-8176
-10497
-11559
-12177
-12222
-11122
-10434
-11011
-9770
-6636
-5303
-3884
61
2277
2546
5529
9023
9718
10734
12951
13664
13612
14511
15067
14190
13026
12309
10986
8513
6176
4019
513
-3364
-6207
-9489
-13427
-16706
-19516
-22157
-24603
-26040
-25847
-25793
-25383
-22217
-18447
-15524
-10917
-5316
-1171
2984
8627
13791
17211
20229
22650
22906
22164
22001
21140
18469
15040
11563
7596
3599
591
-2049
-5204
-8322
-10822
-12669
-13443
-13006
-12069
-11103
-10107
-9066
-7638
-5556
-3129
-659
1726
4092
6527
8842
10662
12084
13451
14458
15033
15752
15870
14856
13964
13371
12181
10060
7684
5282
1943
-1684
-4406
-7869
-12230
-15166
-17986
-21576
-24205
-25381
-25997
-26601
-26488
-24819
-21314
-18148
-14099
-8711
-4886
-707
4231
9670
14148
17346
20532
21612
22157
22566
21241
20077
19108
14461
8991
6779
3331
-1297
-3478
-5616
-10135
-13267
-14060
-14414
-14306
-13807
-11692
-10490
-9346
-6783
-5121
-2540
404
2934
5572
7960
10084
11708
13250
14772
16082
16905
17098
16657
16042
15469
14610
13348
11239
8373
5226
1933
-1355
-4630
-8175
-12168
-16027
-19026
-21441
-23732
-25307
-25933
-26485
-26759
-25178
-21682
-18007
-14265
-9703
-5227
-1083
3720
8969
13740
17298
19663
21289
21968
22173
22012
20512
17932
14125
9346
5803
2784
-1062
-4287
-7425
-11382
-14273
-15466
-15870
-15645
-14752
-13507
-12023
-9936
-7389
-4887
-2306
351
2818
5519
8570
11153
12946
14639
16302
17263
17905
18751
18730
17455
16243
15435
13976
11569
9068
6279
2547
-1095
-3987
-7092
-10811
-14719
-17968
-20506
-22531
-23701
-24943
-25593
-25055
-24996
-23156
-18211
-14752
-11788
-6485
-2058
1967
6843
11634
15879
18422
20313
21574
21773
21544
20658
18545
15128
11245
7050
3365
103
-3437
-6815
-10074
-13090
-14857
-15382
-15802
-15681
-14739
-13273
-11434
-8852
-5665
-3580
-1477
1247
3753
6920
10127
12737
14369
15299
16667
17726
18604
19375
18737
17215
15371
13915
12760
10648
8205
4981
1102
-2410
-5369
-7770
-11164
-14768
-17675
-20270
-22052
-22988
-23124
-23681
-24547
-24133
-22023
-18641
-14637
-10422
-6339
-2591
1262
6274
11137
14723
17451
19456
20156
19616
19969
19718
17334
14162
10478
6448
2499
-90
-2745
-6518
-9371
-12429
-14891
-15085
-15243
-15074
-14149
-13136
-11185
-8960
-6271
-3373
-1390
777
3380
6348
9234
11764
13883
15020
16222
17583
17961
18240
18793
16985
14806
14614
13021
10475
8844
6381
2483
-655
-3481
-6274
-9088
-13047
-15596
-18105
-20393
-21093
-22172
-22670
-23355
-23766
-22726
-20432
-16799
-13009
-9338
-5577
-1612
2766
7061
10728
13966
16189
17457
18544
18684
18137
17038
14959
12729
9696
5816
3099
453
-3362
-6144
-8180
-10921
-12666
-12982
-13392
-13352
-12232
-10830
-9034
-6878
-4753
-2334
-272
1403
4218
7292
9320
11522
13471
14371
15480
16665
17297
17581
17323
16219
14943
13762
12645
11107
8897
6216
2606
-378
-3200
-5920
-8591
-12452
-15560
-18387
-20305
-21376
-22417
-22755
-23804
-24112
-22996
-20851
-17485
-13561
-9688
-6535
-3197
926
5095
8628
12186
15257
16482
16923
17824
18215
17278
16027
14193
11117
7548
4990
2662
-167
-2881
-6328
-8850
-10238
-11925
-12728
-11608
-11494
-12371
-9961
-7780
-6049
-3639
-2395
-449
858
2973
6294
8475
10124
11366
12941
14543
15869
17174
17935
18093
17524
16915
16502
15146
13273
10970
7778
4366
952
-1897
-5274
-9437
-12870
-16537
-19616
-21447
-22884
-23663
-24994
-26017
-25203
-24379
-22827
-19228
-15799
-12993
-9566
-5232
-874
3000
7239
11127
13905
15863
17553
19234
19688
19588
19050
17003
14526
11435
8806
6660
3023
-328
-3248
-6487
-8816
-10297
-11466
-12233
-12305
-12164
-11579
-10344
-8852
-7147
-5485
-3773
-2413
-717
2137
4897
7126
9241
11768
14144
15733
17915
19668
20068
20360
20432
19989
18270
16166
14500
11404
7570
4044
317
-3701
-7970
-11739
-15325
-18874
-21539
-23329
-24905
-26409
-27148
-26774
-25955
-25345
-23147
-19178
-16199
-13176
-8266
-3815
-164
4499
8990
12718
16004
18952
20977
21452
21589
21591
20554
18101
15529
12142
8504
5670
1829
-1104
-4238
-7813
-9819
-11768
-13119
-13625
-13500
-13377
-13142
-11912
-10552
-8912
-6715
-4354
-2263
-41
3235
6519
8916
11311
14333
16556
18179
20269
21381
21671
21135
20704
19727
16950
15324
13079
9217
5318
1676
-1796
-6185
-10016
-13606
-17458
-20908
-23609
-24905
-26042
-27138
-27030
-26434
-26251
-24871
-21838
-18414
-14552
-10257
-5919
-1431
3305
7640
11606
15658
18750
20606
22099
22684
22299
21745
20425
17849
14383
10843
7867
4355
433
-2544
-5533
-8955
-11394
-12949
-14167
-14730
-14619
-14043
-13324
-12026
-9923
-7705
-5426
-2876
-343
2034
5016
8353
10949
12772
15187
17665
18538
19472
20272
20024
18956
18224
17320
14228
12035
10076
6678
2769
-1076
-3833
-7903
-12224
-14971
-18138
-21701
-23862
-24600
-25662
-26440
-25769
-24770
-24234
-22585
-19221
-15573
-11713
-7303
-2893
1137
5195
9303
12907
15955
18583
20439
21275
21357
20812
19732
18137
15665
12292
8891
5879
2686
-748
-3821
-6696
-9626
-11862
-12959
-13534
-13818
-13383
-12426
-11386
-9890
-7666
-5354
-3264
-950
1560
3823
6146
8755
10977
12522
13982
15436
16370
16799
17041
16921
16214
15175
14039
12478
10278
7998
5751
2770
-719
-3607
-6290
-9644
-12752
-15121
-17751
-20145
-21033
-21387
-22140
-22082
-21195
-20709
-20048
-18042
-15369
-12633
-9224
-5682
-2513
811
4521
7778
10661
13239
15307
17052
17428
17468
17309
16659
15334
13437
11579
7539
4742
3311
-605
-3399
-4710
-7227
-9740
-10304
-10333
-10343
-9768
-9255
-8195
-7105
-5698
-3340
-1386
40
1688
3255
4763
6582
8408
10017
11382
12499
13200
13753
14476
14600
14069
13582
12952
11692
10065
8547
6537
3790
1355
-1099
-4079
-6803
-9405
-11840
-14030
-16476
-18120
-18999
-20261
-20663
-20381
-20792
-20703
-19664
-18405
-16432
-13416
-10110
-7157
-4266
-516
3176
6038
9483
12898
15002
16297
17564
18225
17814
17324
16447
14817
12086
9201
7668
5128
1934
146
-2308
-5250
-6830
-7701
-8388
-9123
-9417
-9200
-9469
-8786
-6965
-5852
-4652
-3172
-1885
-374
1333
3762
5876
7602
9780
11147
12423
13927
14634
14864
14919
15277
14881
13503
12465
10764
8369
5980
3471
874
-2512
-5491
-7974
-11537
-14848
-17157
-18892
-20903
-22722
-23054
-23531
-24302
-23816
-22448
-21231
-19453
-15875
-11702
-8464
-4761
213
4321
7648
11532
15572
18469
20091
21855
22479
22019
22070
21241
19224
16407
13366
10446
7073
4052
816
-2870
-5861
-8585
-10772
-12174
-13090
-13769
-14322
-14193
-13435
-12278
-10455
-8152
-6140
-4309
-2009
574
2999
5561
8435
10775
12393
14192
15874
16607
16942
17649
17885
16965
15894
14793
12666
9800
7336
4654
988
-2751
-5937
-9024
-12651
-15549
-17921
-20712
-22812
-23951
-24132
-24367
-24148
-22942
-21983
-20694
-18591
-15243
-11254
-7433
-3323
938
5089
8845
12451
16244
19268
21093
22417
22738
22226
21852
20998
19424
16726
12881
9703
6728
2854
-501
-3520
-7150
-10141
-12220
-14019
-15054
-15123
-14795
-14494
-13712
-11867
-10012
-8395
-5662
-3025
-1568
572
3186
4989
7050
9527
11621
13163
14046
15004
15887
15652
15547
15812
14545
12793
11660
9520
6880
4978
2550
-720
-3908
-6705
-9090
-11724
-14336
-15943
-17897
-20226
-20593
-20205
-20587
-19893
-18442
-17724
-16655
-14674
-12119
-9050
-5806
-2365
960
3847
7111
10421
12805
14944
16973
18083
18400
18247
18073
17807
16453
14521
12293
9088
6450
4635
1818
-1129
-3503
-6207
-8624
-10226
-11296
-11883
-12302
-12377
-12102
-11757
-10805
-9174
-7576
-6192
-4681
-2967
-1092
591
2289
4070
5722
7718
9388
10514
11593
12486
12959
13553
14116
13685
13485
12628
10714
9459
7591
5524
3403
455
-2189
-4688
-6624
-8454
-10772
-12732
-14676
-15896
-16452
-16766
-16800
-17031
-16979
-16968
-16644
-15044
-12987
-10945
-7854
-4616
-2264
1299
5446
8218
10739
13598
16249
18151
19068
19749
20149
19678
18879
17349
14671
11897
9365
6471
2970
-444
-3600
-6913
-10055
-12508
-14417
-15916
-16892
-17265
-17240
-17092
-15887
-14282
-12792
-10570
-8238
-5762
-3073
-546
1215
3666
6497
8699
11660
13236
14562
16158
16842
17914
18247
18259
17983
17125
15623
13312
11540
9627
6481
3145
375
-2795
-5880
-8090
-10720
-14049
-16513
-17796
-19265
-20406
-20158
-19665
-19692
-19347
-18210
-16701
-14540
-11130
-7281
-4166
-967
3110
7047
9979
12644
15779
17956
18714
19944
20547
19226
18449
17926
15351
11761
8649
6015
2898
-1075
-4404
-7336
-10860
-13508
-15174
-17164
-18627
-18636
-18285
-18295
-17435
-15496
-13813
-11921
-9252
-6767
-4399
-1390
1856
3974
5464
8261
10859
12261
14651
16673
16882
17647
18801
18709
18069
17873
17547
15751
13612
12291
10215
7614
5171
2091
-873
-3456
-5750
-7437
-9794
-12389
-13933
-15453
-16757
-16884
-16503
-16172
-15956
-15560
-14894
-14202
-12828
-10603
-8277
-5917
-3223
-364
2156
4426
6864
9039
10778
12509
13659
13970
13945
14109
14001
12669
11163
9461
6870
4632
2587
-360
-2962
-5674
-8799
-10548
-12728
-14152
-14488
-15507
-15567
-15565
-14684
-12939
-11576
-10140
-8147
-5630
-3875
-1059
1938
3383
5313
7323
8654
10559
13039
14773
16088
17306
18117
18699
19216
19697
19489
18572
17493
16064
13888
11297
8826
6133
2796
-474
-3215
-6048
-8861
-11187
-13593
-16377
-18443
-19244
-19946
-20708
-20512
-20027
-20060
-19663
-18166
-16309
-14522
-11517
-7620
-5202
-2838
1273
4506
6483
9203
12110
14303
15664
16579
17350
17113
16580
16545
15106
12243
9800
7556
4507
1154
-1736
-5050
-8835
-11652
-13733
-15929
-17360
-17729
-17957
-18336
-17754
-15533
-13886
-11847
-8240
-5582
-2692
1182
4538
7160
9672
12521
14650
16210
17913
19619
20614
20762
21391
21238
20047
19415
18470
16843
14672
12761
10600
7096
4026
1506
-1506
-4831
-7593
-9586
-11813
-13910
-15351
-16782
-18358
-19312
-19315
-18899
-18393
-17866
-17246
-16696
-15854
-14527
-13021
-10568
-7728
-4841
-1912
702
3739
6104
8319
10951
12698
14362
15698
15913
15522
15238
14796
13263
10804
7954
5841
3654
156
-2445
-4775
-8197
-10788
-12535
-14113
-15285
-15544
-14867
-14630
-14101
-12049
-10183
-8366
-5668
-3187
-1152
1148
4367
6100
6849
9473
10989
11192
12366
13371
13748
14509
15440
15946
15772
15822
16339
15335
14383
13667
12376
10797
8207
5918
3496
1470
-772
-3508
-5779
-8659
-10386
-12099
-14542
-15876
-17208
-18606
-18885
-18606
-18448
-17998
-17794
-17409
-16625
-15849
-13715
-10416
-7651
-5054
-2109
316
3235
6624
9290
11619
13919
15468
16027
16634
16835
17211
16720
14952
13221
10368
8157
5779
2576
-426
-4031
-6981
-9901
-12543
-14007
-15141
-16056
-16184
-15847
-15503
-13846
-11658
-9736
-7334
-4948
-2406
535
2929
4988
7196
8894
10304
11564
12248
12698
13489
14682
15539
15809
16072
16295
16121
15561
14802
14019
12979
11313
8817
5879
3547
1715
-610
-3570
-6527
-8612
-10205
-12034
-13395
-14923
-16795
-17281
-17385
-17730
-16761
-15643
-15637
-15531
-15009
-14107
-12825
-11100
-8603
-6565
-4552
-1779
784
3000
4705
6615
8765
10598
12345
13097
13484
14138
14458
14229
13039
11769
10038
7809
6032
3299
574
-1529
-4745
-7746
-9631
-11338
-12601
-13343
-14054
-14452
-13982
-12486
-10723
-9322
-7079
-4360
-2310
134
2685
4636
6358
8007
9017
9631
10383
10506
10867
11181
11435
12657
12910
13091
13991
13846
13707
14019
13870
12927
11836
10504
8541
6902
4848
2786
670
-2197
-4182
-5946
-8185
-10047
-11771
-14121
-16092
-17032
-17614
-17860
-18225
-18227
-18613
-19212
-18305
-17296
-16322
-14427
-11748
-8890
-6828
-4069
-502
1965
4336
7174
9955
12157
13758
15681
16518
16958
18077
18122
17144
15273
13482
11475
8227
5785
3332
-1000
-4916
-7346
-10063
-12435
-13768
-14944
-15665
-15997
-15366
-14025
-13135
-11066
-8631
-7222
-4929
-1746
495
2396
5010
6607
7925
9250
10086
10857
10974
12439
13674
14112
15195
15764
16388
16512
16672
16616
15428
14263
13075
11249
8897
6755
4492
1601
-1396
-3940
-6371
-8930
-10962
-12842
-15215
-17555
-19114
-20120
-20892
-21003
-20469
-20056
-20078
-19869
-19003
-17859
-16579
-14563
-11781
-8970
-6063
-2765
228
2843
5967
9148
11601
14129
16743
18159
18929
20186
20929
20469
19582
18063
15584
13161
10737
7334
3546
-180
-4331
-8149
-10963
-13409
-15569
-17012
-17970
-18337
-17414
-15901
-14607
-12471
-9909
-8040
-5413
-2099
328
2703
5192
7002
8852
10657
11763
12339
12222
12118
12729
12990
13478
14717
14784
14385
14451
13718
13017
12195
10945
10246
8034
5394
4607
2348
-652
-2292
-5011
-7693
-9269
-11169
-12694
-14274
-16179
-17461
-18240
-18246
-18198
-18115
-16883
-16070
-15708
-14303
-13377
-13279
-12676
-11594
-9624
-6536
-3803
-2107
-182
2252
4464
7356
10825
13126
14819
16607
17773
18897
20196
20573
19677
17805
15572
13199
10429
7562
4341
129
-4248
-7879
-10928
-13455
-15242
-16609
-17902
-18456
-17703
-16275
-14472
-12123
-9735
-7539
-4898
-1641
1201
3229
5405
7497
8709
9801
11003
11268
10274
9494
9886
9863
9810
11122
11462
10802
11137
11168
11065
11286
10633
10036
9008
6936
5992
5224
2824
214
-1964
-4133
-5935
-7416
-8831
-10533
-12488
-13910
-15038
-16164
-16524
-16245
-16057
-15376
-14160
-12725
-11935
-12433
-11715
-10949
-11091
-8187
-5277
-3976
-1790
-384
1776
3730
6219
9938
10900
12956
15266
15826
17115
18774
19851
18361
16812
15296
12588
10629
8311
4709
279
-3856
-7329
-10544
-13325
-15229
-16885
-18358
-18583
-17964
-16667
-15078
-13363
-10803
-8467
-6232
-2343
947
2086
4210
6903
7986
9369
11116
11020
10083
9625
9065
8522
8474
8972
9484
9179
8963
9441
9216
8824
9018
8231
7201
6964
6127
5049
3922
2394
1095
-669
-2352
-2774
-3851
-5309
-5706
-7003
-8706
-9567
-10427
-11500
-12280
-12386
-12036
-11541
-11794
-12009
-12799
-13689
-13306
-13522
-12587
-10683
-8712
-6915
-6077
-3727
-701
2036
5045
8007
10728
13279
16082
18470
20203
21184
21314
20713
19039
16706
14783
12051
7903
4432
107
-5303
-8447
-11097
-14400
-16145
-17286
-18184
-18438
-17739
-15624
-14629
-13262
-9350
-7289
-5910
-2437
-510
606
2480
4048
5354
5634
5800
5963
4858
4232
4367
3477
3538
4801
5215
6304
7924
9352
10349
11339
13117
13673
14171
15185
14992
14534
13505
11733
10158
7812
5145
3120
323
-2523
-4391
-6855
-9577
-11946
-14377
-15837
-16696
-17315
-16655
-16263
-16976
-16749
-16748
-17425
-16573
-16050
-15407
-12825
-10016
-7459
-5249
-3012
-315
3211
7111
10380
13323
15950
18440
19968
21191
22980
22948
21213
19432
17122
14438
11416
7598
3589
-1134
-5980
-9792
-14020
-17694
-19683
-21425
-22385
-22387
-21979
-20620
-19072
-16988
-13890
-11500
-8823
-4734
-1532
799
3670
5886
7414
9326
10782
11070
10696
10135
9828
9684
9547
9568
9211
8844
9170
10090
10911
11249
11855
11660
10697
11026
11390
10006
8948
8055
5576
4109
2944
1186
-290
-2565
-3722
-4477
-6113
-6759
-7448
-8714
-9705
-10333
-10416
-10679
-10742
-10418
-11225
-11834
-11604
-12485
-13214
-13645
-14271
-13188
-11757
-10228
-8281
-6853
-4475
-1592
945
3680
7174
10491
12580
14595
16737
18613
19583
19599
18686
16409
14127
12116
8944
5039
1392
-2700
-6922
-10045
-12409
-14648
-16427
-17310
-17845
-17854
-16488
-14604
-12770
-10442
-8243
-6123
-3201
-553
1186
2880
4234
4952
5802
6537
6437
6020
5889
5745
5505
5482
5675
5951
6489
7459
8552
9702
11201
12291
12680
13401
14198
14554
14644
13848
12463
11220
9473
7529
5528
2815
547
-1118
-3794
-5972
-6846
-8732
-10649
-11555
-13005
-14223
-14395
-14853
-15369
-15568
-15488
-15293
-16278
-16538
-16388
-17336
-16842
-15637
-14277
-12063
-9751
-7321
-4257
-1007
2268
6209
9689
13230
16798
19297
21380
23242
24119
23696
22828
20631
18049
15519
11773
8227
4263
-400
-4774
-8966
-12515
-15106
-17189
-19002
-19948
-19858
-19220
-18207
-16269
-13712
-11418
-8848
-5650
-2763
-584
1682
3948
5321
6394
7728
8169
7713
7906
8327
7969
7860
8402
8256
7595
7713
8364
9051
10118
11035
11111
11079
11411
11401
10913
10442
9550
7755
5773
4266
2782
1003
-775
-2554
-4453
-5935
-6734
-7499
-8579
-9576
-10303
-10823
-10961
-10932
-11032
-11159
-11160
-10817
-10264
-9975
-10174
-10731
-11325
-11812
-11726
-10470
-8776
-7162
-5286
-3867
-1877
1311
3912
6468
9444
12008
14415
16733
18015
18942
19902
19528
17823
15572
13826
10689
6724
4589
808
-3796
-6647
-9794
-12911
-15620
-17579
-17728
-17950
-18039
-16006
-14048
-12844
-10495
-7605
-5314
-2964
249
2588
3321
4563
5819
5898
5951
5865
5085
4279
3778
3551
3191
2883
2839
2547
2574
3284
4479
6508
8279
9323
10871
12298
13085
13900
14111
13557
13045
12217
10914
9653
8188
6150
3877
1403
-1154
-3079
-4684
-6594
-8282
-9874
-11699
-12897
-13752
-15040
-16101
-16605
-16974
-17089
-16857
-16667
-16723
-16748
-16646
-16411
-15374
-13307
-10816
-7798
-4281
-1056
2482
6943
10998
14327
17841
21127
23462
24660
24926
24838
24187
22625
20284
16981
13183
9451
5257
770
-3469
-7760
-12059
-16106
-19675
-22141
-23414
-23811
-23309
-22304
-21055
-18862
-15841
-12848
-9440
-5692
-2408
1243
4898
7329
9912
12476
13443
14176
14942
14499
13801
13385
12556
11482
10513
9534
8092
6394
4987
3626
2383
1649
957
296
22
-344
-877
-1278
-1689
-2272
-2579
-2561
-2828
-3254
-3216
-2666
-2575
-2660
-2250
-1886
-1407
-764
144
882
1330
1940
2030
1583
1203
901
134
-736
-1422
-2207
-3462
-5413
-7315
-9465
-11419
-12327
-13026
-13157
-12411
-11387
-9892
-7955
-5699
-3027
-231
2665
5691
8586
10964
12652
14380
15847
16225
16342
15726
13824
11977
9966
7327
4545
1864
-1111
-4380
-6948
-8867
-10698
-12138
-12662
-13055
-13312
-12536
-11533
-10475
-9013
-7233
-5577
-4090
-2219
-804
101
1382
2290
2681
3220
3364
3245
3217
3229
3543
3827
4243
4629
4790
5243
5372
5261
5568
5659
5921
6887
6906
6524
6827
6117
5404
5436
4603
3940
3494
2377
2068
1906
1020
855
692
-142
-338
-216
-374
-256
-199
-673
-1202
-1654
-2318
-3217
-4110
-4989
-6089
-6979
-7622
-8738
-10069
-11115
-12036
-12495
-12475
-12038
-10719
-9063
-7039
-4665
-2524
132
3148
5646
7800
10071
12133
13376
14161
14238
13780
13328
11893
9820
7632
4953
2222
-534
-3236
-5992
-8769
-10874
-12605
-13910
-14211
-14031
-13634
-12638
-11139
-9245
-7166
-4969
-2331
-36
1651
3845
5979
7092
7999
8698
8691
8517
8112
7309
6273
4906
3888
3026
1745
982
457
-487
-961
-1049
-1720
-1834
-1634
-2017
-1416
-475
262
1428
2147
2491
3414
4453
5089
6082
7089
7659
7988
8503
8923
8866
9159
8610
7748
7742
6792
5674
5214
3497
1349
-42
-2325
-4638
-6328
-8810
-11134
-12981
-14993
-16585
-17657
-18649
-19651
-20217
-20183
-19946
-18980
-16903
-14552
-11918
-8747
-5470
-1950
1719
5165
8634
11896
14682
17238
18951
19718
20429
20520
19534
18205
16196
13523
11097
8366
5292
2618
-587
-4123
-6688
-9029
-11073
-11901
-12573
-13361
-13403
-12760
-11658
-10397
-8928
-7219
-6024
-4644
-2524
-1165
-401
851
1637
1764
2307
2811
2500
2192
2318
2106
1979
2573
2880
2670
2843
3087
3105
3481
3861
3545
3073
2970
3149
3692
4361
4636
4566
4557
4791
5155
5533
5888
6072
5960
5669
5907
6419
6078
5630
5419
4452
3839
3792
2892
1692
401
-1264
-2757
-4175
-5467
-6926
-8629
-9824
-11284
-12626
-12798
-13129
-13615
-13937
-14518
-14204
-13698
-13417
-11729
-9916
-8424
-5702
-3136
-1289
1163
3703
5928
8274
10432
12242
13823
14700
14930
15280
15202
14232
13079
11330
9082
7220
4934
2373
179
-2693
-5402
-7199
-9122
-10554
-11336
-12117
-12401
-12152
-11548
-10425
-9315
-7940
-6204
-4722
-2843
-1066
468
1785
2845
3991
4507
5192
5599
5438
5401
5067
4801
4491
4158
3576
2843
2575
2157
1458
991
756
325
-75
-342
-679
-741
-320
325
1046
2073
3267
4203
4859
5561
6318
7104
7883
8238
8218
8170
8043
7790
7126
6028
4869
3473
2108
1124
-109
-1533
-2899
-4723
-6538
-7856
-9267
-10562
-11399
-12289
-13147
-13464
-13523
-13731
-13758
-13521
-13267
-13034
-12444
-11606
-10110
-7674
-5716
-3896
-1692
221
2089
4748
7409
9688
12468
13660
14131
15452
16010
16438
16199
14582
12657
10862
8979
6786
4469
1956
-824
-3492
-5421
-6910
-8292
-8965
-9209
-9593
-9462
-8573
-7619
-6356
-4879
-3765
-2420
-709
651
1671
2417
2844
3253
3410
3156
2783
2002
1026
538
-199
-1336
-2038
-2908
-3943
-4433
-5116
-5450
-4953
-4943
-4832
-4165
-3818
-2899
-1742
-1333
-205
1895
3839
5722
7844
9794
11077
12343
13783
14577
15518
16449
15832
14654
13788
12611
11392
9851
7614
5290
2856
525
-1295
-3605
-6513
-8749
-10768
-13167
-14599
-15205
-16320
-16923
-16770
-17038
-16752
-15512
-14886
-14248
-12712
-11542
-10740
-9683
-8402
-6493
-3720
-1065
1078
3292
5261
7648
10274
12552
14963
16671
17002
17220
18255
17993
17351
16713
13552
10682
8531
5445
2941
257
-3433
-6915
-9723
-11615
-12712
-13711
-14155
-14389
-14255
-12998
-11323
-9595
-7554
-5373
-3340
-868
1560
3585
5116
5962
6782
6883
6684
6136
4759
3179
1271
-304
-1856
-3364
-4704
-6422
-7476
-8333
-9224
-9016
-8642
-8602
-7864
-6560
-5458
-3637
-1706
-421
1159
2351
4097
6552
8926
11591
13370
14485
15574
16735
18111
19102
19378
19021
18217
17223
16531
15564
14010
12040
9188
6415
4296
1832
-461
-2659
-5940
-9079
-11505
-13929
-15787
-17385
-18960
-19643
-19704
-19621
-19315
-18784
-17918
-16840
-15677
-14347
-13041
-11832
-10699
-9293
-7040
-4172
-1434
710
2459
4260
6172
8326
10775
12898
14215
14748
14829
15148
15577
15734
14810
12778
10643
8110
6184
4984
2533
-755
-3435
-6393
-8767
-9048
-9913
-10672
-10861
-11875
-11141
-9769
-8935
-6986
-5379
-4552
-2477
-11
1433
3040
4391
4773
5469
6422
6695
6404
5537
4235
3229
2548
1949
945
-1019
-2468
-3205
-4186
-4389
-4295
-5162
-5915
-5599
-5272
-4447
-2916
-2339
-1736
-748
630
2358
3548
5313
7195
9030
11346
13305
15156
16407
17144
17526
17480
17831
17364
15937
14032
11719
9394
6674
3958
810
-2694
-5640
-8245
-10632
-12810
-14612
-16308
-18003
-18751
-18726
-18775
-18033
-16854
-16226
-14950
-13385
-12102
-10185
-8443
-7295
-6080
-5218
-4668
-4379
-4558
-4189
-2852
-1201
317
1430
2413
3630
5056
6919
9195
11141
12366
12830
12748
12965
13493
13285
11979
10099
8149
6034
4188
2920
755
-1653
-2886
-4806
-6336
-5696
-5889
-6530
-5530
-4677
-3643
-1682
-214
1038
2158
2846
4023
5432
5947
5596
4970
3611
1695
871
234
-1505
-2838
-4153
-6143
-6914
-6685
-6740
-6515
-6068
-5793
-5102
-3725
-2357
-1528
-828
-2
576
1159
1862
2156
1900
1502
1289
1206
1499
1970
1882
1346
1483
2438
3871
5667
6738
7204
7560
8343
9269
9755
10251
9330
7559
6003
4458
3395
2123
278
-2152
-4248
-5547
-6602
-7040
-7350
-8277
-9038
-8730
-8032
-7405
-6702
-6371
-6285
-5557
-4216
-3348
-3119
-3149
-3611
-4301
-4605
-4795
-5607
-6895
-8244
-9594
-10312
-9342
-7576
-6483
-5383
-3561
-1276
1296
4451
7825
10720
13059
14836
15756
16687
17952
17523
16495
14915
12442
10749
8625
6717
4598
1544
-873
-2558
-4357
-5639
-5927
-7214
-7754
-7380
-6901
-5510
-4858
-3916
-2833
-2119
-704
816
1729
1921
1938
1511
1000
1217
895
-483
-1370
-2202
-3186
-3215
-3157
-3258
-3331
-3295
-2900
-2605
-2167
-1692
-2052
-2464
-2179
-2342
-2628
-2696
-3477
-3991
-4269
-4937
-4756
-4127
-3899
-3569
-3247
-2611
-959
1081
2499
3398
4518
5494
6178
7315
8305
8700
8628
7670
6602
6006
5536
5210
4208
2668
1722
861
84
-147
-434
-672
-497
194
1311
1941
2594
3686
4102
4430
5237
5240
4656
4217
2728
1145
37
-2010
-3946
-5866
-8412
-10385
-11906
-13718
-15100
-15991
-16928
-16418
-14593
-12479
-9572
-6755
-4354
-1293
1982
5063
8531
11301
12919
14351
15122
16002
16830
16599
15846
13494
11489
10076
7471
5952
4011
690
-2121
-4415
-6055
-7089
-8085
-9312
-10098
-10474
-10204
-9259
-8568
-7759
-6961
-6307
-5231
-4143
-3286
-2811
-2942
-3004
-2854
-2484
-1985
-1795
-1444
-983
-156
1041
1889
2765
3370
3946
4923
5382
5537
5492
4700
4086
3715
2778
2033
1374
-81
-1504
-2274
-2751
-2910
-2790
-2950
-3385
-3444
-3046
-2329
-1085
429
1757
2934
3905
4684
5530
6160
6546
6978
6893
6285
5946
5317
4251
3660
2655
894
-49
-561
-1302
-1191
-1114
-1759
-1620
-1210
-1055
-79
827
1040
1584
1845
1663
1882
1836
1347
664
-272
-1353
-2203
-3045
-4396
-5594
-6967
-8280
-8849
-9705
-10461
-10654
-11075
-11273
-11011
-10835
-10109
-8389
-6376
-3993
-1790
232
2642
4314
6650
9195
10572
12569
13905
14081
14422
14701
14222
13486
12402
10142
8399
6555
4196
2340
-221
-2827
-4936
-7004
-8348
-9181
-10055
-10417
-10238
-10210
-9658
-8319
-7302
-6063
-4278
-2916
-1224
920
2396
3383
4300
4926
5358
5726
5532
4973
4055
2927
2441
1628
696
293
-791
-1711
-1988
-2659
-3057
-3268
-3967
-4373
-4667
-5003
-4965
-5003
-5147
-5107
-5000
-5051
-4635
-3969
-3862
-3356
-2448
-1846
-946
276
1143
2076
3281
4138
5090
6254
7152
7918
8269
8389
8621
8458
8191
7884
6894
5903
5168
4255
3496
2776
1928
1177
711
694
791
944
1270
1319
1478
2036
2419
2868
3350
3355
3294
3259
2921
2319
1418
135
-1417
-3138
-4688
-6315
-8222
-9698
-11163
-12733
-13630
-14112
-14825
-15072
-14692
-14707
-14080
-12935
-12077
-10470
-8564
-6544
-3912
-1392
915
3523
5857
7970
10269
12013
13444
14503
14802
15127
15155
14620
13922
12430
10606
8977
6897
5104
3490
1026
-1155
-2894
-4875
-5994
-6602
-7603
-8110
-8345
-8657
-8082
-7258
-6545
-5318
-4525
-3571
-1935
-716
636
1866
2491
3190
3769
4119
4445
4582
4266
3886
3598
2974
2698
2446
1798
1514
988
375
294
-126
-788
-1071
-1467
-1929
-1945
-2057
-2395
-2451
-2325
-2015
-1379
-672
-164
80
196
509
985
1442
1758
1650
1179
758
641
716
641
240
-484
-1297
-1785
-2006
-2205
-2572
-3213
-3832
-4212
-4194
-3860
-3754
-3637
-3415
-3262
-2400
-1324
-701
186
691
905
1905
2668
3090
3703
3710
3682
3960
3948
4140
4225
3838
3762
3749
3528
3571
3546
3195
2990
2883
2543
2258
1999
1383
944
706
118
-400
-979
-1829
-2339
-2871
-3450
-3797
-4491
-4996
-5167
-5522
-5422
-5258
-5311
-4925
-4538
-3936
-2974
-2180
-1174
-303
514
1751
2556
3384
4348
4545
4884
5170
4772
4701
4362
3490
2976
2157
1176
613
-302
-1239
-1712
-2498
-3017
-3043
-3456
-3624
-3421
-3447
-3167
-2370
-1923
-1414
-632
-279
409
1203
1827
2481
2732
2950
3029
3016
3130
3016
2630
2099
1494
932
520
63
-424
-1021
-1674
-1948
-2106
-2336
-2339
-2480
-2764
-2561
-2313
-2165
-1856
-1803
-1833
-1594
-1204
-792
-436
-291
-179
-111
147
618
733
834
699
556
525
598
755
314
297
154
34
643
682
692
788
650
849
1375
1552
1518
1484
1085
1112
1389
1340
1280
965
528
445
498
446
231
-154
-554
-937
-933
-873
-1270
-1513
-1657
-1882
-1649
-1253
-1175
-1010
-682
-239
458
1075
1615
2030
2290
2864
3448
3896
4306
4408
4510
4668
4859
4984
4865
4633
4135
3762
3418
2604
1864
996
-288
-1186
-2068
-3389
-4295
-5354
-6634
-7218
-7951
-8742
-9067
-9547
-9803
-9616
-9415
-9049
-8499
-7846
-7050
-5942
-4533
-3275
-1847
-220
911
2273
3769
4530
5573
6516
6611
7034
7303
6878
6779
6541
5736
5374
4861
3858
3434
2861
1921
1586
1177
455
204
-61
-481
-517
-517
-615
-575
-450
-418
-305
-134
-111
-119
-284
-394
-543
-816
-933
-1139
-1392
-1583
-1675
-1707
-1716
-1578
-1453
-1396
-1224
-1007
-884
-650
-432
-418
-246
10
218
519
777
978
1206
1468
1867
2113
2258
2490
2459
2563
2836
2812
2846
2797
2542
2482
2429
2244
1983
1583
1117
645
257
-109
-686
-1280
-1754
-2261
-2521
-2586
-2872
-3089
-3161
-3302
-3241
-3059
-3037
-3039
-2995
-2942
-2846
-2639
-2422
-2329
-2150
-1893
-1676
-1311
-951
-741
-549
-374
-186
3
195
392
469
565
804
1006
1208
1466
1529
1544
1656
1645
1716
1794
1592
1520
1430
1201
1336
1410
1278
1409
1406
1313
1543
1621
1484
1469
1273
1015
942
785
593
357
151
71
-133
-104
-61
-305
-184
-162
-371
-184
-168
-353
-226
-261
-415
-325
-391
-488
-429
-526
-646
-693
-868
-1091
-1247
-1566
-1940
-2140
-2470
-2731
-2700
-2867
-2935
-2679
-2615
-2309
-1684
-1343
-809
-113
266
913
1660
2017
2553
3084
3251
3626
3965
3949
4026
3929
3557
3346
2969
2431
1987
1310
586
29
-663
-1284
-1786
-2393
-2829
-3101
-3332
-3429
-3426
-3378
-3246
-2990
-2696
-2331
-1951
-1558
-1038
-595
-76
577
1003
1534
2156
2457
2970
3498
3610
3975
4201
4010
4125
4061
3610
3418
3007
2262
1816
1189
338
-273
-1048
-1889
-2467
-3074
-3673
-4062
-4418
-4711
-4795
-4771
-4677
-4496
-4215
-3853
-3444
-2953
-2359
-1865
-1344
-691
-254
269
873
1141
1453
1857
1910
2039
2350
2160
2114
2164
1793
1778
1723
1469
1482
1309
1153
1233
1178
1204
1341
1271
1298
1468
1483
1625
1859
1806
1820
1988
1909
1917
2003
1750
1518
1326
913
601
265
-318
-837
-1360
-1950
-2379
-2802
-3295
-3679
-4054
-4352
-4409
-4405
-4398
-4232
-4042
-3796
-3285
-2760
-2252
-1629
-1126
-590
112
689
1236
1805
2101
2378
2723
2838
2982
3072
2877
2746
2577
2270
2125
1900
1538
1312
1027
804
730
577
525
470
330
405
489
503
681
735
714
879
944
977
1096
1041
930
862
729
611
456
220
-8
-363
-684
-940
-1324
-1636
-1984
-2413
-2713
-3017
-3246
-3422
-3666
-3764
-3936
-4029
-3805
-3804
-3596
-3181
-3104
-2662
-2080
-1722
-1071
-431
-18
567
1180
1655
2174
2648
2943
3138
3436
3622
3638
3824
3743
3489
3517
3331
3067
3037
2747
2380
2265
2008
1757
1688
1431
1137
1025
828
681
662
453
239
114
-152
-275
-349
-666
-870
-1131
-1578
-1728
-1962
-2351
-2470
-2791
-3097
-3021
-3128
-3125
-2864
-2877
-2676
-2222
-2004
-1537
-986
-748
-276
263
575
1054
1518
1682
1898
2162
2187
2247
2323
2089
1860
1664
1270
982
713
250
-101
-436
-863
-1066
-1285
-1574
-1628
-1775
-1887
-1733
-1750
-1726
-1531
-1540
-1423
-1169
-1107
-912
-680
-649
-412
-178
-96
212
391
426
696
783
812
1092
1102
1099
1325
1218
1209
1398
1206
1183
1320
1079
1117
1277
1067
1179
1297
1129
1288
1380
1302
1444
1510
1475
1578
1655
1623
1620
1593
1445
1280
1128
883
594
292
-75
-459
-832
-1191
-1553
-1916
-2206
-2464
-2707
-2837
-2920
-2990
-2950
-2878
-2772
-2551
-2353
-2158
-1851
-1615
-1401
-1075
-863
-681
-392
-238
-84
161
259
351
486
518
563
633
669
715
732
748
761
743
772
752
664
658
612
517
531
457
306
289
197
74
109
48
-5
68
38
73
209
252
378
567
690
863
1069
1205
1287
1364
1365
1273
1228
1082
824
648
341
-18
-254
-607
-959
-1177
-1499
-1747
-1831
-2012
-2042
-1944
-1955
-1747
-1476
-1295
-864
-483
-168
391
765
1110
1636
1852
2083
2385
2366
2438
2508
2329
2285
2168
1888
1773
1529
1204
1010
691
400
211
-79
-314
-499
-783
-1008
-1186
-1453
-1664
-1838
-2104
-2292
-2431
-2626
-2728
-2797
-2924
-2944
-2883
-2858
-2707
-2483
-2307
-2003
-1645
-1333
-895
-428
-37
469
947
1308
1748
2084
2286
2543
2686
2728
2796
2764
2669
2555
2360
2161
1910
1638
1420
1118
846
647
328
83
-95
-419
-628
-780
-1089
-1237
-1354
-1608
-1670
-1712
-1852
-1785
-1722
-1712
-1488
-1293
-1122
-764
-482
-221
177
488
779
1168
1440
1667
1946
2073
2143
2240
2186
2081
1982
1767
1519
1280
957
623
320
-36
-356
-582
-861
-1083
-1210
-1437
-1555
-1591
-1765
-1759
-1765
-1922
-1856
-1859
-1922
-1782
-1717
-1664
-1471
-1312
-1126
-852
-612
-335
-48
246
593
900
1244
1553
1784
2056
2230
2344
2474
2462
2402
2344
2151
1961
1751
1417
1115
786
381
82
-218
-560
-772
-1001
-1237
-1317
-1433
-1551
-1511
-1536
-1565
-1455
-1434
-1402
-1270
-1270
-1232
-1127
-1162
-1110
-1020
-1068
-996
-920
-941
-813
-728
-702
-522
-395
-275
-32
133
306
578
737
934
1187
1303
1499
1652
1679
1787
1811
1753
1770
1685
1539
1477
1299
1110
1005
771
571
431
185
11
-109
-313
-424
-484
-617
-641
-627
-697
-670
-634
-687
-626
-577
-621
-532
-480
-509
-391
-333
-317
-150
-86
-54
110
144
173
331
354
382
494
464
476
532
428
364
323
148
33
-68
-275
-391
-533
-749
-857
-1012
-1185
-1237
-1325
-1385
-1340
-1311
-1231
-1093
-963
-765
-557
-355
-100
117
319
549
714
860
1006
1066
1112
1158
1112
1069
1023
875
769
679
496
398
310
124
62
-8
-163
-156
-182
-264
-178
-175
-214
-106
-122
-134
-9
-31
6
149
136
220
345
315
396
457
401
474
481
410
472
419
320
341
212
69
20
-168
-312
-382
-569
-667
-718
-871
-892
-898
-985
-921
-877
-874
-705
-602
-526
-292
-181
-77
191
280
398
643
658
749
911
849
900
934
821
804
701
573
478
273
148
4
-235
-314
-468
-691
-700
-832
-954
-878
-924
-920
-783
-702
-607
-404
-201
-85
147
368
437
654
816
810
971
1007
901
970
841
636
601
330
75
-29
-361
-597
-715
-1017
-1138
-1170
-1341
-1304
-1205
-1234
-1073
-883
-800
-527
-276
-144
160
399
515
779
942
989
1182
1238
1205
1318
1241
1125
1145
961
814
779
549
413
331
86
-24
-143
-373
-443
-571
-749
-765
-865
-948
-898
-947
-939
-836
-834
-740
-574
-501
-323
-120
-11
201
393
495
697
844
898
1039
1105
1093
1166
1145
1071
1066
937
791
702
484
300
168
-79
-243
-373
-599
-709
-831
-1005
-1036
-1136
-1254
-1237
-1317
-1358
-1281
-1311
-1245
-1092
-1070
-924
-733
-651
-452
-256
-141
56
237
330
479
623
649
740
823
777
840
869
766
795
744
591
615
526
380
421
297
181
245
125
84
173
56
55
136
31
67
133
18
66
111
1
54
63
-54
5
-4
-108
-26
-40
-109
1
-20
-55
77
50
50
188
143
165
272
179
186
217
70
61
28
-148
-167
-250
-422
-424
-512
-641
-600
-668
-726
-627
-652
-624
-460
-435
-318
-106
-44
124
324
360
513
646
625
732
786
710
765
722
562
538
397
181
121
-66
-280
-332
-536
-708
-718
-881
-939
-863
-959
-893
-746
-786
-602
-422
-434
-185
-35
-52
211
306
279
526
554
499
680
615
520
625
509
417
473
341
277
301
172
158
172
63
95
103
34
108
113
82
170
154
139
211
167
149
190
125
106
127
53
39
49
-32
-33
-39
-120
-101
-125
-195
-163
-207
-256
-202
-243
-246
-167
-203
-172
-100
-159
-122
-83
-151
-102
-92
-160
-115
-132
-189
-142
-171
-208
-164
-199
-216
-168
-198
-194
-157
-188
-172
-138
-142
-103
-52
-39
8
61
70
121
174
181
241
276
276
332
330
308
334
295
273
265
201
190
165
100
87
43
-28
-40
-93
-160
-160
-174
-221
-187
-139
-203
-116
-59
-139
-2
20
-24
114
125
105
211
216
203
299
269
280
333
268
294
285
214
230
171
90
105
21
-48
-21
-115
-162
-142
-240
-271
-255
-338
-336
-310
-379
-356
-338
-394
-355
-330
-349
-284
-241
-231
-148
-97
-75
14
62
80
162
197
207
272
286
290
326
300
278
280
220
180
153
75
31
0
-61
-84
-113
-163
-165
-179
-200
-175
-165
-154
-108
-77
-40
16
46
85
127
127
140
152
114
103
90
39
27
-3
-53
-49
-87
-125
-94
-121
-130
-77
-83
-53
12
18
78
145
154
225
274
272
325
336
310
338
298
231
233
140
72
54
-59
-108
-155
-251
-284
-310
-373
-381
-368
-411
-371
-332
-335
-253
-203
-172
-74
-23
18
105
127
150
204
190
197
216
178
169
162
108
85
53
-13
-41
-83
-139
-149
-167
-187
-158
-151
-144
-100
-89
-68
-7
13
46
108
112
142
184
171
196
217
187
204
200
157
161
132
81
76
37
-9
-16
-57
-95
-94
-122
-141
-128
-152
-168
-153
-170
-165
-129
-138
-117
-83
-93
-57
-22
-26
19
44
38
86
91
86
135
122
133
180
159
185
212
178
200
197
160
183
164
132
150
109
79
78
21
-12
-33
-101
-138
-159
-213
-235
-238
-284
-298
-294
-330
-320
-298
-307
-272
-232
-216
-163
-112
-85
-21
24
53
117
141
165
214
211
224
251
213
211
207
140
130
112
52
58
47
-5
9
-6
-52
-19
-34
-61
-17
-37
-48
2
-23
-22
23
-12
-1
37
-6
19
36
-13
12
10
-41
-6
-16
-47
6
-3
-8
48
30
34
72
38
42
54
12
14
10
-31
-24
-32
-62
-41
-46
-71
-46
-51
-70
-29
-26
-31
27
24
27
87
66
70
118
74
82
119
62
78
94
19
44
38
-36
-5
-31
-95
-55
-91
-132
-84
-124
-137
-85
-123
-106
-60
-99
-68
-32
-68
-23
2
-31
26
38
18
76
76
51
97
81
55
93
66
44
74
41
20
33
-12
-38
-39
-87
-107
-104
-147
-145
-134
-164
-139
-119
-131
-79
-49
-41
32
62
80
152
168
183
242
237
242
276
241
228
230
164
134
112
30
-1
-31
-110
-128
-155
-215
-211
-225
-262
-230
-226
-232
-174
-156
-138
-62
-39
-4
69
84
116
170
159
178
201
169
176
178
133
136
121
69
69
40
-12
-9
-45
-80
-67
-98
-116
-98
-125
-128
-108
-126
-113
-87
-95
-70
-42
-43
-13
11
11
37
56
51
73
82
71
91
88
72
86
69
49
56
26
7
8
-29
-43
-43
-78
-78
-73
-95
-78
-68
-75
-46
-35
-39
-9
-4
-5
26
34
41
74
72
71
88
71
60
68
40
30
33
2
-4
-7
-43
-48
-57
-88
-81
-84
-99
-78
-80
-78
-52
-48
-31
-8
-5
10
19
17
31
35
33
41
38
35
41
37
40
43
44
47
52
56
59
63
62
57
59
54
49
57
54
49
55
40
32
30
5
-7
-19
-44
-51
-62
-78
-80
-86
-90
-83
-83
-76
-71
-70
-66
-68
-60
-52
-47
-32
-28
-24
-9
-10
0
16
18
35
49
50
65
66
56
63
55
45
55
40
41
44
30
36
26
17
5
-6
-19
-32
-35
-48
-51
-51
-59
-54
-52
-51
-42
-32
-29
-14
-2
2
17
23
22
30
27
21
23
15
8
11
1
-1
-1
-8
-9
-8
-11
-6
-1
1
8
14
18
24
33
38
45
52
54
58
60
51
50
41
28
25
14
5
3
-8
-15
-20
-33
-41
-50
-62
-68
-74
-76
-74
-72
-63
-57
-49
-39
-31
-19
-9
0
13
18
24
30
29
31
33
28
29
26
20
19
14
9
9
5
2
2
0
0
1
2
3
5
7
6
10
10
6
8
7
3
3
3
-2
1
3
-2
4
5
-1
6
1
-5
1
-7
-12
-7
-17
-19
-18
-29
-25
-26
-32
-24
-26
-25
-17
-16
-13
-3
-2
4
15
21
31
43
49
57
67
67
69
71
63
59
56
43
39
32
16
11
1
-15
-19
-32
-47
-49
-57
-64
-61
-66
-67
-60
-64
-64
-57
-60
-55
-45
-45
-38
-29
-31
-24
-18
-22
-17
-12
-14
-4
3
4
20
29
32
48
54
55
67
66
62
70
63
58
62
51
46
47
32
27
25
9
5
3
-10
-8
-11
-23
-18
-21
-28
-19
-20
-20
-7
-9
-11
-2
-10
-15
-12
-23
-24
-18
-28
-24
-17
-26
-20
-16
-23
-13
-7
-12
3
5
1
14
12
9
19
16
16
24
18
20
26
18
18
20
11
15
16
10
16
17
12
18
16
10
15
8
0
1
-10
-18
-20
-31
-40
-42
-55
-60
-61
-70
-69
-65
-67
-58
-49
-48
-37
-29
-26
-13
-5
0
16
24
31
46
52
58
67
68
70
73
68
66
65
54
52
48
38
35
32
23
20
16
8
5
1
-6
-8
-12
-19
-20
-25
-30
-31
-35
-37
-34
-34
-33
-26
-25
-22
-16
-17
-16
-10
-11
-9
-1
-2
3
10
8
13
14
8
9
7
-1
1
-1
-8
-4
-7
-11
-5
-5
-8
0
-3
-2
5
2
5
12
7
11
12
5
7
3
-5
-3
-6
-13
-9
-14
-17
-13
-17
-16
-10
-13
-8
-2
-5
-2
0
-6
-3
-2
-3
4
7
9
19
19
18
21
19
18
23
20
22
28
26
29
32
28
28
27
20
19
14
7
4
-2
-11
-13
-20
-26
-28
-34
-35
-34
-36
-34
-30
-32
-29
-26
-24
-18
-12
-8
-1
5
8
14
14
16
19
19
17
17
13
8
6
0
-2
-4
-5
-4
-2
-3
-3
-3
-6
-7
-6
-8
-6
-4
-2
1
3
2
5
2
1
5
0
4
10
5
8
10
2
4
3
-3
1
1
-2
0
-3
-5
-6
-8
-7
-8
-9
-10
-10
-10
-10
-10
-8
-6
-3
0
2
5
8
11
14
17
19
21
23
22
22
21
19
18
16
13
10
6
2
-1
-5
-8
-11
-12
-12
-12
-12
-12
-12
-14
-14
-12
-11
-10
-10
-7
-6
-5
-5
-3
-2
-1
0
1
1
1
1
0
-1
-3
-4
-4
-4
-3
-2
-1
-2
-3
-5
-6
-6
-6
-4
-1
2
7
10
12
12
12
13
14
14
15
15
16
16
15
14
12
11
7
5
3
-1
-2
-4
-5
-6
-7
-9
-10
-13
-14
-16
-17
-17
-17
-16
-13
-12
-9
-5
-2
0
1
0
1
2
2
2
2
1
1
0
-1
-1
-1
-1
-1
-1
-1
-3
-4
-6
-5
-4
-3
-2
0
0
1
2
4
4
5
6
7
7
7
5
7
6
7
8
9
9
9
10
11
11
12
10
9
6
4
2
1
-3
-4
-7
-9
-12
-13
-14
-13
-12
-11
-10
-11
-9
-8
-5
-3
-1
0
0
1
1
2
3
5
6
5
4
3
1
1
0
-1
-1
-1
0
1
2
2
2
1
3
3
4
5
5
4
4
2
2
1
-2
-3
-3
-5
-5
-6
-5
-6
-5
-5
-6
-7
-6
-5
-6
-4
-3
-3
-2
-3
-2
-1
-1
-2
1
1
1
2
0
1
1
2
1
3
4
7
7
7
8
8
9
9
8
9
8
7
6
4
4
3
2
2
0
0
1
0
1
-1
0
1
0
0
-1
-2
-3
-5
-5
-5
-6
-6
-5
-5
-4
-4
-4
-4
-4
-4
-4
-6
-6
-7
-8
-7
-7
-6
-8
-9
-9
-8
-7
-6
-6
-5
-6
-4
-3
0
2
5
6
8
10
9
11
10
10
10
10
10
8
9
9
8
7
6
4
3
2
1
0
0
0
2
2
3
4
4
5
4
3
1
0
-1
-2
-2
-2
-3
-4
-3
-2
-3
-4
-4
-4
-4
-4
-4
-4
-4
-4
-3
-2
-1
0
1
0
3
3
4
5
3
3
2
1
2
1
0
0
-1
-1
-1
-1
-2
-1
-1
-2
-1
-2
-2
-3
-3
-4
-4
-5
-5
-6
-6
-6
-6
-5
-5
-4
-3
-2
-1
0
0
0
0
0
0
1
2
3
4
5
5
5
5
4
3
3
3
4
6
5
5
5
5
5
5
5
5
4
4
3
2
2
1
-1
-2
-2
-3
-3
-2
-1
-1
0
0
0
-1
2
1
0
1
2
2
2
2
1
2
1
2
0
0
0
0
-1
-4
-4
-6
-4
-3
-4
-3
-4
-4
-6
-5
-6
-7
-8
-8
-8
-7
-7
-5
-7
-5
-4
-3
-3
-3
-2
-1
-1
0
0
2
2
3
4
5
5
6
6
6
6
6
4
4
4
3
3
3
3
3
3
4
2
1
2
1
1
1
1
1
2
2
3
3
5
4
5
6
6
5
6
6
6
6
5
4
2
1
0
-1
-2
-4
-4
-5
-6
-8
-7
-9
-7
-7
-6
-5
-5
-5
-5
-6
-4
-5
-3
-3
-2
-1
0
1
1
-1
-2
-2
-1
-2
-1
0
1
1
1
1
1
1
1
1
0
0
0
1
-1
0
1
1
1
1
1
1
-1
0
-1
0
0
0
0
0
-1
0
1
0
0
1
2
1
2
2
2
2
2
3
3
2
2
2
2
2
2
2
1
2
1
-1
-1
-2
-1
-1
-1
-1
-1
-2
-2
-3
-3
-3
-2
-3
-2
0
0
0
1
2
3
3
3
2
2
2
1
1
0
-1
-1
-2
-3
-3
-3
-2
-2
-2
-2
-2
-3
-3
-3
-3
-2
-1
1
1
2
2
2
2
3
2
2
1
3
2
2
2
2
1
1
1
0
0
-1
0
-1
-1
-1
0
-1
-1
-1
0
-1
-1
1
-1
0
0
0
0
0
0
-2
-1
0
-1
-1
-1
0
-1
0
0
0
-1
0
0
1
0
1
2
1
-1
0
0
0
0
1
2
2
2
1
2
2
3
3
3
3
3
2
2
1
1
1
-1
-3
-3
-2
-2
-1
-1
-1
-1
-3
-2
-2
-3
-2
-2
-1
-2
0
0
0
0
0
1
0
-1
-2
-4
-3
-2
-2
-2
-2
-3
-2
-2
-1
-1
-2
-2
-3
0
-1
0
0
0
1
2
2
2
2
2
2
3
3
4
4
5
5
5
5
4
4
3
3
1
3
1
