SAMPLES:	13055
BITSPERSAMPLE:	16
CHANNELS:	1
SAMPLERATE:	16000
NORMALIZED:	FALSE
-1
-1
0
0
0
-1
0
0
0
0
0
0
-1
-1
-2
0
0
0
0
-1
0
-1
1
-1
1
0
0
0
0
1
1
0
2
1
0
3
-3
3
-3
1
-1
1
0
0
0
0
0
1
0
0
0
1
1
0
0
0
0
0
0
0
0
1
1
1
0
0
-1
0
-1
-1
-1
-1
0
0
0
0
0
0
0
0
0
0
0
0
0
0
0
0
0
0
0
0
0
1
1
1
0
-1
0
0
0
0
-1
-1
0
-2
-2
0
0
0
0
0
1
0
-1
0
0
1
1
1
1
1
1
0
1
1
1
1
2
1
0
0
0
0
-1
0
0
-1
-1
-1
-1
-1
-1
-2
0
0
-1
1
-1
0
1
-1
1
0
0
2
-4
3
-3
2
-1
1
0
0
0
0
0
0
0
0
0
0
1
0
-1
0
0
0
0
-1
0
0
0
0
0
0
-1
0
0
-1
0
0
0
-1
1
0
0
0
0
0
0
1
1
1
1
1
1
1
0
0
-1
0
0
0
0
0
0
0
0
0
1
0
-1
-1
-1
-1
-1
0
0
0
0
0
1
0
0
0
0
0
0
0
0
0
-1
0
0
1
0
0
0
0
0
0
0
1
0
0
0
0
0
0
-1
0
2
-1
1
0
-1
1
-1
0
1
-2
1
0
-1
2
-4
3
-3
1
0
0
-1
0
1
0
0
-1
0
0
0
1
-1
0
0
0
0
1
0
0
0
0
0
0
0
0
0
1
1
2
2
1
1
1
0
0
1
0
0
0
0
0
1
0
0
1
0
1
-1
0
0
0
0
0
0
0
0
-1
0
-1
-1
0
0
-1
-1
-1
-1
-1
-1
-1
-1
-2
-1
-2
0
0
0
0
0
0
-1
0
0
0
0
0
0
0
0
0
0
0
-1
-1
-1
-1
-1
-1
1
1
0
-1
1
0
1
1
1
2
1
1
2
0
2
1
0
3
-2
4
-1
2
-1
0
0
0
1
0
0
0
0
0
0
0
-1
-1
0
0
0
0
0
-1
-1
0
0
0
-1
1
0
0
-1
0
0
0
0
-1
-1
-1
-1
-1
-1
-1
-1
-1
-1
0
0
1
0
0
-1
0
0
0
0
0
0
1
0
0
-1
-1
0
0
-1
-1
-2
-1
-1
-1
-1
-1
0
-1
0
1
0
1
0
0
0
0
0
0
0
1
1
1
1
1
2
3
2
2
2
2
2
2
1
1
2
1
2
1
1
1
1
1
0
0
0
0
0
0
-1
-1
-2
-1
-1
-1
-1
1
0
0
-1
-1
-1
-1
-1
-1
0
0
-1
1
-1
0
0
0
0
0
0
0
0
0
-1
0
0
0
0
1
-1
-1
-1
-1
-1
-1
-1
0
0
0
0
-1
0
0
0
0
1
1
0
1
0
0
0
1
1
1
1
2
2
2
1
1
1
1
2
2
2
2
1
-1
0
0
0
0
0
-1
0
-1
0
1
0
0
1
0
-1
-2
-1
-2
-1
-1
0
-1
0
1
-1
0
0
0
0
-1
0
1
0
-1
1
1
0
1
-1
0
0
1
0
0
-1
1
0
0
1
0
0
0
-1
0
-1
-1
-1
-1
1
0
-1
0
-1
0
1
0
1
-1
0
1
0
1
1
1
1
0
1
0
0
0
0
0
0
0
0
0
-1
0
1
0
1
0
-1
0
0
1
0
0
0
0
0
0
-1
0
-1
0
0
0
0
0
0
0
1
0
1
0
0
0
0
0
-1
-1
-1
-1
-1
-1
-2
-1
-1
-1
-1
-1
-1
0
-1
-1
0
0
1
0
0
0
0
0
0
1
1
1
0
1
2
1
1
0
1
0
2
1
1
2
0
1
1
-1
1
0
-2
4
-3
4
-3
1
-1
0
0
1
0
0
0
-1
0
0
-1
0
0
1
0
1
0
0
-1
-1
-2
-1
-1
0
0
-1
-1
-1
-1
-1
-1
0
0
0
1
1
1
1
1
1
2
2
2
2
2
2
1
1
1
1
0
0
0
1
0
0
0
1
0
0
0
0
0
0
0
0
1
1
0
0
1
-1
-1
-1
-1
-1
0
-1
-1
-2
0
0
-1
-1
0
0
0
0
0
2
1
2
1
1
1
2
1
0
1
1
2
1
1
0
1
0
-2
0
-1
0
0
-2
0
0
-1
4
-4
3
-3
1
-2
-2
0
-1
0
0
0
1
0
0
0
0
0
1
0
0
1
1
0
0
0
0
0
0
0
0
0
1
0
-1
0
0
0
0
0
0
0
0
0
0
1
0
1
1
1
0
0
0
0
0
0
0
0
0
0
0
0
-1
1
1
1
0
1
0
1
1
1
1
1
1
1
0
1
0
1
0
0
0
0
1
1
0
-1
0
1
-1
0
0
0
0
0
0
0
0
0
0
0
0
0
1
-1
0
0
-1
0
0
-1
1
-2
0
0
-1
1
0
-1
2
-4
3
-2
2
-1
0
1
0
0
0
0
0
0
0
0
0
0
0
0
0
0
1
0
1
0
-1
-1
-1
0
0
0
0
0
0
0
-1
0
0
1
-1
0
1
0
0
0
0
0
0
0
-1
0
0
0
0
0
0
0
0
0
0
0
0
0
0
0
0
0
0
0
0
0
0
1
0
1
0
0
0
1
0
0
-1
1
0
-1
-1
-1
-3
-2
-3
-3
-3
-4
-2
-2
-1
-1
0
0
0
0
1
0
0
1
-1
0
0
0
0
0
1
0
1
2
0
0
0
1
-1
0
0
0
-2
-1
-1
-1
-2
0
1
1
0
2
3
3
4
6
8
10
12
13
15
17
21
25
28
32
35
38
39
39
39
39
36
33
32
32
28
27
24
21
18
14
11
8
4
1
-2
-5
-8
-8
-11
-13
-15
-17
-19
-23
-26
-29
-33
-34
-36
-40
-43
-47
-51
-57
-64
-71
-78
-86
-94
-103
-108
-116
-120
-123
-127
-129
-129
-128
-126
-123
-119
-113
-107
-100
-92
-84
-74
-64
-54
-43
-34
-24
-14
-5
1
10
18
28
38
47
55
62
69
76
82
86
89
92
93
98
102
106
110
117
123
131
139
146
157
169
182
197
216
241
267
296
331
367
406
446
485
527
562
590
616
636
643
640
629
605
570
530
487
433
371
302
224
135
46
-42
-133
-230
-329
-429
-533
-646
-759
-889
-1049
-1231
-1418
-1610
-1802
-1991
-2167
-2326
-2455
-2544
-2602
-2630
-2616
-2561
-2473
-2353
-2205
-2036
-1856
-1666
-1466
-1261
-1056
-849
-639
-433
-231
-35
156
333
493
636
763
875
967
1045
1111
1166
1207
1231
1242
1244
1240
1235
1232
1231
1225
1219
1220
1219
1223
1234
1252
1276
1303
1339
1388
1444
1504
1572
1647
1728
1809
1891
1978
2062
2145
2238
2332
2420
2494
2556
2602
2622
2611
2569
2494
2391
2262
2102
1912
1695
1448
1170
857
519
170
-197
-582
-983
-1386
-1792
-2214
-2652
-3081
-3493
-3894
-4273
-4610
-4904
-5160
-5370
-5525
-5641
-5716
-5740
-5713
-5638
-5517
-5347
-5114
-4844
-4530
-4172
-3785
-3375
-2958
-2511
-2051
-1599
-1141
-697
-259
162
567
961
1328
1675
1993
2285
2544
2772
2969
3131
3269
3371
3446
3492
3507
3509
3477
3427
3350
3252
3150
3029
2907
2778
2647
2531
2427
2344
2274
2220
2182
2162
2158
2172
2200
2243
2298
2358
2432
2510
2593
2681
2763
2836
2899
2944
2962
2954
2913
2834
2717
2559
2353
2096
1792
1423
995
522
14
-534
-1107
-1695
-2301
-2922
-3540
-4154
-4751
-5324
-5872
-6372
-6807
-7182
-7496
-7728
-7879
-7942
-7926
-7817
-7622
-7356
-6997
-6571
-6087
-5547
-4963
-4334
-3691
-3028
-2365
-1702
-1050
-430
159
706
1207
1661
2055
2400
2689
2927
3110
3242
3332
3376
3385
3353
3296
3226
3139
3047
2944
2843
2744
2634
2538
2445
2375
2328
2292
2283
2275
2296
2319
2352
2397
2432
2485
2536
2600
2688
2775
2877
2980
3096
3222
3347
3473
3598
3714
3817
3894
3957
4001
4027
4022
3970
3886
3749
3566
3324
3022
2675
2263
1804
1290
732
128
-532
-1215
-1933
-2656
-3390
-4131
-4852
-5559
-6212
-6814
-7358
-7823
-8224
-8537
-8770
-8915
-8962
-8914
-8760
-8512
-8170
-7741
-7238
-6669
-6050
-5391
-4698
-3982
-3260
-2550
-1856
-1183
-536
62
607
1097
1540
1919
2236
2510
2728
2884
2983
3042
3056
3049
3031
2985
2917
2849
2785
2717
2653
2605
2563
2537
2540
2561
2599
2655
2727
2810
2900
2997
3095
3197
3304
3406
3520
3638
3752
3873
3989
4095
4210
4316
4416
4514
4595
4654
4698
4721
4723
4703
4648
4553
4416
4235
4014
3752
3445
3083
2656
2164
1603
974
284
-457
-1250
-2085
-2955
-3839
-4726
-5605
-6463
-7285
-8061
-8782
-9440
-10015
-10492
-10868
-11123
-11245
-11237
-11098
-10819
-10401
-9867
-9235
-8500
-7676
-6787
-5842
-4854
-3851
-2858
-1887
-948
-68
735
1459
2094
2636
3089
3458
3741
3931
4037
4067
4029
3946
3827
3676
3500
3314
3140
3004
2900
2824
2785
2807
2881
2979
3120
3317
3544
3779
4029
4291
4541
4785
5027
5255
5465
5642
5780
5876
5929
5953
5952
5917
5847
5746
5623
5476
5292
5083
4861
4610
4335
4039
3718
3364
2972
2553
2104
1613
1081
515
-98
-768
-1479
-2228
-3029
-3878
-4752
-5641
-6541
-7418
-8238
-9005
-9720
-10361
-10919
-11396
-11762
-11989
-12066
-11989
-11764
-11392
-10891
-10276
-9541
-8695
-7762
-6765
-5720
-4650
-3587
-2538
-1513
-556
305
1067
1717
2255
2703
3064
3324
3467
3504
3441
3308
3137
2932
2708
2489
2271
2080
1942
1851
1814
1831
1891
2016
2225
2510
2876
3302
3740
4180
4609
5033
5455
5868
6261
6612
6904
7173
7393
7544
7638
7662
7606
7513
7407
7285
7144
6972
6725
6420
6081
5695
5309
4929
4481
3968
3416
2814
2174
1501
783
-2
-868
-1785
-2709
-3650
-4620
-5640
-6715
-7813
-8870
-9823
-10650
-11378
-12041
-12647
-13163
-13535
-13711
-13667
-13431
-13039
-12500
-11811
-10969
-9994
-8912
-7777
-6628
-5458
-4249
-3001
-1748
-546
542
1471
2238
2880
3423
3883
4255
4505
4612
4581
4424
4176
3874
3543
3199
2858
2538
2258
2055
1948
1910
1909
1948
2058
2281
2669
3221
3860
4468
4981
5421
5864
6354
6892
7410
7825
8115
8317
8468
8591
8648
8595
8410
8134
7872
7692
7550
7333
6942
6361
5687
5052
4532
4083
3584
2930
2143
1313
532
-208
-998
-1920
-2964
-4034
-5024
-5915
-6806
-7826
-9025
-10309
-11473
-12369
-13007
-13521
-14045
-14581
-15004
-15140
-14916
-14421
-13799
-13122
-12353
-11368
-10096
-8615
-7131
-5827
-4703
-3616
-2385
-957
518
1793
2704
3273
3700
4168
4699
5143
5314
5165
4817
4477
4263
4110
3835
3336
2692
2129
1850
1892
2119
2330
2415
2453
2635
3117
3883
4761
5536
6114
6582
7100
7758
8478
9067
9394
9479
9493
9618
9871
10095
10095
9794
9320
8884
8617
8473
8248
7765
7018
6174
5432
4858
4330
3657
2741
1670
639
-221
-973
-1776
-2822
-4095
-5445
-6701
-7761
-8762
-9833
-11076
-12390
-13539
-14396
-14954
-15414
-15916
-16420
-16734
-16589
-15922
-14928
-13918
-13031
-12157
-11074
-9634
-7889
-6138
-4660
-3490
-2405
-1122
363
1844
2996
3653
3970
4265
4711
5261
5713
5693
5248
4634
4098
3883
3790
3561
3044
2363
1843
1717
2006
2409
2667
2703
2727
3033
3750
4748
5714
6427
6870
7232
7737
8424
9152
9690
9906
9875
9847
10022
10378
10667
10636
10224
9642
9201
8994
8883
8571
7851
6809
5732
4854
4123
3359
2412
1120
-319
-1545
-2607
-3557
-4481
-5752
-7257
-8712
-10224
-11550
-12494
-13557
-14821
-15950
-16927
-17586
-17883
-18163
-18264
-17923
-17357
-16559
-15446
-14188
-12775
-11251
-9781
-8265
-6615
-5033
-3573
-2027
-387
1082
2332
3472
4347
4876
5337
5863
6305
6596
6754
6690
6364
6042
5822
5433
4954
4628
4223
3798
3802
4130
4533
4806
4666
4482
4942
5796
6758
7712
8074
8101
8242
8620
9435
10182
9997
9795
10323
10703
10654
9989
9883
10376
10051
9096
8177
8112
7701
7081
6816
5474
3609
2262
2117
2123
902
-999
-2901
-4240
-4878
-5422
-6682
-8622
-10787
-12663
-13728
-14234
-15020
-16579
-18265
-19343
-19724
-19666
-19356
-18719
-17766
-16796
-16072
-15386
-14413
-12882
-10982
-8953
-7028
-5550
-4438
-3532
-2192
-123
2241
3869
4443
4253
4246
5328
6500
7779
7779
6806
6011
5275
6169
6618
6297
5284
3655
3708
4508
5617
5990
5314
4774
4908
6218
7909
9016
9404
9650
9636
10013
11142
11554
11647
11977
11389
10710
11164
11506
11569
11700
11200
10347
9251
8316
8606
8840
7714
6312
4769
3289
2896
2424
1257
163
-1593
-3640
-4926
-6157
-7333
-8472
-10476
-12746
-14468
-15641
-16163
-16596
-17707
-19169
-20285
-20990
-20863
-19271
-17637
-17622
-17900
-17115
-15988
-14263
-11438
-9107
-8566
-8319
-6860
-4735
-2227
276
1737
1865
1888
2563
4116
6306
7907
8414
7447
6830
6563
6241
7252
7839
7816
6975
6314
6248
5864
6625
7164
7165
7453
7567
7498
8219
9748
10547
10362
9984
9991
10111
11190
11949
11757
11451
10819
10356
9478
9597
9512
8709
8324
7033
7239
7072
5743
4855
2714
2361
1605
-31
-361
-2390
-3036
-4622
-7624
-7768
-8771
-10139
-11818
-13725
-14492
-15816
-16169
-16894
-18147
-18723
-20179
-19769
-18367
-17698
-15994
-15327
-15376
-14719
-13364
-11213
-9501
-7700
-6474
-5642
-4034
-2480
-656
927
2282
3192
3355
4028
4951
5486
6351
7097
6513
5937
5730
6328
7128
7149
6963
6756
6443
5854
7474
7268
6223
7300
7592
9670
11027
12865
13426
11580
12637
12931
12914
13460
14499
15413
14081
12997
12915
12738
11887
11184
10574
9572
8333
7286
6114
3927
1584
-494
-1766
-2292
-3343
-4810
-6549
-8808
-11514
-14714
-16725
-16644
-17224
-18507
-18699
-19300
-20614
-21010
-20713
-20455
-20114
-19197
-17874
-17153
-17203
-17367
-16734
-14599
-11582
-9337
-7656
-4765
-1140
210
-1416
-1919
861
3572
3128
2190
4429
8860
11398
10166
9619
10843
10978
8748
6740
8565
9773
9066
9041
9853
10839
10175
9643
10003
10416
11237
12362
13269
13999
14628
13771
12286
11828
12954
15291
16419
15928
15349
13590
10788
9829
9791
8624
7343
5855
3524
2280
2530
1023
-3150
-7413
-10792
-14084
-17075
-19920
-22815
-24428
-25605
-26877
-25696
-23268
-22975
-23099
-23022
-24574
-25384
-23147
-18022
-12531
-8185
-4279
-2670
-2696
-1128
2969
7310
10158
12659
13951
13269
12812
14809
17360
17297
15847
14536
12235
9268
7957
7548
5725
3185
885
-2018
-5082
-6631
-6907
-6798
-6193
-5384
-5039
-5263
-5755
-5629
-3979
-1344
1594
5034
8261
10393
12317
14447
15560
15831
16430
16851
16605
16680
17019
16492
15290
14146
12721
10537
7817
5055
2521
-16
-3038
-6617
-10402
-13883
-16567
-18414
-19931
-21735
-23964
-25953
-26716
-25834
-23926
-22380
-22004
-22252
-22704
-22719
-19698
-12649
-5698
-1492
1826
3491
2486
3540
8826
13169
15187
17691
18284
15142
13705
15912
16058
14535
14670
13831
9945
5936
4705
2691
-449
-1192
-2638
-6746
-9086
-7993
-6700
-4913
-2778
-3859
-6247
-6401
-5402
-3355
1617
7187
10031
11342
12791
13864
14558
15937
17304
16961
15930
15525
14208
12915
13795
14016
11895
9331
6405
2974
-478
-3398
-5156
-7864
-12018
-14995
-17901
-21384
-22624
-22692
-23764
-24238
-23573
-23268
-23661
-23409
-21915
-21850
-23035
-19102
-10779
-5637
-1417
5168
7101
5150
8371
13127
12821
13315
16591
15548
12317
13570
15292
12982
11371
12788
11026
5010
2435
2137
-1909
-4633
-4560
-7781
-10580
-9012
-7534
-6766
-4866
-3755
-4139
-3573
-2114
-1943
-373
4503
8212
10444
14029
16158
15662
16509
18847
18664
16374
15636
14819
12117
11445
12136
9643
6877
6169
3668
54
-2305
-5378
-8713
-10966
-13534
-16670
-20008
-22307
-22454
-22382
-22219
-21199
-21287
-21889
-21296
-20738
-20818
-20026
-16077
-9161
-2821
1895
6212
8608
9223
12042
16102
16137
14819
16098
15610
13479
13695
13368
10910
9385
8593
6520
2825
103
-1008
-4098
-6971
-9172
-12460
-12863
-11645
-10024
-7701
-7311
-7187
-6000
-3759
-1498
-235
2232
5123
8144
12229
16135
18507
19160
20400
21238
20025
18680
17727
16247
14633
13243
11370
8548
5288
3409
1387
-1595
-4391
-7504
-9782
-12675
-15859
-18386
-22416
-24744
-24551
-24111
-23110
-22597
-22460
-22111
-20890
-19893
-19433
-15331
-8802
-2770
3200
7360
8946
10407
13404
16093
16168
15105
15586
15960
14555
13921
13045
10228
8747
8040
5540
3186
1014
-2181
-4426
-6544
-9782
-12268
-12835
-11441
-10715
-9182
-6279
-6388
-5619
-1741
478
1119
4235
8292
9332
12088
15961
16142
16857
18493
19430
18523
17520
17807
15976
14340
11752
8511
5794
3042
2303
-477
-3707
-6372
-10235
-12110
-14404
-18192
-20299
-22542
-25496
-25241
-23775
-23732
-22998
-21354
-20902
-22134
-20975
-15315
-8478
-2035
4909
9636
9629
10219
15457
18931
17586
17925
19603
17182
13884
13216
11988
9400
7935
7651
5831
1150
-1959
-1775
-4145
-8095
-9071
-10988
-13973
-13498
-11945
-11058
-9084
-6517
-3836
-1333
359
1807
4314
8492
12649
15069
16229
16773
16842
17192
19195
20303
17773
16531
16713
12926
9494
8399
5177
2167
340
-2492
-5953
-9860
-11393
-11596
-15203
-18648
-20855
-24884
-26280
-24198
-23559
-23679
-22641
-21635
-21526
-21260
-17898
-10922
-4023
1688
8095
11546
10719
13831
19362
19186
18891
21795
19715
14657
13385
12032
8972
7137
6500
4766
1019
-2342
-2616
-2875
-5975
-6800
-8807
-13027
-14060
-13642
-11767
-10288
-8387
-6031
-4198
-2281
-102
5812
10454
13179
16902
16989
16279
18145
18519
17860
18353
16199
13172
12471
10515
7620
6282
4638
1626
-1209
-3562
-5691
-8246
-10846
-12599
-15949
-20923
-23747
-24999
-26013
-24671
-22468
-21911
-20870
-19295
-19069
-17107
-11769
-6053
-152
5688
9390
11871
13524
15135
18093
19483
19765
20410
17172
12391
11021
9789
7378
5505
3618
905
-2662
-4426
-3937
-4989
-7169
-8702
-11177
-13979
-13730
-10659
-8874
-7540
-4203
-2648
-2053
1978
6379
9903
13941
16170
17047
18333
19180
19122
18545
17691
15027
11618
10053
7051
3079
2029
243
-2922
-4262
-5717
-8070
-10171
-11837
-13863
-17416
-20684
-23117
-24998
-24836
-24264
-22984
-20459
-20030
-19346
-16031
-11440
-4696
1603
6405
11442
13794
15399
18120
18016
18666
21244
19595
16357
14309
10256
7034
6627
5038
1923
-999
-3316
-4247
-4997
-5796
-6000
-8550
-12220
-12634
-12209
-12147
-9953
-7687
-6187
-3987
-1884
2117
8185
11839
15275
20201
20941
20017
22155
21314
17644
17231
15502
10163
7287
5654
1655
-1331
-2363
-4586
-7573
-8847
-9205
-11902
-15697
-16869
-19084
-23878
-24751
-23941
-25972
-25241
-21942
-21078
-20356
-17598
-12726
-6647
-1156
5333
11748
14688
16740
19804
20845
20097
21291
22000
17774
13735
12156
7968
4878
5113
2443
-1255
-2307
-3225
-4326
-5011
-5430
-6514
-9702
-11524
-10342
-10515
-11322
-9246
-6910
-6161
-3503
1106
4648
8262
12863
17735
21239
20470
21105
24352
20069
15633
17570
12391
4788
4697
2314
-2641
-4580
-6355
-8212
-10230
-11482
-11595
-14329
-17232
-18403
-21061
-23236
-24043
-25812
-26379
-24419
-23167
-22612
-19173
-13249
-7291
-1120
4968
10331
15232
18378
20766
22923
23410
23564
22644
19179
15068
11956
8423
5777
3951
495
-918
-1667
-2778
-2253
-3127
-4794
-6155
-8254
-9784
-9156
-9150
-10290
-9103
-7809
-7409
-4658
-583
3091
7812
12957
16870
19649
21526
23206
23569
21699
19453
16540
12255
8502
4817
416
-2772
-5378
-7940
-9039
-10251
-11971
-12843
-14744
-17254
-18533
-20652
-22971
-24115
-25326
-25681
-25426
-25151
-23329
-19689
-14279
-7634
-1880
4063
10450
14783
18197
20871
23384
24224
22817
21242
17325
13519
10517
7240
4227
1040
-1061
-2110
-2846
-2561
-1457
-3036
-2893
-2831
-6396
-5844
-5311
-7390
-8438
-7630
-7149
-7363
-4142
-832
2470
7601
12477
16036
18457
21302
22957
22790
22333
20425
16542
12671
8960
4400
-230
-3490
-6478
-9654
-11036
-12490
-14156
-14737
-16012
-16971
-17599
-19077
-20601
-22320
-23535
-23978
-24887
-24416
-20840
-16599
-12399
-6803
-778
4985
10333
14982
19535
23078
24319
23842
22290
18789
14582
11395
7586
2740
-1266
-2802
-4184
-6145
-5587
-4796
-4819
-3994
-3557
-3115
-2704
-2450
-2501
-3441
-4046
-4790
-4644
-2714
-804
1814
5715
9034
11963
16155
19760
21540
22762
23035
21464
18821
16132
12359
7308
2375
-2144
-6855
-10427
-12242
-14557
-16796
-18182
-18836
-18625
-19025
-18917
-18753
-20346
-20536
-20188
-21413
-19732
-15691
-13459
-10076
-4961
-1258
3333
9059
13417
17463
22523
24498
22752
22127
19645
15959
13388
8612
3129
-939
-3624
-6292
-8070
-8390
-9143
-8966
-7979
-6760
-4856
-2863
-1167
-1150
-1639
-1040
-1006
-829
844
2554
3991
6405
9392
12061
14591
17227
19505
20346
20608
20338
17996
14862
11690
6861
1904
-1739
-6645
-11271
-14002
-17221
-20082
-21689
-22093
-22522
-23460
-22000
-21120
-21607
-20321
-20055
-17958
-12910
-10209
-7241
-3036
86
4002
8133
12287
16843
19456
21023
21823
20925
19654
17908
15785
11901
5866
2242
-162
-4730
-7636
-8176
-9936
-11976
-11989
-10350
-8990
-7449
-4592
-2661
-2670
-2013
260
1825
3169
5746
8731
10860
12058
13848
15457
16604
17647
18294
18541
16991
15156
13778
10999
7293
3665
-128
-5338
-10142
-12671
-16670
-20863
-21515
-23615
-25637
-23501
-23634
-24397
-22064
-22252
-22072
-17504
-13451
-9835
-5176
-1422
2443
6400
9643
13753
17707
19913
20637
19902
19187
17966
15626
14508
11337
5060
2412
755
-3815
-5651
-6086
-8803
-11163
-11561
-10319
-8911
-7509
-5284
-3858
-4294
-3054
-499
1071
3742
6518
9156
11114
12464
14767
16551
17595
18171
18780
18150
16058
14626
12800
9376
5763
2891
-1472
-5745
-8554
-12899
-15980
-18355
-21183
-21448
-22742
-23745
-23083
-23851
-23469
-22613
-21344
-17029
-12825
-9733
-5143
-860
2403
6524
10599
14385
17560
19450
19920
18956
18302
16698
14183
12232
8011
3969
2343
-768
-4031
-5215
-6547
-8430
-9982
-10286
-8578
-7619
-7159
-4943
-4359
-3998
-1894
-797
1455
4007
6794
10159
11580
13908
15860
16654
18127
18538
17257
17284
15607
12172
11832
7049
3176
1215
-4896
-6881
-10385
-14948
-16126
-19455
-21424
-21955
-23578
-23561
-23412
-23557
-22102
-21144
-18204
-13358
-10467
-6619
-1948
1584
5375
9738
13907
16984
18895
19579
19287
18821
16741
14492
13808
9440
3621
2400
10
-4664
-5692
-6133
-8966
-11219
-11276
-9741
-8676
-7885
-5559
-3686
-3655
-2366
120
1658
3802
7323
10435
12138
13680
15797
17881
18318
18705
19772
17879
15082
13150
11225
7198
3234
611
-4950
-8745
-12001
-16219
-18869
-21769
-22696
-23464
-24371
-23366
-22333
-22727
-22351
-19605
-16554
-12439
-7872
-4315
-628
2864
6341
11154
15572
18201
20238
20347
19227
19177
18058
15677
13306
8800
3564
770
-1721
-4510
-6092
-7753
-9804
-11309
-11704
-9874
-7435
-6444
-5137
-3606
-3305
-2269
68
2329
4806
7411
10067
12257
13619
15661
17580
18090
18689
19292
18158
15962
14191
11901
7810
4163
1126
-4188
-8576
-11692
-16211
-19744
-22396
-23860
-24487
-25587
-25019
-23969
-24410
-22803
-18659
-15467
-11672
-7412
-3613
357
3241
6890
11770
15000
16996
19270
19069
18053
18896
17222
14734
12793
8161
4441
2537
-846
-3622
-5372
-8079
-10172
-11806
-12598
-10957
-9404
-8384
-6058
-4481
-3972
-1798
784
2957
5948
8805
10793
12530
14083
15129
16081
16850
17571
17392
16035
15064
13273
10731
8104
4749
1018
-3254
-7347
-10932
-14435
-17831
-20554
-22059
-23005
-23981
-24235
-23417
-23076
-21676
-17376
-13883
-10820
-5892
-1840
1220
4485
8196
12525
15349
16385
18044
18184
16660
16645
15414
13305
10318
5929
3539
1078
-1984
-3802
-5304
-7856
-10705
-11424
-10887
-10347
-9560
-8018
-6354
-5643
-4253
-1678
1053
3514
6212
9522
11713
13216
14959
16181
16807
16793
17287
16862
14526
13029
11464
8497
5748
2580
-1418
-4724
-8362
-12420
-15474
-18418
-20928
-22102
-23285
-24389
-24407
-24052
-22937
-20196
-16311
-11868
-7640
-3445
937
4225
7630
12579
16197
17691
18940
18892
17820
17186
15781
13821
11371
7026
3418
1786
-1181
-4205
-5223
-6617
-9220
-11125
-11259
-10513
-10078
-9347
-7227
-6449
-6471
-4042
-1768
56
3189
6737
9631
11697
13872
15847
16867
17331
18289
18261
16420
15087
13673
10807
8094
5192
688
-3268
-6568
-10398
-13942
-17201
-19365
-20929
-22880
-23972
-24243
-24244
-24543
-22678
-18054
-15012
-10991
-5499
-2426
698
5870
10035
13764
18304
19862
20691
20378
18814
18660
16164
13800
10920
5832
2795
720
-2250
-4604
-5960
-8166
-10485
-11913
-11082
-9415
-9766
-8436
-6057
-6358
-5736
-2738
-1177
403
3957
6943
8982
10737
12597
14651
15393
16017
17553
17045
15352
14844
12975
9926
7674
4071
-576
-4221
-7919
-11577
-14756
-17929
-20056
-21823
-23812
-24248
-24274
-24992
-24034
-20802
-16856
-12956
-8833
-4344
-642
2563
7113
12211
15898
18192
19546
19962
19896
19152
17323
15562
13058
8292
4761
3208
-116
-3321
-4533
-6464
-9003
-10640
-10458
-8997
-8803
-8390
-6426
-5690
-5290
-3369
-1439
499
3008
5613
7817
9139
10590
12391
13492
14347
15371
15552
14280
13211
12222
9821
7328
4720
545
-3162
-6579
-10586
-12873
-16886
-19977
-19572
-22263
-24015
-22922
-23467
-23465
-20630
-17037
-13502
-9136
-5007
-956
2381
6251
11342
14938
17426
19283
19832
19448
19240
17899
15603
13334
8977
4986
2836
254
-2372
-4721
-6687
-8548
-10330
-10412
-8994
-8144
-8001
-6352
-4974
-5074
-3212
-509
1011
2521
4739
7402
9384
10635
12404
13736
13739
14599
15287
14013
13252
12362
9702
7224
4450
763
-2758
-6835
-10480
-13332
-16882
-19334
-20845
-23108
-24209
-24304
-24532
-23641
-21364
-17897
-13897
-10190
-5834
-1237
2309
6410
11493
15436
17906
19845
21218
21390
20712
19330
17496
14692
10002
6333
3812
375
-2487
-4996
-7352
-9256
-11316
-11828
-10978
-10487
-9856
-8053
-6154
-5330
-3823
-1451
491
2268
4794
7644
9590
10868
12707
14673
14799
14961
16283
15735
13866
13338
12144
8845
6123
2799
-1340
-5161
-9698
-12819
-15681
-19216
-21151
-22939
-24792
-25673
-25986
-24778
-22669
-20139
-15519
-11201
-7917
-2838
1722
4956
9869
14574
17258
19618
21053
21418
21346
19847
18296
16501
11995
7659
5465
2471
-962
-3362
-5729
-8158
-10674
-11787
-10487
-9853
-9973
-7738
-5786
-5927
-4241
-1839
-542
1112
3366
5890
7603
8801
10372
12179
12838
13222
14157
13643
13331
13288
11557
9591
7822
4439
745
-2554
-7127
-10675
-13610
-16876
-19039
-21304
-23386
-24603
-25380
-25068
-22904
-19833
-16240
-12073
-8194
-4120
-109
3702
8415
12983
16153
18329
19339
19866
20505
19452
17561
15897
12161
8149
6106
3256
-72
-2253
-4721
-6977
-8878
-10060
-9577
-8891
-8196
-7188
-5747
-4165
-3815
-2840
190
1543
2371
5530
6883
7462
9256
10123
11316
12089
12293
12397
11792
11559
10088
8488
7393
3833
867
-1667
-6174
-9041
-11769
-15514
-17641
-19860
-22209
-23241
-24045
-24616
-23641
-21005
-17280
-13380
-9854
-5734
-1405
2443
6660
11469
15758
18201
19348
20087
20419
19793
18238
17183
14547
9403
6599
4891
888
-1785
-3534
-6411
-8523
-10060
-10125
-9113
-9095
-7588
-5569
-5491
-4503
-2670
-1123
974
2917
5085
7271
8381
9614
11105
12023
12555
13043
13101
12205
11655
10931
8580
6953
5296
1440
-1708
-4366
-8307
-11552
-14302
-17065
-19164
-21645
-23645
-24367
-25124
-24803
-22774
-20123
-16236
-12075
-8547
-3838
795
4473
9623
14392
16929
19408
20857
20783
21199
20391
18269
16563
12781
8164
6188
3617
-350
-2799
-5041
-7676
-9688
-10641
-9827
-9353
-9078
-6532
-4993
-5272
-3508
-1254
-320
1521
4188
6085
7117
8171
9835
11193
11802
12747
13473
12824
12057
11811
10697
8711
6779
4303
787
-2699
-5536
-8741
-12293
-15015
-17357
-20168
-22700
-23925
-24469
-25131
-24437
-21798
-18782
-15338
-11117
-6598
-2097
1785
6073
11157
14715
17060
19386
20414
20419
20080
19033
17678
14842
10413
7571
5487
1819
-1199
-3142
-5689
-8047
-9606
-9687
-8857
-8849
-7471
-4908
-4720
-4357
-1938
-815
-160
2093
4328
5720
6455
7535
9615
10291
10396
12252
12610
11415
11762
11448
9771
8349
6253
3686
683
-2918
-5787
-8923
-12598
-14992
-17331
-20467
-22650
-23878
-24979
-25155
-23495
-20519
-17736
-14279
-9319
-5801
-2483
3114
7391
10914
15667
17549
18335
20464
20266
19480
18784
16756
13806
9577
7179
5328
1249
-1514
-2923
-5793
-8645
-9179
-8259
-7928
-7747
-5448
-3723
-4227
-3018
-1006
-276
786
2949
5187
5927
6513
8435
9150
8905
10188
11291
10743
10157
10512
10032
7921
6693
5536
1906
-1600
-3921
-7177
-10598
-12934
-15073
-18006
-20987
-22874
-24229
-25207
-24320
-22176
-19581
-15735
-11864
-8049
-3747
134
4230
9166
13158
15576
18117
19235
19347
20012
18878
17287
15107
11047
8463
6575
3034
-281
-2276
-4293
-7101
-9069
-8999
-8030
-7745
-6551
-3745
-3474
-3876
-875
830
462
2506
4916
5964
6700
7807
9579
9613
9573
11447
11365
10271
11072
10922
8995
7972
6783
4021
1277
-1721
-4567
-7303
-11116
-13472
-15332
-19234
-22191
-23120
-24938
-25997
-24221
-22567
-19508
-15433
-12276
-7414
-3112
252
5039
10063
13714
16169
18554
19649
19498
19241
18453
17072
13969
9923
7702
5287
1434
-1258
-3117
-5828
-8441
-9247
-9293
-9389
-8693
-6714
-4366
-4153
-3426
-800
-146
308
2963
5311
5957
6710
8621
10077
9949
10623
12699
12073
10455
11741
11733
9290
8343
7786
5026
1463
-932
-3446
-7135
-10571
-12656
-15323
-18703
-20917
-23152
-24517
-24777
-24482
-22239
-19133
-16019
-12217
-7819
-3890
242
4868
9311
13216
16032
18454
19439
19603
19682
18267
17006
14694
10115
7263
5125
1248
-1213
-2892
-6019
-9071
-10402
-9920
-9786
-9477
-7277
-5692
-5799
-4439
-1576
-739
-291
2108
4067
5048
6265
7545
8644
9209
9911
11555
12060
11117
11481
12804
11139
9049
9436
7074
3973
2011
-1456
-4463
-8013
-11128
-13390
-17231
-19956
-21824
-24059
-25112
-25212
-24047
-21360
-18066
-14571
-10428
-6361
-1872
2670
6706
11902
15243
17365
19487
19655
19912
19378
18290
16801
12756
8787
6552
3570
31
-2193
-4776
-7726
-9272
-9926
-10268
-10203
-9195
-7188
-5971
-5487
-3432
-1364
-770
641
2896
4233
5431
7401
8798
9310
10424
11507
11778
11960
11734
11673
11762
10465
9058
7914
5738
3504
741
-2726
-5563
-8760
-12096
-14977
-18342
-21071
-23010
-24832
-25712
-25720
-23819
-20040
-16939
-13712
-9192
-4729
-420
4326
9077
12874
15974
18939
20527
20677
20342
19399
18601
16026
11483
8896
6179
1889
-970
-2834
-5600
-8167
-9909
-10068
-10193
-11008
-8641
-6912
-6503
-5757
-3773
-800
-1341
498
3720
4731
5758
7722
10032
9533
10514
12080
12506
12317
11502
12564
11988
10031
9225
8118
5494
2938
403
-3326
-6722
-9978
-12717
-15550
-19258
-21737
-23358
-25318
-26296
-25576
-23421
-20721
-18038
-13824
-9099
-5248
-426
4751
9075
13326
16947
19311
20715
21127
20732
20104
18770
15249
11205
9000
6056
1924
-591
-2614
-5488
-8235
-9659
-9857
-10573
-10532
-8311
-7074
-6989
-5461
-3471
-2111
-1445
195
3113
4629
5641
7714
9117
9237
10841
12295
12281
12560
12392
12940
12441
11127
10624
8416
6008
4246
1416
-2276
-5099
-7698
-11395
-14846
-17688
-20485
-23236
-24632
-25140
-25965
-24659
-21468
-18956
-15817
-11334
-6673
-2113
2167
6932
12045
14959
17700
21042
20507
19527
20787
19496
15495
12851
10275
6341
3651
377
-2436
-4873
-8163
-8957
-10005
-11071
-9952
-8874
-7796
-7162
-6208
-3635
-2231
-1893
62
1871
3228
5375
7101
8263
9204
10314
11457
12062
12811
13343
12897
12518
12115
10837
9513
8082
5514
2328
-514
-3571
-6976
-9904
-12824
-16103
-19476
-22294
-23601
-25020
-26739
-25335
-22656
-21359
-17897
-12876
-9102
-4867
51
4733
9343
13532
17038
19569
19975
20160
20997
19915
17951
15110
11522
8596
5078
1629
-1085
-4095
-6899
-8839
-10598
-11249
-10463
-9936
-8844
-7465
-6610
-4408
-2170
-1488
206
2173
2814
4832
7149
7867
9158
10302
10646
11780
12447
12692
13209
12752
12129
11447
10105
8796
6570
3902
1598
-1945
-5436
-7998
-11216
-14797
-17434
-19570
-22557
-24498
-24706
-25306
-24919
-22172
-19478
-16276
-11653
-7992
-3322
1441
4748
10016
14361
16550
19067
20427
20504
20057
19143
17696
14435
10365
7393
4184
397
-2895
-5357
-7567
-10408
-11973
-11678
-11728
-11215
-9347
-7931
-6595
-4126
-1638
-195
1231
3007
4386
6268
8338
9300
10461
11562
11947
12781
13112
13405
14346
13422
12205
12237
10681
8678
7376
4562
1028
-2110
-5299
-8334
-11640
-14783
-17264
-20283
-22913
-23908
-24878
-25594
-24609
-22944
-20511
-16627
-12505
-8196
-3734
15
4335
9055
12486
15969
19005
19564
19879
20393
18990
17156
15158
11447
7386
3866
451
-2658
-5557
-8092
-10418
-12353
-12846
-12361
-11674
-10522
-8919
-7214
-5312
-2869
-467
1142
2643
4246
5848
7954
9773
11285
12322
12650
13395
13685
13858
14626
14266
12970
12809
11861
9253
8443
6254
2341
372
-3385
-7018
-8918
-12859
-16134
-18341
-21006
-22915
-24162
-24780
-24878
-24316
-22843
-19416
-15070
-11631
-7242
-2356
1116
4954
10121
14186
16484
18489
19859
19782
18885
18210
17089
13632
9174
6521
3677
-751
-3766
-5679
-8351
-10994
-12551
-12320
-11919
-12057
-10206
-7967
-7037
-4627
-1289
770
2011
3702
5985
7296
8689
11107
12051
12246
12688
12866
13519
13167
12713
13283
11780
10265
10146
8341
6450
4554
1591
-769
-3754
-7013
-9285
-12600
-15686
-17697
-20338
-21927
-22856
-24176
-24276
-23380
-22216
-19387
-15011
-11296
-7118
-2813
1137
5339
9422
14034
16960
18652
19676
19934
19489
17699
16727
14071
9470
6256
3452
-413
-3529
-5591
-7930
-10547
-12456
-11576
-11430
-11454
-9719
-7659
-5664
-4432
-567
1780
2458
4655
5884
7793
8819
10257
11927
11399
11193
11619
11854
11462
11378
11881
10570
8897
9571
8358
6019
5738
2974
-258
-1811
-4858
-7201
-9735
-13696
-15895
-18435
-21025
-21464
-22885
-23982
-23399
-23044
-20738
-16815
-13437
-9259
-4945
-1346
2830
7034
10942
15032
17538
18142
19098
19347
17717
16930
15754
11454
7484
5241
1964
-1554
-3966
-6065
-8277
-10451
-11211
-10332
-10020
-9717
-7653
-5663
-4569
-2116
1240
2846
3291
4808
6610
7121
8090
10008
10261
9606
9900
10115
10167
10160
10006
10109
9243
8363
8839
8076
6365
5399
3253
573
-1232
-3849
-6765
-9058
-12509
-15740
-17234
-19270
-21429
-22203
-22648
-23445
-22696
-19449
-16514
-13710
-8290
-4870
-3009
3231
6351
8487
14598
15155
15358
18386
17105
15958
16534
14113
10689
7996
4803
2423
-319
-2675
-4020
-6762
-8294
-8235
-8769
-8575
-7294
-6190
-5243
-3744
-1505
795
2096
2814
3777
4519
5273
6678
7656
8100
8771
8468
8119
9017
9103
9062
10151
9898
9018
9252
8776
7692
6678
4548
1894
-278
-2620
-5525
-8382
-11122
-14320
-17047
-18844
-21020
-22601
-22707
-23336
-23400
-20825
-17900
-14843
-10418
-6943
-3898
310
3958
7758
11701
13897
15757
17016
16779
16847
16770
15628
13372
10158
7815
5687
2788
866
-1004
-3806
-5742
-6613
-6958
-7039
-7100
-6353
-5368
-5090
-3832
-1391
-131
231
1151
1964
2603
3962
5583
6630
6944
7156
7934
8831
9379
10167
11006
10795
10595
11183
10294
8990
9100
6702
2690
1795
195
-4306
-7061
-9077
-13408
-17141
-18590
-20249
-22318
-23220
-23857
-24265
-23142
-21110
-17934
-13659
-10483
-7395
-3008
725
4450
9216
12579
14585
16767
17933
18079
18407
18470
17475
14931
11748
9454
7007
4015
1851
-720
-4014
-5931
-7063
-8127
-8290
-8353
-8570
-8094
-7394
-5816
-3881
-3163
-2077
-667
-176
1143
3740
5010
6115
7895
8361
9526
10832
11326
12725
13256
12860
13365
13402
12070
11364
10226
7154
4620
2791
104
-2977
-5983
-9748
-13714
-16374
-18671
-21226
-22611
-23371
-24708
-25389
-24632
-22650
-19897
-16709
-12827
-9065
-5668
-1353
3517
7602
11241
14687
17290
18652
19486
20441
20267
19218
17394
14282
11334
8495
5674
2628
-623
-3289
-5989
-8004
-9454
-10938
-10825
-10949
-11745
-9842
-8439
-8028
-4758
-2524
-2129
-385
1627
3695
5880
7542
9441
10949
11852
13324
13892
14328
15537
15207
14706
14239
12601
11769
10557
7642
5236
2686
-659
-3248
-6241
-10126
-13250
-16109
-19123
-21561
-23459
-24406
-24800
-25392
-24906
-23299
-21124
-17403
-13172
-9552
-5466
-919
3262
7215
11376
15061
17412
19147
20178
20097
19899
19499
18047
15174
11461
8650
5905
1958
-1021
-3563
-6968
-9476
-10963
-12171
-12680
-12383
-11639
-10605
-9937
-8027
-4645
-2891
-1305
1090
2771
4269
6565
8884
9781
10963
12536
13119
13363
13650
14214
14249
13424
13028
12193
10362
9579
8437
5488
2979
806
-1848
-4453
-7354
-10377
-13177
-16223
-18662
-20367
-22165
-22669
-22438
-22931
-22885
-21656
-19303
-15559
-12048
-8276
-3683
-816
3729
8276
9919
14011
17520
18226
18903
19113
18589
17803
16665
14044
10460
7076
4651
1772
-1782
-4207
-6615
-8807
-10318
-11362
-11402
-11217
-10769
-9315
-7982
-6970
-4656
-1624
104
1275
3524
5055
5574
7232
8671
9244
10339
11113
11341
11057
10855
11767
11621
10578
10244
9110
8007
7472
5495
3602
2067
-127
-1534
-4130
-7272
-8682
-11094
-14468
-16442
-17562
-18909
-19490
-19941
-20497
-20416
-20323
-17842
-14465
-12730
-8970
-4346
-1853
1594
5607
7914
11156
14314
15120
16022
16846
16338
15907
15187
13273
10522
7608
5688
3319
-134
-1989
-3621
-6318
-7641
-8442
-9252
-8696
-8187
-7665
-6473
-5742
-4214
-1871
-832
-26
1712
3093
3828
4605
5473
6431
6983
7565
8731
8914
8591
9928
10532
9014
9799
10645
9101
9126
8623
6806
5781
4260
2018
-172
-2680
-5291
-7717
-10633
-13329
-15938
-17517
-18496
-20424
-21063
-21178
-21703
-21141
-19394
-17443
-14669
-10371
-6836
-3829
-24
3619
6954
10572
13499
15268
17120
18247
18171
18120
17744
16276
14031
11547
9117
6490
3682
1440
-797
-3734
-6076
-7365
-8439
-9207
-9416
-9122
-8809
-8879
-7904
-6092
-5432
-4317
-1844
-455
255
1815
3407
4620
5905
7621
9206
9931
10732
11872
12285
12504
13200
13399
12583
11635
10950
9573
7373
5334
3276
527
-2463
-5244
-8183
-11373
-14268
-16827
-19353
-21251
-22003
-22238
-22494
-22388
-21534
-20254
-18569
-15630
-11650
-7681
-4008
-302
3599
7266
10604
14051
16832
18429
19750
20348
20175
19718
18742
17185
14113
10643
8362
5517
1639
-620
-2869
-6958
-9111
-10167
-11672
-12145
-12159
-11653
-11285
-10953
-9090
-6843
-5742
-3996
-1346
234
1834
3837
5164
6334
7448
8539
9782
10611
11241
11797
11686
11633
11807
11376
10711
9980
8763
7171
5294
3342
1416
-916
-3381
-5784
-8263
-10168
-12020
-14460
-16138
-17194
-18446
-18686
-18361
-18403
-17442
-16080
-15547
-14032
-11052
-7738
-4070
-869
1717
5011
8137
10239
12565
14906
15995
16258
16548
16287
15167
14414
13461
10467
7279
5726
3579
552
-1343
-3239
-5908
-7557
-8434
-9465
-9788
-9481
-9211
-8884
-8328
-6951
-5350
-4697
-3608
-1777
-850
342
2249
2746
2905
4161
4987
5905
7469
8045
8586
9485
9344
9733
10483
9944
9869
9852
8391
7176
6638
5573
3508
1525
248
-2274
-4652
-5110
-7234
-10299
-11198
-12546
-14581
-15046
-15115
-15604
-16012
-16324
-16535
-16030
-13978
-11140
-8711
-6572
-4003
-1074
1173
3890
7770
10199
12000
14491
15407
16003
17358
17589
17057
15446
13268
12113
9681
6301
4446
2018
-1476
-4186
-6381
-8290
-10141
-11639
-11933
-12612
-13569
-12504
-11479
-11839
-10636
-8687
-7760
-5660
-2810
-1236
90
1638
3189
5209
7135
8727
10155
10916
11594
12783
13499
13939
14913
14982
13642
12961
12994
12047
10479
8922
6609
3813
1660
-447
-3436
-6222
-8533
-11799
-15152
-17168
-18470
-19505
-20566
-21709
-22255
-22474
-21940
-19659
-16797
-13626
-9730
-6024
-2553
1459
5802
9729
13364
16228
18317
19853
20850
21896
21526
20335
18685
15496
12870
9712
5338
2574
-844
-5110
-7436
-11125
-14334
-14694
-16470
-17727
-16823
-16505
-16022
-14282
-13358
-11963
-9190
-7614
-4748
-1138
865
2881
4899
6677
8104
10105
12716
14276
14993
16209
17131
17074
17759
18429
17778
16593
15215
14185
13050
10733
8403
6013
2413
-648
-3113
-6370
-9001
-11045
-14180
-17159
-18833
-20350
-21077
-20601
-20830
-20952
-19883
-19521
-18630
-15312
-12217
-9393
-5401
-1865
981
4145
7320
10171
12778
14237
15371
16552
16733
16814
16585
15778
13772
11115
9006
6050
2819
225
-2290
-5322
-8224
-10191
-12080
-14123
-15004
-14802
-14975
-14538
-13072
-11571
-10554
-9159
-6940
-5269
-3182
-296
2586
4681
6285
8410
9588
10637
12508
13920
15169
16209
16676
17302
17685
17113
16818
16394
14739
13427
12280
10552
8630
6060
3625
972
-2474
-4702
-6198
-9318
-11910
-13381
-16205
-18071
-18943
-19685
-19493
-20138
-20219
-19509
-19627
-19065
-17159
-14460
-11375
-8389
-5472
-2494
566
3781
6724
9624
12418
14402
15923
17137
18184
18740
18362
17621
15591
12558
10566
7962
4174
1327
-1575
-5244
-8887
-11993
-13692
-15340
-17103
-17032
-16887
-17154
-15506
-13263
-11722
-9649
-6864
-3692
-472
2679
6217
9203
10779
12423
14356
14920
15364
17067
17692
16999
16955
16591
15558
15024
14089
12456
11041
9800
8431
6672
4901
3111
488
-2100
-3908
-5845
-7653
-9205
-11228
-13217
-15202
-16817
-17402
-18118
-19090
-19007
-19003
-19891
-19304
-18352
-18168
-16331
-13004
-9806
-6745
-2725
1142
4277
7307
10037
13308
15689
16919
18349
18528
18015
18018
16965
14020
11050
9065
6302
2503
-598
-2649
-5638
-8790
-10345
-12486
-14016
-13886
-13759
-13043
-12202
-10921
-8242
-5966
-4982
-2867
-22
1500
3571
6115
7419
8559
9503
9325
9394
9948
10378
11186
11501
11215
11133
11038
11191
11357
10530
9789
9630
9013
8243
7127
6109
4501
2027
139
-2219
-4202
-5294
-6982
-9104
-11303
-13516
-15191
-15839
-16831
-17587
-17171
-17320
-17360
-16466
-16594
-17072
-15238
-12541
-10374
-7201
-3742
-1287
1118
3727
6096
8654
11123
12831
13861
14505
15187
16005
16190
14980
12815
10939
9241
6634
4071
2391
-155
-3402
-5820
-8430
-10691
-10993
-11213
-12388
-13048
-12543
-11083
-9726
-8771
-7259
-5527
-3713
-1366
852
2846
4716
6307
7343
7520
8048
9322
10437
11154
11507
11797
12015
12064
12582
12199
11382
12324
11509
10325
11123
9374
7664
7346
4858
2427
1226
-703
-2508
-4106
-6967
-9457
-11011
-12866
-14788
-16046
-16419
-16747
-16782
-16656
-17303
-17556
-17371
-17381
-16096
-13145
-10243
-7604
-4819
-2888
-938
1324
3929
7062
8885
10782
12951
13778
14669
15985
16131
14761
13505
12216
10055
7949
6538
4385
837
-1955
-4201
-6893
-8704
-9678
-10677
-11595
-12235
-11943
-11050
-10617
-9435
-7290
-5993
-4595
-2024
41
1465
3434
5277
6225
6591
6949
7924
8953
9845
11746
13169
13032
13422
14085
13952
14530
15242
15082
14934
13937
12893
11618
9393
7722
5273
2597
526
-2154
-4644
-6962
-10142
-13246
-15540
-18331
-20222
-20784
-21793
-21970
-21228
-21424
-21714
-21069
-21122
-20330
-16708
-12917
-10207
-6818
-3919
-2072
1346
4461
7048
10122
12742
15061
16501
18406
19656
20029
19830
18112
17007
15329
12716
10691
8264
4848
1482
-1984
-6091
-8884
-10652
-12534
-13869
-14900
-15474
-15031
-14304
-13418
-11845
-10136
-8054
-5220
-2469
-76
2339
4716
6642
8320
10091
11373
12060
13148
14147
14177
14561
15298
14687
13881
13841
13087
12502
12628
11459
9807
8536
6462
4763
3385
980
-784
-2343
-5200
-7227
-8670
-10997
-12508
-13978
-16548
-17999
-18679
-19361
-19000
-19126
-19549
-18849
-18956
-19316
-18185
-16524
-13750
-10114
-7274
-4504
-1602
1344
4872
7970
10737
13856
16161
17794
19410
20174
20500
20721
19540
17412
15457
13042
10124
7234
3998
242
-3519
-6786
-9893
-12749
-14208
-14924
-15988
-16234
-15259
-14147
-12859
-10932
-8743
-6600
-4069
-1168
1190
2948
4664
6449
7676
7885
8367
9354
9519
9424
9755
9769
9922
10502
10867
10616
9799
10204
10802
10276
10466
9958
8496
7489
6067
4690
3106
1084
-882
-3233
-5547
-7391
-8649
-10156
-12193
-13669
-14952
-15942
-16080
-15794
-15485
-14984
-14056
-13478
-13415
-13025
-12165
-11456
-10600
-8718
-6134
-3665
-1473
516
2180
3852
6173
8897
11111
12773
14436
15900
16924
17702
18032
17378
15798
14076
12227
9641
6947
4379
950
-3011
-6742
-9977
-12132
-13720
-15193
-15803
-16001
-15767
-14002
-12056
-10694
-8222
-5461
-3592
-883
2408
4541
6135
7478
7898
7951
8273
8588
8331
7594
6968
6338
5669
5569
5738
5535
5408
5748
6191
6664
7375
7959
7905
7411
6940
6502
5984
5008
3412
1862
332
-1305
-2221
-3458
-5877
-7554
-8754
-10836
-11912
-11827
-12483
-12718
-11970
-11895
-12000
-11593
-11781
-12352
-12422
-12081
-10987
-8893
-6912
-5909
-4937
-3076
-1153
688
3620
6512
8192
10476
12950
14163
15968
17975
17850
17107
16783
15474
13636
11838
9607
6297
2148
-1488
-4534
-7681
-10252
-11621
-13338
-14803
-15038
-14871
-14031
-13296
-11770
-9474
-7750
-5103
-2039
-134
1304
3022
4126
4918
5807
6047
5961
5270
4245
3711
3076
2612
3194
3953
4012
4203
5124
6266
7417
8788
9874
10587
11582
12386
12521
12629
12719
11740
9729
7975
6641
4934
3073
960
-2159
-5491
-7949
-10186
-12921
-14946
-15686
-16897
-18066
-17661
-17822
-18604
-18224
-18482
-19370
-18699
-16369
-13012
-9999
-7870
-5547
-2821
158
3013
6440
10767
13285
15324
18702
20073
20625
22502
22238
19727
18244
16936
14774
12229
8893
5164
452
-4122
-7096
-10638
-13436
-14858
-17027
-18178
-18269
-18072
-16652
-15072
-13610
-11528
-9414
-6958
-3446
-1220
-315
1326
2335
2593
3341
3704
3621
3989
3283
2089
1879
1865
2664
3855
5097
6660
8391
10425
12217
14029
15075
15707
17122
17504
17201
17049
15931
13835
11684
9484
6240
3765
1896
-1493
-4653
-7141
-9485
-11755
-14009
-15414
-16029
-16455
-16790
-16565
-15837
-15242
-14581
-13766
-14252
-14830
-14184
-14021
-13437
-11179
-8552
-6526
-4585
-2555
-195
2254
5006
9036
11979
14398
17399
18906
20217
21700
21775
20423
18900
17263
14255
10913
7549
3079
-1260
-5247
-10019
-14095
-16370
-18176
-19963
-20724
-19970
-19304
-18041
-14866
-13337
-11252
-6774
-4479
-1777
1609
2915
4815
6205
5644
5942
6278
5463
5480
4524
2653
2183
1460
606
857
1612
3059
5228
7050
8809
10760
12556
14087
15189
16587
17656
17845
17777
17070
15309
13635
11544
8022
5764
3270
-537
-2985
-5505
-8275
-10704
-13320
-14997
-15837
-16884
-17481
-17464
-17565
-16915
-15806
-15437
-15012
-14357
-14448
-15002
-15251
-14676
-12593
-9646
-7054
-4986
-3037
-586
2321
5400
8946
12237
14780
17491
19581
20459
21646
22292
20946
18994
16942
14310
11450
8057
3945
-536
-5190
-9371
-13067
-16370
-18280
-19204
-20414
-20898
-19836
-18444
-16635
-13891
-11357
-8766
-5282
-2011
1010
4233
6265
7412
8551
9078
9243
9183
8719
7961
7114
6166
5272
4566
4305
3752
2959
3659
4849
6852
8629
9416
10663
10664
11259
12077
11457
11184
10898
9638
7383
5679
3784
1691
27
-2664
-5094
-6427
-7802
-9024
-9812
-10768
-11296
-11362
-11486
-11082
-10541
-9997
-9366
-9300
-9158
-8527
-8328
-8289
-8068
-8425
-8930
-9029
-9014
-8300
-6551
-4738
-3248
-1488
799
3236
5838
9112
12278
14324
15935
17404
18356
19170
19231
17646
15410
13213
10300
6763
3327
-143
-3777
-7304
-10872
-14140
-16101
-17057
-17981
-18409
-17905
-16935
-15224
-12838
-10597
-8162
-5300
-2498
266
2708
4747
6628
7843
8417
8641
8376
8096
7572
6301
5164
4544
3965
3474
3159
2806
2555
3002
3748
4320
5458
6476
6595
7189
7817
7431
7461
7782
6958
5716
4863
3790
2554
1681
442
-1138
-2026
-2987
-3762
-3639
-4372
-4815
-3809
-4179
-4943
-4345
-4263
-4299
-4245
-4890
-5228
-5689
-6399
-6584
-7226
-8219
-8845
-9627
-10783
-11772
-11739
-10712
-8744
-6031
-4119
-2226
847
3262
5521
8905
11783
13866
15471
16059
16295
16564
16279
14747
11974
9111
6235
2821
-474
-3673
-7201
-10551
-13600
-16328
-18012
-18467
-18394
-18038
-17028
-15314
-12789
-9467
-6076
-3173
-244
3064
6198
8839
10957
12432
13258
13504
13077
12282
11271
9952
8373
6182
4267
2856
1596
820
-644
-2226
-3099
-3433
-2959
-2757
-2383
-1900
-2004
-1165
-370
-201
669
1379
1324
1452
2079
2510
3257
4073
4028
4336
5142
5627
6316
6980
7137
7625
7992
7496
7344
7316
6444
5388
3703
1175
-681
-2695
-5836
-8504
-11050
-14134
-16340
-18104
-20192
-21550
-22189
-22312
-21159
-18778
-15838
-13096
-10504
-7101
-3457
-218
3924
8407
11351
13743
16259
17844
19085
20114
19529
17950
16664
14937
12242
9455
6823
3808
530
-2568
-5495
-7987
-9409
-10208
-11427
-12318
-11750
-10674
-9678
-8306
-7075
-5914
-4154
-2616
-1702
-741
217
822
834
299
-200
-611
-1099
-1433
-1877
-2496
-2587
-1950
-1205
-773
-286
876
2457
3844
5419
7304
8419
9084
10194
10573
10356
11156
11640
10726
9958
9220
8028
7314
6463
4903
3752
2858
1643
697
-19
-631
-604
-673
-1384
-1640
-1525
-1707
-1754
-2125
-2863
-3163
-3709
-4535
-5383
-7160
-8796
-9546
-10861
-12215
-12844
-13525
-14012
-14467
-15375
-15669
-14768
-12728
-9935
-7710
-5858
-3212
-789
975
3669
6859
9306
11410
12987
13839
14996
16075
16136
15662
14353
12609
11149
9134
6982
4850
2275
-412
-3435
-6157
-7848
-8923
-9882
-10776
-10944
-10661
-9909
-8584
-7616
-6718
-5274
-3732
-2254
-525
462
1149
2205
2275
2073
2148
1940
1527
1030
397
-191
-21
633
1034
899
950
1549
2752
4333
5367
6294
7071
7748
8700
9147
9485
9941
9936
9535
8940
8486
8079
7304
5996
4629
3696
2457
1174
247
-1165
-1808
-1910
-2922
-3547
-3543
-3805
-4290
-4584
-4873
-5273
-5438
-5734
-6273
-6972
-7516
-7792
-8474
-9480
-10260
-10720
-10861
-10553
-10208
-10140
-10115
-10068
-9708
-8739
-6852
-3729
-769
804
2570
4756
6258
8248
10751
12315
13131
13745
14192
14364
13963
13354
12149
9827
7669
5792
3476
977
-899
-2838
-6017
-8322
-9425
-10687
-11094
-11019
-11213
-10660
-9284
-7759
-5855
-4171
-2634
-520
1373
3091
4924
6259
7102
7422
7083
6463
5717
4817
3745
2304
708
-877
-2587
-4032
-5295
-6742
-7890
-8557
-8766
-8342
-7733
-6809
-5669
-4899
-3434
-1388
30
1955
4228
5600
7162
8866
10027
11496
12566
12681
13222
13816
13456
13128
12922
11932
10961
10116
8646
7597
6784
5298
4244
2970
1011
-48
-1230
-2822
-3638
-5136
-6915
-7809
-9198
-10813
-12053
-13606
-14965
-16083
-17059
-17293
-17381
-17381
-17050
-16794
-16801
-16842
-16302
-14416
-11052
-7875
-5261
-2691
179
3124
5400
8492
11588
13652
15462
16804
17987
18890
19341
18702
17012
15358
13594
11446
9369
7353
4797
2234
-501
-3528
-5164
-6171
-7686
-8174
-8188
-8669
-7890
-6420
-5767
-5086
-3847
-2490
-1386
-231
1036
1430
1352
1636
1199
-1
-542
-799
-1926
-3377
-4225
-4896
-5904
-6562
-6775
-7384
-7813
-6937
-5517
-4314
-3022
-1815
-640
901
2457
4037
5925
7640
8912
9782
10155
10495
11043
11136
10850
10799
10680
10329
9871
8876
7873
7505
6855
5759
4781
3630
2803
2330
972
-404
-820
-1890
-3681
-4864
-5971
-6969
-7140
-7552
-8585
-9274
-9668
-9919
-9815
-9592
-9313
-9182
-9284
-8718
-7686
-7172
-6510
-5510
-5368
-5919
-6337
-6440
-5719
-4009
-2278
-1237
-377
990
2424
3533
5128
7184
8650
9688
10715
11608
12596
13169
12653
11683
10626
9479
8305
6463
4186
2384
423
-2451
-5389
-7392
-8711
-9908
-10637
-10860
-10790
-9663
-7733
-6496
-5474
-3407
-1021
927
2862
4448
5129
5655
6240
5838
4538
3440
2332
568
-1399
-3160
-4741
-6010
-7178
-8390
-9335
-9673
-9038
-7812
-6829
-5589
-3692
-1893
-40
2159
4139
6315
8838
10648
11915
13074
13621
13909
14012
13281
12518
12039
10904
9548
8225
6486
5144
3975
2137
650
-273
-1279
-2077
-2981
-3966
-4286
-4496
-5140
-5700
-6062
-6295
-6267
-6294
-6698
-6945
-6590
-6289
-6408
-6322
-6045
-5908
-5510
-5260
-5708
-5960
-5820
-6073
-6318
-6319
-6469
-6439
-6385
-7061
-8173
-8787
-8146
-6169
-3926
-2372
-995
784
2282
3575
5608
7912
9786
11186
12003
12947
14362
15257
15069
13883
12395
11313
10207
8590
6483
4361
2325
-357
-3030
-4980
-6571
-7354
-8137
-9310
-9223
-8531
-7700
-6124
-5106
-3778
-1337
435
2338
4607
5465
6006
6802
6520
5686
5096
4344
3200
1719
170
-1108
-2193
-3300
-4631
-6131
-7163
-7497
-7570
-7545
-7465
-7307
-7177
-7131
-6664
-5733
-4471
-3057
-2479
-2279
-1494
-730
175
1315
2280
3631
4574
4663
5306
6064
6348
7097
7907
7989
7856
8267
8842
8563
8010
7720
6609
5194
4679
3844
2264
1276
419
-1135
-2523
-3580
-4515
-4909
-5251
-5791
-5859
-5683
-5321
-4528
-4203
-4217
-3673
-3371
-3726
-4073
-4601
-5217
-5577
-6087
-6751
-7374
-8122
-8881
-9747
-10529
-9851
-7593
-5533
-3913
-1771
545
2814
5425
8094
10872
13721
15731
16976
18056
18767
19049
18761
17454
15530
13505
11302
8765
5444
1754
-1342
-4359
-7608
-10159
-12136
-13882
-14904
-15267
-14676
-13479
-12236
-10179
-8000
-6492
-4434
-1651
388
1947
3565
4342
4726
5115
5051
4497
3496
2360
1385
76
-1398
-2158
-3071
-4356
-5352
-6102
-6344
-6187
-5631
-4842
-4509
-4257
-3451
-2861
-2777
-2134
-1208
-976
-888
-267
96
198
546
410
-81
81
824
1255
1771
2824
3902
5325
6977
8473
9874
10877
11547
12100
12317
12358
12492
12281
11381
9965
8499
7077
5218
3125
1332
-449
-2106
-3268
-4400
-5437
-6023
-6648
-7197
-7305
-7124
-6478
-5721
-5411
-5133
-4830
-4727
-4566
-4540
-4938
-5547
-6079
-6337
-6564
-7252
-8146
-8665
-9207
-10136
-10182
-8625
-6478
-4303
-2306
-596
1445
4047
6684
8892
10759
12535
13559
13944
14601
14456
13519
12492
10360
7881
5673
3176
827
-1576
-4246
-6571
-8763
-10715
-11661
-12203
-12433
-11791
-10857
-9535
-7504
-5359
-3216
-857
1466
3669
5717
7472
8836
9391
9317
9184
8651
7617
6498
5062
3272
1567
-56
-1717
-3353
-4784
-5843
-6718
-7436
-7702
-7559
-7209
-6801
-6571
-6200
-5437
-4639
-3794
-2947
-2264
-1586
-974
-607
-121
408
708
908
882
1091
1592
2179
2680
2962
3550
4076
4524
5043
5537
6061
6320
6627
6801
6809
6909
6829
6488
5836
5166
4767
4355
3847
3444
2890
2401
2302
2120
1887
1923
1977
2052
2265
2409
2414
2382
2237
1800
1039
305
-391
-1554
-3081
-4670
-6466
-8251
-9873
-11579
-13175
-14517
-15686
-16616
-17402
-17964
-18043
-17842
-17196
-15699
-13540
-11111
-8403
-5461
-2585
352
3481
6570
9232
11661
14135
16197
17791
18801
19097
18802
18157
17439
16295
14748
12986
10915
8524
5844
3242
906
-1292
-3303
-5129
-6672
-7486
-7786
-8210
-8407
-8123
-7705
-7029
-6076
-5154
-4112
-3073
-2244
-1451
-859
-326
340
583
660
864
718
575
617
166
-564
-882
-1195
-1562
-1666
-1769
-1879
-1871
-1715
-1770
-1763
-1293
-1058
-1037
-875
-741
-797
-919
-960
-1254
-1768
-2083
-2240
-2287
-2146
-1930
-1600
-1256
-951
-544
-273
232
1120
1696
2305
3103
3573
4109
4641
5017
5664
6166
6337
6512
6456
6398
6497
6320
6061
5688
5276
4976
4705
4517
4212
3933
3548
3064
2704
2297
1733
1088
412
-644
-1796
-2878
-4016
-5340
-6721
-8093
-9760
-10976
-11985
-12933
-13424
-13791
-13778
-13596
-13300
-12494
-11283
-9998
-8483
-6450
-4197
-1634
1168
3684
5925
8114
9994
11410
12580
13416
13807
13881
13543
12646
11447
10027
8105
5879
3769
1770
-163
-1935
-3626
-5220
-6468
-7346
-7989
-8285
-8110
-7596
-6843
-5851
-4593
-3118
-1685
-457
784
2115
3280
4240
5119
5715
5902
5914
5781
5336
4777
4259
3477
2379
1467
816
-64
-1125
-1885
-2422
-3015
-3431
-3556
-3700
-3793
-3593
-3408
-3447
-3259
-2720
-2380
-2332
-2111
-1821
-1892
-2130
-2200
-2277
-2429
-2421
-2378
-2472
-2460
-2267
-2164
-2099
-1854
-1566
-1291
-786
-109
523
1158
1821
2412
2979
3629
4299
4903
5479
5959
6341
6795
7111
7075
6989
7028
6974
6594
6069
5888
5770
5148
4542
4245
3570
2586
1772
828
-271
-1101
-1926
-3089
-4317
-5321
-6141
-6995
-7969
-8826
-9458
-10014
-10356
-10334
-10127
-9734
-9105
-8500
-7830
-6813
-5680
-4488
-3103
-1759
-253
1627
3243
4526
5878
6867
7548
8441
8963
8974
9169
9135
8495
7829
7150
6176
5026
3853
2792
1761
735
-90
-1054
-2272
-3111
-3676
-4344
-4665
-4676
-4742
-4635
-4395
-4163
-3859
-3596
-3277
-2895
-2520
-1899
-1322
-1047
-732
-522
-481
-274
-75
74
351
556
709
991
1238
1362
1354
1274
1338
1388
1255
1215
1121
734
407
138
-232
-372
-389
-619
-840
-906
-982
-1073
-1157
-1236
-1248
-1238
-1154
-836
-569
-337
55
113
205
744
735
746
1441
1474
1274
1695
1857
1960
2212
2231
2468
2748
2866
3225
3486
3585
3764
3777
3710
3739
3709
3555
3324
2992
2620
2260
1856
1367
904
508
24
-447
-839
-1326
-1798
-2227
-2706
-3132
-3386
-3615
-3877
-4010
-4113
-4275
-4360
-4415
-4528
-4605
-4672
-4748
-4772
-4826
-4888
-4890
-4927
-4933
-4821
-4696
-4442
-3970
-3449
-2772
-1881
-1007
-58
991
1916
2795
3631
4316
4959
5503
5855
6101
6209
6183
6008
5557
4975
4399
3646
2768
1919
1056
292
-368
-1120
-1774
-2126
-2347
-2445
-2331
-2068
-1608
-957
-320
301
1028
1743
2341
2884
3320
3625
3825
3827
3688
3445
3036
2638
2207
1573
930
299
-371
-960
-1557
-2161
-2634
-2988
-3189
-3329
-3455
-3385
-3231
-3178
-3074
-2861
-2644
-2404
-2137
-1960
-1818
-1563
-1364
-1342
-1314
-1303
-1381
-1417
-1459
-1571
-1612
-1569
-1535
-1473
-1323
-1121
-847
-491
-160
169
618
1109
1541
1928
2246
2526
2814
3011
3082
3082
3057
3021
2876
2603
2379
2150
1818
1523
1193
800
605
472
196
27
6
-15
76
241
392
640
916
1158
1405
1572
1709
1818
1755
1668
1575
1332
1091
806
358
-33
-417
-894
-1258
-1587
-1990
-2278
-2491
-2779
-3040
-3215
-3382
-3554
-3679
-3717
-3685
-3619
-3497
-3389
-3296
-3098
-2885
-2746
-2534
-2287
-2126
-1908
-1593
-1301
-982
-550
-74
402
951
1591
2229
2838
3528
4209
4757
5313
5828
6112
6322
6461
6292
6065
5744
5153
4570
3877
3073
2273
1380
546
-268
-1126
-1827
-2417
-3014
-3421
-3645
-3886
-3972
-3847
-3732
-3530
-3152
-2823
-2518
-2084
-1741
-1531
-1255
-1087
-1077
-1045
-1098
-1257
-1432
-1668
-1916
-2177
-2433
-2598
-2755
-2879
-2861
-2818
-2731
-2499
-2230
-1929
-1519
-1074
-612
-98
417
907
1401
1848
2238
2604
2895
3112
3315
3461
3561
3661
3725
3765
3820
3860
3896
3957
4013
4054
4081
4081
4058
4000
3897
3760
3568
3337
3078
2759
2401
2018
1573
1109
644
148
-335
-789
-1260
-1690
-2077
-2482
-2831
-3139
-3465
-3716
-3932
-4160
-4298
-4439
-4596
-4665
-4749
-4837
-4850
-4867
-4841
-4736
-4624
-4444
-4211
-3959
-3607
-3207
-2757
-2193
-1637
-1054
-323
306
933
1681
2251
2795
3366
3749
4070
4332
4410
4423
4366
4148
3898
3604
3232
2873
2492
2111
1765
1422
1110
844
584
370
194
11
-130
-257
-415
-539
-657
-809
-934
-1049
-1194
-1327
-1458
-1605
-1748
-1922
-2102
-2246
-2386
-2495
-2525
-2514
-2443
-2281
-2057
-1764
-1393
-957
-462
61
602
1141
1654
2139
2579
2957
3298
3602
3846
4053
4217
4312
4349
4320
4204
4019
3767
3448
3086
2663
2176
1682
1152
590
50
-500
-1045
-1521
-1984
-2435
-2811
-3140
-3431
-3659
-3829
-3946
-4016
-4018
-3960
-3881
-3750
-3552
-3328
-3084
-2800
-2485
-2177
-1866
-1538
-1248
-982
-706
-472
-284
-90
78
212
336
441
514
562
592
597
551
484
428
333
201
96
8
-88
-138
-133
-83
24
188
431
749
1110
1519
1978
2458
2943
3419
3868
4264
4563
4769
4876
4855
4711
4464
4083
3595
3039
2400
1697
969
209
-559
-1284
-1961
-2563
-3063
-3464
-3746
-3907
-3957
-3883
-3709
-3451
-3108
-2727
-2314
-1875
-1471
-1100
-740
-434
-189
15
149
224
271
285
256
206
146
83
1
-82
-150
-230
-319
-396
-491
-603
-705
-816
-941
-1057
-1176
-1306
-1425
-1535
-1629
-1687
-1704
-1662
-1564
-1407
-1178
-892
-550
-142
296
754
1236
1703
2135
2527
2845
3072
3215
3265
3210
3062
2818
2501
2125
1700
1254
800
347
-70
-430
-742
-987
-1148
-1246
-1267
-1186
-1051
-866
-617
-368
-119
150
377
572
748
851
905
914
858
762
626
460
291
104
-72
-222
-365
-471
-526
-552
-533
-464
-368
-248
-107
41
183
305
403
459
460
410
310
148
-62
-303
-578
-858
-1111
-1338
-1509
-1606
-1648
-1616
-1511
-1345
-1122
-846
-539
-213
119
445
740
997
1217
1373
1451
1472
1415
1261
1040
755
392
-10
-434
-875
-1303
-1702
-2051
-2331
-2542
-2660
-2683
-2628
-2482
-2262
-1992
-1671
-1319
-952
-567
-186
188
553
886
1194
1474
1704
1898
2057
2170
2251
2301
2308
2287
2238
2158
2065
1956
1829
1696
1557
1408
1250
1086
912
726
528
329
131
-62
-238
-397
-534
-634
-702
-739
-720
-651
-558
-423
-248
-64
117
307
488
623
714
770
763
692
577
420
217
-12
-260
-523
-784
-1033
-1266
-1471
-1635
-1765
-1855
-1894
-1876
-1814
-1704
-1557
-1382
-1192
-988
-777
-569
-372
-191
-36
92
196
276
318
328
313
278
222
155
85
14
-51
-112
-175
-236
-289
-336
-377
-407
-417
-419
-417
-418
-410
-395
-372
-336
-285
-227
-166
-102
-30
45
125
215
314
414
522
637
754
872
997
1122
1242
1358
1469
1568
1661
1743
1805
1836
1839
1818
1768
1691
1600
1493
1364
1216
1060
896
720
538
353
156
-52
-266
-481
-699
-919
-1133
-1334
-1524
-1690
-1822
-1920
-1987
-2009
-1994
-1948
-1867
-1747
-1613
-1460
-1273
-1067
-868
-667
-462
-265
-82
88
244
390
519
626
700
750
781
790
780
757
720
674
629
592
564
546
537
535
538
550
567
587
601
599
573
519
432
312
156
-32
-249
-485
-734
-982
-1216
-1425
-1598
-1727
-1804
-1833
-1812
-1742
-1623
-1452
-1237
-984
-703
-405
-96
211
505
776
1012
1207
1360
1468
1531
1547
1519
1445
1336
1194
1034
867
705
560
436
333
252
192
147
115
92
69
44
12
-32
-89
-161
-248
-345
-446
-539
-616
-670
-701
-706
-688
-647
-587
-510
-414
-302
-168
-15
156
334
511
679
833
966
1079
1166
1225
1251
1243
1201
1122
1004
855
680
494
307
124
-50
-219
-385
-545
-685
-804
-912
-1005
-1081
-1158
-1235
-1298
-1351
-1407
-1460
-1499
-1525
-1536
-1525
-1488
-1433
-1359
-1255
-1130
-985
-811
-605
-379
-139
122
389
648
901
1156
1402
1631
1847
2036
2179
2281
2339
2326
2250
2126
1958
1735
1465
1163
832
480
131
-213
-546
-847
-1101
-1308
-1474
-1586
-1644
-1656
-1623
-1546
-1436
-1300
-1136
-947
-748
-546
-350
-165
8
166
305
424
519
584
623
636
625
592
540
475
410
344
274
210
160
128
111
112
127
149
174
205
235
255
264
257
235
202
160
99
21
-64
-146
-225
-297
-367
-442
-512
-573
-623
-657
-674
-690
-702
-693
-669
-646
-611
-550
-478
-407
-326
-243
-167
-96
-32
22
72
124
173
211
242
264
278
288
297
303
304
302
295
289
285
280
272
263
255
257
270
290
314
341
366
396
430
465
497
522
541
551
561
566
566
555
531
500
464
430
399
366
326
279
223
155
79
-8
-105
-212
-322
-430
-530
-619
-696
-758
-805
-832
-836
-818
-779
-723
-649
-563
-461
-349
-231
-114
-2
104
202
289
361
413
438
435
399
332
238
118
-23
-179
-347
-521
-692
-850
-988
-1098
-1179
-1223
-1231
-1196
-1129
-1024
-890
-725
-533
-318
-91
138
354
554
731
886
1018
1121
1194
1234
1239
1210
1147
1049
922
771
604
434
268
113
-29
-152
-253
-328
-374
-392
-381
-341
-273
-182
-72
50
180
313
445
569
683
777
849
898
920
912
871
795
684
548
395
229
59
-112
-281
-440
-584
-706
-803
-874
-919
-943
-942
-923
-889
-841
-785
-723
-654
-583
-511
-444
-381
-320
-255
-186
-114
-45
20
80
138
199
261
329
393
456
514
565
605
633
648
648
634
606
565
510
443
362
272
177
77
-21
-118
-206
-282
-347
-396
-427
-443
-442
-432
-412
-388
-360
-332
-305
-282
-267
-262
-272
-292
-326
-363
-402
-441
-477
-507
-530
-545
-550
-539
-513
-471
-409
-329
-235
-129
-19
96
208
319
422
514
600
681
758
834
901
958
998
1017
1013
991
949
892
822
739
645
538
424
306
192
85
-10
-93
-162
-220
-266
-293
-307
-305
-289
-261
-221
-177
-132
-90
-54
-22
7
28
38
36
19
-11
-50
-97
-155
-221
-294
-369
-444
-514
-579
-640
-693
-733
-758
-761
-749
-719
-676
-618
-553
-477
-398
-320
-244
-170
-99
-29
40
108
175
237
291
338
375
406
431
449
463
473
479
482
482
474
461
443
420
396
368
338
303
262
215
164
112
60
12
-32
-69
-99
-121
-138
-151
-162
-169
-173
-172
-164
-149
-130
-103
-76
-51
-33
-17
-2
14
29
43
55
66
79
92
107
122
135
150
166
185
202
219
231
240
246
247
242
230
212
186
153
114
66
12
-53
-124
-199
-274
-347
-414
-476
-529
-574
-607
-630
-642
-643
-632
-607
-566
-511
-446
-376
-301
-228
-154
-82
-10
59
124
184
241
290
335
373
405
428
442
439
424
395
353
300
239
172
106
42
-17
-68
-113
-150
-175
-186
-186
-169
-137
-94
-45
18
87
156
227
298
362
419
468
509
536
549
547
529
496
449
388
315
236
148
60
-25
-109
-188
-264
-332
-395
-449
-489
-519
-544
-554
-558
-554
-538
-510
-482
-450
-412
-368
-324
-272
-219
-170
-121
-74
-32
5
37
64
87
103
117
129
135
138
140
140
143
147
150
156
158
159
159
158
157
156
153
153
152
150
149
149
148
143
133
114
88
57
24
-8
-39
-67
-93
-116
-131
-138
-137
-131
-117
-101
-79
-56
-29
-3
23
50
78
106
133
153
171
183
194
202
205
202
192
181
166
151
134
118
101
81
60
36
13
-14
-40
-68
-98
-125
-148
-166
-177
-185
-189
-192
-193
-193
-193
-193
-194
-196
-196
-195
-192
-189
-187
-186
-187
-189
-192
-197
-199
-198
-192
-177
-154
-125
-90
-52
-12
29
68
105
143
177
211
240
264
282
294
302
306
302
293
274
248
216
179
137
96
58
21
-12
-37
-57
-77
-89
-96
-100
-104
-98
-86
-71
-51
-27
-2
23
51
80
106
129
146
155
162
163
160
150
133
111
86
61
34
4
-28
-62
-99
-136
-173
-211
-248
-282
-312
-335
-348
-357
-359
-355
-344
-329
-304
-276
-241
-201
-156
-108
-59
-11
35
83
132
180
227
269
307
339
369
399
427
452
476
493
500
499
490
472
448
418
381
336
286
232
176
117
59
-1
-61
-121
-176
-231
-281
-328
-371
-409
-441
-470
-495
-516
-537
-553
-562
-568
-570
-568
-558
-539
-507
-471
-429
-386
-339
-287
-230
-168
-107
-42
24
90
156
220
280
335
385
428
462
489
506
515
516
505
486
458
423
384
340
293
248
204
160
114
71
33
0
-31
-52
-65
-68
-68
-65
-61
-54
-47
-38
-24
-12
-1
7
13
14
11
2
-8
-21
-33
-46
-61
-73
-88
-103
-119
-137
-153
-170
-186
-200
-212
-221
-226
-227
-222
-212
-196
-176
-151
-126
-96
-65
-33
-1
32
65
99
135
163
190
212
227
239
251
259
259
260
257
247
234
220
200
174
146
116
87
58
32
8
-14
-38
-64
-91
-117
-141
-163
-181
-195
-207
-219
-229
-229
-223
-215
-208
-202
-191
-177
-159
-139
-114
-90
-63
-36
-12
11
32
49
64
76
86
92
96
98
98
98
100
103
106
113
118
125
130
133
135
134
128
118
102
83
60
36
12
-11
-31
-51
-68
-84
-100
-114
-125
-131
-133
-130
-126
-118
-106
-92
-78
-66
-54
-45
-38
-32
-30
-30
-36
-43
-54
-62
-70
-76
-78
-77
-74
-68
-59
-47
-30
-10
13
39
66
94
120
144
167
184
199
209
213
214
207
197
186
173
156
137
117
96
76
57
42
28
18
10
0
-13
-27
-43
-58
-70
-80
-88
-88
-86
-81
-78
-75
-74
-68
-60
-49
-37
-25
-14
-1
13
22
27
26
22
17
7
-2
-11
-17
-23
-31
-39
-47
-54
-58
-60
-60
-62
-59
-56
-49
-41
-33
-28
-25
-24
-27
-31
-39
-49
-60
-67
-75
-81
-87
-91
-92
-90
-84
-72
-55
-35
-10
15
41
64
85
104
119
131
137
142
142
137
128
115
102
86
71
56
41
28
14
2
-9
-17
-24
-28
-31
-33
-33
-34
-37
-43
-51
-59
-67
-72
-77
-80
-83
-84
-82
-75
-64
-51
-37
-23
-9
6
22
38
54
67
77
84
87
85
80
73
65
55
43
32
20
10
1
-5
-8
-6
0
10
24
41
59
78
97
115
131
145
156
164
168
167
162
154
138
122
100
75
49
23
-5
-34
-63
-95
-125
-154
-182
-211
-242
-270
-297
-320
-338
-351
-358
-358
-351
-336
-315
-289
-257
-221
-181
-138
-95
-51
-9
31
67
98
124
143
157
167
169
167
159
148
132
116
98
81
64
50
39
31
27
25
28
34
43
54
67
80
94
107
118
128
135
139
143
147
151
156
160
164
164
162
157
150
143
132
122
110
96
79
59
36
9
-17
-44
-71
-98
-125
-147
-167
-183
-194
-200
-202
-198
-192
-183
-172
-159
-141
-120
-102
-88
-72
-55
-44
-36
-33
-34
-37
-42
-47
-50
-53
-56
-59
-59
-57
-50
-42
-29
-16
-5
9
21
34
47
60
73
85
95
102
106
105
102
94
87
81
73
65
54
45
36
29
24
20
19
18
20
22
25
29
32
34
35
34
31
26
21
16
10
5
3
2
1
-1
-4
-9
-14
-19
-24
-30
-39
-47
-55
-63
-69
-75
-80
-85
-88
-87
-85
-79
-71
-65
-56
-44
-28
-11
11
30
51
73
92
109
123
133
138
139
137
131
121
108
93
76
60
41
20
2
-18
-33
-48
-61
-74
-84
-91
-93
-93
-90
-87
-81
-73
-63
-52
-41
-31
-23
-16
-11
-9
-9
-11
-14
-18
-22
-28
-33
-39
-45
-48
-53
-56
-59
-60
-58
-56
-53
-48
-41
-34
-25
-19
-8
2
12
24
35
48
59
69
78
88
95
101
106
111
113
114
115
109
104
97
88
78
68
57
47
35
24
12
1
-9
-19
-25
-30
-33
-34
-36
-35
-34
-33
-30
-28
-27
-25
-22
-20
-18
-19
-18
-18
-19
-22
-25
-29
-33
-38
-43
-46
-48
-46
-44
-40
-35
-30
-24
-18
-12
-5
2
9
14
17
18
17
17
16
14
12
9
6
2
-2
-7
-10
-15
-19
-19
-19
-18
-17
-16
-14
-10
-6
-2
3
8
14
21
27
31
33
33
33
34
35
38
38
37
36
33
29
23
17
11
5
-1
-7
-13
-19
-26
-32
-36
-39
-40
-40
-39
-36
-35
-32
-27
-20
-13
-7
1
7
11
17
20
22
25
28
30
33
35
37
39
38
37
34
31
25
20
14
9
5
1
-2
-6
-10
-15
-21
-26
-30
-33
-35
-34
-33
-30
-27
-21
-17
-14
-10
-8
-4
-2
1
3
5
6
6
4
1
-2
-7
-10
-13
-15
-16
-16
-17
-17
-17
-18
-16
-13
-12
-8
-5
-3
0
3
7
10
13
17
19
21
22
25
26
29
30
31
31
31
30
32
33
35
37
39
40
39
38
36
32
28
24
20
15
10
3
-4
-9
-16
-22
-27
-32
-35
-39
-42
-45
-48
-52
-57
-59
-62
-64
-66
-66
-66
-64
-62
-59
-54
-51
-47
-44
-41
-36
-35
-30
-28
-23
-17
-11
-3
7
16
25
32
41
47
56
63
69
74
79
82
82
81
79
73
68
62
57
51
46
42
37
33
28
25
22
20
18
17
17
15
15
16
18
20
21
22
22
20
19
16
13
10
6
3
-4
-11
-20
-29
-39
-49
-59
-67
-76
-83
-90
-93
-95
-95
-94
-91
-84
-77
-68
-60
-52
-41
-32
-23
-14
-5
4
13
23
34
42
48
54
56
57
56
54
52
49
45
39
34
25
18
10
2
-3
-8
-11
-14
-16
-17
-20
-21
-22
-23
-23
-21
-18
-14
-9
-3
2
5
8
10
11
13
14
15
17
19
18
18
16
12
10
6
3
1
-1
-3
-4
-5
-5
-7
-9
-11
-10
-12
-11
-11
-8
-4
1
6
12
16
22
26
30
32
36
37
38
40
41
38
37
34
30
25
20
14
8
2
-5
-12
-18
-24
-28
-31
-34
-35
-36
-35
-34
-32
-29
-26
-21
-20
-17
-15
-14
-11
-10
-9
-8
-7
-7
-8
-9
-10
-11
-12
-13
-13
-13
-13
-13
-12
-11
-10
-9
-8
-6
-4
-2
2
5
8
9
12
13
12
11
11
10
9
8
6
6
4
0
-1
-4
-4
-5
-5
-4
-3
-2
-1
0
1
1
2
5
8
11
16
18
20
22
22
23
24
25
25
25
24
21
18
15
12
9
5
2
-3
-4
-8
-9
-11
-12
-12
-14
-14
-12
-12
-11
-8
-5
-4
0
5
7
10
13
15
18
19
19
17
15
12
9
6
2
-2
-5
-10
-15
-21
-24
-28
-30
-32
-36
-35
-36
-36
-37
-37
-37
-36
-34
-30
-26
-17
-11
-3
4
9
13
16
19
22
23
26
29
30
30
28
28
24
20
15
12
8
5
3
1
-1
-1
-2
0
0
0
1
1
1
3
4
6
9
11
13
14
16
17
16
15
12
10
6
4
1
0
-3
-4
-7
-9
-12
-16
-19
-20
-21
-21
-19
-19
-18
-18
-16
-14
-10
-8
-4
-2
0
3
4
5
8
8
10
11
12
12
13
13
13
12
11
10
7
7
4
2
1
-1
-1
-2
-2
-2
-2
-1
-2
0
0
2
3
3
2
1
-1
-2
-2
-3
-2
-3
-4
-6
-8
-10
-13
-15
-17
-18
-19
-18
-18
-20
-18
-17
-15
-12
-9
-5
-2
1
4
6
7
9
10
10
12
14
15
15
15
15
15
15
13
14
13
11
9
6
5
3
2
1
1
1
1
1
3
4
3
5
5
5
6
5
4
3
2
1
0
-1
-3
-5
-7
-9
-12
-13
-15
-17
-17
-17
-16
-17
-17
-17
-17
-17
-17
-16
-14
-11
-8
-4
-2
1
3
6
9
12
14
18
22
25
27
29
29
29
27
25
23
22
20
18
16
13
11
8
6
4
2
0
-2
-4
-7
-9
-13
-15
-15
-16
-16
-17
-17
-18
-17
-19
-19
-17
-16
-15
-14
-13
-11
-11
-11
-9
-9
-8
-8
-8
-7
-5
-3
-2
0
1
2
2
4
4
6
8
9
11
11
13
13
11
11
10
11
13
13
14
15
16
15
14
12
9
7
5
3
2
2
0
-1
-2
-3
-4
-5
-5
-7
-8
-9
-9
-9
-9
-10
-10
-11
-12
-12
-14
-15
-14
-14
-13
-12
-11
-8
-6
-4
-2
0
2
2
4
5
6
8
10
11
11
14
14
15
16
16
17
17
17
16
13
10
7
3
0
-3
-4
-6
-5
-6
-6
-6
-7
-7
-7
-7
-7
-5
-6
-7
-7
-7
-7
-7
-6
-4
-3
-1
0
1
0
0
0
-1
-2
-3
-3
-2
-1
-1
0
0
2
1
2
3
3
3
4
4
5
4
5
5
6
8
8
8
9
9
8
7
6
5
4
2
0
-2
-5
-6
-7
-8
-9
-9
-8
-8
-8
-7
-8
-8
-7
-5
-6
-5
-6
-5
-5
-5
-6
-7
-5
-4
-3
-2
1
2
3
5
6
7
8
9
9
8
9
8
8
7
6
4
3
1
0
0
-1
-1
-1
0
0
1
0
0
1
0
1
-2
-1
-2
-2
-2
-1
-1
0
0
-1
-1
-2
-2
-1
0
0
1
1
0
0
0
0
0
-1
0
0
1
2
2
3
3
3
2
3
3
3
3
3
3
4
4
4
4
4
4
3
3
2
2
1
1
0
-2
-5
-5
-7
-8
-9
-10
-10
-10
-10
-9
-9
-9
-9
-9
-9
-9
-9
-7
-7
-7
-6
-5
-4
-2
-2
-1
1
2
3
5
6
6
7
9
9
10
10
10
9
9
9
8
7
5
6
5
4
3
3
3
2
2
1
1
1
1
1
1
1
1
1
1
1
1
1
0
-1
-2
-1
-1
-1
-1
-2
-2
-1
-3
-3
-5
-5
-5
-5
-5
-5
-5
-4
-3
-2
-2
-1
0
-1
-1
0
-1
0
-1
-1
0
0
0
0
-1
0
0
0
1
1
2
4
4
5
5
5
4
3
1
0
1
0
0
-1
-1
-3
-4
-4
-5
-5
-5
-5
-6
-5
-5
-4
-4
-3
-3
-3
-2
0
0
0
0
0
0
0
0
0
0
0
-2
0
-2
-1
-1
-1
0
0
0
0
1
3
3
5
4
5
6
8
7
8
8
8
8
8
9
9
9
8
7
5
5
4
3
3
3
3
2
2
1
0
0
0
0
0
0
0
-1
-1
-3
-4
-5
-6
-6
-7
-7
-8
-9
-11
-10
-11
-11
-12
-13
-15
-14
-14
-12
-9
-8
-7
-4
-3
-2
-1
1
1
3
5
5
5
6
8
6
7
6
6
6
5
6
6
3
2
4
4
3
4
2
3
3
5
3
3
2
3
1
0
1
-1
-1
-1
-1
0
-1
-1
-2
-2
-2
-3
-4
-3
-4
-2
-1
-1
0
-1
0
1
0
0
0
0
0
-1
1
1
2
2
3
3
3
3
3
3
2
4
5
4
5
5
4
5
5
6
5
4
3
3
2
1
-1
-1
-3
-3
-4
-5
-7
-9
-10
-11
-10
-11
-9
-9
-8
-7
-7
-6
-7
-6
-6
-5
-4
-4
-4
-1
-1
0
1
2
3
5
5
6
6
7
8
8
8
8
9
9
9
9
9
8
7
7
7
5
4
3
2
0
0
-1
0
0
-1
-2
-4
-5
-6
-7
-9
-7
-9
-9
-8
-9
-7
-8
-8
-7
-8
-8
-7
