SAMPLES:	11555
BITSPERSAMPLE:	16
CHANNELS:	1
SAMPLERATE:	16000
NORMALIZED:	FALSE
0
-2
-1
-1
0
0
0
0
0
0
0
0
0
2
1
1
1
1
-1
0
1
-1
1
0
-1
1
-1
1
0
-1
2
-3
3
-3
2
0
0
0
0
-1
-1
0
0
0
0
0
0
0
1
0
1
-1
1
2
1
1
1
1
1
1
1
0
1
1
0
0
0
0
-1
-1
-3
-3
-2
-2
-1
-1
0
-1
-1
-1
-1
-1
-1
-1
-2
-1
-1
-2
-1
-2
-1
-1
0
0
0
0
0
0
0
0
0
0
0
0
0
0
0
0
0
0
0
0
0
0
0
1
1
2
1
4
3
4
3
2
3
1
1
0
0
0
1
-1
0
0
0
0
0
1
0
0
-1
0
0
0
0
2
1
1
2
0
-1
0
0
0
0
0
0
0
0
0
-1
-1
-3
-2
-2
-1
0
-1
-1
-1
-1
0
-1
-2
-2
-1
-1
-1
-3
-2
-2
-2
-2
-2
-3
-2
-1
-1
0
-1
0
0
0
0
0
0
0
0
1
1
2
2
2
2
1
1
1
1
0
0
0
0
1
1
2
1
1
1
1
1
1
1
1
1
1
0
0
0
0
0
0
0
0
0
0
0
-1
0
0
0
0
0
0
0
0
0
0
0
0
0
1
0
0
0
0
0
-1
-1
0
-2
-2
-3
-2
-2
-3
-3
-2
-3
-1
-1
-2
-1
-1
-1
-1
-1
-1
0
0
0
0
2
1
1
1
1
1
0
1
2
2
3
3
4
4
4
3
3
1
1
1
2
2
2
2
1
2
2
2
2
1
1
0
0
-1
0
-1
-1
-2
-2
-2
-2
-3
-3
-3
-6
-5
-5
-8
-7
-7
-7
-7
-7
-6
-6
-6
-4
-3
-2
-2
0
-1
1
2
3
4
4
4
5
6
6
7
7
8
8
10
11
12
12
12
12
10
9
6
4
3
2
1
0
-1
-1
-4
-5
-7
-8
-10
-13
-13
-13
-14
-14
-15
-15
-15
-15
-13
-11
-11
-9
-9
-7
-4
-4
0
2
4
6
6
8
10
12
13
14
16
16
19
20
21
20
21
20
18
16
14
10
6
3
0
-3
-6
-8
-12
-14
-18
-20
-22
-24
-26
-27
-27
-28
-28
-28
-25
-24
-23
-20
-17
-14
-11
-8
-5
-2
0
6
9
13
17
21
25
29
33
38
40
42
43
45
46
47
46
47
47
45
44
38
32
27
20
13
7
0
-6
-13
-19
-25
-32
-42
-50
-61
-72
-84
-96
-107
-116
-124
-129
-131
-133
-131
-125
-117
-104
-88
-71
-52
-33
-12
6
27
48
69
92
113
135
158
182
206
233
258
284
305
322
333
340
341
332
309
279
248
215
177
140
98
52
2
-48
-97
-147
-199
-249
-303
-360
-428
-497
-574
-655
-737
-812
-876
-932
-984
-1030
-1068
-1086
-1081
-1049
-992
-913
-819
-711
-589
-451
-302
-139
24
184
343
501
658
818
983
1160
1354
1568
1792
2024
2260
2477
2665
2826
2948
3034
3071
3027
2924
2792
2624
2430
2190
1898
1573
1223
857
485
102
-290
-683
-1058
-1414
-1760
-2094
-2402
-2691
-2969
-3218
-3418
-3576
-3702
-3785
-3825
-3824
-3781
-3699
-3579
-3416
-3227
-3013
-2761
-2470
-2160
-1832
-1479
-1107
-727
-329
82
490
896
1291
1667
2031
2373
2680
2948
3184
3397
3580
3720
3811
3858
3867
3835
3766
3666
3537
3371
3164
2921
2647
2344
2005
1633
1235
820
394
-29
-454
-887
-1317
-1729
-2120
-2489
-2842
-3171
-3474
-3732
-3955
-4148
-4301
-4388
-4413
-4395
-4322
-4193
-4025
-3816
-3556
-3257
-2938
-2580
-2146
-1682
-1243
-803
-297
259
792
1281
1767
2263
2754
3237
3692
4082
4412
4720
4998
5200
5316
5401
5464
5449
5325
5153
4971
4733
4422
4057
3633
3175
2722
2260
1729
1141
580
47
-498
-1048
-1618
-2176
-2686
-3194
-3688
-4143
-4575
-4924
-5192
-5485
-5731
-5862
-5927
-5914
-5863
-5796
-5628
-5384
-5104
-4755
-4389
-4007
-3509
-2946
-2410
-1857
-1268
-659
-17
574
1121
1702
2247
2744
3246
3647
3987
4326
4582
4819
5000
5040
5108
5174
5086
4981
4863
4645
4385
4088
3727
3335
2917
2478
2009
1516
1007
494
-6
-512
-1048
-1585
-2088
-2554
-2994
-3420
-3826
-4187
-4478
-4706
-4905
-5069
-5164
-5200
-5177
-5089
-4960
-4791
-4525
-4165
-3796
-3432
-2991
-2464
-1914
-1362
-803
-227
398
1049
1675
2265
2853
3446
4014
4531
4998
5426
5814
6154
6404
6565
6688
6768
6769
6689
6526
6295
6029
5745
5377
4886
4386
3902
3328
2734
2112
1418
766
119
-581
-1255
-1947
-2639
-3236
-3890
-4565
-5096
-5624
-6101
-6489
-6879
-7204
-7400
-7556
-7644
-7547
-7539
-7458
-7150
-6921
-6578
-6091
-5661
-5122
-4451
-3824
-3131
-2340
-1614
-837
-58
640
1393
2146
2819
3457
4007
4475
4928
5346
5711
5977
6151
6288
6352
6367
6368
6273
6040
5737
5459
5170
4766
4255
3761
3313
2813
2176
1500
925
418
-172
-885
-1603
-2156
-2571
-3075
-3688
-4222
-4605
-4858
-5123
-5475
-5753
-5850
-5830
-5858
-5897
-5737
-5523
-5216
-4739
-4556
-4290
-3480
-2831
-2358
-1701
-1128
-428
408
1127
1867
2461
3023
3895
4661
5042
5405
6102
6774
6898
6947
7338
7647
7653
7523
7447
7248
6833
6756
6651
5786
5034
4807
4277
3556
2819
1940
1378
772
-247
-920
-1576
-2536
-3011
-3656
-4867
-5417
-5692
-6381
-6939
-7638
-8196
-8125
-8473
-8980
-8978
-9281
-9148
-8428
-8805
-8970
-7813
-7370
-7086
-5949
-5619
-5079
-3374
-2476
-1727
-725
-328
1277
2864
2627
3484
4888
5123
6119
6855
6612
7244
7813
8002
8315
7635
7292
8152
7941
6931
6707
6317
5760
5810
5220
3892
3328
3202
2698
1748
601
172
3
-1030
-1969
-2533
-3399
-3766
-3924
-4910
-5881
-6269
-6220
-6003
-6771
-7807
-7319
-6684
-7035
-6925
-6654
-6823
-5978
-4723
-4778
-4879
-3874
-2598
-1639
-1277
-962
191
1355
2046
2807
3349
3863
4859
5785
6198
6189
6480
7465
7859
7469
7649
7975
7795
7828
7783
7097
6735
6957
6755
5976
5184
4741
4543
4038
3153
2541
1909
1077
628
51
-1059
-1867
-1988
-2604
-3735
-4559
-4986
-5134
-5968
-6890
-7253
-7510
-7924
-8166
-8115
-8909
-9323
-8495
-8084
-8541
-8468
-7724
-7142
-6759
-6241
-5139
-4785
-3979
-2622
-2182
-1036
-366
393
1947
2433
2660
3725
4753
5013
5480
5947
6156
6389
6633
7003
6840
6482
6459
6461
6201
5780
5456
5051
4525
4045
3598
3087
2491
1826
1263
603
-151
-526
-996
-1957
-2631
-2975
-3517
-4041
-4589
-5030
-5106
-5591
-5952
-5629
-6054
-6232
-5290
-5480
-5876
-4937
-4427
-4083
-3312
-3064
-2517
-1471
-812
-23
884
1278
1897
3186
3834
3867
4848
5909
6001
6308
6773
7101
7761
7882
7601
7754
7634
7645
8154
7522
6433
6574
6584
5844
5268
4626
3873
3240
2432
1783
1012
-187
-716
-1345
-2737
-3792
-4271
-4774
-5675
-6693
-7597
-7896
-8334
-8990
-8934
-9639
-10499
-9907
-9334
-9733
-9954
-9370
-8815
-8372
-7549
-7142
-6647
-5199
-4755
-3893
-2086
-2169
-1162
1014
1080
1663
3161
3624
4388
5246
5343
6030
6654
6549
7000
7262
6952
6904
7031
7100
6439
5838
5847
5420
4917
4507
3846
3049
2338
1964
1697
825
-323
-719
-1043
-1787
-2384
-3010
-3497
-3779
-4337
-4776
-4989
-5245
-5105
-5028
-5427
-5455
-5020
-4425
-3735
-3612
-3816
-3023
-1613
-795
-404
-10
662
1875
2960
3488
4159
4876
5324
6209
7071
7008
7218
8263
8520
8113
8123
8284
8479
8408
7839
7215
6821
6392
6340
5904
4197
3418
3274
2358
1475
445
-743
-1467
-2225
-3410
-4184
-5130
-6167
-6583
-7442
-8648
-9215
-9214
-9648
-10443
-10903
-10812
-10575
-10798
-10385
-9952
-10397
-9652
-8297
-7908
-7419
-6528
-5709
-4415
-3283
-2854
-1318
-123
143
1766
2858
3126
4149
5367
5803
5909
6618
7033
7287
7501
7399
7245
6961
6810
6662
6254
5653
5071
4583
4109
3515
2795
2281
1739
934
234
-286
-906
-1458
-1935
-2506
-3000
-3451
-3813
-3958
-4090
-4301
-4553
-4592
-4373
-4346
-4096
-3441
-3348
-3297
-2430
-1658
-1187
-458
258
818
1531
2372
3239
3977
4519
5036
5622
6224
6695
7197
7646
7637
7538
7800
8023
7864
7653
7357
6848
6431
5964
5643
5123
3987
3364
2709
1662
1154
273
-846
-1690
-2855
-3774
-4441
-5634
-6434
-7079
-8429
-9066
-9404
-10157
-10570
-10904
-11342
-11469
-11391
-11395
-10861
-10484
-10492
-9674
-8776
-8221
-7264
-6162
-5347
-4235
-3109
-1998
-600
263
1069
2519
3608
3836
4899
6020
6011
6710
7378
7223
7324
7574
7501
7511
7285
6439
6416
6256
5248
4992
4547
3562
3182
2554
1727
1349
465
-312
-501
-1233
-2054
-2422
-2785
-3182
-3489
-3728
-3960
-4014
-3910
-3764
-3358
-3205
-3272
-2496
-1691
-1432
-697
-17
310
1185
2085
2726
3579
4138
4491
5390
6085
6138
6742
7549
7390
7340
7720
7639
7771
7874
7423
7198
6715
6186
6528
6057
4732
4340
3847
2877
2341
1515
378
-536
-1695
-2576
-3171
-4766
-5876
-6227
-7583
-8850
-9392
-10058
-10971
-11584
-11962
-12393
-12728
-12916
-12503
-12237
-12358
-11710
-10866
-10337
-9405
-8304
-7360
-6176
-5060
-3978
-2570
-1529
-592
907
2023
2583
3500
4436
4944
5894
6571
6536
6894
6928
7082
7777
7604
6770
6740
6681
6173
6282
5492
4867
4603
3504
3374
2839
1744
1432
876
-13
-649
-1298
-1769
-1745
-2345
-3128
-3162
-3149
-3277
-3152
-2765
-2665
-2892
-2387
-1178
-801
-713
211
851
1221
2174
2990
3466
4149
4725
5181
5827
6196
6446
7242
7548
6946
6990
7398
7230
7198
7034
6466
6122
5661
5314
5278
4600
3630
3071
2483
1734
961
188
-821
-2107
-3086
-3910
-5087
-6298
-7276
-8186
-9361
-10568
-11237
-11808
-12492
-12844
-13364
-13959
-13769
-13213
-13036
-12878
-12303
-11627
-10664
-9382
-8365
-7403
-5969
-4601
-3466
-1810
-517
343
2040
3458
4108
5060
5981
6703
7745
8359
8323
8532
8752
8959
9260
8951
8388
8111
7790
7389
6929
6312
5661
4919
4061
3447
2711
1810
1324
761
-253
-1273
-1809
-1939
-2060
-2721
-3743
-3839
-3606
-3505
-2798
-2877
-3625
-3028
-1855
-1149
-628
-412
198
1166
1667
2476
3519
3892
4344
5117
5311
5406
6229
7001
6984
6646
6477
6559
6936
7220
6944
6128
5421
5407
5591
5249
4455
3817
3025
2381
2100
1040
201
-513
-2172
-3097
-3846
-5591
-6486
-6928
-8689
-10258
-10783
-11671
-12603
-12797
-13448
-14388
-14460
-14362
-13997
-13580
-13433
-12762
-11992
-10970
-9725
-8796
-7358
-5850
-4845
-3353
-1786
-783
686
2391
3330
3917
4789
5862
6804
7453
7727
7779
8041
8401
8462
8467
8399
7842
7315
7245
6938
6270
5612
5131
4616
3619
2850
2537
1781
1010
635
-474
-1494
-1476
-1752
-1975
-2362
-3342
-3590
-2789
-2395
-2635
-2366
-2619
-2219
-861
-353
305
615
912
2183
3216
3875
4623
5339
5808
6298
7014
7495
7758
8343
8409
7991
8041
7902
7919
8214
7678
6679
5959
5863
5916
5239
4413
3190
1871
1852
1193
-463
-1238
-2716
-4473
-5061
-6536
-8230
-8708
-9843
-11670
-12948
-13966
-14613
-14640
-15105
-16351
-16821
-16384
-15971
-15151
-14612
-14533
-13286
-11803
-10795
-9171
-7672
-6277
-4371
-2923
-1613
-63
1368
3231
4849
5404
5984
7015
7962
8889
9564
9348
9101
9652
9766
9628
10024
9341
8325
8636
8311
7220
6935
6492
5673
4927
3828
3101
2802
1925
963
442
-266
-1148
-1440
-1375
-2024
-2930
-2627
-1877
-2478
-3221
-2265
-1318
-1379
-856
-313
-181
880
1961
2737
3796
3844
3989
5657
6492
6250
6798
7596
7534
7195
7533
7806
7570
7703
7536
6435
5895
5966
5897
5643
4389
2825
2098
1893
883
-786
-1529
-3076
-5188
-6000
-7387
-9134
-10071
-11139
-12870
-14580
-15425
-15919
-15851
-16283
-17587
-17393
-17099
-16780
-15232
-14833
-14486
-12945
-11960
-10320
-8277
-7452
-5600
-3117
-2269
-1368
625
2408
3647
5052
5930
5885
6611
7997
8944
9415
8868
8530
9140
9107
9336
9648
8579
8135
8160
7347
7219
6900
5883
5729
4862
3300
3366
3154
1732
1405
1214
-96
-913
-822
-750
-1340
-1780
-952
-974
-2058
-1076
602
605
539
1169
1784
2544
3689
4654
5194
5648
5672
6310
8180
8302
7659
8605
8739
7943
7918
8763
9147
7633
6507
7045
6110
4981
5717
4540
2557
1603
-103
-494
-1080
-3474
-4575
-6150
-8963
-10088
-10612
-11788
-13296
-15297
-17327
-18422
-17531
-16644
-18115
-19312
-19202
-18648
-16818
-15086
-14303
-14272
-13650
-11118
-8715
-6755
-5290
-4265
-1952
-50
848
3010
5164
6084
7340
8412
8367
8628
10320
11839
11214
10109
9926
9657
9920
10626
9815
8388
7570
6581
6288
6536
5359
4046
3652
2542
1278
1057
888
58
-851
-1241
-1760
-2629
-2625
-2198
-2139
-1740
-1868
-2665
-1769
243
1280
1846
1989
1855
3150
5240
6560
7235
7350
7433
8160
9209
10301
10787
10700
10544
9977
9947
10561
10262
9661
9275
7636
6186
6244
5597
3744
1894
441
-1166
-2586
-4184
-6329
-8360
-11166
-12631
-12996
-15480
-18319
-19596
-20638
-21269
-19752
-19282
-21174
-21538
-20057
-18594
-17058
-15792
-15721
-14777
-12963
-11286
-7870
-5024
-4388
-3395
-1089
1666
3266
5086
7563
7819
7943
9670
10394
10861
12744
13458
12078
11220
11309
11731
12367
12397
11031
9148
8788
8823
7639
7220
6659
4287
3190
2854
1049
425
556
-1039
-2584
-3169
-3912
-4371
-3856
-3269
-4029
-4895
-3819
-3145
-3656
-1508
1430
901
202
1635
3218
5397
7465
7659
7869
8653
8772
10257
13170
12836
10172
10554
11856
11090
11315
11815
9835
7676
6863
6378
5439
4054
2703
682
-2072
-4544
-6619
-7721
-8426
-10871
-13942
-15898
-17932
-20533
-20846
-17069
-16569
-22113
-23478
-20113
-18857
-17493
-14695
-15055
-16995
-14848
-11580
-8897
-4708
-4773
-6312
-1330
1615
-188
3673
8467
6779
6907
9995
9403
8572
11789
15309
13607
9272
9404
11762
11887
12431
12348
8797
6647
7409
6926
6621
6748
3699
1525
2154
-148
-2070
-284
-1335
-3863
-3595
-4671
-6593
-5977
-4891
-4358
-3871
-4227
-5326
-5340
-2871
212
1643
1457
535
838
3862
8227
10509
9529
8672
8935
10050
14589
17571
14246
12221
13185
12457
13380
15043
12717
10057
8642
6099
5065
5463
3039
-204
-2252
-6595
-10795
-11016
-11131
-12819
-15879
-20285
-22868
-24618
-22983
-15801
-16803
-25515
-25045
-20320
-19050
-15480
-12660
-14294
-15471
-13724
-9611
-4462
-2161
-3407
-1832
3382
4037
2727
7613
11690
10619
11239
12861
10702
9989
14974
18079
14969
10145
10700
12350
10774
13045
11912
7156
6686
3618
2984
6422
2699
-1283
-294
-2969
-6333
-5027
-4112
-6123
-7383
-7906
-9842
-9566
-8263
-7792
-5177
-4445
-6535
-7397
-5386
1060
4035
1006
2984
4448
3610
9754
13540
12402
12825
13023
13257
16208
19532
17921
16133
16785
15115
13685
14558
14052
11239
8982
7018
4219
1747
-327
-2574
-5612
-9784
-13056
-14089
-15679
-18432
-20172
-23200
-26200
-22210
-16577
-20253
-26029
-23402
-19545
-18284
-14688
-12023
-13940
-15014
-11585
-7254
-2084
726
-1459
-174
5458
7821
6365
9685
14591
11912
12690
15744
11517
11649
16913
17120
13141
12263
11814
7329
10120
14136
7470
3769
4779
231
-1065
2418
-235
-4794
-6388
-7812
-9509
-8356
-8024
-11867
-11518
-10386
-12445
-12317
-10929
-8832
-8603
-6318
-2052
-7355
-8899
2613
8076
5634
6330
6639
7237
14186
18935
18577
18516
15989
14882
20669
25206
20750
15689
16908
16287
13403
14116
12930
8145
5414
4392
2204
-2365
-6168
-7432
-10082
-12724
-14895
-18778
-20567
-20688
-22468
-24432
-23884
-19376
-17813
-22683
-23224
-19793
-18089
-14554
-11229
-10369
-10277
-9685
-6411
-354
4520
6040
4213
5505
10821
11357
14767
18390
16079
14825
16101
17895
14518
16266
19408
13590
10865
11042
9121
6234
6830
7042
2253
-1729
-4640
-6613
-5700
-5149
-9122
-12028
-12917
-16713
-15952
-11367
-13393
-16288
-14858
-14959
-14720
-12333
-9805
-8475
-7994
-2286
1125
-4619
-2027
8795
11056
11665
14602
12620
13549
20287
23887
23738
22503
18626
17257
22421
23625
18690
15824
14413
11295
10110
10042
7121
1466
-2410
-100
-5131
-11539
-10044
-14365
-17352
-17411
-19343
-21621
-23177
-23512
-25542
-25022
-23806
-20396
-15886
-18039
-21589
-19930
-14735
-10233
-5686
-2464
-2989
-3786
-596
6082
11920
14467
14062
14031
16166
18683
20852
22455
21673
19716
19585
18522
15623
15261
15962
12826
8439
6386
3469
-860
-1664
-553
-3945
-8642
-11402
-15332
-16748
-14092
-14195
-17621
-20086
-22226
-21109
-17123
-15819
-15867
-15973
-14383
-12913
-10072
-5570
-5115
-3712
25
6458
10085
7373
10757
12915
14576
22972
23002
19706
19657
19382
22232
24271
22900
18483
15535
15861
14455
12416
10309
6733
3267
2199
287
-4191
-6741
-7313
-7426
-9842
-14365
-16665
-16782
-16002
-15841
-16329
-19138
-21848
-20095
-18405
-16764
-17699
-20156
-18443
-16860
-8028
-2690
-9037
-8204
-6247
-2023
4558
8804
10995
5870
8525
13520
16095
22142
21183
16414
16675
20536
20010
19652
19442
13579
11547
12754
10431
5071
2137
640
-3789
-4383
-5986
-11897
-16134
-16102
-13396
-17159
-18796
-19281
-23344
-20278
-16835
-16224
-15866
-16000
-15683
-12188
-5932
-4391
-4407
-1288
1387
3613
7991
10828
10581
12120
18220
22281
17448
15740
20575
19120
18424
22701
19219
12832
11701
11759
12518
10954
5242
1551
1226
487
-2114
-3988
-4536
-7856
-9991
-7650
-8039
-11703
-12297
-9741
-8371
-9346
-10875
-10807
-10537
-9597
-7669
-7566
-8550
-11144
-11090
-10605
-13646
-12887
-7087
1932
1286
-7334
-7198
-7423
-4154
7630
12344
8987
2061
865
7424
14472
19675
16722
11785
11282
11776
13091
14149
13648
9281
5964
7612
3598
-2836
-1166
-3766
-8476
-5082
-8921
-16618
-16392
-16069
-13851
-11131
-14254
-17182
-18805
-17013
-10115
-6927
-8004
-8447
-7049
-2467
1696
4060
6279
6380
8580
11722
12000
12904
14051
15434
20725
22209
13053
12665
16215
11954
15694
18256
10405
1535
1331
5112
4213
2364
-2439
-5080
-4433
-5459
-6010
-6489
-7595
-8906
-7942
-5459
-5435
-8818
-9742
-4894
-1596
-3931
-6608
-6955
-7635
-6124
-3723
-7177
-12528
-16753
-19802
-10157
6291
4529
-7962
-11752
-13260
-8894
7559
14690
7833
3711
2219
5000
14641
18433
15445
14648
15271
15327
14600
12759
9204
5693
7266
10297
6224
-3522
-8506
-7073
-9908
-12857
-9050
-13402
-22473
-19145
-16903
-18867
-14117
-13794
-18532
-15511
-9168
-7961
-6517
-3804
-1275
1724
7110
10586
8250
11245
13809
16327
18310
18665
19613
15809
24854
25388
11651
11119
12585
12438
13503
13633
5954
-3603
-4506
-2163
-871
-3777
-6856
-9625
-10974
-8890
-8841
-9635
-10057
-9909
-7535
-5589
-5598
-7966
-8129
-1907
-202
-4638
-2886
-3931
-9870
-7223
-8975
-15029
-16325
-14459
1442
8844
-2632
-7407
-12693
-11985
5185
14567
13565
8907
2225
4969
14438
19171
16343
15509
18809
16549
14273
14013
9195
4628
4614
4825
2080
-2556
-7836
-11307
-15226
-16998
-12964
-15305
-23287
-21614
-18414
-21136
-15234
-10330
-16361
-15576
-7481
-2925
-2520
-506
3644
6313
10207
13780
14002
13845
16177
19389
19750
18047
17061
16903
21337
21025
7745
4626
10419
6058
3467
5292
-9
-6318
-5871
-3543
-2854
-7728
-13833
-11909
-7365
-4096
-2774
-4716
-6333
-6246
-6889
-875
5136
-2751
-3861
3549
-1
-5747
-2883
-4362
-13569
-14823
-15898
-23134
-18320
610
4102
-7367
-10179
-15959
-16547
-658
11317
12677
7708
4348
8113
11891
16380
22031
20852
20449
18161
15624
18661
12518
8557
7336
1621
2472
-2592
-8646
-9467
-18003
-20710
-14085
-16401
-25525
-22634
-17146
-18705
-12103
-9600
-14566
-13533
-7610
1654
5423
5100
8687
10608
11635
16690
18004
18437
19584
17679
17622
14468
11643
11222
16269
20117
5445
463
4867
-4810
-3681
1623
-5233
-8515
-7196
-6440
-7965
-11646
-13368
-8429
-2858
687
3742
598
-5420
-6855
-757
3257
6314
6553
-996
168
887
-4847
-5344
-10684
-21117
-23156
-22248
-16587
-632
-1089
-13231
-14835
-19894
-13482
3263
10079
13087
6740
6713
14055
15469
16904
23751
24372
17226
22649
15632
13186
19514
4814
3113
2885
-5506
-8479
-12732
-13995
-19154
-23160
-17993
-21453
-28668
-20579
-17052
-20723
-14172
-8424
-9246
-7908
-239
6893
8217
9812
13449
15947
18051
20011
19680
17918
18852
19298
15535
11641
7424
5246
12631
13609
-256
-4069
-4497
-10253
-6968
-3060
-3777
-6584
-7489
-6840
-8082
-7635
-5933
-1356
2900
5769
8014
4868
474
-1416
657
7111
8331
3198
-599
-2853
-5899
-12832
-15199
-16665
-24843
-26168
-25855
-17383
-2408
-6951
-13611
-14982
-16412
-3245
10355
11892
11682
14092
16815
18616
22283
24536
23188
21255
18496
17078
17168
12907
6047
1049
-2190
-3184
-8588
-16757
-18304
-19630
-22828
-23332
-21139
-20475
-23516
-18480
-16153
-13586
-1175
-1425
-1229
4247
9647
13177
14918
20102
18603
23237
20805
17298
19920
12244
14716
12810
4390
3242
848
1208
3346
-1376
-9556
-11626
-12991
-11253
-4764
-2525
-3994
-5443
-4174
-1130
-237
567
5260
7846
10020
14061
10889
4377
2365
2896
5130
8028
5825
-2246
-10746
-14630
-17338
-20722
-21934
-27600
-31501
-26191
-16016
-6746
-8165
-10795
-11611
-11859
1457
13468
15609
17838
18562
19998
22359
25805
26487
20972
17324
15755
14580
12431
7609
607
-6434
-9075
-10778
-14880
-18518
-20509
-23168
-24533
-21904
-18596
-17746
-17491
-14596
-9762
-2731
3936
6235
5844
9006
13822
15715
18555
20961
22034
18828
14897
13182
10387
9867
5832
1076
-2899
-6076
-5551
-6523
-5116
-7180
-11789
-10730
-9343
-4935
847
724
1888
6058
4842
6518
11866
8794
9094
16032
15099
10651
8275
4143
-402
-594
943
419
-4569
-12619
-15243
-19350
-23548
-22740
-26975
-29505
-27977
-23298
-9317
-1146
-4465
-5302
-5463
281
12421
16948
19870
21727
21681
21674
22245
25184
23131
16261
9735
8244
7083
4031
-1941
-9186
-13340
-18778
-19062
-19328
-19154
-17748
-21431
-21909
-18794
-12473
-9716
-7761
-2746
1501
10421
14457
13005
13879
13936
16907
19037
17128
18522
15658
7316
4813
2780
-1609
-3630
-5808
-8606
-12386
-12032
-10741
-11467
-5538
-6670
-7378
-1060
10
7574
10718
8708
12286
11571
13189
16385
14743
14594
13563
9360
6711
3520
-1394
-5021
-4747
-4525
-7507
-9815
-16306
-21830
-22304
-24529
-23727
-23958
-25951
-24321
-17723
-3655
3011
3360
4807
1849
9305
18320
19824
25504
22017
18564
19141
16678
19595
14425
8132
2471
-4259
-2215
-6253
-10619
-12389
-19070
-20984
-19687
-20434
-16321
-14450
-17027
-12702
-7502
-1271
2399
5420
9453
9822
15344
16744
16848
18081
14250
13973
11570
8417
8893
2619
-5466
-6267
-7842
-10747
-11272
-13149
-16691
-15615
-10303
-8420
-2205
2567
1850
7721
10482
12283
17418
16865
16758
17672
15368
15551
15315
10671
6740
3130
-630
-3940
-6866
-9028
-10035
-8807
-9963
-13146
-15808
-20355
-23670
-22751
-21507
-21100
-18569
-18192
-12005
4817
8523
7449
11012
6608
11929
19546
18975
21910
19062
14690
14525
12232
11313
8555
-710
-7352
-7225
-7919
-11410
-13018
-13573
-17067
-17742
-13735
-14409
-12180
-8640
-10396
-4031
1873
5387
9599
9524
10280
13681
15188
13222
15150
9798
8242
7898
1382
3322
-2186
-5542
-10674
-14042
-11837
-14372
-11122
-14185
-12836
-6785
-2756
2278
7347
12207
11032
15034
16372
17081
21839
17841
14639
15735
11883
9554
8108
571
-1632
-5281
-9066
-6815
-8229
-9083
-10074
-10267
-11324
-13250
-15467
-20073
-20729
-20112
-17037
-13229
-12509
-7418
2751
8394
8409
9539
8875
9835
15415
16916
15627
14846
12330
10351
8750
6653
4356
-2236
-7682
-7421
-8490
-9860
-9220
-10287
-13216
-15107
-12645
-9227
-7200
-3456
-3054
-3895
1181
5856
8521
11850
12079
11200
10156
8708
10178
8212
3606
1504
-1447
-4613
-5855
-7206
-11105
-12710
-13900
-13694
-11641
-11522
-7738
-3290
3156
7988
12399
16743
13404
14815
17403
17729
19034
15622
11784
10416
6904
6085
3937
-4613
-5190
-9524
-12757
-6625
-4569
-4318
-7064
-7348
-13351
-16599
-13493
-18408
-18496
-17585
-14990
-11373
-7453
5067
10930
7423
7602
8814
8353
12653
15342
13482
12229
10800
9578
7518
5861
3030
-4425
-9624
-8227
-6958
-8309
-9158
-10495
-12329
-12056
-9451
-7100
-5978
-3649
-951
88
3637
8391
8880
10457
12784
11790
11551
10348
8644
7509
3308
1354
256
-6146
-7193
-7094
-13996
-14238
-12668
-13356
-11192
-10526
-7405
-1454
5782
10868
13390
16743
14462
13865
16243
15718
17293
13034
8367
8991
5328
3200
1697
-4657
-9952
-11927
-12890
-8644
-2862
-4071
-5056
-6273
-11714
-14798
-15287
-17759
-18589
-16383
-13723
-10558
-3800
7958
11025
9926
9668
7933
10958
12318
14962
13879
11180
12479
9534
5955
5307
636
-9423
-9356
-8839
-9512
-9977
-12601
-11142
-16007
-12285
-7802
-8945
-5915
-2692
839
-1282
6606
12870
9564
12566
11758
11586
12480
10401
10100
7514
4470
1531
-3219
-6137
-6091
-7777
-11218
-11869
-14039
-14779
-12077
-8835
-1619
5944
10710
12021
14814
16912
15064
15656
14157
12992
13147
8505
7081
7668
3315
13
-5242
-10535
-11645
-14038
-9978
-3915
-2005
-2672
-8868
-13425
-18312
-20868
-18220
-19816
-18571
-13988
-11796
312
14868
14240
11362
11961
9822
11950
17335
18902
17722
15433
12532
10171
6742
2969
-2807
-10612
-11723
-7727
-8937
-13616
-13151
-15836
-20824
-14306
-8679
-9973
-7384
-1069
672
862
10164
13354
8509
12531
16262
16632
15726
11448
9845
5498
2292
3072
-4622
-9238
-6900
-7654
-11438
-10996
-9770
-15691
-11672
-1627
6390
9251
11367
15896
15368
21592
16233
13650
16341
7133
9729
8297
6202
5988
-1340
-6631
-11966
-15252
-16510
-14237
-9221
-2045
-611
-5302
-11050
-18681
-21222
-21315
-21430
-18661
-17277
-16369
-1187
15366
15031
13246
12057
9422
11364
17546
22826
18556
14061
12646
7547
6433
5572
-1070
-10181
-13097
-8573
-9007
-10246
-10695
-16599
-20565
-16419
-10839
-9405
-7503
-1527
-474
-2497
8724
12206
6459
10816
11430
14310
15968
12368
11756
4087
245
867
-4076
-5021
-3676
-4553
-6961
-7386
-7479
-12979
-8300
4376
9208
14639
17620
17969
21861
19027
14906
13062
7877
6024
5548
5291
5450
2201
-3294
-10888
-15324
-18295
-19486
-12934
-5812
896
3278
-5311
-14100
-19238
-23043
-22831
-19548
-14812
-14888
-12773
4706
15847
11553
11748
10643
6963
11629
18583
22278
18801
13885
11522
5466
3198
3402
-3489
-10892
-9588
-6029
-10460
-11960
-10481
-17067
-19417
-13899
-8273
-5516
-2886
1301
-2628
-1746
8556
7777
6333
10522
10855
10558
9272
9502
6273
-1467
-3613
-6908
-8564
-3997
-756
-2148
-5913
-6484
-9614
-7858
3517
10449
16094
18482
18588
22820
22851
18872
12874
8628
5910
3083
4634
3742
-115
-7713
-14430
-14444
-18421
-18998
-12777
-9078
-3502
2944
257
-10125
-16235
-20037
-23518
-20667
-15787
-13213
-11864
1001
15668
13004
10509
10603
6679
7153
15780
23108
19551
16123
13205
5122
239
740
-3288
-11822
-10573
-4286
-5122
-7766
-8368
-12618
-19650
-16259
-6539
-3124
-307
3501
2005
-846
6480
9298
4872
9363
11395
8563
7105
10559
4224
-7185
-5331
-9822
-15185
-9587
-644
-1361
-7076
-5120
-6541
-5521
3471
12448
17871
20676
21076
23932
28746
23216
13083
7615
5469
3097
3205
1999
-1935
-7150
-17046
-19181
-19929
-21529
-14186
-8520
-5050
-642
-324
-8032
-15968
-18775
-22245
-20790
-15344
-13941
-9814
6386
21001
16533
10430
8490
5185
8620
13721
20207
19534
10880
8322
5174
570
-362
-5008
-13673
-12735
-7702
-7425
-5271
-5929
-12042
-16700
-13542
-6059
-2155
2356
6199
3541
3863
9028
9064
7423
8107
8711
9924
10392
7521
1024
-5754
-9797
-13426
-14885
-9622
-4259
-5566
-7316
-5549
-4923
-2081
7508
15472
18987
22770
24786
26645
28210
21571
12751
8168
4090
2025
1115
-345
-3596
-9859
-13284
-14613
-20496
-21051
-15149
-12612
-5621
747
-3240
-13850
-18574
-17178
-22057
-18034
-9935
-12730
-8598
9379
21115
16664
13593
10175
2747
6311
15645
19138
16083
10456
6912
4297
1930
545
-7662
-15364
-11871
-10245
-9526
-3861
-4280
-9952
-12771
-9424
-4649
-4529
-137
4278
1187
5940
12665
9385
9712
11030
6836
6327
6662
4247
263
-4780
-8497
-11452
-12345
-9089
-6820
-9482
-8575
-6744
-6486
2415
11452
14917
18456
22962
24968
24259
26719
21925
13466
12171
6435
3189
2157
-3006
-4791
-11047
-13517
-10896
-16397
-16943
-13584
-11490
-5514
-5055
-10277
-14194
-17391
-19037
-18190
-15757
-12486
-13518
-8328
12221
19331
13671
13178
6258
3905
11065
14082
16052
14190
8904
6515
2188
2362
840
-11833
-16253
-13930
-13267
-9046
-3836
-5186
-11719
-9132
-5613
-5477
2518
4510
960
5878
9851
11424
14437
11585
7782
6926
4301
5773
4848
-3688
-7170
-8414
-11123
-12259
-9196
-8742
-13010
-10025
-7059
-1409
8257
12069
15907
20443
22257
21600
24738
24950
16459
13144
12969
8825
5356
1611
-3704
-9261
-15052
-14140
-12600
-16766
-14159
-10560
-9604
-4319
-6132
-12711
-14961
-17473
-17210
-15349
-13821
-13185
-14382
-552
17492
16392
14928
15076
7362
8097
13472
14321
13097
7671
4268
2884
974
1040
-6084
-14993
-14846
-15349
-15712
-10185
-6980
-8621
-9421
-6615
-3913
-2680
1172
3013
1402
6365
13408
13558
14144
15451
10894
7413
7872
4461
-1213
-5316
-7713
-10077
-13096
-10824
-8513
-12056
-13055
-9198
-6244
1444
10931
14355
18030
19141
20842
22845
24721
21643
14463
13955
8067
8151
8268
-56
-5867
-9584
-12763
-17976
-12523
-13648
-13642
-7942
-8779
-1617
-8435
-16828
-14631
-17368
-18290
-15619
-13063
-15164
-8060
10292
17929
16504
17118
11744
8534
13821
16380
16759
12294
7412
3816
788
2555
-1109
-11040
-16289
-16179
-17350
-15366
-8709
-8611
-11990
-10540
-7215
-6432
-4445
1364
2596
3083
9886
14613
14053
13736
13445
9527
9116
8018
2324
-1406
-5598
-6847
-9951
-11061
-7413
-10667
-13944
-13019
-9244
-3402
5646
14419
15840
17340
19506
18946
22064
23982
18302
14390
12211
8659
6117
285
-3739
-5989
-12218
-13614
-12176
-14846
-13106
-8398
-6328
-3788
-5878
-12347
-15917
-16959
-18433
-17399
-13923
-15196
-16605
-7667
10728
17944
14843
16918
11614
8356
14687
17212
17222
13526
8323
6032
3376
4646
2021
-12242
-12832
-12281
-18950
-10317
-6775
-10477
-12170
-10699
-6373
-6532
-4329
-2242
-2269
-547
7847
15240
13640
13339
12147
9769
10232
8602
3599
-1809
-5787
-8621
-9172
-9054
-9732
-11817
-14256
-11407
-8453
-3635
5629
9580
13953
18796
19856
20882
22493
22003
15645
12723
13815
10533
7577
3215
-2656
-4781
-11684
-14550
-10151
-15080
-14967
-8286
-5732
-2690
-4754
-10387
-16346
-19964
-18468
-16671
-15093
-15647
-18433
-11110
7730
17084
14334
13575
12136
9681
13694
19866
20925
15049
7231
5236
5153
4397
2586
-6621
-14586
-14571
-13968
-11210
-7687
-9383
-12782
-13560
-9385
-5393
-4846
-1315
-526
-2587
5060
12869
12654
14036
13708
9617
9100
8031
2864
-2329
-6437
-8830
-9176
-9134
-7630
-9236
-14781
-12494
-6452
-6212
710
12864
12446
14912
23411
21436
21345
23155
17088
11994
13276
10768
7669
4749
-4244
-4888
-9762
-15772
-10224
-15127
-16031
-8354
-5566
-279
-367
-5670
-11220
-15262
-15515
-17176
-15167
-14034
-17095
-15296
-5282
10630
14629
10336
11447
8026
6704
13811
19244
17524
11193
8733
7960
6560
5996
748
-8052
-12555
-11626
-9630
-7150
-6387
-10230
-14128
-12587
-7785
-6036
-5159
-2312
-2820
-1002
9102
13606
11982
13877
12133
8816
9463
7550
3886
-897
-6062
-5958
-6686
-9269
-8103
-11080
-15739
-13017
-9020
-4454
4284
9943
12097
16964
19749
20111
22462
21187
16094
14998
12987
8091
7884
3547
-2526
-5241
-12891
-14971
-15032
-18695
-14587
-10560
-6748
-1326
-3614
-9373
-12787
-14572
-18164
-17007
-12667
-15020
-18449
-14402
1397
13556
13655
13876
14438
8873
8993
19631
20195
15241
11298
6255
5566
5294
5327
-1046
-9155
-9867
-12061
-12462
-6662
-6870
-13334
-13685
-11324
-11077
-9110
-4456
-2952
-3807
3152
13552
14890
12816
15375
10545
7481
12056
6701
2485
588
-5139
-6626
-8499
-9452
-8947
-13208
-13544
-10400
-9714
313
9697
10737
14909
19090
19929
20199
24061
19761
12467
15628
11399
7830
8378
211
-2130
-4698
-12056
-12247
-15411
-19014
-14088
-10740
-7622
-937
-3121
-9563
-11204
-16200
-19873
-16873
-15790
-18166
-16808
-11023
1951
13351
10175
10996
12272
6105
12798
19976
16833
15752
12380
8002
8035
7251
5974
-480
-9035
-11059
-12196
-10324
-6842
-10403
-16305
-16856
-12547
-11343
-9100
-2347
-2954
-4386
3372
12775
11333
10345
15920
10103
9213
13552
10030
5334
476
-3493
-8692
-8884
-9592
-11098
-13558
-15427
-10504
-9134
-1622
4851
4994
10896
15918
16196
20154
27202
21613
15610
16666
13712
10989
9381
6489
3243
-3697
-9718
-8897
-15437
-19723
-14552
-13227
-7916
-3328
-6696
-9858
-9796
-15448
-19034
-15275
-19430
-21202
-17750
-15339
-4612
10038
12050
10583
13268
9642
13699
19546
17553
16952
11881
8038
10746
12203
11206
6835
-4346
-9708
-8873
-12500
-10495
-9317
-17021
-18943
-14232
-12530
-10794
-7047
-5790
-5639
-2489
7846
14024
10766
16396
16864
10064
16623
15330
7307
3751
-2105
-3885
-5974
-7269
-7596
-13775
-15842
-11579
-9968
-4343
2550
2255
5403
11503
15274
17011
20678
20240
14041
15746
16413
14111
13446
7925
2228
939
-5043
-7897
-6593
-16936
-17483
-10752
-10249
-6385
-2293
-7899
-17494
-15727
-22164
-21205
-12914
-24770
-23366
-14857
-8326
9424
15596
11352
10488
6717
9648
18043
18537
19728
15559
11019
14400
14149
14285
8675
-3728
-9995
-12104
-10771
-7379
-9485
-15146
-16955
-18192
-18286
-11078
-8752
-10722
-6685
-4291
4931
12265
8787
15258
14289
9490
16214
13710
11376
10824
4084
2548
1194
-3568
-5023
-9073
-12464
-9848
-11131
-6025
-116
-4510
1926
9076
7333
11655
16126
13871
9344
13905
18540
12414
12457
12149
5422
3287
2334
1937
-2246
-11264
-12654
-10963
-10702
-5169
-5683
-11960
-14550
-19900
-21090
-15407
-18923
-25117
-23382
-24673
-14609
4676
6666
9097
10556
4009
10830
18714
20603
21757
16604
13433
14204
17243
21163
14885
1735
-4289
-8752
-14359
-7980
-7815
-21027
-20181
-16521
-21477
-16636
-11676
-15883
-14631
-8885
-1583
6887
9861
13345
14858
12653
15830
16548
16195
14237
7893
10024
8378
3654
5379
-1668
-6906
-6753
-9332
-3636
-836
-3449
1408
4013
2395
4273
10089
8202
2987
10720
10608
7342
15606
12221
9336
7927
-1202
157
-4389
-8988
-4090
-8888
-6415
-3816
-14085
-17377
-22392
-28865
-24540
-22473
-26186
-29604
-20958
-2204
2381
5513
12746
6262
6992
14938
18339
24011
18093
13309
18240
17496
21160
18618
7284
1860
-8970
-12267
-4469
-7046
-10901
-12017
-17442
-19497
-15847
-11039
-9084
-15028
-16506
-6166
-1665
3420
12945
9826
8781
12801
8752
12906
15670
7506
10124
10450
5197
7105
4966
2451
-1910
-6146
-1291
-3558
-5896
1449
864
-4047
858
5855
1417
3613
6216
129
6411
8792
2860
10735
7942
874
8935
1781
-4852
-629
-7927
-4167
1064
-5036
-4764
-10494
-18704
-17675
-16796
-19666
-21814
-24259
-24680
-13783
-3404
-218
3018
-1255
-1729
6071
8999
17663
17971
11559
15499
12316
17998
23405
13247
9765
886
-5386
278
-226
-2174
-5619
-13660
-15232
-15090
-16187
-14116
-16797
-19479
-16463
-10583
-6032
313
6119
3331
5961
8100
8451
13186
10694
12500
14630
11933
16562
15479
11670
11823
3896
3368
5744
248
2993
2372
527
90
-2565
2202
-2561
-3903
1860
-3833
206
3380
1368
7176
2174
760
2568
-4485
-2247
-3864
-4136
1376
-5686
-7931
-9912
-15772
-14311
-15397
-17241
-21256
-20974
-11116
-7711
-4011
1948
-1382
-2918
-989
3092
8614
9451
11484
11340
13484
14654
17298
19648
8931
7065
2715
-561
4516
72
1588
-1511
-8742
-8514
-9097
-10474
-13525
-15032
-15171
-14954
-11141
-5281
-3177
-2816
-2564
-1908
1673
1988
4156
8755
6813
8830
15073
17033
17197
14113
12986
12249
9083
11227
10946
7724
4767
2981
5940
1658
-1585
32
-5618
-5157
-2133
-2704
533
-3337
-5320
306
-3232
-4604
-3912
-8284
-6337
-5545
-3783
-991
-6629
-10162
-10574
-10761
-9917
-10848
-10155
-9255
-9019
-3842
1137
42
-1228
-3721
-5148
-206
1403
4037
6752
4245
7274
8368
9136
10201
4840
4441
2723
950
5646
5273
3618
2426
-1096
-2094
-2453
-4749
-5584
-6612
-9997
-7057
-4653
-5162
-2228
-4797
-5863
-4548
-5000
-1933
-946
-195
2013
3407
7168
8664
8188
10205
8700
9280
11816
9479
9967
9513
7826
8679
7822
6097
4067
2326
1793
2353
2862
3429
1252
-1730
-772
-1693
-2097
-1714
-5675
-7592
-7940
-7617
-4940
-5943
-6644
-6428
-9940
-8488
-5225
-6691
-5271
-4574
-5407
-2991
-2329
-624
-250
-3387
-3699
-4001
-3255
-944
-486
-889
-721
-340
-344
1513
1677
-303
5
-120
522
2326
3402
3662
2256
2153
2362
2765
3198
2110
1140
-890
-635
1019
348
105
-802
-2857
-3019
-2290
-2511
-2833
-3200
-2635
-1698
-514
477
658
2472
3281
3376
5693
6792
5375
6454
7831
6738
8257
7784
6495
6798
5229
6805
7582
5622
4813
3330
1841
460
-715
-851
-2677
-5130
-6075
-6484
-5474
-5473
-3998
-5725
-9033
-5015
-4567
-2791
112
-1545
-1213
6
561
672
2450
-1079
-3457
-2509
-3378
-1748
-2679
-2636
-4058
-5552
-4712
-5418
-4391
-4643
-4431
-4604
-3891
-1575
-1796
-190
-325
-1221
1841
2315
2590
5024
4829
3538
4513
5875
4629
3048
2017
1394
639
-205
546
-780
-3669
-2634
-1994
-4082
-2036
-1275
-3228
-1313
157
1597
2274
1894
3265
2441
2872
5023
4428
5048
6233
5732
6046
6754
5837
4694
4645
2362
386
519
-1560
-2997
-3580
-4973
-5430
-6153
-4237
-2824
-6113
-5231
-2357
-2458
-900
2150
2664
1276
4947
6504
4199
4952
3589
2951
2781
1619
1413
158
-751
-1690
-2685
-3161
-2796
-3701
-5762
-5781
-4987
-4510
-4689
-4305
-4064
-4787
-2778
153
101
-109
859
548
1845
4396
3814
3796
2667
-390
1774
3207
-226
-1226
-851
-3457
-5283
-2533
-3051
-4094
-3006
-5302
-945
101
-702
2750
-478
517
129
-56
3107
3194
4525
3352
4042
4446
4866
6751
4871
1870
139
1141
256
-1387
-810
-3434
-6821
-4019
-2485
-5381
-4124
-3815
-5128
-2243
-742
870
4792
3681
2462
5231
4539
4866
6466
2231
1375
5362
4827
4834
4780
-59
-314
996
-1351
-1398
-2215
-3820
-3221
-1988
79
-384
-3992
-1935
-980
-3736
493
1660
388
712
3015
4326
1177
5144
2496
-2133
1846
376
429
2236
-33
-888
-3791
-5703
-1904
-6100
-5676
-3407
-8257
-1135
-958
-1017
1907
-4619
-135
-2170
-4507
4480
380
-63
5446
2028
1385
6355
4619
-1119
699
-499
-1574
811
351
-1899
-5884
-4303
-5863
-5205
-2044
-6390
-3915
-2466
-3002
1348
404
-362
2693
3044
3601
5516
5437
5884
6504
4793
4680
5704
4909
4394
2454
2567
3267
-178
1313
1456
-2054
192
-1140
-3243
-2204
-2541
-388
-3087
-3155
1897
159
-305
413
2852
3365
632
2790
1174
-270
2276
1653
894
-375
-2817
-1173
-2666
-5283
-2513
-5558
-5779
-2967
-5103
-2563
-532
-3727
-3158
-366
-2574
-448
1828
572
3429
2319
2636
4903
4030
3899
899
-238
696
186
1205
-1597
-2315
794
-4661
-5560
-630
-5797
-5716
-1546
-6642
-5064
-1142
-1918
-888
-46
49
-1928
1763
4502
2478
3278
6049
5141
844
5949
5968
2092
2452
4166
5265
-221
3999
5174
357
2877
3150
-1216
-2046
728
-805
1125
-1290
-1943
1897
-1819
167
1489
-1562
-855
1187
-828
-834
1537
-260
1563
-342
-2908
-296
-2379
-687
0
-4834
-3457
-2715
-2612
-531
-2548
-4610
-4183
-3415
-2374
-2661
-2195
576
-1994
-888
2654
939
1966
2726
2629
-390
1067
3742
2876
2390
-952
1060
148
610
1644
-2198
-1603
-2997
-3451
-2206
-744
-2019
-3595
-1742
-1367
-2646
-1248
3275
1447
2135
3454
771
3094
3809
4295
3130
1344
2742
2912
5514
4308
2095
3742
1025
30
1243
1875
-607
-1704
-373
-2981
23
1380
-1523
-2466
-1952
-2084
-1248
1480
-964
1201
1160
-1996
-570
-261
632
-1970
-4453
-1712
526
-4638
-1116
3509
-5543
-3051
-960
-3116
-1148
-6029
-2876
-1594
-5640
1144
1046
-2473
734
859
868
2931
2454
1652
2393
2754
4178
3385
3017
302
-1097
2708
-156
1021
602
-3131
-1179
-1302
-2
-947
-2330
-795
-864
-2573
-899
2857
1790
1424
826
-441
2460
4503
2856
2510
2017
1928
3915
3188
2649
761
824
1585
-969
2017
1984
-593
-1367
-2622
-514
-3704
-2975
-745
-5444
-2441
-3795
-1867
3408
-4931
-1866
601
-4580
1678
2256
-1
-741
-2299
1553
799
159
888
-2204
-1322
196
-764
-1616
-703
-1871
-4601
-2234
-2629
-3948
-1264
-1892
-362
-34
-1038
4008
1267
-283
4374
1218
717
4573
3173
-420
3284
4425
-816
-637
-507
-490
-952
-801
1682
-492
-2196
1866
-361
-3253
1454
-259
1967
1116
-904
4774
-1126
-537
3592
2612
2621
25
3296
3634
1620
1533
-288
2423
2540
-22
2307
297
-2053
1593
-1610
-4232
-1573
-4906
-2624
-1786
-4423
-513
-4620
-2688
-516
-4592
-528
-1683
-144
2545
-2178
-1433
2363
650
1596
1274
-1760
643
-1274
2060
2103
-2725
-575
-2582
-71
528
-2457
403
1396
-610
1279
2118
472
995
-688
2740
264
-1964
2913
-1079
699
316
-1791
685
-3710
-1066
-319
-2899
1103
78
1668
539
-3179
1148
-425
-94
4213
-191
538
3954
415
2850
1779
-289
4318
1369
264
1723
3487
2052
-579
3390
675
1839
1380
-3382
1972
-2453
-2733
461
-5755
-1537
-3464
-3749
602
-4413
-1290
-129
-5077
-306
1989
-1213
4514
-510
215
4284
-2727
3667
-1240
-262
218
-2711
4697
-3755
1305
-408
-6398
1050
-4093
-1140
251
-3682
2237
359
-1372
2765
-1364
813
3015
-748
2566
311
-129
1887
-885
390
-322
-190
845
-777
533
229
664
1687
-652
2128
1704
12
1546
-1577
3053
2489
-579
2793
-1099
458
1028
1170
1877
954
2684
-1843
1186
1700
-1370
2506
-1465
-655
1303
-4120
493
521
-3547
-242
-6088
-2950
1253
-4756
-1485
-2890
-1252
-28
-4526
-1406
-917
976
1434
-1836
1404
1811
-1038
2570
1205
-1143
1930
-2441
-642
3269
-892
835
525
-897
1805
23
-408
3037
2684
2301
2754
815
2413
2323
-92
1682
-259
-1377
1116
-2996
-304
-1028
-5055
2616
-4333
-1724
576
-5384
2957
-2327
1842
790
-2273
4078
-3608
1912
1452
630
3885
-930
2770
830
187
1414
-279
2943
1025
1276
2630
-2451
1450
1970
-877
2493
-2335
-1237
822
-2410
644
-493
-2699
-2940
-3370
-2488
-1049
339
-426
-2215
-2412
-1625
-310
2430
139
98
1014
-1176
1179
436
584
-239
-1873
-54
212
-936
-2075
621
-2
-135
-108
-887
2303
1250
2945
3955
1433
3255
2034
260
1938
1150
229
138
-2673
-3173
-1599
-3824
-4231
-2982
-2883
-3434
-3999
-1075
-2100
-873
-247
-2198
2420
124
1869
4500
1175
3984
2050
504
5186
3620
1483
4399
72
1294
4034
650
3007
-1859
-2530
1847
738
0
-381
-1111
-4303
-1445
435
-1215
-2207
-2379
174
-4259
-1900
3544
-3168
-2135
945
-1560
605
479
470
1706
-304
-362
-447
-1887
-693
-880
-1728
-426
-1577
-1950
-1339
-1268
-721
237
1200
468
1725
1478
2341
5349
2620
3174
2582
-78
2280
-373
247
1281
-2149
-3846
-3785
-2024
-6249
-3686
-2520
-5862
-2493
-3714
-2013
-144
-1530
-979
1956
615
360
3744
2253
4507
2758
3845
4620
2647
5814
2256
3486
5130
1945
1872
1894
-498
608
1319
-1602
664
-3478
-4488
1072
-647
-4689
-3543
969
-2611
-2583
-148
-2057
69
177
168
122
242
1744
1208
2129
522
699
1671
-512
637
-1795
-2423
-1209
-1555
-1159
-3595
-3518
-1662
186
-2374
-1461
1148
-388
2913
2890
2584
2867
2533
5224
3357
-489
1702
508
-2340
1430
-3519
-4299
-1544
-7596
-4988
-4279
-5066
-3479
-6210
-3383
-4075
-3535
452
-172
560
13
3174
2757
2660
3111
2956
7518
4652
6456
3030
3162
6418
1010
5694
1800
-1054
1982
-1763
1746
407
-2206
313
-3319
-2989
218
-870
-3917
523
-1446
490
-1690
-316
3089
-2428
3111
2411
1035
1996
736
2059
3165
1474
161
2537
-2135
-1431
-669
310
-2787
-5332
-2385
-2411
-3116
-1747
-1454
-74
-1109
1777
1514
-1768
3690
3387
1180
2666
-357
1736
2023
-760
-59
-2286
-2867
-3191
-4588
-2953
-5543
-7051
-3196
-4481
-5606
-2562
-2998
-3373
-2008
609
933
-839
3011
2323
921
5283
4429
5220
4221
2635
6265
2189
1699
3947
460
2099
1527
-1116
-103
645
433
-1421
-1439
-1260
-2173
-692
383
196
-85
431
1154
884
1409
778
1207
3154
2780
2251
1894
3020
1819
2047
3660
-1330
-313
186
-2430
-44
-2709
-2087
283
-4156
-4233
-2012
-1658
-313
-3123
-2045
1376
-1442
678
1028
568
3158
101
-509
987
293
-1167
-1236
-49
-1396
-2570
-3040
-2985
-2066
-3205
-3902
-2824
-4296
-4793
-689
-781
-2854
243
643
185
1167
1058
1502
2996
3970
2095
3927
3912
2095
2439
1746
2328
745
647
-444
21
1065
-723
-715
-1920
-1096
110
-181
-1387
-1280
554
-459
1495
1438
1195
2948
327
4772
2348
3386
4204
-827
2072
1625
2945
2471
-2540
1459
689
-622
-1603
39
-2631
-1424
-1585
-3637
2431
-2951
-63
-2293
-231
1422
-5674
1727
403
-885
-55
-970
2814
-3692
-1322
883
-2009
-768
-2526
-1391
-23
-5286
-491
-938
-5293
-695
-3057
-518
-2988
-4115
3916
-3350
-2087
2484
-1240
2386
-961
4376
914
-1747
3984
3755
1094
-166
2816
-162
1591
1544
313
1304
559
-69
-1533
619
-1197
-674
-2033
789
178
-612
2406
-1026
548
3708
300
2583
2332
3295
1914
3091
5740
-497
1305
2730
983
703
-407
-521
-551
263
-2077
96
-1767
-4118
1229
-561
-1622
-528
-963
1131
-195
-1413
625
508
-76
374
-30
-470
-38
-601
-2078
-1059
-2206
-3143
-1656
-2223
-1723
-2929
-2549
-1184
-1181
-3814
-2524
785
-2111
376
-838
-571
2455
-1918
2721
1826
-318
2300
-560
3418
-344
2495
1000
237
256
512
-94
-723
-104
-1558
1081
-1331
-2560
2082
-817
-751
1571
670
738
1251
2222
2613
1444
3166
1205
3722
4267
-1357
4405
1584
-155
1800
-1172
1149
-3379
575
1982
-3078
106
-1390
-711
-1255
-1420
1766
-1357
-256
2172
-1111
3033
887
-1352
3428
-1690
1938
-639
-1259
2981
-5617
492
-926
-4184
-228
-4138
-2825
-3910
-2462
-2263
-5005
-1459
-2831
-2800
1099
-2506
484
812
-2123
4401
-639
2027
2201
-2029
5227
-485
1781
1796
-1660
2253
-1614
2412
324
-3225
1694
-839
374
-682
-2434
1265
-1891
-518
1326
-1640
1482
1713
-301
2841
189
3120
4272
-2301
6735
556
462
5200
-2949
5337
-2112
-1247
3991
-2095
190
40
599
-2280
1633
508
-813
237
-122
2375
-1579
1782
-47
717
1669
-1222
3284
-1066
-749
1630
-484
786
-860
-904
731
-1398
-4235
-3634
-1524
-4414
-4891
-847
-3015
-3175
-2366
-3565
-886
-3121
-2230
1760
-3031
-1993
2685
1599
1963
1214
1272
3143
1056
269
2640
1682
-1379
853
3282
550
-1188
-1579
-527
-532
-1521
-1028
-1890
-119
-1054
-892
2566
-1731
572
2228
-1921
2852
2251
3005
2028
-676
6724
1168
-671
2924
33
1076
-79
3020
2371
-843
607
617
-34
-282
486
-1195
256
888
-658
1458
1303
-672
1409
1057
-1842
1632
1601
218
-596
-346
2912
-2482
-1470
-272
-5477
1121
-1310
-5631
42
-2680
-2378
-2693
-4173
-139
-3532
-2417
1007
-2983
359
1800
-1618
1894
1670
748
1505
-797
1709
1255
838
2973
-512
2063
1084
-1209
1205
-3293
184
-926
-3856
247
-2314
-1237
-1404
-880
-570
672
708
-2767
2141
212
1036
3298
-841
2966
1585
-727
3228
2138
1363
1180
456
2195
-497
2490
1081
-3600
3022
787
91
-101
640
2713
-2203
1702
-271
-179
1881
-1679
1879
310
-210
470
322
1617
-891
216
162
-725
-624
-2695
-271
-1435
-2274
672
-3741
-2096
111
-2343
-654
-3341
-2137
211
-1871
772
428
-1029
225
583
1439
-101
-87
1324
1834
304
626
3015
-1493
379
71
-1789
-21
-3846
40
-1149
-1925
-1431
-2672
70
-2993
239
-602
-2041
367
-1228
817
2238
1660
235
2050
2437
2377
3662
2059
795
1922
2114
36
1182
1051
1844
1366
351
605
-1379
923
-1310
-845
1436
-2063
1399
-376
-1728
2798
134
33
747
1315
1
1260
2390
-2287
2593
-549
-1109
615
-3566
632
-2060
-1554
-530
-497
-3065
-2865
278
-3884
-54
-2596
-2257
684
-303
-334
-1466
2239
1086
1386
728
-462
2315
-805
294
1317
-531
-1345
-1191
1117
-1268
1715
-3296
-1266
-1806
-4101
-1002
-3558
-1772
600
-2256
645
-1284
941
1786
-107
1803
1514
1688
1347
1963
1869
1592
3713
2738
167
2856
1439
-1567
2351
-340
779
1170
-675
791
-1644
2505
-707
-747
317
623
476
-2868
2343
1714
-26
1040
3566
-1701
2464
-1795
-56
34
670
440
131
-80
-1714
-1822
-290
-1235
-1642
-3490
1154
-3142
-3519
1365
-2736
2017
324
-1183
1502
-2547
2703
-497
-581
3486
-2864
727
-384
-1162
3039
-1479
572
-588
-2009
-222
-3923
-953
-333
-2920
-209
-755
-1347
-247
-1049
-533
-1957
-669
2183
-551
-130
1966
2240
2207
2505
2027
708
1735
1771
1528
1284
964
1098
1745
1369
-1970
-737
939
427
441
-1884
-190
1104
679
1910
-88
482
384
-229
2019
264
383
412
598
1475
-2282
-864
353
-748
-104
-1013
527
-892
-1076
785
-3060
-592
250
-2562
561
-1527
-1106
-124
87
125
-623
-483
-3625
2684
-1836
494
4046
-3945
4703
-2533
-1502
2174
-3944
1446
-1896
-2021
-971
-107
-170
-376
-1145
-2385
-1406
-1160
1614
-2027
1249
1099
-64
4212
-13
2416
854
-923
2114
754
2396
1480
1672
3781
67
-4
1276
-1179
741
-339
-1750
1254
207
460
776
-526
255
986
-115
-219
1638
-129
722
3013
-224
-608
929
-1356
-498
-1051
-1555
2705
-2187
-826
1505
-2346
1115
-1696
389
-640
-3989
1536
-991
1148
1090
-2703
-557
-1732
-452
-1219
-1709
1729
-907
-76
1166
-1798
1517
633
-1994
-24
-969
-263
-263
-483
898
-1559
-2220
177
-2012
-3345
190
-476
-174
1151
-322
604
473
1352
1981
401
1546
3839
2045
1676
1702
289
3001
-358
319
1479
-2524
855
-388
-187
850
-1016
1869
1128
-1822
51
202
-1356
1738
474
189
1356
28
2249
-1178
-314
943
-2794
2241
-281
-940
2069
-2342
1242
317
346
928
-3644
1086
-690
-1077
3043
-2307
-1856
315
-2974
-343
-479
-2135
1921
-2079
-1867
1741
-2491
800
808
-1528
128
-1841
120
2127
-1147
860
-1040
-1798
1027
-3876
2195
-2622
-2340
-23
-1870
35
-1061
3259
569
-1256
2037
2088
-648
1779
5082
-95
-154
1909
4380
613
-137
1870
-575
-1767
800
1570
-2900
288
-341
-182
-99
-544
817
831
-640
-29
1498
960
-521
793
46
742
-419
303
1842
-979
1023
-748
-818
231
-1251
1783
-2097
564
888
-454
2427
-542
-778
1582
-2477
-1983
540
-2810
1548
-3476
2365
-1120
-618
-882
-1136
236
226
-1757
154
-1286
-862
727
579
1443
-822
245
-2828
19
-2661
-1774
746
-3261
541
-934
600
-616
-539
2316
-756
-183
2756
-130
2353
2643
682
2019
1850
-238
-161
-1303
1557
1525
-1435
757
-848
876
103
-1574
703
642
1082
-1438
836
1707
478
1388
1115
-324
565
2260
-1337
1836
256
-1757
677
-2659
521
988
-1377
522
-1551
-270
1189
-880
652
764
-1111
851
3579
-2903
-570
-1223
300
-1514
-1616
1286
-2951
187
785
725
-906
-2004
-691
617
-440
-779
-123
825
-688
-687
366
-520
-2626
-1198
-765
-377
-1110
-1578
366
-681
-1818
2327
1699
89
508
1277
787
-998
3086
-89
3046
-2819
1340
1349
-672
-1369
2277
-1005
-1187
1062
-1798
776
252
-567
2144
-1795
15
2014
961
1229
56
1807
1329
-1301
39
842
860
-235
-257
-280
221
-1704
1250
-512
-335
345
-1609
1133
-799
724
134
57
825
-2448
1364
1132
-330
486
-1924
1791
-1471
-1355
1684
-2290
463
769
-1634
1022
-526
-1016
29
-1045
107
-726
-564
-303
-1983
-601
-907
-417
-446
-1515
632
-1381
-264
1636
-1324
1891
1385
-1001
474
504
-127
-825
2852
1557
-804
1013
-1135
-27
377
-677
1042
-495
-405
-442
-1195
3012
1465
-1357
1179
-1123
-628
1739
-12
2892
1033
-245
2004
-775
1977
-1193
-1351
1859
-2132
1114
-874
-119
503
-2262
2455
-897
-1006
204
-1522
2068
3
-26
1599
-1109
307
-50
-1258
57
-28
912
-582
-1059
804
518
603
-744
-776
-665
-1847
276
275
-1005
-7
-542
-957
-546
-753
-961
-1490
-661
464
-567
-210
302
-351
1178
40
-1197
435
-436
315
544
105
1596
111
-490
81
-824
-213
806
819
-587
-42
-43
-1289
1547
143
-429
364
-113
430
725
1493
1834
798
331
366
-937
1127
1166
16
755
-801
1317
475
-297
-392
-1584
196
-799
973
405
-1854
891
-97
582
25
-525
-329
-7
-161
398
1786
-1013
41
7
-84
-445
-952
1549
-634
-32
-1188
-721
859
-2694
-168
739
-1451
-614
-777
396
704
-713
694
-782
904
169
-1219
48
-421
59
580
-525
366
531
-588
126
-860
781
-305
-19
-131
-358
42
-602
233
245
1162
-630
-309
-1066
-95
1461
-479
2021
-117
54
1219
-149
1110
1006
229
680
-698
301
-469
75
1194
-301
172
-317
-1008
626
-229
-562
621
160
-78
-1241
-22
1081
-273
1012
609
58
-159
-208
431
393
89
-827
-70
-474
-248
-624
-1141
681
-486
-852
-562
-1154
-717
70
351
374
-376
-881
562
-81
344
471
-482
1079
207
-454
105
-121
543
432
-374
-886
-480
28
-606
384
1208
-1086
-1151
971
-1358
-544
910
-137
790
-296
-201
895
-817
894
1014
-357
1179
-1285
1365
-502
1150
-475
417
499
35
47
354
-16
-919
484
-332
-672
1080
71
-184
-287
615
244
-298
214
-554
-67
907
412
419
157
-367
-320
834
607
-534
-275
-532
-137
379
-200
-420
-532
-576
-320
-552
-776
-228
-117
54
-87
-90
266
108
278
170
427
100
-367
216
-227
-457
500
421
-60
198
-441
-190
-235
-643
-204
-1430
-425
586
-52
304
-128
712
299
-841
744
258
658
1094
53
134
-609
594
724
372
96
-261
-913
-386
-632
-231
540
-560
209
134
-85
82
313
364
-122
474
-149
604
392
76
-129
356
1299
-917
485
5
-288
458
-826
576
-371
-756
-140
-123
-553
-315
144
-355
560
-126
-296
91
-1109
463
-422
146
539
-392
656
3
-536
495
183
-854
886
492
-519
77
-103
95
-500
231
-155
-496
232
-165
-104
-642
-777
-192
700
447
-59
8
-214
116
539
1489
460
-487
623
35
-394
174
-181
-57
-220
-1066
162
109
-762
134
222
11
-874
-590
353
153
334
137
621
376
-177
591
-107
-78
942
351
-349
36
701
-93
-547
-234
-193
157
-435
-318
284
-233
-224
236
-101
-332
-298
7
487
-388
200
428
-684
-236
39
268
-153
275
456
-184
53
-730
231
719
-129
189
-698
-301
395
-378
309
-226
-1269
-52
61
-359
250
379
-191
-194
155
-207
160
639
983
633
-7
239
-557
287
516
-509
715
-211
-462
477
-325
-70
-675
-292
357
-643
-171
-97
110
231
562
954
-384
-391
58
-107
-99
375
751
556
-222
-1091
-383
202
28
-94
138
-65
-168
-225
-490
-141
-403
249
-138
-42
896
-333
139
-206
-11
1034
-531
48
555
-99
241
-120
182
288
-284
-395
-53
350
-332
39
528
-561
-593
-233
-447
-261
550
704
-128
-253
-67
46
-112
8
650
287
287
252
-2
537
-39
-349
401
-204
-627
-71
-172
164
-601
-879
745
-74
-149
505
-316
318
-121
-516
476
-420
-624
819
836
-295
236
573
-380
-234
34
519
-10
1
553
154
-32
-1039
-105
59
-267
118
-142
313
-873
-541
102
-232
-112
-296
444
650
-174
-397
261
-213
542
687
-155
644
-65
45
127
-4
165
-528
-293
-361
206
325
-513
-416
-395
-461
-490
249
809
2
43
331
208
208
-578
-341
823
860
537
112
-208
-51
-553
-214
56
-415
528
-116
-450
64
-298
30
-152
41
-182
-285
-7
285
386
-603
-235
-137
-18
352
17
406
235
361
633
-190
-430
-15
64
104
-185
70
442
-186
-189
-265
-97
160
-255
-69
-504
-503
232
-214
-168
369
151
-8
205
273
84
307
234
331
247
29
379
-131
15
-25
-300
-121
-462
-646
12
-268
-391
115
-10
169
-366
-387
509
-286
160
440
298
480
-145
333
341
65
-101
-429
309
175
218
215
-75
-700
-659
-164
-402
123
-2
112
137
-153
260
-349
104
229
-98
304
-168
93
-11
-141
517
-45
-133
166
-143
388
-27
-302
418
-103
-176
-208
-247
-197
-217
60
-341
-45
-50
-248
-30
-246
-60
121
168
543
41
-233
483
40
579
437
-227
546
86
-223
-134
-335
-46
-267
-58
348
5
-395
-578
-346
-269
-105
539
-237
430
57
-387
418
-410
850
505
242
559
-527
505
-90
133
8
-669
127
-434
-85
-200
-498
123
-247
-322
329
-167
-51
261
-453
89
187
231
346
186
111
-34
338
-149
-121
350
486
324
56
-18
-260
-68
-533
-564
-63
2
-76
-175
-188
-66
201
-366
87
183
-150
-256
-450
781
33
45
503
-62
496
-185
86
217
-461
284
399
207
130
-671
-494
-279
-351
291
57
-48
-195
-657
43
-346
41
293
-18
768
235
93
237
-45
216
70
194
-121
177
201
-196
-327
226
849
-187
-381
-504
-709
-232
-247
97
-91
-46
155
-137
0
235
314
137
154
232
35
-7
57
-109
224
100
-146
491
86
-403
-366
107
-125
-544
-53
-234
70
262
-53
-10
-108
-381
-106
-395
222
724
143
324
-196
40
342
133
357
-387
142
424
-164
-105
-146
-99
-167
51
252
28
-203
-102
145
165
-265
-273
-235
-210
273
-180
306
-116
-400
513
-294
160
102
204
276
-497
168
-101
-33
-138
-154
334
-147
-19
101
-403
-138
179
-99
515
97
6
242
-860
-220
78
52
404
92
225
13
157
294
-156
-291
-324
-77
185
439
257
-259
54
33
-122
-21
-394
-98
497
301
78
120
-116
-307
-261
280
360
-55
-137
-521
52
237
-82
-28
-688
21
259
-235
277
-126
153
193
-350
506
39
-773
-202
93
39
161
291
418
251
-199
131
-151
-166
208
-531
-78
154
197
605
-209
-381
-312
-392
56
52
189
294
-137
10
44
-124
-3
58
86
-305
-72
249
270
356
-109
156
233
-274
-478
-466
-43
413
668
83
-521
-378
-83
10
-71
-80
40
26
-36
489
379
-19
-237
-256
348
-111
-236
79
6
462
151
-27
162
-4
-13
-429
-444
-73
157
171
-263
52
112
-213
187
7
-83
138
-96
-20
61
-42
-156
50
428
133
-6
129
-96
-223
28
79
-268
-315
-38
-23
15
-13
-481
119
296
-120
-39
-125
227
-363
145
170
-257
787
-238
-105
285
-220
220
345
239
-185
-93
-292
71
549
77
-203
-346
84
1
-85
87
-228
-47
-7
-37
236
-101
-25
337
14
62
-88
-129
151
82
304
-43
-295
-25
-24
10
-16
75
-73
-237
-65
102
227
-46
-277
-158
-41
-11
18
109
37
0
24
-10
102
-34
-128
141
163
111
10
-264
-349
-187
152
224
-54
-135
-103
49
195
-113
-233
-37
-7
156
142
-53
-9
6
137
56
-193
-71
0
102
124
-21
27
80
149
-23
-354
-128
170
118
16
-81
156
278
201
-16
-276
-122
-133
292
284
-193
118
81
-8
-96
14
74
-183
51
-200
-137
233
-44
21
-4
-75
19
-141
-52
75
72
28
-39
89
124
26
-145
-127
25
4
101
64
2
-31
-93
30
-93
-128
-62
-63
116
42
-127
-223
-33
143
-116
51
73
-1
148
-47
7
-147
-63
187
-60
-30
-22
113
74
-185
-164
-13
146
-70
-121
92
127
22
-35
-36
-170
-157
10
191
288
122
-129
-135
137
171
-19
-27
-72
-68
108
237
28
-278
-236
9
237
99
130
84
-207
13
-58
-71
288
140
-100
42
191
216
-11
-133
63
-144
2
97
-18
88
-134
147
10
-367
-199
-111
30
105
-7
-68
-39
-345
-47
-90
-235
287
-115
67
240
-129
9
61
103
123
37
-253
-74
124
-23
-60
-126
84
48
-14
45
-128
-72
20
130
-42
-180
117
-43
0
172
-17
41
16
125
174
11
150
193
17
-143
-59
117
122
-11
-166
-60
29
89
71
-42
11
-127
-96
-28
17
125
-20
65
-63
-179
-62
-137
47
124
98
103
-128
-87
66
-76
-133
37
166
19
-66
44
15
13
-38
-93
-48
-41
40
50
174
174
-141
-55
34
-90
18
0
-22
19
-135
-96
-45
-78
-6
-62
-11
29
-60
65
-12
-46
81
56
123
-122
-72
42
-77
143
82
190
60
-118
-12
-104
37
17
-35
-55
103
161
-113
-27
-23
-18
58
-56
-82
-29
89
67
93
52
11
-1
57
-26
-144
78
98
108
40
-64
20
-33
-25
-48
25
-4
-68
44
25
-21
-148
-59
-15
-103
-7
6
67
-28
-36
52
9
-1
-23
18
-6
34
11
-40
65
131
39
-58
-62
-139
-68
40
24
93
-34
-30
-87
-19
2
-102
106
23
19
28
-62
-47
-29
92
45
29
92
40
-60
23
115
42
7
-95
9
127
27
98
-146
-103
34
-35
21
-53
61
72
-41
-80
-63
-39
-60
21
-11
110
117
-84
4
-73
8
38
-21
51
-32
29
-10
3
92
-52
-10
-9
-29
6
19
-47
62
62
-108
-24
39
48
-11
8
52
-52
-37
-15
-54
-55
-47
-85
23
-24
-91
55
9
41
-116
-155
90
-13
-60
65
128
172
56
-132
-29
25
134
142
-61
20
-40
-97
99
-71
-17
102
-10
10
-31
10
-51
-35
86
-21
-21
-14
-28
31
-5
33
165
78
-1
-28
10
81
-23
-3
14
-16
-22
25
49
-76
-13
6
-13
3
-152
-23
-42
-50
-36
-68
90
98
-57
-166
-49
-16
90
124
-23
-20
-11
68
17
23
9
-58
50
85
-46
-89
-96
5
43
20
16
-71
-76
116
-10
-44
96
-137
45
-1
-54
32
-9
67
6
-107
37
4
106
130
-27
-23
9
-1
4
-12
-10
51
63
-53
-61
-14
30
-32
-16
62
63
-44
-32
14
70
-16
-98
82
-1
-5
27
13
46
-6
2
-28
59
47
66
42
-37
-34
37
9
-46
13
-15
-10
28
4
-47
-29
4
-15
43
-51
-3
36
-50
28
-103
-21
41
-110
71
-46
-58
37
-93
123
-14
-105
64
-78
67
62
-92
-46
-39
76
-41
-88
57
-8
-22
-39
22
40
9
81
-34
-53
-29
-7
107
22
6
-14
-33
118
-26
28
85
-23
182
-61
-55
39
-109
151
-14
45
39
-162
52
-148
46
32
-111
78
25
-18
-41
-75
-29
-6
49
42
-36
-47
-5
40
42
35
49
7
46
0
-45
56
-4
34
68
-47
5
-91
-16
102
-75
62
68
-26
-3
-101
11
-53
-48
141
51
45
-58
-53
17
-73
44
-17
-10
27
-75
69
-9
-108
1
-29
-14
-33
-73
-26
-46
17
32
-14
-5
-69
-16
-7
-9
34
-9
31
19
-7
-20
-4
73
61
63
3
-11
56
-6
15
91
77
-42
-73
-24
-66
1
17
-1
-19
-5
55
-69
-5
-19
-12
153
-30
79
74
-47
71
-152
66
42
-55
197
-83
123
43
-174
80
-36
44
-59
-142
95
-13
-75
-19
-161
-43
11
-56
61
-89
26
-13
-87
114
-46
39
-13
-107
28
13
80
-10
-69
46
53
24
42
8
16
41
-5
10
1
-35
-11
84
-7
-55
-57
-115
107
74
-34
-2
-27
45
22
34
57
-32
-81
-35
44
65
47
-24
-10
-24
-80
73
35
55
48
6
39
21
-45
-73
-39
26
7
-3
-30
-15
5
-53
-62
4
32
72
28
-50
-4
-65
6
44
-102
38
25
-13
108
3
-20
-2
27
39
-55
16
21
27
-21
-59
-88
-52
32
-97
56
-21
-56
47
-117
88
-39
-12
85
-76
110
-154
29
77
-1
8
-46
62
132
1
-20
68
2
58
9
-28
56
23
67
-59
-39
-1
-102
-39
-21
-19
23
42
37
-27
-44
9
-12
-8
-16
-46
30
16
13
-13
-36
28
3
25
23
-6
35
10
-25
-3
-13
-2
22
-21
18
24
31
52
-5
12
10
7
-3
9
33
-16
24
-51
-116
-4
-2
0
-35
-24
36
-36
-12
-29
-54
18
72
45
-39
-50
-48
17
5
-9
-33
-14
24
-70
92
60
-82
-22
-4
61
-11
-29
51
-8
-40
12
-18
9
30
-2
43
20
83
-16
-10
81
-90
21
24
-11
68
6
50
-12
-61
-57
-57
51
35
22
23
-26
-43
-56
6
9
23
53
-1
-40
-26
14
2
-8
-28
24
32
30
48
-52
-18
-48
-5
45
-10
29
-25
7
2
-2
18
-88
-49
2
-12
28
26
-6
6
-30
-29
-24
-11
71
-6
-58
-7
3
-29
-20
-4
19
98
24
-36
-15
10
61
-5
-9
4
24
78
15
1
9
-19
-18
-45
-3
25
-31
-20
-29
-14
23
-9
2
-46
-29
72
28
18
-10
-79
-21
-23
-19
64
56
37
-5
-39
3
12
35
19
11
33
-22
35
31
-33
33
-94
-73
67
-14
31
3
-57
-1
14
7
-19
11
-42
-19
60
-13
-22
-42
-29
20
-33
-1
-17
-42
66
42
-15
9
2
18
23
13
-17
2
59
-14
-16
49
-19
-5
40
2
-2
-40
-43
1
2
37
-13
-33
2
-44
1
7
12
34
-2
4
10
37
24
4
12
-6
5
24
9
-7
13
-11
-43
-56
-26
-9
-15
12
3
7
-28
-31
-5
-7
29
-24
0
59
9
-8
-19
4
20
29
54
7
-9
-17
-4
29
11
21
-6
-13
23
-15
-12
-10
-11
2
-34
-20
-16
-1
-2
-18
8
2
-16
-14
22
-25
2
22
-41
3
-66
-14
39
-32
10
11
30
-8
-22
27
-10
-1
33
46
39
-6
-7
37
49
37
14
7
5
2
16
2
-14
-14
-6
0
-8
14
11
-23
1
-4
-56
-33
6
32
27
-26
-18
-14
-18
18
25
26
-4
-42
-8
0
-17
-1
-1
-18
-13
-19
-4
35
-2
-4
8
-7
1
-30
1
8
-15
18
-2
15
7
-14
11
-12
12
13
-11
-6
-39
8
40
-2
-8
-48
-7
30
-12
19
-5
-16
16
-15
10
2
-1
36
-21
0
21
-21
3
7
7
-5
2
22
12
2
-17
-20
7
19
-13
24
3
1
38
-28
9
1
-4
34
4
12
-25
-1
5
-23
28
16
-5
-7
-3
22
3
-38
-41
17
48
3
-29
-4
27
-4
-16
-11
-6
0
8
24
-11
-12
-14
-33
-21
-19
27
28
-20
-25
-43
-35
31
11
-46
-22
-8
34
31
-20
-2
-8
-10
-2
-8
29
45
-6
-21
11
16
3
3
24
22
21
36
7
-23
-19
-4
21
17
14
31
1
-5
10
-10
6
7
10
17
-4
0
-14
-6
-7
-30
-8
10
9
-21
-40
-7
8
7
-6
-15
-7
-15
-7
7
0
3
-12
-2
5
-18
13
35
10
-8
-38
-13
25
11
-8
-19
35
51
-16
-32
-23
16
33
-29
-17
16
-5
-1
-4
1
-3
-21
7
12
-33
-7
4
-1
-25
-39
7
19
25
-7
-19
15
2
-33
-7
27
23
32
-17
-16
9
0
15
-6
22
43
-17
16
8
-13
15
4
21
-9
-32
20
8
27
14
-53
-11
2
9
16
-9
32
-4
-31
5
-21
22
-11
-15
19
-18
18
-5
8
19
-30
8
11
-7
2
-6
-7
-10
12
19
-32
-1
2
-25
0
-27
-10
-1
-40
7
-1
2
1
-24
29
-8
-23
3
-6
22
-13
-10
0
-1
25
-16
11
3
-9
31
-15
10
17
-6
7
9
16
-5
-5
17
16
8
-10
-30
4
13
-25
10
5
3
16
-7
7
-3
-5
13
6
3
-6
-16
21
0
-2
-3
-9
9
1
19
6
5
9
-3
2
3
5
-7
-11
11
6
-4
-19
-5
17
8
-12
0
-2
-19
-10
-15
14
-9
-33
6
-12
-5
-14
-8
11
-17
-5
-10
-8
7
-19
2
0
-15
10
12
12
10
-5
6
15
-1
-1
-16
-12
22
6
10
-7
-7
20
-7
10
11
1
16
-1
12
15
1
11
9
15
13
-10
10
24
10
-10
-13
9
5
30
2
-10
9
-29
-8
-8
-13
-14
-16
15
2
-19
-5
-14
3
-17
-19
0
0
12
-7
-10
4
-7
6
-1
1
7
-4
11
1
-20
-7
-4
-3
-5
-5
3
8
0
-13
2
8
1
12
5
3
2
-10
9
-7
-13
11
-5
3
0
-12
-3
-14
5
8
1
-4
-16
-4
2
-3
3
-4
-3
8
-1
8
7
-8
9
3
14
17
-1
8
3
9
14
1
5
8
14
20
9
10
2
8
15
6
14
2
-2
0
-5
9
-8
-9
-14
-21
3
-11
-11
-8
-19
0
-6
-12
-13
-7
0
-7
-5
-21
-11
6
-1
-4
-4
7
-5
10
-4
-10
19
-2
6
