SAMPLES:	13804
BITSPERSAMPLE:	16
CHANNELS:	1
SAMPLERATE:	16000
NORMALIZED:	FALSE
1
0
0
0
0
0
0
1
1
2
2
2
3
2
3
3
3
2
1
0
1
-1
-2
-3
-4
-5
-5
-5
-5
-4
-4
-5
-3
-4
-4
-4
-2
-1
-1
0
0
-1
1
1
1
1
0
0
0
1
-1
0
-1
0
-1
-1
-1
-1
-2
-2
-3
-4
-3
-3
-2
0
0
-1
0
1
1
0
0
0
0
1
0
1
1
2
3
2
2
1
0
1
0
0
1
2
3
4
5
7
6
6
6
6
8
9
7
7
5
3
2
1
-2
-2
-2
-3
-5
-6
-7
-8
-8
-8
-7
-6
-4
-4
-2
-2
-2
0
-1
0
-1
-2
-2
-2
-4
-4
-4
-3
-3
-3
-3
-2
-2
0
-2
-2
-4
-4
-3
-2
-1
1
0
1
0
1
1
3
3
3
4
4
4
3
4
3
3
2
1
1
0
0
0
0
1
2
3
3
4
4
4
4
4
4
5
4
5
4
3
4
2
1
2
0
-1
0
-2
-2
-2
-3
-2
-2
-2
-2
-2
-2
-2
-3
-3
-2
-1
-1
-1
-1
0
0
-1
0
-1
0
0
1
1
0
-1
-1
-2
-1
-1
-1
-1
0
0
1
0
-1
-2
-1
-1
-1
-1
-1
0
1
0
0
0
0
0
-1
0
-1
-1
-2
-2
-2
-1
1
1
3
4
5
5
4
4
4
3
3
3
4
3
4
4
4
4
4
3
4
2
1
1
0
1
0
-1
-1
-2
-3
-2
-3
-2
-1
-1
-2
-3
-1
-3
-3
-4
-3
-4
-5
-5
-4
-4
-6
-6
-5
-4
-3
-3
-2
-1
0
1
0
2
2
2
2
3
2
3
3
2
3
3
3
2
2
2
1
0
-1
-1
-3
-3
-2
-1
0
1
1
2
2
3
3
3
4
3
3
2
3
3
4
2
2
1
0
0
1
-1
-1
-2
-2
-3
-3
-4
-4
-3
-2
-1
1
0
1
1
1
2
1
1
0
0
-2
-2
-2
-2
-2
-2
-3
-2
-2
-2
-2
-1
-1
-1
0
-1
0
0
1
0
1
0
1
1
1
2
2
2
2
2
2
1
1
0
-1
-1
-1
-2
-2
-3
-3
-3
-4
-3
-2
-2
1
1
2
3
5
5
5
5
5
5
4
3
3
2
1
2
0
0
-1
-3
-3
-3
-5
-3
-3
-2
-2
-1
0
0
0
1
0
3
1
3
2
2
1
1
0
1
0
0
-1
-2
-2
-3
-2
-2
-1
-1
0
0
0
1
1
1
0
2
3
3
4
4
4
4
3
2
1
0
0
-1
0
-2
-2
-3
-3
-3
-3
-4
-4
-5
-5
-5
-6
-5
-3
-3
-3
-2
-1
1
0
1
1
2
3
3
4
5
3
4
3
2
1
0
0
0
0
0
0
1
2
2
2
2
1
1
0
2
2
2
3
3
2
2
1
0
0
-1
-1
-2
-1
-1
-1
0
-1
-1
-2
-3
-2
-4
-4
-5
-5
-3
-4
-3
-3
0
1
3
3
2
2
0
1
0
1
1
1
1
1
1
0
-1
0
1
1
0
0
-1
-1
-2
-2
-4
-2
0
-1
0
1
0
1
1
1
2
2
1
2
1
1
2
1
2
1
1
1
2
2
1
1
1
1
-2
-2
-3
-2
-2
-2
-1
-1
-1
0
0
-1
0
0
-1
0
0
-1
-1
1
0
-1
-1
-2
-3
-2
-1
-2
-2
-1
-2
1
1
3
3
5
4
6
6
6
4
5
5
5
4
4
3
3
2
1
0
-1
-1
-1
-1
-1
0
0
1
0
0
0
0
1
0
1
1
1
1
0
-1
-1
-2
-2
-2
-2
-2
-2
-3
-4
-5
-6
-7
-8
-9
-11
-12
-13
-14
-15
-14
-13
-12
-12
-11
-11
-10
-10
-11
-9
-9
-8
-8
-8
-8
-10
-10
-11
-12
-12
-11
-10
-9
-7
-5
-4
-3
-3
-2
-1
1
3
5
8
11
14
17
21
25
28
32
34
36
36
37
36
33
30
28
25
24
22
23
24
24
26
28
29
30
33
35
36
40
40
40
39
35
31
27
22
17
14
11
9
8
8
5
4
2
0
-3
-3
-6
-6
-7
-8
-9
-10
-12
-14
-16
-20
-23
-28
-32
-37
-43
-49
-57
-65
-73
-82
-88
-95
-101
-105
-111
-115
-120
-123
-126
-127
-129
-125
-120
-112
-104
-96
-91
-86
-82
-75
-69
-64
-60
-56
-49
-40
-30
-19
-9
0
5
9
15
23
32
43
51
54
68
90
107
124
139
154
173
194
209
221
243
277
298
309
324
335
329
312
299
293
282
268
255
239
224
213
196
179
164
148
138
128
119
113
99
73
63
47
17
-5
-23
-51
-78
-104
-124
-145
-170
-196
-223
-247
-262
-276
-289
-292
-305
-308
-301
-309
-313
-316
-329
-331
-323
-328
-335
-333
-330
-330
-332
-331
-327
-332
-342
-345
-344
-343
-332
-319
-312
-298
-276
-261
-240
-214
-186
-158
-133
-105
-66
-35
-6
24
44
63
82
99
117
134
155
174
190
204
220
238
251
258
275
290
307
331
349
373
408
427
452
480
499
528
564
593
625
651
669
687
702
713
713
705
694
678
661
644
622
598
571
540
503
460
409
351
290
223
154
83
8
-68
-145
-225
-307
-391
-475
-561
-655
-759
-880
-1020
-1174
-1337
-1503
-1668
-1830
-1993
-2148
-2285
-2387
-2444
-2449
-2406
-2318
-2194
-2039
-1861
-1665
-1460
-1253
-1039
-818
-592
-361
-132
85
284
469
643
804
946
1065
1151
1207
1244
1266
1270
1253
1217
1168
1110
1044
966
874
771
655
529
394
246
99
-47
-187
-305
-417
-537
-642
-729
-790
-816
-818
-779
-725
-687
-592
-452
-311
-153
22
196
414
676
905
1139
1402
1667
1925
2161
2465
2793
3078
3328
3502
3633
3719
3754
3750
3702
3622
3523
3385
3209
3011
2743
2454
2153
1781
1424
1033
581
188
-249
-733
-1144
-1610
-2060
-2451
-2906
-3302
-3665
-4068
-4410
-4736
-5056
-5267
-5483
-5692
-5794
-5905
-5928
-5839
-5766
-5580
-5337
-5100
-4735
-4336
-3939
-3454
-2969
-2448
-1860
-1305
-724
-115
462
1046
1595
2114
2610
3052
3466
3795
4061
4285
4421
4515
4558
4509
4425
4299
4102
3895
3639
3313
2980
2593
2179
1760
1292
848
410
-46
-454
-884
-1309
-1669
-2042
-2388
-2655
-2916
-3134
-3279
-3382
-3423
-3414
-3351
-3207
-3040
-2838
-2549
-2255
-1944
-1543
-1107
-673
-201
267
759
1310
1838
2334
2820
3299
3742
4149
4520
4844
5161
5377
5531
5691
5732
5699
5643
5503
5253
4995
4709
4300
3924
3530
3016
2581
2098
1497
1012
439
-201
-704
-1334
-1950
-2433
-3052
-3606
-4053
-4582
-5042
-5437
-5815
-6140
-6444
-6652
-6800
-6989
-7026
-6963
-7010
-6858
-6578
-6425
-6082
-5630
-5250
-4777
-4249
-3638
-3063
-2484
-1710
-1070
-467
343
998
1559
2193
2744
3209
3628
4076
4447
4629
4900
5082
5058
5179
5156
4973
4905
4656
4345
4109
3721
3306
2884
2420
1926
1408
987
508
-69
-453
-860
-1423
-1756
-2039
-2465
-2701
-2845
-3026
-3128
-3148
-3060
-3029
-2917
-2588
-2421
-2167
-1719
-1433
-1013
-495
-114
371
933
1393
1881
2374
2825
3242
3618
4042
4271
4541
4873
4923
5093
5218
5152
5160
5084
4876
4731
4473
4071
3855
3408
2882
2602
2042
1499
1146
524
-46
-469
-1115
-1721
-2170
-2822
-3398
-3794
-4440
-4952
-5254
-5826
-6194
-6451
-6858
-7001
-7238
-7379
-7320
-7528
-7325
-7084
-7198
-6676
-6280
-6145
-5391
-4918
-4467
-3662
-3143
-2335
-1567
-1003
-15
615
1147
2078
2594
3087
3780
4171
4592
4968
5255
5570
5588
5679
5813
5554
5398
5252
4823
4519
4122
3588
3221
2647
2090
1717
1040
473
69
-519
-944
-1424
-1851
-2061
-2540
-2735
-2716
-3113
-3164
-3017
-3226
-3152
-2900
-2831
-2587
-2212
-1969
-1589
-1092
-792
-354
158
462
975
1473
1856
2322
2668
3158
3516
3688
4177
4320
4363
4749
4720
4719
4936
4756
4760
4762
4394
4375
4186
3765
3668
3346
2952
2676
2289
1873
1388
943
479
-112
-619
-1133
-1743
-2262
-2825
-3391
-3850
-4431
-4920
-5280
-5790
-6169
-6412
-6720
-6924
-7046
-7109
-7156
-7152
-6950
-6783
-6600
-6176
-5826
-5477
-4905
-4354
-3767
-3082
-2401
-1656
-966
-267
539
1200
1817
2542
3063
3542
4073
4406
4739
5000
5136
5270
5258
5203
5110
4875
4648
4365
3970
3567
3161
2679
2141
1700
1219
633
242
-214
-795
-1121
-1485
-1927
-2162
-2362
-2546
-2729
-2784
-2685
-2767
-2662
-2292
-2231
-2097
-1580
-1247
-1018
-622
-156
232
490
1018
1483
1628
2081
2541
2747
3040
3323
3596
3828
3845
4058
4308
4242
4314
4393
4354
4325
4183
4212
4127
3710
3701
3641
3050
2873
2743
2189
1856
1461
1018
576
-110
-510
-955
-1744
-2222
-2659
-3358
-3958
-4414
-4957
-5539
-5966
-6430
-6787
-7098
-7570
-7559
-7642
-8038
-7721
-7564
-7604
-7108
-6787
-6355
-5850
-5432
-4581
-4019
-3465
-2470
-1824
-1130
-249
464
1262
1896
2552
3329
3746
4226
4787
5038
5263
5505
5571
5550
5493
5300
5108
4835
4399
4072
3639
3111
2617
2068
1586
978
411
-29
-557
-989
-1447
-1730
-1988
-2407
-2445
-2577
-2722
-2638
-2685
-2369
-2284
-2293
-1663
-1465
-1303
-714
-368
-26
383
928
1448
1656
2141
2667
2868
3154
3463
3812
3962
3950
4323
4467
4357
4560
4683
4600
4605
4523
4593
4578
4125
4295
4285
3676
3634
3587
3067
2676
2510
2056
1635
1080
557
301
-589
-1243
-1587
-2363
-3212
-3750
-4238
-5117
-5746
-6201
-6703
-7270
-7949
-7987
-8246
-8888
-8706
-8658
-8853
-8659
-8429
-7888
-7506
-7276
-6281
-5451
-5192
-4276
-3044
-2460
-1888
-624
313
713
1756
2746
3286
3841
4477
5217
5437
5573
6090
6272
6078
6103
6157
5845
5458
5179
4806
4241
3666
3053
2667
2057
1072
935
450
-596
-690
-1030
-1723
-1858
-2131
-2467
-2455
-2609
-2779
-2268
-2266
-2639
-1821
-1470
-1624
-912
-521
-278
132
454
1258
1436
1467
2529
2722
2647
3441
3634
3823
4057
4037
4564
4519
4356
4827
4727
4554
4623
4712
4801
4380
4333
4614
4057
3844
4029
3422
3064
2709
2158
1954
984
429
265
-1052
-1625
-2006
-3187
-3776
-4552
-5484
-6064
-6856
-7613
-8098
-8540
-9484
-9705
-9524
-10420
-10259
-9854
-10307
-9730
-9177
-8857
-8129
-7612
-6672
-5659
-5086
-4060
-2818
-2029
-1200
117
1208
1787
2840
3915
4390
5104
5815
6248
6617
6698
6958
7217
6958
6782
6859
6430
5733
5665
5252
4375
3861
3221
2621
1808
1059
859
-37
-765
-877
-1456
-1839
-2052
-2355
-2493
-2638
-2722
-2539
-2371
-2484
-2287
-1769
-1416
-1191
-681
-60
139
535
1420
1888
1959
2682
3342
3459
3834
4442
4951
4973
5217
5748
5747
5869
6151
6174
6110
6024
6051
6126
5899
5450
5444
5283
4562
4394
4099
3296
2819
2220
1595
870
-180
-703
-1444
-2942
-3524
-4218
-5592
-6394
-7232
-8077
-8856
-9545
-10322
-10581
-10906
-11817
-11179
-11266
-11912
-11044
-10767
-10415
-9957
-9393
-8026
-7524
-6763
-5138
-4260
-3419
-2215
-861
137
772
2169
3155
3633
4500
5079
5681
6084
6264
6750
6751
6432
6617
6636
6075
5719
5532
5024
4314
3748
3474
2794
1789
1542
1225
156
-319
-392
-1044
-1610
-1779
-1816
-1990
-2346
-2057
-1642
-1911
-1866
-1012
-470
-549
-60
734
966
1149
2094
2884
2539
2981
4043
4190
4279
4615
5318
5472
5017
5722
6078
5591
5793
6009
5731
5347
5468
5882
5340
4420
4768
4789
3690
3666
3594
2596
2245
1816
1229
636
-531
-930
-1467
-3201
-4032
-4479
-5651
-6740
-8059
-8889
-9588
-10947
-11288
-11612
-12637
-13361
-12692
-12591
-13714
-12596
-12069
-11862
-11198
-10804
-8909
-8642
-7778
-5652
-5158
-3990
-2307
-873
287
1063
2612
4049
4359
5272
6410
6870
7301
7571
8062
7862
7420
8200
7977
6925
6759
6586
6292
5672
4903
4437
3836
3083
2712
2305
1362
1063
924
277
-322
-483
-301
-437
-645
-1081
-951
-283
-205
63
122
-11
707
1527
1843
1846
1920
2752
3253
3319
3919
4145
4416
4844
5064
5340
5395
5935
6412
6135
6068
6308
6400
6733
6750
5939
5796
5914
5386
5228
4758
3574
3069
2532
1446
604
-610
-1753
-2760
-4324
-5656
-6806
-7899
-9182
-10574
-11687
-12958
-13701
-13883
-14426
-15594
-16313
-15458
-15302
-15575
-14098
-14138
-13894
-11868
-11202
-9663
-8701
-7490
-5198
-4378
-2887
-1290
546
1492
2660
4608
4298
5534
7477
7567
7941
8066
8112
9024
8835
8595
8817
7428
7266
7904
7279
6168
5416
5536
4719
3659
3421
3199
2593
1778
1382
820
75
341
1192
404
-1285
-890
590
662
167
367
565
579
1477
2837
2361
1343
2808
4134
3420
3488
4580
5053
5016
5165
5632
5657
5987
6993
6688
5569
5563
6475
7032
6036
4944
5122
4775
4587
4697
3279
2089
1836
1211
222
-1188
-2559
-3001
-4596
-6890
-7839
-8697
-9353
-11237
-13406
-14441
-14834
-14742
-15805
-16402
-18011
-18180
-15269
-15737
-16615
-15602
-14410
-12369
-11117
-10151
-8756
-7419
-4618
-2082
-1841
-908
1733
4025
4732
5588
6046
6824
9142
9291
8836
8681
9301
9840
9818
9267
7397
8920
8546
7266
7613
5749
6109
6041
4911
4164
3509
3851
3266
2178
1566
1222
1625
2813
902
-1041
686
1807
2297
1294
278
1442
1500
3043
4208
1835
2107
4073
4490
4565
4345
5026
5808
5609
5934
6327
6217
7007
7872
7331
6261
6223
7607
8094
6606
5418
5090
4689
4483
3891
1863
-1
-855
-1630
-2811
-5343
-7141
-7933
-10023
-11709
-12770
-14118
-15556
-16522
-17125
-18578
-18656
-18332
-18563
-17921
-18172
-16891
-15871
-15615
-13072
-12413
-11357
-9346
-8283
-5308
-3412
-2794
-1223
744
3308
5100
5711
6292
7646
9193
10101
10537
10252
10600
11209
10665
10366
10010
9000
8625
8299
6833
5957
5576
4193
3541
2878
1331
1545
1444
-435
-892
-1249
-1062
831
-437
-2956
-2206
-379
1265
1241
-432
-774
390
3296
5135
3046
2467
4665
6272
7922
8164
7285
8515
10201
10737
10640
10217
11147
12742
12293
10415
9228
9630
10644
9803
7397
5203
3646
3955
3957
362
-2701
-3260
-4813
-6956
-9251
-11871
-13069
-14263
-16665
-19409
-21698
-20978
-19084
-20804
-23049
-22248
-20684
-18912
-17691
-18014
-17048
-14957
-12918
-9964
-8741
-8065
-4454
-1713
-760
856
2792
5707
7969
8419
9065
9262
10149
12699
13424
12329
11071
10754
11588
11085
10300
10195
8419
6539
6691
6494
5330
3938
3473
3491
1361
508
892
-13
-888
-1119
-330
-2254
-3627
-943
-238
-461
-1361
-1558
733
1154
3047
3812
1782
3323
6228
7074
6803
7430
8489
10059
9463
9486
11779
10997
11562
11960
10647
9843
9886
11511
10565
7543
5025
4446
3914
2498
913
-2842
-6705
-8735
-9880
-11904
-14483
-16347
-17911
-21396
-23913
-21689
-19295
-20130
-22557
-22761
-21980
-19565
-15776
-15041
-15737
-15916
-11806
-7982
-7046
-4183
-2385
-159
2299
3535
5790
7724
9518
11626
12020
10506
10633
13271
15167
14084
11152
10035
9917
9993
10797
9013
5296
3446
4774
3591
959
1364
-62
-1029
-2314
-4201
-3753
-3877
-2816
-2605
-5764
-7571
-4520
-850
-522
-2244
-3353
-1251
1127
3807
6378
4147
3302
7644
9700
9514
10604
12014
13696
13780
12893
13554
14491
15526
15771
14083
11907
10961
12348
12304
8090
4822
3736
2122
1028
-1078
-5657
-10674
-13624
-13282
-13642
-17571
-21500
-23363
-24852
-24030
-21100
-20340
-22697
-24536
-21794
-18875
-17097
-14691
-13008
-12852
-12505
-7419
-3614
-1954
539
2074
4959
6189
7957
12183
13852
14067
14994
15174
14311
14890
16971
17756
15052
11634
10724
10437
9939
9351
6799
2757
489
60
-596
-2300
-4649
-6453
-7751
-8699
-8866
-9100
-9871
-10278
-9541
-8030
-7682
-8312
-7299
-4934
-2511
14
913
63
1402
5895
9570
10245
9710
10454
13061
15617
16657
16923
16540
16105
17159
17792
16249
14558
13562
12628
11267
8816
6350
4260
1910
272
-2199
-7217
-11124
-12399
-14110
-16578
-18958
-21499
-23462
-24805
-24718
-22304
-20153
-20415
-21815
-22456
-20629
-16369
-12283
-10264
-11183
-11432
-7150
-1555
1034
2432
5095
6623
8444
10828
13077
15750
15886
17399
17643
14041
16017
18440
17330
16630
13395
9543
7539
8055
8655
6159
2067
-2056
-4354
-5034
-4899
-6534
-8740
-10693
-13437
-13256
-12874
-12709
-11696
-10158
-8231
-10908
-11993
-7502
-3164
530
1342
749
1349
4003
10527
14476
13313
11890
13086
16149
18287
19541
19678
17616
15325
15640
16825
15919
13599
11175
8167
4491
2586
2336
353
-3896
-7896
-11769
-15597
-16720
-16265
-17892
-21499
-24812
-27578
-27704
-22638
-16505
-17456
-23645
-25095
-21487
-14968
-8059
-5485
-7972
-11877
-6806
3299
7437
9028
9408
9992
12201
15274
19588
20179
19507
20152
19143
17994
16079
15822
17925
16967
11997
6328
3017
2155
3083
3378
-1499
-9320
-12668
-11746
-10338
-10150
-12819
-15957
-18045
-18380
-15710
-13604
-12167
-10994
-11918
-10224
-7007
-4420
1239
2853
2342
8888
11227
8558
13252
19109
19739
18968
19037
19871
19631
20460
22385
19400
14672
14116
14297
12482
9938
6962
3131
-775
-2562
-3174
-6523
-11270
-14588
-17843
-19686
-19760
-21242
-23019
-23953
-24826
-25687
-27772
-25212
-15125
-11583
-17594
-20977
-18514
-11703
-1506
4505
570
-4250
-287
10343
16696
15923
17017
17604
17429
21150
23656
23590
21342
20174
20743
17285
13949
12573
11444
10801
7111
1464
-4614
-8457
-6976
-5391
-8761
-15720
-20288
-20704
-19325
-17434
-17353
-19080
-21105
-19995
-16162
-14446
-12912
-9506
-5477
-3122
-682
4318
6874
10125
15339
18640
21375
18894
19116
25139
24284
23608
24574
20162
16678
16230
17637
17120
10451
5387
5125
2785
-616
-2664
-5797
-10540
-13327
-12281
-13712
-18320
-19872
-20109
-21536
-22153
-21555
-21071
-22030
-22069
-21101
-23703
-21830
-8562
-1456
-8780
-13201
-10003
-5274
5405
16169
13290
4231
5481
16426
23668
22153
20366
21807
21175
19434
20377
20938
18337
15945
15414
12058
4795
623
2212
2832
-1975
-8475
-13880
-18283
-18131
-13492
-13422
-20347
-24867
-23633
-21011
-18310
-15074
-14042
-14940
-13471
-10358
-6746
-2715
847
3519
7261
10407
11855
13807
14074
18063
24026
26676
22641
15202
17105
19859
21823
22495
15972
8631
4731
8093
8878
3211
-695
-3072
-5666
-7999
-8325
-9399
-12627
-13759
-11863
-12575
-15825
-16519
-14422
-12164
-12775
-13304
-12924
-14475
-13159
-9442
-10060
-14298
-15869
-6139
6262
3036
-4906
-5521
-4263
4223
15661
15512
8815
5859
9897
16216
17295
16529
17282
16680
13014
9174
11400
12895
6985
5128
6243
-374
-6972
-6977
-5749
-7041
-10412
-12996
-16312
-20831
-18184
-11075
-11928
-15730
-14904
-14939
-13920
-8127
-3515
-2314
-1796
-1102
769
3253
6807
12082
13766
13008
13700
13634
10790
11370
19382
25077
20569
8827
4797
7064
9472
15013
12872
2929
-6475
-4061
2948
-592
-3646
-3929
-5097
-8219
-8808
-4973
-5962
-6916
-3279
-3333
-6432
-6809
-5919
-2956
-2272
-4858
-5331
-7096
-9329
-8053
-7637
-13204
-17260
-13967
-3096
4055
-5948
-12589
-11103
-10871
357
10863
9072
1819
-2207
6508
12435
10801
15134
18655
13837
9792
12915
13052
9911
9607
9896
7025
1095
-2514
-3905
-5804
-6949
-4649
-9324
-17919
-19418
-16771
-10922
-11220
-12585
-13079
-16535
-14577
-8736
-1024
586
-3625
-1708
4606
4736
6212
13944
14219
11933
15226
17353
11884
10414
20324
27214
18033
5556
7777
7280
7926
15917
10683
-542
-6949
-4329
1480
-1285
-5533
-5135
-6374
-8874
-5784
-4001
-8148
-9202
-4657
-1934
-3147
-4947
-6826
-8278
-7489
-3113
-1678
-10693
-19666
-17979
-17498
-18889
-4126
9149
-2995
-16165
-15262
-11779
-996
12877
14088
5459
646
8358
14938
11312
15146
22770
19520
14266
11059
8134
7302
8461
11200
7452
-2319
-8181
-11172
-9416
-5838
-11510
-17852
-19011
-21931
-19336
-11810
-12169
-15598
-13461
-10181
-9171
-7459
-1984
4515
5167
4886
7765
8986
10594
14904
18192
17588
16426
13800
11161
12460
16114
23640
18653
1809
312
3929
5918
9294
4245
-940
-5755
-6412
-584
-1793
-7604
-3673
1803
-4694
-4607
-2546
-5101
-4355
319
4808
-2394
-6000
-8143
-8162
-4795
-9334
-11266
-17783
-24634
-25641
-17011
2020
2462
-12608
-16834
-15438
-11911
4389
16653
11025
3105
6632
13939
13421
16025
22111
18606
14062
14331
12856
10609
7988
5617
5376
1605
-6421
-12323
-13044
-12122
-14122
-15417
-15718
-20375
-22501
-17304
-14108
-11563
-4760
-3655
-8376
-7394
-41
7303
10550
10731
11889
12341
12375
16604
17575
13850
13746
14471
11184
8859
9706
10087
10078
2867
-1953
-418
-4060
-1970
1131
-206
-3031
-7369
-5962
-3802
-4692
-1357
6416
4757
-265
1145
-349
-1780
3806
8269
3283
-3306
-6415
-5592
-7143
-12044
-14882
-23078
-30829
-27314
-9632
1946
-7359
-15041
-17435
-16539
-4846
8544
12571
8431
9321
11596
11557
16737
21683
23468
18411
13983
13941
15049
11559
1253
1681
-1726
-5709
-6127
-17498
-17442
-15095
-19712
-18018
-17339
-21400
-21906
-18060
-14096
-3785
3337
-408
-2756
-758
7120
16574
19347
19303
17263
14870
14969
15916
15240
11825
11397
10104
6705
5168
1581
1368
-924
-4812
318
-2708
-9280
-6357
-5382
-3463
-4302
-5727
543
1428
2550
7431
4361
98
2754
8579
9504
6039
2511
-2444
-3478
-2011
-6165
-12188
-19609
-26759
-29505
-29211
-15756
878
-4038
-14187
-17294
-16015
-2465
9123
11182
12497
12708
13262
15985
19669
22060
20961
16911
14736
11901
8814
10157
4606
-5221
-7446
-8861
-12899
-16424
-17914
-19156
-22550
-20787
-15480
-16346
-16846
-12816
-8076
1260
7904
5681
4687
7033
12505
17935
20702
21583
20087
19128
12941
8100
8564
3829
2325
4174
913
-2910
-7019
-8899
-6910
-7858
-8023
-7131
-5432
-309
-1489
-3670
-3250
-2170
6347
10804
7474
8138
8585
4827
6654
10680
7436
5963
4220
-4964
-6021
-5099
-15716
-21084
-23425
-27267
-28912
-27823
-10615
1094
-4748
-8424
-11730
-7829
3639
11495
17717
18806
16882
18282
19457
20642
20897
17036
12094
8947
7813
5774
2253
-4769
-12912
-15920
-18178
-17631
-16979
-20459
-20255
-21154
-19591
-12753
-11336
-8901
-5156
1056
13055
15739
13947
15676
15735
18215
21634
23383
22041
16569
10813
6046
3915
32
-4352
-4572
-5953
-6489
-9003
-11076
-6136
-8366
-12506
-9062
-4305
3284
4640
851
965
1831
7876
15289
13186
8073
7200
6234
4762
6934
6908
1186
708
-4036
-9321
-8465
-15988
-20166
-26625
-28770
-28475
-28204
-8350
841
301
-3419
-6763
1651
7542
15792
22031
23358
21233
20139
22444
21317
18413
11193
6389
5605
2616
-2453
-8097
-13089
-19259
-22925
-22843
-22442
-20592
-17534
-17453
-20981
-16519
-7211
-3259
3176
6652
9978
18653
20536
20661
20906
18934
20252
19008
16649
18369
14488
4645
-4874
-10405
-11865
-12263
-8442
-7639
-10400
-11511
-13984
-9214
-5447
-6619
-47
4887
9333
11842
8468
9055
8106
9404
14136
14807
12579
7065
-9
-4556
-2459
-636
-2854
-6067
-11048
-15179
-17259
-19173
-23252
-26366
-28974
-31021
-20115
1310
13177
9062
8
-191
9727
18192
23289
26855
23763
19231
19695
18720
13640
7496
1823
-1408
-2257
-4781
-10880
-17219
-21797
-23660
-23575
-20933
-18715
-16560
-12096
-11582
-8302
-1827
-299
1574
11750
18970
19571
25303
21890
16351
15230
12733
15267
9768
5802
6981
753
-6639
-13261
-17370
-18926
-14659
-7624
-4159
-2759
-7816
-6231
4122
6125
8710
12118
12178
14820
13280
12401
14524
10162
6820
6550
2344
-1314
-5459
-10377
-10386
-8456
-6560
-7880
-12874
-16068
-18469
-18794
-19043
-21415
-23499
-25844
-17942
3518
19576
17934
8825
4990
9586
18009
23444
28837
24715
12302
11809
11587
8688
6927
-4428
-10328
-9226
-9756
-9918
-16182
-20920
-20490
-20483
-17411
-12154
-9491
-7826
-5182
-1921
4941
11191
12146
12171
13519
14964
17998
18896
14939
11258
7444
4472
962
-1229
-1339
-7331
-13541
-16118
-15388
-13748
-11261
-2033
3066
1740
39
2360
14701
19653
16272
16453
13325
12016
9742
8371
12014
5191
1275
-12
-10740
-11217
-10049
-14100
-11531
-10597
-10192
-11639
-17032
-18133
-18679
-20283
-19401
-15131
-14165
-13418
-294
14607
18051
13592
11284
12661
13900
18551
24639
23903
15413
7465
4699
4121
2278
-2826
-9613
-13815
-13439
-12159
-13181
-14963
-15990
-16307
-14542
-9255
-2848
471
-183
-403
4103
11159
14692
13142
10964
11151
12447
13213
12483
9295
3152
-4152
-8346
-7984
-6245
-7097
-11474
-14847
-13894
-10491
-6139
-1128
5417
11247
11931
13927
20605
21767
17816
15803
14135
11958
8756
5768
5885
3638
-2895
-8721
-14711
-19473
-18125
-13191
-9056
-6198
-6085
-10733
-15903
-16379
-15780
-17144
-16804
-15159
-13577
-5891
8973
17997
13711
7853
9258
11309
12187
16901
20822
17237
10500
6608
3815
957
-2057
-8478
-12984
-10700
-10395
-11495
-8371
-9876
-15356
-14295
-9589
-5270
-54
3516
2904
507
2844
10297
13728
11743
10581
10137
9379
9235
7313
2946
-2257
-7676
-9390
-7369
-7375
-9279
-10938
-12725
-13164
-10182
-4063
4730
12767
16118
16306
19023
24571
23093
17182
14128
12611
9611
4731
5666
5776
-1038
-7683
-13541
-18236
-19551
-15703
-9371
-4553
-4056
-6820
-10850
-15733
-18020
-18231
-17259
-14661
-13205
-12798
-945
16922
18918
10964
6693
7884
9239
12315
20168
21322
13391
5457
2878
2584
-49
-5419
-11602
-13922
-11751
-8591
-7580
-8410
-9912
-12745
-12697
-6829
265
4522
3889
679
2320
8859
12409
11738
9949
9867
11675
10790
8324
3861
-1888
-6909
-11417
-10174
-6586
-7048
-11944
-14075
-11362
-9931
-4158
3657
7713
14900
22017
20492
20062
25352
20559
9798
10386
13332
6131
332
3849
2940
-6669
-13229
-17099
-21306
-17531
-8598
-4219
-1204
-1414
-9602
-16915
-18384
-18617
-19531
-17309
-15788
-14738
-62
17452
18909
11102
5670
6351
7944
10994
17859
19275
14235
7521
3259
2183
-1224
-7234
-12734
-13339
-11144
-10552
-8778
-7316
-10792
-13912
-10917
-5485
299
4509
6451
4314
2256
6640
10014
11527
12208
11137
9689
8931
8229
2805
-2931
-7668
-12116
-11540
-8807
-7869
-8521
-10940
-11589
-8419
-5138
1472
11292
20031
23403
20867
23459
25137
18535
13235
9331
5751
3263
2320
3278
-501
-7446
-13106
-18481
-20427
-16097
-8593
-2676
1048
802
-4370
-11011
-16522
-20115
-20819
-17280
-14934
-12505
1353
17156
16651
8054
7304
8924
5415
8919
20248
18263
8517
8742
5935
-3417
-4524
-4813
-12784
-16563
-11642
-8550
-9821
-8687
-8870
-13627
-12026
-3450
1970
4525
5677
4296
4586
7990
9892
9208
9020
10049
10755
10371
7511
1562
-4790
-9872
-10921
-8690
-7834
-9327
-11832
-10432
-6942
-7107
-6550
1344
12032
19798
24317
23675
24571
23810
16121
12902
10254
5563
2278
-703
2209
925
-8215
-14139
-19254
-21635
-15778
-5191
1575
2523
32
-7224
-12799
-13735
-16329
-19760
-20356
-20281
-11518
10104
21813
15361
7657
5495
5821
7865
13046
18461
16680
9558
5803
5155
2085
-5725
-13852
-16379
-15443
-12939
-7218
-3424
-7281
-14071
-15607
-10417
-2161
4684
5897
3343
3742
7066
9261
9463
8051
6948
7871
10641
12647
8812
-360
-9523
-14307
-13715
-12125
-8487
-4915
-11224
-14266
-5336
-3563
-3141
9915
19775
19559
19430
24637
28703
20578
10252
9416
7823
2360
-312
1331
2563
-3849
-12854
-17849
-20558
-18355
-11224
-3890
2298
2398
-3856
-9760
-13625
-15616
-16869
-14980
-15270
-17900
-2876
16536
16953
11880
9250
6311
6284
11281
18195
19373
14068
6060
610
-287
-2185
-7340
-12920
-14300
-12980
-12013
-8868
-6608
-9769
-13598
-11988
-6377
1166
8330
9211
4938
3890
6957
8176
7378
6722
6074
6476
6952
5229
1792
-3515
-10740
-15670
-13477
-7152
-6596
-11166
-10399
-6873
-7304
-4521
4863
13113
17270
18892
21633
27935
28524
19597
12750
10389
5198
-884
-1864
832
338
-4752
-10745
-17871
-21346
-17080
-10502
-3430
2820
3153
-1395
-5694
-10944
-15335
-17095
-19813
-19158
-16285
-5271
17696
22986
11086
9428
8728
3903
8220
17456
20622
16664
10070
6384
4508
-1963
-9069
-13266
-16575
-16110
-11677
-6759
-6663
-12183
-15086
-12038
-6750
48
7711
10084
6356
5694
10009
10937
6758
3921
4366
6849
9051
7754
3504
-4036
-12803
-18616
-17911
-11576
-8772
-9480
-8129
-5296
-4851
-5119
3315
14171
19470
22976
24174
27620
28198
18325
10337
7398
3038
-2398
-3819
-16
-136
-6857
-13279
-18499
-21897
-17512
-7868
-174
4205
4067
-1444
-8274
-13061
-16604
-17539
-17079
-18556
-13950
3180
17488
15909
10244
9424
7308
4952
10471
18871
19965
13841
7741
6457
4126
-2433
-10630
-14814
-13318
-12835
-10305
-5968
-6322
-12420
-17521
-11489
-2438
2847
7687
8129
6245
7879
10574
8014
5565
6496
3468
6674
12454
4684
-3276
-3922
-10116
-19362
-17215
-9794
-9357
-11229
-7492
-3212
-3472
-14
7394
14138
21048
24478
23273
24884
24055
13466
7958
7177
523
-3815
-1214
2143
-1664
-9556
-14931
-21023
-21859
-13344
-6079
501
5632
-72
-8079
-10419
-13338
-17349
-19477
-19347
-17555
-6510
14484
21448
12473
7352
5836
4323
6784
13383
18706
17821
11904
8415
6888
603
-7283
-13865
-16009
-12503
-10636
-8977
-6243
-9258
-13272
-11455
-6401
411
6915
10010
8638
7859
11656
10973
4643
2514
3576
5313
8731
7978
2344
-4717
-12586
-16132
-14711
-10817
-7593
-7707
-7108
-5350
-3933
-1199
4022
8441
12634
21003
24441
24497
26680
18930
10129
8042
2942
-1053
-1316
-949
-3135
-7307
-10027
-15097
-20091
-15337
-7067
-2077
4508
5114
-2660
-9271
-11640
-16335
-20608
-17465
-17894
-15626
-1395
13476
16678
12166
10244
5686
4506
10626
16834
19259
16159
11922
6947
2411
-3155
-10879
-16058
-16853
-13870
-9140
-5095
-6182
-11804
-14603
-11051
-4483
3143
10646
12293
9520
10544
13367
10600
5169
2791
3031
5580
8536
6917
993
-6441
-14993
-19557
-16005
-11197
-9321
-5983
-3232
-4323
-2661
3306
6666
9227
15965
22161
24825
26394
23600
13682
4579
1493
-1118
-4284
-2952
95
-2452
-7910
-11601
-15301
-17695
-13418
-4352
1219
4277
4262
-2566
-9991
-16078
-21710
-23397
-19572
-14523
-6946
8430
15341
9308
7873
7368
4928
7818
14928
20412
17835
13047
9840
3752
-2296
-8111
-13662
-14903
-13347
-10438
-6946
-7071
-10932
-13961
-13474
-8257
1249
10209
10466
8552
13166
9396
5623
13269
9973
1523
4296
9083
6656
-67
-3854
-7985
-16216
-19096
-12719
-9080
-9080
-7062
-4571
-2786
-1690
4647
12074
14598
18889
22511
23095
23737
17808
9016
5723
1693
-2294
-4488
-4800
-3657
-5735
-8110
-10969
-15130
-15542
-8713
-2029
3674
7726
2105
-4654
-12005
-17827
-21132
-23400
-18824
-16793
-8105
10102
17094
15439
13105
6648
2335
8215
16319
19597
18094
13728
9245
4494
-1582
-9572
-17014
-19498
-16180
-10224
-4900
-5074
-11191
-14598
-12085
-6993
-112
7580
12039
11487
11920
15195
12570
5769
3778
3243
4162
8356
8150
2259
-5778
-14474
-19414
-17429
-13800
-10322
-7026
-4529
-1333
1769
7708
11012
12323
15597
19662
22581
22159
22451
13993
4776
567
-3685
-4077
-4927
-2973
-4388
-7621
-8564
-12439
-16937
-11490
-2763
-1405
7870
5144
-5527
-7537
-17928
-22935
-23693
-23205
-16059
-6810
8782
17329
13133
11273
8804
4346
7813
13740
17824
19545
16796
12205
6398
-883
-9156
-16002
-19099
-17308
-13464
-8801
-6315
-11232
-13901
-11956
-9786
-2140
6764
11142
11635
11435
14944
15112
9542
7145
5643
4417
7010
6143
1283
-3360
-10220
-16798
-18182
-14259
-11279
-10588
-6714
-2117
2454
7895
15157
21577
20030
18454
19379
19062
19943
14132
3820
307
-2188
-5399
-4071
-4370
-8252
-12161
-14204
-12483
-10313
-6493
297
2409
517
-2032
-9001
-15565
-19045
-23616
-22659
-17833
-14026
-196
14122
12837
11873
15290
10744
8150
12509
15306
15847
14890
12891
9789
3715
-3006
-8733
-15036
-16777
-16509
-15321
-8923
-9651
-13211
-8681
-6401
-7005
1254
6938
4612
9750
12517
14483
15874
9326
8900
6426
2664
4521
155
-5259
-6056
-8957
-12381
-11967
-10669
-10689
-11895
-8129
1038
6832
10884
15895
19475
22093
20835
16908
18815
16329
5525
4281
5641
-1174
-4010
-2344
-6091
-12469
-15298
-11435
-8641
-9484
-1635
3346
-416
-4326
-9496
-14359
-19033
-22077
-23344
-19288
-17427
-13323
6338
14659
10452
14362
16445
12167
11128
15932
19207
15230
10079
10132
7199
496
-3451
-9166
-16268
-18609
-17584
-15689
-11743
-9660
-10615
-8953
-4768
-1419
2542
7080
7945
8803
13459
15794
13218
10926
6857
1966
3323
2230
-1979
-5037
-8714
-10489
-13550
-11926
-8956
-11654
-9485
-3875
2880
10553
18058
24912
23208
19003
17204
15239
15454
8935
2859
4563
-407
-4504
-2839
-2247
-7240
-14261
-12017
-9671
-8189
-3444
1923
2103
-3306
-5009
-10785
-17700
-20286
-22061
-21985
-20415
-17159
-5288
9398
8466
10054
15462
11996
11486
13212
17286
17813
13425
12402
11165
5422
-291
-5877
-12760
-15961
-17724
-16266
-12406
-10139
-11832
-11531
-6669
-6206
-1704
3414
5116
7988
11401
16630
15214
12626
11671
6429
3387
2226
-1214
-4006
-5735
-9134
-10716
-10947
-12307
-12755
-11870
-6379
3402
11132
17255
21771
21087
19075
16233
14537
17051
11381
1664
2473
2063
-3200
-3499
-3825
-8181
-14374
-15483
-7437
-2344
-1428
3388
3394
-4378
-11202
-16303
-21514
-24566
-23776
-21214
-18141
-9554
3406
9848
10671
11678
10246
8366
11979
16912
18147
16957
13409
11041
7900
2002
-4267
-8591
-12284
-16696
-14436
-12072
-10863
-11107
-10930
-6734
-9234
-5486
753
3404
7785
7051
13622
16206
9457
10801
9161
5356
5648
2613
-729
-4101
-8755
-9962
-8827
-9355
-9590
-9037
-6783
-487
6070
12133
17665
20378
18249
15771
15513
15804
16428
8870
2666
1740
-4455
-4886
-2671
-4562
-7868
-14982
-14226
-8120
-6063
-83
3262
223
-3619
-9233
-14138
-18450
-20492
-21144
-20546
-19749
-14129
3683
9866
6297
10839
10426
6868
8710
14869
19041
16409
12667
12851
11099
3683
-1387
-6042
-12603
-15008
-14181
-12183
-10668
-11400
-11089
-10201
-11104
-9361
-3867
1297
3311
6216
13825
16164
11052
9055
8393
6210
5545
4947
3482
485
-3933
-8013
-10760
-8852
-6227
-9802
-8641
492
7029
14177
21802
24101
20795
14183
11262
13299
17039
10832
497
5873
737
-9087
-517
-3618
-14161
-18147
-14878
-6936
-4410
706
4274
-702
-9983
-15271
-17017
-19712
-20664
-21000
-19432
-17277
-6777
9735
11218
6380
8427
6883
5101
11220
17085
17575
13359
11416
12833
7913
818
-2711
-7590
-13018
-14481
-11933
-9319
-9986
-11831
-11827
-10161
-9770
-8918
-1854
3945
2575
6266
13744
11593
7091
8868
8945
5744
4671
3928
1302
-2213
-5071
-6009
-6098
-8148
-9692
-6799
-1894
3708
10484
17271
21127
22038
20574
16140
11832
13845
15965
6235
1776
2535
-2897
-2790
-2479
-5216
-13235
-19411
-11930
-7937
-7978
484
3192
-7028
-12686
-15350
-20231
-21397
-21449
-20797
-23008
-16473
5293
13560
8556
10253
9451
4104
5207
12707
17451
13458
11345
14760
9313
2975
1903
-6936
-12137
-10496
-12515
-12852
-7516
-6196
-8991
-5290
-8392
-12644
-6863
-1802
3959
7038
10109
13599
9176
4942
6796
7631
4618
2612
2193
1409
-2277
-5582
-4495
-6116
-10047
-8223
-3282
1761
7616
13170
19890
21495
17529
16550
12420
11025
17134
12655
5612
6129
2644
-265
-1467
-4353
-9386
-19363
-16473
-5469
-6498
-2198
3361
-5475
-12236
-15364
-19842
-22965
-24087
-21601
-23777
-17178
6356
14068
9806
12658
8600
2993
6065
13698
18507
11026
7900
14429
10268
3152
-1229
-9681
-14258
-15458
-13608
-8183
-9243
-10807
-6718
-6011
-8897
-9932
-6580
-1208
1853
6273
11616
11301
7593
6920
8847
10095
8666
4483
789
-642
-1275
-2337
-2506
-4885
-9741
-11311
-5788
3478
7867
11270
14599
16631
15618
13622
15927
11992
14599
19299
7114
4496
11030
1917
-4734
779
-8517
-19097
-11045
-8368
-9706
-2741
488
-3127
-10746
-20896
-23566
-21810
-22459
-21176
-22893
-19064
604
13369
12249
13474
12743
4908
2550
13095
21358
15042
11935
16146
11338
4349
708
-6520
-14797
-21225
-20282
-13095
-12159
-13278
-8979
-6794
-10552
-13510
-8496
-120
2380
5348
13651
16501
12386
10517
12469
11752
8338
5813
4217
3139
457
-457
-1468
-7446
-14299
-14430
-5513
1254
4826
9273
12773
15697
14536
14007
10931
9591
19172
16350
11184
15341
8099
4435
3891
-3246
-7369
-16441
-18597
-8448
-7214
-5033
540
-8051
-20518
-25694
-25687
-26403
-27165
-22282
-22526
-16161
7739
17344
14984
16795
12328
8401
9472
17496
25541
16343
9108
13897
9492
3552
-2102
-10174
-13188
-25221
-20069
-8469
-17601
-11784
-8009
-13602
-12083
-11769
-6843
1944
3299
5151
17888
17867
11382
15150
15184
11977
10840
8253
2438
-439
-2790
-3511
-2452
-5218
-10043
-10995
-5955
-3687
222
4653
8096
10267
10332
16945
14117
11606
20234
13610
7281
13284
9613
5352
6336
2405
-2396
-11521
-17227
-12354
-11747
-10126
-5134
-7633
-12231
-17569
-21936
-22688
-24151
-23337
-21140
-19123
-7092
11664
16741
15732
16539
9593
7174
10975
16368
20002
14297
12988
14616
7221
1248
-2127
-9412
-16364
-20124
-16399
-12731
-14269
-12066
-11199
-12049
-12489
-9377
-441
3533
4799
9299
13436
12315
11451
14498
13439
9411
6606
4493
3016
1157
-1678
-1463
-4826
-10486
-7858
-4851
-3503
-1801
652
4184
8224
9862
12841
14060
7162
13471
16625
9159
10729
9369
5908
4884
7721
5891
-1789
-6194
-8812
-8832
-10915
-8876
-5679
-10572
-16012
-17829
-19205
-23043
-23330
-18549
-18903
-21375
-8858
8030
9508
7836
11966
12282
8654
10657
17464
18285
12920
12099
14873
10921
2132
-2996
-6357
-13075
-17607
-14747
-11676
-12648
-11368
-8723
-11692
-15474
-12136
-5281
-1647
740
7272
13392
13900
15153
17353
14243
8942
5156
4261
5760
5117
3785
3912
1013
-1593
-21
-1260
-4234
-2994
-295
1028
4097
8297
8550
4347
3532
10501
9982
6833
11364
9518
6933
8676
9416
5839
-3553
-6918
-4518
-6518
-7724
-6730
-9721
-14590
-21612
-22581
-21231
-26034
-24629
-23308
-20172
-11623
-3971
5548
6314
4827
9772
11333
12921
15991
16687
17157
15651
15607
15640
8223
2173
-1920
-9103
-13219
-11046
-12355
-15608
-11736
-13017
-13515
-12739
-14496
-8327
-7305
-5475
3113
6783
10377
13946
14653
15016
13304
10867
10886
9295
7655
7951
9075
8907
5897
4497
1306
-2220
-2890
-2626
203
930
2325
5372
2136
1387
4511
2615
2592
3058
3024
6791
6654
7565
8501
1350
-2343
-2466
-5106
-5681
-5429
-6993
-10705
-14815
-16902
-18816
-21949
-24082
-23087
-20159
-14803
-7716
-2584
660
1702
2239
5972
10168
11763
12764
14157
14779
15325
15657
12671
6319
523
-3231
-4974
-5256
-6568
-8771
-9781
-10153
-10841
-11012
-10428
-10519
-10270
-6170
-585
1733
3464
6662
7631
7920
10202
10844
10498
11312
11846
12222
12494
11003
9160
7658
4869
3891
3465
2175
1734
2201
1863
1384
1199
-848
705
-754
-1129
2325
-211
1314
2295
2420
2797
759
220
-2690
-3632
-4469
-4082
-4305
-8462
-10812
-13217
-15589
-17148
-16776
-16566
-17155
-14495
-9264
-4999
-3793
-2758
-1028
767
3589
6687
8655
8300
8142
10799
12473
11077
7923
4314
1684
-692
-791
-87
-2155
-4638
-6069
-5314
-5623
-6853
-5823
-6970
-7423
-4258
-1327
516
2071
4284
5821
7009
8364
9243
9898
8641
8885
11103
10090
8975
8611
6219
4493
4319
4451
4192
2747
2097
2455
615
-101
2036
818
-1482
61
661
-803
-814
-104
836
720
-1069
-1815
-3022
-5532
-5114
-2601
-3182
-6011
-6871
-7638
-9842
-9288
-7998
-9926
-10805
-9761
-8706
-6737
-5762
-5414
-3933
-3246
-2468
-416
-281
-937
412
2361
3701
3196
1605
606
982
997
1070
3050
1994
69
1062
1258
503
590
1158
457
-347
236
1747
2899
2423
2405
2925
2358
2926
5037
5032
3756
5036
6229
5574
6082
5912
4167
3769
4495
5462
5527
3668
3457
3179
897
2766
2825
1042
2528
500
-53
2233
1411
629
1298
333
-921
-330
-494
-494
-267
-355
-1064
-2334
-2938
-4562
-4446
-4880
-6417
-5131
-6697
-7810
-7613
-9477
-8542
-8418
-7932
-6297
-6751
-6007
-6000
-4633
-2313
-1798
-776
-2034
-1991
19
1103
1200
553
3077
1656
-242
3022
2415
1184
1214
443
568
241
514
1559
305
1518
2818
861
2607
2482
2235
3233
3061
4303
2886
4658
4117
2396
6338
3542
3837
5042
1126
3720
1447
123
2172
-1275
1330
1764
-469
1481
-34
152
2121
1684
562
110
1573
1444
2652
5058
3347
2870
2645
2312
2125
692
2195
70
-1668
-661
-3382
-3694
-3937
-5335
-6711
-8657
-7326
-6756
-7746
-6111
-5727
-5183
-3815
-4405
-2062
-3347
-3847
-560
-1830
1378
1927
919
3154
-460
456
1581
-993
823
-273
-821
863
-1427
-468
1628
-217
-620
-58
-352
-569
159
1590
2408
2252
3370
4214
2583
4114
5074
3558
3917
2731
3055
3309
701
854
1313
731
180
-148
-465
-1482
-1586
-1113
1569
213
-1275
2282
212
868
3231
2106
3388
2463
2467
2995
1364
1708
1928
1293
514
-1700
-1742
-1878
-4789
-4089
-5406
-7139
-4992
-7346
-6166
-5672
-7290
-2022
-3351
-2755
-603
-3796
-167
-1331
-293
3845
-23
2665
3254
2371
4004
1350
3066
1278
-275
1841
-274
-1564
-1053
1136
-456
-2525
-117
319
-3409
-3126
3186
2402
-208
2688
4304
4818
4970
4755
6165
5177
3491
4266
2490
2434
1491
764
2731
-948
-704
-571
-4317
-1865
-1270
-1561
-1561
-3965
-1763
-1462
-2873
536
-560
-912
1946
296
120
2063
2400
1143
926
-1596
-257
1006
-5044
-3029
-5889
-7597
-2954
-8187
-7692
-7623
-10074
-5711
-2986
-2329
-3121
-3286
-793
1247
766
2761
4398
1690
4661
6846
3339
4758
5895
3727
2448
2717
3187
530
1144
-159
-2135
973
-1574
-1891
-2696
-1628
990
-2364
2006
1014
1986
5873
2035
6795
6644
4939
8323
5679
5152
5306
1974
2134
3497
1413
-66
-1741
-4249
-3607
-2348
-3945
-3591
-3026
-3170
-940
-2644
-3587
-1309
-557
-121
662
2013
1822
3140
2740
486
2117
-792
-1347
250
-4128
-4289
-4791
-4468
-6350
-9795
-6489
-8366
-9193
-8848
-6533
-3412
-6256
-1804
1365
-649
-239
1939
3575
3772
4711
5188
6332
6108
5392
5043
4117
2074
378
1280
2485
-395
-2874
1042
-1792
-3090
-11
-1861
-318
-961
1510
3258
1377
5345
5686
5998
7060
6513
7431
5835
5738
5254
3060
5069
3982
692
780
-1111
-2760
-3865
-4074
-3197
-4288
-1212
-1756
-5697
-1504
-2876
-4130
876
-422
-992
84
2821
2703
-2691
-951
550
244
-297
-4438
-3122
-3148
-6765
-5739
-4847
-5871
-7843
-8225
-7300
-7623
-6079
-3783
-1780
1952
1301
-933
3191
2628
1324
5068
5492
6528
6117
4914
3956
1403
2004
1767
1808
2355
-1113
-1582
196
-1238
-1726
-2002
-990
832
-690
864
2270
957
3683
5346
5154
5665
4735
5895
6398
4631
5511
4574
3900
2733
-1722
-227
184
-3030
-3729
-4365
-3753
-3996
-4178
-3460
-4510
-5023
-3161
-2219
-2696
-348
744
603
3156
2758
-532
-1302
-1132
-663
626
-442
-1983
-2043
-1486
-3199
-6322
-5180
-3239
-4457
-6043
-4634
-3726
-3580
-2167
47
452
522
4649
1758
1351
3540
2751
6825
5067
5956
6185
3845
2321
628
4566
877
-1717
-657
188
2034
-3009
-3426
-1235
-2493
-1103
-740
-1283
-1640
-1975
1365
3726
1371
1846
2374
1453
4778
1876
1307
2445
-1073
2309
782
379
-49
-2042
-707
-3249
-221
-1080
-471
763
-3331
648
-578
-614
1330
-1968
2704
3763
1896
2059
-1779
-1284
-1816
-3085
334
353
-2682
-2841
-2522
-5286
-6015
-4889
-4299
-4657
-4968
-2711
-932
-2260
-2213
71
-341
1163
2625
1464
1236
2312
3400
4594
4241
2424
6940
2265
-514
6532
2057
-251
91
2907
3517
-52
-212
-236
3659
-1533
-1551
3512
-1088
-128
-645
1452
814
-3282
3225
912
-1336
1310
-1254
110
-3721
-1996
1681
-2928
1263
-405
-1537
-1670
-3694
2672
-2928
-974
3628
-745
3772
1333
589
2243
64
3523
3783
2850
369
-1677
82
-1632
-2556
-1894
-1643
-3350
-1383
-4348
-5811
-2865
-6709
-1319
-7814
-1285
1691
-9220
5034
-703
605
865
-1223
5153
-2672
5045
-896
17
6891
-108
4570
2953
1379
-473
1687
4881
-1850
924
2393
2500
2701
-1094
3021
1248
-181
1538
-37
1370
-1103
-988
48
-1345
160
1837
-495
-2832
-259
-3236
-4332
-967
-1408
29
-2587
-1104
686
-3381
-1137
-977
1193
425
-2129
3071
2999
237
1730
3640
1922
3674
3904
1714
1159
-1183
2787
96
-1283
3354
-3661
-2834
-2499
-5331
-482
-5462
-4867
-2528
-4669
-356
-3031
-1587
-49
-2169
4483
2362
-880
2784
1681
1731
2104
1538
1741
640
1032
2118
1131
-1760
-2155
907
1074
-870
126
1902
1563
1546
2022
2295
2137
1303
1731
-102
1673
4796
935
-1086
-1390
-256
399
-1196
-3593
-2485
-3056
-5497
1551
-2738
-4795
-157
-4120
212
-1465
-3079
1140
-11
1365
893
1439
3498
2382
2401
2511
1428
1793
3677
3072
208
-278
-814
-8
1793
-1705
-2325
-1999
-5154
-2446
-1907
-4500
-3955
-4901
-1399
810
-382
1293
-888
-311
1867
2993
4874
1004
1831
4068
2702
3429
1405
2610
-117
-3029
3115
-364
-3308
185
-1387
-1217
677
1423
553
-398
371
-20
1089
3171
1674
1364
1672
1040
2470
490
-257
1272
-2180
-3117
-1704
-2894
-3136
-3525
-2813
-1527
-3472
-2767
-2709
-3499
-1224
-2953
-1537
2920
2368
1153
1445
2026
2081
4365
5378
1155
-546
2988
3579
-606
1382
2389
-2189
-1198
-4111
-1458
-1369
-9973
-4183
-2521
-3627
-4667
-4764
-1963
-2004
1667
-1966
1683
2501
681
6705
40
3263
9855
4884
4030
3518
1618
3524
3148
-414
83
-851
143
1124
-2362
684
-699
-3687
2008
444
-252
2339
-578
1696
4187
3146
1965
1746
2383
-890
-560
66
-2597
-2492
-2471
-4410
-5774
-2637
-3272
-4197
-5084
-7102
-3050
-2833
-1853
-3044
-2574
2608
1418
3144
1865
503
3360
3529
5154
2119
743
3939
1319
1358
2372
-189
260
-283
-1803
-3093
-5008
-3060
-2880
-4668
-2731
-4942
-4145
-834
-2296
-903
-1499
-1419
387
2992
2307
-348
4092
3958
5567
5588
1096
3119
1788
3281
2601
625
2993
-1511
1440
1910
-1753
3229
16
-1035
1652
326
309
-492
3641
719
-1605
4817
2464
23
-612
1748
-2238
-1821
2725
-6037
-488
-3841
-5846
2285
-4238
-3946
-5520
-888
-130
-6659
-1681
-1716
-847
270
1400
716
-108
4336
1183
3091
1427
430
6845
-1421
1672
4024
-1472
3785
1227
-669
-2413
-1555
-941
-6154
-1490
-3596
-5991
-1902
-4166
-2226
-2496
-3399
-712
415
1123
-2133
-654
4313
3823
1153
2530
3616
2794
4025
2556
1302
1280
1110
648
2409
1352
-971
2161
152
398
875
-410
1948
-2551
-677
4103
-1149
-1155
661
286
889
-2671
-680
1249
-3636
-738
-650
-3928
-509
-2298
-1465
-224
-3747
-329
-826
-536
298
-4865
1210
2719
-1659
1363
1537
4186
364
81
6359
-248
1228
4129
-185
586
1388
-26
569
1520
-2927
-3007
180
462
-4160
-4980
1767
-3185
-5677
-190
-815
-3285
-3094
3134
246
-2567
2494
1262
5146
448
-1047
5995
1684
4484
2080
-868
3902
2935
1575
-75
-30
857
1912
-1297
-2866
-63
-1149
-522
-1205
-3197
-2022
-968
-1037
-2376
-2861
-2230
-1202
-1643
-341
1182
-3089
-414
1975
-1041
-574
-586
812
-980
-132
594
461
3440
-936
362
1941
-225
3272
1819
377
979
4
2293
3730
1126
-952
1112
1989
1551
-166
-1443
733
-2436
-1080
431
-3336
-192
-2619
-3520
246
-4305
-2160
1032
-3993
-1132
-1517
-339
4446
-2878
1996
3435
-1520
4640
2359
4236
2922
-992
3641
2445
5400
1099
-2461
5512
-683
-792
3495
-2809
-1563
-2806
-764
695
-5353
-1446
-2960
-3613
-174
-2399
-2608
-2125
-524
-3317
648
1834
-4344
948
481
-661
-28
-1742
1653
-977
-968
1089
-1330
1597
-795
-2331
3356
1384
-45
1112
2801
852
-1282
4519
936
166
3057
-103
2917
-676
115
3253
-1642
1975
-2924
-1233
4407
-2829
236
-2550
-1692
1772
-2705
-337
-1645
-3473
137
3647
-1892
254
2170
-2260
3202
1346
2966
62
-2768
4334
-758
4187
3945
-5370
3643
2697
-2159
278
-1799
-369
-495
-1780
1123
474
-2560
-1027
-3270
643
1323
-6275
1348
-99
-1661
985
-1105
2640
-3181
-1908
3077
-393
-1089
-780
807
-495
-819
-937
-2516
-1169
-304
113
-1843
-254
1645
-986
-9
-1183
1161
3336
564
2980
-614
906
5465
-1387
-657
1408
-141
-2250
-72
2148
-2794
2215
226
-2212
2032
-434
-504
-1510
-255
607
4088
-403
-2475
5781
-1487
-1031
1100
-1119
1383
-2972
202
823
-1729
2714
-1185
-346
2318
-3633
-896
-568
-93
1342
-4189
1769
1215
-3507
2111
-892
-268
812
-2315
3309
528
-2231
1229
-209
1159
-49
-11
1118
-2049
1527
1659
-2886
1457
-476
-1164
1491
-2779
4835
-701
-1325
5993
-8059
2612
3286
-7151
2891
-2230
429
2662
-1913
3471
-3328
-1203
5771
-3102
-1574
17
-2542
3902
-144
-2169
3327
-2372
984
2295
-3854
1330
-212
583
868
-1323
4344
375
253
1027
-2312
2221
-724
-927
786
-1514
1567
403
-164
1759
3200
-3185
-1824
615
515
1038
-8101
5453
-5054
-4280
6758
-9994
4288
-5281
-3754
2249
-6073
4981
-3932
381
2827
-451
2913
692
608
633
801
-16
3095
-265
763
1197
-1573
4507
1039
-1841
2094
-442
-686
3199
-60
-1171
1775
-628
1977
3008
-2007
-432
-44
1724
-76
-3090
2723
-626
-2082
292
177
-155
-2129
1109
-2336
-1601
2727
-2080
-749
-659
-298
2717
-2409
58
3282
-1696
362
-375
-801
1435
184
1038
-1227
116
-90
-151
1768
-3022
-269
328
-1578
-520
-1782
-259
-2249
734
2335
-3421
122
-694
-2788
1030
-2128
2147
1315
-3383
3806
-514
1252
1707
-3592
2585
-728
867
874
-1019
2152
-2013
1538
1871
-2046
214
-492
-582
2098
115
2727
317
-803
5063
-2088
2020
-56
-448
4106
-2050
3746
-360
665
-704
-1086
1257
-4021
3914
-3065
-1364
2791
-2282
2338
-2241
-1318
531
-4256
-2058
1257
151
-1075
-2638
1312
187
-3445
2877
-1328
-2111
-45
91
1926
-2815
3324
2432
-3753
849
254
123
-141
-1504
1498
1284
-852
464
1127
438
-1795
-2445
2714
2914
-1971
-327
1763
-1452
-90
1626
105
-2350
-1604
4917
-768
-2335
2348
-415
1821
-1620
168
2352
-2882
2279
1710
-2245
309
1236
502
-64
-494
154
385
-1580
1250
1720
-2487
-710
-303
448
700
-3081
1797
-1109
-5214
4313
588
-1562
840
-745
416
-1781
2893
32
-1174
2589
-1559
2231
129
544
2583
-1577
2891
1138
-1137
354
-485
1696
523
-921
-1834
-961
-715
-1217
-682
-3431
-671
-2237
-1390
427
-4351
-25
-505
-1146
1878
-1334
-1949
2322
1209
166
2400
-1240
1724
2161
403
1660
-2018
1643
-599
-245
5585
-2672
-306
4646
41
-329
-510
883
1326
2545
297
-1854
1650
-312
1171
1134
-1872
-1096
-2014
-528
-1044
201
-847
-2744
1926
-1647
-328
1441
-618
995
-3483
933
2367
-41
1140
-3727
610
2835
905
201
-2557
589
-821
700
1139
-3222
1355
783
659
129
-3392
-951
-540
-678
-754
365
-914
-1320
1678
-998
-2223
404
22
-902
-298
-683
2212
2079
-195
2601
1048
505
894
199
2733
612
-704
1882
2479
319
-2617
-748
964
886
454
-1313
1154
-1191
-1603
2355
-3972
450
3253
-3714
291
-139
393
1852
525
-443
-2647
1474
-1242
-1422
1688
-2759
-225
755
864
3851
-2528
-2235
2474
463
2696
-2453
-1430
3460
-3185
3168
2675
-3328
3
-1792
2497
1643
-3472
-82
-1967
-2170
1261
-787
-1994
-1013
-453
303
-530
-2362
-425
856
-3528
-2180
968
650
1576
-1356
1112
3026
179
1114
-778
999
3201
1672
378
955
3172
-891
-695
4453
615
-1490
1020
-1151
1644
1039
-2621
3199
-1855
-2076
3905
-3275
1374
308
-3510
2990
-3512
1262
2448
-4075
1934
-3699
-615
5130
-2508
-1610
-436
-86
1355
-442
-354
60
-1115
687
2087
-267
86
-2145
-2529
3236
164
-801
1264
-2371
1506
-1333
-761
1930
-3888
3486
-3278
-2225
2887
-4546
4316
-3650
-395
2444
-6841
5210
-2460
-4195
4123
-1779
1285
150
-1727
2483
-1079
1211
2413
-1562
3066
1001
1054
2107
-1780
2358
1280
308
3056
-90
-1032
1138
-803
-987
836
-370
-453
-2560
671
1116
-3531
3154
1384
-1881
1332
-1541
689
-223
-557
2700
-1558
512
1479
-1062
542
-1663
290
-41
-71
978
-3224
1374
-412
-597
911
-1827
2549
-3085
-174
1842
-2780
1964
-681
-222
-1283
-815
1985
-2833
-578
-736
-1323
221
-2556
1035
-428
-2829
1094
-1670
-45
-388
-1161
2541
-1669
1238
579
-1488
3085
1260
2848
799
-46
1410
224
2236
612
1482
813
-570
2126
153
-1162
931
642
779
-1838
-385
1974
-3343
3640
-948
-3883
5868
-2013
-162
-1376
-1728
2020
-3307
2336
-721
-2231
2631
-1902
-1880
534
-528
27
-758
-921
1782
-1371
-377
2049
-1041
-38
1227
247
-38
-310
-987
843
191
-736
702
-2089
-59
1655
-2726
-2170
-687
24
-560
-295
-675
-2466
106
-1641
2017
1036
-3625
2737
-1117
370
1349
-1350
3894
-1579
1659
3884
-2461
1044
2832
2784
-1091
2502
3007
-2361
4579
-731
-707
2193
-2360
2611
-1426
855
1756
-3274
1032
-1629
479
422
-355
-662
-4334
2982
-2776
-1263
2772
-5193
2851
-465
-3540
784
-1596
-37
-1102
1964
-71
-1433
1940
-1669
2051
92
-1284
1374
-1804
1419
56
-84
74
-773
635
-756
-1012
-2882
250
521
-578
-2066
-748
2012
-3503
-171
585
-1128
-522
-1066
2095
-198
-61
978
717
1941
-351
605
1533
763
2361
-126
664
2656
-246
2378
515
-278
2560
382
1532
-566
-11
1262
-114
37
-1323
1352
-223
-875
107
-1358
735
-1444
-2078
487
-339
-1084
-41
-408
-916
1
-1872
836
1327
-2579
1401
-354
-1245
2010
-1607
-409
57
865
607
-3547
823
-120
385
178
-2485
1994
-4056
1115
1279
-4003
3500
-4076
52
1096
-4192
2776
-1588
-1153
333
22
952
-1989
1055
692
288
1436
161
817
-1052
368
1056
452
2372
1139
1565
1765
1733
252
632
2248
470
2072
-211
-670
2609
338
286
232
-937
650
-1614
662
-586
-3472
2972
-3999
826
1850
-4426
3344
-4001
2160
851
-2182
3484
-3575
1916
-1972
151
2762
-2806
881
-240
513
113
-908
-970
-547
-1030
886
82
-3312
-200
-1142
99
54
-1250
360
-478
-727
-1222
28
509
-1005
-1004
891
-520
-629
1236
-1166
-28
1289
-428
152
-567
1478
794
-1632
1777
-61
961
1090
986
614
1214
925
1089
1660
-947
1413
947
1478
1050
-392
1924
-809
394
932
-2726
1545
-946
-270
1375
-2015
482
-883
601
214
-1726
2516
-791
651
1495
-1958
1102
1104
-365
-382
197
440
453
-1614
-584
1087
-4074
-453
1645
-1681
-140
-2359
874
-19
-3396
1434
-1839
-994
345
-1296
1475
-799
-948
-193
-315
-558
431
-392
-498
20
-906
1110
-96
632
-782
902
1136
189
1452
25
18
923
-280
625
-128
1139
821
229
2635
839
-1203
1429
-323
-136
1603
-2072
551
1862
-1119
1115
-636
-852
-668
-1610
1906
-1514
-306
1728
-1204
1182
-308
858
1434
-1436
1406
2364
-1602
-389
946
1179
-1345
-1678
2543
-960
-2127
-826
-769
1288
-2146
-1998
1352
-1738
590
200
-1662
-25
-1509
1423
297
-1919
629
-752
-214
-848
143
511
-1609
979
-214
-326
1504
-1634
355
1570
-1027
876
-1764
1704
2005
-788
2614
-2308
-36
2203
-1265
1572
-1098
-420
1299
-1230
2421
-87
-1602
1998
-1645
1375
1284
-1508
1537
-1242
103
301
191
1599
-880
1180
-748
-349
1835
-850
17
71
1035
294
-2066
2022
-1308
-2667
3181
-1911
676
-1511
-1488
1093
-1797
2759
-1522
-2795
1747
-892
1252
-1402
-1771
2000
-704
1263
-192
-2195
1474
-1550
-447
437
-1409
948
-2106
1060
1866
-4010
2730
424
-1730
2575
-2791
2332
174
-2557
4299
-2310
291
1361
-1532
4299
-2675
-2673
3283
-882
-131
-2662
-29
3830
-3459
2300
1290
-2937
3895
102
1001
421
-2494
1231
409
56
1084
1263
388
732
-858
-224
-256
-2373
2525
1417
-2337
78
684
-1305
663
-117
-2287
204
-871
1345
-280
-1999
2436
-1500
472
2452
-3136
-1231
-222
204
976
-1491
82
904
413
-413
-1097
613
-928
-106
1527
-29
396
-1330
-300
981
-1611
2030
401
-2292
3267
-283
-891
2161
-915
-656
-1181
1384
3037
-1832
-1669
752
-991
1104
-918
-1568
292
-1277
603
309
1599
1120
-1351
1985
137
-1296
1562
-196
1227
380
-711
663
-455
1392
-1108
-2188
2044
-2317
-912
1857
-1235
1138
-1421
260
1272
-2826
1346
-641
-348
1122
-2021
1501
20
-2473
353
597
1192
-516
-2176
1225
-39
744
1422
-738
1270
-1102
923
1185
-1543
1068
-206
650
-393
-549
458
-2129
459
-965
-798
-225
-2077
2316
-564
-889
-183
237
3277
-922
1708
-158
-1330
1449
-1854
971
519
-562
350
-417
-15
-651
-50
1261
438
-1025
815
58
-1885
1559
705
603
82
-859
299
-3444
1083
-145
-663
1079
-1529
2308
167
143
-298
-508
2295
-1020
1874
536
-594
973
19
-923
-56
379
-1382
44
-582
677
-1135
-351
2385
-2690
1884
1034
-2187
2230
-1573
782
1012
-1483
1854
-1778
-598
-125
-731
1317
-1274
-71
-138
795
845
-2106
574
789
-137
51
-334
2069
409
-1520
1884
431
-2131
551
138
-899
-386
-2323
127
1310
-1922
-508
-97
-527
-176
-651
1355
481
-1066
1143
1781
357
240
790
-163
800
654
-294
1538
-932
-633
1658
-443
1147
288
-1171
694
-1011
442
1191
-1854
-905
68
-17
-1432
-605
37
-2141
1056
-690
134
2754
-2579
1857
1424
-1159
2220
-2044
885
3250
-236
1229
-1919
-687
2051
-2598
1472
-1330
-2899
1316
-1465
2087
-1870
-462
485
-2900
2503
-2717
256
1629
-1194
2357
-2397
2233
3
-407
80
-1216
1911
-1727
832
-170
-1258
1349
-94
-351
1321
505
-194
-354
69
911
1121
-930
273
425
-1208
1183
-79
570
1756
-1928
-121
149
-968
2499
-39
-67
2450
-2266
911
1881
-2086
1433
-585
-2136
-705
-1713
342
-567
-1007
1959
-966
-1590
1253
-425
-433
359
1274
-1025
501
2427
-2948
332
311
207
723
-1869
1179
-1792
464
678
-2172
1820
-840
-1448
-77
620
-315
-1098
1384
-1940
836
345
-2383
1636
-2406
825
1356
-1366
1611
-492
802
-80
1349
2028
17
1921
-666
243
1143
914
1486
-2012
133
205
727
-41
-487
1481
-3121
1490
-667
-981
1336
-2087
2104
-140
-2348
2470
-933
-307
416
-980
454
-41
-1720
-680
-1079
-237
1209
1410
-1129
-1412
1850
-138
342
-791
628
1758
-3946
605
1234
-1509
-279
275
1068
-2201
-660
483
-2169
-54
1789
1356
-314
-2065
581
1332
-458
923
384
659
-802
-1243
1236
-671
1817
987
-1948
715
-312
1771
210
-2889
2352
540
-660
2111
219
10
-1366
190
2871
-567
-1424
-56
1021
-749
-1171
1407
-494
78
-1030
-1867
749
-765
1002
2053
-1416
-328
1085
-1657
1314
-1049
-3506
2881
-1489
-1604
-218
-1945
2024
458
-1047
-262
586
410
1214
630
-724
-457
677
1988
22
-318
-2356
1217
294
-2317
3171
-1798
360
1779
-2263
423
-962
1321
2720
-1143
-1655
-343
731
2442
-512
-1930
420
-635
-64
41
1691
497
-1861
769
869
911
76
5
1150
436
-1144
-330
1129
-1098
-719
694
1006
-1144
-1682
1788
-752
-613
1166
-1393
55
-340
-227
196
-347
1740
-590
-1022
348
422
-964
-222
1666
-1808
19
503
-669
796
78
341
-411
-1124
-113
97
-1477
1887
629
-1412
1852
-3761
243
3591
-2795
1250
22
-479
1936
-1711
-945
-419
2139
-497
-1889
3220
-1094
-241
1535
-803
376
-544
302
914
-119
-486
-310
818
878
121
816
17
-2305
693
2267
-880
-271
1011
-114
-1871
-1111
1176
276
962
755
-768
-496
-1753
2505
1861
-3402
745
-871
-1859
1492
503
37
-1376
1167
1629
-761
-1165
-1055
2258
1607
-1975
-508
1147
-746
1965
95
-2902
1641
-2055
-1569
2292
-1726
-725
633
-603
862
-1075
-2024
996
359
1217
139
-927
1366
48
1170
-514
-1690
345
-691
917
91
-427
2369
1563
-119
-1323
-1091
760
-649
139
651
-2224
793
894
5
853
-1246
-501
-424
1285
-354
-1169
3343
-697
-666
1954
-1595
-17
1198
175
587
-686
-1109
1439
788
-1630
1051
1149
-898
-167
-828
581
-144
-1
1239
-2751
1098
-959
-620
4134
-2755
872
-634
-1011
904
-1577
2361
-2910
736
1179
-1219
873
-3446
3232
-131
-2259
2430
-2694
507
-253
-644
953
-864
2015
-2432
-237
1027
-1643
2933
-950
703
363
-2288
2946
-345
1337
1122
-2926
1600
-1665
-745
2623
-2602
27
1391
-1088
354
350
884
68
-997
425
-430
-274
888
-210
457
1552
695
-558
-652
-56
-872
494
884
-1151
1121
943
897
1963
-1489
-687
239
-1284
-297
772
160
-812
-393
686
679
-1408
-540
560
-982
-1225
413
1399
-1242
-387
1702
-473
-1921
-571
625
-1198
-1343
978
1219
-839
-834
817
700
-338
307
923
-1483
-25
1404
-604
-67
106
1796
-1010
-2457
2656
-1269
510
2431
-1896
967
-1407
1076
1877
-1466
1959
-2371
-686
1243
-2088
230
-164
1553
-1540
-112
3333
-2135
1050
-60
546
-228
-1841
4925
-2244
-1317
2770
-620
461
-1402
1753
145
-1220
1437
-604
-312
-3211
701
1647
-2341
379
-740
2384
-1568
-1958
2222
-2403
1190
-554
615
1792
-3076
221
-210
982
1207
-726
-503
-2732
774
1139
-730
1353
-1304
-652
734
261
980
-1296
13
1332
127
840
329
-1063
-738
669
119
-416
-55
-541
899
1006
100
1342
-423
-355
482
-578
456
-1238
-324
1632
266
-287
157
-464
-611
2598
39
-257
1070
-1456
1229
910
509
1287
-507
-311
502
-512
970
1354
-2187
813
-872
-1444
3337
-1700
234
710
-3005
-380
-3265
1535
1675
-3367
1663
-1566
-329
2570
-1551
1405
1087
-3261
-259
2681
-232
823
-71
-1012
3177
-1367
-1
182
-3915
2700
-780
-93
1035
-1912
2717
-2025
-862
-1191
-644
3582
-2404
1026
58
-2412
1412
25
531
-1604
1365
1992
-2468
1236
-32
1333
1279
-1990
2063
-418
163
670
-640
2624
-1955
-574
2043
-519
668
-660
780
565
557
1491
-2569
1188
1566
-3370
26
1197
-1497
-647
1616
-731
-1363
1809
-366
-781
1100
-976
-1474
1049
352
-590
629
-2187
-677
1676
-550
-117
-939
335
514
-1263
1487
549
-1490
-242
-211
-828
365
544
-1166
148
-283
388
2316
-361
127
-447
-254
931
-2137
239
-692
-108
2261
-2168
1355
-1070
18
3164
-2215
3092
-1772
-2921
3677
14
900
1944
-1473
-1422
97
-332
1784
-3156
2201
2077
-4340
4752
-2635
296
1973
-2912
2114
-2269
130
1001
943
-302
-1081
143
-148
1393
-587
370
-1056
519
-144
-957
1567
-2188
1217
531
-1661
1151
-1665
-539
1005
1477
664
-1344
901
-1076
-832
1259
-150
-793
-237
996
-1765
224
203
-1560
1974
-1738
859
285
-3282
4169
-1365
-2677
2852
989
746
-1703
1265
-27
-579
2302
-2602
454
1107
-269
1469
-3210
-1364
2488
114
888
-372
-1314
55
-1409
2546
1608
-1598
1766
56
-1009
22
-519
807
1236
-969
-625
153
-1091
584
1181
347
-2029
-1080
3126
-1274
-626
719
-1931
3314
-423
-736
1560
-4712
1190
1289
-690
2187
-3151
-247
994
-658
1429
-1229
1591
371
-2968
2963
-82
-1655
3545
599
-2114
-1038
1667
-175
-92
1507
-2645
237
-44
-615
2596
-1302
-1356
505
-1169
344
1850
-1593
-526
422
-906
766
-118
1282
-490
-1714
1479
10
-490
-152
-715
-563
249
1575
1358
-932
-2036
619
2647
225
-1048
270
-137
2036
1344
-2950
-64
-380
-473
3002
-1844
-953
626
-1284
-242
-950
1322
-1988
83
2429
-2259
1208
-2333
-228
3068
-2088
1590
-885
101
2715
-2568
-71
-615
475
2314
-881
-125
-904
380
800
1255
1944
-1562
-612
-258
255
1283
-1027
1011
1244
-1525
746
389
-1947
473
598
-1386
-161
294
570
-9
-1334
900
-443
-1297
1088
-45
658
184
-1648
240
-1452
295
3161
-2982
-163
332
-2319
1774
-1074
1590
980
-1171
495
-513
1475
-1409
500
302
-1841
1730
79
-1066
-193
1184
850
408
-801
-988
1042
-1184
-71
742
-853
750
-403
-242
735
133
705
-1126
-531
1012
-357
-203
873
340
-1033
-578
-646
502
1037
-1500
-224
1380
1200
294
-850
766
-945
435
2382
-1358
593
412
-1305
508
-301
366
578
-677
621
53
969
-2241
76
1986
-2555
1997
265
-2247
1347
-1350
765
-841
-696
1717
-2370
902
819
-1343
-757
507
2282
-2134
30
231
-1353
2715
-960
-179
274
-162
2037
-1764
855
-189
-1204
1572
-114
-1
-542
1017
-763
-1738
1154
-714
-1162
1269
368
-310
182
-831
587
-270
258
1057
-2140
2582
-1200
-684
2310
-3135
797
-330
-334
1267
352
-213
874
-942
1059
848
-1813
872
-437
1370
-338
-1683
1007
-1404
1359
121
322
1051
-2383
1536
-634
-2442
2599
355
-1672
-299
1282
663
-1379
363
1136
-278
142
653
-631
501
-416
-612
2013
-666
-933
-5
377
-143
-1218
1536
-332
-1825
843
789
-162
-149
219
543
-276
-1335
-202
-50
-231
1084
-682
-1051
170
-187
1102
-58
-542
381
-685
99
84
177
1139
46
-215
311
-621
-341
277
362
346
-634
174
-619
-549
1504
-420
-222
250
-585
669
-687
521
1092
-1300
-332
-277
871
606
-180
469
-411
-1050
-219
141
-151
1734
-2364
390
1502
-2600
2706
-1371
125
1812
-1175
747
-1162
1408
59
249
576
-1648
1213
257
-713
-1000
59
1055
-640
-219
-248
-745
434
231
-186
-190
-262
268
-321
307
-549
-170
1119
-827
669
-126
-605
739
-752
544
-41
-406
395
-365
531
114
-443
-536
56
445
-814
439
557
-566
245
352
39
37
38
-417
275
48
138
1097
-386
-12
-552
-350
1018
-664
702
189
-543
1087
-735
-114
1
6
385
-475
896
-909
-501
670
-334
301
-379
370
153
-595
-46
65
288
332
205
-601
187
191
-763
210
91
-476
-161
-194
130
-209
-285
314
-598
504
475
-45
14
-1055
679
75
745
-312
-1051
1658
-576
159
-386
-163
237
-847
1346
-781
-3
229
-556
865
-768
-59
308
-375
206
-217
135
251
-476
959
-185
-319
1280
-296
301
-1119
-132
1194
-822
713
-333
-101
517
-784
259
460
-431
-402
437
-159
-269
-254
297
397
-141
404
-571
205
496
-614
-472
-43
461
-72
485
83
-587
453
-146
238
174
-1357
60
675
-137
-179
-390
585
3
-443
599
-547
-359
606
345
-126
-604
-12
352
250
-107
113
343
-549
-491
607
347
-793
-363
188
50
-594
179
1204
-251
258
282
-748
-79
-169
248
249
-67
237
-409
-202
307
65
714
-205
-353
-72
-607
1063
-993
-188
950
-1110
1444
-374
-515
673
-1016
425
173
9
-266
-398
405
432
527
123
31
224
-139
-549
54
-128
-180
382
205
-279
-469
434
258
-468
-605
186
655
-691
-532
281
351
-31
-68
874
-461
-548
828
-300
-252
-11
145
232
-551
346
384
-438
-322
313
326
-784
-873
-172
483
-29
-329
452
-145
43
247
-49
249
-362
117
83
-131
374
-193
-71
-116
636
790
-666
-116
202
-137
-91
-9
199
-472
-222
298
18
-71
132
482
-269
-173
433
-53
-180
-39
490
-15
-412
259
-132
325
629
-222
-124
-403
-260
587
136
-721
-639
452
286
-171
232
-198
-74
-190
350
652
-642
365
493
-540
-157
-403
-312
234
394
356
-518
-760
315
178
-32
-55
-189
153
-334
-153
-31
76
107
-157
541
-121
26
505
-320
250
38
-77
204
-305
-70
-151
473
50
-548
541
-317
-417
334
30
-215
-366
367
344
-88
199
-405
-263
551
135
272
51
59
283
-251
253
-326
42
509
-293
218
-559
-333
443
241
316
-795
-310
10
-28
444
-625
215
40
-411
507
67
165
-271
181
-25
-432
472
-170
385
94
-622
159
8
195
-199
-147
285
-132
-6
-346
-70
-32
242
256
-545
368
2
10
127
-206
371
-388
-203
419
-194
-24
726
-220
119
-62
-1123
474
-31
-110
104
-417
471
57
-74
37
71
250
1
-60
257
-92
-351
140
-97
332
224
53
330
-272
85
-133
-145
326
-476
-163
289
53
-41
-234
-33
196
202
-198
-274
-59
163
332
-345
39
303
-188
425
11
-300
-290
83
-117
-113
175
-210
26
42
23
6
-76
428
-276
-137
238
-368
207
-142
-224
329
-48
241
-94
16
147
-227
525
-229
-342
413
-189
-119
-101
166
226
-47
232
-271
-276
503
-7
-437
188
55
159
64
-79
257
-318
84
-45
-289
193
-501
-19
240
-233
119
31
273
-42
-332
455
-443
175
511
-866
530
-39
-180
599
-736
577
165
-492
430
-642
108
342
46
-97
150
-234
177
-32
-168
234
-111
-4
-92
404
-377
-388
326
-255
454
-296
-297
390
106
68
-345
-143
-129
8
149
30
49
-286
197
143
-244
127
-213
184
265
-467
137
61
31
293
-241
6
88
221
163
-79
289
-122
-219
172
99
-28
265
100
-151
-36
-411
227
318
-33
-65
-366
239
-58
-101
251
-210
37
11
-112
119
-157
-166
1
53
199
-220
-141
133
-64
219
-44
72
158
-534
15
-18
37
487
-401
-42
100
-329
275
-47
-113
-3
-184
111
-13
165
-210
-33
180
-131
473
-405
392
179
-747
534
-416
189
149
-432
202
-136
378
77
-78
-190
-4
279
-187
-23
-40
-64
-31
237
124
-220
-52
104
169
68
-126
-206
240
91
-158
228
-90
13
61
-332
129
101
36
46
-237
148
-63
175
331
-390
84
-175
-50
295
-221
227
-439
-131
570
-109
-38
-273
-47
48
60
288
-185
-6
-171
-212
80
109
376
-131
-160
-150
-299
69
-3
287
17
-84
130
10
217
-162
36
282
-41
-260
-207
253
90
113
-95
-342
164
-162
-43
17
-287
149
-164
157
252
-260
168
-115
-211
220
112
-6
25
1
-170
-95
341
67
254
114
-401
635
-352
-83
491
-668
526
-54
-63
324
-339
188
-50
41
-19
53
-73
-295
-141
-122
61
78
260
-241
-234
-87
-101
180
-109
8
-28
60
167
-54
2
-44
157
63
-173
39
-31
23
47
37
264
-35
-106
114
15
38
36
-77
-127
-118
32
194
-43
-184
68
33
12
140
-136
-369
-141
93
101
-23
-144
36
187
-70
-137
-53
-33
45
-188
-20
184
-63
179
85
-131
-16
147
187
-177
-37
-47
17
477
115
-222
-183
32
306
91
-145
-117
20
187
118
-92
-45
103
14
-34
-90
-158
-66
-117
-77
226
251
-166
-207
4
9
-24
-48
111
-113
-146
169
111
26
-192
-87
174
116
51
27
-58
-105
293
274
-259
-104
136
-8
50
-110
-141
157
-4
-37
-101
-159
145
40
-82
-5
-19
-76
-99
75
115
-143
-83
276
32
-165
31
-88
114
171
-193
-10
56
-24
-14
-164
73
27
-145
-48
-78
212
24
-190
76
127
226
-32
-60
26
-128
156
112
-44
16
-6
-2
-78
31
46
45
104
-147
-139
92
132
-9
4
21
-20
-8
-157
48
-31
-179
93
-34
93
76
-195
15
16
29
-9
-159
30
-5
44
155
-55
44
141
-182
-26
165
-79
13
-60
6
52
71
114
-140
12
-108
19
-58
-215
93
48
165
-151
-37
70
-128
164
-94
-41
21
-135
73
78
9
-83
-88
106
135
-10
-3
33
22
18
-36
-29
86
0
-87
11
9
121
-34
-47
126
-64
31
-112
-24
88
-172
95
27
47
-14
-187
173
-41
-18
97
-115
104
55
-8
-96
-18
113
-60
130
-129
-6
232
-298
65
79
-111
145
-132
101
46
-163
64
-133
108
129
-148
-21
-13
38
-134
-38
156
-43
61
-58
-98
89
-49
-96
-121
30
49
-58
84
-50
-54
26
-58
-41
-58
27
86
77
49
-64
13
39
27
28
-116
-1
87
214
-38
-50
213
-126
278
-24
-25
183
-299
318
-74
5
159
-151
247
-146
-6
1
-66
87
-112
3
9
-140
-35
74
-106
-40
-105
37
50
-39
32
-123
25
-75
-82
115
-98
-112
-31
-13
91
-12
-64
-36
-46
49
9
38
14
-29
-19
78
43
-76
-15
-16
-16
16
65
9
-57
103
-57
-75
89
-67
19
-53
-152
146
27
1
-10
-91
176
-95
-23
80
-97
181
-83
53
171
-128
49
-54
123
103
-159
69
35
89
-2
-57
136
-66
11
26
-56
57
-30
42
-42
-120
16
16
91
18
-82
3
8
124
43
-196
-33
93
96
61
-127
12
55
4
68
-95
-30
31
-27
0
-72
43
-8
-63
47
-138
85
-136
17
133
-203
20
3
-29
72
-120
-51
-71
39
98
-53
10
-139
-62
131
-4
38
-53
-60
69
-31
49
31
-41
72
-49
27
53
-40
105
-14
52
70
-86
67
21
14
44
-55
52
22
-66
93
69
-59
-22
-14
20
1
-18
25
-13
-8
46
25
-33
-27
-22
16
60
-37
-86
-12
-1
0
23
-52
-89
11
40
18
-46
-59
79
2
-17
4
-93
9
16
71
7
-78
33
-12
25
18
-7
-6
8
81
8
-23
-13
25
15
-2
5
-35
33
-44
18
49
-72
114
-99
-40
86
-131
134
-114
-117
184
-53
-21
-55
-31
15
-43
66
-37
-40
78
-45
-65
32
21
24
11
-23
81
55
-40
10
-4
38
36
41
45
-62
77
23
-18
113
-65
54
78
-62
73
-35
-11
1
-37
35
-94
68
0
-142
39
-82
-11
-44
-77
78
-87
34
-46
-101
92
-151
24
68
-132
55
-32
39
38
-123
57
-13
-6
109
-19
-25
5
24
64
20
-14
23
25
39
23
-43
11
5
1
49
-77
-8
84
-23
20
-77
-83
63
22
-38
-115
33
35
-89
2
-16
15
-59
-17
67
-75
47
-10
36
50
-129
130
-57
35
86
-197
213
-2
-81
97
9
120
-39
45
31
-44
51
-7
35
23
5
30
9
-37
-13
15
-28
-36
-25
-12
-19
6
2
-81
-59
-19
-12
-4
-44
-25
-42
-10
39
-9
14
-33
-42
-17
5
64
-62
1
62
-70
31
13
22
88
-62
-40
-8
34
43
-55
17
-12
21
66
34
-13
-70
97
19
-3
109
-16
31
33
28
43
-24
20
40
12
-61
-25
61
-19
-40
-38
-21
-4
-51
6
-18
-74
-6
8
-12
-30
-43
-16
9
6
-39
-52
16
49
-18
-18
3
2
67
22
-16
-27
8
41
-24
19
-23
5
15
-41
2
9
23
-40
21
10
-11
38
-49
-8
46
24
-17
58
-6
-53
69
5
-12
-36
15
32
-18
39
-14
18
-7
-78
22
48
6
-46
-40
40
39
19
-20
-40
-5
32
33
-31
-19
9
3
27
2
1
21
-11
-7
-29
-22
68
2
-41
-28
1
76
-35
-35
28
-31
14
36
34
-26
-86
24
33
-44
20
-6
-70
-13
12
29
-14
-63
-15
-3
54
25
-68
-7
10
39
42
-44
-16
35
36
-15
-31
5
19
32
-5
7
16
-3
30
-12
-32
9
13
14
-26
-1
45
-9
-12
13
1
-8
-18
25
28
-44
-6
9
-16
25
-16
-24
28
17
-52
-26
38
-16
5
-13
-71
16
72
36
-46
-31
43
34
35
15
-38
-28
79
64
-51
-2
-7
-34
31
36
-7
-73
-15
49
-5
-42
-29
19
-1
5
15
0
39
-46
-13
42
-32
24
-9
-13
14
-8
23
-56
-28
31
-20
-17
-5
28
2
-46
3
18
-25
-47
3
19
-49
-30
-3
3
19
-33
-13
-2
1
41
-14
-2
42
14
8
34
43
28
-29
10
109
40
-21
-6
51
35
-8
35
-10
17
17
8
43
-41
-24
13
19
-8
-37
-26
-58
28
27
-90
-37
-12
-25
-1
-43
-4
-19
-73
-11
34
28
-78
-40
54
-24
22
32
-23
-16
1
87
-2
-65
35
10
4
13
9
3
-5
43
24
-11
1
27
-10
-10
18
-2
13
-22
7
19
-25
25
-20
16
23
-39
36
-3
4
-14
8
20
-104
42
-13
-33
25
-101
58
10
-54
25
-50
33
6
-25
44
-35
20
33
-36
11
1
24
22
-2
25
13
46
-9
-30
30
-5
7
27
16
-4
0
21
37
4
-12
20
4
15
-10
22
8
-2
17
-37
58
-18
-24
47
-61
22
-2
-24
18
-51
-12
-25
-9
-40
-51
-1
-44
18
-50
15
-9
-71
85
-61
-13
-3
-25
46
-51
27
-18
2
51
-38
24
44
-10
-3
10
8
21
0
-11
21
1
11
11
-13
-2
-22
8
5
-6
-1
-4
8
4
18
2
5
17
17
17
12
18
5
21
-9
11
28
-6
8
-1
27
2
-7
21
-33
12
30
-28
-11
-25
10
20
-34
-15
-18
-12
7
1
2
-35
-11
21
2
-14
-29
3
17
-13
6
-6
10
3
6
15
-13
1
-8
4
-10
-7
12
-24
-11
-18
-15
6
-6
-32
0
33
-7
3
-4
-14
19
1
-25
-13
-20
-4
14
-1
-14
-10
-1
16
-13
3
14
3
29
1
17
14
19
15
9
19
3
18
17
10
6
13
21
-7
27
-9
-4
17
-16
3
-14
0
12
-12
-3
3
-1
-9
-15
-6
5
-21
-8
18
-12
-2
1
-14
13
12
-2
-17
-7
15
-3
2
-14
-26
11
8
-2
-4
-25
3
2
-11
8
-45
-10
17
-10
14
-24
-5
2
-6
22
-29
8
12
0
35
-42
12
18
-27
14
-13
9
10
-20
30
-15
7
10
-26
36
10
0
19
4
29
15
-3
5
10
-1
-10
-8
6
3
-8
3
6
10
-3
-15
14
-4
7
2
-14
31
-12
23
0
-21
29
-30
32
-5
-7
6
-15
20
-7
-2
-19
-43
14
-11
-17
-25
-21
0
2
-5
-17
-20
6
9
-12
-17
-3
8
-4
5
-7
-3
21
-5
13
6
-1
10
-2
18
2
-4
5
7
18
-6
-2
14
6
3
-5
7
7
-4
-1
0
11
4
-7
5
12
6
4
0
-1
16
10
-2
3
-6
-2
13
-2
-6
4
-10
-2
6
6
-7
-27
2
8
-5
-3
-18
-3
8
0
4
-7
4
4
-2
3
-7
-11
-1
2
-2
2
-12
-17
3
-9
-9
-14
-5
9
-7
-3
-5
-8
9
-8
-6
14
-12
17
3
-9
22
-14
16
2
-1
15
-10
27
-9
0
19
-4
7
0
21
0
-2
22
3
3
2
2
12
2
1
4
-4
6
1
-4
-9
-3
6
-6
0
-7
-2
4
-12
1
-15
-14
-2
-9
2
-16
-14
4
-1
2
-15
-10
11
4
0
-11
-3
8
-5
-1
-2
-2
7
0
0
3
-8
-1
-4
1
8
-9
0
5
2
5
-2
9
4
4
9
-7
11
13
-4
12
4
5
1
-8
14
-6
-4
-1
-5
10
-13
2
2
-11
7
-6
1
-9
-7
7
-13
-2
4
-5
0
-4
4
3
-7
4
-8
6
13
-6
10
0
0
9
-1
0
-8
2
6
1
4
-7
-2
7
-1
-5
-5
-1
4
-2
-3
-2
0
3
0
2
2
2
7
-4
3
3
-3
4
-6
3
-2
-3
2
-9
9
-7
-5
6
-9
5
-6
-5
8
-6
-2
1
1
3
-2
2
4
0
3
0
2
4
1
2
2
7
-4
1
5
-2
1
-2
1
1
-1
-1
-2
3
2
-4
1
6
0
2
-2
-1
7
-4
-1
-4
-4
5
-9
-6
-3
-9
-3
-7
-2
-8
-10
2
-2
-2
-1
-4
5
5
3
2
0
7
4
3
7
-2
8
1
4
9
-6
9
0
3
12
-7
2
-4
1
2
-6
-1
1
5
3
1
0
1
1
0
1
-2
1
-1
1
3
-1
1
-1
0
0
-4
-3
-5
-1
-1
-4
-1
-3
-1
1
-1
2
-1
0
1
2
3
-1
1
3
2
1
0
0
1
-1
-1
0
0
2
1
2
2
1
2
-1
-1
-1
-4
-2
-5
-4
-2
-4
-1
-6
-3
1
-1
2
-4
1
4
0
1
-6
-1
0
-4
-2
-4
1
3
0
1
-1
2
2
-1
1
0
2
2
1
4
2
3
2
1
3
1
1
2
-1
4
-1
2
3
-2
4
-2
1
3
-4
1
-3
-3
0
-5
1
0
0
3
-2
1
0
-2
1
-2
1
1
0
4
1
4
2
2
4
0
3
-1
0
0
-3
-1
-3
-3
-1
-4
-1
-2
-3
1
-4
0
0
-2
2
-3
-1
-2
-4
0
-5
0
-2
-3
0
-4
0
-1
-1
3
0
3
2
-2
1
-4
0
0
-3
2
-1
0
1
-2
2
0
2
2
1
4
1
2
1
1
2
0
2
-1
0
1
-2
1
-2
0
-1
-2
1
-1
1
1
0
2
1
1
2
0
2
0
1
1
-1
0
-2
-1
0
-2
0
-1
0
0
-1
2
-1
-1
-1
-1
1
-1
-1
0
0
-1
-1
-2
-2
-2
-3
-2
-3
-2
-1
0
0
2
1
0
1
1
0
1
1
1
0
0
-1
-1
-2
-2
-2
-2
-2
-2
1
-1
0
0
0
4
2
3
4
2
6
3
4
7
4
7
5
5
6
3
4
3
2
5
1
1
-1
-5
-1
-4
-2
-3
-3
-1
-4
-1
-2
-2
0
-2
1
-1
-1
0
-3
-1
-3
-3
-3
-3
-3
-4
-3
-2
-3
-3
-2
-1
-1
0
-2
-1
-2
-1
0
-1
3
0
2
2
-1
1
-1
0
0
1
2
1
1
2
2
2
1
0
1
2
1
0
0
1
1
0
0
1
0
-1
0
-1
-1
-1
-1
0
0
-1
1
1
1
1
1
0
-1
-1
0
0
-1
-1
-1
1
0
0
0
0
3
1
1
1
2
3
1
2
1
0
1
-3
-1
-1
-2
0
-2
0
-2
-4
-2
-4
-2
-3
-2
-1
-2
-1
-1
-1
-2
-1
-1
0
1
0
1
1
0
0
0
0
-1
-1
1
0
1
0
0
0
1
1
1
1
1
1
1
3
2
2
1
1
1
0
-2
-2
-2
-2
-1
-1
