SAMPLES:	14081
BITSPERSAMPLE:	16
CHANNELS:	1
SAMPLERATE:	16000
NORMALIZED:	FALSE
0
1
0
0
0
0
-1
0
-1
-1
0
0
0
0
0
-2
-2
-1
-1
0
-1
-2
-2
-1
0
-1
0
-2
0
0
0
0
0
0
0
0
0
0
0
0
0
0
0
0
0
0
0
0
0
0
0
0
0
0
0
0
-1
1
0
1
0
0
1
1
0
1
1
0
2
-2
0
1
-1
1
0
0
2
-4
1
-4
1
-2
-1
1
-1
0
1
-1
-1
0
0
0
0
-1
0
0
0
0
0
0
-1
0
0
0
1
0
0
0
0
1
0
-1
-1
0
0
0
-1
0
1
0
0
0
-1
0
0
-1
-1
-2
-1
-1
-1
0
0
0
0
0
0
0
0
0
0
0
-1
0
0
0
0
0
0
0
0
0
1
0
-1
0
0
0
0
-1
-1
-1
-1
-1
-1
-1
0
0
0
0
0
0
0
0
-1
0
0
1
1
1
2
2
1
3
1
2
2
1
3
0
0
1
-1
1
0
-2
3
-3
3
-3
3
0
0
0
0
-1
1
1
0
0
0
0
0
0
0
1
0
0
0
1
-1
-1
-1
-1
-1
-2
-1
-1
-1
-1
-1
0
0
0
0
0
-1
-1
-1
0
0
0
0
-1
0
0
0
0
1
1
1
0
0
1
0
1
0
0
0
0
0
0
1
-1
0
1
-1
0
0
0
0
0
0
1
0
1
1
1
0
0
-1
0
0
0
0
0
-1
0
0
0
0
0
0
-2
-1
-1
-1
-1
-1
-1
0
0
-1
0
-1
0
0
-1
0
0
0
1
-1
1
0
-3
2
-4
2
-4
1
-2
-1
0
-1
1
0
1
0
0
1
-1
1
-1
0
0
-1
-1
1
1
1
0
1
0
1
0
0
-1
0
0
0
0
2
1
1
1
1
1
0
1
0
1
0
0
0
0
0
0
1
0
0
0
1
1
0
0
0
0
0
0
-1
-1
-2
1
0
0
0
0
0
0
0
1
0
1
0
1
1
1
-1
-1
0
0
1
0
-1
0
0
-1
-1
-1
-1
-1
-1
0
0
-1
1
0
1
0
0
0
0
1
-1
1
-1
-1
0
-3
-1
0
-2
0
0
-1
1
-3
4
-2
2
0
1
1
1
1
2
1
1
1
1
1
1
0
2
1
1
2
2
1
2
2
1
1
1
0
0
-1
0
-2
-2
-3
-1
-2
-2
-3
-3
-2
-2
-2
-1
-3
-1
-1
-1
-2
0
-1
-1
-1
0
-2
-1
-1
-1
0
0
0
0
0
0
0
1
0
2
2
2
1
1
1
1
1
1
1
2
0
1
1
0
1
0
0
0
0
0
0
0
0
0
0
0
0
0
0
-1
0
0
0
0
1
1
2
1
1
1
1
-1
0
0
-1
-1
0
0
0
0
0
1
1
-2
-1
-2
-1
-1
-1
-1
0
0
0
0
1
0
0
0
0
-1
1
0
0
1
-1
-1
-1
-1
-1
0
0
-1
0
0
0
0
-1
0
-1
1
0
1
0
0
1
0
0
1
0
1
0
1
-1
-1
1
0
0
0
-1
0
0
1
0
0
0
0
0
0
-1
0
0
0
-1
0
0
1
1
-1
0
0
0
0
0
0
0
0
0
-1
1
0
1
2
1
1
1
1
1
-1
0
0
0
0
-1
1
0
0
-1
-1
0
-1
0
0
-1
1
-2
1
1
-1
2
0
-1
3
-3
3
-3
2
-1
-1
1
0
0
1
-1
0
-1
-1
-1
0
-1
1
0
1
1
0
0
0
-1
-1
0
1
1
0
1
1
2
1
2
1
1
2
1
1
2
1
0
0
0
0
0
0
0
0
0
0
-1
1
-1
-1
-1
-1
-1
-1
-1
-1
-1
-1
-2
-1
-1
0
0
0
0
0
-1
0
0
0
1
0
0
0
0
0
0
0
0
0
-1
1
1
-1
0
0
0
0
0
1
1
1
1
1
1
1
0
-1
0
0
1
-1
0
0
0
1
-2
0
1
-1
1
-1
-1
2
-3
3
-3
2
-1
-1
0
0
-1
0
0
0
1
0
0
1
1
1
1
2
0
0
0
0
0
1
0
-1
-1
0
-1
-2
-2
-2
-1
-1
-1
-1
0
1
1
1
0
0
0
1
1
1
-1
-1
0
1
1
1
1
0
0
0
0
0
0
0
0
0
0
0
0
0
0
0
0
1
1
2
1
0
1
1
1
0
0
0
1
-1
-1
0
0
0
0
0
1
0
-1
0
0
0
0
0
0
0
0
-1
-1
-1
-1
-2
0
-2
-1
-1
-1
0
-2
0
1
-1
1
0
-1
4
-3
4
-2
3
0
1
1
1
1
1
1
1
2
1
1
1
0
1
0
1
0
0
-1
-1
-1
-1
-2
-2
-2
-2
-1
-2
-3
-2
-3
-3
-3
-4
-2
-2
-1
-1
0
0
-1
0
0
-1
0
0
0
-1
1
1
2
2
3
3
4
4
5
5
5
6
6
6
6
8
8
10
11
13
14
15
16
17
17
17
18
16
16
14
12
10
7
4
1
-3
-7
-11
-13
-17
-20
-23
-25
-27
-30
-32
-33
-35
-36
-33
-31
-29
-28
-24
-20
-18
-17
-13
-6
-1
0
1
4
7
7
8
9
13
18
20
23
27
30
33
36
38
38
37
38
37
35
34
31
28
25
21
18
13
7
2
-2
-10
-20
-31
-40
-53
-63
-73
-90
-104
-121
-145
-161
-170
-198
-226
-229
-235
-256
-268
-286
-321
-318
-279
-283
-299
-253
-207
-225
-223
-142
-48
23
88
133
159
244
414
566
624
690
864
1085
1272
1460
1684
1890
2087
2287
2412
2472
2569
2607
2429
2182
2074
2013
1814
1469
1091
797
612
399
36
-398
-760
-1048
-1319
-1602
-1937
-2294
-2604
-2934
-3341
-3621
-3657
-3719
-4000
-4256
-4246
-4078
-3874
-3651
-3611
-3749
-3526
-2782
-2153
-1974
-1875
-1514
-893
-194
384
746
962
1295
1852
2339
2607
2868
3145
3254
3265
3412
3655
3715
3515
3217
3002
2954
2915
2636
2183
1775
1442
1135
841
491
50
-391
-807
-1241
-1585
-1793
-2098
-2594
-2995
-3108
-3165
-3401
-3632
-3604
-3501
-3573
-3613
-3373
-3016
-2668
-2325
-2172
-2112
-1532
-421
252
155
234
1069
2101
2745
3048
3237
3514
4100
4802
5093
5069
5205
5396
5398
5370
5456
5483
5235
4802
4436
4165
3948
3667
3079
2275
1671
1325
913
282
-427
-1130
-1805
-2372
-2804
-3230
-3853
-4578
-4971
-5107
-5560
-6153
-6210
-5961
-6093
-6423
-6473
-6323
-5851
-4955
-4604
-5187
-5134
-3596
-2127
-1988
-2303
-1776
-477
633
1131
1388
1706
2221
3070
3726
3686
3787
4482
4660
4181
4281
4871
4874
4395
4065
3833
3680
3740
3552
2848
2229
2028
1843
1411
852
376
23
-424
-1034
-1482
-1688
-1989
-2506
-3006
-3334
-3517
-3703
-3927
-3989
-3968
-4233
-4543
-4336
-3779
-3402
-3369
-3647
-3718
-2812
-1522
-1274
-1779
-1570
-576
320
890
1182
1253
1574
2340
3048
3408
3655
3935
4191
4410
4675
5055
5380
5331
5022
4947
5204
5387
5221
4844
4530
4378
4225
3954
3640
3303
2859
2339
1801
1269
875
519
-153
-974
-1559
-1993
-2469
-2939
-3541
-4250
-4683
-4949
-5542
-6104
-5924
-5928
-6722
-7359
-7210
-6574
-6323
-6391
-6580
-6853
-6186
-4719
-4007
-4370
-4495
-3545
-1963
-982
-909
-645
274
1312
1918
2473
3324
3744
4078
4825
4988
4999
5838
6407
6000
5352
5335
5970
6062
5286
4557
4241
4100
3765
3159
2642
2126
1446
817
277
-211
-610
-1100
-1858
-2646
-3052
-3142
-3277
-3667
-4356
-4994
-5033
-4634
-4517
-4855
-5165
-5247
-5082
-4372
-3571
-3669
-4196
-3721
-2404
-1598
-1530
-1184
-448
91
759
1737
2384
2661
3224
3791
4242
4983
5578
5923
5969
5887
6306
6939
7039
6565
6249
6311
6385
6215
5782
5384
5027
4598
4144
3728
3360
2781
2129
1445
794
396
-75
-729
-1530
-2246
-2771
-3271
-3706
-4364
-5083
-5506
-5907
-6486
-6913
-6991
-7243
-7820
-8100
-7919
-7710
-7646
-7601
-7475
-7158
-6633
-5872
-5161
-4837
-4302
-3361
-2412
-1656
-823
208
727
1430
2701
3256
3659
4719
5277
5248
5813
6504
6603
6490
6539
6664
6438
6163
6071
5660
5114
4784
4288
3582
3060
2654
2002
1200
583
41
-618
-1217
-1759
-2384
-2970
-3413
-3829
-4291
-4776
-5127
-5197
-5281
-5623
-5860
-5769
-5597
-5338
-4924
-4853
-5056
-4405
-3058
-2451
-2517
-2166
-1142
109
926
1327
1878
2672
3608
4441
4899
5339
5979
6502
6682
6786
7266
7757
7670
7310
7026
6994
7257
7078
6257
5612
5363
5086
4561
3868
3231
2608
1814
1097
529
-179
-889
-1671
-2636
-3414
-3856
-4459
-5239
-5986
-6766
-7308
-7593
-7871
-8628
-8948
-8735
-9187
-9461
-9162
-8580
-8364
-8284
-7843
-7213
-6248
-5575
-4628
-3768
-3274
-2244
-826
284
924
1832
2613
3479
4444
5125
5682
6224
6479
6412
7211
7434
7087
7131
6781
6720
6428
5981
5660
4927
4254
3790
3230
2496
1745
998
344
-334
-1098
-1777
-2388
-2944
-3610
-4267
-4605
-4791
-5253
-5816
-5922
-5667
-5702
-5991
-5831
-5463
-5187
-4445
-3861
-4108
-3745
-2239
-1030
-719
-627
168
1735
2905
3287
3758
4624
5514
6230
6674
6982
7450
7980
8193
8027
7923
8185
8351
7934
7199
6747
6732
6541
5749
4834
4305
3992
3430
2594
1891
1219
393
-226
-854
-1790
-2534
-3035
-3802
-4730
-5419
-5919
-6257
-6860
-7691
-8104
-8369
-8586
-8871
-9172
-9174
-9212
-9106
-8683
-8556
-8454
-7660
-6825
-6360
-5790
-5045
-3894
-2751
-2152
-1444
-263
1014
1895
2486
3401
4272
4967
5783
6179
6375
6763
7227
7422
7164
7019
6904
6812
6493
5747
5391
5047
4364
3702
3086
2399
1645
971
289
-491
-1252
-1868
-2491
-3219
-3803
-4219
-4607
-5081
-5680
-6047
-5943
-5816
-6054
-6421
-6319
-5745
-5286
-4813
-4598
-4654
-3564
-2052
-1645
-1242
-416
626
2085
2896
3279
4306
5381
6212
6827
7313
8021
8606
8932
8994
8820
9147
9507
9092
8516
8014
7757
7615
6852
5826
5220
4752
3881
2925
2133
1490
692
-328
-1145
-2053
-2681
-3275
-4316
-5406
-6281
-6511
-7017
-8075
-8671
-9065
-9509
-9770
-10141
-10518
-10302
-9997
-10134
-10050
-9578
-9130
-8415
-7446
-7018
-6564
-5282
-4008
-3113
-2266
-1444
-217
1338
2233
2734
3876
4896
5534
6333
6743
7130
7786
8020
7825
7839
7911
7515
7373
7002
5984
5770
5465
4484
3733
3008
2583
1926
711
-35
-433
-1012
-2024
-3038
-3307
-3613
-4400
-4890
-5237
-5449
-5488
-5983
-6189
-5742
-5373
-4829
-4604
-5169
-4471
-2408
-1591
-1860
-1570
-421
1348
2443
2487
2974
4140
5257
5965
6297
6802
7427
7914
8212
8023
8106
8810
8808
8113
7585
7435
7566
7357
6451
5463
5127
4904
4202
3188
2602
2206
1109
211
-490
-1381
-1996
-2721
-3784
-4971
-5769
-6281
-6838
-7489
-8559
-9493
-9633
-9604
-10159
-10582
-10597
-10941
-10640
-9925
-9817
-9519
-9058
-8359
-7396
-6590
-5846
-4876
-3523
-2578
-2096
-1082
534
1703
2167
2760
3615
4590
5428
5866
6143
6292
6614
7273
7285
6728
6831
6743
6269
6362
5446
4622
4949
3950
2963
2652
1630
1013
540
-570
-1306
-1857
-2603
-2970
-3703
-4645
-4774
-4618
-4899
-5612
-5820
-5472
-5059
-4218
-4104
-4727
-3932
-2289
-1471
-1037
-676
-91
1629
2845
3021
4003
4951
5513
6325
6989
7436
7981
8571
8606
8314
8433
9023
9073
8306
7696
7440
7270
6878
6254
5539
4784
4219
3494
2624
2227
1662
459
-608
-1495
-2159
-2662
-3567
-4846
-6092
-6794
-7141
-7784
-8764
-9697
-10327
-10431
-10584
-11393
-11409
-11034
-11690
-11620
-10896
-10665
-10042
-9301
-8769
-7992
-7000
-5875
-4449
-2988
-2401
-1884
-161
1754
2657
3258
4197
5090
6059
6848
7299
7802
7958
8011
8478
8406
7836
7773
7692
7199
6416
5803
5603
5043
3953
3061
2643
1784
837
42
-527
-977
-2270
-3101
-3506
-3644
-3614
-4630
-5244
-5211
-5216
-4580
-3987
-4864
-5271
-3535
-2385
-2417
-2159
-1695
-453
1059
1026
1240
2986
3882
4183
4953
5271
5830
6977
7472
7299
7109
7510
8381
8366
7709
7494
7518
7534
7268
6562
6035
5786
5231
4552
3798
3088
2552
1683
731
-133
-1051
-1830
-2509
-3855
-5068
-5367
-6371
-7342
-8035
-9127
-9722
-10023
-10608
-11312
-11469
-11805
-11933
-11386
-11540
-11806
-11275
-10191
-9321
-8991
-8609
-7558
-5881
-4658
-4139
-3230
-1527
-94
833
1840
2696
3683
5057
5856
6114
6582
7103
7759
8006
7511
7576
7805
7224
6746
6569
6164
5433
4585
4110
3580
2659
1870
1171
595
-355
-1443
-1610
-1935
-2766
-3307
-3871
-4324
-4129
-3567
-3345
-4409
-5172
-3235
-1632
-2039
-2568
-2453
-487
1242
856
995
2115
3014
4089
4865
4890
5309
6512
7300
7047
6909
7609
8270
8416
8020
7445
7724
8294
7855
7067
6676
6353
6170
5769
4804
4050
3350
2710
2013
573
-449
-758
-1802
-3593
-4727
-5700
-6436
-6899
-8687
-10261
-10962
-11276
-11553
-12667
-13925
-14772
-14170
-13123
-13773
-14849
-14270
-12280
-10797
-10841
-11204
-9419
-6206
-4835
-5152
-4261
-1584
918
1969
2275
3355
5323
7016
7871
8171
8553
9448
10430
10624
10153
9951
10102
9855
9165
8560
7901
7077
6359
5454
4356
3441
2609
1808
628
-749
-1456
-1774
-2222
-3200
-4616
-5119
-4932
-4552
-4036
-5618
-7143
-5274
-3139
-3032
-4243
-4761
-2756
-424
-39
92
390
1122
3271
3982
4179
5133
5457
6556
7087
6738
7491
8413
8667
8491
8073
7949
8564
9116
8597
7496
7173
7314
6871
6336
5816
4850
3902
3242
2324
1257
286
-681
-1919
-3783
-5246
-5806
-6619
-8002
-10109
-11939
-12120
-12440
-13372
-14189
-16055
-16998
-15554
-14593
-15235
-16599
-16442
-13518
-11716
-12468
-12102
-9669
-7023
-5780
-5550
-3928
-1009
959
1858
2702
4063
5922
7435
8464
9046
8983
9617
11099
11398
10815
10485
10093
10101
9949
8890
8017
7391
6295
5181
4287
3097
2285
1463
22
-1209
-2269
-2585
-2913
-3989
-4420
-4906
-5608
-5792
-4930
-3215
-3999
-6390
-5582
-1903
145
-1669
-3424
-1160
2394
3213
2501
2726
4135
6033
6751
7044
7822
7954
8892
10075
9214
8950
10155
10522
10232
9390
8504
8679
9078
8662
7069
5545
5529
5389
4186
2422
836
456
-357
-2445
-3873
-4768
-6258
-7616
-9373
-11028
-11367
-12257
-13827
-15337
-15783
-15989
-17011
-17196
-16198
-15655
-17800
-17317
-13372
-12468
-12766
-12307
-10459
-7012
-5004
-4581
-3032
-514
1280
3231
5075
6236
7612
9064
10009
10613
11299
12032
12313
12046
11883
11607
10989
10439
9876
9106
7905
6496
5351
4415
3460
2021
592
-227
-1529
-3005
-3669
-4169
-4506
-5150
-6295
-6931
-7425
-6361
-3796
-4735
-7860
-7127
-3366
-445
-905
-3677
-2748
2435
4704
3077
3005
5388
7698
8793
8817
8909
10255
11720
12043
11739
11363
11590
12451
12816
11220
9705
9359
9656
9908
7358
5161
5053
4630
2751
1465
122
-2538
-2414
-4420
-7079
-7144
-9138
-10878
-13276
-14524
-14133
-15888
-17938
-19184
-19303
-18721
-19384
-19814
-18047
-17366
-17676
-16438
-14955
-12944
-10864
-10296
-8903
-5594
-3365
-1756
1023
3201
4683
6659
8745
10973
12912
13288
13327
14698
16233
16347
15513
15124
14858
14144
13033
11732
10352
9125
7719
5432
3599
2112
617
-692
-2452
-3853
-5937
-7699
-7926
-8658
-9449
-10405
-11050
-11123
-11461
-11534
-11687
-8744
-5977
-9148
-10391
-6638
-1691
1508
-1075
-3006
2293
7861
9033
8553
8747
11213
14267
15563
15822
15724
16390
17644
17741
17004
16412
15966
15860
15424
13733
11579
9948
9477
8859
6431
3723
2052
252
-1313
-2508
-5066
-7590
-9663
-11627
-12217
-13178
-16666
-19141
-18321
-18628
-19033
-20944
-23436
-20192
-18108
-19605
-21076
-19901
-15322
-13828
-15039
-14798
-11217
-5758
-4479
-5858
-3696
1643
5758
7122
7712
9034
11565
14586
16682
17403
17017
16792
17421
18467
18472
16538
14715
14112
13186
11203
8455
6093
5390
4016
925
-1975
-3823
-4922
-6043
-7803
-10177
-11641
-12921
-13570
-13519
-14694
-15541
-15522
-14196
-13373
-14281
-14567
-11389
-4943
-4223
-8815
-8711
-2112
6427
8317
3109
2977
10276
15833
16847
15794
16238
18905
20351
21021
21328
19801
18713
19248
19544
18515
15028
11818
12896
13599
10014
5495
2267
1497
2105
-829
-5332
-7658
-9419
-10004
-11434
-14399
-16232
-18382
-19115
-18654
-19519
-20360
-21624
-21952
-21379
-20890
-19521
-18129
-16480
-16455
-16760
-14653
-11577
-7962
-6565
-6366
-3504
1444
4461
4651
7158
10425
13148
16694
17056
17091
18817
19494
20518
20181
18437
17669
16986
16377
15391
13155
10546
8133
6035
4167
1887
-641
-3064
-5361
-7510
-9638
-11381
-13141
-14576
-14874
-15562
-16787
-17154
-17289
-16831
-15170
-14424
-14112
-12748
-11981
-10488
-7567
-5868
-2155
2847
2040
-224
2600
9090
16182
17321
13168
12860
16433
19783
21285
20756
20615
19125
16674
17834
18763
16568
14184
11596
9626
8257
5695
4039
4043
2424
-1487
-5182
-6681
-6528
-6660
-7245
-9000
-11636
-13399
-12836
-11533
-11987
-13900
-16165
-15436
-14167
-13396
-12866
-14938
-17162
-20264
-18978
-11600
-5376
-5711
-14247
-19320
-12969
-1270
4175
-553
-5606
-2324
6376
11674
11585
10009
11668
16658
19377
18624
17010
16134
17872
20233
19039
15630
11755
9088
10324
11392
8194
3030
-1919
-5184
-5571
-5204
-7365
-11668
-14233
-14038
-13928
-15663
-18259
-18335
-14992
-12347
-13075
-15683
-16111
-12263
-7712
-5051
-4351
-5477
-5027
-1677
2778
7613
8446
4890
5406
11544
16686
17180
14257
13194
16705
19780
18056
14763
14667
16482
16360
13937
10660
8102
7541
7752
6737
4204
801
-1944
-2191
-869
-980
-3211
-5742
-7098
-6867
-6094
-6162
-6380
-5964
-6359
-7672
-7717
-7011
-7680
-8845
-9484
-10050
-10005
-9754
-10918
-14122
-19204
-22680
-17464
-4574
853
-9855
-22595
-21768
-9185
3842
5702
-2568
-6286
-1109
5437
10158
12352
12585
13741
15967
17004
15724
14657
16546
19462
20597
17492
10041
4958
6495
10072
10454
5953
-2114
-8871
-9595
-6626
-5900
-7685
-11131
-15657
-16745
-15456
-15817
-14957
-12622
-11238
-10101
-11208
-13412
-11879
-6681
-1167
1480
1500
-395
-2338
1469
10485
14890
11216
5104
5393
14185
19706
18362
12307
8017
11579
12522
11861
13062
10719
7418
6503
6013
4121
3358
2255
1492
2403
851
-3001
-5233
-3166
129
978
-755
-3608
-5126
-3670
-627
865
267
-1224
-2608
-3805
-4254
-5156
-6351
-7029
-8563
-10247
-12739
-15974
-21657
-26604
-22338
-8104
1988
-7544
-22592
-27136
-18751
-957
6994
327
-5858
-4194
1572
8464
13133
13546
14680
16498
17022
17406
16658
15067
15946
19229
20044
15013
6337
281
552
4673
6022
685
-8096
-14544
-15760
-13170
-10394
-9934
-11950
-14944
-17308
-18214
-16714
-12124
-6304
-3169
-4666
-7977
-8363
-4219
2228
7946
10776
8891
3639
2288
8952
16554
16605
10198
5433
8038
14475
15886
9968
4922
5715
6360
5291
5762
3707
-426
-916
-28
1275
2768
-859
-4962
-1637
2736
1975
156
-494
-38
3537
6976
5933
3938
3003
1446
2258
5068
4055
696
-1423
-3977
-5530
-5611
-7776
-10321
-13739
-20039
-25506
-30418
-27942
-10892
-293
-9396
-22064
-27997
-22511
-6393
5627
7605
3091
-2904
-749
8870
16081
17989
18022
19957
22191
20239
14868
10728
11878
17045
19566
15320
5833
-3575
-7494
-5145
-917
-900
-7724
-17508
-23326
-21684
-15274
-10265
-9676
-11946
-14275
-15376
-14524
-9778
-2074
4364
5562
2828
491
1742
6307
11640
17164
18303
13557
8681
10136
15270
14937
9617
2510
1052
6629
9373
5346
-2206
-4330
-6501
-8784
-1281
-1840
-6939
-3713
-7020
-7162
-358
-1430
-1778
3302
4677
4801
5512
4186
7028
11725
12765
10818
9625
8129
4478
5674
7205
4862
993
-4572
-10509
-10472
-9519
-14271
-15595
-21342
-27905
-30039
-29349
-12419
896
-6834
-19672
-24807
-19956
-8134
4348
11871
13677
9633
6341
10032
15858
19375
22067
24404
24947
21636
12266
5142
7286
10896
11032
7919
-350
-9851
-15945
-17940
-13928
-9299
-11466
-16986
-21283
-22799
-19829
-14138
-8448
-4744
-4698
-5868
-5196
-1498
5787
12361
14600
15214
14099
11372
12617
16199
17017
17097
15083
9631
7983
8905
4098
-3222
-7139
-7508
-4266
-1808
-4993
-11569
-17221
-17078
-10663
-4263
-2720
-5203
-7056
-4553
326
4470
7771
10063
12515
13729
13931
12544
11701
14542
14374
14636
15723
10831
2481
663
-1114
-2904
1853
-4368
-14038
-17143
-22986
-21486
-18608
-19990
-22882
-29651
-29868
-22674
-1994
2774
-4924
-13226
-10986
-2713
5728
13994
18957
19616
18702
18948
18952
18238
18926
19337
20442
19539
12927
1276
-6267
-6077
-3461
-2644
-5199
-12577
-21803
-26134
-23219
-16616
-11931
-12930
-17268
-18644
-14366
-7351
-749
4407
7572
8636
8866
10489
14526
19060
21155
20374
18592
16755
14204
11154
9142
8014
5142
-200
-4325
-4902
-6017
-12058
-19133
-19482
-13244
-8588
-10208
-14279
-15430
-12641
-7191
-446
4745
5790
4804
6782
12133
16061
15951
14656
15415
17013
16112
12713
10180
9862
9444
7049
3210
-1441
-6721
-11341
-13064
-11239
-8559
-9280
-14715
-20605
-21531
-18102
-15344
-14892
-16466
-21341
-23664
-12360
6628
13254
5365
-522
1869
7024
13306
19518
21807
21114
19823
16794
13314
12026
10834
8202
6498
4923
-353
-8791
-15515
-16937
-14153
-12205
-14563
-18994
-21679
-21439
-18190
-12493
-6849
-4362
-4939
-4732
-957
5965
13734
18864
19041
15749
13205
14841
18514
20026
17644
12309
8019
4194
-319
-1427
-872
-4737
-9933
-14016
-16322
-12244
-10408
-15020
-17541
-14404
-7633
-1397
1922
-191
349
5990
9980
14992
17304
15435
14176
14731
16941
17949
15435
10428
5986
3577
2401
301
-1947
-2349
-2572
-4632
-8429
-12099
-14029
-13321
-10662
-7680
-4531
-3777
-8991
-14926
-14251
-10147
-6802
-4755
-9321
-17621
-11905
7660
15947
6981
-418
153
3928
9861
13522
12890
12656
12735
10533
8711
8630
5841
1871
865
-1454
-1534
-54
-11321
-20241
-10888
-7609
-14620
-13597
-11685
-14657
-14542
-8356
-1177
-879
-2713
-714
1291
5028
11537
15025
16226
14919
9920
6953
8482
12884
12803
7971
2808
-2808
-4723
-4386
-3103
-3422
-7343
-12010
-15050
-9594
-1811
-3469
-10554
-10783
-1956
5255
7344
7848
7455
8144
11048
13607
15475
13647
8491
8666
11807
12622
11807
5355
-3407
-5187
-2530
-1323
-2291
-3509
-2884
-3178
-5579
-7984
-9734
-9391
-7187
-3969
151
1092
-5080
-12572
-15322
-14024
-10225
-7597
-12896
-23089
-16873
4150
13490
5658
-4344
-3882
1648
8490
15963
18163
17056
14555
13570
14272
12485
7922
3466
1998
2445
2043
-2897
-11852
-18231
-18127
-15424
-14995
-15903
-16648
-17197
-15484
-10417
-5026
-2017
-1557
-736
3567
10162
16464
18713
16831
15436
11508
6253
10071
16451
14086
7861
1379
-5529
-9653
-9852
-6614
-4613
-9097
-15616
-16238
-9234
-2410
-4957
-9695
-4442
5236
10046
11607
12646
14064
15296
14415
14868
17111
14614
10388
10784
11769
10907
7206
-2600
-10919
-10602
-7650
-4300
77
264
-3785
-8809
-13275
-13262
-7929
-2271
1086
2660
1553
-4053
-12063
-16106
-13893
-8737
-8245
-15966
-23423
-16379
4136
14351
6161
-3092
-2533
974
5822
15422
20784
22448
20402
13521
11268
10908
8163
5756
4150
1322
-2405
-7586
-15110
-20124
-21264
-19601
-16066
-14355
-16045
-17946
-16739
-11972
-5318
692
4533
5179
5704
9903
15565
18939
18642
14981
10098
7252
7592
9532
7431
1150
-3722
-8234
-13035
-12898
-8599
-8971
-10361
-11752
-14151
-6545
1118
812
1579
5297
11747
17716
19638
19889
19081
13436
9588
12101
13948
13966
10507
3792
-177
-2048
-5628
-9826
-11311
-8875
-5714
-4271
-2455
-2704
-7224
-9927
-8291
-4369
2318
6790
3433
-2938
-8100
-11951
-13369
-13176
-12354
-15354
-25820
-26755
-4219
16805
12532
-520
-4704
-3032
3659
13306
19975
24384
23820
17161
13220
12556
10316
6825
1679
-1771
-1836
-5228
-12278
-17605
-19723
-18930
-17683
-17491
-17063
-16362
-14620
-10020
-3124
2826
4783
4193
4833
8164
13646
18549
19647
16407
10110
3845
1808
3555
3436
-877
-6166
-10650
-13597
-12986
-10843
-10202
-9846
-10405
-11874
-6854
6223
14308
11160
8551
12908
17782
20931
22756
21023
16950
11486
6537
7890
10887
6378
-348
-5246
-10273
-9393
-6573
-9180
-6925
-1431
-3437
-6139
-5972
-5894
-6076
-4186
6323
12150
692
-7394
-8883
-17223
-18035
-8952
-9472
-20438
-30466
-25085
-1380
13296
6748
1806
3632
1685
3743
13495
21184
24102
22607
17503
13475
11022
8265
4989
555
-3169
-5270
-9630
-16043
-18986
-17348
-15341
-16187
-17841
-16107
-11672
-7419
-2898
2883
7563
8241
6043
6376
11202
15223
16127
17031
15709
6450
-3540
-5206
-3002
-3448
-6218
-8771
-13124
-15990
-14758
-12085
-9488
-8007
-6792
-7270
1347
17752
20683
14243
12569
15286
17410
19157
19970
17301
12784
7700
5278
6075
4038
-2083
-8486
-13442
-12630
-6739
-3868
-2451
-130
-387
-2524
-6471
-8434
-2947
4219
8862
10420
4646
-6708
-16568
-20242
-16977
-12073
-12913
-23031
-30777
-16896
5173
11131
5871
3786
3644
1851
9902
22113
24987
23029
20563
13338
8430
12044
5757
-2025
-3756
-8238
-8077
-13770
-20978
-18803
-17926
-17372
-15053
-13948
-11339
-7755
-3644
4369
10818
12580
12382
10744
10883
13790
16752
16989
14049
7390
-3338
-10124
-7377
-4428
-7392
-10858
-14667
-20307
-20902
-14250
-7850
-4879
-3805
-4242
83
13653
24436
22067
15542
14745
16659
17568
18819
17587
10199
2239
-746
-1283
-2240
-4959
-9606
-13289
-12402
-5788
-379
-2155
-3430
-949
-1275
-1127
2254
3604
5220
7475
4059
-2695
-9675
-16991
-19423
-16990
-15781
-19699
-27409
-22990
-990
11826
5941
2948
5661
6502
11749
19701
24164
25474
20369
13714
13533
13007
7786
-55
-8416
-11119
-11631
-16634
-20825
-21042
-18896
-16431
-15623
-14446
-12098
-8132
-2900
3173
12447
17286
14585
13840
14038
15990
18949
14132
11081
8790
-4291
-10506
-5730
-6157
-8190
-10729
-17544
-22200
-21789
-15961
-7283
-998
2018
1489
2935
12604
22020
22210
18806
18871
19468
16623
13618
11929
7406
749
-3181
-4583
-5699
-7316
-10435
-12457
-10173
-5201
-670
-353
-3246
-3165
-931
2054
7676
10936
8508
2148
-7343
-15164
-16858
-15034
-14484
-16857
-22262
-27966
-20208
1310
10431
4903
4776
7075
7925
13937
20806
24367
23993
19821
17626
17117
13289
6616
-1182
-7923
-11522
-13511
-16755
-20799
-21348
-18394
-16843
-16309
-13158
-8658
-5798
-2918
3370
11064
15030
14967
14851
16006
15930
13480
10460
7639
2971
-3398
-6536
-5339
-5323
-9298
-14975
-18766
-19008
-15602
-8969
-3084
-8
2337
4152
8658
17079
23206
22493
15415
12965
17627
13818
8445
10682
4174
-5228
-5681
-7569
-9029
-8215
-9742
-7389
-3718
-3081
-2981
-5796
-6529
-711
4975
8216
8892
5444
-703
-8482
-15186
-16547
-13672
-13058
-19034
-27281
-25566
-7586
9659
9026
3782
4685
4203
6831
15280
20836
23677
22465
16543
14220
13740
9866
4191
-3276
-9252
-10942
-12851
-15884
-16424
-14841
-14832
-15684
-12979
-8397
-5504
-2288
2648
7563
10898
12479
13104
13440
13442
11330
7409
5203
3434
-621
-4806
-7604
-8895
-10034
-13722
-16852
-16064
-13017
-7023
-662
906
2928
8353
11396
15889
24492
25867
18240
11989
9956
9586
8645
5893
2242
-2889
-9121
-12701
-11417
-7120
-4453
-5008
-6122
-6346
-6559
-7384
-5089
2934
10326
11583
6933
-265
-5169
-10168
-15330
-14340
-12299
-15437
-21614
-26548
-18268
2521
13949
9403
1866
1177
6371
9601
13502
23363
26138
16756
10660
10632
8657
5462
357
-6915
-10530
-12279
-15942
-17040
-14635
-13137
-13105
-11895
-8273
-3948
-807
2234
7598
14274
17200
15363
13521
13043
11352
8337
5764
3634
-43
-5992
-10916
-11883
-12135
-15414
-18518
-17757
-14671
-10269
-4730
-266
4053
10122
14450
16831
22576
27527
23398
15934
13745
12803
9228
6284
3405
-2081
-7565
-10760
-12039
-10485
-7308
-6410
-7447
-7237
-6540
-7310
-7164
-2501
5613
11281
9146
259
-8595
-13014
-14569
-14519
-12645
-13713
-20712
-23141
-11081
5424
11387
8619
5995
4903
4842
8720
16274
22196
22594
17815
11787
8026
4996
504
-4747
-8886
-10256
-11634
-15571
-18253
-16642
-13044
-12357
-12628
-7520
-2391
-43
5059
8954
12307
17152
16393
15023
14346
8344
6324
7223
3161
903
-1759
-8290
-12040
-14843
-17657
-16420
-13869
-12263
-9009
-3693
254
3132
8388
13566
17645
23378
25495
19900
13644
11606
10576
8529
6064
1889
-4031
-8581
-10023
-8096
-4005
-1840
-3605
-7153
-9461
-8835
-5872
-992
4961
7791
5764
391
-8514
-16651
-18141
-16199
-14520
-14785
-19954
-19741
-5547
6293
7039
7672
7338
3567
5604
12669
18159
22102
22153
17586
12831
8005
2301
-2034
-5265
-8237
-10134
-11944
-13845
-14854
-15336
-15363
-14331
-11862
-7887
-2733
2315
6758
9326
11206
13265
13307
12918
12229
10802
7761
4425
2273
-199
-4369
-10056
-11446
-14130
-16863
-13076
-10764
-8214
-5017
-2332
3211
9409
13098
15694
21096
26340
22620
16009
14492
7907
4973
3909
-1999
-509
-4560
-10175
-7316
-6569
-6947
-5485
-6472
-9414
-6378
-2031
772
4484
6353
4066
-3536
-10544
-15726
-18406
-16135
-15221
-18624
-19240
-9334
4150
6044
2021
4381
5010
2990
7776
14800
19091
20517
17330
12335
8761
5201
111
-5491
-8964
-10076
-10770
-11681
-12378
-12384
-12544
-13207
-12061
-8368
-3936
976
6178
10380
12362
12293
11574
11277
11764
10742
7150
4046
3565
994
-6287
-12598
-13829
-12954
-14884
-14166
-10432
-8929
-7758
-5528
1775
10691
16505
18844
20051
24874
25376
18666
12942
11135
8560
3372
84
-1562
-4035
-5886
-5212
-5070
-6843
-8266
-9402
-8851
-4559
634
3667
5287
4282
-2
-7185
-14218
-17128
-16649
-13941
-13985
-19018
-18633
-3746
8594
6305
5732
7133
3330
2319
10787
19435
19273
18154
15691
10830
7340
1375
-5443
-9165
-11235
-12175
-12173
-12616
-12352
-12577
-13973
-12991
-9245
-4891
-1746
998
5795
10978
13093
13171
13317
12262
9747
8013
7208
6070
3877
-1805
-9614
-12562
-11713
-14567
-17768
-13859
-7900
-7010
-7415
-3498
4420
12388
16132
16960
20035
22764
18599
11698
9985
9582
4425
-717
-1372
-1687
-3945
-4674
-3881
-4984
-5964
-5081
-5450
-4078
1560
4742
4115
3706
2207
-2987
-11295
-18500
-21023
-18950
-16963
-21672
-21870
-4313
10073
6790
5697
10615
9035
6928
10944
15830
18729
19207
15853
11507
9333
4658
-4778
-12001
-14708
-16659
-17989
-17511
-15061
-12148
-11766
-12456
-9850
-4393
-457
2225
7485
13063
15314
15011
14007
14860
13253
5875
3386
6344
3476
-3780
-9275
-12043
-16006
-19437
-13196
-8944
-14228
-9538
-538
-607
7557
22270
24376
20112
20714
22125
18007
12046
10331
8615
3396
-1875
-5735
-8231
-9721
-10660
-11046
-10792
-8889
-7278
-7096
-4348
1776
7231
7184
2059
-2761
-8851
-16533
-19060
-17359
-15471
-16606
-19719
-11477
4366
8655
7561
10952
10314
7728
10481
14379
17669
19718
18120
14944
12592
8540
1762
-6619
-14371
-16666
-16072
-14705
-13571
-13448
-13430
-15105
-13794
-9778
-5122
-291
3514
9396
14276
16225
15505
13849
13823
10742
5964
4254
4067
2241
-2187
-7430
-12112
-14834
-16854
-14782
-10314
-11145
-7398
2895
11567
18337
22238
21076
17264
19024
20015
13952
10186
8243
1746
-3128
-2549
-4223
-7667
-8767
-9972
-11684
-11480
-10525
-7138
-235
3252
4339
4266
-1769
-11127
-14775
-16601
-21651
-18353
-14725
-21466
-21251
-3571
10313
6623
8067
14405
10200
10314
17071
17695
16750
16826
14248
12427
9409
1769
-6734
-11895
-12794
-13145
-14357
-14039
-12317
-11706
-12341
-10430
-5681
-3081
-2124
1878
7149
10765
13707
16505
17313
15445
11978
6423
1316
246
66
-4336
-9540
-11496
-12761
-14499
-13871
-9862
-9037
-6056
4484
13632
20609
24696
24812
20823
17476
20576
19049
9775
3966
1160
-6053
-10425
-7332
-6598
-10014
-14387
-17887
-17232
-11707
-3713
3130
7414
7738
2762
-6311
-15605
-20986
-22174
-18329
-14235
-17863
-24469
-18483
3335
14332
8502
9533
11800
8229
11095
18947
23629
23109
18509
11474
6613
3686
-3385
-8570
-9133
-11347
-14003
-16872
-17896
-17632
-16443
-11911
-9950
-7039
-1633
-446
793
9915
15780
13960
16497
13868
11925
12902
6203
5729
5538
-179
-4844
-10623
-14467
-15295
-15261
-13688
-10107
-6226
-2549
3592
14708
23834
26237
25765
21987
19376
20046
15286
7419
4418
607
-6103
-8145
-7193
-8577
-11896
-15244
-15643
-13295
-10075
-3814
3317
6755
6654
2192
-5988
-13209
-16655
-17450
-16749
-15267
-19757
-25245
-12764
6037
8997
7799
8791
4356
3406
9887
16084
19848
20376
17734
13950
9542
3469
-3747
-7938
-9588
-11586
-12366
-13124
-13743
-11961
-11047
-10130
-6446
-4656
-5299
-2874
3353
8972
12069
14880
15270
10342
5653
3828
1006
-363
1271
-1267
-7768
-10385
-11244
-14690
-15339
-10688
-6583
-3904
2848
12009
18786
24900
27805
23957
19272
18104
17553
12241
5460
4215
33
-6694
-4823
-4793
-8966
-11167
-17922
-18181
-10047
-8352
-1548
9439
6623
188
-5586
-14630
-16468
-14308
-13312
-11115
-13216
-18927
-12088
7452
13649
9497
10425
6414
2939
8158
13150
16573
17867
14193
8895
5249
-15
-7657
-9283
-7886
-10882
-13244
-13849
-14221
-14581
-12726
-8424
-5289
-2224
-1378
742
5156
7957
13235
16968
16295
13653
8867
4099
1253
-142
-1326
-2802
-5924
-10395
-13769
-14341
-12933
-10770
-7897
-6263
-3639
5451
16561
23093
27004
26033
19935
18716
18687
10311
3003
2394
-363
-3876
-2391
-1824
-5734
-9824
-13156
-15931
-14766
-8111
-68
4432
5305
3337
-2496
-11045
-17079
-16768
-15122
-15375
-16375
-21194
-17109
3857
13243
8004
10795
9725
1866
5064
13828
18608
20068
17760
13302
9385
6825
-335
-8420
-7508
-12200
-17186
-11970
-14607
-15537
-8841
-7261
-4883
-2674
-5285
-3706
1852
6218
12996
16707
15420
13779
9396
4279
976
86
395
-1654
-5984
-11287
-15177
-15242
-13591
-12197
-10334
-7849
-3057
5414
15407
23056
26317
25506
21717
20293
20974
14951
6441
4042
831
-4543
-4795
-4429
-7794
-11821
-15135
-16662
-13178
-6979
-3007
1781
5423
2219
-4164
-8555
-12172
-15831
-15965
-14915
-15252
-18597
-18483
-1126
13583
10578
11337
12777
5251
3983
12674
18248
16394
14790
12802
7876
2916
-2970
-7822
-10143
-12640
-14742
-15572
-14693
-11105
-9421
-9279
-4379
-305
-2051
-2825
1313
6702
10936
15975
19365
16060
10040
6259
4171
3170
960
-1429
-4876
-12559
-15921
-13358
-13082
-12515
-9980
-9288
-7580
-1696
8702
18462
22833
25201
21409
18739
22230
16701
8551
5725
1146
-4261
-4670
-2232
-2628
-5556
-10904
-14100
-12792
-9331
-3155
2814
5507
4771
1253
-4790
-12050
-16440
-16342
-16391
-17666
-19466
-21857
-12226
7273
12941
9425
10879
7311
1577
6960
15972
18734
16782
13988
11691
8051
2156
-3878
-7384
-8979
-11865
-14921
-15187
-14070
-12547
-9523
-6433
-5364
-5717
-5343
-2294
2738
8388
14013
16166
14603
12188
8732
6602
6616
4011
694
-1476
-6933
-11705
-12559
-12819
-12321
-10565
-9786
-8612
-1899
8219
17768
23041
24126
21979
17858
20670
20472
10893
5964
4237
-1945
-6175
-2709
-1535
-7109
-13221
-17041
-17053
-13448
-7461
-701
5607
6589
670
-5285
-9873
-14239
-15839
-15873
-14844
-15068
-19999
-14068
5886
15020
10067
8908
9887
3038
2466
14970
21263
15547
13146
13135
4934
-934
-4000
-7884
-8164
-11407
-14801
-14527
-13208
-10729
-8442
-5082
-2092
-5225
-9152
-4230
3533
8469
13502
16361
15159
11405
6992
6433
7917
5135
1923
81
-5895
-12314
-12732
-10427
-11001
-13137
-12918
-11553
-8389
1222
13117
20869
24973
23116
18408
21294
24072
15904
8822
7709
1713
-4152
-1551
578
-3254
-8183
-12509
-15490
-14725
-10634
-4812
1532
5386
3453
-2585
-7824
-11350
-14167
-15736
-15763
-15816
-19504
-20014
-5070
12182
13924
11321
10829
4907
2751
10538
16474
16983
15707
12472
9641
6821
474
-5054
-6526
-9538
-15143
-17091
-14460
-12864
-12739
-9392
-5738
-7639
-10021
-7005
-2800
1475
8922
14247
14078
13330
11339
7650
8448
9356
4004
2259
2787
-6712
-11203
-4625
-10113
-17333
-10139
-10563
-15097
-3303
10582
16016
20280
22923
20885
17321
18547
18933
11285
7452
8224
2549
-2034
1057
656
-8356
-15594
-16975
-16155
-13573
-7780
-966
1770
466
-4586
-10270
-13746
-17104
-17413
-16190
-15019
-15664
-17199
-2635
15868
15409
12915
13805
7452
4565
11327
17931
19419
15683
11399
10688
5101
-2765
-3821
-7037
-13815
-15431
-14641
-12997
-10180
-9779
-8382
-4566
-3909
-6386
-5905
-8
5232
6729
9471
12706
10969
6668
5897
7629
6551
3586
1838
-2002
-8442
-10776
-8401
-8676
-12393
-12647
-8700
-4699
558
8167
14958
18384
17510
15775
18566
22711
19717
10682
5807
4776
-251
-2850
1185
906
-5299
-11224
-14660
-14159
-13466
-11318
-2953
2108
-889
-5073
-10324
-14561
-14935
-17037
-18141
-13673
-15993
-24160
-13115
10415
15123
10830
14696
11070
3791
10442
18666
18392
16399
13469
11492
11034
5805
-456
-2537
-7346
-14820
-16256
-13578
-11545
-10029
-9724
-8579
-6419
-7922
-9131
-5265
-2238
1459
9967
16747
16933
13490
10981
10738
10651
6236
2629
1774
-2612
-5824
-5729
-6644
-11262
-13001
-8292
-6667
-3609
4151
9562
13833
16472
16151
15782
19761
20964
13198
9366
8888
4201
1471
2815
1439
-6140
-13177
-18487
-19289
-11801
-7263
-5305
-2053
-6856
-16345
-20901
-23095
-24621
-20802
-16916
-18777
-20244
-9475
11780
20412
18462
18384
12738
7747
11127
17195
20752
19503
14584
11482
8600
-146
-8313
-11632
-14376
-16779
-16209
-13375
-12558
-13119
-11115
-8497
-5881
-2191
-2685
-3788
2064
8728
13924
18801
16790
13326
13690
7837
3289
8404
7039
-502
-2329
-4035
-7471
-8491
-8436
-7011
-7412
-9152
-5832
-459
5281
11909
16406
15113
12148
17889
22657
17839
12431
7585
2988
2413
5358
5134
108
-5764
-15540
-19881
-13929
-12022
-10582
-6642
-9871
-14875
-16719
-21268
-23915
-20281
-18077
-18401
-18736
-14030
1335
14943
16433
15870
15916
11509
9944
14659
18955
17938
14477
13845
12912
5496
-3960
-9061
-13332
-14592
-13339
-12281
-10764
-13712
-13646
-8257
-5792
-5487
-4977
-4674
-4210
500
7876
13926
16148
13784
11242
10272
9008
6983
7102
6456
2021
877
3109
2533
1164
-274
-3997
-6864
-6697
-2757
3046
5153
5987
8746
8767
8744
12391
11928
8663
7724
5240
4918
7087
5250
1674
-2080
-7079
-11411
-12740
-8598
-7602
-11126
-7972
-10660
-16715
-16092
-23029
-25868
-19707
-18939
-16767
-11805
-8803
-593
8319
9978
13436
15933
12245
12053
17249
20995
19659
16895
13620
7319
942
-2734
-5374
-8500
-11257
-12622
-13023
-13920
-14629
-14144
-12130
-9273
-6777
-4225
-1479
889
3165
7953
11608
12104
13515
13520
12121
11050
11402
13123
12692
9433
6020
4118
1409
-1030
-1909
-2555
-4382
-5884
-3994
-1661
-170
830
2466
4210
5137
7655
9110
8390
6997
5462
4965
4528
2490
-589
-3352
-6294
-8576
-8494
-7677
-9100
-12624
-16369
-19745
-21832
-21861
-20173
-18197
-17335
-15385
-9725
-3254
1244
5437
8813
10148
12234
15698
17519
17193
16225
15295
14154
11604
7509
2067
-4283
-8570
-9775
-10161
-10210
-10122
-11713
-12381
-10321
-9099
-8479
-5657
-3005
-1973
2109
6028
6563
8697
11205
12737
13817
14483
14482
13126
11952
11542
11925
10222
6071
2822
181
-1818
-2473
-2585
-2971
-4150
-5121
-4544
-3695
-2443
-626
-118
1542
4339
4484
3786
3686
2976
2637
2711
2578
1445
-1365
-3432
-4274
-5548
-6895
-9627
-14051
-17141
-19325
-21048
-19008
-15099
-14485
-15460
-13713
-9673
-6085
-2525
2633
6267
7221
10388
15281
17132
16204
15004
13737
10743
7564
6646
4115
-639
-2882
-4107
-5477
-5177
-6299
-9019
-9500
-9064
-8223
-3966
829
1503
1472
4303
6892
8162
10145
11506
10786
9855
10442
11474
10806
8959
8040
7402
5489
3540
2562
1249
-675
-1788
-1131
-227
-1468
-3260
-3740
-4014
-3553
-2729
-2674
-1980
-1479
-2066
-2543
-1334
1586
1161
-291
2252
591
-3373
-556
-207
-4946
-6711
-7406
-9268
-12788
-14277
-12981
-15550
-15593
-12193
-12452
-10183
-6579
-5434
-2749
-163
2024
3934
4836
5523
5302
7082
8584
7741
7819
5747
3502
2986
739
-684
-1129
-2159
-1906
-1070
-1487
-691
1593
1447
2107
4698
5249
5483
6071
7119
7361
6509
7365
6858
5384
5763
5252
3973
4086
3679
3144
3563
2313
1178
2123
3206
3244
3447
3839
3600
2663
931
1178
667
-968
424
533
-767
79
1073
598
-116
-348
-740
-2427
-4417
-3878
-3731
-6057
-6898
-6755
-8635
-10279
-11126
-12601
-12493
-12064
-11766
-9254
-7954
-8118
-5700
-4567
-4054
-611
-485
499
2885
1267
2483
3898
3701
3922
2331
1842
811
-574
500
-690
-1324
122
-1999
-446
1280
-1577
133
1552
1912
5161
7529
6968
6206
7261
7039
6910
7051
6247
4374
2518
3484
4095
3435
3412
2245
633
1133
1375
390
682
2505
4346
2693
686
2225
1440
251
1597
-722
-1314
2521
2646
2767
2862
-1073
-474
2909
1000
-1415
-1886
-1825
-549
-559
-1470
-1746
-4364
-7101
-6549
-6891
-8442
-7422
-6754
-6525
-3671
-2792
-3560
-2498
-2545
-2428
-1267
-2740
-3186
-1581
-2265
-1603
-1061
-1835
-1563
-2177
-2576
-2898
-3814
-3935
-1598
-3249
-4582
-175
-267
35
-132
-371
3375
4283
6807
6420
4010
6534
7692
7418
5239
3855
3142
1338
2568
2854
2841
624
-1185
2758
573
-318
2761
-1017
-1443
1050
2642
2725
1523
1371
2284
3450
445
4596
2792
-2827
4257
909
-718
3559
722
1293
1811
-1021
-49
2089
-2057
-3186
-2545
-5204
-5545
-5805
-6005
-6976
-7134
-5340
-4038
-2255
-1285
-748
238
2167
4108
3351
3407
4258
2188
829
2419
1226
-1769
287
-1517
-5569
-2759
-3874
-4382
-4435
-7613
-3791
-2412
-1786
-710
-2269
581
2483
4401
4062
3272
5325
5210
6447
5487
4990
4525
2602
4112
1240
880
1046
-924
700
-2398
-2017
-1604
-2281
-586
-2459
621
6
-2402
-58
-1511
-2674
-4210
-1789
413
-3355
-1923
-1486
-1439
755
-1853
-3075
-514
-570
-1247
1133
-884
-834
1091
328
-298
-3601
-3644
-2840
-813
-2005
-3530
245
2773
4805
2185
6061
7109
1328
8347
9274
2525
7074
5288
550
7962
2639
-772
1569
-4855
-2670
-4839
-6161
-5724
-10082
-7437
-4485
-2432
-3157
-3846
-847
1061
1403
4633
4622
2102
6406
6925
5753
6707
5391
3275
4226
4703
1326
2219
1199
495
1738
-2938
-3923
1652
-2040
-8404
-407
-640
-6004
-831
-636
-1752
-2080
-3858
-1758
171
-2807
-3579
-951
-2560
-2508
1016
20
-3928
-3141
-1244
-2011
-2933
-3754
-5497
-6270
-3022
-2910
-3454
-2189
-2222
-2538
-2176
4056
4930
808
1874
4394
7594
5683
4704
5126
1333
1829
2756
3742
-224
-1660
1900
-4560
-1881
-1504
-5670
-2602
-5705
-2969
-1455
-419
1250
-926
2920
2853
4039
6697
7345
7719
4819
7660
8184
5674
7156
3530
1256
2012
3291
4370
-853
482
853
-4346
-1249
-1697
-4832
-3305
-2234
-4837
591
1065
-7784
1737
-2871
-9534
1909
-2957
-4794
-1327
-2101
-483
-966
-2221
-3233
-2825
-3433
-4512
-4864
-4779
-5123
-5174
-3701
-4466
-4093
-2982
-2928
-1668
-1641
1692
4845
5089
5581
5427
8523
7931
8034
7408
2424
7495
6020
221
3064
224
-1793
-2997
-5198
-4760
-9606
-6281
-3920
-10423
-4205
-3156
-3829
412
-896
134
-253
4319
5621
5250
6025
5902
6846
5568
9402
7161
3997
279
6229
5202
-2181
6584
-2871
-1453
557
-3347
1908
-6161
-785
-1648
-5620
-47
-2662
-692
-2605
-4280
-2660
-2015
2512
-1719
-4471
541
519
253
1439
8
-4266
-2568
1075
-2614
-6347
-4139
-4180
-7354
-2474
-3443
-6538
811
-252
-6397
2647
4316
968
8543
1880
5032
8679
5403
10368
2123
5850
3583
-883
6755
-525
-526
-3258
-5015
-523
-7796
-4270
-2857
-9221
-2105
-2472
-3500
219
-1708
2598
-1577
158
2845
469
7840
1135
1332
4259
3294
7259
2959
-510
-2508
3348
4145
-705
-230
-267
-1846
-1537
924
-3538
-1639
-2665
-3862
1305
-2044
251
1134
-3021
-3210
-728
2505
1577
-1740
-1549
2644
2184
48
305
-1839
-3379
-1707
-1646
-3444
-2925
-2452
-3382
-3245
-2192
-1882
-2008
-1487
-600
1359
4072
4365
5068
6967
6908
6998
6841
6263
5723
4816
2345
1847
-568
-3557
-641
-2388
-5501
-6115
-3348
-4755
-5147
-1182
-5468
-3315
-3066
-1107
955
-2608
721
-896
1037
2694
3052
2981
2229
6282
350
3965
8636
2356
980
-653
7506
1108
-3508
4923
-6615
-1648
-521
-4417
-1095
-7806
-1313
-3069
-4482
-2256
-4597
-346
-2428
-3918
-1336
-534
-3036
-993
-592
-1954
706
-346
732
1802
-955
-1767
1179
-881
-2034
580
-1227
-2182
1826
1960
-3443
4379
5164
624
5588
4913
8768
6900
6006
6763
3836
7765
2768
645
1933
-1040
-3086
-2482
573
-6043
-6370
-1664
-4585
-2883
-4464
-3447
-49
-5554
-3083
596
-1889
-2262
-3365
-1323
431
-972
618
3826
1223
-1035
5850
5639
204
655
3270
2228
735
3928
-1818
-2194
1277
-2548
-2144
-2033
-1359
-3459
195
1340
-3587
-59
-920
-317
-1205
-1722
2287
-1954
-36
1099
-121
1422
-3042
-328
-438
-3275
-2467
-2721
-2029
-2572
-2215
-4503
-691
-2187
-2696
3804
-1010
875
3480
5649
5215
2409
9054
3971
4088
9436
2452
2260
2813
1289
-1315
-1082
2152
-2689
-2945
-177
273
-3326
-2794
421
-3833
-1005
-944
-2459
-655
-938
-1398
-4395
289
278
-2805
1783
-514
1033
4565
1647
1961
2810
3937
2383
1583
4282
1982
163
868
-684
-3546
-3247
-2482
-5094
-5025
-4701
-3875
-2840
-3431
-2589
-2985
-359
-1330
-1169
2485
236
554
-457
2530
1892
-1863
1177
-1478
-482
-158
-112
481
-2691
2029
2030
-1765
2108
3618
1332
2668
5134
4588
3828
5304
4606
3171
4149
3593
3361
619
-374
245
-2314
-2784
-4849
-3228
-2443
-3755
-1698
-2880
-2098
-1623
-1453
-2374
-2768
809
-1685
-2803
-1074
-2955
-1360
-1227
-4482
-79
1558
-234
3372
1947
1811
5066
3815
593
2699
4206
77
1729
984
-2312
-1204
-653
-2818
-802
-523
-5649
484
62
-3629
-1019
-1418
-167
306
2144
-436
1497
1052
-3108
1010
-947
-1941
-3193
-2108
2095
-2179
-3600
1370
-1666
-4670
2873
1588
-371
2902
2839
4221
5183
8366
6157
2575
7362
7774
4008
4156
2180
-958
520
-565
-3071
-2581
-3477
-5428
-4129
-1893
-2673
-4294
-3956
-830
-2066
-3452
-1527
-4617
-3572
-816
-2418
-2202
-1220
-693
-2351
-1075
2931
1238
413
4035
4484
4305
3773
4199
3112
1297
3590
-2496
57
3735
-4383
-2994
-1046
-390
-4943
-4452
660
-3803
-423
-1297
-2083
1642
-1053
1452
148
1812
1452
-1368
3166
-2108
-362
274
-1619
-2630
-4829
3001
-2631
-2331
-1573
-3615
3507
-82
1371
1799
3467
6589
3678
6428
6042
4289
4062
4076
3817
2562
2257
-218
-2130
-3308
-607
-189
-5942
-1842
-490
-2341
1440
-1012
-843
-1723
-714
2152
-4066
-1041
-1
-4328
-1674
-528
-563
-4426
-1954
1085
-1063
1432
1349
2169
1735
2779
3352
155
2849
345
-1623
1167
-500
-1247
-2568
-2099
-1534
-3026
-3051
-3933
-2301
-2460
-2898
-520
-517
-1709
-2155
2724
466
-3362
3451
-336
-1015
4535
-479
-800
-246
-1122
-1403
-1848
659
-1521
-343
2939
1132
2835
3384
1061
4055
5251
2166
4488
8437
5471
2837
5437
3709
608
-129
-1641
-1874
-3540
-2042
-417
-3453
-885
-593
-953
1101
-2322
-455
111
-2104
-2299
314
1135
-5197
789
393
-4497
1488
-1658
-751
227
-1911
2571
724
-356
2717
-1585
-2757
1184
-1457
-3129
-1115
-341
-1855
-598
-484
-2594
1444
-731
-3531
-252
1187
980
598
1345
-291
1138
3219
934
-1934
-342
703
-1141
292
-2391
-1379
-149
-2830
-1387
-961
-1490
-2446
1420
2244
281
2567
1865
2775
1842
2573
3444
106
4301
3484
2896
641
-3708
3625
-1594
-3915
100
-2062
-1486
-1616
1605
114
1171
782
-1304
1537
830
1801
153
2035
-69
-1839
3373
-1530
-994
-1143
-4446
2042
-1024
-2439
2845
328
3532
2994
-1033
654
-1225
71
-1535
-2041
-109
-1751
829
-572
-1697
-2430
-1698
-116
-4621
-164
1607
-3068
1337
2560
-337
1966
1481
-210
874
-1068
-1440
-1023
-528
95
-2257
-2065
-1542
-1962
-2056
-2953
124
1264
-1366
4642
4456
-941
5634
4061
1408
4054
1033
2907
3519
1539
-398
-1774
-694
-3040
-3293
-2867
-3312
-1738
-2612
-1379
1789
1163
260
-1452
-441
3234
1300
20
1114
1274
-296
289
653
-1990
-742
-3729
-2528
-638
-3249
1887
1807
-208
1616
4158
2764
117
2293
1979
-78
67
2350
31
645
546
-1513
96
-1022
2150
-752
-1202
2927
-347
717
1943
1046
-424
596
819
-1815
-863
-128
-1951
-3953
-2431
-2205
-3713
-3429
-4654
-5598
-2269
-1671
-3500
923
2085
574
3854
7040
4012
1961
6006
3527
1841
3673
1987
-316
-2450
51
-1315
-1837
-487
-7194
-3251
-131
-2551
1639
-31
33
1822
4540
3087
24
3333
-1009
1001
1787
-2621
-569
-2201
-1412
-2664
-2498
131
-4832
-2481
1172
-3908
-911
1921
-324
-1792
811
7071
-2821
-1629
5641
-354
1386
-1259
845
-208
-2307
2760
-689
2262
1100
-1115
2574
1709
635
-262
2647
872
-1726
3578
3895
-613
-1115
1427
-2719
-3972
-556
-4364
-2594
-2138
-2187
718
-694
2951
797
-420
4900
3002
2964
5273
2174
1785
5110
1107
-3535
-1049
334
-2413
-3814
-2434
-3216
-4144
-1484
429
-1559
-3821
-859
1598
616
592
495
216
294
2795
542
-3804
-1121
-2933
-1824
1186
-3241
66
-331
-2086
-232
-2213
1063
-2014
-534
2280
2119
4513
-401
4460
3495
1039
5842
3151
357
-689
1941
639
1920
-165
-2994
2476
-2291
-1700
-434
-5866
-1128
-1665
-1942
3091
-2582
-3069
1056
-3130
-3504
-1179
-1523
-655
-1788
445
3044
1032
3441
2456
2316
4253
3426
3821
1449
3228
2716
95
889
-967
-84
-576
-4853
-4798
-1246
-3002
-5110
-494
1475
-493
-912
2047
1812
-1293
3204
2426
-742
2739
448
31
856
-1982
-1524
-380
-1505
-1452
1059
975
-1945
-3340
1096
1379
-2612
1370
967
-3201
-861
1883
493
-2400
1062
847
-1068
2131
-1297
-1713
-487
1077
630
-1386
3441
-1412
-2107
2213
-465
-1583
-67
2806
-545
24
955
-2398
-1251
-963
-1106
882
474
-1785
1003
1302
569
2388
3849
3917
3346
3247
3227
5403
-818
2091
3092
-3572
2866
-2897
-2238
-37
-7391
-3051
-1786
-3446
-5870
-572
1930
-3890
2395
1559
-1112
2687
1351
2275
-912
-1224
407
-2032
-15
-1692
-4406
-350
352
-6160
-1343
590
-5595
-269
1634
1166
1832
1623
-341
-862
3674
356
32
1336
985
3523
-1209
1650
2930
-4072
296
2186
389
-25
-627
1881
620
-312
268
1412
2982
73
-2704
44
1891
-3208
645
1688
-5043
2889
1401
-1281
1779
-3070
1166
1495
4033
4091
-1704
5504
1488
-207
4494
-2211
-2077
-623
-1379
-3657
-2915
-1967
-6512
-1100
-1563
-2210
1181
-2965
-1685
232
991
412
1830
3128
1274
2325
3091
-393
-2499
93
-1349
22
-732
-2728
-2140
-1437
-648
-3242
1409
-1848
-2525
168
-1704
2554
-2151
1689
4885
-231
3031
6152
2882
-773
5134
3178
-1300
3047
2413
-549
1871
2045
-2308
-2225
-2883
-3349
-2103
-1926
-3077
-2543
-1083
-6090
-1490
1904
-5360
181
-5
-2977
2236
214
1478
1671
1694
2252
2183
5461
2157
1216
247
2148
3240
-1657
2008
-865
-1075
1919
-4142
-2890
-3514
-432
318
-2143
3765
-3011
-1082
3383
-1238
3650
1558
-594
2187
1601
355
-1371
173
2160
-1054
483
1231
-3853
745
-1210
-5187
1086
416
-1352
-1612
-639
5
-2566
272
934
42
1574
2541
1287
259
2154
-3539
279
4127
-2000
-429
-3648
-340
-905
-5267
904
-4097
-3115
-1483
-2807
981
-2934
849
-2249
4
5359
-1724
3212
-491
2734
5032
1420
4358
725
6760
3091
3071
1958
-2608
4742
-444
1411
900
-3773
-1562
-3212
1109
416
-1363
-1655
-1663
1910
-2767
-191
2348
1376
2094
-1522
521
-643
-72
-237
190
1058
-2349
1314
-3839
-4489
1272
-333
-1505
-5463
-496
-600
-3954
-839
-3687
1692
-2966
-3077
3589
-2650
2352
1371
2445
2740
-701
3269
1430
5312
2991
-768
1149
1093
2708
2573
567
-2757
-1587
-2680
-5280
-1438
155
-2338
-1761
415
-2019
-3085
196
-585
-1800
3684
4512
-1754
700
3086
733
5616
2307
-1811
2271
1479
696
-2788
-621
2554
-2286
18
-1591
-4091
2201
237
-2199
512
-1991
-480
2006
1415
2658
13
912
1891
-735
2540
2088
-565
-596
-2627
1736
2310
-5312
-18
2172
-2674
194
-553
-1541
-2507
-794
-579
-2954
775
974
580
350
591
-271
1154
2385
2118
2845
-1023
2695
1309
1205
2827
-1646
1056
-2680
-684
41
-3331
-736
-5608
-1673
204
-3517
-2248
-4458
919
63
-3389
1016
-232
407
-227
1835
3155
-125
1768
1259
1903
1796
-514
580
3097
2917
-1112
953
-410
-3224
2551
583
-766
738
-316
630
-2378
109
3284
-129
934
1744
-1259
1547
3331
-397
-383
6
1721
66
-2211
1483
-148
57
1783
-1871
-2094
159
-8
-1908
-308
-425
-2002
1067
-1950
-2025
1312
-1486
-930
263
82
207
1856
-2
-3003
299
2150
-316
-3349
-809
-1730
-3395
947
-1298
-3071
-298
-752
-1824
-1170
-1700
-1026
-1039
1697
3079
270
2906
360
1923
3370
91
2150
1817
2106
-2125
609
2736
-1907
2117
2842
494
-3780
1183
2958
-6221
2408
4260
-1211
900
-156
-725
-4863
1991
1971
-2747
3818
-3548
-1874
700
-1410
1481
-3690
-299
-693
-2092
2385
-697
574
534
-345
1833
-462
-1399
-269
170
-1076
-533
-1259
-9
2069
-1404
176
-536
-954
-168
29
4243
909
612
1925
-1024
1464
2782
1993
331
-215
332
-710
-1461
-1214
2278
-1663
-1110
2042
-4310
-931
167
3
492
286
1041
-2327
502
-748
1491
1633
-2603
-545
-1157
351
-2274
-1196
1136
-2763
-450
1602
-1788
-1321
2050
-1429
-426
2763
-1160
722
3578
-2968
498
3282
-2460
2348
-2646
-434
281
-2837
4518
-6224
1979
3570
-2279
7685
-3422
1183
6608
-713
1747
507
3196
2033
-3207
1648
1465
-4002
-1327
-59
-2244
-2008
-1344
-1272
-3165
-1714
2124
-288
-760
1206
-1303
-1996
1872
1932
-703
1693
-984
-1449
954
-226
246
-1356
1722
-664
-2932
-230
-1165
2410
-1129
143
3231
-1361
1346
-1594
3999
3798
-6156
4187
1672
-2642
1042
-119
-410
-2579
4298
263
-3615
1615
723
3321
95
-131
1480
-1665
1187
-206
-1927
1469
-1554
-1395
762
-1908
-1820
-2981
-968
-2546
-1765
839
-2433
1573
646
535
-313
1119
2222
-1999
3781
-1214
-2651
1962
-1512
-3080
-526
1721
-2780
1351
616
-3192
595
291
2908
-1510
620
3802
-2372
4429
956
1553
4819
-1039
3111
-2122
2134
1273
-3796
3571
-4074
-2118
1156
-2667
-71
-1510
-813
1399
-2460
-466
2806
-2258
624
-111
-1255
2493
-1366
1651
1612
-895
654
-2151
1212
1748
-2046
861
1074
-659
683
2163
-600
-651
4534
-2470
-454
3530
-6221
77
-508
-455
52
-4074
4192
-4192
-1974
1747
-2426
3834
-1128
887
1248
286
2229
-1069
4462
-20
-1368
1278
-3776
-167
-438
-543
-3093
-485
378
-4434
4062
-1224
-1768
1864
575
2099
-1993
3305
1055
-775
1780
-1564
1213
781
-2299
-310
183
-1192
-395
-2981
-1850
-1217
-3102
2762
-525
-2212
3823
1649
2066
1075
2852
-927
-3777
6999
-672
-735
3574
-2481
-796
-619
4075
-564
-1603
1731
-3768
1443
2403
314
515
109
-936
-1843
3511
-2690
-3539
2580
-1985
-88
-3101
-2419
-164
-4579
1177
-2191
-408
2377
-4045
4540
3392
64
1012
515
4482
-963
1861
-95
-2897
2746
-1025
1074
496
-3272
-2147
404
-563
-602
648
-650
3163
572
480
622
-2479
2199
2487
1676
-978
-1445
271
-3884
-797
1952
302
-2746
-2662
1725
-2833
-934
493
-1566
2311
239
1610
-1522
-1305
5094
-242
698
1379
1414
1298
-5667
-988
1251
632
328
-190
880
-1335
2813
-1296
-1660
477
143
2609
-2122
1167
356
-539
625
-443
-313
-2832
665
-467
-2896
-1099
1984
-145
521
2430
-1676
1555
-429
1986
3382
-2419
2366
2775
-2322
-455
-1863
-1976
4678
-5016
-1222
2348
-4880
4466
-2943
-116
3244
-1782
2469
109
1273
-374
3145
1145
-745
1620
-1076
-530
1757
243
-5402
2230
-1485
-2284
-63
-4869
1604
-328
1854
-1332
325
3550
-3098
1613
523
2207
-2572
-2924
5942
-4829
-710
2855
-1412
-5
-4788
1670
-1482
294
2285
-3686
2616
26
766
-1172
1641
-1529
-3838
7630
-3843
-1508
941
-1227
4559
-4942
3020
675
-3098
4823
-3306
3947
509
-242
6680
-1138
497
-1828
1349
-1403
-550
3845
-4069
2104
-1678
-3386
1733
-1905
-335
-2163
628
397
-1281
2204
1182
3184
-1557
1520
1177
-2664
3156
-2709
618
-1192
-2262
1049
-3190
900
-1390
-2387
-1439
75
-765
-695
2377
957
818
713
2799
138
2567
1046
-430
2471
-3795
4172
129
-5268
4647
-3894
-2039
3626
-3160
657
-957
-845
3449
-3433
453
1816
-2156
424
826
1807
-3686
-624
669
-2669
-166
-1946
2317
-2200
268
2571
-4083
3568
-1180
-841
3470
-3474
1449
2273
-1625
-42
1191
-659
-1699
2404
-1535
-2357
2171
-292
1536
748
-1075
1567
1923
1461
628
-342
2809
3647
-402
1304
730
-660
-779
971
976
-3464
-14
-1019
-1315
-1480
-2851
1114
-1347
619
-1786
-2823
3074
-2192
550
2378
1044
1772
-3528
2898
562
-3202
2426
-1474
-137
-729
-1395
-345
-3551
-177
1196
161
1104
-883
-1344
889
-396
-954
1258
-668
255
2484
-268
155
-154
584
1635
379
-768
1151
295
-819
5692
-4890
1219
6207
-7961
3582
1664
-1337
571
-28
1214
-4124
2359
-1767
-1108
1281
-3053
2570
-1234
489
288
-267
3848
-2858
452
-1245
335
3462
-3485
1934
580
1262
-1581
-2822
2190
-4286
-1096
-795
451
716
-769
3347
-1770
801
447
-1602
3135
-1388
586
2641
-1281
-1816
-1161
2869
-761
-796
2322
-2654
-793
-1244
-1642
913
-505
1653
-327
-1097
701
-2546
837
1184
-2349
174
270
72
-1182
-485
1637
-178
3620
1919
-2772
1467
-795
929
3015
61
3384
-218
-758
1196
1069
474
-754
2714
-4027
-4110
1610
-606
88
-971
502
-651
-1481
74
-1345
1840
110
1504
3980
-1066
419
-529
-1553
1014
-594
-1366
-1909
1702
-2716
-3524
5128
-3404
2315
551
-6001
6132
-3086
-478
1946
284
2547
-1501
3607
-2413
-1082
-225
-43
821
-1495
2199
-3330
-995
-1920
472
3146
-2840
196
-2078
-132
-406
-1882
4027
980
1059
287
-570
1125
-2354
2093
166
-2074
1986
-1413
978
619
-1838
2097
3006
1256
500
1121
-977
264
1195
-1091
1153
-16
470
1068
-986
-902
-3532
723
1222
-2745
580
-680
-895
-291
-628
1329
-617
908
2376
-1099
697
1262
-2998
-631
3450
-803
-2821
1002
-392
-1580
-189
-227
-172
-1494
-8
503
251
1633
-458
-82
484
-177
-282
377
1761
-1073
-2173
-107
491
-904
-778
592
-851
-1557
190
954
-91
816
1161
2607
1765
-991
1983
-227
-899
1934
-1769
-2150
2768
614
-3206
-752
605
-157
-1716
3083
-1307
-2681
5530
-1521
1587
1364
-1508
1089
-2489
3392
-80
-498
469
-4377
2113
30
-369
-292
-2634
489
-1282
3174
705
-781
2863
-2627
-410
-453
796
-1567
-1417
6786
-2089
132
2316
-4588
1278
-1055
-957
1386
-901
2282
-2732
-2265
461
-3903
2729
3700
-528
-1370
-557
1585
-1762
874
-449
-1389
1053
-2866
538
348
-339
-991
-2586
2194
-395
-606
2122
1556
1177
1176
2654
-2438
-989
2673
-2007
1151
1620
-512
-964
-1422
726
-995
832
497
-1751
1251
2731
1410
205
59
690
-94
-1887
1535
-1336
-2113
1389
-838
286
-1371
39
-95
-1459
-290
-1818
272
582
1641
823
-573
113
1150
697
-1584
-283
-912
1943
343
-1954
1041
-3571
473
4612
344
475
-2073
-1172
1659
-463
926
749
290
-126
-1158
2253
-567
129
1676
-4550
-435
1966
-1421
-1319
-715
188
-460
1432
-246
-1496
3039
746
-1406
1166
777
-542
-118
381
-1804
-1315
1983
-961
-1276
1433
0
815
-414
-934
1411
754
958
569
1138
1427
-715
1394
1868
-1216
-270
1070
-910
-1245
-689
-2180
-235
-1327
-3495
1463
-405
-2486
2218
2045
104
-625
-740
-38
-432
-65
1209
1139
332
-1570
428
1376
-1520
923
-157
-1067
453
-638
487
-647
444
402
-640
2824
-57
-1938
1164
1391
-1085
-2915
1170
1258
-2072
-323
339
-75
453
917
435
1748
411
-61
1510
-1213
711
2207
1415
-416
-850
-30
-1372
793
-2170
-3398
-213
163
103
-872
958
834
-617
365
765
-268
-48
2230
1348
305
597
760
767
-1589
11
760
-2601
-217
-713
-2355
384
-1007
-1078
-746
-991
904
-1536
30
2492
-1622
1554
2525
-1401
1266
573
-1071
-95
-942
-2303
-1621
1320
610
-925
-371
928
1966
-446
-1143
-531
1147
3239
195
-760
519
576
-822
563
1297
-2806
692
450
-2501
121
-170
1451
45
-581
354
-133
3165
580
-284
24
-1661
1712
223
-10
-737
-689
1811
-2695
-224
933
-2179
-535
-935
872
705
-1077
95
-116
1732
1523
-1356
1287
1417
-881
1267
802
-674
-836
-241
-403
-4291
-1380
1587
-1353
1926
349
-3050
1261
245
-837
-453
-184
663
-983
2056
746
70
1161
-698
1781
-2145
-483
353
-2855
2463
-96
1828
1514
-2115
3273
-1452
6
1526
-1209
3060
-1243
-453
933
552
-693
-2544
1910
-1361
867
722
-1737
1041
-2078
2146
917
-4017
498
543
-237
-68
-1251
668
-576
-719
3675
194
-2445
1346
-244
-141
809
984
900
-2193
1594
-691
-659
3638
-2619
393
1111
-2500
-59
161
299
-2936
382
3103
-1068
818
316
-866
-1816
1081
1061
-2019
2965
-2021
272
3598
-2873
1773
625
-1284
-1399
-1430
1482
-1675
1010
-735
-1937
418
-2382
1680
-2081
154
2569
-1977
2143
-711
-350
390
1998
-398
-1175
2798
-3031
1357
-826
-702
2977
-3560
1348
672
-2418
1505
1060
1670
840
-709
2546
503
178
837
-1886
560
-1998
1092
1838
-3086
2126
-2229
-1085
3582
-2557
448
467
138
321
-2591
2365
-127
-1270
1373
-1238
-1051
-1010
745
-780
-878
487
-2370
920
-652
-1444
525
-468
1414
-2202
1183
947
-691
3886
-2141
2335
2906
-1262
1834
-2202
1460
407
-2023
1536
-1755
-1138
-2730
-372
1082
25
2175
-2711
1358
-184
-1260
2529
-1671
1555
864
2119
1320
-1990
431
-208
1791
-575
-725
285
-2355
-368
-434
1634
972
-912
245
-1737
763
-420
-167
1651
-616
1529
-959
-295
1205
-1030
5
-337
23
-1129
-298
849
667
405
-1853
1661
-366
-942
1306
-2312
1689
-1601
35
3172
-3959
1605
-500
-1715
2169
-2481
-288
-1085
511
1172
-1209
774
-2066
1837
666
92
1897
-1690
1858
-1450
1720
1768
-2459
3397
-1381
-289
731
-314
2744
-2257
883
-907
-1733
1141
-1066
2601
73
-1129
989
-596
1049
-830
706
1394
-2074
518
-1001
-13
1508
-1571
1370
-1050
-269
902
-2152
1995
-787
-499
187
-1972
636
-1854
-186
1554
-676
-1222
362
1683
-34
906
741
-890
1813
1110
597
-312
-11
1095
-1073
282
-225
-332
-205
-2113
-204
-1029
787
1149
-1313
1007
-1743
-1383
1392
1513
2113
-2351
-64
471
-1622
2369
-163
2099
1538
-1955
-201
-1725
-372
-904
133
-1171
-1221
530
-1071
47
-332
1498
-1724
-892
682
-1344
1349
-1114
232
2653
-1530
1565
1179
-652
-483
-961
-277
-159
2215
503
226
444
-717
827
44
1544
327
1679
282
-310
1246
-2934
2020
-1672
-4041
2294
-504
-514
-226
60
655
-938
105
1258
408
-471
-168
509
356
840
-1231
-2403
2213
-350
251
1519
-3315
-470
-2027
1239
3184
-3150
1089
-638
-2522
1783
-162
-639
1053
1046
-1264
-49
96
-682
1998
-2072
1034
3043
-3770
-863
0
-261
149
-920
92
-1351
1193
556
-302
1283
-1381
1679
2355
2120
676
-1784
2733
-299
-509
2152
-70
-782
-1014
1407
-777
-182
1323
-661
1508
-1007
-2059
374
-1117
-828
310
-390
-2314
-2088
1996
-1135
-1909
2972
-30
-236
196
479
49
-1655
786
-589
1588
553
-1613
1681
129
429
503
1969
-93
-4100
286
-868
-1056
1281
-991
914
496
-1090
1243
1052
-1883
-794
2449
-687
657
1733
-2345
2093
-139
-2335
2616
-1365
162
1321
-2746
104
34
132
1216
-1883
-629
655
-1578
1863
1571
-1222
1528
-204
822
1774
-1165
-519
-894
191
738
-535
657
-141
-2317
-611
120
-347
995
-1764
-1412
951
-422
2828
1708
-781
2241
53
125
198
-66
3255
-2542
-1786
2377
-2239
155
394
-1308
103
-218
555
-222
367
-824
-837
514
-1231
1906
-59
-675
1032
-2135
2263
-138
-92
2494
-2126
-60
-2013
80
265
-2771
1134
-439
581
128
-472
884
1
1337
-401
2095
112
-1577
2153
-2655
1757
555
-2181
3390
-3631
-1303
936
-2990
-251
-295
907
-769
-427
2537
-221
-90
1523
1740
1261
-529
-1832
-286
1705
588
1478
893
1035
-121
-543
1132
-3439
-471
269
-31
1251
-1285
959
-1094
116
1056
207
-492
-1080
1921
-253
501
-87
-1286
469
-1126
-389
-4
-2037
-1552
1533
1000
-1194
57
-180
-671
1466
326
-912
888
16
-187
492
-993
1739
1285
-705
1228
-2054
218
-603
-2553
1002
-2316
929
384
-1828
1400
89
330
278
689
-609
-236
-12
-1096
1350
1108
1094
-643
201
2626
-1891
-675
1899
-1769
-284
1170
448
1526
-368
15
989
-725
-1522
1127
2577
-716
555
586
-539
-487
-933
531
-1529
-185
21
-35
1645
-1843
-525
-388
-841
-374
-1083
2177
-560
-274
1498
-829
957
-1107
1205
1432
-1074
2752
-813
-762
624
-1838
47
-285
-110
-714
-643
661
230
963
-532
174
-387
-1224
-97
-1187
842
-1977
-877
2798
-1322
328
972
-370
-686
-2150
-8
-15
-115
1186
834
764
-928
-398
1386
67
32
986
308
1069
1165
-314
870
-509
-214
994
284
570
-1886
1469
1036
-1980
1517
-263
-471
101
-1256
289
552
-111
280
194
-344
-408
-574
-527
-398
467
-273
-498
528
-630
-464
-333
317
619
-1046
-329
637
117
284
564
-540
-471
-443
-913
-283
-1301
335
929
-1979
607
1777
-457
-74
334
234
-1165
-89
1588
96
950
448
-639
1027
-102
-1467
-249
1277
1527
611
534
162
-554
-540
-525
-105
807
832
185
297
-277
-845
-91
147
395
1362
90
-1416
-291
-253
-341
-1006
-1129
848
552
-458
-1215
-682
231
-77
-275
-386
1218
1240
-29
544
29
-558
-131
-327
-291
823
1161
-379
-1039
37
544
-422
368
944
-712
-617
-1521
-214
1375
-583
11
329
775
-199
-1088
505
-979
-73
1132
42
-226
-583
1255
172
-699
-83
-706
1439
260
17
288
-880
854
309
-392
-537
703
635
-720
61
-749
-288
65
324
1240
503
393
-853
-882
704
-159
-578
-277
148
76
-614
249
86
-293
-47
-216
168
-121
-195
24
92
-29
-633
498
449
-720
924
364
-1123
-376
32
636
-41
464
813
-1197
-644
357
-27
253
680
-65
396
174
-909
822
55
-166
987
-365
479
471
-928
420
464
-256
173
-1054
-157
316
-614
483
-803
-772
949
672
-267
15
-84
-1002
223
-513
-493
346
-109
648
-526
-327
-13
-881
395
170
-409
219
59
161
553
-545
-795
747
370
362
604
-519
592
721
-386
-66
6
565
237
532
303
-1218
195
-197
363
403
-1098
513
-790
-740
-617
-224
1009
-525
-4
485
-116
-402
733
-574
811
1057
-1641
1763
-723
-1378
890
-745
36
535
773
-972
-467
573
-356
520
103
-434
-316
305
227
-819
97
493
-170
592
459
-398
1
174
-146
-106
-193
116
402
-266
-408
-437
-557
-300
-82
-38
452
311
-343
533
159
129
468
-186
519
-143
-316
476
-5
157
403
201
-347
-533
300
522
238
269
-5
-156
-189
-247
-102
-235
-233
-285
-69
771
-210
-514
64
-516
344
102
691
555
-746
873
-213
-122
590
-704
172
5
-24
-326
-605
22
-648
-67
-7
-182
295
-386
-410
-132
436
207
-187
311
199
-29
-440
628
492
-722
518
228
59
-84
220
1183
-679
558
-333
-1480
438
-923
459
74
43
900
-670
594
149
223
391
-487
183
540
108
-84
-333
-844
100
-402
-165
293
-622
-79
-436
38
513
-325
-67
-2
-187
286
11
-526
-235
-190
78
40
-45
500
212
219
510
-114
-55
327
-78
76
120
-43
293
-8
27
-60
-314
670
118
-227
486
-187
45
69
133
87
-196
117
-554
332
368
118
391
-749
128
-215
-237
615
-568
44
-270
-279
178
-894
-50
-229
-156
67
-308
-1
-570
440
34
-599
493
217
427
6
-520
232
445
183
-109
24
61
-150
-210
-540
-223
317
282
450
322
-119
-163
-334
302
617
-351
475
202
-203
614
-807
-256
447
192
558
-594
-10
87
-462
490
-239
-182
320
-201
-109
-439
-214
270
354
48
-157
598
-45
-144
-7
-535
478
-137
-9
550
-535
58
-281
-375
368
60
55
-275
118
-69
-439
122
-75
450
23
-75
253
-728
485
243
-514
363
-642
-196
402
-315
224
162
-137
-163
-161
292
108
213
-71
-348
352
105
284
-118
-531
173
-20
472
-171
-570
563
-269
-57
509
13
82
-432
-105
173
74
258
-109
257
-54
-315
-13
-303
264
434
-208
-51
-15
-212
375
54
-201
-109
-308
257
136
97
-211
-322
126
148
157
46
-238
-511
492
-14
120
271
-808
593
-9
-104
372
-200
-18
-296
439
311
69
87
-267
-125
61
37
204
357
-440
-76
-92
-208
230
-578
-97
-155
-21
896
-279
-210
-294
-714
163
-19
297
5
-258
102
-536
-39
460
135
-7
-134
-271
39
256
-164
-14
54
47
146
100
251
-161
378
265
-291
657
-62
-105
90
-339
153
-70
969
291
-792
306
-584
49
722
-406
107
-263
-238
344
51
225
-382
-330
330
376
458
-162
-612
-223
-98
-47
216
127
-74
-367
-483
-199
271
30
127
195
-503
185
-129
-105
181
-214
493
-464
-227
187
-351
361
203
46
-592
-2
351
270
176
89
313
-449
291
-457
-185
665
-205
367
-316
212
-23
-532
-130
250
430
151
-364
-302
145
-192
-77
22
-347
154
230
109
47
-104
-96
72
529
97
104
353
-247
57
-352
-430
123
47
396
102
-401
-279
378
260
45
574
-93
-354
195
148
190
98
-101
-24
-248
-304
-28
82
271
-65
-247
196
-110
-161
128
-226
-179
-101
-222
-314
-470
67
455
204
-154
-378
-138
89
263
370
216
-110
-318
-152
-120
349
350
-185
136
-365
-390
441
283
306
-7
-180
-52
-386
120
382
210
57
-522
-285
65
-26
31
-31
85
31
-16
-127
47
322
-106
232
122
-323
-414
-17
510
-112
226
-389
-642
320
-265
63
384
95
-165
-44
332
78
345
145
-58
217
118
166
-44
55
-174
-270
285
117
370
-19
-377
148
83
69
-313
-208
133
1
-165
-267
10
-255
-117
-48
-363
192
134
282
265
-434
-234
-230
155
270
-232
-165
-130
152
181
15
3
101
-19
-60
283
119
-104
-77
1
-53
12
27
32
52
73
288
-99
-55
-26
-177
137
-4
266
198
-152
-65
-273
-46
-45
-25
190
31
120
-241
-108
56
-160
176
94
226
-59
-199
-63
-291
171
-18
104
427
-206
-111
41
-159
154
78
18
-224
-329
448
-56
282
262
-612
1
-218
281
243
200
316
-449
249
-243
-129
458
29
152
-323
-51
46
-211
189
-188
-162
-5
-378
49
415
90
-176
-181
-160
-5
176
-52
52
203
-121
-100
33
-76
27
268
15
-113
184
65
16
108
96
104
-57
-400
-294
339
170
176
236
-449
-205
43
98
353
-20
-134
-104
-162
-4
67
262
148
-364
-278
86
18
264
231
-272
-41
-278
-272
409
144
69
-13
-266
-191
-272
170
228
-107
129
186
122
-93
-237
-9
175
110
-199
4
64
-119
239
-131
-320
-61
-55
245
36
-81
-27
83
88
-259
-151
237
100
-279
83
-375
151
652
-288
335
51
-146
67
-223
76
127
61
-198
192
244
-55
-250
-166
97
-105
251
10
17
167
-183
89
-180
4
275
-42
199
-21
-132
-29
-104
-116
-136
199
-6
40
90
-228
-53
7
82
-91
134
179
-210
-26
-178
-136
37
-30
66
150
171
-122
-148
-30
-41
139
56
88
11
-3
30
-447
-28
259
-157
103
155
79
209
-227
-453
-84
143
294
155
-36
134
-70
-148
193
-65
-400
-74
229
103
-12
-167
-293
-46
169
158
-105
36
361
14
5
-111
-323
209
128
104
274
-117
5
41
-66
-18
46
170
22
-196
-19
86
-353
134
-88
-242
649
-243
-278
387
91
-45
25
-167
-386
210
310
121
-40
-76
-152
-180
187
-43
126
18
-367
-348
-215
272
-24
-272
18
109
217
38
-284
-186
12
120
196
82
118
72
-103
20
246
192
16
28
-215
-160
199
17
-55
-7
100
238
19
11
18
35
94
-111
50
125
-95
-61
14
-126
-183
109
-53
-274
-221
-358
40
68
-234
38
-132
-81
152
61
172
-34
47
180
20
313
181
113
378
94
-99
-78
76
258
159
84
30
-164
-203
6
6
-83
10
-75
-217
-98
-42
-99
-95
-154
-178
-105
-43
22
1
41
-4
-145
-97
-115
159
106
-27
76
-257
115
116
-158
94
67
204
75
-15
54
16
-52
-90
1
155
188
-161
44
151
15
245
15
51
17
5
279
-59
86
19
-117
92
-225
-61
-126
49
237
-163
126
111
112
1
-331
-56
-81
67
86
-198
-174
-347
-160
-90
-238
-34
-5
-124
-169
-111
-148
-31
-128
-152
12
37
293
11
-234
-181
83
569
487
533
692
787
954
547
-167
-151
268
111
197
187
-421
-455
-625
-643
-393
-355
-152
-473
-508
-401
-470
-537
-532
-332
-413
-33
6
-79
-116
-253
202
156
234
469
532
676
398
225
269
187
426
462
386
431
-320
178
420
-190
215
-262
115
566
355
212
-449
-173
-162
-236
-256
-383
-169
-252
-317
-459
-209
-56
-314
-100
130
-72
38
-54
-359
-11
70
59
-26
42
110
-147
235
306
96
-43
7
332
216
138
-88
-93
124
-14
205
115
-195
-87
-58
21
-117
-131
66
-72
35
8
-180
-98
30
150
-156
-183
168
10
53
229
27
-157
-126
88
121
189
-13
-286
29
-48
1
106
-66
8
-169
-49
-6
-9
173
-66
23
35
-178
4
129
19
-4
119
2
-170
-35
11
68
226
7
-153
34
48
-31
-18
-76
49
250
20
-143
-28
20
144
144
-12
53
109
-50
-31
62
-94
-34
31
-126
64
66
-64
-100
-245
17
-3
-72
158
-46
-29
47
-139
-100
-47
-8
98
-11
7
77
-95
0
-70
-93
213
111
49
40
-71
11
-117
-162
61
87
76
12
-87
51
46
-12
88
8
181
233
-120
35
28
-140
103
20
-18
50
-95
-75
-91
-54
4
40
50
-148
-181
-66
36
-19
-56
-83
-124
86
0
-81
63
73
9
-17
11
78
134
-50
24
104
-69
-43
0
66
35
52
41
-81
37
64
-10
50
17
-68
61
188
-2
-69
-48
-91
41
24
48
67
-41
-96
-71
-32
-17
149
-2
-95
-161
-167
-27
-56
128
-80
42
72
-211
109
56
63
82
-45
0
70
127
2
-27
-24
6
47
21
-64
19
100
-72
-47
-34
1
101
-4
-66
-30
59
8
-118
-78
-23
59
81
42
-58
-48
109
-35
47
150
-52
16
-33
-109
-26
-9
44
8
-29
-50
-25
35
-32
27
120
78
-25
-83
23
46
-10
-57
-49
41
42
-20
-42
-63
-24
27
-94
-37
52
40
46
-115
-138
-22
86
49
6
8
-63
-16
-51
-40
3
93
144
0
-46
-75
118
146
-88
-3
34
6
36
-8
22
10
0
16
-111
43
115
10
50
-76
-9
-44
-13
17
-68
97
-106
1
38
-101
26
-70
71
74
-23
20
39
23
5
1
-79
-12
-2
45
84
31
-84
-111
76
52
20
48
-10
-75
-8
9
-12
99
-36
-90
-67
-51
60
-52
-10
-2
-115
-27
-33
43
85
-49
-19
-24
-30
12
28
106
51
-20
-54
-8
86
-9
-6
9
40
50
-52
43
14
-20
27
-29
35
86
0
-77
-12
10
-7
-9
-22
14
16
1
1
-24
-67
3
46
28
5
-49
38
7
-44
25
8
39
44
18
-6
-33
-6
52
93
-5
-58
0
6
30
1
-36
-5
-35
18
9
15
7
-161
89
22
-138
78
-94
-1
46
-99
11
52
-11
-49
29
-32
4
34
8
-35
-96
32
23
24
-55
-56
45
-24
40
-5
-25
66
19
20
2
0
33
-9
23
3
-49
42
6
-44
22
-11
-32
-2
8
45
-3
-37
37
11
-26
13
26
51
30
-41
-37
21
81
68
-14
-19
31
32
5
-20
15
45
-1
-10
-36
-57
-6
39
37
-69
-26
73
-40
8
-5
-47
50
-62
2
52
-64
-27
-15
23
-11
-31
-17
-28
34
-29
-36
22
-59
-36
23
4
9
-69
-15
76
-21
-32
-7
58
-3
-48
28
30
23
-12
-9
-81
35
72
2
7
-66
52
-77
-2
56
-75
105
43
27
-32
-54
48
29
80
26
-23
-6
30
27
-2
-11
23
80
-18
-39
-5
-28
39
30
-22
-16
-21
1
-10
-26
-17
-7
1
-29
-16
29
37
16
-25
-52
-6
23
-47
-21
26
-25
-21
-17
-1
33
-18
-13
12
1
-6
-26
10
-20
-26
57
-21
-23
53
-7
0
4
-14
-9
-10
32
-22
-33
24
31
-8
-46
29
5
-1
19
-60
-6
30
40
1
-32
65
-32
-21
55
-27
9
-8
3
14
-20
33
15
11
-12
4
34
-15
18
-12
5
55
-4
-14
-24
27
16
9
-2
-53
35
10
-5
-34
-13
78
-24
5
23
-43
15
31
-14
-6
9
-19
15
8
-39
-24
9
20
-53
-13
55
-25
-25
-32
-3
27
-30
-17
-23
3
6
-8
-4
-36
11
16
9
-5
-44
28
12
-5
8
-33
34
24
-33
-37
-17
57
2
-41
16
-2
5
-7
-44
26
20
-16
-1
2
36
-23
-14
57
10
0
0
18
20
0
3
2
36
14
-2
-7
-10
65
16
-41
5
7
32
-12
-37
26
15
22
-18
-31
35
8
-18
-21
24
26
-22
-8
-45
-17
8
-24
-6
-24
11
-10
-41
-18
-40
22
-43
-25
22
-71
20
-6
-20
23
-25
14
-12
4
12
-18
23
19
7
7
2
-2
6
14
7
10
-9
6
24
-10
2
5
7
15
-7
8
5
17
39
7
8
3
10
21
-12
2
16
-11
4
9
-28
2
11
-20
-8
-5
11
-14
2
33
-20
-25
-17
5
12
-18
1
1
17
20
-16
-21
-6
31
7
-17
-6
-9
14
-7
1
13
7
17
-11
5
5
-18
-14
-11
7
7
-17
-21
11
1
-27
-5
-12
-4
6
-24
-21
-18
-9
-4
-11
-12
-9
1
1
1
-13
0
3
20
13
-26
14
26
14
-18
0
22
4
32
-12
12
43
1
16
7
8
9
-4
11
11
15
-10
-11
37
17
0
-2
-7
36
27
-12
-18
1
24
-8
-19
5
6
2
-11
-17
-21
-17
3
5
-5
-22
-11
-2
-20
-13
-12
-5
14
-3
-16
-15
-12
-2
-5
9
0
-23
9
10
-27
-10
2
0
8
-6
5
13
-5
-4
-2
15
12
-4
19
18
-3
-2
8
13
5
4
13
9
-8
-2
3
-2
3
-5
-4
13
-10
-21
8
-1
-6
3
-7
-4
3
6
7
10
1
2
6
4
7
-6
19
11
-5
-6
-11
13
9
-7
-23
4
7
-16
-29
-11
20
-14
15
-10
-19
31
-28
-14
12
0
10
1
-12
0
13
-9
-6
-6
7
6
-11
1
-10
-5
7
-9
0
4
-13
-3
-3
-11
-14
-11
10
-6
1
13
-2
27
1
-18
11
8
16
2
6
15
2
21
-10
-9
22
0
8
7
-11
-1
13
-6
-19
2
5
-1
-17
-23
4
12
-9
-13
12
24
7
-5
-1
15
23
-6
-25
14
33
2
-9
-10
8
16
0
-9
-7
16
-2
-3
-7
-23
-1
3
0
-13
-5
2
-5
-6
-30
-10
10
-9
-11
-5
10
-3
-6
-7
0
17
-14
-2
1
4
-12
-17
16
-17
32
0
-25
37
-18
-3
-1
-11
17
8
6
-11
-1
6
-2
2
2
16
18
1
-14
-10
9
2
-7
-1
4
18
7
-9
-1
4
10
3
0
3
4
12
1
-7
-5
3
5
1
-3
-9
-1
-4
-13
-11
-4
2
2
0
-3
-4
0
5
4
4
5
7
4
0
8
2
4
13
7
12
0
-16
0
6
0
-10
-6
6
1
-7
-20
-22
-3
0
-8
-6
-4
-2
-1
-17
-13
5
3
3
-1
6
4
-6
-8
-3
0
2
-5
0
14
-4
-8
-1
7
17
-10
-2
10
1
9
-16
-1
25
6
8
0
16
15
-4
7
1
18
16
2
11
-1
-1
-3
4
2
-6
13
4
4
-4
-15
11
-1
-10
-10
-5
7
-15
-11
-4
-5
8
-6
-5
1
-2
2
-8
-2
6
-2
-3
-12
-3
4
-5
-3
-6
7
11
0
5
-9
-5
3
-9
0
-9
-7
-1
-5
1
-9
6
4
-2
6
-3
9
2
-4
1
-4
14
3
-4
-3
-11
7
2
-5
-6
-4
14
4
0
-4
0
12
5
3
1
2
7
-1
0
-1
2
8
2
8
1
-8
10
0
2
-1
-10
2
-3
-3
-1
4
-4
-1
5
2
15
-5
2
11
-2
6
-3
0
3
-9
-6
-7
-6
1
-9
-5
1
-8
-2
-7
-8
0
-8
-1
-2
-3
2
-3
0
1
-5
1
0
1
1
-6
0
1
-2
-4
-7
4
3
0
-1
3
10
3
1
0
7
5
-1
-1
0
6
3
0
-1
4
10
4
2
-1
3
4
0
0
-2
-1
1
-1
-4
-4
-1
3
3
0
1
1
-1
-5
-5
0
2
1
0
0
2
1
0
5
1
0
-1
-1
1
-8
-7
-1
1
4
-5
-4
1
-1
0
-7
-5
1
1
-5
-8
-5
-1
3
-8
-1
1
2
6
-12
5
1
2
2
-7
9
1
2
-3
0
6
1
2
-2
6
4
2
1
-3
3
0
2
2
-3
3
0
2
1
-2
5
4
4
1
-3
1
-3
0
1
2
8
3
5
1
-1
1
-6
-2
-1
-2
0
-4
-2
0
1
3
-1
-2
-2
-4
-4
-7
-5
-1
-3
0
-5
-5
-2
-5
-1
-2
-1
3
-2
-1
-5
-5
-2
-3
0
-4
0
1
0
3
-2
2
2
5
2
-1
3
3
5
2
2
5
6
7
5
4
5
4
6
4
3
5
4
6
4
4
4
1
5
-1
0
-1
-3
4
-4
2
0
1
4
-3
0
-3
-2
0
-3
-2
-2
0
1
-2
-4
-3
-2
-4
-5
-7
-4
-3
-6
-9
-9
-7
-5
-6
-5
-6
-6
-4
-2
-2
-1
0
0
1
-1
2
4
1
2
2
2
3
0
1
3
6
7
4
4
5
5
4
0
1
4
4
1
-2
0
4
1
-1
-2
1
2
-1
-4
-2
2
4
2
1
2
4
3
0
-1
0
2
0
-1
-1
-1
-1
-2
-3
-3
-2
-2
-3
-4
-3
-2
-3
-3
-4
-3
-1
-1
-1
-2
0
1
-1
-1
-2
0
0
2
1
1
5
6
2
2
7
6
0
3
7
2
-3
1
1
-2
-4
-3
-3
-1
-2
-3
-2
0
0
0
-1
2
2
3
1
1
2
3
4
5
5
4
5
5
3
3
3
2
2
2
1
0
-1
-2
-2
-1
-1
0
1
0
0
-1
-3
-4
-5
-5
-3
-2
-1
-3
-2
-1
-2
-3
-3
-2
-1
0
-1
0
0
0
-1
0
0
-1
-2
-2
-1
-1
-3
-4
-4
-2
-2
-2
-1
