SAMPLES:	12170
BITSPERSAMPLE:	16
CHANNELS:	1
SAMPLERATE:	16000
NORMALIZED:	FALSE
0
0
0
0
0
0
0
-1
-1
-1
-1
0
-1
0
0
0
0
0
0
-1
-1
0
-1
0
0
0
-1
0
0
0
0
0
0
0
1
0
0
0
0
0
0
0
0
0
0
1
1
0
0
0
0
0
0
0
0
0
0
0
1
0
0
0
0
0
1
1
0
0
0
0
0
-1
0
0
0
0
0
1
1
0
0
1
0
0
0
1
0
1
1
0
1
1
0
0
0
0
1
0
0
0
0
0
1
0
1
1
-1
0
0
0
0
0
0
0
0
0
-1
0
1
0
0
1
0
0
0
1
0
0
0
-1
-1
0
0
0
0
0
0
0
0
-1
1
0
0
0
-1
-1
0
0
0
0
0
0
0
0
0
0
-1
0
0
0
0
0
0
0
0
0
-1
0
1
0
0
1
0
-1
0
-1
-1
0
0
0
0
1
0
0
0
0
0
0
0
0
1
1
0
1
-1
0
0
0
0
0
0
0
0
0
0
0
0
1
0
0
0
0
0
0
0
0
0
0
0
0
0
0
0
-1
1
0
1
0
0
1
0
0
0
0
0
1
-1
0
0
0
0
1
1
0
0
0
0
0
0
0
1
0
0
1
-1
-1
0
0
0
0
0
0
0
0
0
0
0
-1
0
0
0
0
0
0
0
0
1
0
-1
-1
0
0
0
-1
0
0
0
0
0
-1
0
0
0
0
-1
0
0
0
0
0
0
0
0
0
0
0
0
0
0
-1
0
0
0
0
0
0
0
0
0
1
0
-1
0
0
0
0
0
0
0
0
1
0
0
0
0
0
0
0
0
0
0
0
0
0
0
0
0
0
0
0
0
0
0
0
0
1
0
0
0
0
0
0
0
1
0
0
0
1
1
0
0
0
-1
1
1
0
0
0
0
0
0
0
0
0
0
0
0
0
0
0
0
0
-1
0
0
0
0
0
0
0
0
0
0
-1
-1
-1
0
0
0
0
0
0
0
1
0
0
0
0
0
0
1
0
1
0
0
0
0
0
0
1
-1
0
1
-1
0
0
0
0
0
0
0
-1
0
0
0
-1
0
-1
0
0
0
0
0
-1
0
0
0
0
0
0
-1
0
0
0
0
0
-1
0
0
-1
-1
0
0
-1
0
0
1
0
0
0
0
0
-1
0
0
0
0
-1
0
0
0
0
1
0
1
0
0
1
-1
1
0
0
0
0
-1
0
0
0
-1
0
-1
0
0
0
-1
0
0
0
0
1
0
0
0
0
0
0
1
0
1
0
0
0
0
0
0
1
0
0
0
1
1
0
0
0
0
0
0
0
0
-1
1
0
0
0
0
0
0
0
1
0
0
-1
0
0
0
-1
-1
0
0
1
0
-1
0
0
0
0
0
0
-1
-1
0
0
-1
1
0
1
0
0
0
0
0
0
1
0
0
0
0
0
0
0
0
0
1
-1
-1
0
0
0
0
-1
0
0
0
0
0
0
0
0
0
0
-1
0
0
0
0
0
-1
0
0
0
0
0
0
0
0
1
0
0
-1
1
0
0
-1
-1
0
0
0
1
-1
0
0
0
-1
1
0
0
0
1
-1
0
0
0
0
0
0
0
0
0
0
0
-1
0
0
0
0
0
0
0
0
0
0
1
-1
0
0
-1
1
0
0
0
0
0
0
0
0
0
0
0
0
0
0
-1
0
0
0
0
0
0
0
-1
0
0
0
-1
0
0
-1
-1
0
0
0
0
0
1
1
-1
0
-1
0
0
0
0
0
0
0
0
1
0
0
0
1
-1
1
0
0
1
0
0
0
1
0
1
1
0
0
1
0
0
0
1
0
1
1
1
0
0
0
0
1
1
0
0
0
1
-1
-1
1
0
0
0
-1
0
0
1
0
0
1
1
2
1
1
2
1
1
0
0
1
2
3
2
0
-1
-1
0
-1
0
0
0
-1
-3
-1
-2
-3
-3
-2
-1
-1
-1
-1
-1
-1
-1
-1
1
0
1
0
2
1
-2
-3
-2
1
0
-3
-2
0
2
-3
-6
-4
-3
-2
-4
-2
1
0
-3
-5
-3
0
-1
-4
-3
-2
0
-1
-2
-2
-1
-1
1
2
3
3
2
1
0
-3
-4
-2
2
3
0
-1
0
2
1
2
1
1
2
0
0
2
2
-1
-1
-1
0
-2
-4
-1
4
4
2
-2
-1
-2
-3
-3
-1
3
4
1
0
1
4
2
2
2
5
6
6
8
11
12
12
11
12
12
11
14
20
21
14
12
17
18
14
15
24
27
17
8
10
16
16
7
3
9
13
3
-9
-8
-2
2
-3
-3
2
7
5
-6
-10
2
9
-1
-18
-22
-10
-8
-18
-26
-22
-11
-6
-7
-7
-10
-12
-19
-22
-10
1
-10
-31
-34
-21
-21
-36
-40
-26
-23
-38
-67
-73
-55
-43
-47
-54
-48
-46
-61
-66
-43
-13
-10
-33
-43
-35
-34
-30
-14
6
-4
-35
-46
-25
-16
-11
8
29
21
-8
-21
0
26
36
50
63
59
35
25
47
81
89
80
79
81
51
22
38
89
117
76
35
46
78
53
10
33
74
64
29
41
67
79
42
16
64
98
52
34
74
95
58
8
25
51
37
14
39
71
35
-70
-121
-58
6
-22
-119
-159
-114
-88
-150
-215
-195
-121
-114
-198
-244
-192
-136
-168
-228
-201
-127
-125
-196
-233
-172
-95
-105
-157
-150
-116
-132
-194
-177
-80
-38
-103
-166
-134
-50
-22
-49
-34
14
18
-48
-88
-49
3
16
14
16
-5
-45
-58
-7
72
97
66
32
32
44
69
111
134
131
115
118
136
149
147
189
255
265
214
206
272
306
326
350
389
410
421
424
450
507
558
553
572
630
593
500
502
661
723
607
503
559
696
663
462
427
754
918
516
73
240
650
567
-49
-317
74
362
-133
-857
-849
-278
-123
-736
-1245
-1065
-714
-829
-1222
-1292
-988
-856
-1092
-1337
-1235
-928
-782
-889
-1001
-954
-827
-718
-639
-556
-482
-411
-306
-198
-158
-112
40
219
292
261
251
340
438
412
333
352
427
465
424
284
140
33
14
64
32
-143
-314
-388
-412
-496
-599
-575
-476
-523
-732
-838
-707
-531
-535
-624
-588
-457
-384
-368
-286
-108
43
123
192
315
463
633
794
887
942
1027
1144
1240
1308
1362
1468
1562
1614
1630
1584
1597
1649
1668
1653
1607
1503
1423
1423
1386
1276
1172
1125
1093
936
711
604
618
562
233
37
198
238
-347
-882
-714
-296
-458
-1312
-1721
-1212
-853
-1547
-2417
-2191
-1365
-1468
-2489
-2929
-2250
-1679
-2041
-2672
-2518
-1819
-1667
-2118
-2288
-1776
-1258
-1280
-1489
-1350
-963
-701
-666
-558
-273
-15
68
159
354
514
558
688
967
1128
1035
944
1054
1133
1045
908
922
1058
922
501
235
347
407
92
-302
-493
-482
-551
-807
-1159
-1397
-1159
-1035
-1531
-1850
-1616
-1420
-1616
-1696
-1546
-1469
-1429
-1275
-1084
-1015
-840
-528
-333
-163
115
336
489
758
1090
1270
1407
1634
1904
2066
2175
2336
2429
2505
2605
2706
2746
2701
2764
2848
2847
2682
2552
2595
2644
2576
2414
2266
2215
2115
1921
1840
1775
1539
1311
1275
1200
623
23
79
471
360
-499
-1191
-1036
-600
-1039
-2016
-2209
-1591
-1402
-2281
-3131
-2912
-2307
-2339
-2930
-3158
-2730
-2413
-2711
-3061
-2828
-2284
-2051
-2167
-2163
-1895
-1647
-1462
-1255
-952
-655
-464
-266
13
244
381
570
909
1169
1159
1133
1368
1649
1623
1421
1406
1593
1617
1290
971
903
964
787
368
15
-93
-171
-421
-696
-898
-1033
-1183
-1433
-1609
-1629
-1625
-1718
-1859
-1936
-1925
-1917
-1898
-1723
-1494
-1403
-1384
-1241
-921
-603
-426
-225
68
368
542
711
1024
1410
1637
1763
1947
2147
2393
2546
2603
2658
2812
2989
3113
3092
2996
3082
3165
3174
2974
2868
2909
2921
2710
2490
2512
2364
2199
1921
1723
1652
1486
1345
939
322
147
309
346
-268
-1098
-1310
-926
-1021
-1951
-2537
-2284
-1922
-2393
-3363
-3488
-3030
-2847
-3247
-3666
-3475
-3112
-3140
-3456
-3385
-2982
-2586
-2503
-2544
-2352
-2121
-1882
-1669
-1390
-1050
-772
-573
-344
-119
169
472
800
1027
1152
1230
1436
1654
1631
1624
1662
1807
1801
1506
1322
1293
1345
1182
888
625
457
314
83
-156
-301
-401
-541
-758
-1003
-1173
-1215
-1219
-1314
-1431
-1483
-1417
-1427
-1423
-1271
-1147
-1093
-1045
-894
-701
-558
-402
-146
142
333
473
635
924
1166
1245
1392
1595
1776
1906
1964
2045
2157
2231
2317
2378
2301
2281
2440
2437
2326
2290
2273
2353
2368
2144
1959
2025
1977
1867
1716
1568
1794
1494
595
294
635
980
634
-524
-1052
-443
-264
-1211
-2079
-1943
-1156
-1383
-2705
-3174
-2677
-2258
-2625
-3397
-3402
-2892
-2923
-3376
-3480
-3054
-2641
-2711
-2837
-2543
-2341
-2165
-1931
-1595
-1208
-1072
-999
-688
-292
39
211
370
746
1025
1045
1117
1403
1813
1856
1571
1624
1896
2057
1751
1351
1470
1757
1574
989
671
740
766
337
-133
-209
-335
-647
-1056
-1261
-1268
-1503
-1727
-1753
-1809
-2012
-2159
-2051
-1818
-1875
-2024
-1799
-1459
-1364
-1414
-1262
-827
-572
-490
-368
-37
287
425
551
893
1239
1421
1621
1787
2016
2073
2186
2544
2713
2738
2801
2955
3157
3127
3042
3021
3190
3289
3210
3212
3172
2963
2378
2657
3056
2976
2564
1910
1598
1468
1377
1093
1014
500
-27
-352
-686
-912
-1408
-1658
-1578
-1722
-2501
-3123
-3184
-2976
-2957
-3335
-3584
-3580
-3635
-3803
-3851
-3674
-3294
-3124
-3141
-3221
-3113
-2776
-2384
-2004
-1722
-1427
-1240
-920
-701
-438
-96
384
824
1078
1158
1209
1372
1691
2129
2196
1955
1918
1996
2100
1909
1621
1563
1635
1518
1013
521
244
164
15
-249
-529
-947
-1232
-1391
-1589
-1863
-2087
-2093
-2049
-2204
-2528
-2600
-2396
-2144
-2108
-2213
-2102
-1846
-1674
-1607
-1435
-1018
-599
-384
-254
-42
324
706
1085
1343
1591
1839
2086
2304
2553
2815
2946
3081
3218
3369
3433
3463
3593
3707
3746
3604
3535
3708
3925
3747
3258
3220
3499
3402
2975
2777
2766
2817
2584
1681
912
1025
1401
1393
333
-693
-731
-434
-830
-1765
-2329
-2174
-1809
-2500
-3415
-3610
-3342
-3150
-3518
-3972
-3985
-3847
-3871
-3839
-3857
-3713
-3483
-3300
-3077
-2954
-2912
-2620
-2128
-1614
-1334
-1396
-1164
-619
-92
146
254
516
964
1180
1222
1282
1462
1902
2146
1905
1534
1552
1761
1943
1536
1042
850
917
779
191
-259
-528
-600
-848
-1224
-1724
-2113
-2333
-2324
-2308
-2675
-3042
-3116
-2898
-2826
-2966
-2904
-2519
-2253
-2179
-2083
-1817
-1393
-958
-589
-218
110
322
665
1106
1544
1837
2158
2523
2783
2933
3084
3404
3738
3875
3938
4007
4223
4429
4316
4328
4448
4540
4421
4473
4368
4277
4269
4210
4132
3777
3657
3541
3317
3029
2772
2351
2349
2348
1355
362
282
575
651
-298
-1443
-1802
-1677
-1707
-2480
-3469
-3458
-2905
-3390
-4412
-4894
-4767
-4392
-4511
-4808
-4937
-4955
-4877
-4754
-4549
-4311
-4180
-4001
-3474
-3148
-3161
-3128
-2558
-1656
-1150
-1244
-1166
-765
-130
310
441
722
1158
1541
1715
1716
1756
2013
2254
2493
2367
2035
1851
1935
2130
1914
1361
939
873
669
252
-304
-638
-759
-1044
-1441
-1833
-2240
-2462
-2602
-2775
-2767
-2998
-3179
-3114
-3016
-2907
-2792
-2606
-2266
-1913
-1662
-1380
-1142
-690
-97
333
624
932
1340
1850
2253
2559
2832
3117
3419
3631
3819
4023
4162
4167
4331
4464
4458
4370
4303
4436
4309
4371
4239
3856
3607
3628
3777
3591
3253
2956
2915
2787
2830
2218
1644
1869
2322
2242
797
-693
-376
594
706
-889
-2384
-2266
-1386
-2053
-3570
-4018
-3670
-3159
-3810
-4673
-4928
-4962
-4704
-4407
-4356
-4501
-4810
-4748
-4043
-3483
-3606
-3708
-3395
-2460
-1994
-2212
-2097
-1470
-567
52
11
-6
433
1045
1521
1727
1780
2137
2401
2585
2688
2510
2399
2479
2675
2781
2385
1812
1526
1389
1387
1146
503
-62
-464
-814
-1158
-1612
-1985
-2322
-2653
-2933
-3315
-3730
-3901
-3863
-3831
-3836
-3991
-4112
-4006
-3723
-3416
-3220
-2953
-2577
-2253
-1930
-1597
-1206
-708
-267
114
431
779
1243
1681
1976
2273
2550
2756
2954
3154
3387
3429
3467
3482
3587
3649
3528
3326
3264
3289
3239
3038
2684
2716
2758
2778
2588
2283
2151
2238
1903
1883
1847
1971
1822
1479
1270
1361
852
-137
-205
-22
605
-328
-1713
-2031
-1617
-1765
-2724
-3337
-3116
-2575
-3255
-3996
-4112
-4022
-3874
-4070
-3922
-3416
-3376
-3602
-3411
-2737
-2080
-1937
-1872
-1240
-482
-157
92
524
1388
1966
2116
2338
2699
3130
3476
3729
4077
4375
4388
4423
4404
4486
4412
4200
4119
4129
3923
3450
2863
2437
1960
1594
1128
580
22
-593
-1232
-1857
-2282
-2809
-3131
-3445
-3728
-3997
-4372
-4623
-4708
-4612
-4392
-4280
-4323
-4176
-3882
-3592
-3227
-2890
-2481
-2125
-1721
-1193
-833
-535
-97
491
960
1290
1511
1809
2169
2401
2660
2907
3106
3114
3220
3313
3421
3319
3198
3177
3225
3109
2979
3020
2804
2751
2703
2869
2843
2502
2104
2307
2412
2261
2156
2138
2412
2372
1748
1460
1623
877
295
-125
191
446
-663
-1923
-2357
-2328
-2746
-3365
-4097
-3957
-4053
-4798
-5304
-5524
-5586
-5614
-5568
-5168
-4866
-5059
-5065
-4664
-4052
-3541
-3220
-2833
-2153
-1716
-1284
-943
-442
205
731
1233
1558
1773
2025
2483
2873
3157
3182
3179
3102
3041
2949
2818
2597
2425
2113
1752
1122
190
-258
-662
-1215
-1891
-2476
-2896
-3337
-4190
-4852
-5162
-5305
-5439
-5581
-5447
-5256
-5374
-5502
-5046
-4368
-3898
-3722
-3306
-2547
-1895
-1462
-924
-10
759
1277
1712
2200
2733
3217
3710
4301
4787
4947
5066
5156
5173
5203
5313
5506
5722
5481
5276
5136
4916
4961
4896
4607
4516
4392
4240
4302
4215
4450
4376
4245
4135
4403
4022
3741
3889
4100
4811
4183
3360
3202
3102
2161
980
521
1269
1673
-156
-2151
-2858
-2782
-3045
-4444
-5246
-4973
-5294
-6527
-7349
-7422
-7272
-7403
-7681
-6999
-6410
-6611
-7046
-6761
-5446
-4362
-3969
-3608
-2831
-1958
-1331
-828
142
1219
1893
2408
2792
3264
3649
3805
4088
4547
4781
4666
4237
3867
3635
3386
3067
2602
2045
1457
831
-71
-1023
-1524
-1620
-2036
-3158
-3999
-4375
-4563
-5239
-5874
-5892
-5727
-5675
-5721
-5481
-5229
-5203
-4974
-4238
-3450
-3116
-2789
-2061
-1116
-518
-137
489
1141
1576
1951
2455
2968
3203
3300
3600
4068
4344
4422
4235
4120
4137
4131
4044
4083
4074
3883
3543
3109
3086
3076
2881
2631
2627
2846
3085
3000
3046
3183
3376
3418
3302
3368
3566
4011
4212
4110
3701
3461
2421
924
-67
74
1105
680
-1359
-3455
-4394
-4565
-4960
-5728
-6040
-6141
-6817
-7535
-7873
-7882
-7764
-7757
-7001
-5764
-5159
-5270
-5319
-4517
-2993
-1643
-661
219
847
1563
2277
3086
4052
4790
5305
5740
5979
6143
6035
5708
5517
5360
5184
4617
3663
2795
2124
1486
897
136
-740
-1730
-2696
-3232
-4130
-4923
-5394
-5854
-6377
-7270
-7560
-7375
-7402
-7699
-7514
-6896
-6381
-6206
-5952
-5126
-4383
-3732
-2808
-1738
-1011
-714
-234
608
1480
1903
2184
2456
2715
2850
3038
3245
3327
3336
3455
3688
3774
3539
3032
2590
2514
2822
3205
3004
2548
2131
2284
2871
2892
2772
2737
3408
3984
4328
4614
5089
5394
5306
5672
6474
7080
7026
6671
6616
7145
7282
6261
3809
1164
108
849
1519
10
-2990
-5293
-6089
-6820
-8009
-8746
-8885
-9180
-9848
-9946
-9386
-9369
-10117
-9973
-7985
-5478
-4349
-4457
-4220
-2996
-1311
419
2055
3319
3974
4394
5189
6204
6809
6811
6680
6886
7119
6953
6196
5072
4083
3438
2871
2101
870
-630
-1937
-2750
-3282
-3874
-4765
-5658
-6374
-6570
-6577
-7164
-7695
-8075
-7400
-6502
-5991
-5723
-5723
-5298
-4627
-3550
-2545
-1809
-1421
-799
185
952
1455
1486
1611
1833
2083
2361
2364
2143
1903
1918
2110
2096
1695
1313
1291
1718
2267
2633
2699
2245
1694
1688
2363
3123
3333
3484
3783
4396
4617
4641
4905
5434
6178
6524
7244
7555
7615
7470
7563
8162
8383
8112
7646
7616
7669
7482
6306
3570
-187
-3305
-3787
-2434
-2486
-4960
-8299
-10379
-11237
-12076
-12766
-12501
-11892
-11533
-11226
-10500
-9814
-9702
-9464
-7493
-4147
-1159
276
675
1246
2365
3885
5708
7494
8633
8861
8694
8588
8405
7747
6730
5871
5434
5025
3969
2134
-64
-1979
-3211
-3915
-4539
-5481
-6632
-7599
-8234
-8475
-8484
-8465
-8327
-7757
-6640
-6085
-5980
-5855
-4768
-3081
-1834
-1045
-832
-424
61
784
1601
2132
2303
2231
2423
2495
2282
1666
1088
841
762
552
-36
-661
-1070
-1060
-913
-779
-706
-736
-598
-107
824
1723
2179
2283
2443
3060
4007
4916
5541
5868
6244
6767
7274
7378
7457
7672
8095
8748
8945
9134
8555
7684
7367
7425
8087
7498
6435
5397
5164
3922
8
-4500
-6969
-5881
-4869
-5828
-8431
-10705
-12236
-14049
-15063
-14348
-12535
-11583
-11281
-10225
-8436
-7385
-7490
-6682
-3736
263
3311
4822
5630
5977
6164
6542
7794
9224
9835
9262
8236
7202
5908
4163
2245
832
20
-593
-1699
-3535
-5753
-7694
-8823
-9090
-8799
-8381
-8259
-8443
-8467
-7819
-6776
-5825
-4898
-3431
-1426
-224
-123
-49
1073
2556
3138
3317
3474
3337
2436
1530
1509
1523
810
-276
-736
-812
-1370
-2560
-3431
-3637
-3458
-3118
-2778
-2541
-2577
-2599
-2115
-1048
208
1142
1952
2946
4147
5114
5592
5795
6230
6983
7810
8625
9165
9235
8823
8672
8457
8131
7848
8056
8561
8350
7666
6986
6391
5711
4759
4727
4803
4212
3284
2680
2405
-673
-5697
-9360
-8809
-6225
-5728
-7402
-9190
-10139
-11626
-13025
-12765
-10748
-8717
-7618
-5960
-3856
-2705
-3341
-3779
-1922
1656
4888
6722
7518
7525
6935
6241
6268
6868
7048
6446
5434
4378
2931
839
-1575
-3619
-4730
-4978
-4905
-5305
-6497
-8060
-9072
-9288
-8786
-7781
-6559
-5630
-5007
-4227
-3039
-1961
-1304
-579
868
2598
3017
2276
1691
2194
2863
2308
921
-773
-1895
-2669
-2937
-3036
-3595
-4442
-5274
-5368
-5172
-5081
-5300
-5297
-4477
-3018
-1790
-1398
-1295
-899
53
1355
2825
4048
4617
4957
5673
6822
7550
7396
6972
7117
7585
7762
7661
7774
7767
7071
5872
5292
5761
6224
6297
6230
6624
6950
6662
6125
5866
6264
6257
5810
5507
5826
5617
1880
-3855
-8114
-7817
-5645
-5419
-7226
-9042
-10063
-11682
-13419
-13695
-12053
-10351
-9148
-7073
-4011
-1914
-2411
-3556
-2506
874
4446
6780
8082
8499
7935
6779
6156
6254
6207
5501
4482
3683
2781
1030
-1556
-4217
-5904
-6259
-5937
-5926
-6540
-7448
-8111
-8307
-7825
-6730
-5338
-4005
-2737
-1193
396
1621
2057
2336
3311
4828
5783
5023
3490
2401
2149
1647
-189
-2516
-4224
-4721
-4953
-5721
-6660
-7433
-7793
-7726
-6857
-5578
-4756
-4509
-3771
-2168
-673
6
204
979
2238
3588
4858
5748
6073
5920
6276
7236
8087
8125
7312
6671
6735
7130
7343
7096
6395
5462
4340
4078
4622
4993
5065
4892
5623
6411
6516
6420
6307
6355
5739
5447
6149
6904
4840
-828
-6809
-9641
-8522
-7464
-8079
-9654
-10750
-11844
-13616
-14847
-14330
-12737
-11028
-8596
-4903
-1326
-193
-1361
-2053
-303
3150
6492
8640
9739
9811
8998
7579
6165
5002
4028
2906
1807
975
189
-1378
-4112
-7043
-8865
-9173
-8770
-8303
-7824
-7297
-6805
-6290
-5187
-3733
-2197
-786
905
3035
4916
6037
6232
5898
5725
5802
6011
5674
4141
2122
246
-847
-2826
-5783
-7965
-8396
-7952
-8712
-9525
-9531
-8973
-8605
-7743
-5769
-3846
-2556
-1387
383
1936
2544
2684
3113
4033
4975
5583
5743
5630
5377
5222
5317
5617
5605
4741
3860
3628
4100
4282
3974
3466
3022
2870
3350
4417
5244
5856
6303
7398
8303
9033
9485
9425
8588
7453
7578
8651
8034
3129
-3670
-8381
-8844
-7978
-8600
-10293
-11612
-12717
-14361
-15814
-15504
-14070
-12641
-10729
-6912
-2022
1231
1515
1060
2419
5299
8432
10809
12425
12834
12063
10631
9055
7153
4732
2190
55
-1311
-2508
-4047
-6239
-8649
-10513
-11132
-10614
-9616
-8561
-7374
-5788
-4010
-2213
-569
962
2169
3416
5003
6772
7979
8085
7550
7044
6529
5710
4285
2619
621
-1804
-3853
-5225
-6591
-8870
-11133
-11933
-11354
-11044
-11047
-10485
-8979
-7204
-5322
-3019
-897
366
1159
2391
4023
5015
5019
4588
4413
4335
3994
3471
2966
2710
2581
2867
3419
3506
2735
1837
1798
2676
3541
4239
4723
4960
4996
5439
6492
7695
8137
8575
9174
9918
10587
10255
9035
6775
5596
6095
6277
2421
-4526
-10168
-11453
-10727
-11122
-12084
-12554
-12800
-14040
-15159
-14371
-12458
-10998
-9525
-6116
-1166
2632
3621
3453
4302
6278
8480
10242
11510
11868
10940
9254
7465
5616
3119
48
-2801
-4497
-5086
-5627
-7006
-9095
-10681
-11009
-10263
-9260
-7851
-5922
-3647
-1612
233
2132
3693
4615
5320
6613
8222
9289
9004
7844
6568
5555
4527
3036
822
-2243
-5379
-7756
-8981
-9540
-10371
-11428
-12432
-12491
-11549
-10319
-9278
-7964
-5681
-2885
-407
1553
2938
3577
3877
4589
5810
6483
6099
5187
4449
4135
3982
3652
3099
2679
2943
3379
3236
2430
1711
1506
2037
3236
4473
5428
5406
5718
6569
7661
8949
10007
11406
12557
13637
14279
14057
12105
9292
7388
6958
5746
547
-6728
-12158
-13515
-13438
-14316
-15323
-15399
-15265
-15921
-16063
-14472
-11782
-9546
-7102
-2863
2329
6032
7138
7239
8092
9520
10615
11018
11078
10619
9346
7252
4682
1798
-1527
-4975
-7894
-9473
-9967
-10312
-11210
-12335
-12799
-12148
-10693
-8959
-6791
-4168
-1258
1360
3460
5147
6468
7401
8063
8719
9184
9189
8375
6832
4968
3032
1089
-1208
-4065
-7167
-10043
-12229
-13521
-13739
-13323
-12878
-12284
-11356
-9874
-8059
-5957
-3549
-1103
1292
3415
5144
6130
6372
6077
5557
5201
5004
4526
3627
2693
2090
1709
1331
1147
1394
2132
2815
3063
3032
3156
3680
4527
5475
6366
7308
7839
8189
8738
9730
11062
12102
12755
13251
14043
14460
13039
9911
7456
6966
5937
595
-7366
-13135
-14152
-13720
-14478
-15552
-15342
-14975
-15908
-16424
-14444
-10911
-8343
-6290
-2352
3366
7704
8804
8549
9274
10847
11805
11843
11635
11065
9537
7172
4596
1778
-1650
-5514
-8674
-10240
-10390
-10280
-10745
-11709
-12248
-11843
-10666
-9022
-6826
-3948
-852
1976
4419
6437
7603
7914
7926
8349
9068
9325
8587
7014
5154
3191
934
-1897
-4730
-7189
-9490
-11663
-12974
-12931
-12500
-12429
-12335
-11383
-9987
-8432
-6360
-3708
-1097
1052
3090
4806
5736
5792
5565
5324
5166
5000
4501
3503
2254
1186
300
-355
-517
-45
714
1443
1724
1802
2019
2699
3652
4422
5365
6425
7672
8425
8980
9653
10595
11721
12650
13462
13798
14045
13425
11335
8416
6643
5941
2425
-5413
-13377
-16428
-15530
-15367
-16898
-17500
-16498
-16097
-16764
-16147
-13244
-9866
-7437
-3976
1757
7678
10339
10038
9930
11282
12468
12303
11703
11313
10353
8078
5082
1922
-1812
-6249
-10240
-12461
-12842
-12402
-12216
-12654
-13038
-12522
-10997
-8970
-6668
-3851
-482
2831
5673
7954
9453
9921
9686
9551
9801
9935
9276
7645
5520
3313
1022
-1684
-5084
-9003
-12805
-14986
-14854
-13470
-12642
-12744
-12423
-11156
-9533
-7788
-5353
-2285
749
3544
6193
7984
8047
6914
5889
5547
5455
5107
4281
3116
1905
802
-258
-1220
-1624
-1112
167
1494
2144
2050
1823
2359
3836
5507
6782
7845
9049
10256
11149
11900
12570
13095
13398
13664
14076
14067
13103
11051
9003
7541
5171
-558
-8653
-14752
-16086
-15042
-15019
-15745
-15735
-15364
-15961
-16687
-15743
-13161
-10327
-7215
-2564
3257
7672
8847
8250
8404
9759
10982
11517
11908
12042
11049
8759
5776
2400
-1563
-5814
-9102
-10559
-10577
-10432
-10956
-11992
-12740
-12588
-11515
-9671
-7120
-3910
-469
2706
5436
7553
8778
9176
9358
9914
10754
11141
10541
9092
7134
4843
2376
-117
-3060
-7136
-11171
-12888
-12062
-11186
-12208
-14020
-14850
-14133
-12148
-9241
-6206
-3550
-896
2011
4560
5954
6100
5657
5752
6986
8362
8299
6733
4684
2867
1475
688
311
-10
-1
753
1436
1041
100
-337
-40
697
2059
3775
5176
5909
6669
7503
8318
9127
9827
11037
12263
13305
13411
13185
12728
11117
8507
5775
2294
-4272
-12246
-16768
-16003
-14493
-15606
-17441
-17685
-17474
-18566
-19226
-17081
-13036
-9265
-5764
-959
4572
7788
7963
7743
9313
11447
12536
12917
13386
13120
11294
8660
6008
3080
-656
-4287
-6577
-7370
-7659
-8414
-9600
-10706
-11087
-10770
-9865
-8301
-6094
-3334
-398
2451
4965
6917
8172
9116
10079
11043
11565
11451
10871
9923
8506
6497
4253
1934
-1171
-5644
-9468
-10893
-11171
-12807
-15237
-15884
-14885
-13710
-12274
-9874
-7422
-5322
-2823
30
2171
3201
3935
4653
5517
6396
6530
5407
3862
2812
2042
1250
804
733
853
1400
1983
1355
-218
-1049
-746
-203
457
1723
3001
3432
3773
4692
5580
6048
6686
8140
10031
11866
12816
12818
12484
12559
12549
11711
9998
5934
-867
-7982
-11530
-11511
-12025
-13873
-15138
-14957
-15366
-16858
-17649
-16679
-14670
-12211
-8179
-2637
2547
5156
5877
6976
8883
10327
10797
11367
12562
13326
12890
11525
9384
6049
1832
-1840
-3935
-4809
-5646
-6798
-8010
-9007
-9838
-10653
-11312
-11312
-9999
-7396
-4207
-1194
1230
2650
3308
3920
5032
6252
7082
7664
8270
8581
8033
6803
5031
2548
-1563
-5855
-7688
-7095
-6984
-9783
-12714
-13624
-13277
-13212
-12850
-11047
-8750
-6130
-2885
291
1690
1421
1320
2420
4333
5859
6298
5716
5039
4716
4216
3415
2683
2460
2981
4184
5020
4342
2770
1662
1608
2165
3247
4443
4793
4807
5423
6075
5902
5528
6172
7646
8921
10034
10861
10990
10525
10129
10286
11241
11614
9283
3844
-2304
-6229
-8416
-9982
-10892
-11110
-11442
-12430
-13528
-14389
-15349
-15912
-14807
-11606
-7181
-3275
-734
791
2100
3178
4017
5046
6517
7998
8969
9723
10103
9270
6864
3735
1040
-785
-1997
-2859
-3559
-4470
-5640
-7098
-8461
-9534
-10151
-9813
-8389
-6203
-3975
-2180
-774
383
1370
2335
3312
4516
5888
7252
8217
8542
8041
6566
4361
1528
-1308
-4393
-6709
-7584
-7471
-7484
-8553
-9597
-10111
-10430
-9888
-8819
-6699
-4454
-2099
475
1653
2281
2101
2431
2969
3827
4582
5115
5409
5246
4909
4212
3622
3445
3549
3621
3302
2674
2205
1852
1760
1652
1734
2047
2166
2368
2645
2999
3040
3269
4294
5454
6344
6878
7691
8045
7666
6985
7003
7531
7933
8374
9335
9972
6223
-1239
-7572
-8836
-7682
-8596
-9834
-9330
-8700
-10170
-12378
-13030
-13265
-14180
-13368
-8994
-3599
-670
-510
-239
1136
2037
2291
3282
5493
7372
8274
9418
10403
9213
5861
2931
1837
1397
657
54
-239
-945
-2274
-3708
-5157
-6621
-7623
-7431
-6009
-4200
-2785
-2120
-2003
-1838
-1477
-682
506
1965
3230
3831
3918
3503
2563
859
-1180
-2419
-2280
-1649
-1742
-2510
-3241
-4117
-5263
-5965
-5643
-5009
-4484
-3502
-2083
-1294
-1622
-2242
-2425
-1881
-948
115
966
1661
2149
2422
2859
3610
4175
4318
4715
5400
5523
4748
4086
3981
3828
3507
3353
3127
2501
1885
1948
2253
2381
2540
2958
3548
3737
3646
3369
3310
3635
4054
4661
5529
6373
6758
7182
7660
6228
2015
-2374
-3858
-3465
-3723
-4297
-4070
-4221
-6549
-9803
-11553
-11734
-11577
-10766
-8316
-5072
-3259
-3304
-3520
-3063
-2680
-2326
-797
1957
4057
4743
5012
5193
4408
2924
2155
2385
2612
2553
2787
2906
1897
20
-1565
-2400
-2904
-3067
-2679
-2158
-2050
-2258
-2402
-2523
-2688
-2506
-1694
-636
10
189
59
-358
-888
-1263
-1245
-1022
-725
-478
-593
-1140
-1863
-2456
-2804
-2960
-2894
-2731
-2553
-2400
-2336
-2378
-2391
-2211
-1922
-1485
-832
-214
80
144
362
784
1267
1853
2583
3295
3733
3854
3668
3309
2961
2772
2862
3042
3130
2940
2630
2331
2009
1661
1503
1763
2186
2597
2837
2954
2946
2841
2843
2888
3071
3474
3955
4251
4217
4149
4264
4402
4442
4692
4990
4485
3164
1939
1155
119
-1247
-1978
-1958
-2157
-2887
-3653
-4259
-4954
-5553
-5546
-5046
-4509
-4005
-3469
-2913
-2537
-2455
-2380
-1949
-1216
-417
416
1198
1648
1641
1499
1354
1087
809
793
875
711
353
-44
-622
-1435
-2148
-2578
-2880
-3072
-3085
-3106
-3352
-3663
-3702
-3681
-3726
-3739
-3526
-3141
-2735
-2285
-2026
-2041
-2197
-2337
-2416
-2331
-2016
-1615
-1358
-1113
-946
-984
-1181
-1323
-1343
-1219
-902
-592
-408
-374
-440
-551
-621
-508
-246
102
560
1002
1346
1548
1739
1947
2149
2332
2444
2426
2464
2584
2627
2545
2486
2511
2585
2692
2772
2816
2707
2526
2386
2372
2476
2555
2608
2664
2741
2801
2797
2799
2749
2609
2362
2158
2136
2221
2251
2093
1956
1968
2002
1946
1932
1984
1848
1513
1268
1166
979
693
457
333
259
65
-196
-307
-502
-775
-983
-1056
-1097
-1161
-1278
-1419
-1489
-1466
-1460
-1620
-1683
-1574
-1611
-1562
-1444
-1375
-1421
-1521
-1423
-1400
-1541
-1617
-1608
-1588
-1514
-1502
-1533
-1530
-1458
-1629
-1605
-1398
-1479
-1641
-1609
-1605
-1694
-1663
-1438
-1580
-1588
-1499
-1655
-1578
-1546
-1476
-1300
-1086
-1001
-1075
-1015
-1134
-946
-808
-657
-280
-223
-43
32
328
462
461
750
815
960
1131
1217
987
977
1327
1397
1535
1458
1213
1099
913
748
559
605
756
865
1187
833
968
588
401
376
416
852
565
964
1045
818
579
603
116
66
418
664
601
740
338
273
70
-49
202
-94
105
-181
426
241
-243
7
-452
-341
-129
-401
-225
109
-243
-451
-281
-498
-1181
-649
-638
-1011
-444
-514
-991
-717
-522
-1275
-888
-626
-582
-858
-324
-365
-714
-549
-511
-427
-19
0
222
522
-46
205
448
438
300
808
746
839
932
580
332
521
319
44
341
400
-77
-439
-18
-437
-1151
-505
-390
-807
-138
-381
-748
-798
-799
-707
-715
-271
-166
-321
-211
-11
-519
-541
-179
-435
-113
617
-190
-214
-215
-89
-789
-698
-86
-300
59
249
28
-588
721
-548
-7
1040
645
330
1063
902
41
637
338
680
783
567
472
438
548
216
657
675
-538
192
694
158
359
541
-186
791
10
756
1248
445
76
695
622
851
798
-483
510
717
48
309
1239
-780
-450
363
-881
302
-242
-157
-555
313
129
-47
497
-653
-235
198
926
-487
973
-232
-571
538
-45
-76
496
717
-441
617
209
-304
-697
686
-20
90
216
478
-1112
452
-38
-460
683
-38
295
389
632
-1285
287
625
-868
637
415
-56
637
89
-1008
38
617
-707
169
884
-637
-291
336
-551
-165
-443
-47
-388
47
-177
-366
-653
153
-1119
92
260
-436
-455
48
-69
-377
-95
94
-488
-84
-115
-304
185
-885
-53
-26
-988
-148
365
-862
-88
-299
-155
-573
-4
-741
-348
332
-843
373
84
-354
-371
38
459
-680
131
-177
-201
471
-759
75
504
-130
-703
175
1304
-1937
369
870
-929
237
-219
-216
-204
173
-241
-142
355
-858
-370
587
-457
-336
-289
808
-480
-165
557
-790
538
427
-75
424
119
37
200
389
304
139
564
-275
1242
8
124
1200
-732
-46
1078
61
-550
946
48
-199
449
277
-689
498
-351
-63
488
-865
414
-617
-348
890
-1267
-146
-655
644
-517
646
644
-1648
371
194
-353
803
-403
56
32
-98
-535
-162
498
-865
267
-78
-226
-600
160
-222
-665
454
-1052
275
167
-104
339
-235
-323
453
137
521
-263
173
400
-249
43
-139
949
-501
-271
1181
-787
-125
286
218
-731
184
272
-383
1028
-13
-634
-378
1545
-1257
-66
1738
-1825
1314
788
-904
627
182
297
-579
945
-778
361
493
-702
42
-153
-432
475
336
-564
338
-561
-496
1019
-448
-470
735
-492
619
-420
682
229
-1180
414
616
29
253
-588
1048
-769
206
600
-1239
1345
-1078
214
756
-1187
24
-669
1049
-660
-422
1021
-1249
440
462
-526
67
103
-50
593
-4
190
-311
111
631
-1187
1145
-67
-514
201
120
267
-724
156
862
-1964
779
907
-2155
950
316
-1295
262
388
-638
-1161
1963
-1564
-393
1143
-1546
1152
-771
342
-85
-551
335
453
-369
-58
-216
906
-819
303
818
-1360
1164
-329
567
-834
704
822
-1483
1679
-454
-386
1406
-648
87
64
887
-1524
1063
1263
-2526
2427
-709
-842
1758
-1675
938
94
-341
-236
462
540
-1057
135
393
-247
592
-677
643
347
-739
405
955
-1131
637
347
-652
538
-108
142
-287
59
-129
-542
764
-498
-522
680
-850
-285
724
-1198
568
-633
-268
962
-890
-436
467
-601
654
120
-1417
466
191
537
-687
613
-589
-558
1362
-160
-1114
773
14
-774
786
58
-724
50
583
-559
-91
493
-160
-5
-1014
1181
578
-1772
1632
-604
-598
1142
176
-923
611
331
-1366
1449
293
-1291
721
-66
49
672
-968
419
453
-885
554
910
-1677
708
1087
-1305
692
344
-590
148
536
-233
-483
1647
-2098
751
1015
-1265
-296
1247
-1011
-189
1271
-1585
288
21
417
-975
1458
-1298
29
988
-702
512
-413
404
-285
568
-733
1336
-738
-573
1007
-110
-191
-75
-283
581
-300
485
-294
-1226
1407
-481
174
-236
261
-977
319
1170
-1188
-157
717
-1181
1011
96
-654
417
-557
712
-555
445
-601
659
-836
744
388
-740
-182
602
-463
61
1040
-1186
231
-47
-89
569
-140
-152
-1272
1769
-359
-92
-83
-452
285
-334
1072
-888
129
75
-518
1019
-184
-645
214
446
-544
-66
1375
-1599
255
1011
-944
579
189
-657
418
550
125
-772
562
310
-466
618
-62
-45
-109
-217
1154
-1015
-81
1304
-1899
1223
-857
296
-102
-102
-12
-845
1022
-826
360
344
-1119
111
745
-1192
1279
-253
-781
1304
-1103
714
-199
562
-1118
944
392
-1750
2677
-1805
37
1451
-1286
491
272
-636
539
-300
-383
810
-885
384
-372
775
-666
-293
591
-758
209
518
-475
88
-328
11
359
-499
611
-731
-627
1711
-1690
916
159
-1028
583
-224
664
-849
970
-1388
635
820
-1139
1025
-105
-411
538
-190
417
-20
256
-532
1323
-1032
-860
1860
-1112
62
609
-429
-1100
1156
-455
-394
1309
-1862
786
140
124
-77
-60
128
-519
1207
-619
147
11
-667
1177
-254
462
-781
262
-272
218
754
-1516
1324
-1404
700
328
-655
80
-95
-714
1182
-293
-440
-282
68
234
397
-303
-113
-435
916
183
-805
1235
-1327
853
-751
1700
-832
-635
551
178
-695
1285
-864
-828
689
662
-1125
648
-36
-1058
1173
-635
1237
-1859
515
176
626
-803
899
-990
-221
1137
-407
686
-643
127
-146
75
-21
363
-364
-121
104
-281
346
297
-720
-532
468
184
-62
-363
755
-1029
343
481
-139
78
-258
872
-723
255
528
-23
-510
390
-20
-367
766
-484
501
-1423
976
-485
-275
1263
-1632
52
195
478
-1112
814
-383
530
-622
867
384
-937
1015
-516
228
852
-539
116
229
135
-23
-249
972
-1262
413
91
-695
-154
325
17
-1044
602
-290
-455
49
-7
-366
927
-1416
626
458
-796
1647
-1485
450
859
-152
-135
577
-296
-326
1148
-557
-385
640
-222
-154
285
-591
399
238
-640
-167
761
-1804
2091
-1377
-322
1312
-1055
356
844
-758
-253
789
-221
-213
550
265
-891
973
-412
29
605
-904
1060
-1180
221
839
-1643
1021
-831
389
-433
269
30
-553
-84
854
-1029
543
-114
293
-443
624
801
-1629
1766
-1063
518
575
-488
-453
1099
-747
-460
1600
-1197
-965
1882
-1700
530
956
-2363
1122
455
-1341
660
1053
-1804
1412
376
-1535
1624
323
-2184
2682
-690
-1269
1791
-695
-743
1469
-1054
44
22
-280
162
-372
-458
28
311
-135
88
-85
-391
137
588
-708
1382
-796
-474
565
704
-302
378
-178
-138
544
-555
602
-580
313
-396
610
-708
318
-274
-452
156
-189
526
-1232
657
153
-774
302
834
-828
158
407
-371
-18
774
58
-1197
1688
-727
-407
1205
-418
-476
143
617
-170
-208
-30
-203
458
-292
-613
1166
-1307
903
-219
-557
372
-399
520
-287
776
-967
-236
1330
-674
-775
1455
-922
-213
1097
-776
128
218
-561
237
175
-199
-253
399
-445
-213
521
-208
159
-322
114
24
458
-816
466
605
-439
-432
960
-313
-672
1060
-1216
1298
-558
-454
1001
-853
745
-670
441
132
-670
-2
500
-548
-524
726
-130
-1192
1102
579
-1517
788
-156
-131
607
244
-534
-691
1695
-1285
709
622
-1214
767
67
-315
517
-251
14
-615
712
-83
-552
1362
-1792
1012
-487
54
470
-854
802
-1077
1059
-726
828
-885
247
413
-963
1481
-698
-41
-298
464
-166
643
-694
-776
1634
-339
-1216
1574
-1063
111
-99
745
-844
904
-446
-1366
1770
-1019
510
157
-710
434
-486
1582
-1401
859
-243
-1104
1867
-1040
245
-95
-110
-193
304
-68
-5
227
-512
434
-55
-229
299
-332
153
-593
1565
-1472
797
-89
-536
649
-486
1149
-1371
792
-796
835
-547
175
236
-1414
1832
-1386
1083
-794
344
-286
-149
642
-528
-362
749
-70
-464
712
148
-692
626
54
-469
530
481
-1073
591
78
-682
1281
-1127
750
-804
-106
651
-604
329
-81
-630
486
-315
440
-74
-391
516
-703
1209
-816
305
371
-256
-341
879
-607
35
321
-791
1303
-1591
1566
-658
-775
945
-125
-448
468
-190
-714
800
-60
-944
1593
-1118
77
585
-678
63
548
-238
-1014
1516
-1321
1034
-686
794
-1182
1042
-128
-790
1529
-1294
32
714
-352
-313
1441
-2273
1900
-804
71
-92
857
-1017
129
578
-1261
1844
-1699
854
-413
118
765
-974
290
662
-1407
1260
-105
-438
630
-494
-335
1069
-270
-598
749
-778
214
40
141
-294
391
-240
-474
634
652
-1946
1678
-536
-964
1686
-1167
98
-17
738
-1267
1269
-162
-1111
1481
-1306
408
743
-530
250
77
-706
1558
-1436
747
-634
701
-811
566
95
-522
64
-89
297
-782
1299
-1715
862
-472
1114
-1425
1509
-910
-78
138
174
80
-283
314
-528
35
320
948
-1951
1420
-785
117
813
-839
284
417
-1728
2066
-1217
537
72
-849
720
-282
455
12
-873
983
-999
657
627
-1224
1062
-424
736
-1050
1005
-321
-465
900
-856
-414
1431
-1837
1761
-1196
-141
484
-327
480
-568
204
-392
148
372
108
-215
257
-271
174
21
975
-1169
732
-361
-324
996
-590
522
85
-972
900
-506
-29
66
-722
1161
-579
-170
122
-39
338
-560
471
-198
-28
-117
447
114
-605
569
-276
-17
-157
235
-194
-252
-652
1528
-1477
566
166
-793
333
566
-428
-301
453
-367
240
308
-116
-455
1142
-480
-304
836
-793
-52
784
-227
-569
1036
-777
-199
1074
-559
-404
20
307
-564
509
-159
153
-425
479
125
-512
28
107
-404
1028
-801
1231
-1083
72
583
-549
343
-74
115
-365
414
-313
393
226
-561
120
309
-1139
1381
-478
-1031
1435
-832
-118
804
-286
-1009
1058
269
-999
665
158
-804
563
604
-1417
1485
-650
-477
712
-178
-642
1069
-700
-670
1052
-240
-788
786
90
-1317
1764
-833
114
387
-573
220
159
103
-149
124
-324
738
-382
-76
110
-266
120
-112
443
-1140
1231
-779
251
285
-548
-81
556
-566
537
9
-296
91
-166
410
-328
442
-515
-72
2
671
-896
708
-150
-897
960
-380
96
-547
813
-751
372
387
-682
249
273
-333
-50
563
-430
421
142
-211
-721
1468
-871
97
390
-874
390
600
-623
-239
611
-814
274
714
-785
246
244
-749
574
91
-750
488
100
-903
1376
-720
-202
276
335
-1206
1168
-189
-1125
1008
161
-522
773
-273
-696
460
3
128
61
-230
429
-429
34
236
-7
-118
-367
639
-540
-96
257
-211
285
-495
457
-366
415
-372
-362
595
-412
616
-284
11
-147
-294
909
-852
482
151
-390
-86
542
-333
75
457
-366
-87
59
333
-872
762
-303
-8
37
122
-476
166
453
-620
389
11
-192
21
419
-529
133
87
357
-236
-56
200
-249
191
-9
-436
904
-835
398
120
-610
783
-529
-167
414
-346
20
488
-869
515
39
208
-311
324
-236
-118
163
480
-796
240
632
-1334
1259
-564
-185
239
65
57
-443
376
-235
-133
327
188
-676
892
-643
430
-145
-60
627
-547
240
237
-572
460
100
-292
349
-387
368
-297
-181
393
-561
314
-376
147
-103
-651
971
-239
-458
535
146
-662
750
-239
-6
7
413
-719
847
-233
-526
869
-477
145
67
-165
14
-258
368
-799
253
695
-1215
753
185
-755
660
-10
-395
258
-45
576
-965
484
518
-992
1279
-449
-615
987
-234
-450
484
-17
-435
0
775
-926
133
423
-892
788
-430
240
-359
583
-678
71
422
-724
506
205
-368
-462
1478
-1091
299
-132
115
-20
45
273
-276
-241
622
-678
242
851
-1418
953
99
-927
888
-594
0
289
-273
19
307
-315
-172
590
-338
-382
817
-274
-458
1017
-552
-651
1591
-996
-103
476
-370
116
-2
-102
15
-424
431
76
-688
73
705
-730
4
646
-1022
230
917
-1075
412
975
-1271
417
750
-925
-130
1545
-1829
743
940
-1350
332
652
-638
-345
993
-1110
334
475
-407
-276
848
-671
-328
967
-842
254
217
-399
673
-89
-328
381
143
-762
919
-165
-1084
1446
-611
-521
1021
-750
-736
1592
-925
-557
1459
-546
-1169
1588
-526
-1184
1526
-779
-111
306
612
-1327
1017
141
-1038
1163
-348
221
-293
179
272
-421
390
-280
171
77
-242
589
-944
720
-454
-482
1059
-564
-344
753
-553
217
162
-819
1178
-1176
1121
-274
-665
1318
-1617
1420
-57
-1057
1089
-620
589
-325
-152
130
29
-635
636
-236
-90
-64
89
312
-653
348
-409
236
225
-202
-311
820
-115
-303
105
440
-781
382
407
-620
852
-587
-100
613
-798
572
-446
54
411
-793
1140
-1221
776
-416
-416
842
-713
242
234
-232
481
-526
480
-124
-675
1424
-1525
1149
-201
-343
363
-623
1061
-947
408
164
-300
-217
644
-591
46
376
-586
143
405
-613
23
229
-352
330
133
-167
-331
242
-164
386
-268
73
134
-452
670
-352
760
-1126
595
122
-718
1274
-1055
580
60
-438
46
33
502
-1160
1046
-163
-483
730
-764
194
-14
-7
5
267
-177
-213
621
-761
174
434
-1172
1441
-651
-159
343
-92
-11
-252
410
-259
-506
966
-797
560
-141
-508
845
-456
88
-332
647
-583
131
524
-820
759
-333
29
613
-894
469
-242
241
-127
-459
1006
-945
378
-131
-47
444
-1046
1102
-586
-11
75
94
-165
1
337
-579
303
352
-662
1013
-776
-15
226
-427
726
-771
710
-690
534
-750
981
-659
-299
1099
-1326
623
293
-46
-403
611
-718
139
420
-45
-273
331
323
-1397
2083
-1317
-16
595
-394
-312
538
-128
-500
702
-494
373
-59
60
-403
593
-712
23
832
-960
753
-472
-57
235
-580
485
-420
596
-511
523
-437
-9
586
-981
683
137
-373
563
-869
586
-289
199
309
-189
19
-626
460
340
-469
520
-526
-267
536
-290
671
-727
472
-802
417
314
-392
383
-328
472
-689
855
-399
-248
765
-854
453
57
-157
441
-1059
917
-669
896
-877
522
-322
-159
178
379
-573
497
-138
-952
1546
-1377
1408
-1102
426
268
-909
1323
-1187
619
-67
-492
785
-416
368
-610
752
-783
94
325
-205
0
206
-452
481
-90
-188
240
-482
377
-290
869
-740
30
498
-798
966
-447
13
-109
554
-1009
797
-152
-608
749
-586
650
-632
700
-450
93
220
-667
405
-115
216
-168
176
307
-579
384
2
-651
850
-834
703
-430
313
127
-634
816
-732
103
619
-1003
1132
-259
-758
1306
-1174
365
218
-381
434
-558
390
-268
447
-179
-434
677
-978
1036
-721
54
-39
-30
305
-634
1036
-732
-180
521
-399
245
328
-248
21
84
-307
31
314
-56
-210
249
-320
577
-183
-147
410
-631
341
-204
307
-19
318
-467
-68
543
-502
77
56
189
-601
469
-39
65
-513
410
-173
-453
1119
-989
78
276
-289
-69
33
495
-484
-344
843
-679
-138
1447
-1498
272
1102
-1561
1315
-519
-48
193
-416
512
-375
336
-481
670
-361
-315
1005
-936
-124
464
-93
-184
432
128
-897
1051
-675
219
-115
397
-772
739
-245
-86
150
-200
332
-732
794
-247
75
-630
1315
-1347
391
776
-1658
1257
-29
-459
113
168
-99
-292
490
-457
-32
516
-569
453
21
-777
1144
-788
326
189
-168
-193
224
202
-204
37
-185
185
-393
340
224
-110
-350
116
333
-699
599
98
-616
787
-438
119
-143
231
-237
201
68
3
-1
-263
-1
233
-221
94
199
-457
194
295
-606
559
-439
12
53
-360
585
-412
89
247
-421
-93
745
-618
-171
927
-997
574
216
-347
-213
602
-386
-101
883
-885
485
-192
54
-21
185
-66
-471
858
-218
-581
796
-563
-262
388
-135
8
-17
-121
182
-270
190
367
-991
750
-268
-41
-35
334
-149
-522
1177
-1329
990
247
-774
380
185
-422
142
439
-683
777
-130
-511
633
-210
-468
887
-740
42
451
-338
-5
-248
621
-557
226
-359
522
-532
356
345
-719
197
133
157
-614
733
-412
-105
169
-61
-19
-213
349
-330
40
232
-367
187
7
-163
138
-79
12
309
-591
291
424
-933
744
17
-181
-52
265
-243
111
417
-662
561
-576
1084
-710
91
320
-101
-168
462
-92
-273
490
17
-618
610
-322
-260
1056
-1621
1303
-870
273
-409
519
-349
-124
551
-767
356
-163
-8
12
29
-126
-68
761
-982
253
370
-754
143
966
-1167
171
864
-1454
1479
-877
-51
104
412
-668
823
-336
-413
1315
-1586
1457
-907
470
-197
883
-933
196
1191
-1805
1179
-173
-77
-268
610
-629
-154
892
-1109
427
353
-912
187
1006
-1582
774
331
-1371
1330
-455
-279
233
112
-1007
1531
-749
-604
1464
-875
-232
539
312
-896
965
-187
-514
832
-201
-825
1705
-1298
138
1074
-1431
898
-617
728
-900
741
-421
-398
1144
-1484
765
93
-663
282
125
-360
184
248
-1041
776
115
-1069
1014
40
-376
-148
665
-701
271
568
-935
852
60
-734
1078
-676
52
32
529
-859
989
-364
-617
843
-253
-326
-41
722
-1177
887
-453
359
-537
410
-74
-435
472
-401
565
-816
710
-270
-249
499
-317
424
-575
403
-99
-228
738
-964
917
-554
-430
1400
-1533
916
42
-735
958
-1114
1219
-1324
769
535
-1691
1746
-445
-928
1141
-412
-344
438
121
-272
-189
835
-1211
1054
-444
-87
66
233
-27
-760
1415
-1400
461
666
-1052
251
619
-622
-300
1120
-1105
351
172
-90
-345
207
449
-550
405
-345
272
-99
40
-78
220
300
-905
841
-429
542
-927
776
74
-1318
1813
-1353
880
-629
516
-560
-81
976
-1269
1069
-242
-419
-148
883
-481
-238
1023
-985
261
550
-552
55
669
-899
176
934
-1043
232
469
-525
-159
662
-604
-122
659
-574
-212
517
-201
-830
1809
-1356
-5
899
-826
99
458
-283
-201
1007
-1019
529
-154
67
-29
170
170
-726
951
-747
382
-219
56
123
-97
-271
88
768
-1818
1714
-862
315
-203
38
223
-481
351
-42
93
-127
-401
675
-366
-315
1055
-1046
101
767
-788
128
490
-714
651
-366
209
-103
50
175
-109
288
-321
322
86
-520
584
-329
300
-91
258
-552
523
-19
-816
916
-530
-169
315
90
-628
404
-103
-286
70
-71
153
-440
563
-628
736
-910
729
-95
-679
927
-212
-332
329
296
-774
752
-328
19
236
-25
183
-792
1308
-965
-19
580
-191
-461
474
91
-547
671
-438
-15
216
-253
314
-16
95
-695
686
-110
-327
196
206
-478
148
364
-1089
1329
-836
-24
252
-160
90
-180
433
-1044
1040
-616
-50
897
-1006
204
187
326
-859
766
268
-1045
1039
-419
16
141
53
-62
95
-272
357
51
-310
434
-507
467
-537
435
-482
497
-365
-313
1182
-1653
1315
-825
595
-759
655
-179
-381
744
-839
705
-438
454
-629
682
-330
129
7
-163
405
-676
582
-17
-442
453
-64
-318
89
185
280
-828
652
-59
-597
1011
-892
299
356
-662
392
116
111
-916
1062
-206
-810
1117
-281
-256
141
-112
302
-542
561
-285
-52
153
159
-628
480
267
-1039
866
-140
-203
20
252
-188
177
-79
-190
452
-348
-118
638
-464
-68
218
-17
101
115
-474
622
-584
168
3
-414
860
-1255
839
402
-1286
1228
-570
-277
605
-605
221
188
-207
-236
785
-696
308
40
-4
62
-456
664
-727
454
-197
379
-375
273
85
-577
1066
-1269
775
-26
-415
285
258
-236
-344
757
-781
511
-151
0
-7
-73
271
-461
545
-357
-136
377
-184
-353
605
-384
-319
781
-534
-97
436
-266
-103
465
-161
-194
272
-64
-150
174
216
-209
-38
373
-142
-203
163
48
-372
446
-41
-319
507
-324
-152
288
-136
-177
107
50
-94
-63
108
-23
-27
-89
-114
264
-335
210
-43
-17
-81
281
-410
82
272
-409
385
-296
467
-481
273
60
-373
228
263
-319
204
46
-62
-35
-167
606
-824
359
438
-628
209
324
-388
9
395
-312
-205
741
-577
25
475
-410
-10
466
-684
140
453
-812
703
-519
348
-303
213
-311
-47
304
-677
536
-67
-264
121
63
-64
69
-109
229
-91
149
-201
182
51
-84
84
213
-362
302
118
-625
742
-244
-522
540
-7
-476
482
61
-421
111
236
-324
-86
315
-322
98
-5
52
-22
-100
-21
-36
18
11
-114
-132
607
-1041
766
215
-1014
1143
-643
40
329
-234
21
159
149
-530
580
-189
-193
218
7
45
-153
436
-648
430
-38
-545
735
-316
-345
688
-393
-92
505
-798
363
-164
263
-651
716
-205
-680
1007
-673
79
277
-189
-398
1053
-1110
473
-8
-426
137
346
-90
-140
695
-860
680
-492
212
-44
204
11
-135
555
-447
196
128
-118
-322
361
-283
-203
745
-829
399
48
-221
224
-485
750
-802
367
218
-362
220
-1
-29
230
-684
695
-82
-750
1052
-751
130
-3
200
-534
613
-492
-153
487
-301
229
-178
451
-679
640
-342
62
251
13
-120
353
288
-1071
1045
-298
-513
465
46
-576
447
-222
-279
421
-260
-308
349
158
-855
763
-86
-244
360
-179
163
-10
-34
275
-28
-239
545
-427
127
210
-299
288
44
-41
-53
474
-519
169
23
-168
112
-246
122
-107
300
-372
597
-367
160
-35
-180
354
-272
171
-286
594
-829
739
-139
-538
747
-660
361
-416
356
-371
-248
610
-720
50
672
-674
-232
836
-423
-358
805
-272
-175
278
-27
35
-80
553
-610
406
134
-610
496
150
-696
784
-393
-221
761
-694
241
158
-59
-633
815
-235
-845
1210
-510
-554
1044
-445
-701
1117
-690
-422
1122
-814
-155
937
-787
-84
667
-591
-96
648
-516
-227
1202
-1325
309
1059
-1390
490
543
-619
-69
678
-475
-177
573
-425
-139
485
-264
-650
1362
-1064
108
869
-1122
363
52
-7
-291
499
-118
-653
1011
-701
-249
763
-735
-191
907
-892
341
254
-490
269
114
-180
-133
695
-754
467
391
-999
877
-213
-665
980
-461
-420
647
-168
-705
1087
-685
-428
1072
-1023
156
840
-832
73
609
-483
-328
1065
-804
-106
1122
-1118
417
537
-1113
746
181
-871
856
-286
-339
534
-506
-18
351
-552
-32
385
-479
-191
792
-1060
444
359
-818
310
611
-1022
406
1030
-1667
1217
-14
-966
833
327
-1252
1363
116
-1553
1625
-240
-1280
1667
-209
-1610
1833
-376
-1468
1873
-394
-1436
1539
-299
-1350
1713
-376
-1320
1423
67
-1893
1831
178
-2161
2373
-658
-1178
1451
-97
-1195
1387
25
-1447
1384
-54
-1198
1284
-79
-826
893
-75
-1042
1216
-136
-1426
1781
-489
-1108
1509
-370
-1079
1306
-323
-987
1314
-394
-644
929
-243
-607
540
373
-1305
1393
-485
-621
907
-94
-832
848
-132
-742
897
-250
-594
586
-108
-189
-84
559
-443
-122
687
-844
699
-71
-237
265
47
-124
159
96
-82
-23
408
-197
-284
578
-298
-458
888
-487
-355
907
-661
-156
216
92
-355
37
463
-807
390
66
-264
-1
219
-423
296
-119
-165
646
-338
-116
357
152
-869
878
-39
-576
823
-51
-402
401
-58
-106
-179
574
-296
-215
639
-194
-250
185
152
-494
264
129
-184
191
-20
21
-304
585
-700
300
170
-436
225
451
-535
-234
794
-957
147
203
-44
-376
312
0
-380
335
50
-602
730
-163
-621
688
198
-750
691
73
-350
489
-280
30
30
417
-586
374
450
-643
123
290
-369
107
-192
107
-35
209
-272
-389
985
-1170
237
461
-517
-73
622
-669
207
568
-941
380
460
-747
93
568
-454
-142
590
-590
322
28
69
-414
507
9
-793
1036
-442
-261
229
164
-251
78
143
-501
503
-173
-295
59
318
-39
-295
222
148
-273
-278
508
-112
-281
405
-19
-344
176
166
-773
603
120
-610
325
664
-761
-347
952
-334
-744
772
191
-654
591
40
-336
152
205
-638
626
97
-724
606
89
-476
190
189
-335
-189
253
-15
-296
167
-20
-40
-47
-36
241
-207
85
-224
232
54
-269
423
-278
124
132
-167
70
-107
-142
392
-571
400
166
-241
48
9
115
-417
311
-32
154
-307
365
143
-306
56
318
-307
-21
260
-142
110
-219
331
-290
-89
140
-14
-275
211
37
-279
250
-249
286
-217
150
-169
400
-214
-273
430
-243
-68
-225
648
-587
49
307
-162
-79
-25
242
-306
316
-309
164
293
-348
0
217
32
-409
234
303
-333
27
183
-9
-205
151
-292
205
-43
-342
292
141
-323
-115
683
-521
-115
-140
545
-512
282
-302
248
226
-483
406
-164
353
-291
-201
524
-51
-307
110
413
-435
322
-69
32
103
-44
-410
449
-182
-252
144
131
-269
245
-302
-35
263
-224
-269
325
281
-589
424
-62
-206
342
-114
-197
311
210
-453
48
306
-270
162
-215
266
53
-231
77
149
-81
-129
-55
233
12
-97
-94
195
198
-422
-29
544
-380
-190
179
253
-296
-277
414
-125
-50
41
-247
628
-610
246
369
-324
-24
-155
317
-285
30
15
118
83
-262
-108
472
-234
-326
190
410
-395
-335
452
-105
-166
95
-220
202
326
-658
283
279
-151
-361
397
11
-370
349
-115
-41
-69
278
-480
280
97
-331
129
392
-286
-294
535
-94
-128
-33
-14
184
31
-199
34
275
-270
157
-80
-29
192
-238
-74
274
-20
-223
202
94
-140
-154
135
-66
255
-371
97
221
-371
403
-238
-137
455
-268
-401
373
338
-802
272
497
-617
194
129
-135
77
182
-363
192
250
-356
-26
158
182
-345
228
17
37
-31
-127
309
-340
178
-197
164
-204
320
-358
14
327
-483
174
94
61
-390
522
-248
9
74
-182
265
25
-165
120
375
-436
177
296
-445
273
70
-211
281
-62
-169
204
76
-401
222
284
-559
192
257
-237
-165
280
44
-318
157
144
-210
42
127
-37
-115
53
80
-91
69
136
-250
38
163
-162
36
100
-161
159
-51
-100
156
-43
-125
152
26
-162
122
243
-359
74
326
-382
104
134
-75
-80
175
23
-175
180
-141
74
98
-263
248
-103
-113
3
229
-361
3
354
-402
121
176
-219
-119
316
-148
-244
391
-94
-292
396
18
-306
405
-222
-1
166
-150
187
-69
126
-86
-129
265
-244
26
53
28
-30
-189
282
-137
-165
205
-233
23
182
-257
46
160
-148
-80
173
-58
-82
188
-48
-138
215
-128
-160
217
-46
-123
171
29
-106
18
-74
100
-30
-51
132
-98
-66
133
9
-179
192
46
-327
354
-139
-57
220
-169
-4
66
140
-317
219
84
-302
160
61
-241
143
130
-446
275
151
-412
131
223
-409
51
373
-341
58
205
-175
-33
176
-120
-62
257
-123
-90
255
-109
-103
150
-1
-60
-20
57
6
-14
-87
37
51
-77
-17
43
10
-71
24
-45
161
-182
-35
238
-168
-75
85
3
-90
183
-176
12
135
-175
-40
186
-55
-275
360
-115
-240
343
-112
-175
290
-20
-192
238
-66
-146
207
23
-140
110
106
-202
90
95
-154
63
58
-66
38
67
-150
33
114
-130
15
20
13
-105
-2
141
-57
-106
92
14
-169
64
6
-49
9
55
-81
-70
105
-82
15
80
-40
-43
-24
113
-12
23
28
76
-16
-20
114
31
-81
75
69
-33
56
27
59
-102
1
111
-116
-48
92
-76
-75
90
9
-235
70
127
-343
144
92
-178
-17
163
-139
-53
133
-39
-37
17
95
-163
144
68
1
-75
59
91
-115
109
53
-42
-34
166
-33
-29
84
-24
-89
70
55
-166
56
74
-96
-36
42
-64
-82
-2
7
-133
45
-27
-31
9
11
-28
-50
114
-63
21
9
96
22
18
-57
74
115
-127
83
62
-40
19
20
45
-42
52
13
-52
6
-18
-12
-34
14
-29
-61
-70
86
-81
-59
79
-74
-67
64
8
-72
19
34
-59
34
14
-23
62
40
-42
59
56
-14
-33
70
57
-95
21
-4
-6
-22
-30
-18
-47
40
14
-26
11
-60
-4
-30
17
74
-120
33
61
-59
26
66
-8
-92
109
70
-141
98
17
-97
121
30
-159
92
-20
-132
100
-38
-87
-5
15
-88
-35
103
-142
-22
181
-126
-43
125
1
-48
63
40
11
16
17
-67
72
16
-131
55
10
-86
53
-24
-45
73
7
-107
97
122
-98
15
185
-126
25
183
-91
-6
113
1
-132
86
32
-197
32
75
-234
48
46
-156
33
-15
-153
-20
2
-163
39
13
-86
-40
70
-5
-111
219
-189
64
97
-31
31
123
-23
28
187
-66
131
85
-9
115
71
-110
62
113
-245
70
84
-102
-102
178
-205
-95
126
-153
-97
119
-55
-283
305
-110
-73
69
20
-159
53
146
-208
189
-5
-63
50
10
-58
83
-63
-83
166
-165
48
127
9
-134
266
-89
-154
398
-282
144
124
-35
56
70
136
-144
94
47
-219
125
32
-150
2
92
-166
-56
148
-284
-29
20
-81
-75
27
11
-132
66
18
-20
46
33
24
-59
211
-10
-18
242
-117
24
196
-58
40
202
-212
240
-23
25
-18
30
34
-149
56
-28
-58
-141
276
-272
54
156
-345
227
-59
-148
30
9
-43
-60
138
-161
71
25
-143
170
-140
35
-117
106
-101
-69
266
-184
22
66
15
-114
173
16
-196
184
155
-260
229
162
-339
320
-90
-7
46
82
-5
-150
224
-127
-27
9
17
-117
88
40
-251
255
-82
-127
165
-32
-193
191
-31
-112
39
5
-44
-65
125
-246
124
-11
-67
-8
59
150
-243
205
7
-81
118
61
-155
297
-117
20
110
7
-9
-25
149
-284
94
-92
-90
-42
-19
-185
-87
50
-191
-137
52
-176
-110
50
-130
78
-52
53
-15
160
31
-48
286
-66
119
46
256
-120
93
227
-168
50
217
-256
11
248
-260
-95
215
-72
-285
312
-142
-350
371
-116
-278
312
-33
-198
65
216
-342
144
237
-295
58
303
-399
-21
381
-406
10
250
-279
-153
469
-238
-237
450
-405
-109
349
-117
-319
435
-135
-205
398
-151
-116
121
50
-188
126
193
-217
67
219
-317
125
200
-323
92
263
-271
45
259
-279
-39
236
-183
-167
118
22
-260
184
52
-337
143
130
-318
106
182
-205
35
195
-193
130
143
-115
12
177
-103
-12
167
-42
51
66
-18
-54
183
-161
47
101
-164
-1
137
-114
18
210
-264
80
148
-115
-67
130
-74
-208
310
-180
-97
243
-140
-159
132
-5
-120
44
-46
-14
14
74
-65
136
-180
-12
214
-218
46
171
-253
114
32
-94
86
-30
84
-187
149
33
-127
167
-3
26
-10
63
106
60
55
97
-72
230
54
14
5
71
62
-142
71
-26
-107
11
-101
-86
-3
-36
12
-188
57
-134
33
-111
14
29
-56
28
-44
124
-50
-76
155
-123
145
-37
-75
173
-54
50
-165
250
-30
-23
-13
-2
86
27
-12
-126
189
-109
61
-171
80
20
-61
-70
-35
148
-215
103
-156
85
-35
69
-153
67
137
-40
-63
-49
200
-96
70
-100
93
-2
96
-312
86
114
-59
-10
-136
181
-146
175
-244
22
178
-64
-161
107
164
-244
195
-62
-15
42
249
-350
104
360
-291
111
66
-188
85
188
-343
36
262
-216
-155
301
-229
-132
209
-225
0
160
63
-336
176
45
-178
212
-105
1
140
-84
-137
302
-157
20
135
-98
-19
124
-26
-167
120
13
-223
136
-44
-103
107
-61
-69
136
-100
-109
149
-105
56
98
-12
-71
109
-25
-158
253
-66
-174
183
-33
-109
98
35
-150
112
90
-184
117
41
-224
226
37
-145
107
110
-177
63
111
-201
106
34
-84
32
125
-112
-43
117
-103
-9
93
-26
-88
148
-165
19
37
-90
4
25
41
-109
152
-70
-47
-15
23
-23
-22
35
-9
-40
35
41
-41
48
6
-6
12
51
-21
17
20
-45
110
-49
-1
59
51
-28
-15
14
-23
-12
-12
65
-68
24
85
-62
-89
136
-63
-59
81
-67
-8
9
-34
-2
47
-34
-50
61
6
-94
82
18
-83
33
72
-89
64
121
-171
112
128
-225
63
149
-246
82
143
-225
83
122
-197
61
134
-160
6
152
-154
-62
123
-34
-134
171
-25
-88
139
30
-142
127
-5
-220
229
-35
-219
190
56
-274
198
38
-203
103
56
-122
43
135
-181
6
139
-147
21
86
-43
-63
83
26
-87
88
15
-116
103
7
-96
41
-16
13
8
-15
5
41
-49
-2
15
-34
-11
-14
37
-13
-37
34
-5
-17
6
59
-27
-18
6
1
15
-25
-1
6
-14
24
4
17
-52
-52
127
-58
-81
71
12
-48
-26
41
21
5
-17
57
4
-59
25
28
-20
-36
32
20
-88
25
36
-77
68
-17
-70
78
-23
-88
64
9
-46
34
-11
-16
30
15
26
-12
-14
66
2
-80
82
-5
-78
61
28
-58
19
76
-75
7
88
-138
60
89
-151
63
85
-125
-10
144
-94
-79
151
-91
-97
175
-54
-74
89
-10
-53
54
7
-84
69
-4
-77
85
-19
-45
95
-34
-15
50
-16
-30
61
-12
-72
74
21
-51
53
27
-19
-7
37
-49
-19
67
-94
39
23
-108
59
-23
-21
-18
44
-19
-20
48
-30
-17
54
7
-49
43
25
-41
20
60
-53
-5
60
-3
1
23
0
-27
10
3
-41
13
-1
8
-22
15
13
-55
20
48
-102
43
31
-63
33
2
-49
27
14
-34
26
14
5
-9
16
28
-42
35
11
-20
22
-9
4
-23
24
-22
13
31
-43
-4
41
-29
-9
38
-46
-5
38
-38
4
2
-9
-7
16
-5
-2
-3
5
-13
2
34
-33
-2
13
2
-24
30
15
-22
14
21
-16
2
12
5
-11
0
21
-30
11
15
-26
8
15
-30
4
18
-20
-6
15
-20
4
0
2
-13
-4
13
-17
3
9
-14
-5
9
2
-12
7
17
-28
15
11
-8
-4
15
-6
2
8
3
1
-4
18
-20
8
0
2
2
-4
9
-8
16
-2
-6
-1
-6
5
-4
-2
-5
0
-14
13
-19
6
3
-17
1
3
-3
-6
14
-8
-10
5
5
-12
10
2
6
3
4
7
-5
11
-7
4
8
-3
-2
4
-2
5
1
0
-7
1
-1
4
-4
0
5
-11
7
0
-9
2
4
-19
15
-1
-17
4
3
-4
4
1
-13
6
-1
-5
9
1
-8
5
3
-8
6
4
-5
3
3
-2
-3
8
-5
2
1
3
-4
4
1
-3
6
-2
-1
2
-1
-3
5
-2
0
2
-2
-1
3
-2
-1
0
-1
-2
-1
0
-1
0
0
-1
0
0
1
0
0
0
0
1
1
0
1
0
0
1
0
0
0
0
0
0
0
0
1
0
0
-1
0
0
0
0
0
0
0
0
0
0
-1
0
0
1
0
0
-1
0
0
0
0
0
0
0
0
-1
0
1
0
0
0
0
1
0
0
0
0
0
-1
0
0
-1
0
0
0
0
0
0
0
0
0
0
0
1
1
1
1
0
0
-1
1
0
0
0
0
0
0
0
0
0
0
0
0
1
0
0
1
0
1
0
0
1
0
0
0
0
1
0
0
-1
0
0
1
1
0
0
-1
0
-1
-1
0
0
0
1
1
0
-1
0
1
0
0
0
0
1
0
1
-1
0
1
0
0
0
-1
0
0
0
1
0
-1
0
-1
-1
0
0
1
0
0
0
1
1
0
0
1
1
-1
0
-1
0
0
0
1
0
0
0
0
-1
0
0
-1
0
0
-1
-1
1
0
0
0
0
-1
0
1
0
0
0
-1
1
0
1
0
1
-1
0
0
0
-1
0
0
0
0
0
0
0
0
0
0
0
0
0
0
0
0
0
1
0
0
0
0
1
0
0
0
0
0
0
0
0
0
0
0
0
0
0
0
0
0
0
0
0
1
0
0
0
0
-1
0
0
1
0
0
0
0
0
-1
0
0
0
0
0
0
-1
0
0
-1
0
0
0
-1
0
0
0
0
-1
0
0
0
0
0
0
0
0
0
0
0
0
0
0
0
-1
0
0
0
-1
0
-1
0
-1
0
0
0
0
1
0
0
0
0
-1
1
0
0
0
0
0
1
0
0
0
0
0
0
1
0
0
0
0
-1
0
-1
0
0
0
0
0
0
0
0
0
0
0
0
0
0
0
0
0
1
0
1
1
0
1
0
0
0
0
0
1
0
1
0
0
0
1
0
0
-1
0
0
1
0
-1
0
0
0
0
-1
-1
1
0
0
1
0
0
1
0
0
0
-1
1
0
0
0
0
0
0
-1
0
0
0
0
0
0
0
0
0
0
0
0
0
0
0
0
0
0
0
0
-1
0
-1
0
-1
0
0
0
0
0
-1
0
-1
1
0
0
0
0
0
-1
0
-1
0
-1
0
0
0
0
-1
0
-1
0
1
0
0
0
0
0
0
1
0
0
0
0
0
0
-1
0
0
0
0
0
0
0
0
1
0
1
1
0
0
0
0
0
0
0
0
0
0
1
0
1
0
0
0
0
0
0
0
1
0
0
0
1
0
1
1
0
0
0
0
-1
0
0
1
0
0
0
0
0
0
0
0
0
0
0
0
0
-1
0
0
0
0
0
0
0
0
0
-1
0
1
0
0
0
0
0
0
0
-1
1
0
0
0
1
0
1
0
0
0
0
0
0
0
-1
0
1
0
0
0
1
0
0
0
0
-1
1
1
0
0
1
0
0
0
0
0
0
0
0
-1
0
0
0
0
1
0
0
0
0
0
0
-1
-1
1
0
0
1
0
0
-1
0
-1
1
0
1
0
0
0
0
1
-1
0
0
0
0
0
0
0
0
0
0
0
0
0
0
-1
0
0
0
0
1
0
0
0
0
0
0
0
0
-1
0
0
0
-1
0
0
1
0
-1
0
0
0
0
1
1
1
0
0
-1
0
0
-1
0
0
0
0
-1
0
0
0
0
0
0
1
0
0
0
0
0
1
0
0
0
0
0
0
0
-1
1
-1
0
-1
0
0
0
0
-1
0
0
0
0
0
0
0
0
0
1
0
0
0
0
0
0
0
0
0
0
0
0
0
0
-1
0
0
0
1
0
0
0
0
-1
0
-1
0
1
0
0
1
0
0
0
0
0
0
0
0
0
0
1
-1
0
-1
0
0
-1
0
0
0
0
-1
0
0
0
0
0
1
0
0
0
0
0
0
0
-1
0
0
0
0
0
0
-1
0
0
0
0
0
0
-1
0
-1
0
0
0
0
1
0
0
0
0
0
0
0
0
0
0
0
0
1
0
0
0
0
1
0
-1
0
1
0
0
0
0
0
0
0
-1
-1
0
0
0
1
0
-1
0
0
-1
0
0
0
-1
0
0
1
0
0
0
0
0
0
1
0
0
0
0
1
0
0
0
1
1
0
0
0
0
0
0
1
0
1
0
0
0
1
0
0
0
