SAMPLES:	14314
BITSPERSAMPLE:	16
CHANNELS:	1
SAMPLERATE:	16000
NORMALIZED:	FALSE
0
0
0
0
0
0
0
0
-1
0
0
1
0
1
1
2
2
1
0
0
0
-1
-1
0
-2
-3
-3
-3
-3
-3
-5
-4
-4
-4
-4
-4
-5
-4
-2
-1
-1
0
1
0
0
0
0
-1
0
0
0
0
0
0
1
1
2
0
-1
0
0
-1
0
0
0
0
0
1
1
2
2
3
3
5
4
4
3
3
1
1
1
0
0
0
0
-1
0
0
0
0
1
1
-1
0
0
-1
0
1
1
0
1
0
-1
-1
-1
-2
0
-2
-1
-1
-2
-1
-1
-1
-1
0
0
0
1
0
0
-1
1
1
0
0
1
1
1
1
1
1
0
1
0
0
0
0
-1
-1
-3
-2
-3
-4
-3
-3
-2
-2
-2
0
-1
-1
-1
1
0
0
1
1
1
1
3
0
1
1
1
2
1
0
2
2
2
2
2
0
0
0
0
0
2
1
1
2
1
1
0
1
0
0
0
-1
-1
-1
-2
-1
-1
-1
-1
-1
-1
0
-2
-2
-2
-2
-3
-2
-2
-3
-2
-1
-1
0
0
0
2
2
1
1
1
1
3
2
2
2
2
3
2
2
1
0
1
1
0
0
0
0
0
-1
0
0
0
-1
0
0
1
0
1
0
0
1
-1
0
-1
-1
0
0
-1
1
0
0
0
-1
-1
-2
-1
0
-1
1
0
-1
2
-3
3
-2
2
-1
-1
1
0
1
1
1
0
1
1
1
1
0
1
0
0
0
0
0
1
0
0
0
-2
-1
0
-1
-1
1
-1
0
-1
-1
0
0
0
0
0
0
0
0
-1
0
-1
1
0
0
0
-1
-1
-1
-1
-1
0
0
0
0
0
0
1
1
1
2
1
0
1
2
2
2
2
1
0
0
0
-1
0
0
0
0
-1
-1
-1
0
0
-1
0
0
0
0
0
0
-1
0
0
0
0
0
0
-1
-1
0
0
1
0
1
2
1
3
-1
1
1
-2
1
0
-1
3
-3
3
-3
2
-1
0
0
1
0
1
0
0
0
-1
-1
0
0
0
0
1
0
-1
0
0
0
0
1
0
-1
0
0
0
0
0
1
0
0
0
0
0
0
0
0
0
0
1
0
0
0
0
0
0
0
0
0
0
0
0
0
-1
-1
0
0
0
0
0
0
-1
0
0
-1
0
0
0
0
0
0
0
0
0
0
0
0
0
0
0
0
0
-1
0
0
1
0
0
-1
1
0
0
0
0
0
0
0
0
0
0
0
0
0
0
-1
1
-1
0
2
-1
0
0
-1
3
-3
3
-3
2
0
-1
1
-1
0
-1
-2
-1
-1
-1
0
0
0
0
-1
0
0
-1
-2
-2
-1
-1
0
0
0
0
0
-1
0
-1
0
1
0
0
0
0
1
0
0
0
0
0
-1
-1
0
0
0
0
-1
0
1
0
1
0
0
0
0
-1
0
0
0
-1
0
0
0
0
0
0
0
0
-1
0
0
0
1
0
1
0
-1
0
1
0
0
-1
0
0
0
0
0
0
1
0
1
0
0
0
0
0
1
0
1
0
1
-1
1
0
-1
1
-1
0
0
-1
1
0
-1
2
-3
3
-3
2
-2
0
0
-1
-1
-1
-1
-1
0
0
0
1
0
1
0
0
1
0
0
1
0
1
2
1
1
2
0
0
0
0
0
0
0
0
0
0
-1
0
-1
-1
-1
0
0
-1
0
-1
0
0
1
1
0
0
1
0
2
2
2
2
1
1
1
0
0
-1
0
0
0
0
-1
0
1
0
0
0
0
0
-1
0
0
0
0
0
0
0
1
0
0
0
-1
-1
-2
-1
-1
-1
0
0
1
0
0
0
0
0
1
-1
2
0
-1
1
-2
1
1
-1
1
0
-2
3
-4
3
-3
2
-1
0
2
1
2
2
3
2
1
1
2
2
0
0
0
0
0
0
0
0
0
0
-1
0
0
0
0
1
-1
0
0
-1
0
0
-1
-1
-1
-1
-1
-2
-2
-2
-3
-3
-2
-2
-1
0
-1
0
0
0
0
0
1
0
0
-1
0
0
1
0
0
0
-1
-1
0
-1
-1
-2
0
0
0
0
0
0
0
0
1
1
1
1
1
1
1
1
1
2
1
1
1
1
1
0
-1
0
0
0
0
1
0
0
2
0
1
1
1
1
0
0
2
0
2
2
-1
3
-3
3
-3
2
0
0
0
-1
-1
-1
-1
-1
-1
-1
-2
-1
-1
0
0
0
0
0
1
0
0
0
0
0
0
0
0
0
0
1
0
1
0
-1
0
0
-1
0
0
0
-1
0
0
0
-1
0
-1
1
-1
1
0
0
0
0
0
0
-1
1
0
0
0
0
0
0
0
0
0
0
0
1
0
0
-1
0
0
1
1
0
0
0
0
0
0
0
1
1
2
1
0
-1
-1
-1
-1
-1
-1
-1
0
0
-1
0
1
0
1
-1
0
1
-1
1
-1
0
1
-1
2
1
-2
3
-3
4
-3
2
-1
0
0
0
0
0
1
1
1
1
0
0
-1
1
0
0
0
0
0
0
0
0
0
0
0
0
1
0
0
1
0
1
0
0
1
0
0
0
0
1
0
0
-1
0
0
2
2
2
2
1
2
0
0
1
0
0
1
1
0
-1
0
1
0
0
0
-1
0
-2
-1
-3
-1
0
-1
0
0
-1
0
0
0
1
0
-1
0
-1
-1
0
0
1
0
0
0
1
1
0
0
1
1
-1
0
-1
0
0
0
1
0
0
0
0
-1
0
0
0
1
1
1
1
3
3
3
4
4
3
4
4
3
2
2
0
2
1
2
1
1
-1
-1
-2
-3
-4
-3
-3
-3
-4
-4
-4
-5
-5
-5
-5
-4
-4
-3
-2
-2
-1
-1
1
0
1
2
3
6
6
7
9
9
10
10
10
9
9
8
7
6
4
3
2
0
-1
-1
-3
-4
-5
-9
-11
-13
-15
-17
-16
-17
-16
-18
-18
-18
-18
-18
-19
-17
-16
-16
-15
-14
-13
-13
-11
-9
-9
-7
-7
-8
-9
-10
-11
-12
-12
-14
-13
-14
-14
-15
-15
-15
-14
-11
-9
-6
-2
2
6
12
18
24
33
42
52
64
81
100
126
153
184
213
243
273
304
334
361
383
399
404
404
392
372
345
312
271
227
179
125
70
13
-47
-107
-169
-236
-303
-373
-445
-518
-593
-669
-739
-811
-876
-937
-1000
-1056
-1102
-1138
-1151
-1140
-1110
-1059
-993
-921
-844
-765
-689
-613
-536
-456
-376
-294
-209
-130
-52
23
88
149
208
256
305
347
384
420
458
494
540
586
633
677
714
748
784
820
862
906
943
985
1029
1073
1129
1186
1243
1307
1361
1408
1447
1458
1448
1423
1377
1322
1262
1185
1099
998
876
743
596
433
262
80
-113
-307
-505
-702
-897
-1089
-1280
-1477
-1685
-1901
-2125
-2347
-2553
-2740
-2911
-3060
-3168
-3204
-3172
-3097
-3003
-2892
-2769
-2621
-2450
-2263
-2049
-1825
-1601
-1369
-1142
-906
-675
-445
-215
-24
171
373
533
722
885
990
1139
1238
1308
1422
1491
1543
1641
1686
1717
1798
1775
1782
1831
1785
1847
1875
1837
1902
1878
1875
1936
1897
1902
1934
1914
1935
1949
1906
1915
1905
1842
1843
1788
1715
1671
1549
1444
1338
1165
1042
874
631
461
239
-32
-207
-474
-776
-977
-1283
-1572
-1775
-2115
-2372
-2574
-2878
-3025
-3190
-3407
-3443
-3559
-3630
-3553
-3587
-3501
-3367
-3318
-3078
-2892
-2731
-2421
-2203
-1923
-1573
-1296
-970
-612
-338
4
322
585
906
1111
1374
1559
1731
1934
2001
2163
2202
2218
2246
2213
2161
2085
2037
1843
1755
1603
1363
1290
1047
855
750
476
344
220
-25
-87
-218
-417
-406
-520
-622
-542
-624
-614
-497
-529
-411
-286
-269
-91
40
123
333
469
591
791
912
1046
1226
1318
1426
1552
1598
1675
1756
1754
1778
1783
1726
1692
1605
1474
1383
1226
1042
886
656
412
199
-93
-376
-624
-937
-1222
-1487
-1794
-2057
-2298
-2543
-2742
-2922
-3073
-3168
-3232
-3270
-3284
-3217
-3133
-3044
-2860
-2699
-2518
-2239
-2005
-1718
-1392
-1147
-813
-506
-247
79
306
550
806
956
1171
1319
1403
1571
1591
1607
1673
1567
1562
1534
1323
1310
1171
987
1014
760
660
624
372
390
300
140
161
97
-1
51
32
-33
113
65
38
186
115
206
401
343
435
552
489
691
857
834
1038
1109
1098
1343
1432
1475
1715
1745
1796
2008
1967
1998
2130
2007
2028
2074
1862
1848
1794
1502
1413
1214
817
658
354
-87
-306
-711
-1173
-1359
-1746
-2211
-2447
-2820
-3109
-3209
-3595
-3880
-3865
-4011
-4039
-3961
-4132
-4047
-3768
-3691
-3409
-3114
-3002
-2613
-2242
-2019
-1594
-1240
-947
-487
-189
25
405
732
1008
1257
1344
1397
1621
1728
1717
1810
1741
1713
1756
1670
1560
1489
1370
1204
1242
1026
785
832
610
552
544
223
249
276
-29
89
97
44
334
37
-53
273
436
831
739
425
625
1022
1593
1818
1652
1560
1748
2456
2864
2913
2964
2720
3100
3460
3204
3406
3290
2986
3170
2823
2433
2627
2254
1741
1528
776
399
396
-251
-893
-1374
-2166
-2521
-2562
-3379
-3833
-4095
-4901
-4761
-4841
-5541
-5217
-5428
-5771
-5056
-5407
-5449
-4609
-4976
-4407
-3646
-4108
-3156
-2667
-2867
-1674
-1582
-1508
-397
-512
-191
605
432
914
1407
1160
1500
1720
1655
1991
1986
1881
1962
1973
2040
1899
1933
1902
1622
1884
1723
1400
1780
1499
1297
1653
1139
1018
1371
894
999
1201
631
877
921
487
893
832
627
930
694
628
1080
1094
1188
1453
1229
1443
1781
1799
2200
2249
2063
2408
2562
2587
3034
2833
2599
2935
2640
2541
2688
2323
2019
1877
1378
919
916
430
-166
-508
-1232
-1721
-1893
-2487
-3099
-3424
-4031
-4410
-4456
-5013
-5403
-5456
-5798
-5705
-5493
-5876
-5791
-5385
-5286
-4788
-4463
-4523
-3854
-3188
-2967
-2325
-1826
-1568
-749
-283
-156
614
1042
1281
1799
1910
2172
2518
2662
2811
2828
2936
2810
2712
2843
2556
2514
2542
2086
1971
1784
1441
1685
1479
887
900
593
418
621
211
256
362
-157
-149
-165
-36
536
194
-292
-167
101
858
1266
754
548
926
1570
2148
2241
2083
2027
2537
2893
2927
3340
3212
3202
3537
3144
3236
3607
3208
3147
3032
2335
2301
2343
1918
1519
1041
395
-192
-197
-689
-1693
-1933
-2601
-3397
-3451
-4125
-4828
-4940
-5455
-5946
-6098
-6178
-6349
-6561
-6273
-6321
-6480
-5712
-5707
-5617
-4548
-4668
-4271
-3083
-3089
-2486
-1565
-1491
-539
198
65
899
1364
1573
2260
2285
2480
2715
2804
2963
2941
3125
2925
2616
2778
2588
2514
2687
2026
1721
1735
1171
1339
1349
797
852
522
89
409
493
392
342
-130
-334
242
708
534
197
-67
219
1118
1376
1067
916
1053
1852
2451
2456
2362
2301
2967
3417
3467
3754
3638
3791
4050
3959
3895
4046
4163
3798
3584
3357
2961
3040
2882
2008
1521
1074
374
393
-236
-1323
-1766
-2651
-3063
-3253
-4250
-4818
-5452
-6038
-6056
-6524
-6953
-7129
-7568
-7290
-7014
-7432
-6944
-6984
-6893
-5851
-6042
-5414
-4520
-4548
-3711
-3072
-2784
-1746
-968
-851
-217
272
616
1441
1765
1870
2037
2307
2643
2678
3028
2986
2653
3028
2805
2648
3161
2697
2441
2846
2288
2316
2673
1967
2254
2407
1820
2051
1864
1743
2330
2090
1634
1744
1493
1823
2200
1732
1737
1536
1428
1798
1838
1870
1947
1782
1675
1953
2013
2194
2477
2245
2177
2273
2323
2586
2872
2753
2444
2339
2246
2331
2567
2289
1761
1494
1103
877
937
442
-185
-559
-1395
-2001
-2055
-2688
-3323
-3716
-4781
-5391
-5351
-5914
-6313
-6534
-7313
-7548
-7330
-7527
-7395
-7172
-7361
-7038
-6572
-6322
-5592
-5002
-4570
-3874
-3392
-2714
-1906
-1226
-299
-22
339
1320
1351
2134
3081
2468
3064
3553
2850
3496
3847
3234
3589
3536
2690
2895
3084
2613
2588
2384
1870
1838
1877
1593
1515
1675
1401
1160
1203
1037
1546
2096
1574
1229
1136
1584
2794
2973
2333
1893
2096
3109
3682
3607
3336
3080
3546
3929
3822
3953
3908
3886
3900
3523
3274
3362
3519
3134
2697
2382
1839
2039
2060
1170
832
432
-299
-69
-633
-1647
-1713
-2466
-2932
-3079
-3799
-4457
-5042
-5290
-5488
-5890
-6382
-6956
-7338
-6844
-6882
-7446
-7245
-7759
-7311
-6276
-6708
-6364
-6012
-6069
-4943
-4416
-4347
-3290
-2743
-2469
-1837
-1550
-742
322
775
987
932
1283
2023
2420
2773
2656
2346
2581
2830
2883
2873
2514
2466
2290
1993
2519
1806
1822
2159
835
1382
1584
1057
1782
1413
494
915
1431
1573
2065
1416
921
1576
2338
2802
2493
2140
2131
3038
3741
3713
3641
3394
3913
4482
4451
4514
4586
4596
4729
4698
4271
4458
4802
4364
4062
3568
3148
3492
3549
2812
2050
1575
1056
1273
911
-154
-506
-1507
-1951
-2088
-3121
-3321
-3971
-5263
-5500
-6055
-6547
-6156
-7193
-8351
-8188
-8736
-8094
-7524
-8926
-8804
-8674
-8222
-6694
-6710
-6729
-6312
-5684
-4572
-3577
-3091
-2825
-2329
-1548
-540
-96
477
847
1011
1816
1988
2205
2907
2885
2873
3048
2780
3071
3433
3278
3160
2756
2482
2623
2961
2978
2529
2171
1813
1888
2492
2627
2296
1934
1432
1615
2887
2668
2131
2380
1153
2510
3570
2252
3174
2434
2230
3421
3325
3433
3397
3337
3450
3777
3568
4133
3968
3731
4200
3528
3622
4249
3605
3623
3712
2792
2656
3192
2370
2160
2130
983
828
1089
142
-211
-500
-1692
-1713
-2071
-3125
-3456
-4371
-5135
-5359
-6098
-6764
-7190
-7894
-8116
-8365
-8791
-8749
-9072
-8954
-8738
-8956
-8434
-8096
-7863
-6982
-6707
-6356
-5215
-4784
-3981
-2982
-2974
-2034
-1072
-657
293
603
903
1734
2271
2650
2871
3108
3285
3526
3713
3650
3749
3828
3784
3634
3583
3595
3671
3631
3288
3199
3110
3225
3352
3005
3039
3020
2911
3132
2988
2902
2955
2711
2660
2753
2594
2522
2508
2197
2124
2148
2146
2306
2171
2007
1805
2104
2324
2309
2259
2299
2247
2361
2826
2372
2695
2654
2492
2482
2524
2130
2316
2267
1872
1607
1373
1039
1022
733
131
-357
-538
-1172
-1678
-2008
-2771
-3156
-3591
-4521
-5072
-5340
-5929
-6303
-6697
-7579
-7719
-7773
-8013
-8030
-8131
-8013
-7981
-7627
-7208
-6957
-6128
-5771
-5398
-4517
-4030
-3210
-2326
-1842
-1232
-558
-21
610
1354
1632
1959
2424
2559
2963
3255
3265
3399
3399
3437
3455
3425
3416
3245
3138
3108
3018
2961
2853
2696
2664
2591
2613
2513
2306
2349
2230
2551
2684
2172
2158
2159
2449
2961
2746
2381
2319
2651
3266
3426
3264
2995
3029
3682
3688
3775
3858
3463
3816
3785
3525
3641
3683
3418
3261
3029
2472
2674
2506
2021
1715
1264
748
561
363
-540
-537
-1237
-2103
-2004
-3043
-3435
-3665
-4714
-5056
-5469
-6382
-6694
-7084
-7847
-7917
-8300
-8889
-8969
-9247
-9247
-9057
-9004
-8862
-8867
-8404
-7685
-7247
-6435
-5788
-5475
-4363
-3353
-2802
-1557
-934
-393
880
1406
2006
2849
3279
3819
4517
4659
4621
5019
5240
5459
5532
5248
4975
4976
5036
4714
4697
4459
3800
3824
3515
3063
3206
2857
2609
2444
1733
1536
1692
1853
1969
1289
601
756
1326
1905
1851
1232
949
1634
2357
2546
2736
2301
2475
3144
3003
3384
3585
3387
3691
3553
3278
3582
3780
3668
3616
3344
2943
3103
3321
2994
2772
2431
1679
1772
1720
854
748
-133
-1045
-905
-1943
-2642
-3025
-4187
-4582
-4921
-5994
-6476
-7029
-7765
-7595
-8382
-8944
-8984
-9817
-9385
-9361
-9849
-9215
-9302
-9292
-8406
-8060
-7586
-6548
-6191
-5690
-4465
-3939
-3129
-1957
-1489
-739
125
785
1420
2288
2903
3195
3908
4105
4320
4989
5191
5347
5525
5226
5058
5467
5455
5226
5148
4606
4393
4463
4042
3876
3736
3394
3286
2807
2414
2363
2497
2683
2249
1722
1350
1601
2319
2460
2115
1421
1433
2097
2528
2850
2336
1902
2435
2653
2801
3017
2741
2878
3158
2885
2760
2951
3092
3128
2965
2342
1913
2320
2514
2115
1764
924
385
867
455
-103
-472
-1681
-1823
-2015
-2958
-3100
-4015
-4888
-4951
-5934
-6409
-6732
-7808
-7747
-8102
-9035
-8777
-9468
-9715
-8884
-9586
-9270
-8928
-9376
-8260
-7691
-7456
-6613
-6094
-5709
-4454
-3443
-3073
-1800
-1186
-553
629
1224
1905
2638
3423
3804
4216
4730
4798
5357
5822
5667
5717
5645
5440
5680
5704
5329
5249
4937
4472
4496
4177
3907
3942
3455
3176
2841
2326
2339
2422
2499
2272
1646
1240
1527
2032
2237
2188
1464
1254
1822
2245
2773
2668
2113
2130
2502
2782
3113
3218
2950
2971
2952
2773
3109
3329
3040
3008
2642
2132
2453
2460
2243
2181
1417
818
923
730
557
271
-756
-1147
-1366
-2012
-2246
-2910
-3678
-4045
-4922
-5603
-5892
-6750
-7109
-7482
-8483
-8662
-9077
-9479
-9276
-9518
-9673
-9509
-9378
-9200
-8534
-8046
-7699
-6801
-6234
-5717
-4625
-3915
-3137
-1835
-1324
-504
344
830
1937
2614
3324
3701
4049
4416
4672
5351
5343
5587
5502
5198
5320
5093
5251
5166
4670
4327
4038
3667
3567
3532
3111
3009
2631
1992
1943
2003
2203
2286
1737
1148
1195
1735
2155
2347
1946
1446
1849
2452
2905
3076
2762
2671
3088
3329
3277
3498
3633
3551
3559
3192
2960
3413
3632
3275
2836
2397
2078
2389
2515
1825
1436
1025
488
656
302
-330
-550
-1358
-1870
-2234
-2867
-3125
-3958
-4597
-5025
-5961
-6401
-6854
-7571
-7925
-8304
-9055
-9245
-9400
-10017
-9622
-9465
-9886
-9405
-9323
-9089
-7979
-7767
-7135
-6072
-5720
-4687
-3876
-3028
-1704
-872
96
781
1445
2450
3353
4247
4833
5177
5357
5823
6379
6600
6982
6734
6397
6482
6135
6151
6213
5688
5160
4802
4303
4024
4063
3479
2994
2916
2455
1982
1791
1440
1349
1700
1343
713
475
552
1136
1785
1494
888
770
1116
2160
2431
2328
1917
1628
2551
2520
2643
2917
2591
2733
2571
2369
2479
2981
2879
2411
2357
1677
1930
2520
1984
1830
1348
623
706
823
115
-68
-440
-1689
-1502
-2287
-2969
-2811
-4011
-4561
-5068
-5993
-6494
-6723
-7655
-7831
-8321
-9335
-8880
-9905
-9707
-9262
-10108
-9241
-9481
-9437
-8378
-8108
-7348
-6542
-5982
-5288
-4262
-3138
-2335
-1177
-239
300
1379
2204
2834
3826
4455
4774
5207
5385
5533
5987
6294
6217
5873
5559
5306
5363
5476
4949
4497
4274
3704
3610
3548
2902
3057
2937
2184
2042
1627
1491
2269
2343
1488
1195
836
1150
2466
2259
1698
1234
1057
1962
2446
2620
2281
1954
2277
2368
2584
2785
2997
3012
2692
2519
2235
2816
3307
2720
2544
2094
1572
2215
2372
1606
1503
926
313
825
306
-241
-431
-1361
-1471
-1792
-2619
-2941
-3820
-4271
-4279
-5162
-5954
-6614
-7299
-7146
-7512
-8319
-8561
-9368
-9332
-9046
-9357
-9006
-9186
-9176
-8723
-8270
-7517
-6706
-5913
-5565
-4844
-3816
-2768
-1362
-483
-11
798
1661
2625
3662
4317
4873
5254
5513
5860
6266
6788
6990
6756
6275
6022
6016
5984
6048
5433
4618
4260
3828
3815
3625
2941
2571
2263
1977
1652
1446
1368
1432
1602
1025
667
646
728
1668
1720
1290
970
578
1547
2185
2290
2305
1517
1709
2357
2258
2668
2847
2416
2647
2293
1946
2536
2750
2588
2236
1783
1186
1671
2066
1381
1464
569
-251
524
155
-414
-319
-1494
-1895
-1582
-2698
-3008
-3338
-4237
-4367
-5035
-6030
-6386
-6837
-7385
-7338
-8214
-8803
-8903
-9517
-8932
-8939
-9163
-8902
-9078
-8486
-7794
-7253
-6579
-5895
-5175
-4483
-3485
-2554
-1539
-378
247
953
1900
2601
3467
4252
4656
5045
5360
5538
5828
6100
6141
6071
5853
5515
5264
5166
5004
4658
4261
3756
3286
2979
2720
2459
2344
2162
1482
1095
937
957
1662
1316
600
520
119
912
1702
1225
1023
602
963
1772
1825
2172
1720
1634
2581
2100
2378
3213
2477
3068
3420
2312
2916
3415
2998
3306
3157
2289
2247
2824
2452
2153
2042
1040
926
1159
426
107
-240
-925
-1272
-1725
-2241
-2888
-3375
-3679
-4326
-4944
-5644
-6384
-6796
-6920
-7544
-8059
-8422
-9219
-9057
-9092
-9084
-8737
-9039
-8925
-8530
-7789
-7071
-6298
-5723
-5247
-4123
-3416
-2409
-1124
-271
662
1386
1909
2828
3915
4576
5185
5537
5528
5853
6217
6457
6712
6517
5866
5561
5610
5382
5347
4784
3832
3726
3167
2737
2776
2267
2075
1596
780
705
807
1112
1267
450
-158
-164
274
1064
1036
375
-24
337
991
1327
1546
1248
1300
1832
1797
2047
2385
2607
2889
2722
2582
2608
3006
3390
3262
3002
2566
2580
2671
2659
2740
2015
1805
1611
925
1116
862
223
-78
-435
-1337
-1671
-1730
-2876
-2910
-3346
-4503
-4685
-5674
-6442
-6303
-7048
-7552
-7873
-9212
-9008
-8932
-9291
-8754
-9407
-9465
-9029
-8547
-8005
-7241
-6478
-6494
-5096
-4325
-3909
-2077
-1268
-626
740
1238
1754
3287
4024
4576
5428
5366
5439
6175
6558
6712
6838
6216
5883
5879
5768
5770
5316
4817
4161
3720
3513
3266
3032
2362
1952
1557
1180
1239
960
517
516
492
208
187
-1
-107
392
468
301
350
124
426
1172
1246
1354
1496
1451
1992
2408
2464
2816
2912
3059
3230
3074
3270
3534
3590
3540
3285
2890
2910
3011
2918
2682
2336
1883
1241
1566
953
508
594
-769
-901
-1446
-2184
-2449
-3024
-3658
-4473
-4854
-5947
-6090
-6774
-7429
-7278
-8670
-8534
-8840
-9698
-8888
-9207
-9403
-8618
-8856
-8614
-7554
-7321
-6464
-5294
-5025
-4354
-3249
-2319
-1295
-65
699
1143
2269
2979
3554
4831
5167
5501
6033
5860
6297
6597
6597
6723
6182
5925
5704
5213
5342
5056
4399
4103
3455
3016
3072
2932
2636
2022
1575
1375
1263
1493
1061
698
715
218
370
510
247
336
133
35
-19
118
447
370
614
590
382
742
1065
1232
1388
1533
1434
1569
1980
2015
2300
2402
2115
2239
2221
2299
2435
2163
2198
2010
1555
1591
1304
961
1035
426
-274
-587
-1236
-1633
-1839
-2528
-3316
-4044
-4780
-5146
-5681
-6142
-6497
-7497
-7837
-8026
-8749
-8486
-8088
-8818
-8628
-8224
-8874
-7597
-6753
-6951
-5731
-5417
-4989
-3705
-2809
-2042
-1140
-52
457
1184
2157
2637
3563
4300
4420
4713
5111
5376
5590
5894
5748
5504
5591
5308
5157
5231
4820
4602
4500
3854
3598
3584
3208
3122
2880
2202
2038
2032
1682
1800
1667
1129
1345
1124
948
1339
934
1113
1156
841
1223
918
1161
1480
1260
1506
1497
1447
1635
2003
1886
1872
2141
1839
2106
2492
2215
2280
2418
2046
2187
2377
1987
2061
1985
1457
1390
1214
678
673
375
-373
-697
-1245
-1889
-2186
-2590
-3414
-4000
-4653
-5528
-5746
-6155
-6632
-7183
-7983
-8270
-8588
-8521
-8379
-8778
-8786
-8752
-8538
-7950
-7245
-6878
-6462
-5444
-5057
-4132
-3116
-2280
-1232
-575
469
670
1821
2826
2926
4121
4015
4191
4793
4785
5221
5273
5134
5112
4916
4715
4742
4564
4357
4060
3598
3400
3224
3096
2818
2549
2457
2222
2155
2098
1831
1917
1982
1750
1728
1608
1508
1635
1590
1524
1395
1311
1414
1323
1380
1513
1410
1619
1591
1379
1818
1916
1790
2191
2043
1805
2253
2286
2132
2422
2312
1983
2167
2173
1915
2071
1829
1175
1274
1080
491
647
170
-689
-733
-1317
-2051
-2145
-2870
-3608
-4009
-4911
-5408
-5768
-6293
-6720
-7464
-8015
-8220
-8282
-8387
-8551
-8826
-8940
-8510
-8226
-7885
-7345
-6991
-6334
-5506
-4868
-4030
-3011
-2190
-1295
-458
117
1044
1972
2569
3218
3666
4004
4546
5035
5093
5250
5433
5379
5473
5306
5265
5093
4765
4723
4450
4324
4049
3752
3601
3310
3302
3146
2858
2698
2485
2463
2469
2263
2159
1957
1780
1808
1593
1561
1546
1303
1319
1262
1135
1284
1253
1128
1253
1136
1130
1353
1348
1367
1537
1557
1354
1717
1789
1573
2078
1662
1381
2001
1605
1571
1859
1114
1138
1285
666
683
321
-316
-398
-945
-1430
-1834
-2439
-2890
-3565
-4135
-4852
-5334
-5625
-6472
-6843
-7499
-8096
-7889
-8303
-8632
-8603
-8975
-8744
-8202
-8249
-7766
-7296
-6903
-5895
-5360
-4637
-3744
-2988
-1929
-1262
-613
230
943
1791
2425
2708
3248
3716
3970
4410
4519
4464
4707
4736
4526
4567
4426
4230
4216
4152
3869
3424
3640
3271
3068
3480
2778
2675
2775
2512
2558
2744
2612
2174
2489
2288
2228
2621
2223
2124
2165
2034
2046
2054
2085
2022
1859
1903
1824
1753
2090
2028
1842
1938
1875
1894
2102
2149
1947
1866
1934
1778
1798
1947
1521
1433
1543
1010
945
906
366
159
-106
-656
-1060
-1394
-1988
-2537
-3004
-3682
-4331
-4895
-5472
-6102
-6582
-6980
-7614
-8120
-8324
-8639
-8757
-8629
-8887
-8896
-8447
-8321
-7965
-7199
-6869
-6325
-5392
-4934
-4098
-3004
-2314
-1363
-513
68
863
1725
2424
3033
3544
3733
4140
4577
4739
5186
5110
5047
5325
5050
5152
5192
4813
4869
4723
4203
4207
4056
3682
3837
3476
3139
3128
2914
2931
2930
2829
2587
2470
2526
2518
2443
2415
2269
2030
2153
2026
1907
2018
1909
1871
1744
1697
1598
1595
1827
1561
1448
1501
1332
1473
1514
1451
1324
1248
1378
1155
1158
1363
1007
991
1123
526
535
726
74
103
-269
-1225
-1033
-1609
-2380
-2405
-3372
-4023
-4330
-5269
-5786
-6125
-6844
-7268
-7771
-8593
-8703
-8759
-9041
-8943
-9156
-9331
-8791
-8367
-8122
-7376
-6860
-6462
-5417
-4773
-4212
-2911
-2126
-1499
-492
-90
582
1774
2241
2794
3343
3316
3881
4313
4416
4791
4758
4682
4740
4669
4550
4595
4502
4241
4176
3831
3602
3619
3528
3587
3409
3006
2980
3057
2960
2996
2951
2661
2610
2730
2603
2477
2618
2540
2296
2500
2340
2065
2405
2406
2107
2193
2205
1838
2245
2349
1929
2245
2021
1927
2105
2112
1973
1829
2081
1745
1638
1791
1611
1370
1298
1230
746
771
625
-9
-137
-425
-1066
-1354
-1730
-2533
-2970
-3415
-4203
-4752
-5238
-5832
-6319
-6834
-7429
-7920
-8225
-8364
-8626
-8914
-9014
-9126
-8911
-8439
-8295
-7994
-7370
-6840
-6078
-5248
-4673
-3820
-2809
-2033
-1231
-482
200
1139
1962
2421
2921
3399
3810
4431
4753
4720
4952
4976
4902
5172
4917
4598
4716
4349
4187
4268
3779
3697
3715
3366
3454
3334
3062
3162
3035
3039
3035
2751
2832
2794
2701
2855
2615
2479
2617
2517
2540
2483
2211
2181
2166
2157
2037
1873
1760
1600
1725
1658
1479
1510
1423
1403
1648
1482
1352
1677
1342
1595
1724
1118
1450
1333
1042
1154
801
340
322
8
-561
-699
-1407
-1996
-2338
-3006
-3587
-4266
-4894
-5595
-6141
-6683
-7364
-7872
-8380
-8726
-8913
-9125
-9327
-9478
-9430
-9056
-8767
-8510
-8034
-7623
-6922
-6010
-5433
-4683
-3679
-2826
-1891
-1037
-405
468
1461
2227
2759
3162
3627
4177
4671
4964
5044
5146
5331
5435
5410
5318
5256
5208
5055
4780
4482
4314
4264
4141
3905
3634
3424
3339
3327
3298
3151
2967
2931
2864
2756
2798
2703
2567
2603
2389
2160
2266
2183
2042
2095
1906
1698
1762
1700
1627
1756
1690
1495
1590
1593
1518
1799
1762
1570
1793
1688
1577
1891
1780
1725
1914
1496
1367
1424
1132
1092
832
201
-120
-368
-1026
-1295
-1961
-2793
-2924
-3871
-4592
-5113
-5950
-6285
-6829
-7628
-8319
-8604
-8848
-8905
-9066
-9650
-9533
-9224
-8908
-8366
-8219
-7859
-6961
-6213
-5531
-4775
-4032
-3018
-1896
-1155
-659
198
1121
1994
2846
3093
3383
3985
4428
4866
5068
4956
4974
5119
5135
5117
4987
4801
4720
4560
4379
4163
4042
4055
3880
3801
3691
3389
3430
3427
3261
3326
3114
2866
2901
2733
2723
2765
2493
2333
2075
1992
2087
1869
1717
1444
1318
1466
1281
1157
1196
1149
1331
1376
1095
1159
1339
1417
1580
1421
1291
1412
1499
1610
1459
1360
1293
1083
1086
815
558
462
0
-416
-799
-1328
-1635
-2121
-2955
-3439
-4045
-4664
-5163
-6000
-6525
-6953
-7533
-7987
-8458
-8874
-8811
-8781
-9180
-9185
-9108
-8773
-8096
-7972
-7684
-6882
-6222
-5480
-4564
-3976
-3156
-1999
-1178
-366
440
1202
2168
2941
3397
3877
4458
4989
5302
5467
5598
5724
5885
5840
5646
5574
5449
5299
5161
4862
4677
4583
4336
4149
4002
3815
3731
3635
3404
3339
3323
3191
3080
2937
2798
2745
2811
2599
2415
2405
2166
2115
1991
1827
1766
1709
1636
1382
1416
1381
1265
1332
1172
1119
1196
1093
1101
1194
1217
1280
1157
1050
1226
1296
1279
1117
790
789
837
610
264
-131
-444
-671
-1090
-1791
-2288
-2732
-3152
-3717
-4661
-5262
-5780
-6153
-6587
-7439
-8051
-8423
-8586
-8682
-8872
-9153
-9157
-8932
-8682
-8298
-7934
-7508
-6901
-6055
-5439
-4625
-3854
-3126
-1877
-1153
-351
386
988
1949
2710
3355
3511
3854
4417
4723
5113
5089
4938
5134
5208
5081
5017
4816
4724
4750
4512
4331
4223
4113
4069
3908
3713
3569
3460
3396
3275
3183
3121
3001
2857
2725
2689
2749
2614
2431
2366
2225
2370
2303
2074
2103
1938
1990
1985
1785
1713
1684
1746
1675
1537
1404
1435
1482
1424
1375
1210
1121
1092
1007
890
780
551
309
195
57
-200
-470
-834
-1307
-1473
-1853
-2368
-2707
-3346
-3780
-4266
-4890
-5439
-6050
-6517
-7008
-7478
-7946
-8395
-8709
-8809
-8806
-8988
-9066
-8968
-8660
-8036
-7584
-7413
-6932
-6085
-5199
-4337
-3735
-3169
-2074
-901
-77
589
1285
2201
3242
3938
4191
4659
5183
5717
6122
5988
6023
6142
6234
6216
5966
5744
5517
5483
5199
4784
4594
4275
4019
3935
3634
3331
3260
2990
2784
2762
2707
2564
2375
2250
2082
2255
2321
2024
2004
1917
1882
1895
1711
1687
1570
1595
1570
1270
1318
1271
1192
1283
1099
936
996
1098
1142
1109
1121
1120
1022
1108
1087
972
1039
852
595
507
309
17
-41
-427
-1020
-1263
-1726
-2115
-2575
-3282
-3904
-4483
-4873
-5576
-6392
-6871
-7304
-7720
-8114
-8708
-9199
-9072
-8968
-9158
-9174
-9081
-8723
-8035
-7611
-7358
-6723
-5840
-4921
-4150
-3607
-2841
-1761
-731
42
563
1217
2143
2834
3311
3807
4128
4553
5081
5119
5082
5390
5504
5462
5432
5135
4973
5085
4915
4633
4426
4188
4102
3953
3720
3631
3408
3229
3214
3017
2886
2819
2659
2661
2598
2435
2402
2369
2380
2350
2225
2144
2052
2077
2079
1888
1841
1760
1634
1682
1567
1479
1492
1319
1264
1213
1175
1310
1167
1034
1094
999
1113
1118
769
741
736
531
384
-15
-402
-523
-808
-1295
-1826
-2300
-2620
-3014
-3615
-4276
-4876
-5308
-5767
-6314
-6870
-7310
-7658
-8028
-8263
-8469
-8523
-8520
-8505
-8415
-8188
-7665
-7382
-6960
-6389
-5801
-4855
-4198
-3604
-2777
-1832
-842
-77
539
1262
2126
2926
3571
3970
4372
4868
5246
5437
5549
5597
5644
5787
5611
5398
5275
5066
4949
4801
4514
4164
4020
3644
3563
3745
3182
2997
2948
2599
2798
2790
2465
2390
2341
2385
2312
2071
2143
2148
2023
2054
1730
1606
1891
1768
1669
1591
1402
1383
1464
1434
1222
1358
1267
1029
1176
1109
1127
1205
1029
881
875
845
880
865
570
388
205
-33
-145
-487
-918
-1328
-1862
-2270
-2720
-3369
-3879
-4416
-4967
-5489
-6225
-6807
-7154
-7484
-7815
-8432
-8974
-8963
-8894
-8862
-8843
-9039
-8773
-7985
-7567
-7244
-6630
-6016
-5065
-4007
-3559
-2986
-1846
-857
-15
712
1130
1873
2898
3457
3794
4188
4532
5020
5363
5337
5364
5491
5575
5549
5302
5062
4954
4875
4697
4312
4020
3896
3718
3597
3388
3100
3049
2973
2779
2668
2556
2500
2480
2394
2295
2192
2213
2267
2186
2141
2027
1850
1914
1965
1844
1799
1720
1614
1614
1603
1615
1664
1529
1457
1587
1599
1591
1611
1512
1471
1544
1424
1291
1245
1131
1068
774
417
166
-37
-292
-764
-1273
-1885
-2188
-2598
-3263
-3766
-4514
-5038
-5492
-6157
-6618
-7110
-7555
-7881
-8330
-8613
-8601
-8709
-8739
-8649
-8618
-8205
-7656
-7368
-6887
-6187
-5557
-4725
-3889
-3293
-2376
-1297
-596
120
935
1644
2527
3240
3539
3985
4529
4947
5282
5317
5340
5477
5546
5600
5320
5029
5058
4872
4668
4539
4085
3961
3978
3545
3396
3209
3006
2999
2759
2574
2384
2375
2378
2254
2186
2055
2013
1945
2034
2063
1909
1904
1802
1754
1883
1830
1724
1753
1681
1636
1632
1575
1606
1577
1533
1406
1269
1431
1448
1333
1316
1056
1012
1158
912
795
643
312
281
-27
-467
-628
-1045
-1519
-1958
-2719
-3203
-3573
-4274
-4874
-5604
-6300
-6705
-7096
-7678
-8237
-8452
-8845
-8976
-8940
-9248
-9057
-8720
-8630
-8197
-7693
-7331
-6558
-5796
-5214
-4292
-3533
-2706
-1670
-942
-62
790
1433
2328
2993
3510
4230
4613
4938
5408
5518
5708
5927
5801
5840
5770
5502
5340
5093
4808
4634
4414
3986
3769
3463
3205
3241
2890
2678
2649
2327
2264
2336
2149
2246
2168
1999
2129
1901
2182
2207
1930
2222
1912
1901
2214
1991
1981
2131
1950
1946
2157
2005
2047
2178
2099
2025
2001
2030
1963
2146
2068
1711
1796
1627
1544
1697
1090
829
827
272
194
-247
-1044
-1197
-1522
-2285
-2907
-3476
-4267
-4500
-5095
-6234
-6612
-7057
-7470
-7862
-8547
-9034
-9091
-9019
-9323
-9481
-9391
-9103
-8625
-8240
-7895
-7362
-6519
-5738
-4986
-4148
-3360
-2484
-1456
-539
204
1033
1843
2529
3258
3952
4303
4680
5153
5351
5553
5753
5694
5567
5767
5695
5353
5307
5040
4895
4800
4482
4221
3967
3910
3654
3299
3257
3079
2767
2698
2569
2219
2271
2229
1822
1947
1928
1772
1858
1776
1679
1702
1972
1825
1705
1854
1819
1844
1771
1881
1808
1824
1938
1715
1793
1876
1812
1739
1757
1709
1527
1536
1469
1276
1169
1027
668
372
160
-251
-596
-934
-1533
-2046
-2402
-2916
-3540
-4144
-4799
-5354
-5917
-6513
-6944
-7543
-8015
-8386
-8871
-9062
-9092
-9295
-9485
-9172
-9105
-8924
-8144
-7935
-7440
-6446
-5915
-5191
-4178
-3387
-2415
-1269
-539
156
1115
1960
2758
3533
4136
4584
5083
5614
5942
6191
6325
6406
6328
6245
6223
5878
5756
5595
5189
4951
4708
4352
3977
3894
3650
3245
3069
2731
2407
2447
2354
1968
1904
1755
1476
1718
1650
1492
1465
1344
1574
1456
1570
1616
1482
1862
1849
1794
1789
2041
2124
2193
2499
2066
2128
2522
2496
2465
2514
2228
2019
2440
2154
1793
1871
1495
1253
1130
677
254
12
-329
-881
-1503
-2024
-2559
-3217
-3642
-4224
-5204
-5706
-6265
-6975
-7165
-7722
-8441
-8737
-8988
-9138
-9206
-9323
-9390
-9231
-8712
-8411
-8055
-7465
-6990
-5840
-5260
-4733
-3588
-3048
-1747
-674
-251
665
1551
2315
3083
3904
4100
4495
5171
5242
5627
5883
5663
5721
5834
5606
5351
5253
5004
4821
4563
4197
3942
3469
3425
3331
2796
2690
2447
2005
2160
2231
1649
1622
1585
1285
1414
1207
1203
1207
1182
1298
966
1233
1590
1298
1430
1716
1512
1569
1965
1853
1826
2156
2037
1934
2168
2288
2152
2334
2483
2085
2169
2270
2041
2099
1970
1506
1221
1199
898
435
40
-411
-847
-1301
-1861
-2552
-3068
-3574
-4249
-4887
-5665
-6370
-6768
-7238
-7762
-8376
-9072
-9154
-9052
-9378
-9527
-9516
-9411
-8877
-8404
-8277
-7750
-6801
-6044
-5318
-4470
-3741
-2842
-1442
-549
-92
812
1778
2529
3413
4211
4237
4913
5579
5581
6224
6223
6220
6359
6264
6332
5924
5827
5790
5408
5123
4943
4410
4056
4247
3790
3293
3186
2828
2577
2556
2406
2091
1862
1779
1561
1370
1589
1503
1101
1232
1245
958
1246
1411
1014
1198
1531
1236
1320
1672
1509
1675
2109
1856
1666
2033
2158
2140
2336
2266
1995
2048
2169
2040
1948
1845
1439
1139
1127
801
280
26
-406
-1043
-1397
-1975
-2869
-3334
-3659
-4410
-5233
-5994
-6750
-7161
-7382
-7929
-8846
-9437
-9488
-9486
-9574
-9741
-9850
-9703
-9067
-8610
-8415
-7727
-6950
-6082
-5281
-4632
-3948
-3018
-1633
-751
-200
570
1226
2059
3235
3852
3917
4409
4892
5194
5601
5764
5670
5738
5828
5753
5498
5315
5436
5012
4966
4890
4045
4070
4134
3854
3632
3387
2951
2597
2938
2787
2425
2294
1944
1800
1936
1981
1707
1559
1612
1544
1407
1503
1555
1474
1740
1771
1380
1573
2008
1835
1946
2234
1862
1794
2218
2197
2102
2449
2197
1797
2099
2126
1938
1967
1834
1180
1014
1242
634
268
20
-756
-1067
-1383
-2283
-2924
-3222
-3816
-4544
-5304
-6198
-6780
-6957
-7280
-8155
-8992
-9239
-9242
-9207
-9368
-9579
-9641
-9264
-8664
-8529
-8054
-7361
-6776
-5865
-5033
-4426
-3762
-2568
-1376
-667
37
745
1521
2555
3469
3898
4257
4716
5105
5527
5904
5979
5880
5967
6004
5859
5758
5626
5427
5326
5162
4806
4463
4248
4229
4050
3812
3393
2908
2978
2849
2736
2707
2215
1866
2085
1982
1751
2052
1471
1519
1803
1074
1594
1626
1081
1721
1605
911
1406
1534
1219
1849
1629
1026
1429
1752
1545
1697
1880
1341
1509
1809
1448
1676
1690
1160
1129
1086
798
604
208
-91
-423
-1077
-1511
-2085
-2734
-2986
-3657
-4615
-5249
-5964
-6587
-6794
-7345
-8325
-8839
-9114
-9221
-9305
-9653
-9772
-9651
-9252
-8947
-8660
-8151
-7517
-6547
-5872
-5295
-4364
-3449
-2396
-1230
-524
26
1043
1924
2663
3588
3920
4005
4783
5253
5128
5530
5704
5423
5679
5620
5161
5235
5149
4845
4681
4279
3947
3653
3419
3453
3009
2555
2579
2165
1971
2280
1954
1625
1805
1596
1337
1662
1725
1437
1594
1720
1369
1497
1935
1693
1795
2118
1834
1836
2259
2306
2137
2583
2563
2115
2511
2612
2451
2755
2680
2211
2270
2498
2158
2007
2061
1677
1483
1410
885
581
527
82
-297
-800
-1589
-1880
-2274
-2751
-3426
-4447
-4956
-5514
-6056
-6504
-7174
-7914
-8307
-8588
-9119
-9102
-9246
-9400
-9202
-9256
-9041
-8550
-8014
-7533
-6743
-6035
-5616
-4655
-3659
-2759
-1471
-646
-265
723
1684
2557
3576
3906
4121
4825
5372
5604
5968
6033
6007
6126
5936
5736
5503
5523
5373
4907
4574
4089
3806
3670
3513
3159
2705
2421
2166
1966
2012
2045
1570
1403
1354
1198
1460
1382
1231
1253
1263
1399
1364
1420
1541
1622
1829
1822
1673
1740
1988
1997
2233
2117
1686
2061
1944
1942
2253
1902
1714
1982
1885
1494
1899
1588
1297
1536
828
717
590
108
-1
-420
-1010
-1536
-1951
-2380
-2935
-3432
-4076
-4896
-5362
-6003
-6691
-6860
-7513
-8213
-8539
-9145
-9226
-9014
-9334
-9405
-9325
-9312
-8718
-8065
-7761
-7210
-6441
-5602
-4747
-3960
-3059
-2084
-916
92
678
1430
2447
3419
4148
4729
4972
5241
6090
6263
6193
6611
6263
6142
6422
5945
5621
5582
5149
4806
4508
3929
3758
3402
3095
3069
2329
2207
2139
1534
1802
1775
1225
1356
1266
955
1314
1271
1127
1342
1236
1372
1413
1299
1651
1716
1697
2004
1858
1781
2281
2336
2213
2552
2434
2169
2560
2610
2353
2645
2621
2099
2283
2443
2096
2143
2091
1522
1434
1479
570
513
468
-510
-649
-1325
-2239
-2509
-2890
-3566
-4384
-5150
-5997
-6250
-6769
-7545
-7939
-8647
-9026
-9293
-9560
-9499
-9666
-9645
-9387
-9308
-8989
-8363
-7788
-7169
-6341
-5664
-4971
-3900
-2884
-1964
-836
78
663
1601
2561
3276
4068
4606
4882
5317
5863
6009
6155
6432
6318
6286
6157
5885
5908
5702
5419
5171
4547
4402
4283
3602
3729
3608
2757
2899
2731
1898
2299
2540
1886
1894
1784
1456
1528
1769
1790
1339
1539
1553
1041
1443
1687
1329
1507
1622
1005
1120
1698
1452
1554
1742
1321
1243
1578
1719
1535
1748
1561
992
1201
1199
1212
1216
885
503
46
45
-72
-411
-712
-1183
-1807
-2264
-2574
-3139
-3626
-4056
-4711
-5503
-6078
-6669
-7239
-7417
-7785
-8595
-9176
-9016
-9172
-9332
-8932
-9214
-9226
-8392
-7881
-7558
-6843
-6019
-5384
-4488
-3379
-2694
-1859
-417
464
941
2019
2918
3460
4338
5084
5330
5735
6302
6376
6480
6895
6719
6470
6634
6302
5962
5938
5591
5238
4897
4582
4289
3729
3685
3520
2790
2950
2813
1947
2188
2228
1621
1882
1791
1089
1245
1582
1323
1137
1321
1128
904
1372
1402
1026
1414
1656
1105
1415
1837
1315
1740
2179
1596
1580
2008
1834
1748
2200
2025
1744
1947
1809
1671
1834
1800
1470
1116
839
650
469
186
-390
-1180
-1636
-1985
-2704
-3293
-3803
-4627
-5211
-5744
-6671
-7139
-7328
-7959
-8416
-8840
-9207
-9208
-9224
-9026
-9090
-9271
-8690
-8137
-7886
-6986
-6329
-5947
-4806
-4143
-3275
-2132
-1429
-249
426
1096
2097
2603
3411
4171
4534
4983
5297
5432
5655
5961
6144
5959
5735
5635
5396
5269
5143
4806
4448
4106
3956
3547
3213
3389
2895
2558
2646
2075
1905
2311
1847
1524
1940
1382
1275
1650
1439
1443
1410
1588
1294
1305
1818
1525
1648
1918
1653
1574
1914
2015
1855
2142
2077
1659
1908
2093
1891
2097
2136
1645
1607
1698
1457
1544
1468
1008
696
412
88
-73
-423
-968
-1427
-2235
-2677
-3002
-3734
-4060
-4776
-5646
-6119
-6788
-7207
-7485
-8020
-8380
-8859
-9257
-9080
-9066
-8981
-8805
-8900
-8579
-7944
-7448
-6924
-6033
-5282
-4767
-3757
-2950
-2121
-831
131
809
1358
2359
3068
3701
4821
4866
5209
5854
5939
6220
6410
6623
6452
6435
6329
5716
5763
5674
5340
5024
4367
4081
3608
3365
3620
2745
2407
2567
1686
1807
2058
1370
1391
1553
1034
1028
1406
1142
1109
1242
1103
1022
1181
1448
1359
1431
1649
1459
1403
2042
2040
1918
2490
2001
1865
2392
2276
2266
2499
2326
1898
2108
2010
1701
1858
1700
1201
977
813
214
37
-184
-790
-1329
-2040
-2619
-3126
-3714
-4225
-4751
-5700
-6310
-6831
-7513
-7486
-8057
-8640
-8804
-9484
-9366
-9071
-9311
-9116
-8942
-8794
-8250
-7663
-7163
-6400
-5469
-4862
-4124
-3198
-2533
-1439
-41
420
883
1921
2491
3378
4276
4499
4891
5433
5716
5898
6094
6346
6436
5965
6203
5917
5006
5762
5391
4338
4709
4135
3136
3625
3592
2608
2781
2502
1559
1750
2076
1593
1292
1488
992
852
1378
1127
884
1222
1352
962
1007
1492
1205
1341
1994
1492
1250
1867
1783
1709
2257
2100
1789
2171
2154
2070
2438
2430
2117
2032
2093
1986
1837
1849
1537
1093
1051
687
108
-16
-303
-937
-1418
-1898
-2712
-3347
-3439
-4045
-5051
-5484
-6264
-7072
-7053
-7562
-8264
-8441
-9010
-9236
-8943
-9124
-9126
-8833
-8701
-8311
-7762
-7366
-6853
-5949
-5124
-4611
-3743
-2879
-2179
-925
-35
390
1369
2182
2824
3771
4285
4635
5213
5628
5940
6160
6314
6389
6261
6241
6178
5923
5842
5565
5118
5097
4879
4376
4233
3812
3490
3718
3143
2470
2703
2457
2129
2231
1761
1649
1760
1383
1538
1587
1117
1296
1542
1047
1138
1435
1134
1158
1311
1158
911
1271
1233
991
1504
1178
855
1188
1260
1248
1332
1238
892
1018
1184
979
866
878
704
410
248
-75
-264
-320
-791
-1419
-1957
-2499
-2851
-3178
-3817
-4526
-5232
-5903
-6307
-6705
-7213
-7582
-8041
-8618
-8794
-8772
-8919
-8761
-8581
-8745
-8437
-7867
-7512
-6811
-6002
-5497
-4848
-4061
-3171
-2225
-1344
-177
425
944
2095
2673
3368
4257
4510
4816
5357
5525
5551
5947
6015
5742
5700
5618
5230
5028
5065
4626
4291
4204
3696
3301
3278
3177
2844
2489
2398
2127
1820
2056
1792
1427
1753
1497
1217
1520
1357
1174
1455
1434
1197
1137
1293
1492
1267
1440
1632
1067
1422
1820
1396
1762
1858
1462
1758
2023
1865
1810
2100
2019
1769
2027
1798
1467
1844
1695
1134
997
630
282
395
-10
-791
-1289
-1706
-2104
-2585
-3121
-3871
-4514
-4922
-5534
-6129
-6815
-7146
-7314
-7840
-8273
-8707
-8794
-8482
-8361
-8424
-8360
-8155
-7690
-6869
-6313
-5872
-5130
-4387
-3570
-2632
-1868
-1029
35
815
1373
2112
2818
3424
4231
4800
4902
5205
5498
5543
5903
6106
5785
5606
5448
5147
5078
4985
4559
4130
3894
3637
3178
2829
2747
2415
2070
1979
1532
1151
1471
1394
983
1168
890
642
1070
1015
797
961
1149
906
896
1254
1089
1274
1610
1177
1199
1687
1547
1570
2058
1793
1697
2128
1794
1879
2223
1984
1957
1817
1709
1757
1709
1628
1369
1190
1073
708
467
327
-98
-469
-1027
-1632
-2028
-2545
-3019
-3681
-4351
-4921
-5609
-6139
-6634
-6956
-7445
-8137
-8365
-8624
-8625
-8387
-8749
-8848
-8413
-8098
-7699
-7118
-6747
-6213
-5243
-4573
-4007
-3052
-2123
-1205
-159
514
963
1878
2901
3592
4210
4561
4673
5143
5595
5615
5690
5715
5516
5451
5250
4938
4796
4580
4272
3966
3554
3188
3034
2629
2478
2447
1884
1735
1511
1246
1546
1487
1166
1112
1098
1058
1243
1318
1272
1295
1359
1483
1309
1384
1781
1730
1765
1965
1681
1754
2288
2184
2153
2405
2191
2092
2469
2465
2439
2682
2422
2226
2192
2322
2228
2035
2134
1506
1269
1261
753
462
200
-169
-984
-1569
-1931
-2569
-3045
-3543
-4375
-5137
-5485
-6132
-6883
-7119
-7582
-8231
-8365
-8707
-9267
-8921
-8629
-8903
-8632
-8335
-8179
-7338
-6608
-6253
-5494
-4671
-3890
-2957
-2162
-1367
-405
564
1382
1972
2639
3427
4065
4686
5167
5313
5581
5921
5990
6153
6256
6014
5853
5674
5392
5196
4883
4560
4233
3804
3544
3134
2660
2596
2290
1937
1833
1385
1084
1228
1131
898
920
640
529
769
660
701
722
676
685
698
883
861
909
1090
1110
998
1070
1276
1247
1414
1623
1396
1393
1701
1623
1663
1958
1739
1584
1796
1660
1513
1646
1450
1086
977
717
290
108
-119
-688
-1200
-1619
-2179
-2655
-3070
-3723
-4448
-4958
-5463
-6216
-6750
-6992
-7518
-7934
-8113
-8659
-8793
-8355
-8382
-8395
-8085
-7914
-7391
-6571
-6186
-5662
-4737
-3962
-3196
-2311
-1448
-645
476
1434
1994
2783
3486
4151
4820
5465
5801
5854
6276
6422
6435
6656
6467
6155
6032
5720
5257
4984
4678
4242
3858
3400
2892
2447
2264
2099
1677
1397
1126
828
759
816
655
565
692
398
421
644
575
753
756
698
696
727
937
1042
1148
1309
1277
1263
1502
1626
1719
1971
1992
1894
2029
2152
2167
2384
2457
2247
2248
2258
2107
2141
2113
1843
1657
1354
938
631
445
228
-434
-1097
-1485
-2047
-2557
-2905
-3718
-4393
-4714
-5460
-6056
-6584
-6960
-7411
-7787
-7822
-8634
-8698
-8225
-8414
-8257
-7988
-7849
-7422
-6574
-6151
-5754
-4803
-4081
-3372
-2489
-1752
-1058
-33
928
1462
2117
2898
3440
4015
4668
4906
5068
5448
5509
5473
5632
5586
5376
5198
4966
4656
4431
4267
3999
3621
3315
3102
2641
2429
2530
2114
1852
1810
1307
1288
1595
1300
1156
1210
958
954
1167
1165
1122
1167
1172
1033
1081
1299
1305
1374
1478
1342
1137
1344
1631
1593
1783
1691
1278
1549
1896
1736
1837
1878
1502
1629
1700
1390
1358
1343
1109
716
438
133
-219
-289
-626
-1372
-1888
-2298
-2842
-3239
-3667
-4380
-4999
-5386
-5927
-6525
-6771
-7016
-7494
-7687
-7890
-8258
-8148
-7851
-7909
-7753
-7302
-7228
-6707
-5896
-5494
-4754
-3954
-3264
-2606
-1807
-828
-27
922
1735
2216
2836
3673
4247
4690
5301
5487
5541
5900
5984
5883
6020
5924
5559
5379
5091
4657
4376
4170
3810
3297
2979
2654
2166
2111
2003
1461
1385
1305
891
1005
1073
815
923
1009
884
898
998
1070
1100
1290
1419
1234
1323
1552
1514
1692
1888
1699
1685
1918
1922
1908
2148
2102
1888
2147
2167
1845
2069
2195
1937
2024
1859
1435
1618
1718
1305
946
629
286
143
-85
-625
-1138
-1664
-2071
-2485
-3045
-3516
-4214
-4716
-5130
-5897
-6341
-6726
-7148
-7407
-7781
-8125
-8447
-8412
-8111
-8108
-8029
-7945
-7828
-7032
-6219
-5949
-5482
-4688
-4077
-3056
-2083
-1740
-814
175
978
1583
2061
2950
3383
4068
4675
4652
4866
5280
5580
5469
5628
5489
5063
5230
5020
4559
4479
4145
3706
3630
3266
2887
2613
2412
2390
2048
1907
1736
1369
1450
1637
1393
1321
1398
1055
1201
1410
1260
1315
1450
1381
1185
1389
1463
1450
1667
1641
1458
1467
1675
1646
1764
1918
1682
1654
1813
1835
1764
1866
1937
1642
1608
1570
1222
1273
1276
817
506
325
-130
-359
-462
-1045
-1669
-2073
-2456
-2943
-3314
-3862
-4674
-4960
-5178
-5795
-6327
-6720
-7118
-7269
-7341
-7847
-8237
-8009
-7760
-7737
-7596
-7449
-7167
-6389
-5726
-5488
-4967
-4079
-3321
-2536
-1712
-1194
-506
600
1372
1823
2546
3161
3631
4376
4859
4915
5234
5605
5564
5732
5894
5569
5424
5359
5120
4911
4716
4404
3954
3769
3646
3181
2894
2799
2502
2375
2225
1799
1618
1763
1860
1596
1351
1226
1143
1406
1561
1238
979
1145
1184
1182
1364
1227
1097
1318
1348
1031
1184
1383
1214
1457
1434
1009
1144
1424
1376
1428
1437
1103
1012
1217
1118
920
926
668
250
172
-29
-451
-618
-874
-1497
-1916
-2226
-2760
-3152
-3446
-4020
-4619
-4947
-5488
-6059
-6238
-6475
-6840
-7169
-7368
-7620
-7669
-7323
-7322
-7337
-6962
-6789
-6544
-5759
-5223
-4946
-4190
-3557
-3094
-2197
-1443
-945
-78
753
1176
1680
2305
2839
3421
3933
4117
4113
4371
4757
4794
4840
4834
4466
4370
4470
4163
3977
3844
3418
3278
3069
2907
2659
2343
2499
2155
1926
2100
1749
1520
1855
1842
1505
1694
1530
1398
1814
1705
1432
1603
1744
1467
1540
1798
1510
1522
1894
1681
1451
1802
1810
1561
1821
1916
1637
1770
1901
1564
1641
2020
1762
1377
1440
1386
1241
1322
1035
457
297
187
-171
-458
-906
-1531
-1923
-2187
-2683
-3334
-3770
-4177
-4771
-5134
-5606
-6406
-6613
-6598
-7076
-7331
-7536
-8024
-7854
-7278
-7321
-7489
-7328
-7010
-6338
-5632
-5348
-5004
-4244
-3529
-2734
-1981
-1541
-703
255
857
1417
1964
2486
3157
3838
4095
4322
4641
4770
5057
5219
5125
5149
5034
4855
4863
4676
4320
4229
3992
3731
3744
3201
2863
3073
2766
2720
2708
2099
2169
2313
1988
2278
2108
1526
1951
1858
1477
1908
1675
1575
1736
1322
1591
1685
1344
1689
1656
1223
1364
1366
1221
1480
1456
1187
1079
1074
1113
1137
1230
995
685
851
766
515
573
377
89
13
-328
-783
-900
-1049
-1460
-1910
-2452
-2903
-3226
-3578
-4031
-4761
-5182
-5442
-6074
-6463
-6753
-7148
-7320
-7490
-7884
-8016
-7744
-7664
-7563
-7295
-7151
-6784
-6074
-5543
-5153
-4414
-3622
-2994
-2224
-1491
-899
-17
893
1339
1815
2484
2956
3481
4068
4268
4313
4596
4817
4748
4827
4951
4574
4401
4507
4038
3796
3918
3456
3149
3210
2797
2450
2539
2511
2271
2153
2175
1873
1883
2302
2046
1946
2230
1970
1927
2310
2245
2084
2286
2212
1976
2148
2267
2107
2095
2112
1987
1823
1866
2033
1763
1734
1878
1411
1428
1625
1261
1344
1427
957
876
967
717
639
567
199
-123
-311
-520
-803
-1092
-1419
-1963
-2446
-2627
-3027
-3658
-3981
-4430
-5051
-5235
-5637
-6389
-6486
-6560
-7105
-7242
-7391
-7764
-7454
-7101
-7287
-7217
-6852
-6491
-5926
-5307
-4918
-4476
-3693
-2923
-2261
-1466
-841
-216
745
1443
1873
2486
3063
3667
4275
4492
4577
4810
5038
5214
5230
5053
4888
4775
4675
4484
4152
3888
3764
3466
3093
2970
2668
2337
2424
2257
1845
1945
1851
1516
1821
1780
1567
1808
1673
1430
1590
1868
1694
1650
1862
1602
1604
1881
1783
1623
1737
1759
1479
1597
1580
1298
1546
1559
1257
1171
1217
1023
1172
1405
912
939
762
520
802
594
454
59
-282
-304
-595
-852
-1155
-1527
-1890
-2284
-2671
-3193
-3693
-3843
-4301
-5022
-5401
-6055
-6471
-6364
-6796
-7275
-7413
-7812
-7771
-7303
-7382
-7340
-6995
-6959
-6465
-5582
-5292
-4860
-3909
-3229
-2553
-1740
-1190
-327
809
1416
1832
2425
2960
3613
4285
4615
4710
4763
4946
5174
5240
5156
4872
4557
4441
4260
3938
3614
3302
3115
2838
2585
2303
1888
1914
1933
1668
1599
1446
1138
1470
1758
1423
1587
1581
1430
1822
1924
1903
1881
1906
2079
2063
2102
2180
2160
2235
2429
2270
1993
2237
2265
2233
2432
2159
1785
1887
2113
1848
1935
1876
1296
1489
1563
1104
1031
1067
526
395
151
-525
-470
-782
-1159
-1677
-2400
-2662
-3127
-3527
-3937
-4462
-5102
-5529
-5847
-6465
-6668
-6841
-7302
-7493
-7704
-8022
-7730
-7414
-7562
-7333
-7007
-6816
-6156
-5478
-5107
-4439
-3671
-3114
-2321
-1452
-786
20
872
1483
2071
2627
3124
3784
4302
4515
4732
4868
4947
5201
5318
5144
4942
4718
4546
4471
4213
3925
3702
3278
3022
2936
2530
2287
2266
1995
1867
1800
1490
1433
1572
1583
1533
1476
1428
1318
1461
1833
1758
1536
1633
1542
1558
1906
1793
1582
1752
1767
1568
1687
1826
1624
1760
1803
1448
1401
1471
1396
1396
1415
1073
718
761
750
633
530
198
-228
-433
-493
-711
-1115
-1470
-1861
-2374
-2601
-2943
-3712
-3976
-4251
-4996
-5322
-5733
-6495
-6683
-6541
-7082
-7630
-7680
-7889
-7753
-7379
-7509
-7565
-7144
-6690
-6121
-5483
-5145
-4605
-3678
-2785
-2116
-1502
-807
164
1206
1816
2369
2914
3556
4362
4880
5178
5369
5600
5853
6019
6010
5939
5801
5576
5411
5131
4900
4608
4226
3930
3592
3313
2958
2582
2374
2247
2078
1757
1443
1325
1464
1551
1352
1115
1008
1182
1351
1349
1293
1103
1236
1454
1409
1476
1485
1408
1578
1754
1592
1553
1672
1620
1798
1911
1570
1434
1608
1652
1721
1634
1205
1045
1184
1177
981
632
304
187
105
-103
-496
-948
-1178
-1414
-1971
-2460
-2819
-3292
-3587
-3945
-4727
-5225
-5367
-5899
-6261
-6343
-6832
-7185
-7242
-7480
-7492
-7076
-7164
-7280
-6793
-6653
-6191
-5354
-5053
-4616
-3881
-3104
-2456
-1817
-956
-204
592
1303
1758
2275
2962
3719
4110
4400
4651
4723
5039
5312
5322
5261
5170
4945
4735
4662
4465
4190
3986
3724
3362
3111
2858
2540
2420
2349
2055
1741
1502
1321
1474
1513
1272
1131
960
922
1070
1210
1179
1044
1080
1063
1028
1142
1300
1353
1294
1353
1200
1137
1499
1563
1564
1639
1454
1245
1475
1721
1585
1692
1492
1097
1241
1263
1057
991
821
411
178
-53
-435
-606
-836
-1293
-1843
-2370
-2744
-3038
-3413
-3872
-4545
-5171
-5420
-5810
-6306
-6500
-6871
-7268
-7309
-7602
-7867
-7523
-7324
-7373
-7142
-6936
-6598
-5825
-5213
-4768
-4126
-3458
-2691
-1875
-1255
-482
489
1187
1705
2338
2966
3527
4187
4726
4863
5015
5418
5616
5627
5757
5733
5493
5361
5208
4928
4812
4683
4231
3814
3672
3434
3090
2939
2701
2307
2212
2078
1665
1619
1710
1459
1302
1236
1012
1079
1298
1119
880
883
929
935
1016
1072
1015
979
1096
1151
1029
1267
1334
1208
1375
1299
1275
1383
1480
1459
1423
1457
1204
1183
1298
1214
1128
936
626
394
267
36
-199
-524
-927
-1364
-1943
-2325
-2594
-3123
-3595
-4113
-4907
-5259
-5509
-6123
-6473
-6759
-7248
-7470
-7618
-7980
-7770
-7482
-7605
-7470
-7381
-7024
-6260
-5585
-5163
-4824
-4131
-3383
-2515
-1644
-1066
-296
457
1126
1732
2389
3170
3632
4087
4409
4603
4813
5194
5416
5149
5433
5230
4876
5031
4635
4576
4492
4031
3654
3381
3280
3055
2790
2511
2205
2071
2013
1704
1494
1530
1462
1451
1385
1165
1126
1251
1311
1356
1327
1210
1207
1247
1353
1517
1445
1304
1382
1416
1423
1514
1432
1367
1543
1564
1408
1386
1384
1425
1592
1476
1124
1006
1016
953
855
580
210
8
-167
-448
-771
-1169
-1567
-1898
-2299
-2766
-3229
-3759
-4190
-4537
-5005
-5485
-6056
-6508
-6608
-6789
-7171
-7479
-7759
-7632
-7234
-7346
-7305
-7131
-6854
-6022
-5478
-5269
-4838
-3970
-3132
-2409
-1663
-1226
-365
740
1360
1862
2473
3131
3835
4493
4781
4894
5243
5599
5798
5958
5935
5694
5596
5482
5290
5186
4788
4532
4159
3690
3784
3313
2787
2756
2333
1997
1896
1420
1049
1256
1155
877
819
540
461
741
839
672
635
642
555
701
906
874
906
1005
895
908
1141
1218
1245
1397
1375
1159
1137
1276
1429
1622
1607
1301
1122
1168
1263
1406
1274
904
620
415
243
42
-99
-442
-1035
-1450
-1988
-2413
-2566
-3012
-3607
-4246
-4864
-5363
-5746
-6018
-6455
-6903
-7310
-7711
-7954
-7951
-7722
-7777
-7756
-7540
-7522
-6949
-6246
-5898
-5282
-4583
-4021
-3339
-2430
-1693
-854
159
782
1336
2036
2814
3443
3979
4540
4713
4953
5387
5336
5404
5802
5673
5421
5256
4784
4598
4689
4477
3969
3469
3232
2840
2630
2685
2201
1878
1804
1426
1214
1175
1175
1167
968
782
618
502
836
1042
780
818
680
465
937
1105
1010
1077
1012
884
988
1325
1235
1280
1483
1256
1241
1392
1430
1497
1734
1664
1303
1346
1398
1316
1458
1417
1042
843
656
367
284
155
-205
-667
-1153
-1590
-2022
-2370
-2647
-3189
-3829
-4268
-4903
-5518
-5676
-5937
-6361
-6638
-7247
-7767
-7485
-7185
-7233
-7195
-7229
-7208
-6629
-5902
-5519
-5007
-4251
-3727
-3114
-2276
-1636
-748
360
936
1290
1816
2457
3209
3858
4330
4481
4512
4872
5053
5133
5491
5357
5012
5005
4746
4474
4485
4336
3950
3603
3469
3033
2566
2724
2603
2208
2324
1955
1349
1663
1762
1584
1775
1514
1019
1217
1430
1322
1505
1285
1198
1180
1038
1346
997
1118
1525
1060
873
976
921
1015
1430
1155
705
847
778
872
1215
1080
664
709
799
603
684
674
321
230
186
-236
-499
-581
-892
-1262
-1605
-2077
-2640
-3076
-3393
-3878
-4414
-4789
-5420
-6104
-6248
-6519
-6997
-7144
-7579
-7931
-7560
-7555
-7729
-7319
-7077
-6758
-6088
-5799
-5419
-4520
-3726
-3000
-2202
-1694
-937
179
1018
1669
2239
2820
3425
4026
4475
4699
5031
5216
5228
5327
5335
5271
5160
5006
4725
4349
4171
3969
3602
3221
2917
2671
2290
2012
1814
1456
1415
1344
833
803
963
738
843
885
607
669
838
915
979
941
949
1046
1153
1234
1201
1362
1619
1498
1559
1604
1380
1829
2002
1756
2169
1915
1666
2247
2012
2030
2328
1885
2000
1914
1453
1778
1758
1299
1130
707
304
262
17
-521
-998
-1419
-1989
-2471
-2816
-3438
-3967
-4279
-4999
-5803
-6154
-6419
-6683
-6842
-7356
-8035
-8019
-7629
-7632
-7668
-7513
-7446
-7072
-6335
-5954
-5670
-4839
-3993
-3485
-2812
-2057
-1377
-362
651
1080
1517
2304
2921
3497
4194
4471
4506
4938
5266
5226
5396
5501
5253
5179
5247
4817
4465
4562
4266
3817
3752
3510
2850
2745
2805
2280
2244
2214
1565
1521
1760
1464
1293
1365
1160
1004
1140
1059
799
961
1181
851
718
899
705
801
1179
934
641
951
983
763
1227
1254
865
1243
1303
978
1287
1463
1179
1279
1322
985
937
1056
966
629
399
264
-214
-447
-426
-1048
-1600
-1671
-2236
-2844
-3068
-3647
-4134
-4245
-4932
-5733
-5831
-6021
-6439
-6612
-7089
-7530
-7186
-6980
-7227
-7126
-6955
-6765
-6024
-5472
-5408
-4837
-3911
-3233
-2528
-1893
-1320
-374
654
1360
1807
2324
3132
3832
4319
4765
4891
5048
5510
5601
5488
5595
5430
5088
4981
4756
4322
4092
3813
3291
2973
2765
2276
1891
1807
1497
1169
1039
745
452
577
664
389
394
324
224
438
679
667
489
773
765
829
1192
1135
1170
1341
1565
1472
1580
1834
1768
2063
2301
2212
2102
2284
2420
2431
2706
2603
2223
2253
2223
1943
2150
2142
1449
1232
1075
603
665
293
-575
-655
-1174
-1974
-2051
-2733
-3362
-3465
-4230
-4812
-5248
-6114
-6075
-6060
-6929
-7150
-7470
-7968
-7502
-7285
-7595
-7533
-7303
-7124
-6566
-5859
-5685
-5119
-4092
-3670
-3067
-2106
-1527
-787
430
1180
1433
2140
2819
3279
4226
4857
4617
4707
5161
5154
5381
5671
5165
4789
4890
4627
4260
4202
3972
3479
3228
3011
2333
2003
2270
1954
1440
1357
797
337
863
1055
616
478
170
-225
244
759
461
234
304
165
295
798
871
670
903
1211
1049
1093
1566
1631
1788
2292
1899
1568
2282
2421
2280
2708
2354
1820
2238
2287
1927
2067
1897
1279
1125
1021
569
301
143
-403
-1064
-1377
-1807
-2416
-2682
-3074
-3818
-4201
-4686
-5481
-5724
-5990
-6340
-6755
-7311
-7475
-7847
-7799
-7320
-7512
-7683
-7414
-7236
-6830
-5924
-5522
-5229
-4420
-3780
-3170
-2178
-1293
-658
325
1123
1520
2103
2950
3616
4198
4851
4758
4863
5424
5502
5643
5750
5539
5246
5046
4947
4832
4557
4244
3948
3520
3389
3103
2516
2593
2601
2061
1920
1687
1250
1503
1657
1332
1218
1055
891
1058
1139
1093
1087
1026
1001
883
812
1161
1319
1153
1272
1184
956
1374
1596
1414
1697
1659
1243
1555
1771
1562
1849
1905
1463
1476
1552
1389
1458
1413
1085
782
468
230
133
-64
-471
-1084
-1617
-1913
-2351
-2862
-3244
-3791
-4378
-4789
-5403
-5958
-6078
-6409
-6818
-7050
-7565
-7816
-7509
-7392
-7274
-7234
-7332
-6582
-6067
-5828
-5042
-4610
-3802
-2920
-2529
-1736
-1015
-294
853
1410
1570
2345
2844
3283
4131
4244
4236
4642
4713
4736
4954
4888
4670
4514
4319
4116
3840
3696
3570
3193
3045
2853
2272
2259
2455
2066
2013
1987
1420
1440
1812
1592
1530
1690
1333
1291
1645
1590
1492
1632
1632
1461
1610
1698
1510
1620
1779
1651
1494
1581
1517
1405
1716
1695
1300
1374
1407
1163
1380
1384
899
930
955
585
633
596
147
65
-147
-546
-622
-945
-1355
-1669
-2113
-2389
-2685
-3320
-3696
-4055
-4606
-4802
-5381
-5984
-6136
-6446
-6678
-6963
-7362
-7551
-7275
-7072
-7212
-7063
-6870
-6537
-5798
-5246
-5014
-4420
-3544
-2904
-2073
-1263
-920
-34
1131
1510
2166
2913
3232
3950
4549
4843
5050
5244
5388
5446
5543
5503
5336
4999
4893
4694
4267
4078
3795
3348
3075
2964
2346
2080
2208
1706
1592
1579
1070
971
1222
1133
1057
1183
1000
933
1213
1393
1391
1440
1524
1425
1473
1801
1815
1739
1966
1856
1692
2000
2040
1887
2039
1998
1737
1791
1909
1687
1611
1733
1431
1214
1337
1068
851
894
531
129
-57
-261
-453
-849
-1321
-1767
-2277
-2490
-2798
-3535
-4023
-4479
-5124
-5351
-5587
-6270
-6707
-6866
-7205
-7451
-7532
-7715
-7710
-7488
-7502
-7510
-7154
-6667
-6139
-5586
-5233
-4804
-3954
-3057
-2309
-1614
-1029
-302
657
1394
1915
2534
3132
3766
4281
4508
4689
5028
5365
5397
5385
5276
5093
4873
4787
4644
4104
4002
3681
3082
2914
2606
2212
2003
1926
1504
1215
1145
801
756
897
830
609
502
475
511
837
1053
877
764
949
1058
1252
1580
1504
1423
1698
1744
1709
1985
2109
2131
2284
2208
2006
2098
2359
2447
2395
2274
1994
1876
2039
2017
1823
1631
1324
1046
807
495
252
-7
-343
-750
-1381
-1907
-2108
-2501
-3048
-3516
-4235
-4826
-5033
-5566
-6154
-6313
-6646
-7086
-7296
-7686
-7902
-7555
-7398
-7597
-7579
-7364
-6992
-6343
-5823
-5548
-5035
-4248
-3519
-2860
-2194
-1437
-496
353
898
1440
2117
2808
3515
4041
4253
4471
4795
5022
5232
5364
5220
5083
4972
4761
4659
4521
4208
3981
3650
3246
3129
2866
2589
2438
2217
2151
1879
1559
1606
1717
1675
1634
1598
1373
1335
1595
1778
1715
1629
1646
1569
1638
1902
1861
1691
1865
1765
1536
1828
1815
1577
1839
1849
1395
1451
1674
1394
1482
1578
1075
995
984
777
878
719
327
34
-243
-371
-512
-900
-1287
-1744
-2230
-2330
-2713
-3353
-3702
-4260
-4757
-5036
-5595
-6120
-6411
-6707
-7026
-7269
-7576
-7788
-7537
-7299
-7363
-7331
-7156
-6830
-6123
-5569
-5410
-4811
-4070
-3493
-2499
-1785
-1397
-415
477
1034
1807
2347
2837
3561
4068
4351
4567
4755
4955
5134
5184
5092
4767
4557
4576
4301
4072
3769
3228
2992
2806
2457
2198
1938
1686
1521
1271
1183
1013
844
1149
893
760
1146
719
1019
1559
1048
1284
1535
1294
1646
1863
1713
1888
1914
1836
2097
1938
1965
2175
1989
2099
2077
1917
2019
2067
1975
1921
1918
1833
1781
1701
1494
1378
1374
1192
895
605
342
178
-66
-402
-867
-1435
-1750
-2057
-2664
-3105
-3530
-4204
-4544
-4916
-5541
-5925
-6161
-6450
-6740
-6984
-7452
-7605
-7190
-7084
-7193
-7155
-7071
-6673
-5886
-5436
-5301
-4770
-4041
-3322
-2519
-1876
-1376
-599
349
987
1485
2104
2689
3323
3947
4151
4253
4598
4828
4957
5120
5017
4782
4715
4649
4463
4238
3956
3630
3388
3270
3139
2788
2430
2254
2161
2226
2204
1886
1627
1731
1861
1894
1873
1648
1565
1730
1906
1755
1629
1747
1571
1671
1729
1312
1403
1470
1333
1510
1229
960
1202
1157
1227
1225
842
923
982
920
1178
986
664
759
717
676
681
375
99
-14
-206
-423
-672
-1044
-1474
-1869
-2202
-2555
-3009
-3451
-3852
-4271
-4635
-5085
-5645
-5986
-6152
-6338
-6603
-7062
-7380
-7188
-6888
-6876
-6922
-6836
-6602
-6019
-5332
-5057
-4736
-3988
-3281
-2561
-1776
-1258
-621
328
1119
1645
2111
2660
3227
3823
4386
4536
4547
4802
4904
4938
5066
4883
4546
4349
4184
3956
3651
3434
3138
2703
2572
2364
1824
1713
1801
1550
1385
1235
891
905
1186
1195
1143
1140
948
911
1229
1427
1427
1452
1416
1332
1419
1600
1651
1676
1773
1679
1502
1672
1822
1841
2054
1989
1736
1832
1959
1854
1930
2011
1827
1661
1470
1425
1380
1272
1202
747
306
117
-134
-299
-561
-1201
-1745
-2017
-2461
-2854
-3182
-3791
-4296
-4582
-5066
-5584
-5881
-6133
-6344
-6498
-6806
-7178
-7183
-6895
-6702
-6548
-6450
-6408
-6020
-5376
-4870
-4410
-3934
-3421
-2723
-1988
-1364
-740
-63
660
1320
1790
2215
2727
3274
3800
4132
4215
4308
4463
4635
4845
4803
4469
4253
4113
3932
3888
3704
3253
2992
2861
2597
2396
2223
2011
1962
1942
1689
1409
1372
1530
1661
1629
1448
1241
1264
1490
1665
1604
1419
1351
1347
1414
1462
1450
1453
1506
1432
1222
1307
1359
1386
1488
1300
1135
1120
1148
1137
1153
1146
930
797
732
542
600
655
290
78
-210
-513
-455
-698
-1004
-1340
-1912
-2228
-2423
-2822
-3188
-3510
-4028
-4410
-4720
-5153
-5433
-5641
-5871
-6099
-6352
-6569
-6676
-6607
-6352
-6191
-6188
-6053
-5831
-5378
-4632
-4126
-3791
-3227
-2599
-1858
-1018
-427
144
930
1612
2095
2547
2981
3452
4058
4503
4496
4388
4520
4736
4930
4979
4621
4165
4033
4000
3829
3580
3209
2801
2547
2356
2121
1881
1821
1762
1513
1374
1260
1145
1316
1557
1437
1332
1350
1220
1466
1755
1697
1630
1550
1491
1505
1687
1780
1633
1566
1506
1404
1454
1565
1538
1490
1422
1277
1215
1272
1294
1242
1202
1065
835
730
714
714
724
559
210
-120
-262
-220
-272
-577
-1114
-1632
-1791
-1949
-2258
-2553
-3189
-3693
-3757
-4200
-4691
-4897
-5222
-5343
-5584
-6101
-6204
-6245
-6169
-5694
-5752
-6107
-5909
-5528
-5004
-4309
-4013
-3881
-3390
-2732
-2055
-1254
-676
-284
380
1026
1485
1974
2502
2906
3333
3725
3752
3843
4060
4256
4389
4272
4119
3870
3661
3716
3574
3234
3107
2839
2416
2447
2311
1872
1936
1861
1600
1664
1536
1253
1262
1510
1528
1404
1357
1243
1286
1502
1603
1452
1377
1431
1293
1257
1360
1255
1222
1366
1145
867
981
1039
1050
1199
1033
693
719
816
802
945
923
599
449
434
372
435
420
139
-149
-347
-487
-607
-752
-982
-1352
-1752
-2055
-2381
-2695
-2856
-3195
-3655
-3981
-4383
-4762
-4826
-4986
-5290
-5369
-5714
-5903
-5808
-5748
-5445
-5441
-5366
-5103
-4908
-4369
-3788
-3408
-3006
-2391
-1877
-1313
-634
-177
390
1106
1632
1958
2388
2799
3124
3638
3928
3850
3959
4116
4126
4311
4280
3957
3821
3704
3491
3343
3133
2856
2730
2509
2296
2111
1848
1923
1859
1593
1565
1407
1252
1441
1545
1324
1262
1246
1146
1382
1552
1449
1428
1424
1377
1415
1587
1556
1458
1479
1422
1348
1281
1386
1336
1305
1423
1202
1118
1147
1065
1086
1179
975
672
695
554
501
574
277
14
-123
-367
-534
-649
-909
-1224
-1606
-2011
-2334
-2632
-2850
-3135
-3609
-4059
-4402
-4713
-4864
-4998
-5254
-5446
-5661
-5850
-5896
-5780
-5504
-5325
-5291
-5164
-5101
-4699
-3805
-3473
-3075
-2575
-2472
-1632
-749
-336
232
806
1184
1665
2278
2606
3061
3500
3695
3902
3914
3947
4136
4223
4208
4063
3709
3501
3417
3235
3178
2993
2541
2247
2110
1926
1783
1654
1392
1170
1155
1059
831
788
814
872
1044
930
643
717
943
1112
1278
1183
953
1015
1192
1260
1300
1260
1169
1168
1156
1069
1026
1086
1161
1084
882
743
687
758
925
859
614
465
319
256
385
343
122
-82
-353
-548
-563
-677
-863
-1083
-1469
-1770
-2010
-2310
-2433
-2631
-3100
-3414
-3748
-4179
-4222
-4378
-4674
-4733
-4942
-5232
-5277
-5155
-5103
-4894
-4676
-4755
-4578
-4191
-3806
-3275
-2822
-2521
-2150
-1568
-1044
-457
233
605
1123
1730
1984
2292
2871
3227
3485
3907
3730
3732
4031
3974
4254
4169
3805
3683
3393
3327
3302
3006
2822
2503
2091
2032
1845
1641
1642
1388
1110
1031
907
850
974
929
881
870
756
788
861
1010
1071
991
925
832
915
1038
1047
1017
945
797
763
910
928
880
847
743
691
741
755
691
723
769
654
602
597
395
365
563
408
118
10
-263
-382
-252
-518
-958
-1185
-1516
-1705
-1749
-2178
-2552
-2813
-3110
-3279
-3589
-3874
-4103
-4265
-4294
-4465
-4764
-4876
-4761
-4700
-4504
-4389
-4571
-4391
-4008
-3760
-3301
-2948
-2843
-2406
-1900
-1548
-986
-482
-140
341
840
1161
1465
1924
2254
2572
2951
2887
2907
3251
3337
3448
3598
3293
3168
3294
3068
3091
3028
2687
2657
2434
2219
2169
1963
1920
1847
1525
1411
1354
1118
1176
1211
925
874
862
650
713
824
658
625
648
497
466
587
569
480
547
511
388
495
558
500
587
593
511
567
577
597
680
693
676
636
582
558
535
459
467
288
98
127
-167
-295
-321
-683
-846
-978
-1345
-1520
-1667
-2047
-2146
-2349
-2723
-2849
-3104
-3347
-3440
-3531
-3712
-3810
-3851
-3975
-3935
-3897
-3833
-3633
-3491
-3405
-3272
-3088
-2808
-2413
-2134
-1888
-1589
-1346
-951
-464
-130
217
570
767
1083
1482
1701
1988
2323
2437
2536
2680
2745
2924
3121
3122
2983
2848
2870
2855
2840
2912
2668
2466
2574
2358
2222
2315
2021
1925
1944
1608
1511
1528
1406
1349
1223
988
833
803
758
663
557
411
254
228
207
107
94
29
-34
9
-124
-213
-74
-18
1
62
-23
-59
129
202
201
283
186
182
325
249
233
238
141
171
107
-109
-225
-280
-358
-444
-659
-964
-1144
-1284
-1437
-1605
-1844
-2095
-2343
-2485
-2658
-2834
-2890
-3123
-3242
-3269
-3434
-3461
-3410
-3390
-3353
-3238
-3223
-3167
-2918
-2735
-2499
-2224
-2026
-1854
-1602
-1201
-885
-574
-254
-100
182
563
794
1011
1243
1414
1620
1847
1926
1996
2198
2360
2447
2515
2508
2474
2593
2731
2687
2649
2595
2537
2588
2608
2496
2349
2327
2263
2184
2072
1897
1801
1705
1670
1440
1255
1181
984
994
877
643
515
353
297
262
152
66
-35
-110
-87
-160
-242
-241
-311
-325
-284
-353
-399
-317
-289
-313
-309
-358
-403
-352
-337
-428
-472
-578
-688
-677
-761
-880
-974
-1101
-1248
-1323
-1410
-1617
-1711
-1812
-2009
-2059
-2136
-2286
-2311
-2336
-2459
-2480
-2484
-2563
-2480
-2440
-2464
-2386
-2359
-2259
-2111
-1981
-1874
-1750
-1601
-1428
-1161
-961
-737
-518
-322
-59
177
441
672
909
1153
1334
1547
1745
1959
2182
2349
2495
2606
2687
2825
2990
3020
3052
3099
2994
2999
3038
2958
2941
2868
2690
2555
2464
2320
2172
2054
1840
1622
1422
1210
1018
847
687
451
280
82
-133
-155
-315
-477
-574
-763
-882
-954
-944
-977
-1073
-1062
-1102
-1170
-1105
-1068
-1103
-1056
-1039
-1100
-1058
-978
-1006
-961
-911
-1006
-1030
-1006
-1035
-1059
-1053
-1129
-1255
-1276
-1339
-1429
-1431
-1492
-1608
-1650
-1666
-1741
-1716
-1664
-1728
-1695
-1646
-1687
-1620
-1502
-1481
-1421
-1282
-1264
-1190
-1006
-933
-805
-628
-541
-428
-252
-131
-8
184
289
393
554
665
780
918
1034
1130
1230
1356
1465
1545
1684
1772
1806
1915
1959
1956
2028
2048
2009
2031
2034
1951
1961
1964
1836
1818
1773
1617
1559
1490
1334
1222
1155
1006
898
848
701
591
520
396
295
241
147
30
-40
-144
-223
-296
-368
-384
-526
-552
-560
-716
-640
-670
-800
-750
-822
-931
-901
-934
-1032
-1022
-1077
-1180
-1184
-1231
-1314
-1339
-1387
-1481
-1515
-1532
-1581
-1580
-1573
-1617
-1620
-1607
-1632
-1579
-1526
-1502
-1426
-1357
-1262
-1134
-1012
-907
-797
-675
-564
-435
-299
-181
-55
77
198
308
445
565
671
808
903
970
1053
1116
1181
1253
1296
1309
1344
1377
1381
1408
1426
1405
1405
1417
1384
1351
1329
1271
1236
1221
1151
1087
1058
998
953
941
890
830
796
733
653
604
548
483
447
402
329
273
226
163
113
62
-15
-88
-154
-219
-281
-349
-416
-498
-584
-659
-752
-839
-908
-985
-1071
-1130
-1188
-1242
-1256
-1257
-1295
-1329
-1309
-1344
-1340
-1242
-1256
-1232
-1150
-1166
-1109
-1007
-981
-905
-804
-779
-700
-588
-512
-409
-299
-228
-163
-78
9
86
168
228
271
334
402
465
532
589
630
663
690
713
731
744
753
745
725
703
682
662
636
596
552
509
466
441
423
395
374
352
320
296
277
256
244
236
237
239
238
255
278
296
330
361
372
400
434
461
499
526
535
558
570
574
591
593
586
583
551
509
477
428
373
317
235
147
62
-31
-116
-203
-300
-392
-492
-594
-687
-791
-887
-976
-1073
-1154
-1219
-1274
-1311
-1340
-1372
-1386
-1389
-1379
-1348
-1301
-1254
-1196
-1128
-1058
-955
-843
-751
-629
-503
-410
-292
-163
-60
55
169
265
371
475
569
665
738
797
848
881
914
947
974
997
1003
994
984
963
926
905
875
820
780
750
696
648
603
527
453
394
327
272
230
165
104
56
-6
-57
-89
-140
-188
-214
-238
-248
-241
-236
-232
-229
-221
-207
-187
-165
-143
-126
-105
-78
-50
-14
20
48
72
96
113
122
127
127
119
108
96
88
80
65
43
16
-26
-74
-118
-161
-207
-252
-298
-348
-395
-443
-485
-525
-569
-608
-638
-664
-681
-688
-690
-690
-684
-669
-647
-623
-591
-548
-499
-449
-390
-327
-268
-206
-138
-69
9
81
151
228
296
355
414
467
510
546
579
617
646
670
698
714
725
729
724
712
691
664
634
599
561
519
476
438
394
351
307
256
208
165
114
75
39
-2
-33
-63
-98
-128
-151
-175
-190
-197
-202
-204
-201
-199
-193
-182
-169
-159
-146
-132
-120
-104
-85
-71
-54
-39
-27
-16
-7
-5
-2
-7
-16
-26
-39
-57
-74
-94
-118
-141
-164
-190
-216
-243
-273
-300
-326
-351
-375
-396
-414
-427
-430
-431
-430
-427
-424
-420
-408
-398
-380
-359
-335
-306
-276
-248
-218
-188
-155
-118
-78
-38
10
56
107
159
207
252
297
336
372
404
430
449
466
481
493
504
516
523
529
530
521
510
495
474
455
439
420
400
380
352
319
285
246
208
172
137
103
71
41
12
-16
-42
-66
-90
-112
-134
-155
-174
-188
-198
-205
-210
-215
-218
-218
-213
-203
-192
-179
-163
-146
-128
-114
-102
-97
-92
-91
-94
-95
-98
-101
-99
-97
-97
-100
-104
-113
-126
-136
-142
-153
-161
-168
-175
-183
-190
-197
-207
-221
-236
-252
-266
-281
-292
-295
-295
-292
-282
-267
-256
-242
-221
-203
-185
-162
-136
-110
-82
-48
-14
20
57
94
130
165
201
235
270
300
330
357
382
403
421
438
452
464
474
481
484
483
478
469
458
441
418
391
361
329
296
264
228
189
153
117
86
57
29
0
-29
-58
-84
-107
-129
-149
-168
-184
-198
-211
-223
-234
-240
-243
-242
-239
-234
-229
-222
-219
-213
-205
-195
-181
-165
-147
-128
-109
-91
-75
-60
-54
-52
-56
-61
-68
-73
-77
-82
-89
-98
-111
-125
-137
-146
-153
-159
-165
-173
-179
-186
-192
-199
-202
-200
-195
-186
-176
-169
-160
-148
-133
-114
-95
-79
-65
-49
-30
-11
9
29
49
70
93
117
145
170
194
215
231
247
263
279
293
303
311
317
322
324
323
319
315
307
298
286
271
253
233
211
190
167
144
120
95
70
48
25
0
-29
-56
-79
-95
-107
-118
-130
-141
-151
-157
-160
-162
-164
-164
-162
-157
-153
-149
-143
-136
-130
-121
-112
-101
-91
-80
-70
-61
-54
-47
-44
-40
-40
-39
-38
-37
-35
-32
-31
-30
-33
-36
-41
-46
-54
-60
-67
-72
-78
-83
-86
-89
-91
-92
-93
-93
-93
-93
-92
-92
-88
-84
-77
-67
-54
-40
-25
-9
6
19
33
46
63
79
96
113
127
142
157
170
182
192
195
196
197
194
192
187
181
173
165
158
152
146
138
127
115
98
80
61
44
28
13
1
-13
-24
-36
-46
-58
-70
-80
-89
-98
-104
-110
-116
-119
-121
-120
-116
-112
-106
-97
-85
-74
-65
-59
-55
-48
-41
-35
-28
-21
-15
-8
-3
4
8
12
14
16
17
16
15
11
7
2
-3
-8
-13
-16
-18
-21
-23
-27
-31
-38
-45
-52
-58
-63
-67
-70
-71
-74
-77
-77
-78
-74
-72
-67
-62
-56
-50
-42
-34
-24
-13
-1
13
26
42
56
71
85
100
110
119
128
135
138
139
138
139
138
135
132
128
123
116
107
96
85
73
61
48
37
23
11
-1
-14
-26
-37
-48
-58
-65
-70
-74
-79
-82
-86
-90
-93
-93
-93
-91
-86
-82
-76
-69
-63
-56
-49
-42
-37
-31
-27
-20
-15
-8
-2
4
11
19
26
35
41
47
52
57
60
61
60
56
50
42
33
25
15
6
-1
-8
-16
-24
-34
-44
-52
-61
-67
-70
-72
-73
-73
-75
-73
-72
-69
-64
-57
-51
-42
-32
-25
-16
-8
1
6
15
21
29
36
44
52
58
66
74
84
93
100
105
106
106
107
108
108
107
105
102
99
92
86
77
67
58
45
31
16
3
-11
-23
-36
-50
-64
-75
-85
-93
-100
-108
-113
-120
-124
-128
-130
-128
-124
-120
-113
-105
-96
-87
-75
-64
-54
-44
-31
-21
-8
-1
10
19
31
44
56
66
75
80
84
84
85
87
90
92
90
86
81
76
72
68
63
52
42
32
25
17
9
0
-10
-20
-29
-38
-47
-55
-63
-67
-72
-75
-79
-81
-83
-81
-79
-76
-72
-66
-58
-49
-39
-30
-18
-7
2
12
21
30
41
49
57
65
71
76
80
85
87
88
89
88
84
79
74
69
65
60
55
49
41
32
22
11
1
-10
-19
-28
-34
-44
-53
-62
-71
-78
-85
-90
-94
-96
-98
-99
-99
-97
-96
-93
-86
-79
-68
-58
-46
-32
-20
-8
4
15
27
35
43
49
55
59
64
66
67
69
69
71
70
70
70
67
63
59
55
49
42
37
33
27
21
16
13
10
2
-8
-20
-27
-32
-41
-48
-52
-56
-56
-58
-60
-62
-66
-70
-71
-72
-69
-63
-55
-44
-35
-25
-15
-4
6
14
23
32
39
43
49
53
58
62
67
71
73
74
73
70
65
61
56
48
43
36
29
23
19
13
7
1
-6
-15
-22
-29
-37
-42
-47
-52
-53
-58
-60
-65
-68
-73
-74
-76
-75
-74
-69
-63
-56
-49
-41
-34
-27
-19
-12
-4
4
13
23
34
44
52
60
67
70
72
72
72
72
69
66
62
58
52
46
40
33
27
22
17
12
7
1
-4
-10
-16
-23
-30
-36
-40
-44
-48
-51
-53
-55
-53
-52
-51
-54
-54
-53
-49
-43
-38
-30
-24
-18
-12
-7
-2
3
10
16
21
28
34
39
43
48
51
53
54
53
53
51
49
45
41
35
29
22
15
9
4
0
-3
-5
-7
-10
-11
-14
-18
-23
-25
-30
-32
-35
-34
-34
-34
-32
-30
-30
-29
-29
-28
-28
-25
-23
-21
-18
-15
-12
-7
-3
3
9
15
21
27
32
35
38
40
42
42
44
43
43
41
39
37
34
31
27
23
18
12
5
-2
-9
-16
-21
-26
-29
-30
-33
-34
-35
-38
-38
-40
-41
-40
-38
-36
-32
-30
-26
-24
-22
-19
-16
-13
-10
-7
-3
0
4
5
7
10
13
17
20
23
26
31
32
33
34
33
33
34
32
31
30
27
27
23
20
17
14
9
4
-3
-9
-16
-23
-28
-32
-34
-35
-33
-31
-29
-26
-24
-22
-21
-19
-16
-14
-10
-7
-4
-3
0
1
4
4
6
7
8
9
9
8
9
7
8
7
7
9
11
13
15
19
20
22
21
22
22
21
20
17
17
13
11
8
2
-2
-6
-10
-14
-18
-21
-25
-28
-31
-33
-34
-33
-33
-29
-26
-22
-18
-14
-9
-4
0
6
8
12
14
13
13
13
13
13
13
13
12
11
9
8
5
5
4
4
5
6
6
7
8
10
10
10
11
12
11
10
9
5
3
0
-2
-5
-7
-10
-12
-17
-21
-24
-26
-27
-27
-26
-24
-22
-20
-17
-14
-11
-7
-2
2
6
9
13
16
19
22
23
23
22
21
17
14
11
9
7
6
5
4
6
4
4
4
5
4
5
5
5
6
7
7
7
6
4
3
1
-2
-5
-7
-9
-12
-16
-19
-22
-25
-24
-25
-25
-25
-23
-23
-21
-19
-15
-11
-6
-1
3
6
10
13
15
17
19
19
20
20
19
18
16
13
11
12
10
10
10
8
6
4
3
0
1
0
1
1
1
1
0
1
-2
-1
-2
-3
-4
-6
-7
-9
-11
-13
-15
-17
-19
-21
-22
-23
-21
-18
-15
-12
-8
-5
-2
0
3
6
8
11
13
15
18
20
22
22
23
22
21
17
13
10
7
5
3
3
3
3
2
2
0
0
-2
-3
-3
-2
-2
-2
-3
-3
-5
-7
-9
-12
-14
-15
-17
-19
-20
-21
-22
-22
-24
-24
-22
-20
-17
-14
-11
-8
-2
-1
4
7
12
16
19
22
23
26
27
27
27
27
26
25
23
21
18
14
10
6
3
0
-3
-4
-5
-5
-5
-4
-2
-1
0
-1
0
-1
-1
-1
-2
-2
-2
-2
-4
-5
-9
-11
-12
-16
-18
-19
-21
-22
-22
-21
-19
-17
-15
-12
-10
-7
-2
0
6
10
16
20
22
24
25
25
25
23
23
21
19
16
13
10
5
2
-1
-4
-6
-8
-9
-11
-11
-11
-12
-11
-11
-10
-10
-8
-7
-7
-6
-6
-6
-6
-5
-7
-6
-7
-9
-11
-11
-14
-15
-15
-14
-13
-11
-9
-7
-5
-3
0
3
7
9
12
15
18
21
21
21
22
23
21
20
19
16
14
10
7
3
0
-1
-2
-3
-3
-4
-6
-6
-6
-7
-5
-4
-2
-1
2
3
6
5
6
5
4
3
2
1
-2
-4
-5
-7
-7
-9
-10
-11
-11
-11
-12
-12
-10
-8
-6
-3
1
2
6
7
9
11
14
15
16
16
14
15
13
9
5
3
-1
-4
-7
-10
-13
-15
-16
-17
-17
-17
-14
-14
-10
-8
-5
-3
0
2
3
6
9
9
9
8
9
6
5
2
-1
-3
-5
-7
-9
-11
-12
-12
-12
-11
-9
-6
-4
-1
2
4
7
10
13
15
17
18
19
18
17
15
13
10
8
5
3
0
-2
-5
-9
-10
-11
-12
-12
-10
-9
-7
-5
-2
1
3
5
7
8
9
9
9
8
7
5
3
1
-1
-3
-5
-7
-9
-10
-12
-13
-12
-14
-13
-11
-9
-7
-5
-2
0
3
5
8
10
13
14
14
15
13
11
9
7
4
2
0
-3
-6
-9
-12
-14
-15
-15
-16
-14
-13
-11
-9
-6
-3
-1
2
5
7
10
11
11
10
11
11
10
9
7
4
1
0
-3
-5
-7
-8
-9
-10
-10
-9
-8
-6
-3
-1
0
2
4
6
8
9
10
11
11
11
10
9
6
3
1
-2
-5
-6
-8
-11
-13
-14
-14
-14
-14
-11
-9
-7
-5
-2
1
5
7
10
13
14
14
14
14
11
9
7
4
3
