SAMPLES:	17481
BITSPERSAMPLE:	16
CHANNELS:	1
SAMPLERATE:	16000
NORMALIZED:	FALSE
-11
-10
-8
-6
-4
-3
-2
0
2
5
5
8
5
2
-1
-6
-8
-9
-10
-8
-7
-4
-1
1
4
6
6
5
3
-1
-7
-10
-13
-13
-13
-10
-10
-5
-1
3
7
8
6
3
0
-3
-3
-3
-1
1
4
5
6
9
12
14
14
11
7
3
0
-3
-6
-8
-9
-9
-8
-7
-5
-1
0
2
5
7
6
6
5
5
4
3
1
0
1
2
2
4
4
2
0
-1
0
1
2
-1
-5
-9
-10
-12
-12
-11
-8
-5
-2
2
4
7
6
6
3
2
1
1
0
1
3
3
5
5
4
3
1
-2
-5
-6
-7
-7
-6
-4
-1
2
3
5
2
2
0
0
0
-1
1
1
0
-2
-4
-4
-5
-5
-3
-1
0
1
1
1
2
1
1
1
1
2
2
2
1
0
-1
-1
-1
-2
0
1
1
2
1
1
0
0
0
0
1
1
4
5
6
6
6
7
7
7
6
4
2
0
-1
-2
-2
-2
0
0
-2
-5
-6
-9
-10
-10
-11
-11
-11
-11
-10
-9
-4
-1
4
6
7
8
8
9
10
9
8
8
7
2
1
-1
-1
-1
0
1
1
-1
-3
-6
-9
-10
-10
-7
-6
-2
0
2
2
0
-2
-4
-6
-5
-4
0
3
6
9
12
13
15
15
12
9
4
1
-3
-6
-7
-6
-4
-3
-1
0
1
1
1
0
-1
-1
0
-1
0
0
0
0
1
3
3
3
2
1
-2
-5
-10
-12
-15
-16
-19
-16
-11
-9
-6
-2
1
2
1
2
3
4
1
0
3
8
12
15
18
18
16
12
9
7
8
8
8
7
4
1
-1
-3
-5
-5
-6
-4
-3
-2
-1
1
1
3
5
8
7
5
4
1
-3
-4
-5
-5
-5
-6
-6
-6
-7
-8
-8
-10
-11
-13
-12
-13
-11
-7
-6
-1
3
6
7
7
6
3
3
2
0
-1
-1
0
-1
1
2
3
3
6
7
7
5
4
3
0
-2
-1
0
0
0
1
0
-1
-2
-3
-3
-2
-1
-2
-2
-3
-3
-2
-1
0
1
2
0
-1
0
2
3
5
5
5
4
1
0
-2
-3
-4
-4
-3
-3
1
2
4
6
7
8
6
4
2
0
1
2
1
1
1
0
-1
-1
-2
-2
-2
-3
-5
-4
-8
-8
-8
-9
-8
-8
-6
-4
-2
0
1
1
2
3
4
5
4
2
1
-1
0
1
2
1
1
-1
-2
-1
0
1
0
0
-1
-1
0
0
1
2
5
7
8
8
9
8
7
5
1
-2
-5
-7
-9
-8
-6
-6
-5
-2
-1
0
0
-2
-2
-2
-1
0
1
1
2
3
3
2
1
1
0
0
0
1
2
4
4
3
2
1
1
1
0
0
-2
-3
0
2
2
3
2
0
-1
-2
-2
-2
-2
-2
-4
-6
-6
-5
-3
0
2
0
-1
-1
-3
-2
-2
-3
-3
-2
-1
-1
0
0
0
-2
-1
-1
-1
0
2
3
3
4
4
2
2
1
-2
-1
-3
-2
-2
-3
-1
-1
0
0
0
0
-1
0
0
2
5
10
13
14
14
12
9
6
4
2
1
1
2
1
0
-2
-4
-6
-9
-12
-12
-13
-12
-9
-6
-3
-2
0
1
0
-2
-5
-7
-9
-7
-3
3
7
9
10
7
6
4
1
-1
-4
-7
-5
-3
0
3
4
3
3
2
0
-2
-2
-2
1
4
4
6
7
6
1
-1
-1
-1
-3
-4
-4
0
2
3
4
3
2
2
0
-1
-2
-2
-2
0
1
-1
-1
-2
-4
-4
-4
-4
-2
-1
-1
-1
0
-1
1
1
2
3
2
1
-2
-3
-4
-2
1
5
6
7
6
5
3
2
2
2
1
-1
-1
-1
0
-1
0
2
5
8
7
5
0
-3
-4
-4
-4
-3
-2
-1
0
0
-2
-3
-4
-5
-3
-2
-1
0
1
2
1
1
-2
-4
-6
-4
-4
-2
0
1
1
3
3
2
1
0
-1
-2
-3
-3
-4
-4
-2
-3
-2
-2
-3
-2
-1
-2
-2
-1
-3
-1
-1
0
1
2
2
1
1
1
1
2
3
5
5
9
10
11
11
9
8
8
8
7
4
1
-2
-3
-3
-3
-4
-5
-4
-2
-1
-1
-1
-2
-3
-4
-5
-5
-5
-2
1
3
5
5
3
1
-3
-6
-9
-9
-9
-9
-6
-3
-1
1
2
1
-1
-1
-2
-3
-3
-3
-3
-3
-3
0
1
3
5
6
8
8
8
5
4
3
1
1
1
1
3
3
3
3
2
1
0
-2
-3
-5
-5
-6
-5
-4
-4
-3
-1
0
1
2
4
4
3
3
2
1
0
1
-1
-2
-2
-4
-5
-6
-6
-4
-3
-1
1
2
2
2
2
2
2
1
2
1
1
1
1
2
3
4
5
5
5
4
2
0
-3
-4
-4
-3
-3
-1
0
2
2
3
3
2
3
3
3
3
3
3
2
-1
-3
-5
-6
-6
-5
-2
0
1
2
1
1
1
2
0
0
-2
-1
-3
-3
-3
-2
-2
-2
-4
-5
-6
-7
-8
-6
-6
-6
-6
-5
-4
-4
-2
-1
-1
2
3
5
5
6
6
6
6
3
3
1
1
-1
-2
-1
-1
0
2
1
2
2
3
3
4
2
-2
-4
-3
0
6
12
15
15
15
13
10
4
2
2
-1
-4
-4
0
5
6
5
3
1
-3
-9
-13
-14
-14
-13
-9
-6
-1
3
4
5
2
0
-3
-4
-6
-3
-1
1
1
2
0
-2
-3
-4
-3
-3
-3
-5
-7
-9
-11
-11
-11
-9
-8
-7
-4
-1
0
3
5
8
10
10
10
9
7
6
4
4
3
3
3
4
4
5
3
3
0
-1
-2
-1
-2
-1
0
1
2
0
-1
-3
-4
-2
-1
1
0
-1
-1
-2
-1
-1
-3
-4
-5
-4
-3
-3
-2
-2
0
0
2
2
2
3
2
2
3
1
1
1
0
0
1
0
0
0
-1
-2
-2
-2
0
2
5
7
10
9
8
6
5
3
1
0
-2
-2
-3
-2
-2
-2
-1
0
0
0
-1
-3
-5
-7
-7
-6
-5
-2
0
4
6
6
5
2
1
-1
-4
-6
-6
-6
-5
-4
-1
1
3
5
5
5
4
3
1
0
-1
-1
0
0
1
2
2
1
-1
-1
-2
-2
-1
0
0
-1
-2
-2
-3
-4
-2
-1
4
5
7
8
7
5
5
2
1
0
-1
-1
-1
2
2
2
1
0
-3
-6
-7
-6
-6
-5
-5
-2
0
1
2
2
1
-1
-3
-6
-6
-6
-5
-3
1
2
4
5
3
3
1
0
0
0
1
2
2
3
3
1
0
0
-1
-2
-1
-2
-2
-2
-2
-2
-1
2
3
4
5
7
6
6
4
2
0
-2
-4
-4
-6
-6
-6
-4
-2
-1
-1
-2
-4
-5
-6
-4
-4
-2
0
1
1
2
3
5
8
9
10
11
10
9
7
5
4
2
0
-3
-5
-8
-9
-9
-9
-8
-6
-4
-4
-2
-2
-1
0
0
2
1
1
0
0
0
1
3
4
7
9
11
11
9
5
1
-2
-5
-5
-4
-2
0
1
1
1
2
0
0
0
1
2
3
5
6
7
7
6
3
1
-3
-7
-8
-10
-11
-10
-9
-7
-5
-2
0
0
0
0
-4
-4
-8
-7
-5
-2
1
2
2
2
1
1
-1
-3
-4
-4
-1
1
3
4
4
3
1
1
-1
-2
-2
0
2
3
4
5
4
2
0
0
1
2
4
4
3
1
0
-1
0
-1
-1
-2
-1
1
2
4
4
6
8
5
3
-1
-4
-6
-8
-8
-7
-5
-3
-2
-1
-1
-2
-2
-3
-3
-3
-2
-1
-1
-1
-1
0
2
6
9
12
12
9
6
1
1
0
1
4
6
7
6
5
3
2
1
0
-1
-1
-4
-5
-5
-5
-3
-2
0
2
1
-1
-2
-4
-5
-7
-7
-7
-4
-2
2
4
4
3
0
-2
-6
-9
-9
-8
-5
-1
2
3
3
4
4
2
0
0
0
2
2
4
3
4
5
3
1
0
-2
-1
-2
-2
0
-1
-1
1
0
0
0
-1
-1
-2
-2
-1
1
3
3
4
5
3
-1
-2
-5
-4
-4
-2
1
3
4
3
2
-1
-1
-2
-3
-1
0
0
0
2
0
0
0
0
0
1
2
0
0
-1
-2
0
-1
1
0
2
-1
-1
-2
-4
-6
-6
-6
-6
-5
-4
-3
-2
-1
1
2
2
2
1
0
-2
-4
-4
-2
-1
2
5
8
12
13
12
11
8
6
4
2
1
0
1
2
4
4
3
2
1
0
-1
-1
-1
1
0
0
-1
-2
-3
-2
-2
-1
-2
-2
-2
-1
-1
-2
-1
-1
0
1
2
2
1
1
-1
-4
-5
-5
-4
-3
-1
0
0
0
-3
-4
-6
-6
-3
1
6
10
11
10
8
6
3
1
0
-1
-2
-1
0
1
2
3
2
1
-3
-4
-7
-9
-13
-15
-18
-18
-16
-14
-13
-10
-13
-16
-20
-25
-28
-28
-28
-26
-22
-15
-5
4
9
6
-1
-2
5
19
36
43
45
41
37
34
28
20
11
3
-3
-8
-12
-12
-9
-1
8
17
26
35
46
62
79
97
115
131
141
142
139
130
115
96
84
69
52
41
28
-3
-51
-108
-153
-188
-239
-315
-387
-466
-597
-744
-841
-898
-912
-824
-666
-551
-519
-514
-436
-210
121
396
515
550
626
772
969
1181
1366
1457
1417
1309
1243
1232
1174
1000
749
471
147
-240
-611
-849
-965
-1125
-1448
-1868
-2203
-2355
-2388
-2405
-2418
-2370
-2237
-2058
-1838
-1516
-1119
-712
-349
-42
254
505
669
860
1178
1570
1790
1734
1610
1523
1609
1952
2188
2173
1905
1287
931
1211
1587
1736
1447
744
280
297
479
554
438
242
104
-51
-139
-57
34
166
316
488
576
523
352
365
733
1177
1576
1244
678
264
195
710
662
306
-463
-1315
-1657
-1976
-2157
-2598
-3198
-3754
-4254
-4850
-5619
-5856
-5235
-3804
-2831
-2909
-3541
-3833
-2374
-349
1734
2889
2424
2532
2632
4006
6023
6677
7229
6391
5709
5794
5479
5581
5056
4243
3310
1748
275
-866
-1366
-1648
-2574
-4071
-5475
-6213
-6426
-6352
-6338
-6494
-6482
-6604
-6566
-5869
-4892
-3842
-2970
-2522
-2146
-1450
-758
92
1125
1830
2646
3344
3948
4441
4276
3849
4006
5473
6899
7200
5458
2824
2551
3838
5575
6021
3780
1548
420
289
1309
1578
1176
436
-969
-935
-749
-261
538
191
961
1367
1383
1220
764
1778
2883
3563
2761
1251
718
867
1312
1164
210
-1619
-3743
-5561
-6394
-6579
-6974
-7716
-8619
-10189
-12833
-14751
-13972
-9292
-4783
-4384
-8175
-12037
-9604
-2766
4627
7835
5718
3129
2851
6335
11344
15885
17009
14287
11584
9675
10555
12388
11866
10153
7365
4744
1950
-1198
-2292
-2769
-3545
-5460
-9360
-11878
-12011
-11715
-11389
-11242
-11274
-10730
-10466
-10444
-9463
-7482
-5062
-3302
-2401
-1506
-458
227
1599
3368
5243
6771
6504
5972
5885
6190
5953
6733
8474
9491
9794
5793
2636
3501
5366
8231
7017
3207
769
-549
52
889
1992
1937
507
-942
-2481
-1205
237
821
1887
1790
2441
1747
43
1091
3635
6341
6589
2887
486
880
1870
3347
1589
-1012
-2459
-5014
-6718
-8219
-9447
-9955
-10412
-11212
-12405
-15252
-17708
-17191
-13169
-6422
-5072
-8720
-13447
-11606
-2908
4368
10225
7671
4354
4981
6878
13661
18015
19504
16774
12030
11137
12172
14197
14222
11040
7390
5143
2433
-458
-2531
-3788
-3847
-5810
-10072
-12987
-13418
-12693
-11958
-12472
-13306
-12746
-12131
-11475
-9540
-7704
-6077
-4879
-4484
-3260
-1289
246
1354
3067
5262
7685
7417
5889
6381
8145
11214
12548
12667
9481
7260
7522
7205
11076
10080
7345
5416
1372
2325
2799
2043
1357
-313
-1652
-2218
-2604
-3269
-2003
-1526
-1561
-866
-756
501
1261
633
1009
2271
3837
4717
3725
2177
1813
1657
2516
2004
-403
-1142
-3391
-4635
-6802
-9251
-10321
-13030
-12394
-13406
-14213
-15498
-18860
-18160
-15894
-8935
-5211
-8998
-10609
-8867
-3659
5142
10260
7656
6436
8700
11126
15707
19470
19353
17993
16288
14185
14180
15263
14359
10974
7560
5332
2512
-336
-2578
-3683
-4319
-8080
-12283
-13269
-13776
-13021
-11968
-14877
-16421
-14663
-13562
-11715
-9586
-8606
-7465
-6229
-5252
-2601
-350
1810
3489
3444
6050
6903
6478
8026
10649
11659
11566
11804
7724
10062
12453
8986
10472
8378
6272
7282
4810
3256
4330
3548
1798
1020
-1089
-725
104
-1433
-544
156
-785
-687
-1739
-1305
2638
3446
2366
2149
1456
2986
4675
4231
3836
3275
2317
1854
659
-1411
-3842
-6119
-6943
-7700
-8965
-11822
-15065
-17627
-18105
-15650
-14667
-14512
-15857
-15416
-13284
-11176
-7943
-6137
-1071
610
1823
5666
5502
10022
14416
14891
15602
15940
16633
16868
16580
15851
14940
13238
11496
9027
5866
3824
1268
-1500
-3100
-5347
-8621
-10646
-12197
-13228
-12819
-13228
-14403
-15000
-14736
-12893
-10375
-8671
-7958
-7485
-5992
-3926
-1858
289
1772
2874
3507
4302
6298
7579
8380
8513
7284
8817
10973
10413
10139
7911
5954
8236
8714
8043
7391
3636
2129
2426
1734
3033
2341
-81
-422
-1601
-1449
264
-396
-229
763
194
489
939
861
2535
4134
3918
3606
3676
3848
4594
4967
4144
3400
2117
660
101
-292
-1909
-4870
-7669
-10639
-11969
-12041
-12109
-13917
-16582
-19829
-22900
-20322
-16233
-11050
-10710
-13274
-15624
-15302
-5376
115
5090
5145
3812
6107
7137
14983
16462
19849
20116
16076
17214
14729
17742
17795
15251
14275
10763
7920
4638
2571
581
-1085
-3199
-5957
-9204
-11564
-12358
-13688
-14055
-13974
-14102
-14503
-14882
-14211
-12512
-10042
-7823
-6566
-5503
-4187
-2782
-1045
1695
4451
6347
6808
6227
6020
6432
9886
12786
13039
11368
7655
6884
7774
10415
12114
9713
6788
3515
2623
3404
3896
3834
2362
355
-1504
-2286
-2161
-1422
-1147
-1067
-762
-217
238
424
610
1314
3115
4064
5105
4909
4524
4953
4075
4498
3924
3666
3333
1332
218
-2009
-3683
-5523
-8075
-10108
-12233
-13206
-14155
-15594
-17532
-20566
-22063
-20049
-15899
-10928
-10429
-15389
-16477
-12239
-5247
3644
6632
3423
2858
5249
9608
16249
19469
18847
17704
15461
15268
17415
17169
16486
15216
11098
9000
7566
3308
1339
1014
-1715
-4723
-7358
-9860
-10742
-10793
-11612
-13134
-14055
-13712
-13144
-12535
-11578
-10752
-9561
-7703
-6052
-4650
-3159
-2306
-1040
909
3569
6098
5438
4462
4816
6093
10058
12889
10245
7989
6314
4624
9423
11296
10210
8250
3168
2464
3327
6281
6205
2604
362
-2316
-1037
273
200
-1158
-3140
-2417
-1232
37
967
940
-229
-306
1665
3840
5106
4844
3920
3195
3424
4197
4612
4203
3014
1192
-857
-2549
-4488
-6548
-8512
-10418
-11501
-12470
-13825
-15693
-19273
-21760
-20417
-16049
-9871
-8726
-14608
-17943
-15673
-8379
2677
7553
4857
2300
1730
5521
13284
18815
20445
18774
15063
13215
14551
16948
17793
16111
12865
9301
6662
4597
2233
1000
601
-1880
-5842
-8289
-9245
-10152
-10961
-11502
-12072
-12428
-12325
-12096
-11447
-9835
-8274
-7376
-6251
-5025
-3682
-1964
-958
326
3051
4437
3817
3851
5082
7669
10189
9446
8083
8457
7610
7822
10130
9881
8772
7865
4765
3444
4977
5689
5162
2596
181
484
908
587
-392
-1723
-1501
-414
-412
69
1075
979
-402
-787
2672
5617
6986
5881
2454
1480
2232
5187
6167
4374
2337
-1737
-4574
-6157
-7008
-7880
-9727
-10793
-12564
-14953
-18962
-23619
-23194
-16095
-8068
-8581
-16054
-21772
-19409
-9359
839
5502
1649
-1274
572
3490
11372
17677
19044
17688
13794
13052
16000
18147
18026
15604
12382
10588
8536
5754
3951
2876
1822
-910
-4984
-7947
-8980
-9000
-9588
-10790
-11863
-12474
-12727
-12840
-11971
-10216
-8309
-7679
-8245
-7491
-5172
-2440
-1457
-1161
761
1765
2605
3173
2613
4893
7788
8601
8171
6135
4537
5870
8651
9747
9254
7039
4431
3415
4311
6112
5371
3761
2433
1138
1148
1099
1058
965
805
414
-134
289
1423
2466
1796
390
1105
2815
4479
5496
4083
2802
2672
3507
4296
3060
2617
966
-813
-1380
-3978
-6824
-8925
-9622
-10093
-9650
-11226
-17398
-23294
-24542
-16977
-8272
-6651
-12672
-21342
-21619
-13786
-2434
5347
4261
499
-2317
7
7229
14264
19297
17716
13932
12883
13987
17732
18561
16485
14910
12548
10466
7923
5366
5358
3878
813
-2074
-5860
-6921
-7016
-8290
-9469
-11003
-11153
-11379
-11799
-12056
-12273
-9542
-8013
-7619
-5992
-5720
-5475
-5330
-3058
391
2653
4267
2905
1466
1369
2425
6187
10488
10992
6530
2107
1818
5816
11086
12612
8559
3574
2372
3690
5272
6161
5538
3684
1954
887
462
1001
1589
940
117
1045
2398
1577
-620
-1138
1080
4267
5950
4707
2252
1739
3103
4259
4972
5391
4269
2102
-78
-1703
-2632
-3146
-4772
-8551
-11193
-11860
-12286
-13817
-16635
-21447
-24142
-20396
-13314
-7366
-10699
-17669
-21310
-17524
-4974
2652
5174
1919
-2019
581
5258
13432
18638
19272
17088
13327
13427
16771
19940
19373
16193
13011
11012
9453
7959
6517
4200
1503
-1764
-4507
-5647
-5929
-7277
-9350
-11194
-12331
-11910
-11375
-11404
-11813
-11530
-11008
-9955
-8567
-6983
-5986
-6273
-4397
-3394
-509
1579
299
1355
607
2520
4927
7387
9956
6010
2920
2105
4825
9728
11044
9090
5089
3271
4353
5976
6321
5429
4197
3029
2292
1528
1939
2162
1327
838
710
2643
3281
2162
1488
1346
4331
5940
5874
4842
2972
3613
4342
5496
5915
4756
3365
1538
474
119
-550
-3137
-7300
-10862
-12087
-11570
-11220
-12190
-15380
-20302
-24894
-24696
-16962
-7376
-5746
-13356
-21200
-20962
-11780
440
7341
5698
641
-1332
1829
9084
16944
20670
18970
14910
12373
13738
17645
19417
17458
14940
13126
10323
7154
5518
4880
3874
1907
-1152
-4292
-6187
-7135
-8422
-9745
-9910
-9410
-9519
-10723
-12030
-11618
-9943
-8438
-7371
-7002
-6729
-6569
-6632
-4637
-1439
118
387
-537
-1283
-212
1564
5282
9149
7328
2721
953
1846
5673
10715
11028
6099
2351
3129
5262
6223
6492
5992
4696
3239
1996
1933
3060
3469
2464
1647
2202
3206
3046
1678
1089
2903
5731
6638
5032
3045
2685
3845
5056
5353
4964
3914
1973
65
-878
-1557
-2917
-5248
-8403
-10825
-11644
-11815
-12928
-15563
-19282
-23394
-23587
-16753
-8622
-7468
-13738
-20831
-20247
-11196
-1118
5120
3371
-816
-648
1483
8789
16731
19177
18392
14133
12156
14632
18007
19978
17701
14869
12235
9427
8021
6293
5758
5071
2169
-1650
-5052
-6526
-7096
-8123
-9387
-9905
-9769
-9953
-11063
-12338
-12205
-10774
-8977
-7647
-6954
-6660
-6581
-6112
-4485
-1827
427
1103
427
-192
377
2320
5361
8080
8048
4794
1453
1895
6504
10863
10945
7427
4312
4185
5119
5324
5075
4410
3995
4017
2794
1545
1598
783
180
704
2345
3824
2235
-59
-366
2050
5048
5979
5077
3031
3056
4550
4829
4583
3995
3897
2825
801
-582
-2575
-3790
-5153
-7734
-9521
-10904
-12066
-13150
-14725
-17647
-22018
-24068
-18883
-9289
-6256
-12326
-19683
-20654
-12284
-832
5749
4535
115
-1129
1286
7623
14543
18402
18414
15114
12352
12886
16574
19329
18657
15647
12721
9890
7099
6365
6151
5458
2544
-1876
-4819
-6298
-6354
-7402
-9619
-10706
-10423
-9810
-10443
-11800
-12841
-11963
-9678
-8048
-6885
-6973
-6589
-5994
-4978
-1604
343
1150
888
-55
692
1748
5166
8722
8466
5301
1292
1879
6425
10501
10959
6953
3675
3189
4515
6015
5846
4494
4519
4298
2265
2899
2948
2254
2413
701
1824
3161
2587
2051
495
1976
4250
5270
5063
2882
2726
2750
3417
4909
5130
4852
1856
-1415
-2908
-2958
-2518
-4298
-7441
-11113
-13499
-13830
-13002
-13294
-17899
-23317
-25169
-19528
-9996
-6815
-11835
-20327
-21601
-13549
-2441
5474
4177
889
-829
103
7848
14954
19092
19131
14887
13116
14349
17870
19494
18047
15913
13059
11503
9405
7265
6232
5186
3295
-368
-3710
-5406
-6168
-7591
-9549
-10568
-10229
-9766
-10783
-12443
-13035
-11924
-10079
-8502
-7540
-7294
-7340
-7037
-5767
-3214
-392
608
-142
-609
-292
819
4063
8299
9084
5389
1818
2394
6592
10740
11098
7611
4409
4481
6270
7117
6663
5679
4701
4130
3731
2984
2413
2588
2495
1805
2237
3741
3529
1295
323
2146
4645
5722
5110
3578
2612
3218
4318
4453
3978
3517
2280
11
-1959
-2967
-3756
-5354
-8240
-11242
-12546
-12474
-12631
-13893
-16951
-21680
-24476
-20412
-10988
-5695
-10316
-18662
-21656
-16140
-4313
5464
6241
2324
-92
601
6013
13908
19020
19583
16513
13390
13877
17147
19722
18787
15448
12871
11275
9714
8018
6942
6258
3412
-573
-3173
-5205
-6232
-7090
-9358
-10111
-9346
-9701
-10403
-11473
-12758
-12362
-10386
-8363
-7742
-8015
-7824
-7678
-6471
-3111
-432
51
-344
-847
-776
389
2997
7070
9472
6977
2490
1179
3894
8574
11538
9565
5273
3504
4250
5349
5860
5507
4903
4270
3094
2398
2867
3102
2969
2866
2841
4054
4458
2157
1085
2221
3921
6335
6209
3686
3084
3002
3006
4272
4205
3160
2097
-418
-2747
-3646
-4359
-5514
-7918
-11386
-13657
-13653
-13484
-15082
-17989
-22159
-25420
-21530
-11531
-6308
-10914
-18680
-21312
-15673
-4532
4375
5487
1914
-283
1108
6127
13220
18685
19767
16955
13860
14106
17407
20070
19160
16112
13565
11437
9775
8031
5770
4653
2977
-712
-3240
-4601
-6145
-6963
-9057
-10930
-10098
-9397
-10067
-11476
-12420
-11626
-9300
-7903
-7017
-7048
-7315
-6476
-5964
-2830
-938
-400
-771
-1401
346
511
3559
5091
6272
7080
2326
2195
4116
7386
10857
8338
5272
4371
4707
5979
6457
5299
4868
4326
3242
2931
2796
3032
2516
1720
2236
3693
4552
3621
1967
2095
4442
6548
6366
4427
3080
3359
4298
4802
4495
3705
2426
355
-1875
-2937
-3754
-5572
-7539
-9561
-11623
-12839
-13502
-15073
-16936
-19072
-21852
-22247
-16471
-8660
-9108
-15057
-19066
-17635
-8229
1587
6110
4515
890
1724
4394
10460
18070
20375
19041
14835
12753
15471
18614
19958
17127
13598
11260
8884
7859
6532
5178
4007
415
-3654
-5778
-7081
-7354
-8300
-10717
-11050
-10651
-11361
-11184
-11191
-11852
-10967
-8894
-7931
-7824
-6833
-5955
-5780
-4444
-1597
-192
86
514
490
1101
2099
5061
7733
7044
3502
1002
3822
7483
10616
9321
4188
3470
4376
5921
7124
6173
5379
4553
3893
3468
3792
3989
3485
2838
2295
3849
4087
3244
2730
1679
3783
5461
6067
5590
3323
2820
2235
2973
4403
3097
1618
1032
-2569
-5892
-4687
-6159
-9656
-10316
-10974
-12178
-14233
-16690
-17874
-21297
-24744
-20037
-10999
-6871
-10157
-17249
-20714
-15605
-4099
5432
7002
3572
480
947
6124
13505
19426
20970
17822
13801
12877
15767
18572
18126
16162
13023
9905
8535
5942
4184
4941
2471
-1284
-3409
-6228
-6957
-6840
-9708
-11149
-10295
-10323
-10480
-11539
-12553
-11712
-10234
-8402
-7031
-6994
-6806
-6199
-5869
-2539
182
42
700
533
386
1457
3893
4854
7708
8818
4190
3726
3358
6421
10702
9224
7754
4537
3808
4531
4513
5761
5792
5048
3541
2092
1736
2457
2643
2483
2814
3332
3595
2445
1269
1594
3458
5376
5519
4085
2732
2743
3811
4932
5026
3933
1964
-307
-2177
-3519
-4655
-6004
-7623
-9875
-12291
-14452
-15491
-15885
-17865
-20855
-22115
-18356
-11684
-8328
-12304
-18677
-19936
-12961
-1490
4232
5026
1471
-409
3241
7595
15681
19499
19519
17113
12929
14756
17338
19632
18824
15094
12753
10566
8790
6843
5373
4093
2088
-1065
-3936
-5473
-6704
-8156
-9994
-10837
-10506
-10403
-10912
-11847
-12266
-11766
-10509
-8969
-7844
-7150
-7272
-6867
-5373
-2428
-620
-222
789
315
1326
2254
3400
5229
6964
7036
2996
3645
4137
6402
10973
8361
7176
5909
3933
4404
4535
5574
6561
6085
4197
2609
2288
3009
2920
2517
3300
4210
4630
3420
1992
2560
4497
5743
5253
3849
2893
2875
3016
2840
2727
2581
1392
-816
-3242
-5624
-7038
-7588
-9333
-12229
-13774
-14472
-16546
-19148
-21659
-23840
-21742
-13238
-6724
-9676
-17792
-22051
-17207
-5742
5034
7732
3651
-866
-309
5332
12660
19069
19784
18230
14182
12007
15407
17878
19706
16982
14348
11988
9254
8557
4227
4089
4237
473
-1275
-4352
-7093
-7176
-8461
-10442
-9843
-9820
-10648
-11840
-13112
-11912
-9968
-8187
-6712
-6901
-7842
-7178
-6938
-4663
-682
-10
-84
-123
-31
557
4015
5393
5665
7618
4215
3961
4474
5426
10147
10017
8014
5124
4810
6581
6298
6676
6536
5279
3841
2784
1909
2191
2844
2646
2555
3267
4463
3795
1630
749
2645
5591
6322
4433
2631
2827
3800
4017
3681
3375
2747
1462
-490
-3179
-5674
-6951
-7814
-9335
-11382
-13734
-15816
-17092
-19372
-23160
-23170
-15943
-7902
-7469
-14424
-21449
-20884
-10614
2292
7798
4613
-2
-801
2237
8399
16054
20488
18616
13645
11114
13015
16963
18810
16920
13901
11900
9737
7029
5289
4318
3107
1665
-672
-4106
-6534
-7391
-8548
-9798
-9833
-9234
-9199
-10383
-12649
-13881
-12232
-9395
-7442
-6106
-5617
-7021
-7063
-4178
-1068
800
627
-297
-823
252
2896
5732
7172
7246
5036
2763
4673
5421
9198
11362
7729
7879
5257
3794
4864
4737
6044
6151
5242
2091
1056
1670
1687
2424
2273
2994
3670
2782
501
-339
2138
5451
6481
4206
1469
1148
3208
4985
4890
3426
1991
824
-1020
-3352
-5496
-6614
-7542
-9302
-10848
-12399
-13847
-14730
-17596
-21980
-24186
-20818
-11123
-5075
-9798
-17765
-22431
-18329
-4295
6343
7077
3392
-1493
-1925
4780
13177
19407
20829
16885
12313
11486
14659
18104
18430
16382
13860
11729
9488
6460
4044
3392
3058
1355
-1700
-4625
-6569
-8092
-9387
-9883
-9397
-8990
-9635
-11308
-12549
-12209
-10610
-8173
-6187
-5680
-6762
-7825
-7398
-4583
-827
1330
1339
-446
-380
509
3114
7302
7851
6552
4044
3764
5407
6758
9086
8614
7264
6551
5744
4973
4185
4880
6166
6516
5024
2692
1266
1418
2051
2309
2948
3788
3917
2445
533
724
3631
6821
7363
5115
2417
1622
2847
4477
4820
3824
1888
-589
-2848
-4599
-5593
-6247
-7570
-10357
-13018
-14363
-15120
-17144
-21237
-23856
-21802
-13330
-5947
-8707
-16717
-21851
-18217
-7220
3924
7804
2744
-1017
-1212
2753
12803
18486
20121
18542
12553
12045
15396
17856
18676
16019
12691
11009
9405
7405
4830
2484
1852
592
-484
-3213
-6666
-8308
-10243
-9811
-9139
-8551
-9131
-11534
-12670
-13638
-11355
-7946
-6744
-6166
-6074
-6541
-7214
-4789
-325
1162
935
743
-742
283
3869
6009
7820
6496
3192
3896
5345
6521
8995
8227
5720
5309
4954
4386
4277
4484
5246
5579
5164
4063
2523
1879
1512
1350
2790
5122
5696
3176
369
-42
2217
5807
8254
6673
2806
687
1181
3827
4962
5042
3035
-975
-2993
-4754
-4841
-5576
-7637
-9252
-11565
-11940
-12822
-14639
-17680
-23380
-25050
-17948
-6865
-3820
-10860
-19535
-23333
-15548
-382
8405
6356
1412
-2345
-2443
5982
14147
19241
20619
14853
10946
10915
14393
19054
18804
16054
13266
10370
7965
6637
5847
3929
2604
2445
-1924
-6332
-5432
-7410
-10901
-9432
-8137
-8287
-9062
-11493
-13043
-12845
-10398
-6912
-5656
-6208
-6601
-8242
-7212
-2772
187
2103
702
-648
-976
368
3550
5830
7494
3678
3515
4825
3915
7919
7672
6071
6461
6345
6463
4822
3426
3598
4651
5630
5835
4031
1705
96
-681
692
3486
5999
5405
1688
-1424
-1108
2688
7099
8093
4698
910
328
2109
4034
5363
4805
1575
-1916
-3647
-4273
-4450
-5020
-7427
-10329
-11393
-11821
-13311
-15600
-19412
-23448
-21740
-12881
-5151
-6214
-14545
-21917
-20165
-8702
3680
8020
4454
-591
-2236
1285
8892
16274
19439
17458
12935
10401
12074
16260
18161
15818
13262
11485
9051
6989
4866
3626
3061
1120
-211
-2724
-6481
-7413
-9625
-11223
-8362
-8434
-8871
-8418
-12857
-14379
-11463
-9370
-5768
-3964
-6003
-7490
-8816
-6756
-1091
1598
2030
65
-1095
-122
1142
4467
6112
6369
4869
3136
3879
5312
7848
7871
6071
5660
6176
6261
4913
3839
3983
5539
6916
6116
3444
1128
323
824
3308
6358
6934
4087
394
-801
1529
5555
8040
7175
4025
1466
1231
2511
3740
4097
2908
-45
-3157
-4409
-4687
-6149
-8385
-10360
-11429
-10824
-10562
-13224
-18506
-24003
-25222
-18599
-6929
-1000
-8169
-19407
-23359
-17026
-1478
10250
8593
2959
-1403
-2871
3469
12414
18695
20695
16499
11097
9237
12859
18650
18705
15795
12762
8998
8416
6881
3898
3909
2130
955
859
-3607
-6168
-7763
-11386
-9868
-7199
-7570
-8079
-10389
-12877
-12947
-10003
-5737
-5043
-5374
-6080
-9378
-8220
-3403
-857
1548
1519
-1468
-1952
-240
2583
6132
7359
5251
2632
2836
4842
7069
8846
7243
5130
5817
5538
4885
4804
3510
4114
5687
5290
4953
3639
1213
335
794
3198
6367
6200
2768
-774
-920
3332
8021
9096
6039
1789
192
1753
4469
6178
5564
2918
-535
-3158
-4235
-4679
-5325
-7345
-10165
-11702
-12686
-13385
-14739
-19062
-24512
-24651
-15893
-5171
-4157
-12504
-20177
-21979
-12666
2373
9412
6841
1121
-2609
-1626
6973
14635
19462
20069
12777
9782
10377
14377
18267
17074
15008
10632
9031
7106
3852
3678
2815
1396
-152
-3078
-5850
-6644
-8435
-10333
-9674
-8654
-7723
-8035
-10751
-12449
-11086
-8897
-6727
-4934
-5753
-7520
-7576
-6073
-2523
458
990
27
-835
-736
1110
3234
4933
6239
2521
3183
6167
5652
8418
5903
2801
4010
6235
7953
5938
4305
2595
3288
5452
5993
5298
2843
1056
-6
1808
6463
8959
6346
1436
-1000
714
5468
8714
7499
3778
1479
1619
2749
3787
3899
2593
58
-2626
-4588
-5522
-5981
-7237
-9249
-10688
-11537
-12644
-14424
-18367
-23806
-23785
-14537
-4549
-3736
-11421
-20169
-21788
-12183
1906
8950
6697
823
-3769
-2929
4946
14578
19463
18330
13311
8771
9410
13923
16516
15656
13900
11912
9259
6903
5207
3571
2525
2361
1407
-1034
-3528
-6003
-9216
-10801
-8984
-6402
-5738
-7012
-9809
-12700
-12392
-9190
-5923
-3788
-3287
-5298
-7707
-6747
-3015
1187
2953
1780
-1058
-1510
751
3642
8040
7571
4044
2203
3246
4822
6332
9260
5570
4793
6664
4518
4391
2293
3008
5435
5121
4793
3036
1212
411
173
1151
4049
5505
3628
5
-2136
-194
3909
7286
6935
3388
989
1639
3384
4339
4571
3813
1511
-1795
-4544
-5876
-5806
-5533
-6814
-9376
-11603
-13181
-15972
-20218
-22878
-18837
-9293
-3730
-7393
-16503
-22111
-18614
-6830
4873
9223
5621
-380
-2533
-429
9079
17558
20076
17634
10462
9315
11243
15326
17306
13848
12303
9270
7115
5637
3568
1993
-177
-526
-290
-1395
-4537
-8568
-11915
-11757
-8198
-5992
-6878
-9801
-12629
-12985
-10065
-6320
-4107
-3480
-4186
-6450
-7234
-3267
613
1968
3216
1874
306
2169
3262
4933
7882
6777
4886
4717
4096
5281
7129
6943
6310
5989
5587
4355
2743
3157
4119
3665
3782
3633
1717
-162
-765
-831
1146
4778
5674
3120
-957
-1923
524
4449
8497
6526
2245
202
47
3284
5049
5094
3071
-2542
-5986
-7071
-6025
-4983
-6465
-7751
-10888
-14440
-17345
-22033
-22952
-15092
-4128
-2406
-11405
-20314
-22866
-15707
-1352
6925
5923
3136
-1960
-4180
2326
10291
17619
19384
14176
9730
8568
12410
15767
16029
14750
12090
9359
6157
5039
4542
3192
1302
-1330
-2705
-2925
-3799
-7172
-10948
-11662
-9031
-5984
-5761
-8701
-12202
-12412
-9098
-5321
-2950
-2240
-3768
-6454
-6416
-2301
2472
4332
3065
401
-1423
49
4466
7811
7546
4883
2487
2274
3918
6449
7761
6126
4195
3530
2887
2437
2347
3146
3691
3204
3107
870
-177
2793
510
-1573
4006
5008
2829
3224
353
-58
3542
5090
7197
6829
3076
1981
1457
1394
4082
5564
3254
-2031
-7020
-8711
-8040
-6407
-5692
-7493
-11281
-17377
-24370
-26008
-17859
-5153
206
-6819
-18836
-24697
-18801
-5188
6063
8331
4040
-1188
-3609
-741
6920
15160
18500
15741
10596
8650
11087
14411
15222
13768
13064
10878
8113
5213
2637
2639
1508
475
-1552
-3643
-4466
-7380
-9445
-10049
-8561
-6597
-7078
-9013
-11485
-11739
-9043
-5749
-3453
-2453
-3469
-5703
-6564
-4021
545
3898
5200
2625
-1258
-968
1655
5997
10341
8142
3626
2183
1568
4259
8135
7808
6635
5739
3793
2045
975
2088
4315
5125
4488
1929
-475
-919
-798
44
2103
5198
5863
2027
-1287
-2878
-259
7370
8098
4115
3638
212
-1002
2945
3170
3882
3810
-1116
-3601
-5732
-8190
-6430
-5106
-6224
-9586
-15212
-21225
-24898
-17496
-3598
-185
-7550
-18352
-25236
-18125
-2885
6795
8471
3543
-3195
-5305
-797
7760
15719
18471
14683
8988
6168
10266
14636
14053
12516
9443
8895
8078
4646
3070
1024
-95
283
-1075
-3316
-4264
-7877
-12198
-10441
-7167
-4999
-4132
-7798
-12249
-12009
-8463
-3947
-177
627
-1346
-4961
-5650
-1237
2673
4863
5697
2508
89
1296
3250
7549
10040
6161
2357
1409
2473
6214
8160
6197
4260
3909
3431
1858
898
1431
1809
1821
2002
1743
780
-873
-2594
-2339
819
4508
5564
3197
-416
-2056
36
5010
8587
7473
4182
1747
933
1856
3744
5787
4131
-1924
-5442
-6890
-8138
-4728
-2937
-7507
-11603
-16664
-23719
-23578
-13415
-1443
558
-9800
-21491
-23995
-14564
-194
7236
5754
813
-4101
-4864
1065
9979
16252
17219
13244
8019
7104
10821
13709
13508
12240
10576
8267
6051
4021
1743
248
352
253
-1245
-2879
-5141
-9074
-11778
-10270
-6631
-4317
-4731
-8125
-11779
-11454
-7596
-3991
-615
721
-2310
-5241
-4624
-977
3477
6710
6095
2794
850
2147
4862
8985
12733
7280
2786
2130
1961
8298
9451
6334
3657
1681
1766
896
1899
2292
2546
1841
-337
-1052
-731
743
257
-1141
-56
2416
2743
622
-1000
-862
1630
5150
6356
4026
2026
2712
2373
1539
2680
2750
1096
-913
-3854
-7030
-6797
-5148
-5905
-7983
-11090
-19222
-26664
-17997
-5635
455
-846
-16060
-26309
-21197
-5875
7005
9191
5689
-2163
-6061
-2460
6752
15502
17713
15008
8708
5951
9352
12611
12913
11362
8857
8013
7316
4400
2720
339
-2563
-2627
-3408
-3940
-3080
-7246
-13126
-13145
-9999
-6468
-4479
-7451
-12365
-13673
-9991
-3972
-240
993
-234
-4271
-5220
-682
3534
6388
8315
5539
2716
2961
5428
10817
13970
9965
4735
3737
2848
7661
10415
5385
4426
2190
859
889
-6
660
274
666
-770
-1835
-1978
-2503
-2623
-3063
-841
1846
1864
-315
-2090
-1912
593
5061
7701
6330
3300
1791
1769
2418
3712
4824
3689
-251
-4533
-6879
-6396
-4787
-5285
-7117
-10775
-17766
-24248
-23329
-10855
1161
-960
-12149
-22091
-23861
-11434
3047
6946
6844
946
-4085
-3051
2105
12766
17252
17409
13393
7573
9169
12143
14090
13773
11904
10743
9869
6082
2080
1428
-1294
-2279
-1185
-2619
-3403
-5985
-12690
-14915
-11031
-7774
-5165
-5669
-10948
-14253
-11676
-7170
-3303
346
1467
-1352
-4541
-2307
2305
5572
8237
8284
4891
3073
4553
5754
11818
12310
4735
3295
751
2672
8332
6141
3620
2380
1154
-142
-575
-1172
-1074
2106
823
16
-101
-2519
-720
-1204
499
4292
4242
3866
45
-1332
1450
4947
7963
7052
4111
1599
785
1238
2388
2710
1649
-495
-3421
-5407
-7144
-8547
-8760
-8963
-9165
-9185
-12450
-16800
-17679
-16231
-10843
-4353
-3451
-6663
-9828
-11500
-7309
1289
6854
9360
7962
5131
4842
7600
11070
15186
16730
13772
13469
9185
8737
9345
6862
9859
4663
3669
4023
-1656
-4828
-7906
-5769
-5663
-5537
-6339
-10937
-12567
-12971
-11426
-8832
-6662
-6801
-8225
-9128
-8255
-5035
-932
2054
2614
2806
1789
1463
3833
7168
9395
8814
6150
4925
8417
10960
11424
10486
4080
2196
4566
4455
6903
6733
4173
1305
-1589
-966
-1331
-570
-717
-3003
-2437
-2035
-797
-442
-1684
-1361
-1254
455
2330
2619
2535
930
861
3162
5713
7250
6508
4512
2812
2297
2508
2640
1891
280
-2709
-6524
-7488
-6201
-6317
-7697
-11429
-19668
-26707
-24153
-9873
3505
1536
-11239
-23360
-24742
-11218
5646
10770
7704
3148
-3622
-3387
4499
12902
19159
18273
12599
7584
7311
11155
12375
11636
10939
8800
7571
4803
1197
-995
-5006
-3939
-2491
-4667
-2354
-6700
-15913
-16099
-12248
-7416
-3652
-5621
-10303
-13600
-12481
-6783
-1357
2522
3849
-834
-4520
-1636
3671
7307
8740
9634
5370
2954
5895
7217
13383
13291
5108
3452
1936
4818
10024
6687
2195
531
1884
1424
-1232
-1110
-932
-342
-738
-1644
-2004
-3022
-3180
-2971
-1150
2110
3860
2354
-863
-2256
155
4823
7543
6913
4364
2471
2452
3383
4589
5472
5143
2973
-674
-4115
-6103
-5957
-4069
-4291
-7182
-9631
-13238
-19264
-25228
-24118
-9963
3484
739
-10821
-21925
-24626
-10365
6487
10594
9621
5921
-2375
-3842
4055
12113
19377
22383
14568
5672
6307
10715
12667
12788
10883
9314
8028
3456
-1315
-3254
-4088
-4171
-2941
-4557
-7423
-9777
-13366
-15262
-12973
-7681
-6248
-6327
-10388
-13547
-9041
-8053
-3188
2473
1991
-644
-3320
-218
2973
7118
10170
8406
5056
3187
6937
7853
12805
14256
2942
3259
3308
3967
10680
5489
2105
966
1225
2389
903
668
-2831
-1765
-1201
-2941
-290
-1601
-3443
-4283
-5417
-518
4109
2727
-879
-3709
-1997
2719
5806
6594
5417
3055
1436
1913
3989
5067
4117
2804
267
-3065
-4356
-4283
-4275
-4190
-5818
-9485
-12329
-16204
-22094
-21037
-9039
1363
-828
-11237
-20974
-22345
-10562
3980
8342
7321
4628
-1841
-3390
3549
11601
18089
19682
13687
7479
7272
10189
12391
12906
11699
10140
8639
3772
-1256
-1351
-1833
-2840
-3075
-5102
-5893
-6367
-11479
-14529
-11792
-9262
-5284
-5431
-9828
-11846
-9435
-6138
-3298
2124
1463
626
-3653
-2508
4688
4876
10387
6163
3509
4499
5465
13445
11549
9681
3135
626
5453
5952
9187
6448
316
-511
1709
1392
1327
-1177
-4892
-1841
-1118
-1821
-465
-1388
-3986
-5721
-4255
446
3948
2952
-218
-2338
-914
2777
6388
8186
6284
2749
917
1803
3461
4205
4419
2064
-3348
-6524
-5664
-4071
-3775
-6131
-9653
-13121
-16890
-21375
-22587
-11017
2213
-305
-10921
-20052
-23858
-11708
5163
9895
9453
3285
-1661
-985
2695
12600
18909
20273
14229
6636
6705
9836
12679
11750
10728
7329
6254
4932
-2626
-2016
-2207
-5357
-3340
-7052
-9141
-7016
-11074
-13487
-11648
-10487
-7209
-3949
-7215
-11049
-8876
-6374
-2005
3308
4428
2113
-2659
-2098
3216
7932
11258
10599
7459
4499
5277
7368
10457
13220
6576
3443
3749
1710
6923
4518
1998
3815
1220
95
-4135
-3398
-2733
-1134
377
-2940
-1233
-2952
-3050
-3676
-3377
1465
3290
4270
-19
-2895
-657
2655
5341
6598
6168
4353
3239
-398
-1348
1954
2592
744
-2506
-6374
-7614
-6337
-5633
-7459
-13055
-19555
-22575
-16658
-2537
4298
-3517
-15641
-22859
-18311
-2343
9005
9772
8158
2205
-4994
-962
9262
16243
20072
17115
9111
6295
9336
11668
11514
10239
8881
8614
6415
363
-2529
-2846
-5558
-5287
-4232
-6290
-6647
-10761
-17893
-15861
-10017
-6507
-4142
-7402
-12133
-11942
-9127
-4020
2171
3706
2306
-686
-2081
2348
5467
8437
10630
7882
5568
8755
11071
10440
12343
6654
4110
7800
5669
8336
8461
998
-479
3738
3175
2135
275
-3697
-2257
-1986
-817
-827
-2920
-2296
-3272
-3540
-2107
1752
2375
-1466
-2609
-1451
1023
4332
6584
4823
1349
572
1710
1739
435
-503
-2201
-5024
-6684
-5558
-4823
-7681
-12069
-17208
-23287
-23195
-11600
842
1304
-9031
-20150
-23052
-12681
4162
11384
8337
4509
32
-2491
4992
14562
18698
20445
14808
7438
7147
11172
13930
12578
10338
5861
4664
4274
-1245
-877
-2669
-6826
-4689
-7234
-8816
-8700
-13539
-14813
-13164
-10786
-7285
-5684
-8213
-11779
-9895
-6094
-2169
1529
2737
1553
-1501
673
4677
6720
8524
8405
8677
8631
10698
11073
10968
12254
6546
6228
8455
7069
10354
5855
700
2035
2007
2950
203
-2801
-4350
-3690
-1298
-1976
-2436
-3285
-5131
-6407
-3131
37
3014
2603
-2607
-2202
-2196
2100
7663
6000
3096
1249
2375
1948
1093
969
-513
-3640
-7040
-7243
-6440
-6516
-9970
-15812
-21920
-25682
-16442
776
4394
-6469
-17338
-22834
-16439
1708
12344
10958
6737
872
-2274
2542
12368
18377
20281
16904
10050
8051
9983
13275
12010
11526
10364
4356
3197
-20
-2911
-2312
-4920
-5380
-6090
-10271
-10706
-11469
-16925
-15905
-10889
-8978
-6953
-7895
-12262
-12748
-9017
-4527
1187
3801
2143
-2460
-3872
2170
8441
11044
9965
9286
7618
9468
11712
9900
13700
9395
5645
10023
6835
8694
7908
606
1292
2989
2969
-133
-1967
-2934
-3738
-795
-1407
-1856
-3713
-4071
-3131
-4098
801
2839
3573
1572
-3626
-1112
2917
6744
7477
4506
658
-924
2733
-344
-599
-187
-7863
-6057
-6625
-10459
-8232
-11658
-18299
-22630
-23004
-13463
1333
1677
-9365
-18463
-22902
-12202
4633
11858
12478
7934
500
-1800
5103
13277
20263
22473
14356
9896
9704
10720
13036
11086
9111
7101
6920
5008
-93
-1969
-5694
-8718
-6336
-6337
-7772
-7816
-14019
-19125
-15949
-12272
-7849
-3913
-7334
-12867
-12885
-9301
-4329
909
4249
2426
-2053
-1049
3820
7453
9939
10740
9727
9544
11368
10048
10479
13646
7953
7894
10314
7881
10556
4837
740
1850
2416
4275
142
-283
-2308
-4223
-2590
-4081
-1310
-1270
-3200
-4544
-5429
223
3557
4132
495
-4939
-2342
1950
7352
8605
4806
1521
-2092
-1890
-1098
962
1403
-4392
-8522
-10799
-11726
-9487
-11908
-16827
-24610
-23389
-4308
-1283
-3435
-9904
-25789
-18069
-5202
6920
13911
9564
4218
-1531
671
7478
17966
22559
18980
12103
8292
11292
12425
14058
10956
7669
7045
5381
2740
-1039
-2177
-5792
-7267
-6252
-6958
-7358
-12090
-18767
-18776
-13176
-9062
-6550
-7365
-12127
-14296
-12148
-6654
-1088
2230
3508
-211
-3720
63
6226
9865
10956
10305
7927
8885
11581
10342
14517
13335
6812
9280
7237
9257
11166
3238
2433
1878
1560
2811
-434
-2371
-2604
-1646
-2199
-2386
-2116
-3762
-3336
-4613
-2564
3034
2656
2081
-1348
-3600
2053
4837
6300
5417
1801
702
-40
-812
-2084
-675
-2797
-7954
-7813
-9061
-10640
-12448
-17404
-22454
-23367
-13481
-1771
-1416
-10224
-20762
-23272
-12153
2924
10065
11407
6669
-259
-972
4314
14272
19712
22237
17280
8953
11021
11356
14451
15475
11054
9981
7106
5030
123
-1295
-1667
-6801
-5785
-7567
-8458
-6361
-13437
-17783
-15307
-12999
-9987
-6485
-8060
-13312
-13181
-9853
-4894
412
2652
1368
-1215
-128
2412
7258
10786
10072
9759
8623
11294
12134
12529
15404
9215
8598
9464
6869
11661
7683
2346
2607
1896
3964
1696
-1430
-2820
-4285
-3379
-3413
-2038
-1265
-2238
-4863
-6636
-1747
1353
1526
355
-2262
52
3806
4749
5337
4743
2313
832
-419
-686
-642
-1896
-3909
-6169
-7488
-10255
-13153
-15665
-20230
-23455
-14666
-653
-2396
-11364
-19594
-24418
-14050
880
9344
10585
6134
872
-2716
2567
13120
17343
20524
18173
9478
9588
12294
14052
14621
13088
10064
8936
6073
-1258
861
-5136
-5543
-1309
-10564
-5810
-6787
-13648
-15725
-16932
-12057
-9120
-5926
-10013
-13475
-12544
-10806
-5172
-2656
1355
2200
-1756
-1914
639
6317
10941
10822
10269
7949
8387
9500
10446
15197
11188
9534
9061
5586
11250
9322
4902
4175
2460
2582
344
-861
-2936
-1574
357
-2345
-1569
-2665
-3798
-4335
-5409
-161
3163
3145
708
-4186
-2859
2111
5304
5714
4841
1712
-1876
-2129
-2416
-2676
-2157
-3134
-5895
-7896
-10302
-13744
-17727
-22410
-21500
-9941
500
-3535
-12809
-21906
-23341
-9811
4161
10094
9098
5626
-1652
-4642
4903
13933
21181
21214
12824
9600
9931
12641
14621
13290
12739
9812
8065
5329
-1355
-6
-1075
-5334
-3446
-6306
-7078
-7091
-13857
-17491
-13977
-10845
-6847
-4746
-11295
-12446
-12698
-8440
-2822
-3167
3530
1490
-1093
194
1038
7409
8917
12005
9885
6874
9404
7198
13036
14866
8755
10119
7009
6887
10970
6284
3599
4535
4650
1805
-970
-828
-2575
-1505
-1059
-2469
-1764
-3872
-5042
-4621
-3596
251
2808
1673
-1932
-4290
-2285
2839
6555
6105
2869
433
-777
-2534
-3458
-3789
-3651
-3617
-6206
-9537
-11913
-14972
-19541
-22932
-16863
-2916
1632
-7123
-18607
-25250
-18142
-563
9577
9832
8092
1649
-4753
-681
9064
17572
22377
19379
11205
7913
9726
12654
13876
11991
10799
9307
7080
1793
-1903
-3375
-5731
-3601
-5691
-6965
-6111
-12945
-17677
-17068
-13355
-8406
-4657
-6520
-12809
-13801
-10882
-5877
-872
2047
3161
-276
-1596
689
4042
8545
12350
12904
7777
7588
9478
9785
13681
11022
8631
8279
6074
9919
8899
3310
2364
4520
4923
1228
888
-1374
-3443
-644
-626
-829
-1773
-2165
-2873
-5247
-2715
2842
5131
2471
-1705
-3360
-341
4426
6217
4259
1656
-124
-3159
-5030
-4688
-4279
-4228
-6064
-8999
-11440
-14684
-18606
-22811
-22146
-9944
1602
-1293
-11656
-20966
-22595
-9872
5663
10310
9282
6087
-779
-2594
4684
13594
20254
21420
14619
7936
7957
11287
13833
13119
9849
8375
7198
3097
-364
-2289
-4627
-5215
-5090
-6065
-5367
-7674
-14687
-17205
-14343
-9394
-3759
-3876
-9976
-13085
-11980
-8092
-2634
2152
5367
1681
-2559
-938
2397
7999
11618
11830
10302
7967
9250
9488
12485
12201
6904
9952
7911
8349
9182
2341
1739
3186
3265
938
2030
-2513
-3093
-1011
-6174
685
92
-1192
98
-6385
-5629
860
6335
3714
2470
343
-2205
2141
4826
5541
4834
3309
-615
-4882
-5881
-4263
-3260
-4969
-8743
-12812
-14965
-18865
-23539
-21352
-8334
-15
-4727
-12496
-22212
-20888
-7434
2490
9191
9711
5030
251
-1562
4754
13240
20015
21327
14270
9718
8656
10174
13893
12391
9973
8403
7653
4462
-1206
-2067
-5436
-6762
-5102
-8061
-7371
-7695
-14085
-16956
-13833
-10607
-6597
-3636
-7614
-10855
-11144
-9072
-2568
2681
5484
3208
-8
1529
3133
6695
11048
12453
10720
9550
9796
8203
13048
13019
6235
8646
7257
8889
11209
3896
1785
19
1455
3598
1174
-86
-3036
-3309
-3247
-2956
-1783
-1254
-327
-3801
-4558
-920
3769
3615
-265
1729
-955
2561
5969
1389
4270
689
-999
-3325
-6922
-4368
-6170
-4464
-9125
-14748
-14966
-19888
-22441
-19373
-7639
568
-4299
-13287
-22839
-20829
-4975
6523
10124
9539
5343
-218
-408
6740
13181
20216
20964
13486
9455
8590
10622
11349
10530
8726
7142
8209
2267
-3234
-4530
-8113
-7320
-4475
-5925
-7838
-10936
-16450
-16763
-14205
-10770
-5474
-3351
-6878
-11252
-11642
-9064
-2801
2634
7510
5458
172
1309
1719
7239
12024
13574
11843
8919
9554
8571
14085
12170
7313
8478
5351
10405
10995
3838
1774
-366
869
1646
933
-48
-2220
-2481
-3786
-2597
-2397
-1499
508
-3380
-3086
787
3614
3893
1076
764
1064
2325
4918
4101
1353
-672
-3828
-5586
-4728
-5172
-4867
-5840
-10489
-15233
-19966
-22795
-24057
-15238
-1619
-1408
-7263
-17623
-25166
-16500
-114
9212
9852
9827
4593
-1122
2145
9883
17694
22514
19463
11788
9113
10751
12375
11495
10941
8518
6029
7032
347
-4214
-4737
-9904
-8870
-7933
-7462
-5076
-12932
-20831
-19715
-14890
-8500
-3624
-3903
-9299
-12393
-10942
-6952
188
5687
7090
3317
754
2782
4214
10055
13753
11805
9963
9903
9301
9152
12801
8384
7920
9517
5874
9000
6125
2524
1688
1169
3032
2247
418
-2071
-1747
-1896
-2103
-1331
-1051
-165
-1698
-2677
-826
3222
5706
3833
157
-1429
1017
4638
5642
3238
346
-1654
-3654
-5343
-6591
-7414
-7649
-8951
-11274
-13216
-17313
-24354
-25947
-15281
-1450
1266
-6621
-17357
-23344
-14408
848
9848
13792
10280
2672
-903
3050
12050
19654
21514
18947
13307
7443
11327
13348
9566
12150
8717
5131
5571
-1513
-3483
-5319
-10451
-8202
-7469
-6327
-5806
-13993
-20042
-18650
-14555
-8166
-2746
-4405
-9555
-11799
-10991
-6874
1107
7828
7538
3396
38
1403
6617
9507
12602
13629
10443
9629
6942
8102
12345
7970
9177
9549
6249
8842
3716
475
1913
2115
2699
804
-16
-1920
-1391
-1197
-2797
-950
94
-216
-1665
-2569
-860
2960
5421
3953
1232
734
2765
4371
4290
1742
-704
-1005
-3197
-6150
-6425
-7466
-9068
-8826
-10530
-14544
-18895
-24800
-25445
-14531
-2220
-9
-8070
-19105
-23313
-13954
576
8901
11089
8955
4459
830
5068
12309
17557
21661
17289
12200
11520
12175
12678
11120
11147
8290
6345
5560
-404
-2780
-5442
-9501
-9220
-8389
-7341
-8859
-12758
-18012
-19164
-13312
-8977
-4475
-4461
-10367
-11543
-9689
-5783
-148
5447
6289
2373
2173
3395
6096
8913
12293
13138
10167
11391
8396
9660
11884
5962
8155
8309
7484
10223
3995
-440
361
792
2809
2071
-1125
-2231
-2034
-2442
-2347
-572
527
386
-952
-1967
552
4489
5787
4363
2385
1706
3030
4646
4339
2278
203
-1519
-2673
-3435
-5778
-8687
-10304
-11814
-13010
-14119
-18698
-25729
-24797
-12247
-1988
-2590
-10121
-20226
-21936
-10020
1963
8236
12150
9372
2204
-695
4166
12568
19713
22468
17111
10572
10257
12192
11343
10958
10933
8281
8347
4859
-1922
-1502
-5957
-10052
-7208
-7513
-4741
-7051
-15437
-19096
-16229
-11468
-6828
-3371
-6844
-8568
-12909
-8753
-2420
-1610
7629
3685
2017
2851
1435
7833
7750
11843
10325
8637
13022
9228
11643
10492
4802
7432
6684
7574
9430
3636
-422
-705
22
1466
2233
-321
-1979
-1414
-4020
-2869
-623
447
2234
-992
-1830
991
4995
6855
2662
2118
3600
3725
5674
5670
1632
-1122
-857
-2919
-3528
-3796
-7499
-8947
-10523
-12677
-15240
-20394
-24308
-23960
-12764
-1377
-3168
-9510
-20296
-23295
-10388
1024
7786
10041
8113
2084
-1213
4789
11534
20293
22658
15286
10476
9990
11975
11014
11387
11618
8020
8801
4494
-1886
-1342
-5906
-8895
-6248
-6701
-5918
-7323
-14018
-17443
-15408
-12382
-6772
-1941
-5493
-9496
-10956
-8730
-3461
456
5544
4090
855
2234
3711
6427
8163
9081
9090
10044
10262
9082
10385
8402
4256
4037
5620
8286
9729
4200
-1214
-847
-107
1859
3212
1268
-890
-3821
-4558
-1038
486
447
1128
-576
-1479
1481
4734
5345
4069
2918
2143
3001
5926
7222
4159
132
-1265
-1552
-2786
-4210
-5040
-7130
-9169
-11496
-14747
-17961
-22525
-25727
-19424
-4233
-594
-8064
-16021
-23143
-16063
-2927
5424
10937
10849
5904
-689
1406
8840
16332
24204
21101
13157
9202
9230
11833
12040
11634
7845
6843
6796
477
-1752
-4775
-8385
-6719
-6239
-6639
-6898
-11411
-17183
-17079
-14030
-9310
-4085
-3799
-7659
-11051
-10812
-6584
-569
4546
5847
2372
767
1967
3537
8304
11659
8750
7338
9615
8042
10051
12723
5688
4195
6051
5397
10454
7604
666
-1994
-1547
1695
792
2323
-806
-1756
-1385
-4482
1008
-535
1195
2364
-2985
-183
3784
7218
4474
2395
2388
1888
5472
6266
3818
1512
951
-1165
-3566
-4448
-5268
-5108
-7287
-11169
-13320
-15751
-20328
-24956
-22873
-10049
585
-3280
-12062
-19779
-21735
-9187
2823
8261
11818
8595
2376
-153
5187
12577
20008
23381
16383
11659
9894
9788
13037
12117
9949
8222
7326
3736
-1917
-2634
-6162
-8049
-6639
-8995
-7505
-7424
-14448
-18702
-16677
-13068
-7550
-2912
-6037
-9508
-10643
-9687
-3288
2448
6155
4585
1449
1985
3060
6775
10131
12550
10476
7844
7272
6234
12988
11468
5102
6296
2280
4830
9105
4651
971
-1316
670
-457
-963
1370
-2050
-2435
-2700
-3727
-1505
1013
2162
-479
-1524
1384
5996
7173
3939
2003
627
4036
6764
5529
6539
3392
-656
-3232
-4424
-4304
-4558
-5251
-9263
-10730
-12654
-16977
-20767
-24632
-23240
-10963
-17
-4696
-12216
-20618
-23412
-10094
2604
9344
11185
8468
3368
-419
4997
13995
21658
23878
17729
11354
9551
13547
14233
10785
10524
7762
6441
3793
-1390
-2039
-6005
-7693
-7343
-9567
-6725
-7124
-12554
-16710
-17633
-13710
-7520
-3283
-6029
-10001
-10564
-8445
-3616
337
5941
6971
1868
661
2828
7286
10495
11163
7861
7141
10159
7767
11414
9349
1336
5393
4933
5983
9736
3971
-395
-2931
-2313
-59
2443
2852
-2932
-3475
-3629
-3032
610
1153
1161
-1612
-2266
1760
6759
7909
4781
-251
-925
3835
5863
6933
4853
1539
-1356
-2654
-4115
-2705
-1773
-6937
-7390
-12503
-12332
-14018
-19679
-20392
-26896
-14117
-1734
-2450
-6869
-18281
-21089
-14713
-271
8464
12514
13780
4657
-1664
1565
11772
20748
24562
20596
13517
11237
10899
10701
11701
11958
9624
7784
3488
-1814
-1600
-2550
-7054
-8263
-8380
-8254
-6420
-11497
-18513
-17985
-14933
-9806
-4202
-5482
-10270
-10580
-9454
-6282
-1080
4223
7409
3569
2141
3085
5317
8483
9765
9123
6410
10194
9476
10454
12216
3110
3428
3189
2733
9792
7515
3690
1234
-3279
-3069
274
1414
-206
-847
-3104
-3283
937
103
-24
201
-1134
3197
5689
6250
5268
355
-312
1982
5710
8248
5675
3792
677
-2202
-3098
-3656
-1251
-3539
-9011
-11825
-13236
-12750
-14243
-17758
-22226
-24394
-16700
-4701
-1558
-8560
-16383
-22632
-15615
1985
6989
12253
11609
3723
3365
1819
12298
20581
21357
20499
12866
13550
12937
12946
13709
10475
9044
6329
6247
1789
-1458
-3006
-9558
-8375
-8356
-8074
-5033
-11946
-17718
-18063
-15285
-10843
-6946
-4918
-8561
-11065
-10549
-7124
-1801
2777
5564
3193
2422
4354
6561
8708
9064
9639
7928
9502
9841
9175
12247
5304
1898
3288
3252
8660
5716
632
-23
-1719
-814
-423
-652
-691
-1604
-1345
-1387
-1403
-547
-421
-807
227
2931
5819
7759
4686
-416
602
5042
8031
9346
6885
2823
938
-1627
-2430
-386
-1748
-6048
-8181
-10574
-12120
-10307
-11775
-14795
-19793
-25932
-25208
-15183
-1716
106
-7875
-17410
-22308
-11596
2990
11100
13189
9124
4585
908
6256
13961
20933
25509
18373
13421
10319
13551
14112
11523
11539
5071
8824
5172
-186
-810
-8050
-8402
-10241
-9069
-6911
-7495
-12184
-20927
-21260
-16252
-9274
-3979
-5087
-10949
-13236
-11811
-6856
925
5358
4731
1425
1776
3108
6998
10323
10899
9175
6515
10372
9275
10270
11779
3555
4519
4970
3694
8671
5231
-177
-2851
-2243
1204
2176
776
-3643
-2966
-1956
-2086
408
105
873
-35
-452
2342
4888
6440
3465
834
3390
6630
8253
8131
4459
2008
1629
147
1114
1890
-945
-4914
-9276
-12024
-11036
-9726
-10443
-12653
-17858
-24929
-27840
-20006
-5283
1910
-4558
-15398
-20829
-16935
-3026
9659
12934
11322
7424
1994
2552
10666
17488
23843
22638
14984
11786
11172
13689
13818
12541
9241
6687
6750
3332
167
-4836
-9122
-10322
-7334
-7566
-9089
-11040
-18100
-16673
-15950
-11576
-6402
-8870
-8758
-11394
-9351
-5022
-2668
1203
3557
3525
3191
4758
6802
8680
9437
10771
8918
10545
10893
7537
10861
6320
3930
6410
4373
6718
3815
-406
-916
-1447
712
117
-95
-2204
-4783
-4334
-5368
-1785
123
4
-317
-2308
-19
2448
4676
4620
3020
3427
4863
6183
6254
5344
4151
3823
2685
2738
2004
1468
-568
-6524
-9738
-10071
-7511
-7548
-9284
-14517
-23037
-24367
-23383
-14038
-351
-815
-9462
-17818
-20632
-10926
3065
10794
13534
10548
4429
2074
5382
13210
20601
23268
19760
13826
12271
13374
13676
13140
9793
6849
7005
5292
1051
-1453
-5868
-11069
-11701
-11357
-9313
-8454
-13723
-19471
-19135
-17282
-12073
-6137
-7607
-7972
-11588
-9649
-5653
-4484
5424
5188
4689
5187
3291
8295
9555
12689
12428
11032
12163
8843
11096
12076
5191
4738
7188
6374
7473
4095
-900
-2956
-1134
710
-1959
-1129
-2733
-5487
-4707
-4092
-2917
-2525
-928
-1101
-1566
1044
3464
4273
3508
2893
3578
6119
7409
6574
5160
4199
3444
2862
2518
1803
441
-4179
-7059
-8204
-7664
-7082
-10926
-13306
-18136
-22773
-24007
-19718
-7810
-1298
-4209
-14372
-21423
-16497
-4389
6869
11679
10707
7356
3932
3577
10011
16705
23229
24128
16965
14492
13281
12917
13153
12103
10666
9191
8535
2582
-1924
-3900
-7963
-9032
-9002
-9714
-9538
-11461
-16567
-18833
-18161
-14819
-9684
-7111
-8431
-10902
-9439
-6827
-3377
2011
6059
4736
4017
5294
6553
10004
9781
13353
11643
9406
11932
7404
9891
7334
5715
6986
2274
5446
2590
-2062
-2403
-1578
-1112
-5950
-5116
-4110
-5328
-4365
-5723
-4610
-3982
-3241
-344
-259
1544
3658
4676
5505
5381
6156
7051
8197
8734
8078
7450
7348
5901
3815
3393
2431
-410
-3844
-6156
-7211
-8615
-10943
-13246
-15638
-18177
-19749
-22829
-25979
-18908
-5882
-2909
-8568
-15057
-18997
-11959
1199
7981
12552
13844
8692
5495
8060
14329
21252
24601
20659
15964
14688
14655
14202
10404
8935
7493
5395
4713
-1830
-4297
-5814
-13114
-13482
-13468
-12384
-8359
-12851
-18330
-19536
-18468
-13906
-7887
-4578
-5916
-8706
-9677
-6540
-767
5352
8721
7313
7297
8242
8901
12702
14405
11501
10598
12068
10168
11301
12377
6119
4120
2500
1641
6157
2903
-2319
-4289
-5964
-6410
-7666
-4616
-3259
-5766
-5893
-7427
-6192
-2411
-1070
-1307
-1274
1410
4453
5602
5191
4958
6163
8520
10103
10163
9867
8711
6832
4947
3658
2962
2340
204
-3083
-6087
-8944
-10867
-12154
-13067
-14386
-17261
-22172
-25432
-21856
-11039
-2112
-4401
-11600
-18832
-16717
-4003
4800
11256
13974
10929
6698
6494
11889
15850
21891
24310
18483
15127
13113
12672
12059
9788
8573
6221
5083
1182
-2833
-5033
-10764
-12661
-12539
-12353
-9495
-11098
-17349
-19754
-17739
-16015
-10087
-4855
-6693
-7645
-7835
-6763
-3132
2785
9018
8425
8090
8872
7974
10753
13257
14215
11882
10429
10405
9017
11598
6424
2045
3816
581
3965
3328
-3101
-4484
-6961
-6459
-6082
-4583
-5067
-6812
-4190
-8224
-3976
-723
-3116
2310
-1454
1489
6134
5189
8744
6607
6588
7445
9257
10879
10069
9415
6604
5180
2952
1823
1701
428
-1951
-5977
-9198
-10973
-11793
-12683
-14317
-17004
-20580
-26126
-26692
-15494
-4429
-3436
-8492
-16293
-19714
-10329
2342
8722
13146
13804
8469
5808
9434
14936
20264
23346
20737
15785
14731
14788
12609
10844
8863
6969
6586
3492
-1223
-3915
-8460
-13483
-14067
-12835
-10954
-9494
-13405
-19309
-20123
-17053
-11902
-6019
-4268
-6388
-8038
-8058
-5006
1690
7018
9205
8865
6890
7731
9925
12131
14056
12265
9631
9461
8203
8983
9316
3103
2173
881
-412
3647
-180
-2940
-3874
-6827
-7157
-6182
-5533
-5120
-3427
-5743
-6258
-3873
-2014
366
1353
1789
4404
6671
5859
8051
6160
7256
9308
8816
14037
9642
7769
7511
3035
2558
1684
3506
276
-4102
-7257
-11408
-11636
-12149
-13047
-14517
-16970
-21578
-25750
-23424
-14391
-4154
-2227
-8220
-15805
-16876
-7187
2842
9411
13275
13454
8946
5696
10313
14252
20640
23936
19640
17118
13824
13595
12212
8350
7653
6276
5253
2494
-2632
-5355
-9170
-13865
-13224
-11901
-9809
-8473
-14520
-18822
-18626
-16807
-9585
-3963
-5538
-7177
-8409
-7774
-2561
3251
9461
10677
7569
7250
8608
10111
10938
12520
11199
9374
11105
8227
8331
6630
-545
519
-376
1833
3553
-2911
-5440
-8139
-7288
-6243
-6306
-4608
-4241
-3099
-4939
-5538
-3762
-224
3281
3729
4616
5670
6892
7613
7709
7792
9263
11579
12226
11362
9578
6880
4236
4447
3718
52
-48
-1071
-8694
-12245
-10461
-12910
-15127
-13617
-14914
-19445
-23766
-26078
-22247
-11430
-2144
-1722
-8657
-17180
-17579
-6428
5295
11934
15418
12966
7743
6257
8897
16091
23460
23611
18510
14094
12234
11525
10455
8671
6425
5563
4751
1278
-1900
-5520
-11932
-14938
-13202
-10818
-7740
-8681
-15746
-19148
-16620
-13045
-7187
-2849
-4095
-6102
-6694
-6054
-1193
5977
10487
11114
8809
7451
6953
8178
10982
11273
10544
10537
9402
6033
6705
4597
-319
1028
-251
680
1752
-2362
-5571
-7451
-6617
-6335
-4774
-3075
-3357
-3442
-4675
-4663
-2137
1621
3796
3785
3341
4011
6169
7909
8321
8026
8578
9955
10675
9753
7919
5902
3991
3023
2303
1080
-1164
-4945
-8465
-10323
-10590
-10715
-12551
-13924
-16059
-21380
-24565
-23022
-16612
-5227
141
-6253
-15130
-18797
-11298
1303
8384
13511
15561
9329
4452
8392
11736
16165
22474
20143
15982
13513
11958
11393
7606
6096
5370
4925
4877
-440
-4288
-9213
-15140
-14245
-11964
-7736
-5189
-11177
-17510
-18125
-15735
-10243
-3254
-2111
-4193
-5066
-5447
-3229
936
5670
9086
8725
7340
8608
9362
9155
11825
11962
9692
10070
6338
5526
7445
792
1291
1327
-740
3923
-906
-4528
-6117
-7456
-4893
-3105
-1665
-4282
-3895
-5643
-5443
-1349
-944
2862
2562
2245
5208
5846
7624
7172
6320
6772
8758
10146
8101
8113
5869
4076
4586
1556
494
-927
-3054
-5265
-9571
-12474
-12233
-11026
-11474
-14126
-18933
-23365
-27701
-22963
-8386
1066
-1436
-9069
-17617
-19218
-4663
4413
12925
17533
9997
8368
3702
8868
17662
21098
23705
17209
14643
12574
11606
11058
7333
5904
4840
3967
974
-1328
-5507
-11872
-14255
-13393
-11121
-7218
-7235
-14486
-18168
-16601
-13821
-7786
-2725
-3453
-5761
-6582
-5968
-1530
5307
10206
9679
6975
6513
7446
9020
11356
11899
8951
9277
7761
4821
8045
4325
736
2158
-490
2059
2006
-3344
-4360
-6265
-6259
-4639
-4015
-2442
-2885
-4237
-4163
-3046
-1472
2654
4592
2705
3750
5007
6044
8072
8148
7630
8287
9261
9304
8162
6599
5001
3133
1928
754
-304
-1788
-4833
-7920
-10650
-11987
-12197
-12845
-14585
-16473
-19728
-23880
-24005
-15290
-2617
-1222
-6455
-13737
-18961
-9818
2235
9998
13895
13949
9995
5210
9745
14533
18702
23358
19170
14545
13239
12730
11257
8035
7504
4982
2822
2453
-1935
-4210
-8960
-14406
-12950
-12445
-9213
-6935
-12725
-17492
-18578
-16149
-10013
-3676
-1967
-4552
-5818
-6752
-5168
1915
8523
10395
8031
5982
6598
8028
9402
12410
11657
8661
9433
5625
6666
6985
-153
1195
-944
-934
3187
-1455
-3550
-5760
-7300
-5659
-4614
-2703
-3486
-3314
-4707
-4700
-801
172
2934
2586
2558
5699
6754
8336
6700
5701
7024
9042
11235
10250
7358
4843
3748
2647
2186
1131
-1218
-3710
-6706
-9073
-10294
-11595
-13191
-14479
-16190
-16644
-19578
-25418
-23361
-11137
-1621
-1906
-7220
-16313
-17503
-6615
4528
12106
15436
14663
7034
4497
11075
15039
21024
22539
17100
14526
13559
13070
10628
7439
5495
4522
5660
3073
-961
-5041
-12704
-14915
-13953
-11328
-6559
-9564
-13776
-16617
-19074
-14924
-8312
-2730
-2419
-5926
-6787
-6821
-2284
5240
10529
11675
8468
7735
7779
8681
10944
12297
10334
9449
9758
5100
7751
5171
-896
563
-1375
2528
2939
-2273
-5268
-7406
-7071
-6848
-5025
-4134
-3332
-4441
-5854
-4054
-1918
870
2085
2699
3484
4383
5784
6815
7201
7118
7832
9319
10857
10711
8074
4864
3373
2762
1482
852
361
-2471
-6860
-10080
-11819
-11751
-11063
-13175
-15975
-17330
-21686
-27658
-23525
-8882
1215
-162
-7706
-15501
-15979
-5324
5204
11896
17162
15364
8536
5188
9026
14944
21494
23038
18916
15711
11944
11268
8374
5920
6805
4897
4655
701
-3565
-5770
-12636
-16854
-15617
-10936
-6895
-8287
-13792
-18269
-18041
-14548
-7197
-2057
-2115
-4572
-7763
-4460
-1148
3778
11627
9654
7978
8071
7232
9473
10419
12593
10149
8802
9399
4948
6822
3748
-1463
413
-716
2483
3126
-2577
-5295
-7400
-6849
-5672
-4860
-3257
-2123
-1990
-4412
-4988
-2468
2325
4175
3322
3253
3112
6525
7047
6914
7846
7456
9526
9500
8863
6915
3855
2773
1809
744
-280
-861
-3095
-7366
-11405
-12572
-11749
-12052
-13072
-14591
-17332
-21754
-25246
-20665
-7401
1795
-350
-8566
-16213
-14896
-3673
7486
14058
16775
13087
7099
6360
9606
15196
21601
23076
18318
14054
11042
8522
8359
7660
5864
3771
3999
1274
-3243
-6110
-14066
-15421
-11722
-11235
-6918
-8627
-15590
-16787
-16724
-14000
-5511
-521
-2745
-3665
-6498
-4673
1207
4137
13479
10194
7464
9295
5602
11677
10499
10856
9096
6404
8395
4536
9250
4144
-2186
-1140
-5175
-242
1850
-2773
-5721
-8673
-8028
-6837
-4862
-1972
-2134
-2955
-4528
-5797
-3225
1775
3268
2532
3201
3530
5869
7356
5585
4698
5750
7688
8877
8157
6049
3942
2671
2429
2514
2918
2597
-82
-3871
-6452
-7042
-7111
-7527
-8497
-10463
-11532
-11100
-11139
-10760
-9703
-10866
-15461
-19302
-13658
-145
7201
4147
-3731
-10960
-8689
3541
13817
17454
16875
11494
4989
4586
9586
15626
20090
18006
9982
5223
5493
5684
5633
4135
-409
-2472
-2158
-4367
-5467
-7256
-13320
-14945
-12291
-9981
-5231
-5882
-13192
-15215
-13426
-9057
-704
2859
1341
-708
-3625
-3386
2186
8418
11737
10492
6959
5185
5299
7610
9154
7837
6361
7089
7016
5086
3719
612
-1171
-2649
-79
4432
1372
-1199
-4769
-7151
-6180
-4956
-1381
125
777
-1087
-3141
-2354
-959
3024
5324
4068
4028
5826
6249
5525
3924
3087
5253
7450
7483
4860
1533
-684
-2734
-3603
-3240
-4111
-5965
-8292
-10921
-11763
-11984
-13735
-16587
-20601
-22198
-15538
-4627
216
-3723
-11466
-16289
-12787
-1558
9945
15259
14587
9830
4058
4619
11992
18780
22510
21224
14582
10400
10007
8651
7822
7489
6106
5153
2359
-2986
-6522
-8268
-10202
-11150
-10868
-9740
-8683
-10886
-15614
-17476
-14907
-9651
-4023
-2136
-3632
-4897
-5094
-2367
2893
6895
9343
9053
6238
6623
8558
9569
10644
9234
7499
6757
5627
5454
4848
2051
670
-482
-997
368
-2493
-4043
-5015
-5077
-2005
-2398
-2216
-3928
-4755
-3970
-3283
953
1912
1245
429
584
3410
6023
7918
7621
6199
5270
6071
7734
8929
8790
6632
3897
1451
174
90
-492
-3139
-6947
-9389
-9399
-9004
-9730
-10968
-14140
-19084
-22978
-25078
-19942
-6926
821
-2423
-11341
-18914
-16108
-2171
9476
14042
15040
11488
5950
4083
9377
15708
22602
26107
18345
11210
9318
9833
8614
5585
5446
4333
4166
-282
-6762
-7259
-11161
-13445
-12916
-13197
-8686
-7927
-13470
-18267
-17458
-12242
-6459
-1966
-3516
-3804
-2393
-3590
780
6175
10394
12030
8432
6428
6645
8780
10701
12261
9972
7887
7203
3966
8282
4729
-2297
-107
-1732
2230
2670
-4139
-5507
-7140
-5189
-4470
-4112
-3177
-3558
-2695
-5190
-1486
-549
3583
6305
26
4099
3506
6911
9136
5131
7106
6559
9750
8358
6054
5475
2907
3005
1648
206
-1822
-4189
-8186
-10493
-9556
-8774
-8521
-10990
-16235
-22756
-27070
-22882
-7760
4766
2535
-8150
-18539
-20836
-9074
6984
14862
16288
12663
5498
2734
6305
13630
21029
22627
18017
12519
10651
10504
8742
7298
5273
3585
4615
1636
-3766
-6691
-12273
-15409
-12883
-10960
-7427
-7009
-14186
-17794
-16467
-14042
-7300
-2113
-2945
-4995
-5388
-3890
-728
4527
9846
10859
7976
7273
7919
8871
10800
10535
9281
8154
8089
6156
5814
4243
-1518
-527
354
1990
3058
-3556
-7562
-7650
-5305
-2731
-2296
-3515
-4997
-4554
-5020
-3358
667
2160
2413
2034
2750
5158
7528
6900
6327
6053
5643
10398
9242
7651
4986
869
4589
750
620
1717
-3367
-6736
-10744
-9395
-9263
-8824
-9961
-16098
-21221
-26132
-24513
-13702
-602
3878
-3152
-15549
-21142
-12919
1662
12115
15431
15005
8856
2445
4779
12079
18321
22472
19520
13125
12224
10734
9971
8359
4936
4324
3920
3346
-1528
-4507
-8229
-14462
-13989
-12920
-9121
-5558
-10226
-16293
-17410
-15642
-10748
-2842
-1051
-3376
-3994
-4554
-3456
1450
6716
9259
9163
7697
8206
8912
9045
9494
9465
8625
7573
6519
6386
5892
-288
-1065
1706
1204
4245
1134
-4918
-6751
-5119
-3072
-4239
-2830
-1937
-2798
-3957
-4121
-2348
-494
2152
2510
1524
2986
6086
7272
6036
5065
5840
8357
9951
8752
5788
3593
2621
1834
2004
2403
-16
-4956
-8757
-9881
-8981
-7763
-8988
-13559
-17855
-20445
-23856
-22000
-9558
1196
190
-8185
-17217
-17407
-5523
6552
12827
15729
12189
5459
4317
8004
14696
22068
22100
15984
11781
10929
11633
10683
7349
5037
3896
2399
462
-1901
-5247
-10342
-14266
-14609
-12618
-7903
-7057
-13335
-17225
-17422
-14909
-7750
-2841
-3790
-4457
-5101
-5033
-1657
3113
8968
9377
8139
8788
8687
10460
10650
10741
9192
8297
8274
6295
8442
4312
-1548
-67
39
2733
2324
-3007
-6471
-7580
-3514
-3045
-4509
-3747
-3922
-3506
-4062
-2750
-1033
1077
3422
2522
2363
4496
6810
7562
7397
6649
6583
8229
8919
7746
6264
5155
3387
1344
566
14
-2121
-5674
-8721
-9810
-9354
-9823
-13195
-16594
-19402
-22219
-23784
-17681
-4801
-272
-4420
-11981
-18423
-15306
-797
10581
11909
15419
10530
2462
5463
10963
19812
24373
20409
15145
11849
11197
11259
10861
8230
5656
4267
1448
-1642
-3062
-6486
-11428
-13135
-13414
-11431
-7686
-9387
-14393
-16378
-16116
-12841
-6483
-3254
-3909
-4292
-5199
-4613
-124
5476
8257
8626
8607
7340
8006
8747
9501
10219
8756
9850
6822
5207
8037
1856
-804
921
-389
3288
2937
-3282
-6416
-5553
-4265
-4760
-3475
-2904
-2739
-2035
-2690
-2083
-613
1654
3051
2359
3886
7035
6958
5924
5813
5839
8333
9765
8487
8184
6947
4766
3671
1740
496
-12
-3547
-7543
-8760
-8896
-9231
-10922
-14500
-17825
-20248
-23119
-24265
-17171
-4818
-47
-6078
-14837
-18625
-13270
-270
9355
12899
13724
10078
5219
5637
12306
18159
22885
21410
15446
14314
11978
11542
10654
7647
6044
4762
4166
-1404
-4309
-5686
-11980
-14044
-13015
-10627
-7031
-9558
-15701
-17666
-17098
-13213
-6472
-3908
-3259
-4410
-6694
-3972
-65
4507
8658
9562
9285
8188
8743
9378
10982
10701
7762
9026
6175
5269
8175
1838
-651
-878
-2735
2616
2696
-2834
-5361
-6733
-7237
-5991
-3622
-2025
-1402
-2789
-4864
-3375
1400
4152
3287
2218
3220
6273
8281
7769
6886
7251
8045
7950
7916
8608
8479
6522
3585
1238
242
-626
-1998
-4029
-7525
-10038
-10534
-11923
-14033
-15374
-16520
-19025
-24320
-25840
-15137
-2106
656
-5062
-13977
-18061
-10028
3253
10799
14669
14511
10004
6940
8493
13927
19683
23082
18499
14648
13359
12279
12800
7915
5686
3909
3961
2313
-3660
-4361
-9193
-14567
-16892
-13510
-9248
-9026
-9820
-16925
-18862
-15916
-12017
-5307
-2278
-2795
-4094
-4958
-3392
1932
7096
10946
11017
9760
8788
8482
11042
11821
10596
8261
8734
6917
7511
7472
-628
-1873
-4793
-2495
4172
705
-2572
-6827
-8896
-7996
-5901
-3115
-1364
-925
-4547
-5368
-2045
1600
3771
3987
3845
4934
7405
9297
9849
8697
7261
7074
8421
10089
10011
7830
4149
446
-1478
-1093
184
-925
-4834
-9444
-13125
-14051
-13347
-13387
-14399
-15730
-20382
-26444
-25139
-13168
-295
960
-5311
-13759
-15951
-7850
2122
12166
16493
16865
13291
6935
8186
12826
19435
22977
19612
16305
14283
12063
8520
6032
5364
4527
5102
2088
-4633
-5420
-10556
-15737
-15849
-15274
-8575
-9480
-11738
-17522
-20078
-13467
-13601
-3341
263
-3472
-2756
-6195
-2731
1315
8363
12358
9925
10657
8753
8863
9745
10751
10339
8521
9826
6542
8181
6815
-1484
-2689
-6302
-3222
3053
1124
-2165
-6210
-9175
-9529
-6437
-4141
-957
917
-1619
-3122
-3061
-368
2472
4096
5282
6378
7944
8468
7488
6520
7361
9410
11244
11369
9627
6721
3101
-177
-1782
-1008
317
-851
-5576
-11115
-14130
-14082
-12591
-12025
-12981
-15943
-21118
-25945
-24796
-14509
-1372
3723
-1939
-11351
-16273
-10034
1422
10767
17591
18130
13384
8014
7495
11080
18746
23664
20179
17387
13333
11514
9544
5311
4783
2932
3788
2934
-1873
-4793
-10087
-16113
-17067
-14191
-9714
-6234
-10915
-17534
-18417
-16587
-11369
-2952
221
-1981
-3287
-5319
-2984
1635
6909
12603
11510
9396
7971
9162
9973
8118
9734
9046
8141
7357
6643
5897
-2491
-5662
-3508
-1853
3933
2919
-2854
-8007
-10805
-8699
-5436
-669
958
-1202
-3441
-4109
-2766
982
5402
5709
5499
5625
5960
8303
8200
6498
7289
8811
10058
10305
7554
4721
3078
1136
-65
26
-14
-2535
-7131
-11423
-13934
-13516
-11716
-11536
-13382
-16688
-20958
-25439
-25236
-14096
280
3980
-3118
-13292
-17650
-9513
3874
12590
17411
17016
10376
6225
7949
12243
18859
23052
20490
15859
12765
10806
8586
5196
3063
3205
3752
2626
-1268
-6281
-11829
-16174
-15826
-12777
-8859
-6746
-11051
-16474
-18132
-16920
-10289
-2872
-946
-1179
-2318
-3876
-2718
2302
8815
11744
10620
9770
8946
8531
10229
9661
8505
8729
7518
6822
7898
4453
-2165
-3537
-4720
-2073
2197
-450
-4365
-8633
-8414
-7431
-5966
-1808
-932
-480
-2985
-4995
-2614
1386
4873
5117
4308
4342
6070
8081
8750
8170
7844
8462
8788
8506
6969
5235
3796
1492
-850
-1456
-1140
-2605
-6322
-10591
-13693
-13703
-11656
-12269
-14988
-17108
-20457
-23877
-22361
-12711
-42
3360
-4008
-13430
-17152
-8590
5484
13397
17522
17343
10580
6004
7425
12833
20090
22986
19543
14252
11097
9510
7116
5124
3606
2856
3812
1750
-2866
-6702
-12457
-16407
-15337
-12618
-8171
-6455
-11512
-16311
-17376
-15304
-8594
-2172
-135
-832
-2645
-3472
-1511
3626
10046
12936
10378
8682
8145
8098
10452
10857
9159
7315
6706
5096
5542
4072
-2642
-3727
-3713
-588
2584
-1153
-4661
-8475
-8592
-6364
-4496
-1622
-622
-1220
-2830
-3928
-2217
2541
5251
5023
4917
4740
6200
8800
8398
6796
7932
8420
7789
8140
6328
3833
2977
273
-2073
-1557
-2772
-5176
-7603
-12014
-14444
-13535
-12919
-13217
-14803
-18755
-24563
-25272
-13724
82
3175
-2480
-11686
-16868
-9771
3801
13659
18571
17955
11161
5504
7342
13277
19517
23135
19783
14100
12361
10612
7524
5792
3142
880
1470
388
-2447
-5291
-11397
-17001
-16877
-13664
-8886
-6052
-10217
-15587
-17023
-15224
-9552
-3204
-247
-553
-2906
-4926
-2352
2953
8966
12083
9920
9077
8446
8134
9845
10901
8892
7236
7226
3773
5620
5398
-1984
-2625
-3150
-787
3128
-628
-3943
-7610
-7749
-6398
-5039
-345
129
201
-2257
-2609
-1285
82
5920
6052
6260
6528
7717
8285
5293
7006
7782
8684
9250
8351
7235
4355
1566
-1734
-3282
-2479
-1909
-4586
-9506
-13407
-14718
-14010
-13345
-13160
-14895
-18479
-23253
-24732
-15473
-2004
2576
-1778
-9720
-14717
-9015
2466
11105
17376
18896
12522
6417
8120
13644
18625
21739
19598
14739
13124
12233
9337
6593
3474
954
654
-502
-2254
-3919
-9627
-16583
-18201
-15813
-10365
-5975
-9594
-15588
-17688
-16546
-10875
-3330
-35
486
-1778
-4937
-2755
2922
10331
13680
11603
9811
7550
8071
10019
10667
9830
6907
7006
4694
5056
5710
-2858
-3343
-3431
-3195
2533
-285
-3298
-6584
-8566
-7296
-5666
-2011
-1428
-1154
-1835
-2622
-847
1711
4203
4411
5539
6503
8808
9298
6100
7262
5511
8244
10323
7125
9319
3401
241
-856
-3877
-1476
-2515
-3966
-8488
-11847
-12480
-13915
-14210
-15094
-16010
-18509
-21657
-24897
-18859
-3885
2220
-1819
-8697
-14513
-10780
739
8818
15295
19243
14934
9665
9513
12068
16614
21540
21103
16162
13132
12069
9853
7157
4466
1806
1343
801
-2409
-4636
-7725
-14323
-17619
-16427
-13459
-7896
-7659
-13802
-17026
-17103
-13305
-6033
-1798
-549
-324
-3521
-3899
706
6016
12391
13388
10620
8647
7944
8755
9729
10205
7773
8035
6485
4996
7100
429
-2928
-2993
-4774
1584
1871
-2586
-4921
-8999
-8668
-6291
-2724
-483
81
-51
-2267
-1613
106
3561
5703
5853
7464
7961
8353
8213
5946
5051
8006
9073
9375
8599
5559
2156
-794
-2173
-3041
-1153
-4472
-7280
-10299
-14300
-12349
-14963
-13017
-15714
-20748
-19909
-24499
-18217
-5372
716
-1941
-9461
-13534
-11052
-1010
8268
14184
16659
14364
9802
8424
12587
18199
21813
20435
15956
13479
12776
10361
7960
6159
3149
1792
773
-2224
-4180
-7230
-13545
-17102
-16202
-13136
-8562
-8032
-13141
-16576
-16465
-13488
-6452
-1422
-2065
-2867
-2677
-3517
-681
6058
10660
11657
10612
9822
9211
9111
9543
9333
8855
9086
7662
6466
6818
717
-2594
-3592
-5546
987
2467
-716
-2852
-7186
-9490
-8215
-4629
-2310
457
-81
-3060
-2772
-1103
2246
4746
5736
6936
7730
8241
8406
6516
5698
8213
9030
9072
9140
6847
4592
2487
-1365
-2831
-1795
-3181
-5861
-9470
-12568
-13509
-14117
-15326
-15527
-17258
-21721
-23503
-22819
-13650
-3097
-1016
-3511
-12696
-13961
-5299
2886
10867
15665
16343
11505
7994
10147
15088
19832
21620
19535
14684
12912
11282
7876
6856
4960
2117
1507
-556
-3695
-4993
-9175
-14542
-15453
-14538
-11118
-7153
-9924
-15032
-16890
-15678
-10018
-3060
-1022
-855
-1991
-4421
-2293
2295
8703
11941
10941
9733
7943
9068
9441
10191
9475
7414
8040
5863
7179
5141
-1962
-2461
-4046
-754
3974
618
-1622
-6073
-9231
-7618
-5018
-1489
761
1103
-1674
-2867
-1794
766
4398
5422
5914
6833
8178
8659
7769
7074
7046
7682
8103
8076
7460
5593
2128
-1471
-3208
-2680
-2362
-4630
-8351
-11869
-13885
-14302
-14536
-14049
-15451
-20323
-24374
-24009
-14890
-2449
1493
-3523
-11665
-15922
-8978
1801
10375
17753
14649
11726
10358
5442
12111
20424
21909
18386
14128
14507
12489
8850
7398
5999
2382
1338
495
-2933
-4146
-7962
-13325
-15861
-15606
-11365
-7078
-8732
-14230
-17452
-16605
-11958
-5411
-352
-163
-2510
-3808
-3635
738
8425
12366
10508
8684
7485
7820
10016
10224
9153
8631
8100
5733
6699
4652
-526
-496
-3647
-3129
115
-737
-1808
-4025
-5882
-8448
-7579
-4188
-1663
514
-498
-2575
-3059
-1249
1488
4172
6049
6860
7734
7951
7166
6474
7106
8424
9679
10000
8372
5506
3044
1322
-253
-808
-944
-2699
-5966
-9730
-12549
-13590
-13803
-13393
-13715
-16167
-19199
-23207
-24877
-16328
-3398
1381
-1594
-8431
-14626
-10815
88
8622
16013
19082
13779
8578
7927
11143
17401
21604
21462
16587
11849
11919
8667
4842
6761
4491
1029
1215
-2127
-4711
-7343
-14630
-17172
-14483
-11545
-7810
-8476
-13223
-16591
-17000
-12930
-6052
-673
245
-2033
-4052
-3227
282
7056
12106
11389
10308
7964
6749
7855
10040
10095
7565
7783
5485
6175
5961
843
-947
-4735
-4866
-667
814
-548
-4630
-7640
-8081
-7072
-4909
-1128
1538
848
-2349
-3992
-1109
2857
5327
6519
7433
8193
8062
7298
6805
7086
8003
9313
9956
8995
6621
3446
591
-948
-1211
-958
-1901
-4815
-8683
-12285
-13558
-12885
-12803
-13292
-14963
-17932
-21648
-25397
-20550
-5920
3285
1406
-6676
-15097
-14083
-4133
6159
15065
19737
17001
10494
5159
6543
14434
21533
22765
18414
13253
10528
9037
6358
4408
3938
4100
2288
-1173
-2604
-7769
-13708
-15388
-13219
-10851
-9085
-6209
-11698
-16040
-15964
-14363
-6556
-2014
256
12
-3416
-4343
-1704
3766
10176
12054
9378
8200
6247
7009
9237
9266
8493
7960
6399
3985
6545
2401
-2831
-2272
-4134
-362
2011
-836
-2876
-5762
-7586
-7043
-4587
-1366
816
441
-1218
-2596
-1138
2877
5535
6359
5883
5814
6783
7125
6684
6976
8376
9491
9187
7454
5551
4325
2888
520
-1415
-1557
-1545
-3820
-7522
-10816
-12738
-12160
-10845
-11315
-13335
-16525
-20086
-23340
-22533
-11943
1171
4657
-1470
-11728
-16536
-9206
2366
11735
18162
17655
11878
6379
4520
9195
17488
21976
20204
15068
10639
8634
7161
5724
4198
3864
3850
1444
-2064
-5700
-9631
-13552
-14029
-12644
-8834
-5713
-8328
-13506
-16811
-13399
-10388
-3086
400
-2040
558
-4313
-3383
1515
5914
10852
9182
10291
6269
4961
8819
8074
7854
7721
7119
4363
5030
3864
-2208
-1873
-2930
-3690
323
-403
-2575
-4537
-6872
-7714
-5935
-2477
-623
348
-1091
-2629
-1693
1292
4515
5246
5389
5550
6380
7973
7562
6142
6842
7553
7910
8682
6737
5099
4784
1991
217
701
-44
-1372
-4126
-8255
-10150
-10733
-10838
-9604
-9679
-12184
-15571
-18935
-21062
-20946
-16103
-5651
1859
-547
-7511
-12834
-12630
-3656
7506
13660
16943
15442
7838
3869
7159
12929
19430
22044
18043
12887
9155
6211
4498
4263
5761
6449
3522
-1617
-5658
-7276
-9475
-12502
-12414
-10399
-7290
-5410
-10031
-15184
-14994
-12109
-6594
-965
46
-373
-1550
-3659
-1925
2916
8300
9969
8189
7474
7062
6782
6655
7397
6782
5778
6755
4901
4089
1667
-3922
-4056
-4444
-2041
1518
-627
-2753
-6052
-6791
-6544
-4853
-644
141
857
-153
-1027
76
1408
3203
4065
5723
7890
9125
8392
6757
5719
5894
7477
9023
9423
7631
4628
2135
672
350
1132
1229
-1457
-5793
-9206
-10213
-9710
-9516
-10292
-11886
-13577
-15173
-16449
-16659
-18103
-19856
-14606
-4748
-55
-1321
-6241
-11301
-8450
847
8764
15178
17672
12927
8118
7306
9178
15051
20265
19841
15799
10692
7920
7280
6504
6452
5069
3079
1588
-2444
-5357
-7217
-11071
-11637
-10503
-9697
-6839
-8152
-12430
-13298
-13366
-10545
-3928
-225
277
-801
-3362
-3717
-720
4622
9949
10257
7963
6353
3783
5132
8056
6376
7386
7195
2184
3951
4193
-2600
-4060
-5013
-6099
-840
1179
-629
-2096
-7016
-10114
-7819
-3527
1929
4705
3102
182
-2822
-2382
1921
4663
6826
9454
8739
7515
7086
5098
5922
8904
9321
9600
9335
6778
4218
1418
-831
-357
1249
1628
-458
-4747
-9134
-11544
-11441
-10784
-10788
-11109
-12899
-15896
-17900
-19206
-20933
-19867
-13139
-4068
884
-1837
-8840
-13021
-9531
-305
9599
16162
17919
14426
7777
4572
6735
14711
21984
22466
18677
11460
6847
5064
5101
7318
7164
5686
1754
-3841
-7024
-8709
-10689
-10703
-9602
-9641
-7938
-8551
-12522
-13696
-12982
-9870
-3478
214
137
-1003
-3357
-4062
-1098
3964
8563
9632
7491
4610
2842
3243
5077
6879
7818
6730
3986
2155
1327
-822
-3566
-3038
-91
1282
602
-1122
-4019
-6424
-4654
-1806
-275
1295
1551
-14
-3176
-3379
-68
3002
5271
5674
5310
5338
5709
5421
5210
6623
8162
8851
8975
8062
6294
5332
3628
2019
2053
2534
2135
-828
-3768
-6043
-6857
-6370
-7861
-9932
-12153
-14483
-15508
-15078
-14986
-16606
-18734
-19011
-14205
-6218
-1994
-4306
-8772
-9972
-5852
2020
9624
13923
13974
11010
7971
8274
12719
18142
20238
18266
14504
10859
9302
8710
8463
8337
6169
3102
-845
-4152
-5256
-6828
-8391
-10127
-10841
-8706
-7574
-8536
-10988
-13266
-11786
-7907
-4241
-2005
-1991
-3299
-3913
-2901
-374
3926
6557
5856
4663
3619
4107
6017
6947
6302
5264
4303
2873
3096
2780
-183
-1852
-2303
-824
1049
-14
-1868
-4022
-4006
-3567
-3273
-834
-411
293
161
-1572
-1260
191
2046
2260
3088
5372
7291
8097
6922
5533
5872
7460
8376
9158
9342
8508
6326
3615
2438
3065
4217
2519
-119
-2865
-5564
-6609
-8312
-9878
-11507
-13394
-14101
-14714
-15296
-16130
-17842
-20269
-22487
-20517
-12375
-3634
-132
-2792
-9178
-11644
-5999
3550
12623
17111
16073
11279
7464
9186
14032
19321
21138
18673
15124
12267
11365
10194
8199
6110
4148
2962
1404
-821
-3738
-7196
-10071
-11523
-10710
-8284
-7213
-8776
-11115
-12961
-12094
-8505
-5729
-3738
-3569
-4982
-5162
-3654
50
3389
4618
3627
1901
2450
4025
5966
6740
5721
4781
3473
3523
3881
3254
2291
-270
-1208
-331
310
-67
-2068
-3295
-3155
-2862
-2596
-1349
-969
-989
-859
-1686
-950
903
2543
2668
2930
4547
5752
7178
7491
7058
6870
7546
9576
10618
10518
9481
6913
4877
4359
3948
3681
2727
177
-2055
-3878
-5385
-6677
-8930
-10870
-13007
-14168
-13355
-13731
-14233
-15421
-17948
-19272
-19701
-17068
-10834
-4271
-865
-3004
-6703
-7652
-3962
3499
10191
14205
14700
12258
9512
8742
11385
15856
18854
18289
14971
11474
9458
8400
7228
5827
4283
2538
240
-2312
-4552
-6670
-8734
-10066
-9529
-7583
-6818
-8370
-10991
-12635
-11433
-8268
-5023
-2346
-1781
-3365
-4826
-4848
-1984
3234
6689
6857
5417
3412
2181
2705
4511
6921
8196
6913
4320
1941
352
-84
17
646
849
-486
-1505
-2722
-4860
-5355
-4465
-3631
-2231
-1740
-1700
-912
-1709
-1978
-623
1699
4509
5691
6455
6430
6230
6655
7718
10090
11765
12015
10277
7924
7107
7261
7218
6213
4787
3133
1235
-827
-2968
-5006
-6629
-7776
-9215
-11092
-13043
-14769
-16048
-16607
-16375
-15898
-15712
-15851
-16104
-15943
-14595
-11551
-7018
-2605
-210
-270
-1301
-408
3418
8511
13202
15635
15418
14545
13625
13145
14092
15154
15547
15282
13569
11184
8864
6243
3702
1616
189
-657
-1679
-3664
-6703
-9205
-10174
-10254
-9290
-8644
-9318
-9838
-10569
-10870
-8917
-6184
-4277
-3541
-3931
-3243
-1376
464
2735
3301
3231
4284
4921
5999
6772
6330
5415
5050
5104
4554
4873
4305
2567
1532
-528
-1063
-213
-1002
-1670
-3355
-4934
-4098
-3097
-1865
-1616
-2593
-2728
-1894
-356
1815
3902
3905
4236
4052
4304
7363
8304
9243
9273
7908
8000
7969
8421
7404
5829
4466
2791
2060
1021
-348
-2020
-4253
-6591
-8223
-9118
-9784
-10355
-11744
-13476
-14523
-14341
-13665
-13496
-12420
-11951
-12249
-11702
-10323
-6974
-3882
-1651
-613
-779
570
2714
5463
8205
9667
10308
10658
10470
10430
11188
11355
11670
11794
10744
10006
8797
6937
5577
3685
1968
1066
-135
-832
-2053
-4514
-6213
-7399
-7579
-6529
-6565
-7018
-7175
-7570
-7264
-6700
-6146
-4883
-3505
-2505
-1766
-1182
-126
800
1251
1728
2134
3608
4870
5164
4931
3473
2825
2682
2831
3562
2832
1957
738
-433
-254
-592
-484
-451
-874
-771
-1030
-710
-374
-43
575
914
2179
3631
3823
4160
4605
4789
6590
7681
7888
8024
7069
5993
4419
4385
5317
5462
4640
2390
244
-1974
-3251
-3413
-3756
-4643
-6247
-8175
-10167
-11473
-12089
-12201
-12116
-12007
-12185
-12393
-12190
-11853
-11615
-11125
-9133
-6788
-4443
-3006
-2765
-1747
-268
2251
4493
6335
7842
8208
9204
9525
10009
11278
11521
11732
11425
10509
9766
9018
8078
6693
5378
3966
2778
1635
448
-870
-2360
-3130
-4756
-5421
-5334
-6003
-5499
-6694
-8023
-7537
-7353
-5839
-4534
-4710
-3946
-3382
-3451
-2483
-1683
-827
813
1305
1364
1810
2183
2676
2964
3659
3496
3583
4060
2911
2879
2951
2941
3658
3234
2705
2530
2435
2334
2537
2653
2659
3183
3114
3070
3355
3224
3165
3002
3093
3591
4102
3723
2774
1657
767
1396
959
850
162
-1783
-2038
-3447
-3739
-3790
-4637
-5272
-6585
-6374
-6797
-6862
-7133
-8690
-8550
-7917
-6799
-5576
-5633
-5990
-6248
-6221
-5103
-3508
-1877
-694
-762
-845
-457
392
1886
2823
3280
3875
4042
4221
4741
4961
5096
5253
4749
4507
4711
4404
4395
4036
3344
2988
1868
1263
1280
816
689
271
-361
-347
-588
-1390
-2055
-2608
-2749
-1915
-1409
-1167
-892
-1838
-2403
-2157
-1842
-631
-16
-292
-311
-341
-278
-49
338
835
1519
1975
2215
2269
1847
1746
1560
1811
2939
3435
3437
3226
2598
2363
2728
2773
2811
2928
2505
2434
2688
2495
1996
1191
471
499
869
880
393
-561
-1413
-1886
-2363
-2374
-2559
-3399
-3881
-4378
-4482
-4192
-4747
-5366
-5706
-5809
-5179
-4808
-4739
-4487
-4622
-4295
-3681
-3470
-2961
-2743
-2699
-2038
-1304
-790
-261
-245
-632
-234
390
929
1667
1671
1595
1767
1930
2275
2237
2343
2452
2648
3267
3324
3381
3368
3030
3322
3888
4108
4120
3808
3177
2984
3057
2897
2892
2857
2653
2389
1808
1073
563
462
381
101
-336
-903
-1551
-1912
-1711
-1709
-1585
-1730
-2433
-2431
-2120
-1801
-1451
-1478
-1671
-1461
-1184
-740
-19
-32
-50
18
249
1162
1576
1669
1444
1081
1371
1648
2005
2072
1669
1335
873
749
752
699
514
-7
-545
-972
-1132
-1145
-1226
-1682
-2201
-2691
-3031
-2944
-2980
-2936
-3153
-3619
-3766
-3687
-2994
-2604
-2525
-2455
-2774
-2206
-1689
-1243
-580
-850
-958
-807
-364
534
1324
1201
700
494
319
1203
1907
2017
1889
1126
938
1224
1766
2160
1973
1616
1484
1756
2097
2451
2397
2052
2018
1944
2229
2743
2663
2618
2460
2239
2513
2496
2294
2109
1852
1718
1643
1445
955
591
-31
-549
-591
-724
-591
-922
-1612
-2063
-2520
-2538
-2470
-2505
-2420
-2491
-2630
-2706
-2717
-2626
-2458
-2114
-1790
-1411
-1042
-1058
-926
-874
-608
50
377
745
710
610
874
984
1352
1443
1194
997
675
735
967
993
814
313
-190
-401
-478
-556
-558
-839
-1164
-1350
-1651
-1510
-1384
-1570
-1594
-1797
-1718
-1404
-1310
-1210
-1170
-1125
-1099
-673
-371
96
552
136
339
420
785
1451
1478
1550
1368
1533
1403
1601
1896
1678
1965
1727
1747
1922
1801
1786
1492
1507
1581
1599
1658
1420
1325
1368
1281
1248
1046
848
811
689
658
536
270
57
-179
-230
-148
-294
-575
-997
-1305
-1231
-1259
-1409
-1711
-2242
-2349
-2308
-2309
-2084
-2316
-2577
-2616
-2781
-2352
-1952
-1832
-1601
-1759
-1588
-1165
-951
-530
-398
-247
44
201
500
745
1040
1242
1336
1407
1392
1490
1611
1660
1685
1645
1399
1363
1312
1336
1503
1113
782
350
21
193
96
-69
-333
-806
-956
-856
-730
-475
-575
-902
-1071
-1132
-780
-500
-430
-552
-773
-580
-261
240
535
413
387
245
438
883
974
1149
861
590
969
1024
1473
1587
1165
1280
971
973
1067
895
889
535
376
217
182
303
124
-32
-186
-336
-386
-446
-567
-652
-813
-951
-1033
-1072
-1027
-1053
-1127
-1281
-1321
-1400
-1445
-1420
-1532
-1359
-1290
-1273
-1090
-1206
-1110
-1002
-1040
-773
-761
-779
-655
-683
-347
52
188
395
403
399
704
830
996
1160
1003
1089
1253
1429
1735
1716
1550
1493
1428
1534
1676
1536
1360
1099
862
898
844
701
456
50
-159
-215
-264
-319
-546
-826
-982
-1042
-1008
-995
-1094
-1241
-1349
-1312
-1190
-1080
-1036
-1086
-1003
-783
-545
-287
-163
-95
39
194
365
572
681
752
895
961
1127
1226
1209
1284
1215
1257
1305
1188
1159
995
910
913
751
641
428
210
93
-83
-213
-358
-555
-731
-880
-1013
-1089
-1174
-1294
-1326
-1370
-1392
-1363
-1459
-1522
-1528
-1572
-1490
-1434
-1441
-1335
-1257
-1150
-961
-858
-734
-598
-517
-340
-160
-27
159
295
460
664
791
944
1076
1164
1301
1388
1450
1522
1520
1549
1606
1608
1637
1602
1530
1476
1368
1293
1158
999
822
608
480
317
190
88
-77
-162
-292
-462
-602
-819
-989
-1128
-1274
-1323
-1361
-1360
-1285
-1230
-1132
-1011
-948
-871
-805
-747
-635
-533
-432
-284
-124
55
241
399
546
679
796
908
1002
1062
1091
1109
1144
1190
1201
1182
1102
972
884
779
660
599
446
280
155
-46
-190
-364
-547
-720
-907
-986
-1168
-1250
-1322
-1513
-1540
-1630
-1692
-1673
-1729
-1750
-1729
-1684
-1579
-1458
-1347
-1193
-1053
-875
-688
-522
-317
-145
38
234
417
605
779
930
1048
1150
1249
1340
1409
1471
1543
1630
1723
1780
1787
1757
1710
1655
1585
1483
1356
1221
1079
938
797
660
525
404
287
172
50
-89
-246
-420
-565
-722
-881
-1003
-1115
-1189
-1251
-1284
-1295
-1324
-1326
-1334
-1313
-1249
-1156
-1039
-919
-802
-677
-539
-402
-252
-104
48
225
383
548
729
849
958
1089
1169
1233
1274
1256
1259
1273
1245
1189
1106
1005
892
764
627
475
314
148
-22
-184
-355
-544
-746
-963
-1170
-1383
-1585
-1727
-1856
-1941
-1948
-1956
-1935
-1880
-1852
-1776
-1671
-1604
-1526
-1442
-1324
-1130
-922
-712
-508
-313
-105
100
318
558
785
1026
1240
1390
1523
1627
1703
1805
1905
1986
2053
2080
2074
2053
2022
1969
1875
1738
1579
1402
1236
1110
996
878
747
575
387
191
-28
-228
-405
-576
-723
-855
-968
-1075
-1180
-1245
-1303
-1374
-1413
-1451
-1491
-1513
-1541
-1556
-1533
-1472
-1368
-1251
-1135
-1008
-876
-720
-530
-338
-166
-17
144
332
529
713
860
980
1085
1165
1251
1364
1460
1526
1563
1563
1550
1523
1456
1332
1170
993
800
610
439
249
54
-114
-283
-473
-667
-858
-1042
-1213
-1373
-1523
-1643
-1704
-1727
-1727
-1709
-1697
-1686
-1663
-1598
-1475
-1348
-1222
-1072
-933
-805
-647
-487
-318
-122
80
276
455
608
747
885
1035
1171
1290
1412
1517
1591
1660
1717
1745
1758
1744
1681
1586
1479
1374
1286
1202
1125
1042
931
796
639
471
299
126
-18
-154
-292
-402
-509
-618
-699
-789
-892
-1000
-1135
-1262
-1352
-1422
-1456
-1468
-1477
-1462
-1431
-1385
-1315
-1220
-1102
-975
-852
-726
-591
-434
-257
-78
104
297
491
673
813
913
985
1047
1116
1203
1311
1414
1474
1471
1411
1313
1184
1032
873
719
582
460
326
190
63
-79
-238
-394
-543
-683
-823
-963
-1081
-1192
-1287
-1342
-1358
-1348
-1316
-1285
-1282
-1290
-1293
-1277
-1237
-1159
-1050
-916
-752
-563
-386
-221
-53
95
221
342
451
564
714
887
1065
1241
1397
1528
1616
1653
1650
1618
1583
1566
1549
1533
1523
1482
1417
1332
1201
1040
872
681
487
307
123
-44
-179
-313
-452
-590
-724
-843
-936
-1017
-1093
-1175
-1263
-1334
-1359
-1336
-1283
-1233
-1195
-1170
-1171
-1182
-1182
-1163
-1108
-1015
-910
-791
-663
-529
-368
-199
-57
59
144
202
273
357
454
586
729
842
932
1008
1055
1082
1098
1093
1061
999
908
807
719
641
580
535
468
367
245
96
-70
-214
-324
-411
-486
-561
-633
-697
-749
-775
-773
-761
-738
-715
-709
-698
-671
-638
-585
-508
-414
-298
-199
-112
5
136
232
314
390
444
500
560
620
670
703
735
748
762
771
765
748
712
679
653
636
613
571
516
428
314
207
117
37
-36
-98
-155
-204
-255
-319
-394
-485
-591
-683
-747
-807
-874
-922
-952
-973
-980
-973
-955
-913
-851
-790
-740
-701
-678
-660
-611
-521
-413
-300
-175
-36
109
245
374
503
616
702
776
847
899
923
941
960
970
965
960
955
931
899
863
799
694
580
484
413
355
291
209
119
36
-31
-77
-112
-170
-261
-366
-464
-550
-615
-660
-695
-722
-738
-738
-727
-694
-640
-586
-537
-489
-443
-399
-348
-295
-259
-232
-179
-97
-24
55
151
235
286
318
371
397
398
410
422
427
417
416
404
369
347
348
362
353
317
265
200
133
64
0
-55
-115
-183
-221
-245
-279
-318
-365
-419
-456
-489
-512
-519
-514
-496
-462
-420
-368
-319
-279
-249
-231
-226
-222
-200
-159
-102
-29
57
133
186
220
242
269
307
346
385
436
486
523
563
609
645
674
700
700
665
611
547
464
378
303
236
174
124
90
64
40
15
-24
-75
-135
-207
-286
-351
-391
-412
-423
-437
-463
-490
-506
-507
-501
-489
-475
-457
-431
-398
-358
-310
-260
-222
-190
-156
-119
-89
-58
-27
-1
22
53
93
110
114
136
146
156
188
204
222
261
286
297
304
296
297
305
305
296
273
236
187
137
94
54
33
27
8
-8
-29
-70
-106
-126
-140
-149
-155
-155
-153
-154
-158
-179
-213
-234
-241
-236
-206
-148
-88
-32
14
46
67
90
117
128
118
117
120
130
154
176
193
206
202
199
185
159
130
94
56
26
-5
-29
-40
-54
-72
-84
-81
-68
-65
-62
-64
-74
-89
-114
-134
-134
-125
-113
-95
-68
-48
-47
-54
-73
-98
-110
-105
-94
-77
-57
-33
-3
20
33
39
39
40
45
61
85
108
119
117
109
102
94
86
81
84
95
107
101
80
60
44
35
36
31
21
13
-6
-33
-50
-63
-72
-84
-96
-107
-120
-129
-130
-132
-135
-142
-150
-157
-153
-136
-106
-72
-34
-2
16
29
34
35
38
42
42
45
58
77
102
129
146
149
144
136
122
117
114
109
111
110
97
76
56
33
7
-6
-13
-19
-19
-13
-6
-7
-11
-11
-12
-14
-22
-37
-65
-102
-136
-158
-167
-157
-132
-105
-85
-72
-70
-81
-96
-111
-120
-121
-108
-82
-49
-12
21
45
61
72
84
94
101
101
94
84
76
77
94
114
138
158
174
179
176
172
160
140
114
90
61
33
10
-7
-18
-16
-11
-5
-8
-16
-30
-48
-60
-74
-90
-105
-123
-147
-169
-185
-198
-209
-211
-204
-193
-178
-158
-131
-100
-66
-39
-22
-20
-16
-6
1
7
23
41
57
81
112
138
157
176
187
181
167
160
154
150
148
142
132
125
120
119
114
104
87
61
31
3
-17
-30
-32
-30
-27
-37
-54
-75
-93
-108
-118
-121
-116
-109
-108
-115
-123
-129
-130
-132
-135
-139
-141
-141
-133
-117
-93
-65
-42
-22
-1
19
36
48
52
52
58
71
87
100
108
113
112
113
120
124
125
131
141
147
146
140
122
90
54
24
-2
-15
-17
-16
-16
-21
-34
-45
-53
-73
-94
-103
-110
-118
-118
-108
-101
-89
-71
-67
-74
-72
-66
-67
-66
-60
-53
-46
-35
-23
-18
-13
-4
6
16
27
39
49
59
65
63
58
59
61
67
79
96
113
124
127
121
108
86
61
40
22
10
11
22
29
37
38
23
-4
-25
-40
-59
-74
-79
-81
-82
-80
-82
-86
-88
-88
-86
-87
-92
-99
-105
-106
-103
-96
-85
-74
-62
-52
-46
-45
-45
-35
-13
17
50
80
105
126
133
130
119
107
100
99
102
109
118
126
131
125
109
85
60
44
36
34
34
36
30
17
-2
-19
-35
-46
-56
-63
-62
-63
-57
-39
-22
-21
-23
-20
-29
-54
-72
-78
-78
-71
-61
-57
-52
-41
-31
-28
-32
-40
-53
-61
-60
-52
-37
-19
-1
11
20
27
34
39
41
40
36
32
30
31
31
31
33
34
35
34
31
31
32
36
39
38
33
24
17
12
6
1
-7
-15
-23
-26
-31
-33
-35
-38
-42
-47
-52
-56
-58
-57
-51
-41
-30
-20
-12
-10
-10
-13
-16
-18
-18
-14
-4
13
33
52
61
63
59
53
49
46
41
37
36
39
46
53
54
50
42
33
24
15
6
-3
-10
-13
-10
-6
-4
-7
-12
-16
-18
-14
-8
-1
6
10
15
20
23
23
19
12
6
2
-3
-7
-15
-25
-36
-45
-50
-50
-48
-43
-41
-41
-45
-49
-51
-50
-46
-37
-29
-19
-9
0
3
3
-2
-8
-13
-15
-13
-9
-1
5
10
13
16
15
13
9
4
-1
-3
-2
2
6
11
15
18
20
20
19
17
15
15
17
18
20
22
21
20
18
14
11
10
9
9
7
7
6
4
3
2
1
2
4
8
15
20
24
28
28
27
22
16
6
-4
-12
-18
-21
-23
-23
-25
-25
-24
-23
-23
-24
-24
-22
-14
-5
4
10
11
9
7
6
8
11
14
18
23
27
28
24
17
12
9
5
-1
-8
-15
-20
-21
-21
-22
-26
-30
-31
-28
-23
-16
-12
-10
-10
-10
-8
-7
-6
-8
-13
-20
-26
-30
-28
-21
-11
1
10
17
20
20
16
9
1
-7
-12
-14
-11
-4
2
7
8
10
9
8
7
9
11
13
17
22
28
33
36
35
33
28
24
20
18
18
19
22
23
23
19
14
5
-5
-14
-22
-27
-28
-28
-24
-18
-10
-2
1
1
0
-2
-1
1
4
7
9
10
5
-2
-8
-15
-17
-19
-18
-16
-14
-10
-4
-1
2
-1
-7
-16
-23
-27
-27
-27
-25
-22
-17
-12
-7
-3
1
7
11
13
10
3
-2
-3
3
10
15
17
16
13
10
6
1
-4
-6
-8
-10
-13
-13
-12
-8
-2
1
2
2
2
3
5
7
7
10
8
9
11
14
16
16
13
9
4
2
0
2
3
5
6
9
9
11
11
9
7
4
2
0
-1
-2
-3
-5
-5
-6
-4
0
6
11
14
15
11
5
-3
-11
-17
-21
-21
-20
-17
-13
-11
-7
-3
-1
1
1
-1
-2
-4
-4
-2
2
6
11
15
15
15
10
6
3
-1
-5
-9
-15
-16
-15
-8
-4
0
-2
-5
-7
-5
-1
0
2
-1
-5
-6
-4
0
3
6
7
6
1
-4
-3
-3
-1
-1
1
1
1
0
2
0
-2
-3
-6
-8
-9
-9
-6
-5
-1
5
11
16
17
15
12
8
7
9
11
15
15
17
18
18
19
19
17
12
5
1
-2
-3
-2
-2
-3
-4
-7
-9
-10
-12
-11
-10
-11
-11
-13
-15
-13
-11
-8
-6
-5
-5
-4
-3
-3
-3
-1
-1
2
3
2
-2
-7
-11
-12
-10
-9
-7
-7
-6
-5
-4
-4
-7
-7
-7
-5
-2
2
5
9
9
7
5
3
3
6
8
11
12
11
11
9
6
5
4
4
5
6
8
9
5
1
-1
-3
-6
-8
-7
-1
5
8
11
15
17
17
14
11
8
4
0
0
-2
-3
-2
-2
0
0
0
-1
-5
-8
-13
-18
-20
-22
-23
-22
-19
-15
-12
-7
-4
0
1
3
2
2
1
0
0
-1
-1
-1
-1
-1
-1
-2
-2
-3
-1
-1
0
1
2
3
5
7
6
4
1
-1
1
5
10
14
18
20
20
18
12
6
1
-1
-4
-4
-3
-2
0
0
0
-1
-2
-3
-5
-6
-5
-5
-4
-3
-3
-3
-2
-2
-2
-2
0
-2
-3
-2
1
2
0
-2
-5
-5
-5
-2
1
3
3
2
0
0
0
-1
3
6
5
3
-1
-1
-2
-2
-3
-1
2
4
5
5
4
3
0
0
0
0
0
-1
0
0
-1
-1
0
2
2
3
3
3
1
-1
-3
-4
-3
-3
-5
-6
-8
-11
-13
-13
-12
-9
-4
2
4
5
6
4
1
-2
-4
-3
-1
2
5
7
10
9
9
9
9
9
9
8
6
4
2
1
1
3
5
7
8
6
5
1
-3
-7
-8
-10
-8
-6
-3
-1
1
2
2
1
2
1
1
0
-2
-3
-3
-2
-1
-1
-1
0
0
-5
-6
-7
-7
-6
-5
-5
-5
-6
-7
-7
-7
-6
-4
-1
-2
0
0
0
0
0
0
0
0
2
1
3
3
3
3
4
6
9
12
12
12
11
10
7
5
4
3
3
2
2
1
1
1
1
0
-1
-2
-3
-5
-5
-7
-8
-7
-7
-6
-7
-7
-7
-6
-6
-6
-6
-5
-6
-5
-6
-4
-1
0
2
3
3
3
4
4
3
5
5
5
6
6
6
6
7
6
6
4
3
1
0
0
0
0
0
0
-1
-1
-2
0
-1
0
-1
-2
-3
-3
-3
0
2
7
8
7
6
3
-2
-4
-6
-7
-6
-6
-3
0
1
2
3
1
0
-2
-3
-4
-4
-2
-2
2
4
6
7
6
4
0
-2
-3
-6
-5
-3
0
-1
1
1
1
-1
-2
-2
-2
-3
-2
-1
-2
-2
1
2
0
-4
-7
-10
-10
-8
-6
-2
1
5
7
8
7
4
1
-1
-3
-3
-1
-1
0
3
5
4
5
2
0
-1
-4
-3
-3
-1
1
3
5
5
7
6
5
4
3
3
1
1
1
-1
0
0
-1
-1
-1
0
0
0
-1
-3
-4
-4
-5
-3
-5
-3
0
1
1
1
0
0
2
3
4
3
2
1
1
2
1
0
0
-3
-4
-5
-6
-7
-4
-4
-3
-1
-1
0
0
0
0
0
-1
-1
-1
-1
1
2
4
4
6
6
6
5
3
1
-1
-2
-5
-5
-4
-4
-3
0
2
3
5
4
5
4
3
2
0
-2
-3
-3
-3
-2
0
3
3
3
2
1
-2
-3
-4
-4
-3
-2
-2
-1
-1
1
0
-1
1
0
-1
-1
-2
-3
-3
-3
-3
-2
-3
-3
-3
-3
-2
-3
-2
-1
0
0
0
2
2
3
5
6
7
9
9
8
6
4
2
-2
-1
0
0
1
2
2
0
0
-1
-3
-2
-2
-2
0
-2
0
0
-2
-1
-1
-2
-2
-2
-2
-2
0
-1
0
-1
1
1
-1
-3
-5
-6
-8
-8
-8
-6
-5
-2
-1
0
1
0
0
-1
-3
-1
0
1
5
8
12
12
14
15
14
13
10
8
4
4
6
7
8
8
7
3
3
3
4
7
7
4
2
-3
-6
-8
-9
-10
-9
-9
-8
-8
-7
-8
-8
-7
-7
-7
-9
-11
-15
-18
-19
-18
-15
-11
-8
-5
-3
-3
-2
0
2
5
6
8
9
10
10
11
10
10
13
16
16
16
12
8
5
3
1
2
3
3
6
6
7
7
6
4
0
-1
-2
-2
-1
-1
-3
-5
-7
-10
-12
-13
-10
-7
-3
-1
3
5
7
5
3
1
-1
-1
-3
-2
-2
0
2
2
1
0
-3
-6
-10
-15
-19
-19
-16
-12
-6
-3
-3
-1
0
3
4
7
7
8
8
12
12
14
17
21
22
23
19
11
2
-7
-13
-15
-13
-9
-5
-3
-2
-5
-7
-9
-10
-7
-4
-3
-1
3
3
6
8
10
12
13
12
11
9
7
4
1
-3
-4
-7
-6
-9
-9
-9
-10
-10
-9
-8
-7
-5
-4
-3
-2
-1
3
6
8
7
6
3
1
2
2
1
0
0
1
0
1
0
-1
0
0
0
0
0
-1
-2
-1
-1
-2
-1
2
4
7
9
9
7
5
0
-4
-9
-12
-13
-12
-9
-3
1
4
6
7
8
6
5
0
-2
-6
-10
-9
-6
-1
7
12
16
17
13
7
1
-3
-4
-6
-5
-6
-5
-3
-2
-1
0
-1
-3
-4
-1
0
0
1
-1
-4
-7
-7
-8
-8
-6
-4
-2
0
1
2
0
-1
-2
-4
-5
-6
-6
-5
-4
-2
1
3
5
8
10
12
12
12
11
9
7
5
4
4
3
3
3
2
2
2
3
5
6
7
5
0
-5
-10
-13
-12
-9
-6
-2
0
0
-3
-4
-4
-3
-2
0
2
4
1
0
0
2
-1
-5
-9
-5
-3
0
1
2
2
0
-2
-3
-2
0
1
4
3
3
3
7
10
11
12
9
6
4
1
-2
-5
-9
-11
-13
-13
-15
-12
-11
-7
-6
-5
-4
-5
-6
-5
-6
-6
-4
-2
1
4
5
5
5
6
6
6
7
10
13
16
17
18
15
11
6
-1
-6
-8
-9
-7
-6
-5
-5
-6
-8
-10
-12
-11
-10
-9
-7
-5
1
7
10
13
11
7
3
0
-1
1
3
4
4
5
4
2
0
-2
-5
-8
-9
-11
-8
-5
-1
3
3
3
0
-4
-3
0
2
4
3
4
4
2
0
0
3
6
3
3
2
3
3
1
0
1
-1
-1
-3
-4
-6
-6
-6
-5
