SAMPLES:	19093
BITSPERSAMPLE:	16
CHANNELS:	1
SAMPLERATE:	16000
NORMALIZED:	FALSE
0
1
2
4
3
4
4
4
4
4
3
2
3
2
3
2
3
4
4
4
4
4
3
2
1
0
-2
-3
-2
-3
-3
-3
-3
-3
-3
-3
-3
-2
-3
-2
-3
-2
-2
-1
-1
-1
0
-1
1
1
0
0
0
-1
-1
-1
-2
-2
-1
-1
0
1
1
1
1
1
0
-2
-4
-3
-3
-2
-1
-1
0
0
0
0
0
0
0
0
-1
-1
-1
0
0
0
1
2
3
4
3
3
2
2
1
0
0
-1
-1
0
1
1
2
2
1
2
3
2
2
1
2
0
0
-1
0
0
-1
0
1
1
0
0
0
0
-1
-3
-3
-4
-4
-4
-2
-2
-1
-2
0
0
0
0
0
0
1
0
0
0
0
1
1
0
0
-2
-1
-1
-2
-2
-2
-1
-1
-1
0
-1
1
0
0
0
0
0
0
-1
0
0
0
0
0
0
1
0
1
1
1
0
0
-2
-1
0
0
1
0
1
1
2
2
1
1
0
0
0
0
0
0
-1
0
0
0
0
1
0
0
0
0
0
0
0
0
0
0
-1
1
0
1
1
1
0
0
-1
-1
-1
0
-1
1
0
0
0
1
-1
0
0
0
-1
-1
-1
-1
-1
0
0
-1
0
1
1
1
2
2
0
1
0
-1
-1
0
0
1
1
1
1
0
-1
-1
-1
-2
-1
-1
-1
0
0
-1
0
0
0
0
0
-1
0
-1
0
0
-1
-1
0
-1
-1
-1
0
-1
0
0
0
-1
-1
0
-2
-1
0
0
0
-1
0
1
0
-1
1
1
0
1
-1
0
0
1
0
-1
-2
0
-1
-1
1
0
0
1
-1
1
0
0
1
0
2
2
-1
2
0
0
4
-2
5
-3
2
1
0
0
0
0
0
-1
0
0
-1
-1
-1
-1
0
0
1
1
0
1
1
0
1
0
-1
0
0
1
0
0
0
0
0
0
-1
0
-1
0
0
0
0
0
0
0
1
0
1
0
1
1
0
0
-1
-1
-1
-2
-2
-2
-3
-1
-1
-1
-1
0
0
1
0
0
0
0
1
0
1
1
2
3
3
3
3
2
0
0
1
0
0
0
1
1
1
1
0
0
0
0
0
0
0
0
-1
1
0
0
0
-1
0
0
0
1
0
0
0
-1
0
0
0
0
1
1
0
1
0
0
-1
0
-1
0
0
-1
-1
-1
-1
-1
0
0
0
0
0
0
1
-1
-1
-1
-1
-1
-1
0
0
0
0
0
0
0
0
0
0
0
0
1
0
0
0
1
0
0
0
0
0
0
0
0
1
1
0
0
1
0
0
0
0
0
1
0
0
-1
2
1
0
0
1
2
2
2
2
3
2
3
2
2
2
2
1
0
0
-1
0
0
-1
0
0
0
-2
-1
-1
-1
-1
-1
-1
-2
-2
-2
-4
-3
-3
-2
-1
-1
0
0
0
0
-1
0
-1
-1
-1
0
0
0
0
0
1
0
-1
-1
-1
0
0
0
1
1
1
2
1
0
1
0
0
0
0
0
0
0
0
0
2
1
2
2
1
0
0
0
0
0
0
0
0
0
0
0
0
-1
0
0
0
-1
0
-1
0
0
0
1
1
1
1
0
2
0
1
-1
-2
-2
-2
0
0
0
-1
0
1
-1
0
-1
-1
-1
-1
-1
0
0
0
1
1
1
1
2
-1
0
0
0
0
0
0
0
-1
0
-2
-1
-1
-1
-1
-1
-1
0
1
1
-1
1
1
0
1
0
1
2
0
2
1
-1
3
-3
3
-3
2
1
1
3
1
0
0
-1
0
0
0
0
1
0
1
-1
0
0
1
-1
0
1
0
0
0
0
0
0
0
-2
-1
-1
-1
-1
0
0
0
0
0
0
0
0
-1
-1
-1
-1
-1
-1
-1
-1
0
0
1
0
1
-1
-1
-1
-1
-1
-1
-2
1
0
-1
0
0
-1
0
0
0
0
0
1
2
2
2
3
2
1
1
2
1
0
1
-1
0
0
0
0
0
0
0
1
2
1
0
0
1
-1
0
0
0
0
-1
0
0
-1
1
1
0
0
-1
1
-1
-2
3
-3
3
-3
1
-2
-1
0
0
0
0
0
0
0
0
0
1
-1
-1
0
1
0
0
-1
-2
-2
-4
-3
-3
-3
-2
-2
-1
-2
1
0
0
0
1
1
1
1
1
1
3
4
4
4
4
4
3
2
1
1
0
0
-1
1
-1
0
1
0
0
0
-1
-1
-1
-1
0
0
0
0
0
0
0
0
1
0
0
0
0
-1
1
0
0
0
0
0
0
0
0
0
0
0
0
-1
0
0
0
-1
0
0
1
1
0
0
0
0
-1
-1
0
-1
-2
-1
-1
-1
-1
-1
0
0
0
0
0
-1
-1
0
0
0
0
1
0
0
0
0
-1
0
0
0
1
1
1
1
0
1
0
-2
-1
-1
-1
0
0
0
0
0
0
0
0
0
0
0
1
1
1
1
1
0
0
1
0
1
1
1
0
1
1
1
1
2
2
0
1
1
-1
-1
-1
-1
-2
-1
-1
-1
0
0
-1
1
-1
-1
-1
-3
-2
-2
-2
-2
-1
0
0
1
1
1
0
1
1
0
0
0
0
0
0
1
1
1
3
2
2
1
1
0
-1
-1
-2
-1
-3
-2
0
0
0
1
0
0
-1
-3
2
-5
2
-4
2
0
1
3
1
2
1
1
1
0
-1
0
0
0
1
0
-1
0
0
-1
-1
0
-1
-1
0
0
0
0
1
0
0
0
0
0
1
0
0
0
1
1
1
1
2
1
1
0
0
-1
-1
-1
-2
-1
0
0
2
3
4
5
5
3
2
0
-2
0
-1
-1
0
1
2
1
1
-2
-4
-5
-7
-9
-10
-9
-6
-4
-3
0
1
0
-1
-1
-1
0
-1
-1
-2
-2
0
2
7
10
14
14
13
7
2
-3
-7
-8
-7
-4
2
6
9
11
10
6
3
-1
-3
-4
-3
-4
-3
-4
-1
-2
-1
-1
0
-1
1
1
2
2
1
1
0
-1
-2
-4
-5
-5
-8
-8
-7
-5
0
7
11
14
17
17
19
19
19
18
12
3
-8
-18
-22
-18
-6
10
26
35
37
25
8
-14
-32
-42
-40
-27
-7
16
36
48
49
42
31
20
12
9
12
15
18
21
21
19
15
12
9
2
-4
-12
-22
-31
-45
-61
-73
-74
-62
-37
-12
-1
-2
-3
-12
-28
-42
-73
-126
-171
-189
-181
-134
-40
80
159
180
176
120
2
-132
-226
-185
-57
-6
11
154
416
524
496
815
1411
1667
1635
1678
1517
766
-381
-1405
-1976
-2302
-2726
-2942
-2343
-1262
-640
-494
-65
767
1363
1343
1019
806
550
-245
-1519
-2541
-2848
-2827
-2977
-2992
-2225
-916
-74
304
1485
3742
5628
6248
6457
6841
6200
3529
-80
-2887
-4722
-6539
-7983
-7502
-5265
-2972
-1126
709
2534
3884
4119
3476
3008
2664
1623
87
-1229
-2011
-2442
-3054
-3571
-3048
-1749
-779
-297
447
1791
2984
3242
3071
3324
3631
3016
1553
243
-550
-1272
-2052
-2405
-1961
-1056
-389
-117
202
682
848
498
152
247
435
122
-685
-1418
-1866
-2367
-2920
-2958
-2232
-1232
-584
-276
68
391
272
-294
-463
378
1556
2337
2850
3427
3829
3315
2132
1215
481
-190
-752
-1349
-1251
-535
-351
-509
-511
-326
64
7
-307
76
602
422
-72
-329
-499
-1062
-2056
-3010
-3445
-3330
-3086
-2657
-1490
111
1288
1943
2404
2485
1785
509
-771
-1785
-2377
-2220
-1361
-450
261
1255
2409
2891
3068
4305
6325
7202
6437
5379
4374
2265
-919
-3414
-4370
-4805
-5417
-5236
-3421
-1049
139
77
327
1441
2028
1358
553
259
-545
-2659
-4866
-5605
-5368
-5411
-5628
-4960
-3298
-1607
476
3389
5623
6969
8017
7621
6474
5936
4315
997
-2348
-4924
-6218
-6310
-5911
-4363
-2011
-589
832
3115
4382
4631
4973
4393
3375
3159
2470
1231
233
-1664
-3831
-4757
-5226
-4989
-3388
-2013
-1090
575
2046
2761
4169
5101
3423
1663
1373
-137
-2395
-3055
-3005
-3436
-4000
-3639
-2333
-1216
-324
-50
-514
-400
-135
-3
598
920
1253
1351
370
9
148
-735
-1958
-3220
-4007
-3521
-2260
-377
1237
2066
3383
4183
4214
6767
10445
10353
7750
5519
1979
-2643
-5628
-7265
-7626
-6138
-4289
-1276
3680
6828
6537
4908
2668
63
-2079
-3327
-3544
-3271
-3141
-3232
-3215
-2581
-2062
-2988
-4359
-4587
-4054
-2967
-1634
-1366
-2016
-1965
-698
529
2348
7087
10827
9024
6543
5251
2070
-1236
-3736
-5287
-5103
-5140
-4799
-1513
1558
2518
2841
1644
1361
2522
2684
2550
2380
2043
1074
-4
-667
-955
-459
-863
-2201
-2415
-2439
-2566
-1743
-1958
-2045
456
2801
3394
4536
6412
5361
2128
291
-1490
-4445
-5778
-5830
-6356
-4981
-2641
-270
2063
2848
4248
4281
1731
875
542
-1112
-2427
-3732
-4458
-3392
-2371
-1396
380
990
196
-270
-1085
-2592
-2279
-672
-153
766
2600
3077
2494
1989
2167
4776
7700
6616
3952
3119
1306
-2180
-3958
-3886
-3468
-3366
-4017
-3011
1011
3765
3120
2203
2237
2333
2285
1542
677
520
-693
-3283
-4296
-3130
-2158
-2031
-2013
-1588
57
2172
2956
2028
124
-1950
-4029
-5870
-5572
-3221
-3612
-6732
-7156
-4536
-2183
1041
6446
10337
11501
11281
11722
10809
6421
2181
-3340
-8484
-9312
-8261
-6644
-4399
-2392
-1275
802
3035
4354
6532
7042
4954
3719
3040
865
-792
-1348
-3905
-6565
-6294
-5625
-5722
-3804
-1776
-3010
-1778
1718
2861
5203
7861
7625
5331
3435
1448
-1373
-3773
-6541
-7951
-8826
-9393
-6412
-3134
-1692
994
3509
3791
4864
6243
5634
4186
1758
-1563
-3890
-5045
-5401
-4144
-1706
202
1019
1744
1863
1177
3800
8369
8079
6055
6587
4833
1051
-770
-2729
-4853
-5266
-5905
-5781
-2188
1378
1603
1279
2163
3289
4782
6104
6430
6046
3928
-37
-3479
-5662
-7324
-8476
-7990
-5262
-1324
3134
6890
7901
5724
1700
-3642
-8857
-10612
-9204
-8000
-9302
-11253
-11443
-11281
-8065
778
10371
16846
20680
23199
21909
16556
10741
2137
-7398
-13013
-16854
-16873
-11973
-7648
-4003
-220
2508
5771
8346
9316
9802
8681
6129
3293
1677
1215
-1279
-5176
-7777
-9982
-10856
-8674
-5631
-4067
-3099
-587
755
2312
8577
12542
10699
8653
6940
3310
-1050
-4720
-7609
-10062
-13103
-13384
-9160
-4962
-1467
1535
1722
1932
4488
5766
6212
7096
5004
1445
-1051
-4341
-5928
-4336
-4328
-4970
-3052
-1627
-1131
740
1448
99
2118
8500
12183
11697
11705
9772
3370
-2162
-5302
-7550
-7178
-6959
-8088
-4496
1853
4554
5776
7015
6947
6725
5485
3534
3333
2667
-977
-5548
-8333
-9378
-10420
-10798
-8499
-4331
179
4781
8041
8496
7009
3824
-1785
-6976
-8022
-7596
-9967
-12265
-11652
-10321
-8042
-4185
1508
9569
14408
16238
20278
19655
13483
8932
1943
-5482
-7162
-9370
-11538
-8829
-7160
-6847
-3407
-645
751
4225
6495
6364
7819
9072
7076
5216
3923
-1213
-5681
-5661
-9122
-12050
-8050
-8138
-8441
-1763
-205
399
6102
6941
6771
8242
6798
6635
4916
-99
-2992
-6242
-9597
-10027
-9476
-7956
-6265
-4851
-1833
882
2260
4318
5763
5128
4602
4234
2124
698
1148
588
48
502
-999
-3343
-3901
-2993
1296
7506
8898
7624
8116
5907
2179
1521
-78
-3135
-4693
-5424
-3845
-302
1815
1970
1697
2805
4139
3911
4380
4524
1914
-1293
-4464
-5925
-5605
-6543
-6750
-4888
-2943
-981
1910
3136
1437
-961
-4373
-7234
-7334
-6296
-5812
-6941
-8118
-6028
-1615
1806
5644
11130
13635
12954
13338
13692
10972
6100
144
-6560
-9577
-9386
-9278
-7399
-4979
-3453
-2291
-228
3787
6802
7906
8157
6604
4903
3412
150
-2565
-4885
-7560
-8705
-8255
-6198
-4320
-2635
-973
-904
507
4451
4842
4325
8042
7014
3552
3138
-294
-4092
-6533
-9581
-10384
-9135
-7740
-4552
-1289
287
3418
5255
3629
3481
4018
1651
227
320
-861
-128
1306
641
231
-368
-2448
-1428
5116
10037
10636
11024
9126
4403
1374
-1302
-3977
-4808
-6538
-7173
-2924
3292
6488
7415
8889
8435
6268
4545
2065
-804
-3375
-7483
-10748
-9283
-6850
-5404
-3300
-1239
497
798
-56
-1080
-3799
-7789
-11301
-13410
-12500
-8715
-4852
-3047
-1806
2573
10545
18055
21059
21292
19680
11998
4320
2056
-2889
-8400
-11411
-16468
-15595
-8694
-4777
-411
3752
4165
4578
6458
8133
9260
10399
9191
5309
1991
-1700
-6894
-10438
-11901
-14275
-14727
-10782
-6617
-2455
2375
5452
7612
9892
12389
13820
10856
5350
916
-4208
-8867
-11376
-13917
-14291
-13799
-12595
-6971
-2056
1979
6722
7608
7665
8568
7005
4942
3198
454
-2007
-3472
-3786
-2941
-737
931
-525
-2190
-2784
-1876
4647
11802
12789
12803
13043
9018
4803
2788
-1331
-6249
-8727
-9088
-5827
165
3817
5067
6927
8138
7406
6943
6423
3023
-2161
-7102
-10595
-10252
-8130
-7344
-5768
-3832
-3404
-1970
-26
-971
-4705
-9947
-14483
-15711
-14080
-10848
-8529
-8558
-5421
3168
13095
23000
28658
26341
19933
11581
4493
993
-4662
-11545
-14953
-16920
-15138
-8789
-3548
724
4180
4102
4042
6714
9183
9921
9090
7200
5280
3020
-28
-3483
-7278
-11295
-15058
-16287
-12711
-7054
-2635
1202
4230
6978
11711
15463
16126
15160
9430
750
-5047
-10223
-13809
-15236
-18458
-17417
-11688
-7391
-423
6000
6784
7675
7585
5634
5382
3804
796
-2130
-4774
-4898
-3490
-1132
2368
4261
3521
1269
-1963
-3834
-2102
3462
10053
12165
12177
12718
10361
6948
4016
-419
-5375
-9036
-10586
-7703
-1680
2348
5269
8870
10472
10191
10107
8839
4852
-759
-6744
-11342
-12509
-11388
-10530
-9128
-6256
-3348
-698
1934
2652
-871
-7115
-12225
-14734
-14966
-12500
-9964
-10348
-8825
-2008
7822
18578
25557
25268
21487
15930
8374
3959
-762
-9141
-14128
-16297
-15789
-9678
-3226
1118
4679
5432
4611
5955
7987
7873
6887
6126
3889
1500
407
-1779
-4624
-7468
-11086
-12822
-11216
-8032
-4741
-2038
755
3989
7900
13031
16149
15392
11711
4650
-2801
-7636
-12195
-16369
-17045
-16492
-15112
-9591
-2543
2991
7003
9210
8369
6377
5829
4096
1308
-969
-3912
-6091
-5286
-2188
1244
3969
4760
2982
611
-1168
-1822
2216
8621
10271
10114
11273
9849
7273
5284
1116
-4001
-7377
-8380
-6371
-2469
800
3149
6140
8643
9167
9702
9389
5617
308
-5200
-10042
-11589
-11490
-12191
-11689
-9056
-5962
-3161
-279
1867
397
-4640
-8940
-11390
-13304
-13207
-11030
-9426
-7493
-1939
7498
17655
23413
23451
20746
15288
8182
3771
-867
-8267
-13122
-15391
-14760
-8795
-2556
1849
4829
5411
6012
7130
7856
8135
7233
5362
3327
2157
1416
-460
-3629
-7166
-10143
-11589
-10415
-7661
-5225
-3027
-169
3246
6910
11653
15581
15466
11833
6548
1182
-4798
-10945
-14850
-18022
-18941
-15387
-11226
-5165
3441
6981
7599
9540
7603
5323
4143
70
-2506
-4479
-6795
-5053
-1413
1608
4542
5702
4069
935
-2499
-3667
353
6166
7823
7829
8902
7897
6508
5796
2570
-899
-2732
-4197
-2984
84
1204
2416
4762
5695
6814
8976
8878
6161
2223
-2718
-7077
-9630
-11391
-12813
-12247
-9452
-6387
-2882
433
463
-2288
-6124
-10201
-12265
-12040
-10462
-9851
-12769
-13328
-5624
5577
15668
23880
27372
24854
19654
15281
10416
2022
-8059
-15789
-19387
-18070
-12553
-5774
-34
3932
5848
6710
8192
9523
8394
5755
4566
4120
2572
1178
-16
-2631
-6390
-9894
-10881
-9471
-8352
-6408
-3830
-3653
-1949
4760
11256
14246
15371
13692
8008
2314
-1349
-6010
-11068
-15498
-19300
-18301
-13445
-8538
-2413
2652
5084
6958
7859
9510
9674
4182
-315
-1864
-5422
-6674
-3383
-707
980
3263
4215
2884
998
-1253
-3407
-1283
4530
8164
9580
11014
10798
8866
7025
4557
521
-3612
-6484
-7306
-5518
-3218
-1338
2369
6299
8369
10805
12387
10200
5654
-64
-5887
-9677
-12040
-14008
-14370
-12260
-8500
-4098
618
3724
2625
-1811
-6456
-9253
-10435
-10858
-10481
-11260
-14020
-13038
-4295
7156
15363
21429
25380
22577
17487
16230
11695
2077
-5942
-13176
-17821
-15701
-11262
-6887
-1996
704
2060
5140
9002
10829
9485
6550
4255
3272
2782
1747
673
-1128
-6229
-10795
-9677
-8332
-9358
-7313
-5140
-5314
-1386
6167
11768
14330
14088
11206
6300
1747
-1228
-5179
-10853
-16340
-18351
-15483
-11075
-4951
1773
3076
2991
5466
5299
5186
7516
5371
120
-2158
-3291
-4019
-2054
679
1697
1724
1716
1244
-14
-1903
-4141
-2865
3994
8763
9179
11207
10985
6701
5281
4077
143
-2180
-4297
-6620
-5061
-2108
-1179
344
3126
4414
5725
8777
9916
8104
5147
639
-3961
-7588
-11503
-13809
-12809
-10034
-5986
-263
5685
8523
6929
3163
-1944
-8323
-12626
-13442
-13942
-15373
-15982
-14905
-11807
-5663
3350
12231
18871
24092
26471
24489
20655
14343
4024
-5729
-11991
-15287
-15095
-12842
-10091
-6595
-3090
692
4735
7058
8357
9215
7996
6752
6967
5938
3604
768
-2720
-5683
-8661
-10379
-8993
-8359
-8755
-6661
-4330
-2996
892
7085
10410
10898
12700
12186
7551
3749
-959
-7232
-12156
-15959
-15097
-11304
-9781
-5970
-916
528
1689
3623
5694
6183
3014
1355
1792
200
-170
2170
3600
3006
2011
803
-2457
-3773
596
3346
1800
1856
1975
889
3465
6970
6522
5121
3714
1558
2138
3618
1570
-866
-2228
-5096
-5607
-891
3325
4657
5896
6204
5578
5415
2932
-1578
-4952
-9115
-12801
-10514
-5076
-1439
1937
4784
4711
2490
-409
-2700
-5915
-12719
-18697
-19292
-17229
-15170
-13763
-13018
-9894
359
16484
27923
30083
28899
24065
14743
7946
3074
-4993
-12896
-16972
-17829
-15183
-9220
-2978
1054
3200
4198
5143
7251
8890
8279
6319
4425
3716
3585
2009
-631
-3149
-7050
-11787
-12453
-9225
-7950
-8039
-5893
-3771
-1048
6657
15068
17336
15487
12847
8916
3828
-1323
-5611
-11212
-18189
-18625
-13617
-10775
-5775
-13
160
1842
5966
6723
7095
6973
3967
-107
-3029
-2396
-765
-335
1683
3063
2012
838
-1535
-4293
-4037
-1159
2583
6403
9226
9956
9235
7634
4572
1658
-601
-3350
-4342
-4104
-5167
-4233
-695
1401
3251
6769
9438
10088
9547
7425
3474
-1226
-5960
-10242
-12908
-13499
-12058
-7907
-1528
4275
6932
6290
3316
-2187
-9349
-13642
-13105
-12750
-15052
-15998
-14826
-12773
-5440
8734
21049
24863
24650
24110
20455
14551
8419
-144
-9540
-15415
-16382
-12491
-6651
-2351
101
1281
2283
3459
4116
5096
5752
4422
3272
4322
5712
5141
2443
-840
-4824
-10273
-12529
-9574
-8349
-9517
-7683
-4673
-1626
4747
13130
17851
15806
11505
8657
4192
-1475
-6004
-10847
-16167
-19100
-15471
-8477
-4685
-385
3592
1816
1707
5185
5210
4295
3726
-168
-4103
-3612
-321
2318
4132
5415
4431
1803
-965
-3935
-6479
-7074
-3543
2436
6379
10069
14821
15640
12194
8197
3280
-3150
-8308
-10035
-9878
-8935
-5261
691
6046
10768
14889
15636
12183
7227
2204
-3109
-7477
-10316
-12810
-14286
-12628
-7903
-2237
2547
5172
4099
-440
-5103
-8501
-12406
-15100
-14537
-14793
-18021
-19101
-11282
5760
20384
24581
25904
25647
18409
12351
10489
2421
-9284
-15704
-17935
-15676
-9119
-3133
2209
5165
3180
2771
5998
6955
5202
3075
1351
1697
4589
6488
4369
1568
-1580
-8684
-12890
-10159
-9533
-11381
-9259
-6273
-4382
2039
13206
20462
19209
14480
10598
6188
175
-5310
-9938
-16860
-22563
-19087
-10643
-5178
-75
5151
4879
2413
5247
7720
3841
1492
271
-6139
-7918
-2064
1085
2714
5454
5793
3745
210
-2275
-3629
-5841
-3840
2141
5062
6591
9815
12167
12244
10657
7355
1698
-4213
-7342
-8703
-8851
-6207
-2288
999
5195
10642
13644
12452
9821
6291
384
-5571
-9359
-12425
-14859
-14106
-9547
-3277
2928
7213
7401
3906
-1576
-7552
-12134
-14785
-15018
-13283
-13462
-16205
-16083
-7099
9641
22239
24662
24076
21645
15921
12980
10209
1028
-9230
-15856
-18181
-13780
-6963
-2424
1187
1388
-672
1743
5735
7039
7592
5874
2733
3770
6678
5665
2933
982
-4355
-12394
-14720
-11127
-9408
-9659
-7803
-5591
-3416
3449
14434
20676
17687
12331
9162
4227
-1761
-5471
-10008
-16630
-20642
-17343
-8186
-1659
451
3541
4059
899
2715
6327
4742
2495
-675
-4965
-3421
312
2420
6277
7420
4536
2191
-1499
-5667
-6392
-4818
-2314
1539
6600
10755
13094
14408
11674
5107
-139
-4578
-7913
-7364
-6879
-6244
-314
5305
6331
9090
12051
9173
4540
1561
-2021
-5940
-8816
-10144
-9855
-9005
-7480
-4190
-208
2146
2070
-395
-4608
-8466
-11273
-12549
-11387
-11777
-16125
-18153
-11338
3558
17365
23130
25306
24460
17154
11658
10489
3558
-6974
-12784
-15571
-15158
-9885
-3896
1267
4306
2745
1560
4447
6762
5868
4345
3930
3777
4255
5045
3476
955
-2436
-9108
-12447
-9937
-9890
-11370
-9057
-6654
-5377
635
11822
19259
18150
14346
11619
7193
636
-5498
-10509
-16000
-20787
-18366
-9501
-3715
-245
4188
3855
2777
5780
5308
3735
4245
-685
-5975
-4503
-2625
-2056
1155
5189
5970
4232
2043
-1646
-5155
-6753
-6283
-925
4668
6240
9984
13459
11789
10303
8286
2605
-2791
-6265
-8459
-8513
-5639
-889
2766
6050
10191
10829
8403
7158
3473
-3189
-7222
-9699
-11520
-11061
-9715
-5880
-836
1650
4296
5150
875
-3844
-8036
-12298
-13715
-12936
-12214
-13690
-16741
-13760
102
16309
23209
24168
25158
20066
12332
10816
6466
-4932
-13063
-16306
-16389
-11026
-4083
125
2672
2964
1604
3576
7576
7638
5630
4739
3312
3303
5495
4582
979
-2180
-8070
-13744
-12034
-8809
-10098
-9555
-6083
-4949
-1160
9934
18543
17806
13909
10097
4917
420
-3312
-8028
-13169
-18701
-19909
-11830
-3688
-924
3954
5602
1051
3525
7307
3847
3508
2210
-4214
-4535
-1362
947
4695
5826
5764
5142
-370
-4947
-3870
-1860
-1882
-1124
3137
6581
7487
10798
12315
7028
2070
-266
-3171
-3251
-2196
-3592
-1553
2582
2969
5501
10221
8276
2648
-189
-3091
-6767
-7671
-8192
-9789
-8646
-6478
-4555
189
3422
1824
-889
-4554
-9288
-12318
-11964
-9056
-8841
-13502
-17142
-12420
2392
17058
22442
24503
24232
16594
11300
11682
5364
-5357
-11659
-15609
-15232
-9933
-5614
-1123
2259
494
573
5579
8334
7585
6478
4853
3612
4565
5174
3147
567
-3367
-9917
-12790
-10378
-9689
-9445
-6722
-6655
-6025
1694
11903
19007
19134
12761
8010
4690
-1682
-6460
-8847
-14290
-19709
-16978
-8698
-3817
-448
4115
3216
725
4036
5282
4405
6470
1747
-4224
-383
-192
-1641
5240
6655
4154
5488
1722
-1992
-1795
-5363
-7908
-5797
-2459
1290
5802
10782
10693
6846
6591
5121
1306
257
-2399
-5322
-2223
1876
3327
6410
8871
5047
-156
-1599
-3387
-5878
-6382
-6594
-6223
-5038
-4234
-1524
1776
1468
-464
-2354
-5989
-9874
-12139
-12516
-11523
-12218
-14578
-15429
-11037
2805
17524
22143
24301
25722
19004
13109
11223
3409
-6299
-11946
-15501
-14462
-10815
-8161
-2890
1118
504
2888
7642
9295
9148
7348
5113
4264
3489
2522
545
-1593
-4162
-9847
-12033
-7999
-6626
-7100
-4849
-3837
-4446
-1145
8056
16225
15917
11405
9261
6950
1464
-3792
-6671
-11697
-18843
-18130
-10064
-6986
-5927
195
2494
1390
5410
8182
7255
7359
4609
-893
-2111
1197
2340
1413
4957
6717
1450
-637
464
-1670
-4325
-5679
-3445
253
956
5004
10509
8190
4198
4182
3128
998
1293
963
-1972
-1476
1978
2495
4074
6307
2122
-2825
-3244
-3979
-4874
-4527
-5077
-4895
-4048
-4024
-2171
-336
-1640
-3917
-7140
-9786
-9458
-9171
-8816
-8745
-12644
-15229
-8262
6188
17423
21363
24542
24093
16403
12029
10273
2456
-6588
-13015
-16356
-14168
-10326
-6617
-1658
-169
-1068
2591
7831
9915
10615
9232
5841
4577
4110
1076
-1692
-3000
-7218
-12515
-11537
-6956
-5734
-5403
-3255
-2685
-3536
33
8915
14746
13462
11065
9682
5690
60
-3954
-7551
-13615
-19189
-16939
-9981
-7319
-3883
2303
2363
3654
9721
8709
7137
8323
1904
-2582
769
1603
454
1818
3599
2363
734
1739
3
-1511
-267
-2369
-186
4840
2794
4732
8514
3756
2290
4358
1249
-82
1989
1309
-7
2109
3457
1689
2677
3219
-1740
-3728
-2105
-3582
-4017
-2187
-2300
-2874
-3908
-6217
-6910
-7207
-9267
-10088
-9349
-9074
-7872
-6087
-5944
-8413
-12800
-10484
2994
13868
16717
21677
24471
18271
13293
12286
6242
-4062
-11436
-14014
-13922
-12258
-8571
-4111
-1304
63
2752
7478
11092
11697
10423
8413
6887
4968
319
-4240
-5804
-8767
-13933
-13448
-7409
-5360
-6066
-2442
-215
-3489
-1976
7716
14059
12162
10430
11197
7945
2438
-945
-5697
-13390
-19663
-18693
-12358
-9731
-7867
-2405
-452
1997
9331
12364
13106
14243
8187
1922
3308
3075
-808
-1105
-519
-2459
-3321
-3141
-1223
2091
133
558
8757
7974
2991
8390
8009
-1275
-1746
2560
1323
-970
1297
3097
565
2032
5456
2023
-341
-686
-5964
-7766
-4319
-2890
-517
2003
1121
457
-1870
-6902
-9686
-13271
-18282
-18289
-15340
-12048
-7022
-4119
-5358
-7612
-4563
8198
19368
20453
21939
22820
15793
11784
10763
2004
-7168
-11682
-14747
-13617
-10479
-7683
-3230
-1141
-1066
3004
9062
11986
11339
9262
7344
6130
5220
2805
-1068
-5095
-10776
-16156
-15005
-9528
-6868
-5701
-3123
-2097
-2705
1283
11342
17364
14254
11079
10151
6144
1628
-1775
-7014
-14638
-21379
-19799
-12088
-8793
-6423
-788
808
1463
7367
11618
11944
11723
7847
3107
4381
6213
3790
2101
702
-3144
-5657
-5310
-3404
-1141
-339
963
4263
7062
8121
9015
10004
6012
-340
479
1338
-1749
386
686
-2346
1584
3315
932
3637
2577
-3570
-4591
-3658
-3809
-2209
-889
-1162
-1617
-3258
-6213
-8231
-10274
-13025
-13515
-12692
-12574
-10983
-9062
-10509
-12577
-7183
6294
16852
20741
24691
25620
19172
13738
10781
3010
-6256
-11505
-13563
-12867
-11425
-9279
-4940
-3102
-2201
3479
8459
10457
12667
11295
7440
6669
5287
152
-3536
-4947
-9526
-14055
-11765
-7552
-6442
-5419
-4328
-4881
-5039
-799
8258
14036
12527
12022
13532
9457
3757
1272
-4757
-14878
-20037
-17548
-13683
-11752
-7489
-3030
-2325
1776
8198
10425
12890
13179
8106
6041
6841
5087
2463
775
-256
-2150
-4351
-4197
-2701
-1261
182
1965
5267
7461
7169
8691
8303
2638
1309
2962
1547
3455
3300
-646
1551
182
-4400
-1852
-3063
-6054
-4736
-5000
-1072
2894
2189
4784
3141
-2937
-5933
-11446
-16234
-18387
-20317
-17070
-13028
-10476
-7046
-8552
-10660
-3065
11209
21164
23408
24424
22351
15382
12396
9704
889
-7334
-12363
-13973
-11974
-10176
-7102
-3391
-3599
-3070
2206
7762
10941
11743
10178
8529
7867
6169
2963
-669
-5507
-12405
-17706
-16744
-12448
-9706
-6926
-3284
-1947
-2042
3285
13913
17776
13664
12175
10754
4917
691
-1354
-6152
-14602
-19769
-15115
-9839
-9847
-6145
-2364
-4516
-1738
5843
8776
11205
12840
8789
6817
8575
7480
6015
4793
566
-3624
-5922
-6467
-4554
-3161
-2793
1017
6657
8854
10835
14250
11420
4429
1860
272
-2758
-2437
-47
-266
-1402
308
695
-562
1478
-663
-5330
-3099
-3459
-3707
3200
3185
506
1852
-3339
-7865
-9126
-14789
-16754
-15742
-16341
-12187
-7780
-8829
-11391
-11117
-1921
13350
22308
24480
25489
22153
15295
11635
7476
-1909
-10714
-14909
-14887
-12463
-10296
-6030
-1538
-1605
380
6315
9647
11486
11434
8020
5960
5489
3808
590
-2420
-4420
-9153
-13567
-11698
-8850
-8379
-7940
-7642
-6719
-4638
1990
14008
19243
15049
13912
14057
7604
968
-2402
-9129
-19053
-22417
-15552
-10167
-10216
-4690
477
-1960
1261
8802
10495
10867
9677
6391
6378
6915
5290
3452
1945
-978
-4865
-4604
-2493
-2042
803
2849
3259
6634
7867
8115
10307
6357
279
1023
2735
1686
2560
3737
-126
-3634
-2504
-3913
-5524
-3070
-3500
-4685
-3146
-1268
3105
5078
1717
-452
-2966
-8896
-14749
-15414
-13984
-18159
-16208
-5329
-5866
-10250
-6989
-8109
-4031
11585
19114
20564
24144
20323
13932
13180
8486
-1569
-8437
-12278
-14372
-13520
-10401
-5737
-2478
-2039
-12
5541
10265
11553
11723
10185
6478
5182
3766
-1062
-3911
-6999
-13547
-15547
-11519
-8510
-7831
-5732
-2884
-4296
-4491
5127
14756
14685
12456
12609
10992
6339
1454
-1241
-6669
-17329
-20191
-12684
-10698
-11390
-4766
-2404
-4636
1576
8085
9605
13703
12899
6521
7430
9535
5692
3671
2300
-2886
-6931
-6930
-4259
-1040
279
1433
5039
7657
7692
9659
10847
5413
786
2723
3728
2710
4448
4570
765
-1449
-2347
-4852
-5826
-5694
-8022
-8210
-3587
299
2940
5860
5889
2567
-2263
-7601
-12915
-17390
-18840
-17283
-13733
-10100
-9474
-9777
-10265
-7254
7053
19550
20551
23416
23825
15777
12882
10906
1700
-6326
-12047
-15559
-13484
-10098
-6310
-1557
-627
-1210
1463
5145
8300
9741
8210
6615
6288
6181
5041
2394
-426
-6555
-14075
-13528
-10127
-11573
-11864
-10048
-9733
-8207
-858
11387
18471
16881
14679
13031
8796
3483
-1583
-6754
-14232
-20508
-16851
-9431
-8449
-6816
-2582
-3108
-2229
3394
7083
10208
11279
7076
5616
7972
7486
6184
5787
2356
-2756
-4298
-3770
-3328
-631
997
769
3896
5780
5253
8629
9314
4318
3348
5516
4935
4842
5877
2845
-1793
-3017
-5187
-8021
-6412
-6008
-7408
-3933
-351
774
3909
5203
1577
-3013
-7591
-12592
-15900
-16939
-16057
-12415
-7855
-6418
-8602
-10970
-8810
1114
13650
19314
21314
23388
18007
13293
14557
4419
-7997
-7971
-12272
-17220
-10996
-6261
-3580
-286
-587
1885
6104
7760
9465
8932
6859
6440
6269
5288
2490
-952
-4672
-10193
-12642
-9967
-8401
-8812
-8055
-8206
-9431
-5517
4731
12922
13832
12651
12846
10621
6334
2684
-2174
-9553
-17349
-18348
-12129
-9851
-8979
-4130
-4450
-5740
-290
4854
9900
14156
11373
8055
8764
8307
6155
5041
3114
-2320
-6410
-5586
-3500
-597
2325
3991
6375
6710
6291
9263
9127
4425
2430
3565
4453
4664
6125
6615
2542
-951
-2229
-5740
-7608
-7089
-8318
-6488
-1782
445
3770
5951
2187
-1365
-5543
-12949
-16183
-17185
-19090
-16282
-12227
-10321
-8053
-9272
-9748
433
13544
20044
23699
25159
20868
14367
10754
5615
-5630
-12668
-12270
-15150
-14411
-6001
-3506
-2562
1095
791
4294
9902
9328
9668
9303
6052
6458
5573
1865
693
-2917
-10266
-13212
-11125
-10355
-10431
-7878
-6953
-9325
-6757
4079
14020
15493
14056
14218
10588
4100
207
-3555
-10734
-19041
-20208
-13002
-9174
-7757
-992
1255
-2031
989
5248
6435
10052
10545
7024
8462
9799
6123
5241
4681
-1401
-5228
-4434
-3633
-978
1694
2305
4881
6308
4851
6941
9396
6575
4831
7713
8869
6899
6170
3610
-2700
-5974
-7571
-10992
-9811
-6269
-5925
-2320
3047
3533
4530
5316
-285
-6455
-10855
-17120
-20278
-18438
-16147
-12809
-8890
-8756
-10213
-5064
7543
17577
20736
22712
22531
17457
13465
10232
2457
-6489
-13216
-16000
-14404
-13135
-9505
-2962
-2092
-1741
3492
6656
8243
9997
10192
9387
6966
6015
5465
1369
-1067
-4139
-11401
-13301
-10225
-9546
-8097
-4842
-4536
-6204
-2834
6658
13495
13639
12320
11790
8965
3961
765
-2777
-11394
-18277
-16127
-12046
-11340
-8438
-4001
-3669
-2844
2721
7155
8714
10600
10060
6829
6740
8277
6268
3793
2692
-1093
-5495
-6045
-5362
-5448
-3464
1209
5549
8944
12714
14068
11327
7605
5050
4483
4125
3048
4195
4121
1145
931
-107
-4142
-5484
-7024
-9555
-7928
-3927
327
4135
5494
5002
1993
-3877
-9561
-14477
-18543
-19492
-17785
-15066
-11178
-8173
-9588
-12088
-5802
8501
17655
20534
23359
21029
14790
12308
8586
313
-7888
-13186
-13711
-12346
-10788
-5848
-2057
-3096
-2974
534
5265
9219
9552
9032
10654
10063
6962
5385
3927
-714
-8304
-11826
-9201
-9917
-11353
-7045
-6516
-10604
-8574
10
9264
13816
14186
14646
11970
7065
4023
800
-5202
-14703
-20211
-15015
-9441
-11246
-6631
-1127
-6370
-3804
4024
4780
6944
9815
6519
4430
8002
8003
7175
7210
1972
-2790
-3920
-5265
-5578
-4196
-4399
-2436
3999
8731
11865
15257
13258
7083
5445
6204
3810
2693
3763
376
-3476
-1061
-397
-3982
-4481
-5228
-7524
-5378
-1528
1292
3509
2823
1192
-240
-3731
-7965
-12200
-16071
-17781
-17333
-13825
-8107
-5080
-6801
-10393
-8863
1915
13786
19493
22954
23462
17987
13485
11084
3747
-6376
-13447
-16398
-15478
-12693
-8079
-1869
-519
-2687
621
7534
10365
10740
10430
7715
6832
7011
5307
3896
1295
-5156
-10488
-11698
-9496
-7431
-10471
-6580
-5495
-12791
-5004
6589
11079
12942
12977
13340
11120
5823
1579
187
-9825
-20851
-17164
-11911
-12604
-9438
-3650
-4420
-4414
1544
6180
9291
10864
8723
7517
8562
7747
6638
5081
604
-3522
-5355
-5452
-2725
660
1302
2354
5297
5968
6797
10774
10455
5058
4734
8019
7216
6510
7966
4873
-870
-3324
-5360
-8143
-8224
-7565
-7744
-5401
-1281
1675
4129
4414
1058
-2247
-5941
-12319
-16839
-17891
-18287
-16178
-11477
-8261
-8215
-10462
-8041
4370
15946
19404
22530
23252
16799
12151
10091
3221
-5489
-10955
-13117
-13743
-12892
-8308
-3683
-3420
-3017
863
5875
9845
11271
10400
9148
8144
7133
5798
3991
1253
-4060
-10208
-11878
-9720
-8467
-8327
-8010
-8455
-9428
-4946
6780
13561
12009
12022
11701
7978
5247
2167
-2312
-9642
-17907
-16062
-9650
-10450
-9346
-4608
-5722
-5618
740
5311
8063
10727
9272
7380
9255
9824
7447
5790
3319
-2249
-6382
-6358
-5851
-5129
-2893
-121
4486
8632
10743
14284
13822
7208
5355
7482
5300
3151
4649
3616
-644
-1958
-2728
-6299
-7201
-6734
-7329
-3974
-190
1626
5612
6026
1660
-1077
-5861
-12989
-16309
-18298
-19881
-16716
-11785
-9428
-9506
-12683
-12892
-1412
12960
19456
23813
26158
20800
15215
12608
5479
-4154
-10948
-15975
-17688
-14963
-10162
-4314
-1090
-1649
159
5085
9216
11618
10789
8357
7812
7243
5609
4701
3068
-2037
-8463
-10656
-9238
-8528
-8392
-8772
-10610
-11977
-8014
3342
12853
14249
14032
13969
11279
7357
4518
1323
-8926
-19039
-16437
-12985
-13532
-7273
-3709
-7842
-6720
-612
4048
7708
10645
11358
8953
7522
9024
8735
6830
4824
238
-4107
-5124
-5189
-4132
-2063
53
3998
6513
7466
11552
12003
7144
6618
8222
7266
7096
8277
6785
761
-3033
-3746
-8036
-10168
-9231
-10620
-7109
-872
1843
6227
7466
2415
-1793
-7291
-14610
-18324
-19305
-18651
-14982
-10163
-8008
-9205
-11758
-9789
2776
15103
17918
21907
23787
16714
13797
12321
2971
-5965
-11627
-14599
-13951
-11830
-6775
-2970
-3540
-2717
-341
3404
8520
10750
10613
9263
8548
9464
6806
3607
2885
-3485
-11755
-11970
-9448
-9902
-9999
-8442
-8377
-10088
-5694
7046
14563
12725
12270
12830
9466
5359
2546
-809
-9387
-18305
-14804
-8347
-10521
-8663
-4032
-7870
-7705
-538
1597
5093
10608
7947
7207
12846
11636
7365
8110
5549
-1781
-5551
-6036
-6772
-6107
-3892
-1050
3623
7636
9827
12826
12638
8056
6989
8848
7721
6825
8113
5830
714
-1191
-3308
-7166
-6772
-7219
-10498
-6540
-369
926
4207
6729
3538
-202
-4715
-11531
-16944
-19442
-19370
-17078
-13504
-9977
-8693
-11323
-11028
1467
14785
17746
21899
25291
19329
15558
13492
4761
-4943
-12280
-14989
-14067
-14014
-9736
-3666
-3537
-4378
-1410
4620
9454
10302
10786
9591
6986
7749
7649
5716
4400
-1472
-9046
-10671
-9375
-9124
-9291
-9215
-9838
-11574
-7742
4580
13188
13090
12981
13107
10147
7041
4219
57
-7874
-17633
-17411
-9737
-9765
-10262
-4765
-6643
-9472
-2359
2789
5024
8930
8260
6861
9611
12577
11463
7460
7047
3665
-4855
-4728
-2928
-6528
-5701
-3253
-162
4248
6253
11811
14245
8335
8080
11213
9588
7862
7292
5140
-145
-3158
-2653
-5801
-7575
-6956
-9392
-6954
-1594
-10
3100
4205
987
-1040
-4753
-10482
-14544
-17762
-19129
-17246
-13613
-9958
-8360
-11293
-14024
-5145
9977
15665
18024
23986
22550
16592
16370
12776
1194
-7933
-12523
-15620
-15711
-12849
-7822
-4069
-5421
-4892
2682
9086
10228
10744
10898
9095
7771
7030
5568
4308
-440
-8857
-11288
-8405
-8481
-8835
-7383
-8803
-11972
-9600
1374
11918
12897
10782
12030
11402
8041
5880
2930
-4444
-14915
-17939
-10575
-9212
-12800
-7650
-6427
-11172
-5335
2416
4723
8379
8789
7089
9791
12396
11897
10526
8336
3148
-2082
-3574
-4913
-4680
-2673
-3619
-760
4007
3486
7650
12692
7826
5602
11306
13768
11687
11134
10042
3039
-3513
-5164
-8688
-11670
-10814
-10336
-6416
20
2088
4352
6227
1056
-4566
-7111
-13309
-19718
-19730
-17552
-15523
-11286
-8880
-11112
-9684
1338
13464
18549
20828
21968
17609
12467
10583
5171
-4280
-11198
-13793
-13036
-11301
-8433
-3791
-3223
-4904
-1521
2558
5066
8920
9929
7875
7990
9145
7797
4701
2367
-1252
-8199
-12269
-10159
-8122
-7730
-5494
-4690
-7323
-5596
3935
12090
12275
10417
10471
7839
3710
2195
-341
-7724
-16117
-15697
-8306
-7352
-7602
-2701
-4730
-8528
-3401
594
1859
5300
5653
4572
7350
10451
10678
10281
9350
4260
-2218
-4536
-5450
-7066
-6432
-4119
-1392
2422
6922
11747
13756
10662
8614
9125
6795
5467
6747
3875
516
1644
1783
-265
-1276
-3166
-7112
-8532
-5320
-1795
77
1534
2009
1109
-1070
-3566
-6049
-10356
-15266
-19232
-21170
-16769
-9536
-7638
-10058
-15113
-16819
-3543
13591
18983
23420
27091
20091
16303
17156
8382
-2729
-10526
-16865
-16849
-14746
-12342
-6164
-4765
-7194
-1984
6299
9182
10108
11955
10992
8048
8049
8043
4667
2273
-905
-8418
-11600
-8390
-7642
-8340
-7659
-9824
-12734
-9305
2238
13450
14254
11642
12975
11562
7127
6252
3578
-8785
-19573
-17620
-11286
-11016
-10270
-5301
-8948
-12065
-3498
2214
5083
7937
6376
6803
9344
10419
10569
9317
5919
1456
-1044
-2328
-3495
-3754
-3615
-3682
-304
5437
7548
11081
12722
6395
4981
9113
8878
8333
9773
7684
839
-1230
2251
-2974
-8062
-5503
-10368
-11732
-3085
-629
2123
5351
1475
1130
-842
-9263
-12622
-15387
-20183
-18396
-13588
-10332
-7083
-8944
-15542
-11005
5546
15202
18820
24594
22060
14141
14108
12472
2695
-4854
-10030
-15234
-15387
-12211
-7911
-4147
-5686
-6113
-78
5791
10276
12806
10368
8302
8951
8575
7781
6976
2444
-5982
-11439
-10786
-9317
-9003
-8028
-8593
-11793
-11953
-3493
8336
13430
12725
12432
11756
9724
8338
5948
-891
-12059
-19276
-15269
-10559
-11945
-8921
-6055
-10829
-9229
-648
3676
7700
10232
7653
8460
11732
11034
9990
8372
2537
-3063
-4822
-5092
-5061
-4997
-4501
-1280
2354
4772
10708
15090
10417
6014
7910
8643
6654
7653
9363
4475
-154
412
-3216
-5637
-4845
-10301
-10072
-4260
-4446
-659
4885
5658
3836
-2274
-2356
-4393
-18172
-19192
-14876
-21434
-16995
-6451
-7904
-13909
-15616
-4675
10907
15800
20269
25947
20991
14845
13979
9379
1272
-6560
-13630
-16471
-15356
-11502
-5988
-5009
-6335
-2719
2676
6468
10116
12792
11344
7480
8254
10390
7135
4261
980
-8091
-12466
-8692
-7545
-9031
-8665
-9772
-12146
-9459
394
10281
11989
10919
13063
13058
9221
6383
4741
-2709
-13958
-17062
-11055
-9242
-12092
-7678
-7551
-13042
-6795
-364
1896
7835
7666
5640
10800
14580
12597
10903
8496
1440
-4165
-5640
-5043
-4155
-4524
-2877
1525
4795
6275
9836
13142
10092
7007
9664
10124
7870
9821
9341
2384
-637
346
-2531
-5132
-5517
-8726
-9982
-6578
-3662
1218
5309
4667
2767
-628
-2955
-7678
-17033
-19705
-17097
-18843
-15609
-7770
-9866
-15078
-15151
-2771
14389
17325
20787
25278
17415
13516
15506
8410
-1983
-8331
-12902
-14283
-14362
-11565
-4672
-4546
-8617
-3889
4075
7672
10431
11713
10280
9435
11046
11230
7256
4201
-667
-10302
-13015
-9107
-9419
-10785
-10022
-11121
-12799
-8128
4615
14141
13740
12269
12965
11148
8503
6762
2738
-6571
-16735
-15719
-7446
-8070
-10260
-5899
-8465
-13285
-7306
-573
2917
7477
7120
5300
9881
14083
13427
11461
7450
1360
-3028
-5031
-5325
-5064
-6286
-5613
-1051
2023
4924
11378
13693
9363
8318
11649
11210
9104
10539
8634
1682
-1320
-1981
-4596
-5411
-6599
-9335
-8353
-5876
-3010
2755
4553
2109
3142
2002
-3676
-7854
-13282
-17325
-17672
-19411
-15389
-7219
-9454
-18266
-19357
-6076
8430
12786
22171
28939
17591
14913
21369
11168
-213
-4088
-13256
-18546
-16212
-13738
-7730
-3899
-7356
-4770
4420
8397
10151
12637
10898
8135
9482
10823
8334
5381
900
-8063
-12312
-8525
-7387
-9768
-10400
-11928
-14355
-10600
500
9440
11869
12845
13486
13098
11642
7734
4110
-1870
-14003
-17907
-10184
-10025
-13338
-8613
-9980
-14669
-6866
1813
4753
9664
10690
7758
9820
13110
12343
10096
6924
994
-3599
-2616
-1662
-3428
-2638
-225
736
2235
5584
9396
9672
5921
5226
8914
10130
9829
12500
11932
4798
14
-1821
-6780
-9951
-9258
-10583
-11446
-7066
-433
4894
6495
4490
2516
-833
-7361
-12555
-15986
-19460
-18381
-13947
-10492
-8577
-12787
-16072
-5703
9823
16769
18830
24282
21377
10954
13925
12064
-1890
-6825
-11203
-15866
-14205
-9415
-4501
-4342
-6616
-5714
433
5783
9146
10866
9482
9489
10462
10717
9624
7024
573
-8811
-11988
-10454
-10961
-10824
-10173
-11811
-13423
-10855
732
12747
13233
11992
14437
11760
8135
8199
4104
-5677
-14970
-16322
-10416
-9906
-11370
-6538
-9074
-14721
-7486
-493
1690
7658
9053
6926
10167
13520
13185
12149
10070
2972
-4663
-5345
-5581
-6982
-3942
-1863
-1073
1902
5510
11229
13294
9074
8680
11116
10176
9460
10796
9079
2837
-304
-854
-4974
-6867
-7926
-12339
-10444
-5620
-4457
1728
7202
3741
1841
1832
-3834
-9866
-13888
-18251
-19178
-16574
-12540
-8306
-10898
-18143
-15041
176
12982
18184
23486
25487
19012
15324
15236
8727
-2681
-12027
-12359
-12890
-19850
-11571
709
-8393
-10978
2176
4558
3677
10552
13125
9191
8190
12000
11903
7940
5765
-1589
-11292
-11676
-9545
-10854
-9662
-8901
-13054
-14728
-7264
5370
11342
11164
14533
15145
11238
10650
8858
2023
-6722
-15597
-15645
-8809
-12235
-13556
-6849
-11913
-13013
-2067
1777
5084
10574
9461
7390
10213
13185
11956
10670
7650
798
-3573
-3954
-3757
-4838
-4667
-1618
1037
3147
7090
9593
8344
6712
7620
10462
11087
10795
11507
7637
3070
2639
-1497
-7020
-8894
-13017
-14391
-8303
-3586
-155
5281
6305
3340
2648
240
-6998
-12484
-16326
-20114
-17689
-13079
-11581
-9356
-12588
-17446
-6275
9541
14236
18984
24560
20612
14909
14067
10314
1958
-5895
-12032
-14089
-13322
-12734
-5515
-2050
-8311
-4804
-75
1406
11634
11905
6231
13460
11640
6675
13570
7233
-1330
-4113
-13221
-11658
-8932
-13719
-11676
-11142
-15026
-12367
-1105
10813
14491
13353
13570
12349
9032
7297
4414
-2209
-11786
-16871
-10323
-9258
-13616
-6964
-7456
-14580
-7450
-506
1506
8155
8801
7919
12329
12778
11649
11001
6780
804
-2808
-5077
-5624
-3511
-3190
-2626
881
4144
5793
8624
10655
7776
6702
10046
11355
10639
11290
10274
5149
1134
-1318
-5970
-8622
-9794
-12729
-9401
-3278
-2851
1216
6861
3755
185
-974
-6673
-13317
-16938
-18684
-17738
-14585
-12007
-11389
-14339
-17625
-8891
8622
16451
19663
26209
23466
16234
16211
12023
47
-8477
-12219
-14539
-15478
-12670
-6672
-3618
-4740
-3893
1447
6427
8598
8927
9813
9395
9097
11654
10352
7147
2284
-5773
-11469
-10965
-10410
-12296
-9621
-12360
-14980
-10106
-2027
11471
14255
11292
15144
14523
10364
7861
3930
-3753
-13394
-17055
-11193
-9715
-13878
-8904
-7709
-13592
-7244
612
2857
7708
8960
8175
11114
13159
11984
10393
8856
3172
-3647
-3702
-3351
-5173
-3891
-2286
355
3077
5788
10098
10672
7837
7705
10869
12032
11681
12355
11159
5923
162
-2058
-5721
-11165
-12119
-11228
-9470
-4076
635
4204
7802
5367
603
-1591
-8410
-16338
-17814
-19312
-20344
-14736
-9507
-9929
-13233
-13662
-2159
12805
16393
19452
24920
19824
14394
14641
8869
-1134
-10365
-14934
-13828
-14430
-11348
-3972
-5064
-7634
-3157
1710
5565
8902
10922
9945
8177
10694
10570
7341
7368
1281
-10166
-10408
-8897
-12888
-11133
-10794
-12686
-11559
-8851
149
13318
14135
9453
16410
14050
6722
7048
1509
-6197
-15281
-16546
-8907
-10157
-12291
-7197
-7941
-12102
-5928
2302
4027
5951
8636
8485
11345
15278
12124
9485
7900
880
-3428
-3402
-5281
-6227
-5671
-4009
1301
5016
6587
10898
10814
5522
7168
11941
10525
10457
13162
9031
2504
1800
43
-6461
-9844
-10941
-13257
-10101
-3590
-131
4382
6647
3116
1764
-242
-8694
-15759
-17914
-19414
-18912
-13566
-8985
-10537
-15229
-16711
-5867
11243
17179
20597
25589
18311
13747
17659
10328
-1324
-8418
-14589
-15507
-13878
-10803
-5507
-5242
-6215
-3478
855
6904
10090
9665
9702
9613
10280
10296
8860
7639
735
-9239
-10824
-8679
-10289
-11006
-10177
-11897
-13829
-9865
1234
12393
14257
11001
13712
15007
9021
6885
5367
-5569
-15816
-16005
-10205
-8347
-11615
-7055
-6412
-14019
-5756
4158
3281
7049
8502
5924
10550
14312
11096
9622
8364
1784
-2051
-1666
-4109
-5890
-5542
-4225
1116
4827
6506
11135
10555
5766
6614
10909
11586
10271
13368
9972
1304
2405
413
-6661
-7314
-10386
-15147
-10373
-3064
-475
3288
6159
2993
-601
-2124
-6984
-14091
-18477
-20247
-18439
-13252
-9276
-8731
-12874
-17548
-9064
8625
16040
18387
23989
20740
13808
15226
13222
2306
-7663
-13875
-17045
-16379
-12362
-6835
-4643
-6526
-5516
754
7151
10271
11002
10523
8526
8119
10440
8694
5139
2911
-6251
-13475
-9574
-9473
-12899
-10094
-9655
-13238
-11433
-1163
10569
13489
11842
12992
12312
9487
7782
4988
-1093
-12292
-18437
-10420
-8840
-15236
-7018
-3867
-14477
-7160
4005
1345
5892
9028
6658
11651
13404
11128
9767
6323
1040
-2696
-2174
-3977
-5366
-2504
-2968
-917
4821
5916
7641
10727
7815
6186
11274
11965
10354
12967
10913
4549
1420
-2124
-8239
-10399
-9948
-11828
-9734
-1611
2518
3331
7067
5236
-1472
-3648
-9318
-18537
-20196
-19275
-18584
-13684
-9653
-10423
-14449
-13506
1059
15441
18264
22240
24963
17697
13919
13532
5883
-3626
-11924
-16004
-16084
-17743
-11293
-2385
-5989
-6669
-522
1819
6634
10802
9904
10244
10356
10078
9690
7552
5486
-1152
-10560
-12026
-9498
-10742
-11574
-9224
-9218
-12389
-7041
7452
14884
13583
13860
14206
9902
7277
7225
1140
-10113
-16269
-13934
-9043
-9218
-11650
-6177
-7673
-11306
-991
1214
3772
11415
5915
7366
17553
11473
7471
12315
3098
-2417
-2798
-5163
-2788
-5240
-3866
506
761
2535
6548
10139
9358
6329
8147
14255
13159
10415
12305
7868
724
-343
-2886
-9475
-10933
-10973
-11650
-5172
2592
3563
4911
7131
1390
-4901
-7712
-14036
-19924
-18979
-16431
-15420
-10461
-8164
-13680
-17008
-8153
8700
16893
20162
25525
21142
15385
16601
10438
795
-6164
-14524
-16014
-14029
-12546
-5720
-5113
-9413
-4522
718
3790
10192
11386
8445
8330
10227
9736
5844
4662
1539
-6333
-9525
-8173
-9271
-11176
-9758
-10014
-12437
-10019
237
11755
14058
12347
14401
13212
7930
6397
4257
-5301
-15821
-16604
-9616
-9033
-12168
-7632
-6094
-9953
-4630
3674
5775
7757
8470
6701
8063
10927
10878
7120
3261
2350
-1673
-6016
-1809
-1768
-8338
-3734
3363
2061
4542
9939
10298
7596
6591
11344
13884
10558
11037
9851
2062
-1706
-3024
-7498
-9729
-9407
-9657
-7183
-1066
4373
7754
7922
3642
-1200
-6527
-14012
-18799
-20422
-20241
-15975
-11372
-10318
-12575
-13441
-2583
13199
18191
20220
24144
19253
13547
14634
9632
-1139
-8459
-14208
-17032
-15895
-12939
-7008
-4396
-6099
-2646
2443
4221
6965
8980
8390
8726
10469
10729
8850
6042
-136
-8155
-11275
-11436
-11711
-10521
-9823
-9405
-8519
-7299
814
12588
14611
11549
12830
11855
7256
5397
3384
-4466
-14666
-15287
-8249
-9155
-10636
-4215
-5579
-10031
-3243
2993
4609
8509
9197
7209
8879
10228
8665
7070
4896
767
-3361
-4718
-4791
-6007
-5653
-3262
340
4343
3685
6159
13504
7725
3320
14796
14236
5880
10706
10152
643
-3621
-6027
-8269
-9138
-9977
-9143
-5489
-965
1765
6122
8948
2622
-3374
-6645
-14653
-19379
-19008
-19469
-15990
-10841
-11334
-14195
-11882
1217
15404
19626
23093
26039
17795
12244
15208
6885
-4369
-9180
-15104
-16577
-15383
-11720
-6096
-6351
-7116
-2223
2939
4899
7021
8541
9027
8979
9531
10071
7076
4007
-889
-9045
-11890
-10636
-11726
-11637
-9251
-9034
-8568
-3007
6378
13404
14090
12258
11954
10391
6508
4246
1825
-7172
-16690
-13886
-7648
-10451
-9754
-3551
-5960
-8261
-999
5078
6607
8187
9127
8854
9225
9727
7860
5380
3511
523
-1628
-3974
-7197
-6122
-3984
-2858
697
2867
4990
9367
10060
8247
10965
14941
12772
9399
10613
5620
-2639
-1068
-6444
-13269
-6543
-7484
-9625
-614
3005
2768
8178
7704
-104
-3581
-9189
-17929
-20134
-17384
-15498
-14168
-11785
-12899
-14877
-6834
9494
19523
21443
24094
22780
15983
13781
11383
2183
-6265
-12186
-15311
-15019
-14858
-10275
-5328
-7979
-6690
182
2626
5015
8129
7648
7890
10535
11922
9924
6389
2794
-4128
-11565
-12356
-11230
-13562
-13105
-9570
-9406
-7773
2168
13555
16030
13343
13781
12054
7377
6388
3683
-3039
-11436
-16790
-9785
-5598
-11469
-7571
-4996
-10847
-5234
2392
4539
9361
9171
7427
10278
10446
9070
7229
3872
1133
-2278
-4152
-4213
-6612
-7808
-4319
-638
-16
1411
6162
8827
7483
8734
12801
13175
11830
11776
8470
2966
-481
-3872
-8797
-11314
-8196
-7330
-9295
-1700
6093
4901
6474
7964
4227
-3580
-14468
-15117
-14775
-23605
-17139
-6278
-14446
-18890
-12675
-5300
8737
19570
22307
25602
22265
15141
15422
11706
104
-7422
-11410
-14842
-15947
-13650
-8209
-7444
-9832
-5596
-735
1726
6555
8520
7165
8479
11547
12364
9907
7156
2337
-6805
-11822
-11124
-12382
-13212
-11511
-11524
-10580
-6020
2046
13137
17504
14227
14222
13236
8306
6169
3296
-4096
-13813
-16732
-8918
-7685
-11538
-6125
-6049
-11654
-5986
2190
5436
8257
9336
9051
9343
10260
9880
7524
5401
1369
-2971
-3781
-5476
-7078
-5778
-5580
-3530
1227
2542
4917
9659
8624
8396
14356
15127
11759
11888
8770
1753
-2269
-5022
-7974
-8745
-9469
-10935
-6735
101
1088
4492
10552
6905
1223
-2425
-10849
-16027
-17249
-19427
-15596
-9472
-11109
-17160
-15666
-1670
10488
14866
23819
27516
17531
16119
20380
10470
-267
-4940
-11652
-14548
-15618
-14632
-6722
-6602
-12056
-7181
-1249
733
5421
8362
7497
8039
11005
11878
9729
8320
2906
-7497
-11641
-10523
-12698
-14016
-11838
-12053
-12979
-8547
2337
12951
16008
15327
14607
12570
9434
7087
4293
-3022
-12405
-14480
-8341
-8756
-11811
-6118
-8005
-12981
-5489
1105
4073
8431
10834
10751
9854
11253
11296
8521
5949
1671
-2553
-3861
-5704
-8322
-6724
-3558
-2845
-1576
1625
5125
6586
6377
9590
14312
14436
13754
13245
8005
1853
-1038
-4611
-9779
-10915
-9550
-10615
-8008
-1370
1594
5439
9334
5546
1264
-2355
-10978
-15711
-15117
-16578
-15251
-11449
-12852
-16392
-15510
-5200
11457
19676
20377
24030
22260
14908
15296
14344
2259
-7534
-10342
-14343
-16261
-11014
-5709
-6961
-9663
-7203
-2607
740
4186
5505
5328
8349
11580
11313
9728
7825
2165
-6757
-10392
-8929
-10906
-12856
-11668
-12775
-13385
-8927
2285
14058
15523
12462
13233
13257
9329
7373
5410
-3244
-13646
-13801
-6172
-8991
-11706
-5517
-8367
-12579
-5708
1514
3548
6774
9249
9087
11992
13858
10764
7848
6247
2066
-2412
-3864
-6155
-9092
-8285
-5722
-3604
-1028
1767
6003
8251
6619
9958
16144
15135
12578
13178
8942
1270
-1395
-3727
-9829
-11760
-10520
-11593
-7458
139
1596
4040
9140
6295
918
-1281
-9082
-16735
-16283
-15090
-14455
-12683
-11978
-14671
-15724
-4075
13075
18071
19387
25853
21393
14063
16130
12238
1379
-6143
-8651
-12468
-16340
-10509
-7170
-11552
-8096
-5641
-5733
2393
4997
4672
7248
7516
11753
12811
8937
7926
2105
-7044
-9066
-8844
-11773
-12964
-12322
-12670
-12893
-8579
2699
12626
13802
12454
13322
11905
8587
7740
6115
-2797
-12666
-10986
-5933
-9517
-10545
-6193
-9725
-12903
-5318
1442
4088
7541
8801
9777
12517
12798
10934
8859
5489
684
-2766
-4119
-7004
-9315
-8198
-7597
-5481
-364
2219
4668
8225
8298
10492
15663
14497
12203
13802
9018
518
-2005
-5020
-10195
-10731
-10419
-11194
-7544
-2293
736
5943
9206
4601
1747
341
-8316
-15026
-15463
-15997
-14609
-12579
-12557
-13718
-15855
-6925
10204
16420
18873
24768
22077
16525
18206
13396
2884
-4393
-10945
-12968
-14547
-13007
-6463
-7427
-11575
-7203
-2725
-2547
4388
7703
4396
8910
14179
10876
8547
9451
2115
-5757
-8124
-9026
-9776
-13387
-13096
-11251
-13473
-10789
416
10868
13566
12852
13426
12990
9381
6458
5288
-420
-10826
-12706
-5338
-6748
-11928
-7876
-8071
-13707
-8687
983
4262
5876
8660
9467
10204
13107
12761
9290
7622
3741
-1098
-2501
-5539
-8548
-8026
-7275
-5008
-2110
536
5869
8410
7407
10766
15011
14169
12957
13385
9759
3265
-163
-4348
-10504
-11398
-11006
-12760
-8251
-1934
-274
5291
10064
5073
1081
-1169
-10074
-16188
-15398
-15701
-14944
-11583
-11404
-14921
-16010
-5220
11906
17363
18384
23673
19155
13736
17683
12846
2422
-2974
-9641
-12757
-12245
-11754
-7085
-6992
-11493
-8904
-3460
514
3844
5458
7256
9246
11418
11916
8828
7694
3945
-7886
-12083
-7821
-12361
-15974
-9622
-10301
-15944
-9769
3964
12560
12560
11869
14194
11934
8003
7716
5262
-2327
-11976
-13135
-5659
-6638
-10755
-6821
-8597
-14053
-8261
-170
2052
5523
9544
9748
11219
14461
13376
10363
7056
876
-3032
-4195
-7739
-9384
-7947
-7640
-4713
831
3854
6990
9625
8466
9974
13980
13395
12821
14111
9912
2777
-315
-2492
-7260
-10196
-10848
-12329
-9729
-3820
-871
4023
8767
6048
3703
1926
-6015
-11799
-13643
-17095
-17952
-15390
-12534
-11380
-15593
-16522
-2177
12934
16290
20486
25875
21459
16949
17474
10783
2260
-5143
-12717
-13114
-13335
-12023
-7603
-8865
-10076
-5544
-585
2268
5460
7744
9006
9892
11079
11270
8129
5724
-76
-8651
-10534
-10917
-11960
-11781
-12145
-10339
-10723
-8360
3661
11708
12406
11329
13232
14732
8067
5836
5894
-3968
-13288
-11503
-6454
-10532
-11996
-5547
-9171
-14234
-5403
1807
2752
6989
8861
9105
11965
12622
11356
9019
5096
146
-2910
-3790
-7108
-7747
-5970
-5494
-2041
316
2483
7389
8642
7286
9905
14287
14071
12415
12823
9307
2471
-808
-4776
-10067
-10624
-11266
-12042
-7651
-2693
1511
7311
9332
5528
2554
672
-6343
-13805
-16108
-18955
-19592
-13728
-10238
-11852
-14632
-13198
-698
13242
18171
21728
23204
17954
15703
16312
10645
1918
-5828
-11481
-13547
-14522
-11867
-7258
-9199
-10747
-6442
-2324
2501
6797
9228
12014
11966
12063
12576
8609
5220
-416
-10386
-13223
-11938
-13221
-12815
-10840
-10411
-11437
-6332
6078
12740
12209
13413
13515
8940
5752
8227
4954
-9424
-12184
-7292
-10841
-9649
-6955
-9408
-12411
-13126
-6579
929
3484
7689
11020
8334
10762
14392
10457
9311
6772
-2304
-6280
-6616
-9237
-7913
-5429
-5512
-1785
3009
6307
10840
11898
9333
10437
13379
11783
9620
10846
7386
161
-1357
-3425
-7961
-8060
-9748
-11979
-7259
-2039
1771
6674
7241
5520
5684
2074
-4804
-9637
-15288
-20547
-19298
-14694
-11571
-10656
-14075
-16937
-7039
10029
17118
21162
27746
22425
15858
18467
12341
1899
-3431
-11282
-15479
-15224
-13922
-8093
-7511
-10808
-7403
-2061
3379
8050
9991
10756
9159
9553
10318
7302
6790
2144
-8329
-10556
-9838
-11574
-10124
-9148
-10019
-11449
-10312
-1067
8853
11607
12337
12815
12211
10809
8497
6396
-1869
-13249
-15041
-8017
-8068
-13644
-5815
-5045
-16001
-6640
4980
1551
6901
12346
4994
7580
14245
11094
10263
7855
807
-2814
-4755
-6381
-6755
-6608
-5044
-2500
212
4249
8883
10585
8508
8998
13032
12906
10660
11136
7723
815
-1304
-3786
-9214
-9228
-8748
-12122
-8359
37
2396
5217
10229
7917
2806
659
-5105
-12784
-16036
-18313
-19797
-16245
-11265
-10440
-13770
-15347
-5865
9865
16634
19907
25364
20613
14262
16703
12490
2649
-3265
-9760
-14220
-14916
-12487
-7461
-8227
-10830
-8063
-3741
2768
8168
9702
11655
11027
10020
10874
8316
5804
1488
-7974
-11824
-9938
-11089
-10954
-8657
-9402
-11201
-9017
86
9365
12383
11448
11222
11192
8167
7106
5708
-2355
-12437
-14199
-6747
-7156
-11572
-5430
-6252
-14333
-7890
902
1402
5480
8397
4977
6979
13847
12354
8669
9302
1933
-5631
-3314
-5506
-8642
-4539
-3800
-2234
2631
4608
8639
10744
8132
7182
10215
12277
9529
10402
9644
1349
-838
-707
-7106
-9646
-9140
-11648
-7845
-928
1108
6180
10595
6389
3204
1703
-5976
-12645
-15144
-18691
-19573
-15801
-12014
-10669
-13088
-15407
-6785
9730
17579
19527
24396
22069
15327
16007
13763
3794
-4754
-10842
-14543
-15443
-13593
-8799
-6821
-8610
-8245
-3144
4101
7907
9142
9590
8364
9878
10258
6797
6765
2489
-7661
-10046
-9535
-11056
-9924
-9130
-9258
-10479
-10194
-1596
8405
11319
11670
12417
11271
7284
5854
6709
-1156
-10889
-12122
-8559
-6992
-10061
-6778
-4858
-12337
-8534
177
-256
3438
7950
5927
8573
12118
9847
9979
6958
-171
1115
-1698
-8580
-3262
-5159
-9667
1826
1823
-218
11978
9345
5859
11074
8952
11321
11858
8211
8598
3042
-1164
-1018
-5895
-8570
-9037
-10460
-6564
-1604
1486
5699
7986
6529
4079
2305
-3183
-11720
-15569
-17448
-20398
-17722
-11859
-10131
-11005
-13560
-10849
4161
15133
16231
22227
24144
16261
15334
16136
7922
-1027
-7000
-11508
-14558
-14931
-10623
-7156
-8877
-9770
-4466
2877
5996
8334
11319
9435
8091
10499
8588
5260
4171
-1823
-9662
-10843
-9343
-10167
-10316
-9257
-10778
-11943
-5300
5728
11260
11105
11608
12253
9266
5955
5390
3070
-5807
-13442
-9457
-4849
-10412
-9441
-2140
-9315
-13358
-4368
-900
2294
6141
5447
7442
11041
11761
10953
10485
6478
-952
-3466
-4318
-7468
-5981
-4187
-1784
2367
1222
6589
12211
4858
4818
11255
8017
7647
12030
9742
5778
2029
143
-2433
-9822
-9127
-6720
-9521
-3357
2501
2539
8052
8630
2588
2102
-2018
-12476
-15646
-15085
-18706
-17423
-11104
-9897
-10233
-11962
-13061
149
14177
15014
20519
25902
17337
13565
16477
8358
-3247
-7670
-10674
-14630
-15333
-10820
-5466
-5960
-8797
-5154
1931
4708
5843
9248
10165
7598
8148
10364
8717
5100
-756
-8137
-10272
-9657
-11028
-10161
-8181
-10094
-11937
-6650
4397
11275
11174
11797
12646
8820
5735
6282
3762
-4816
-12663
-9897
-4394
-9209
-9783
-2926
-8248
-13561
-4835
-237
391
5768
6604
6722
10345
11942
11796
10723
6347
526
-794
-3694
-7021
-4175
-3585
-4119
-551
2497
4697
8251
8863
6264
7425
11134
10243
11238
11597
4595
4554
-806
-10026
-5853
-8869
-12223
-6581
-4043
290
4775
6244
7428
3116
-2329
-3972
-13279
-19909
-15852
-17558
-17497
-9659
-8025
-11626
-14509
-10838
5020
15253
16294
24498
23982
13883
16025
15554
4932
-2211
-8396
-12830
-14402
-14058
-8073
-5059
-7212
-7520
-4369
3144
6415
5843
10245
10111
6638
8840
8725
6517
4406
-2953
-9083
-9534
-9264
-9163
-7661
-7641
-12274
-13187
-3482
7227
10915
11246
11029
9680
6487
5313
7116
886
-10472
-13292
-7387
-4640
-8932
-5909
-4001
-13542
-12446
-2811
-909
2026
6473
5273
6118
11408
12789
11053
10824
6287
-1519
-2569
-3127
-6908
-5211
-2786
-2004
1146
4076
7405
8345
5360
5618
10565
12878
10994
12307
11826
4206
783
-747
-7524
-9484
-7707
-11945
-7846
2101
-809
6083
11729
-594
572
618
-11267
-15834
-17861
-19207
-15944
-13916
-11089
-7740
-14903
-14792
1804
14176
16313
19253
24001
17534
13613
17832
10984
-316
-7943
-11836
-12221
-14721
-11200
-3719
-6837
-10154
-4724
-283
2509
5809
7089
8630
9266
9757
10654
8044
6122
2154
-6420
-10240
-10606
-11599
-10414
-9393
-10226
-10944
-8004
2165
11422
12029
11109
11460
8599
5672
5418
3502
-3988
-12327
-10758
-4471
-7204
-9577
-5070
-8151
-12860
-5913
669
947
4700
7534
5173
8495
13963
12496
9191
7320
3091
-1916
-1640
-2706
-6319
-5005
-3761
-1675
1781
3479
8133
9431
6204
8146
12398
12473
10935
11622
8828
1972
-2247
-5294
-9290
-10623
-9240
-8143
-4452
1481
5351
7171
6777
2387
-2816
-8336
-16531
-19629
-18335
-17639
-13556
-8857
-10412
-13975
-11878
-3083
12261
20259
20939
24369
18216
13116
15851
10086
2278
-4997
-13616
-14494
-13885
-12314
-4310
-4440
-10093
-6465
-1022
1403
5875
9901
9331
8743
11300
10605
6840
4948
328
-7444
-10842
-10204
-10180
-10237
-9867
-9467
-9446
-7014
2290
11137
11598
9134
10211
9000
4331
5467
5075
-4294
-12289
-10702
-6234
-8920
-8238
-3425
-8958
-11916
-5222
-876
2103
6113
7564
6564
8167
11874
12173
9438
7294
4415
-1319
-4287
-3815
-4989
-5373
-2870
288
2695
4297
6959
8641
6887
7926
11947
12020
11231
12173
8932
2381
-1519
-4327
-7472
-7819
-7724
-8415
-5615
-1902
1094
6151
7726
2247
-1990
-6254
-15047
-17805
-17293
-19479
-15603
-9896
-10572
-13083
-15969
-7404
12084
15547
20080
28769
19317
14777
18074
12485
2272
-3630
-10330
-15953
-14798
-13454
-6226
-4473
-9816
-6526
-2756
-227
3970
7085
9381
9235
8907
11042
9377
6934
4011
-5087
-10123
-11088
-13129
-11907
-9571
-9869
-9317
-6575
-2159
7456
13407
10959
10406
9863
5913
4890
5180
-309
-9342
-12538
-8739
-8949
-11093
-6235
-6598
-12034
-6749
599
2423
6130
9095
9164
9277
9728
11138
10333
6866
4879
2720
-1027
-4009
-5224
-5481
-5781
-5144
-3455
-556
4590
8193
8998
12143
16621
16500
13350
12538
9733
948
-4791
-7028
-12027
-12026
-7993
-8598
-5970
653
3579
7652
9547
1590
-5674
-9391
-17717
-21549
-16553
-14836
-15337
-11690
-12257
-16114
-6664
11485
17990
19544
25693
20858
13970
15601
10894
3944
-2925
-10827
-11879
-12551
-14929
-7454
-4527
-10883
-5775
-2841
-1669
3900
3523
6400
8481
10450
13057
8763
7194
5329
-4595
-11189
-10837
-11910
-13307
-12512
-10016
-8907
-7722
1652
12376
13960
11712
11136
9573
6962
3653
2460
-770
-12339
-14054
-4315
-6130
-10603
-4062
-6177
-13208
-6502
-1142
1052
6636
7711
5970
7986
12544
11118
9228
10523
5886
1573
1830
-1853
-6352
-5590
-4347
-4513
-4246
-1780
3080
6035
7532
12065
17265
17565
15671
14995
10203
1959
-2019
-5818
-12215
-11092
-6561
-8335
-6557
-509
56
3144
8044
3384
-1804
-4233
-13042
-19547
-17568
-15973
-14575
-12313
-14360
-15948
-8912
4483
15445
20085
22551
22480
17441
15201
14331
6958
-1359
-6923
-10874
-13536
-13691
-8950
-5959
-10618
-9754
-3055
-2493
1209
6105
6333
6402
9281
12211
9668
9246
5447
-2728
-8260
-11739
-10945
-12141
-11392
-9383
-11589
-9889
-2194
9109
16491
14361
11986
11587
6384
4351
5917
304
-8932
-12598
-8423
-6786
-9504
-6291
-6831
-14199
-11187
-3047
239
5414
9394
8571
9436
12040
11745
8366
5078
3090
787
-1997
-3741
-4057
-4601
-4761
-1905
477
-159
1857
5914
5855
6374
11961
15426
14726
14679
12615
6530
1524
-2216
-7064
-9600
-9572
-10421
-8427
-2224
1382
3339
6966
6928
3410
-72
-7399
-16196
-19571
-20221
-18939
-14323
-12618
-14134
-15712
-13996
1179
18139
20073
22504
25537
17056
14131
16672
9298
-75
-6454
-10668
-12439
-14844
-11834
-6495
-10197
-13187
-7133
-1126
1900
5781
8791
7968
7485
11656
12033
6903
7359
2513
-12323
-11925
-5231
-14064
-16616
-8718
-11196
-14714
-6163
8358
15622
13366
13833
14538
8327
5200
7803
3598
-7059
-13638
-11106
-6114
-9601
-9584
-4664
-10248
-13170
-5963
-736
3832
8077
7838
8270
10603
12314
11367
8801
6744
1859
-1799
-3822
-7106
-6600
-4740
-5121
-3620
-100
1819
5086
7699
7180
11007
15224
14259
14888
15357
8550
1275
-820
-5523
-11091
-9772
-9471
-11569
-5584
467
588
6026
10047
3917
-67
-3251
-12595
-17253
-17414
-18806
-15811
-12181
-11838
-12454
-14775
-7724
9736
16923
17673
23175
20583
14956
18272
15513
4657
-2143
-7736
-12302
-13683
-12106
-7162
-9090
-14765
-10381
-4271
-1284
3674
6956
8495
10091
11280
13427
12388
8221
4387
-3615
-10373
-11390
-12438
-12325
-10577
-12032
-11743
-7924
-4250
10486
17631
9386
12849
12854
5530
6287
7166
1204
-9196
-12498
-6517
-5649
-11611
-8974
-8136
-15685
-12473
-3263
1199
4609
9220
11139
10311
12571
12752
8529
7778
5328
-879
-2293
-4296
-7410
-5276
-4180
-4830
-2973
0
4270
7048
6791
9798
14752
14415
13341
15815
12549
3707
633
-2167
-9565
-10450
-8073
-10308
-9030
-3867
-1249
2605
7262
6813
3945
925
-6014
-12949
-14549
-17520
-19153
-13784
-11146
-12534
-14887
-14869
-2285
13473
15787
17853
24578
19992
17621
22072
14361
2426
-4935
-10672
-13754
-15601
-11788
-6572
-11458
-14392
-8252
-4034
-237
4907
8159
10527
10652
11589
12648
10285
7357
1416
-6054
-10535
-12081
-10506
-9816
-11097
-11066
-11220
-9459
1369
12321
11990
10620
12291
11205
8779
7043
5310
-4033
-13141
-8649
-4196
-8975
-10582
-6525
-11719
-16563
-7711
-1391
841
6231
9007
8271
10409
14684
13697
10572
8713
3396
-1640
-3331
-6494
-6742
-5095
-6532
-4380
-1646
445
6677
8217
6847
10456
12936
13578
14417
13910
11466
5502
1099
-1560
-6973
-9045
-9870
-12754
-9494
-3738
70
6391
9565
6725
4752
1691
-5677
-10681
-13288
-19194
-21021
-15351
-12574
-12142
-11880
-15928
-11741
5215
15029
17552
23661
22753
16754
18178
16276
7316
588
-6490
-12265
-14006
-14029
-9734
-7912
-11756
-11175
-6743
-2157
2860
7553
11515
10738
9777
12277
9553
6705
6155
-2708
-10615
-10390
-10975
-11446
-9735
-9055
-10253
-11421
-5335
6103
10125
10574
13177
11091
8117
8345
7261
2515
-6177
-12095
-7620
-5481
-12472
-9083
-5334
-14936
-12324
-2901
-3350
1794
8888
7723
9237
14948
13659
10424
11490
5931
-867
-1923
-6453
-9075
-6174
-6041
-4749
-77
1554
3824
8255
8492
7561
11236
13598
11260
12942
13928
5859
1498
981
-6461
-9483
-6847
-10597
-11483
-5159
-2119
945
7002
7680
4995
4364
-84
-9265
-15751
-18601
-20087
-18251
-13108
-9798
-11591
-15631
-12253
3088
14524
16095
21728
22592
14792
17442
19322
8878
812
-5408
-10695
-11893
-13512
-10697
-7992
-12323
-13389
-8758
-2100
4109
7658
10727
9737
8288
12021
11807
9930
8659
-691
-8830
-10489
-12474
-11876
-10178
-10953
-12416
-13182
-6860
5145
11577
13299
13862
11825
8577
7234
8301
3105
-7160
-11576
-9680
-7296
-10609
-8891
-3678
-12636
-13136
-3815
-4147
3086
7181
3233
10674
11562
6961
16103
13205
2454
6330
-1135
-7316
-3456
-7876
-5418
-2224
-2830
794
3959
6128
6684
7031
10516
13195
11978
13208
13242
7896
2647
-726
-4119
-7973
-8778
-10098
-10810
-5362
-1786
911
7996
8369
4014
4323
-771
-11301
-15433
-16509
-18799
-17623
-13245
-11101
-13221
-17882
-16710
-2162
13074
17414
21312
24023
17810
14939
17315
12308
2435
-4801
-9012
-12453
-15017
-11892
-6879
-9252
-13593
-10062
-2002
3258
6769
10980
12165
10222
10588
12356
11282
6934
-305
-7608
-10729
-10047
-9268
-8720
-8036
-11046
-14029
-8356
1793
7948
10287
10092
9802
10124
8986
9010
5400
-3141
-10724
-12164
-5872
-8565
-12728
-4834
-9150
-16118
-6377
-1961
-755
5632
5291
5921
10382
11930
11692
10835
10605
2383
-3582
1766
-6429
-11052
127
-4127
-4821
4704
1367
4483
10094
4222
8316
14014
10370
13116
14784
9664
4345
562
-1040
-6445
-9396
-8069
-10668
-7546
-1233
-746
4527
9331
5213
3967
2348
-7452
-14830
-16184
-18993
-19141
-14315
-12549
-12130
-14403
-17157
-5482
12332
16518
17785
25165
20396
12951
17978
14566
2862
-3379
-9457
-13183
-13461
-12821
-7854
-7384
-12937
-10212
-1709
3224
6251
9620
10166
7033
9230
12494
8726
8233
5303
-6103
-10723
-8879
-10436
-11100
-9377
-11530
-12761
-8651
-1149
8339
11478
9410
10614
10147
7505
7991
6175
-366
-7976
-11925
-7056
-6279
-11894
-6118
-5872
-15098
-9349
-1918
-1436
2134
4790
5697
8396
11384
12283
12289
10660
4501
-70
-843
-5363
-5649
-3513
-5673
-2488
-1611
-1059
6587
8945
6836
10569
11807
9209
12507
11400
9262
7179
1729
1680
-3248
-7652
-6929
-9891
-8411
-4105
-1797
2878
6313
3845
3742
6054
-638
-6837
-8138
-15209
-21382
-21504
-19672
-15718
-10690
-10594
-14208
-12977
-2389
11806
17710
21924
25215
18815
15295
14808
8878
2815
-5757
-12700
-11797
-14039
-12926
-6113
-8861
-10740
-5250
-1275
2803
8210
11880
11911
9667
10859
13063
9248
5886
1775
-7368
-10647
-9309
-9439
-9718
-11672
-12703
-11277
-8161
394
9080
10146
9570
10229
8651
7610
8053
5801
-1735
-9926
-9104
-5528
-9251
-8832
-5477
-12467
-16436
-9649
-5014
-2169
3677
7546
7255
8294
13384
15375
12033
8353
3492
-1169
-1938
-2495
-4207
-4976
-5338
-3666
27
3926
8313
8400
6945
11861
12306
9241
14597
13027
4982
5713
2173
-4331
-3285
-5115
-7631
-7070
-7368
-3903
-295
1016
3923
4584
3038
716
-3021
-6995
-13099
-18474
-19577
-18046
-13906
-10749
-11227
-13882
-15395
-5605
10957
16936
18376
22682
19020
13755
16524
13504
2861
-3634
-8807
-13420
-12933
-10100
-7008
-7457
-11362
-9615
-2631
2473
5667
8851
9853
8819
11949
14992
11065
8304
4108
-6755
-10417
-8027
-10243
-11254
-10512
-12251
-13432
-10750
-1617
7337
7816
7689
10380
8817
7067
8927
8921
2920
-7788
-9716
-3090
-7913
-12373
-5334
-10622
-19332
-11392
-4856
-2966
3112
5272
5729
9787
12880
14380
14575
11165
5053
1342
160
-3196
-5159
-3749
-4371
-4445
-1748
718
5777
9803
7133
7737
12188
9467
8400
12957
9062
3644
4485
-1325
-5791
-86
-3360
-10541
-4910
-3426
-8186
-1111
6145
2483
1123
3397
-519
-6887
-8732
-11108
-16442
-18306
-16960
-14659
-11743
-12504
-15629
-13534
-1276
13184
17453
19725
23332
18401
15247
15663
9255
2879
-4367
-11414
-11072
-12876
-12428
-5892
-8460
-12163
-6460
-518
3390
6504
9370
11385
10992
12850
14394
10946
6907
1294
-5511
-8451
-10893
-12942
-11990
-13056
-15502
-14431
-10219
-1445
8132
10225
10071
10688
8755
8514
9909
7578
-326
-7901
-8320
-7190
-12027
-12726
-8406
-15128
-19213
-9641
-3645
-571
5204
7938
8263
10805
15830
16880
12887
9672
5675
1563
287
-1742
-2105
-1423
-4934
-5869
-2666
1559
6365
6142
5013
7368
9230
11484
15213
16717
11951
5916
3722
-11
-5018
-5276
-6833
-11757
-8664
-5334
-5013
3584
3385
-286
6588
1677
-6207
-5544
-11606
-18427
-17843
-16404
-13602
-10834
-14280
-17470
-14114
-1080
13847
18266
19557
21054
16603
13619
15331
10524
3270
-3015
-9656
-10891
-11188
-8466
-6020
-12046
-14927
-8498
-2844
846
8073
10936
9785
12894
15898
14993
12575
8935
940
-8399
-12248
-11653
-11837
-12836
-13216
-14211
-14159
-9422
1428
10642
9710
8564
11467
9576
9084
11408
7278
-1849
-9809
-8430
-5381
-12616
-11351
-6822
-19054
-19994
-7347
-4281
-404
4645
5365
7435
11939
17204
18034
15029
10200
4549
1541
-838
-2759
-4229
-5945
-6958
-7612
-4365
3076
8583
8773
8626
11557
12602
11155
13076
15951
10008
2971
3627
532
-5188
-4025
-6480
-12832
-10743
-7862
-6954
-1820
2846
3602
5032
4678
-1173
-3184
-6396
-15222
-19680
-18366
-18035
-17137
-12858
-17427
-20236
-13568
-2479
13135
17862
20839
24664
18637
18622
20062
11892
3408
-5292
-11317
-10915
-12752
-11430
-8363
-12599
-12457
-6160
-916
4808
8893
10412
12010
13791
15861
15426
11126
6771
799
-6604
-9554
-10965
-14148
-14092
-13307
-15999
-16201
-10071
314
7729
9673
11301
11660
10552
11456
12800
7953
-3514
-11561
-9848
-8502
-13375
-11058
-9664
-19404
-19292
-8503
-2511
933
5235
8835
10314
12368
17835
19002
14464
10365
5097
1763
932
-1599
-2778
-5459
-9315
-7295
-3850
253
6513
6892
6225
10322
13091
14621
17354
17793
10658
3756
2208
-3263
-8587
-8533
-11161
-14960
-11342
-5781
-3169
1244
3610
3139
3849
1488
-3933
-8411
-12836
-18040
-17865
-12633
-12799
-14019
-13441
-17432
-12695
5286
13944
15014
21416
19276
14847
19141
16522
9170
3047
-5087
-9481
-10538
-9739
-7996
-11322
-13871
-11243
-7259
-249
5683
8920
11385
10132
12552
17437
13903
10024
6604
-4354
-11357
-11186
-11388
-11692
-12645
-14209
-15721
-13440
-4983
5487
10495
8158
8177
10075
9465
10551
10302
3739
-7053
-11713
-6794
-7472
-12343
-8291
-9920
-18712
-13725
-5612
-3453
2906
6359
6205
9350
13455
16141
16547
14615
7038
1466
1494
-2782
-3871
-934
-4261
-5790
-3676
-2611
2964
7740
5703
6322
11248
12319
12832
17919
16748
7896
4344
-233
-7506
-7194
-8105
-12229
-12180
-9897
-6606
-1875
2249
3642
4509
3078
-1362
-3753
-6849
-13949
-18331
-16233
-14829
-14428
-13081
-17548
-19975
-8614
6621
14720
17373
20306
21476
15979
15784
18746
7172
-3155
-3713
-10199
-13338
-9257
-9416
-10380
-12230
-11849
-3326
2052
4412
10548
11591
10198
14613
16083
11937
9747
4905
-5108
-9912
-9595
-11307
-12810
-13920
-16006
-15825
-12589
-3257
7378
9077
7765
9284
10073
9356
9640
9398
2306
-9642
-11411
-4348
-7955
-11336
-6046
-12717
-19626
-12339
-5622
-629
5136
7374
7170
9544
14346
16140
16467
13278
6303
2784
-261
-3924
-2888
-2002
-4458
-3826
-1853
-627
5054
9134
6165
7006
12683
12512
12871
17685
13899
5429
3205
-800
-6932
-7291
-8777
-12897
-11609
-7835
-5287
-1017
2694
3093
4625
4841
-1437
-5509
-7250
-14883
-18514
-15975
-16265
-14361
-13059
-17353
-18475
-10370
5349
15552
18136
22202
19644
14527
17437
14539
7654
2563
-7118
-9600
-10761
-11678
-4575
-8341
-15280
-10665
-4570
-299
6678
10651
10264
11503
13513
17010
14386
8918
5345
-3576
-10795
-12583
-11192
-11735
-14992
-14867
-14880
-15054
-7687
4878
11516
9582
7573
10479
10879
8858
11134
6779
-7000
-11223
-5772
-7654
-11639
-8569
-11252
-19547
-16037
-6590
-2894
2568
8080
6678
7738
13916
15964
14543
13786
10504
3714
-1184
-1945
-2718
-4455
-4354
-4681
-5653
-1075
6804
9685
8364
8842
11662
11760
10948
14680
14493
6196
2355
1191
-5463
-8005
-6870
-10421
-11954
-8951
-6407
-1713
2304
1810
4631
5569
512
-1825
-5767
-13918
-18665
-17389
-15716
-15489
-13673
-14816
-19124
-17480
-4022
11670
15611
18256
24083
19355
15502
18920
12814
2766
-2306
-7970
-10319
-11062
-9392
-5459
-11779
-15123
-7216
-869
3090
9092
12671
10463
11720
14711
15488
12513
5527
-311
-8448
-11526
-9802
-12868
-14564
-14777
-15922
-14241
-10412
-1601
9200
9890
8283
11026
10428
9093
11218
10266
184
-9430
-8678
-5932
-10579
-10406
-7138
-16830
-19830
-9283
-3351
705
6160
6967
6785
11849
16259
16925
15090
10490
5586
2140
1399
248
-1918
-2487
-4065
-5872
-4413
35
6212
9234
8051
10895
14525
12241
13622
18350
12850
3097
-393
-4385
-8935
-8231
-8961
-12462
-11218
-7557
-4841
-252
3120
2902
3854
3365
-2642
-7200
-9853
-16167
-19330
-15766
-12879
-12549
-14805
-19506
-16402
-990
11507
14486
18994
20691
14786
15980
18945
11005
3929
-609
-6659
-8502
-9253
-8054
-6023
-11080
-14116
-7759
-1259
2529
6794
11259
11430
9839
15451
16314
10838
7777
-2070
-11496
-12078
-11513
-13044
-12774
-12286
-14523
-14822
-9828
1578
9142
8022
7062
7943
7014
6476
10768
10616
408
-8884
-6462
-3307
-9855
-8628
-6296
-18342
-20411
-9067
-5062
-654
5575
5528
6800
10929
15201
16858
16364
13772
6167
1087
602
-185
-2083
-4222
-5260
-5659
-3595
3456
10661
10864
8530
11198
13715
11710
12125
13649
7849
2100
2155
-518
-4395
-4869
-7967
-11339
-9547
-7740
-5845
-844
1254
1246
4769
5715
2102
543
-3524
-13448
-19107
-19363
-19490
-18634
-17056
-15966
-17238
-18408
-9794
8375
17361
17448
23907
22996
16356
19288
16481
7206
586
-6504
-9450
-11063
-12970
-8850
-7865
-13567
-10853
-1121
2864
6406
11544
12179
12486
14497
15699
12140
5462
1853
-4908
-12883
-11881
-10474
-16039
-15810
-11575
-15122
-13145
-2914
5914
9974
9502
12771
12535
8780
11522
10616
2824
-5792
-10112
-6903
-8206
-12748
-9359
-12515
-19121
-12053
-4555
-2226
3226
7166
7697
11049
17090
18222
15162
13355
8984
4891
4676
1031
-2301
-2836
-6504
-7287
-3694
-515
4013
6762
6809
8483
10658
12488
13730
13337
11134
6281
1851
-816
-4831
-7324
-8244
-11705
-11801
-7709
-6572
-3450
2070
2242
3032
4854
131
-4090
-5771
-11564
-16851
-17531
-16898
-16517
-15493
-15161
-18051
-15235
12
11399
12875
18342
21992
17018
17425
19703
12317
3736
-1804
-6015
-8593
-11060
-8495
-6301
-12283
-12738
-5831
-1323
4370
9567
11304
12615
13608
14847
13626
9485
4196
-3703
-9301
-12617
-15096
-12190
-12080
-15473
-13246
-10979
-7488
1267
8374
11348
8149
6082
12501
12034
6418
8247
1225
-11153
-7305
-4575
-12512
-12080
-11249
-18162
-16606
-8765
-4092
1030
5759
8617
10998
13635
16504
16361
13794
10007
5439
3694
1437
-2198
-2704
-3379
-4464
-3947
-2016
3324
6558
5997
7901
9429
9438
11099
12701
11944
7206
3571
2689
-2350
-5402
-4282
-9076
-12906
-9797
-8140
-5128
795
2493
4225
7038
4270
446
-1097
-6892
-13942
-17737
-21208
-21787
-20004
-17205
-15254
-17860
-16617
-3679
11885
16113
18116
24623
20695
15379
18261
13409
3900
-930
-5409
-8409
-10952
-10966
-6825
-9635
-12921
-7308
-2400
1587
6578
10697
13439
12689
14507
16341
10717
5459
1875
-6547
-14004
-15167
-15718
-16237
-13892
-11284
-9269
-7936
-619
10005
11092
10184
11186
10024
7368
6868
6104
-1139
-6514
-8948
-7950
-9599
-13883
-10132
-13754
-17245
-8241
-3442
-1935
4288
8735
9219
12119
17037
17660
13871
11817
9209
4802
2947
-763
-4890
-5785
-7389
-7070
-3349
-213
4525
9259
8864
9352
13634
13220
10005
11449
8867
597
-242
189
-5488
-5015
-2058
-6808
-8618
-6291
-7677
-5292
258
798
2512
5129
3021
2361
1336
-5248
-11582
-17553
-23541
-23445
-19786
-17394
-14698
-13407
-15168
-9410
7119
17113
19690
25329
22909
15300
17222
15890
6926
1712
-4427
-11402
-12539
-10919
-7546
-5602
-8569
-8115
-2626
1094
5789
11169
11417
10613
11893
11376
9077
6451
2166
-5428
-13367
-15121
-13458
-13347
-12057
-9277
-8749
-9891
-3757
8029
11547
9477
11028
9685
5931
6138
6111
3594
-6239
-12370
-8221
-10287
-11685
-6119
-7209
-14503
-11323
-4148
-2498
3882
8130
8328
9858
12169
14450
14546
13432
9450
5878
2910
-1445
-3798
-3983
-4409
-5682
-4911
-1811
3138
7814
8665
8589
9950
9042
7010
8027
6898
1324
-810
677
-692
-1885
-1294
-4414
-7203
-6142
-6126
-4384
-236
-326
-146
3865
4017
1777
2174
-1094
-9417
-15608
-19167
-21938
-21348
-17576
-13955
-11586
-11316
-12266
-5671
9483
18371
20166
23514
21126
15218
15845
13115
3552
-3105
-7362
-10195
-10562
-9783
-6364
-4842
-7401
-4559
1577
2490
4661
9526
9631
9185
11506
10731
6562
3385
715
-5752
-11795
-11540
-11804
-12864
-10402
-9794
-8988
-5300
-1567
5602
11334
10516
9828
9128
6957
4299
2750
-839
-10930
-11933
-5070
-9237
-10648
-3188
-8602
-13663
-4660
-2177
-438
6406
7683
7177
8667
13276
15102
12217
10038
7203
3700
509
-2010
-2494
-3822
-6453
-5310
-2933
-1823
2034
6177
6519
6974
10039
9785
6846
7650
6408
747
56
934
-2453
-2465
-858
-3629
-4396
-3168
-4655
-3588
-257
-527
-19
2212
921
-259
-118
-4197
-9368
-12496
-17540
-21335
-20389
-17108
-13078
-10407
-10885
-11728
-5043
8155
18173
21709
22940
22226
15974
12672
12126
4889
-1682
-6006
-9927
-10310
-9406
-5325
-3364
-6397
-4939
-1050
538
3582
7556
8104
8335
9570
7900
5811
4381
1208
-4101
-9678
-12176
-12172
-11773
-10454
-8370
-7355
-7105
-2606
6339
11275
11321
11560
9783
6147
4442
2863
-833
-7375
-10843
-7065
-5633
-8757
-6413
-3682
-9078
-7838
-302
1143
3086
6157
7577
7867
9714
12546
11433
9670
8246
5086
1044
-1900
-4327
-5508
-4885
-5709
-4913
-1403
1611
4438
6163
7219
9784
10124
7527
7006
5247
1177
462
-72
-2064
-721
2
-2172
-1651
-863
-3073
-3035
-962
-2347
-3556
-779
-289
-1919
453
1327
-3326
-7367
-11200
-16964
-19621
-18993
-16863
-11898
-8112
-7669
-8465
-6888
5064
18549
20029
21489
23792
16721
13161
14052
7380
-863
-5989
-9013
-10710
-11759
-6648
-1396
-5124
-6789
-1506
1136
1538
4890
7925
7019
6246
8449
8841
6315
4074
-919
-8708
-12338
-12479
-12198
-10288
-9387
-9584
-8553
-5355
4061
12633
11923
10616
9844
5281
3334
3858
1427
-5260
-11096
-8422
-5216
-7922
-6130
-1151
-4584
-10481
-4028
5604
2175
2349
12396
10125
4978
11168
13127
9807
8494
6393
4385
23
-4954
-4156
-4127
-7300
-7095
-4858
-1716
2521
3620
5036
10547
11821
7065
5265
6209
2888
-1536
-705
-1102
-4438
-1118
1686
-2363
-2185
-1666
-4937
-2849
-1347
-2974
-1051
-2304
-4808
-869
479
-3129
-4164
-6283
-12620
-16795
-17735
-17586
-13857
-9825
-9052
-8723
-8657
-1574
14554
22114
21687
23877
19980
13358
12803
9875
3108
-3526
-8909
-10708
-11691
-9389
-2470
-2004
-6129
-4971
-2412
-48
4501
6792
6936
7791
7753
8224
8922
6290
1196
-5429
-11777
-13187
-11912
-11474
-10084
-8986
-9411
-7528
355
9614
13530
12868
10285
7079
4479
4160
3503
-1587
-8513
-10542
-6528
-6202
-7355
-2401
-3400
-7619
-4172
637
2292
3080
7619
6901
4798
9724
9495
8590
9914
7134
2271
1128
-337
-5120
-4387
-4463
-6108
-5263
-3192
2309
4639
5513
8147
8273
7606
6690
5534
3113
-1024
-2696
-2599
-2085
-58
993
-324
-1111
-2243
-4048
-2120
-1400
-3894
-3405
-3026
-4580
-3872
-1207
94
-2227
-4605
-5670
-10792
-16015
-16216
-14586
-11906
-9238
-7445
-7893
-9012
614
15431
19381
20949
24409
19153
12776
12636
9162
825
-5208
-7887
-10037
-11592
-8422
-2734
-3481
-7237
-4534
-95
759
2551
5312
5618
5268
7041
8661
8247
6962
2166
-4832
-8992
-11784
-13288
-11085
-10351
-11085
-8686
-5256
3022
12005
14277
13887
12340
9156
5450
5528
3908
-3544
-9928
-10906
-7108
-7074
-6345
-380
-2561
-8992
-4387
552
282
5937
7105
3777
7239
7886
6077
10617
9303
2946
4523
1537
-3358
-2860
-4679
-5047
-6885
-7574
-1431
2307
2638
4380
5808
6775
8140
9019
9324
5517
-659
-2456
-2894
-4021
-1089
2054
317
-734
-34
-1304
-2170
-1810
-3261
-5475
-5216
-5293
-5785
-939
3228
1945
1891
-830
-7781
-11228
-14056
-16471
-15350
-13497
-10229
-8187
-9954
-10634
-3463
11324
19358
20481
25373
21268
11702
13710
11407
1987
-2169
-6911
-11364
-12007
-9381
-3479
-2451
-7434
-6261
-2534
-1400
3598
6772
6890
6767
8256
11532
9882
7279
3850
-4833
-11837
-12318
-11586
-12771
-11928
-9820
-8862
-6259
2248
12393
15327
14362
12320
7844
5860
5379
3242
-330
-7967
-12399
-6564
-4355
-7019
-1738
-2407
-10754
-7365
-2353
-1200
3659
6582
5485
3999
7731
9016
8521
10606
6142
2387
839
-2078
-4896
-5909
-6676
-8384
-6277
-4250
96
3055
1917
4426
8507
10257
8358
7546
5247
-774
-2390
-1089
-2984
-3327
64
-316
-544
1186
-1586
-2701
-1207
-4290
-4610
-482
-2101
-3113
1778
3739
2999
3347
1271
-3604
-9568
-15943
-18964
-18245
-15659
-12310
-9654
-10106
-12579
-5458
10309
18754
19894
23159
21568
13849
14123
13255
4097
-1879
-6994
-11103
-11763
-10952
-4784
-2780
-8915
-7657
-3170
-2949
1804
7058
7612
8651
10728
11801
10235
9605
7149
-3361
-10922
-11913
-12768
-12677
-11296
-9533
-8482
-7308
-1359
9514
15117
14036
14209
12401
7649
5489
4264
234
-7177
-11610
-7792
-5849
-8724
-4733
-3065
-11385
-10793
-3931
-2140
1383
6517
6936
3770
7225
12952
10778
7045
7965
3258
-4073
-1459
-4799
-7564
-4392
-8102
-6983
-4840
-2583
4447
5585
5738
10258
9530
6330
8629
6938
920
-749
-2268
-5265
-4170
-1811
-2321
-1406
750
1249
2369
3678
1694
-413
534
-297
-1817
572
2287
2144
3374
2448
-1172
-4698
-10250
-16803
-20295
-20458
-17690
-12845
-8609
-6654
-7782
-8802
-960
13317
20175
21219
23112
19295
13273
12271
8347
78
-7059
-11756
-11950
-10606
-8104
-3304
-3992
-7385
-5145
-1214
2152
5345
7244
9085
10664
12505
12745
10018
7071
616
-8236
-12791
-14757
-14554
-11587
-10524
-8829
-5764
-3599
4588
14778
16941
13356
10774
8921
4596
4047
4039
-3633
-11379
-11010
-6599
-8433
-9545
-4599
-7716
-12441
-7426
-1588
1468
4623
8197
6093
4458
11622
9175
4074
7940
2630
-2713
-1539
-4523
-5065
-3563
-5558
-5381
-3760
-2596
2674
5755
4900
6502
8396
7809
6363
7380
5229
-1489
-2377
-1712
-4148
-1152
2150
129
1294
2683
-157
296
2057
-155
-732
267
-1489
-889
2000
1613
1387
1452
-2536
-6979
-10926
-16577
-19644
-18739
-16695
-13107
-8742
-7674
-10403
-8456
4220
16588
19679
21924
23520
17777
13894
13822
7201
-1103
-5395
-8748
-10034
-9714
-6726
-2966
-6007
-7742
-2373
852
3528
8053
9618
9772
10064
10993
11784
9897
6320
-1140
-10858
-14361
-13286
-12422
-10767
-8810
-7722
-7377
-3620
6751
14900
14084
11356
10390
7623
4887
4926
2962
-5719
-13512
-10718
-6623
-9318
-7819
-4816
-10857
-13078
-5585
-1038
1202
5964
6728
3195
5063
11265
9647
3845
5191
4077
-5018
-6409
-1306
-4185
-7812
-4556
-3889
-5798
-1660
4448
4841
3591
6902
9764
8447
9431
11362
7042
1150
-1457
-3673
-4435
-2661
-2032
-1844
468
2617
3771
4508
2793
742
1122
82
-2038
-742
896
153
352
1115
-659
-4632
-9550
-14204
-17635
-20537
-21198
-17298
-12123
-8536
-6591
-7821
-7398
2492
15242
20258
21645
22696
18458
14628
14697
9014
861
-3291
-8208
-10808
-9806
-8172
-4127
-4552
-7038
-1590
2263
2750
7779
10898
10543
11291
12084
11184
7605
3992
-614
-8468
-12955
-13081
-13012
-12263
-11323
-9274
-7041
-4782
4092
13822
14278
12746
13091
9733
5690
4300
1196
-6781
-14259
-12559
-7724
-10287
-10814
-5700
-9198
-13792
-6121
-423
119
5607
6505
4843
10201
9542
5864
8598
3920
-2982
-1475
-3358
-6217
-3856
-3539
-4156
-3587
-2371
1880
6018
6582
4943
4587
6342
6903
7975
9814
6834
1618
-1535
-4463
-5503
-3252
-1717
-1386
974
3291
3685
5730
7403
5115
3045
1821
-377
-238
-35
-1901
-1378
-160
-1754
-4051
-6639
-10247
-13209
-17359
-20664
-18953
-15240
-10562
-5074
-2024
-5381
-7190
2207
14676
19949
21396
24150
18685
12173
14348
10201
1681
-3054
-6645
-9556
-11265
-8190
-3223
-4306
-5919
-1390
2091
4288
9099
10886
9499
9055
8258
7030
5677
2866
-792
-7185
-13772
-13582
-10730
-10312
-9333
-7423
-7497
-6225
2665
13184
14334
10406
8188
5178
2913
2266
1529
-3626
-12537
-12727
-8268
-11008
-11800
-5212
-8327
-14409
-6965
-811
-806
2461
8778
7664
6244
11085
8032
4458
3487
474
-712
-1933
-3128
-3195
-2240
-1927
-1255
-833
470
3395
3148
1806
2797
4868
5888
7809
10377
7711
2607
1275
-504
-3365
-1740
-1076
-3542
-1662
1496
3162
7736
9178
4883
2880
669
-3470
-2709
-280
-1008
-1635
-1714
-2236
-2002
-2572
-5431
-8271
-11526
-16439
-17979
-15746
-13609
-9041
-4345
-4693
-7156
-6611
2492
14970
19162
20758
22759
18487
15242
14932
9168
1580
-3657
-7572
-9263
-9166
-6764
-4347
-5736
-5619
-1744
544
3368
7423
7517
7287
9393
8958
6802
4941
1988
-2205
-7861
-11761
-11166
-10078
-10250
-9446
-8017
-7346
-5007
2615
10761
12417
10709
8847
6095
3747
2121
84
-5222
-12693
-14088
-9821
-9887
-10238
-5597
-5794
-9607
-5596
1367
1445
5166
10794
7297
7131
8979
5833
4162
3867
1566
-1429
-2545
-3775
-3673
-1815
-384
62
-1360
-742
2292
3378
3374
4599
5149
4517
4989
7073
7304
3718
1976
1045
-3062
-3163
-872
-1913
295
3392
3391
6491
8003
4690
3037
648
-3525
-4116
-2411
-2154
-2284
-1111
-1216
-2898
-2846
-3816
-7358
-10230
-14294
-18816
-17801
-12371
-7708
-4672
-4702
-9914
-10382
2928
16159
20126
23576
22949
15679
14242
15606
9788
2726
-1905
-7394
-11722
-11559
-7356
-4087
-6073
-8321
-5760
-2250
829
5778
9183
8895
8456
8244
6692
5611
4375
-759
-7671
-11133
-11925
-12131
-10482
-8867
-10169
-10563
-6394
972
9029
12347
9672
7888
7345
5182
4382
2895
-4181
-10950
-9379
-7371
-10353
-6703
-3898
-12275
-11200
-3074
-4989
-1245
7291
5831
5333
8695
9401
8732
6681
5794
3923
-704
-1579
-1774
-3610
-2483
-2633
-4879
-4019
-1935
-774
738
2329
3337
4592
6330
8051
9503
8431
5943
4905
1573
-1558
-630
-2860
-4501
-427
237
1628
7517
6912
4332
5702
2897
-1112
246
1087
-1665
-1841
964
456
-425
1418
-663
-5552
-8547
-12436
-16840
-19234
-18524
-14655
-11358
-8997
-7564
-10172
-9102
3796
17678
21777
22596
23881
19557
14670
14975
10406
456
-4802
-7853
-11397
-11724
-9202
-7001
-8024
-8986
-6001
-1915
3111
7513
8618
10138
10881
9710
9684
7516
3052
-2039
-9412
-14464
-14724
-13057
-11078
-10198
-9584
-9997
-8324
2159
12322
13885
13592
12385
9208
7200
5840
3251
-3848
-11911
-12447
-10297
-11757
-11213
-7161
-7869
-12120
-7590
630
2076
6728
13086
10388
9395
12320
9896
8021
7499
2140
-3590
-6178
-7176
-6904
-5917
-5389
-6130
-5979
-2266
2432
4489
5227
7123
8298
7465
8210
9919
7679
3787
1921
-740
-3375
-2258
-1784
-4268
-3062
521
1422
4824
9348
8536
7591
6655
1753
-113
840
-1118
-1938
-1813
-3866
-3765
-1542
-1621
-3253
-5593
-9971
-15182
-18536
-18450
-15585
-11940
-8266
-6107
-7433
-9031
-2914
11310
19864
20000
22652
20915
13082
13232
12596
3914
-2722
-8023
-10960
-11024
-11312
-6655
-4799
-8881
-6315
-1701
993
5778
8107
8924
9012
7992
9114
7899
4315
553
-6217
-11411
-13380
-13338
-10448
-9523
-8916
-6816
-6987
-3033
6976
13355
12484
10202
9916
5719
2457
5566
-359
-10710
-9847
-9714
-12407
-9870
-7648
-6898
-8698
-9087
-955
4552
6068
11446
11640
8287
10046
9391
5449
4292
1774
-3349
-5515
-4904
-4942
-5124
-4269
-4113
-5174
-3362
1779
4436
4512
6037
7522
7446
8413
10650
9192
3910
1642
574
-3111
-3391
-1637
-3150
-2646
698
2816
5822
8829
8189
6793
6497
3323
-797
-605
-1223
-4675
-4085
-2056
-2781
-3333
-3096
-2939
-5323
-9896
-11716
-13972
-18101
-17763
-14104
-10069
-7428
-6540
-6889
-7200
2150
15744
19203
19991
22272
16987
12315
12754
6850
1061
-2573
-8944
-11151
-10827
-7730
-3852
-6736
-8072
-4794
-2946
1308
5325
6550
8322
8801
10293
9923
7436
5885
-380
-8283
-12646
-13118
-11591
-11133
-10406
-9514
-8834
-4983
3412
11927
14694
12209
10066
7767
5126
5513
3037
-4517
-10321
-11552
-9390
-8804
-8651
-5408
-7402
-10074
-3261
1430
2820
8579
10054
7975
9546
9877
7285
4774
2635
-53
-3367
-5105
-6094
-7557
-7176
-6508
-7001
-4475
1474
4946
4931
6690
9012
7936
7948
10286
9127
4958
1845
-166
-2249
-2991
-1046
-592
-2618
-2067
-547
573
4272
6650
6196
6509
5185
2308
2410
3123
286
-2165
-1657
-3696
-5912
-3380
-2900
-4495
-4965
-8153
-10063
-11703
-16614
-16588
-14547
-14224
-9453
-5851
-7355
-8202
-2167
11996
21344
22891
24909
21625
15084
12841
9001
2492
-4119
-8772
-9627
-11266
-10147
-4379
-4452
-7547
-5505
-2214
541
4207
7404
9172
10198
11077
10836
9498
6469
-51
-7597
-13357
-16118
-14717
-12389
-11295
-9798
-8533
-6415
-91
9587
16215
14507
10527
10321
7994
4163
4185
-161
-10861
-14126
-9556
-9323
-10128
-5662
-5743
-10321
-7120
-725
2191
6178
9250
8235
6896
7863
8675
5941
3630
2692
-2005
-5633
-6352
-8731
-8430
-6298
-6195
-3315
1583
5108
7824
9101
9901
9587
7439
6823
6308
3056
-66
-1529
-2030
-1139
340
747
-408
-1698
-1391
-285
1598
4602
5413
5088
6355
5274
3812
4526
1541
-1924
-1583
-3069
-5596
-6094
-6161
-5622
-5279
-5149
-5271
-8490
-12758
-15092
-15364
-13118
-9447
-5728
-5056
-8517
-7678
3603
16660
22641
23556
22469
17154
10737
10091
6419
-2277
-7028
-9891
-11426
-11153
-6333
-1292
-4853
-6385
-2620
-1678
873
5169
6228
7020
7875
8763
9292
7302
3510
-2137
-8466
-14417
-14466
-11405
-12762
-11325
-8629
-8228
-3824
4325
12985
17455
14932
11314
9291
6200
3908
1530
-4983
-12372
-12970
-8882
-8609
-6602
-1157
-3565
-7050
-2748
637
2481
5928
6290
4423
3822
4834
5927
5444
4725
2723
-1955
-5793
-7273
-7498
-7165
-6982
-5774
-2277
2685
6719
8705
10070
9752
6988
4885
3762
2071
-321
-2586
-2752
-1924
-691
2133
2427
253
344
-164
-1051
1752
4002
4081
5366
5599
4119
4540
5238
3421
1326
-478
-3575
-5487
-4758
-3917
-3374
-2944
-3611
-4864
-6678
-9058
-11419
-13881
-14507
-12392
-9916
-7226
-5686
-7407
-5591
5490
16771
20189
21233
20806
14965
11072
10057
3767
-2871
-6257
-9848
-10726
-8672
-4629
-1355
-4391
-5638
-2071
-1641
1882
8041
6515
5102
8478
7773
5466
7411
5590
-4312
-11558
-12924
-14707
-13730
-9169
-7518
-7189
-5287
-1081
7630
14867
14780
12045
8984
5288
3873
3185
-129
-6819
-14025
-13366
-7872
-7436
-5607
-2105
-7003
-10184
-4399
-816
691
3960
3486
2026
5217
8741
9143
8283
5894
828
-4190
-6181
-6780
-7985
-7904
-6290
-5036
-1256
5754
9232
8680
9414
9473
6744
5081
5313
4267
1385
27
786
821
2269
5128
3356
-214
-393
-112
1185
4621
5944
5967
7221
7192
6457
7746
7547
3799
1330
-425
-4516
-6153
-5254
-6357
-6738
-6205
-6985
-6314
-5962
-8737
-11531
-13751
-15925
-15471
-12435
-10091
-9802
-10920
-9466
1098
14546
19545
21636
21964
14836
11037
10960
4415
-1558
-5246
-9825
-10034
-8428
-5335
-549
-2880
-6439
-2756
83
769
4305
6580
5565
6031
8110
7947
6088
3356
-1761
-7959
-12665
-13253
-10307
-8890
-7661
-3834
-2208
-715
6797
13925
13939
10566
7529
5009
2739
1037
-685
-6108
-12487
-11014
-6517
-7390
-6529
-3405
-7164
-10252
-4871
-249
1454
5130
6248
4343
5861
8742
8607
6869
4039
107
-3085
-4848
-5264
-5360
-5629
-4931
-4417
-3523
160
3402
4521
6162
7628
7870
7282
6864
6558
3101
-306
739
381
-1660
-766
-1130
-2378
-6
1882
1860
3900
5988
5939
7100
8848
8473
8451
7466
3019
253
-777
-4018
-6252
-6722
-7216
-6487
-5489
-4898
-4903
-5576
-4808
-4569
-6372
-7780
-10106
-13319
-14449
-13291
-10433
-8449
-10115
-12488
-7886
5229
16026
21039
25753
24139
17074
15753
13449
4284
-1732
-3770
-8213
-11909
-9084
-3705
-3401
-5522
-4639
-2879
-2522
-1374
2369
4820
4378
6258
8186
7066
7470
6114
-367
-7369
-12874
-13619
-10593
-10322
-9540
-6530
-5588
-1574
8192
14912
12802
7712
5702
3069
-355
-649
-2427
-8848
-11279
-6684
-3995
-5471
-3328
-1308
-7840
-8839
-3375
-2773
329
4545
5579
6402
8892
10314
8234
6484
3569
-1476
-5201
-5600
-5713
-6756
-6368
-6798
-5900
-851
3429
3780
3830
5276
5610
5717
7716
9356
7853
5249
3927
2849
1356
745
1076
765
86
332
1296
2218
2841
3627
4910
5808
5908
6243
6522
5376
3588
2619
1248
-1443
-2916
-2555
-2937
-4564
-4505
-2543
-2473
-3794
-3747
-4490
-7141
-7733
-8848
-12844
-13510
-12341
-14938
-12781
-4455
-8073
-14012
-7824
-330
10454
21039
23587
21826
17234
14700
14142
7644
-1735
-6328
-10392
-13301
-11358
-7202
-3763
-5506
-6591
-3408
-2016
156
3140
3280
4664
7214
8442
9829
9807
7470
2980
-3657
-9153
-11037
-10511
-10325
-9680
-7064
-5489
-3186
4371
12024
13399
9978
6057
3650
1808
1217
1231
-3663
-9800
-7792
-3621
-4000
-2362
-998
-6074
-9075
-5786
-2480
150
3525
5143
4186
4952
8505
8486
5435
3730
-255
-4935
-5377
-5419
-6012
-4375
-3127
-3684
-2620
984
2781
1683
1767
2734
2996
5228
8563
8750
6826
6220
5241
2057
746
1605
-1102
-4612
-3119
-1108
125
4889
7588
5978
7107
8288
6507
6356
5585
2670
1133
-586
-2790
-3170
-3505
-4715
-4352
-3520
-4815
-3739
-474
-2690
-4971
-1919
-2530
-5790
-5014
-6052
-10527
-13695
-14146
-11825
-11261
-13118
-12228
-13131
-13652
-59
15552
20149
23625
23802
18428
15195
11388
2870
-4469
-9457
-12114
-11740
-10543
-4125
-2468
-6628
-4048
-1330
412
3993
5446
5467
7403
9210
10984
12778
10035
5586
-824
-7877
-12182
-14260
-12719
-13455
-13770
-8507
-5495
-1024
8831
15605
14657
10042
7680
5393
2501
1407
-523
-6187
-11465
-8116
-3047
-4995
-3597
-396
-7225
-10127
-2945
-1445
-1701
2853
4628
4999
8023
10639
9673
5923
3049
103
-3566
-4544
-4909
-5886
-4764
-3210
-2276
78
3413
4404
3354
4083
4954
4121
5586
8555
7830
4508
2685
2611
592
-1739
-1439
-3485
-6438
-4942
-2459
-1124
2563
3657
3662
6751
4387
3583
6888
4612
1362
4072
2328
-4231
-1916
-3987
-7048
-4517
-6434
-4426
-3536
-4787
-2023
-1048
-1380
-1279
-2637
-5025
-7153
-9235
-9428
-9815
-10797
-9791
-9147
-11101
-13324
-10544
-988
8706
12882
17902
19540
14796
15473
14018
5576
-309
-3529
-6447
-9236
-6730
-1195
-1620
-2705
-427
1613
2340
3000
4993
6017
6806
9555
10431
7526
5182
2365
-4550
-9363
-11229
-11860
-9628
-10182
-9134
-4591
-3275
-108
5806
10540
11200
8852
8239
5552
2476
2561
-884
-7328
-9815
-7733
-5612
-5079
-1526
286
-4420
-4080
825
1551
2816
5349
5857
5281
5272
6315
4256
1374
1187
-1321
-3669
-3329
-4019
-3792
-2864
-2714
-1841
-1378
333
697
-1009
918
1819
1763
3445
4099
3122
1082
2121
1196
-1207
1782
476
-2573
510
-298
-1587
2247
2197
2287
4583
3535
3090
2624
1758
2644
3058
4019
3531
796
-104
-1378
-2423
-1491
-2143
-2873
-3055
-3606
-2325
-1544
-1938
-1722
-3288
-5092
-5060
-5278
-5583
-6013
-8041
-10550
-11573
-10861
-8578
-6307
-5250
-6938
-9271
-4841
4413
11740
16040
18509
16786
13715
14762
11602
4553
31
-4627
-7459
-7929
-5075
-154
-716
-2340
-200
1099
2346
4140
4297
3154
2196
4488
6361
4640
3923
641
-4543
-6383
-8217
-7452
-6192
-7070
-5300
-3525
-2267
1440
7323
11393
10934
8241
5240
2630
845
76
-2459
-6782
-7184
-4503
-3915
-3257
-1027
-2188
-5426
-4632
-2074
-1334
327
2525
1845
1543
4232
4963
2707
528
-1206
-3528
-4485
-3618
-3795
-3321
-2990
-3397
-3034
-233
2702
2011
2728
2087
1239
4254
5505
6031
5986
4499
3095
2164
1441
887
-111
-2499
-2987
-1955
-1397
491
2461
2706
3357
4434
4438
5058
5537
4454
3655
3030
1476
476
-328
-2329
-3744
-4490
-5304
-4694
-3793
-4093
-4233
-4521
-4901
-3615
-2656
-3191
-4192
-6856
-9688
-10257
-10737
-11212
-9722
-8751
-8124
-7270
-6087
-153
8862
14659
16906
19029
18377
16647
16385
10980
4883
534
-3828
-4125
-4615
-4337
-2119
-4185
-5102
-2567
-1378
1394
3097
2396
3791
4402
5332
6490
4246
1907
-1582
-5468
-6113
-6796
-5892
-3895
-4210
-2213
-124
-95
3010
6672
7598
6314
4208
2961
516
-1804
-3151
-6475
-8912
-8832
-6840
-4772
-4996
-3010
-1544
-4096
-1815
1902
635
1730
3097
2223
2732
2704
1666
-889
-1726
-862
-1827
-1561
-1013
-1573
-1761
-746
684
1659
2832
2875
1840
1874
3919
4713
3200
3398
3366
1253
1181
1666
241
-558
-915
-1017
-734
-48
2112
2527
1759
3124
3500
3848
5827
5613
4477
3719
2173
1650
1019
-671
-2092
-4398
-6045
-5303
-4455
-3531
-2408
-2637
-2773
-2171
-2291
-1863
-1137
-3129
-6214
-7771
-9355
-10558
-10514
-10769
-9825
-7424
-5598
-3785
-2169
1066
7899
12918
15205
18253
17815
15104
14370
10732
3518
-1670
-4918
-8738
-10240
-7990
-4676
-4075
-3888
-85
1916
2889
5531
5961
4865
4796
5387
4727
3765
1667
-2228
-5139
-7565
-8815
-7296
-6100
-5809
-3312
-802
147
1814
4977
6971
5526
4048
2555
-215
-973
-1014
-4875
-8163
-6983
-5636
-4084
-3156
-1819
-212
-2665
-2132
1953
1918
863
2057
2144
558
797
2009
664
-1194
-1071
-1944
-2631
-71
2032
2259
2811
2910
2567
3663
4310
2121
-2
-352
-1080
-1139
497
939
438
994
1186
574
775
1575
1648
1423
2250
3145
3075
3831
4967
4104
3096
3099
1859
648
852
363
-301
-236
-794
-1655
-2498
-3198
-3062
-3059
-2946
-2278
-3176
-4908
-4822
-4078
-4504
-5069
-5021
-5831
-7361
-7448
-6703
-6372
-5129
-3109
-2745
-3416
-938
4832
9261
11602
13041
11934
9799
9317
7917
4035
315
-2046
-3704
-4116
-2672
-1140
-1404
-1857
-693
935
2558
4426
5229
4864
4329
3960
4075
2933
-570
-3237
-5023
-8035
-8076
-4817
-4991
-5935
-2019
421
-1309
626
5304
5245
2852
2704
1818
-951
-2063
-2286
-4831
-8022
-8585
-6931
-5121
-3186
-1001
-573
-1375
-603
603
737
1080
958
-423
-986
-189
146
-288
-337
-217
-726
-387
1993
3991
4476
4690
3743
2869
3867
3196
722
-382
-1093
-758
1205
2364
2628
1878
684
745
1217
2573
4180
3880
3787
4261
3886
3729
3043
1573
303
-759
-867
-646
-96
1525
1731
747
793
278
-1019
-1259
-941
-1701
-3493
-4397
-4563
-5019
-4827
-4966
-6122
-6269
-5282
-5196
-6337
-6538
-5676
-5858
-5120
-3093
-3033
-1734
1626
3613
6109
8956
9721
9281
8636
7479
6114
3888
1826
644
-1289
-1148
-444
-1497
-776
-181
-233
148
1444
3464
2922
4293
5272
3127
3095
1244
-1393
-3266
-5503
-6849
-7510
-6510
-5066
-3109
-2259
-1890
-155
1019
1936
3028
3405
3001
2698
1663
728
-815
-3221
-4618
-5626
-5980
-5893
-4374
-3559
-3570
-1359
431
1173
1480
1712
1744
1158
1292
931
-297
421
2209
1779
1033
1447
1150
974
1368
539
-666
-322
426
856
1938
2774
1989
855
920
1227
1482
2230
2013
1103
1624
2259
1676
1470
1426
434
-217
348
397
107
1222
1754
1486
2507
2705
1500
1712
2089
1705
1263
-99
-493
-1183
-3117
-3967
-4877
-5204
-4415
-3442
-3422
-4153
-3231
-3172
-4300
-3617
-3382
-3530
-2510
-2000
-2156
-2258
-974
1103
1364
2302
4651
4785
5596
7342
6378
4235
3391
3198
372
233
2136
-84
-738
7
210
699
695
288
-683
-861
28
1518
1645
851
411
-483
-1185
-1570
-2218
-3212
-3556
-3357
-2752
-2024
-1991
-1569
-178
800
707
1158
1244
565
644
-306
-1624
-2139
-2896
-2836
-2618
-2674
-2369
-2701
-2508
-1712
-997
-466
-1101
-477
603
424
1174
1051
206
498
282
-329
-307
-233
-276
-205
-294
46
400
436
862
1167
1783
2566
2564
2567
2908
2803
2193
1922
1994
1885
2254
2711
2179
1914
2213
1835
1814
2143
1802
1697
1543
1532
1804
1499
1176
765
634
734
584
605
291
457
491
-815
-1643
-2286
-3072
-2934
-2763
-2991
-3094
-3067
-3321
-3608
-3839
-4392
-4396
-3871
-2854
-1457
-1230
-1441
-727
552
1576
2436
2642
2073
2588
3231
3524
3377
1920
893
178
-277
415
677
-114
-160
501
784
1396
1580
702
52
-38
231
471
131
-304
-561
-929
-1351
-1903
-2279
-2481
-2593
-1916
-1250
-1228
-663
163
407
277
24
-282
-818
-1077
-1138
-1958
-2956
-3206
-2956
-2055
-1203
-1127
-940
-706
405
1739
1972
1794
684
-63
184
437
335
-250
-136
310
215
339
670
-157
-788
147
485
537
1438
1689
1213
1454
2057
1920
1545
1607
1813
2068
2361
2448
2809
3320
3240
3038
2796
2112
1664
1605
1255
725
224
-119
107
372
160
-168
-413
-273
380
608
65
-590
-1445
-2264
-2514
-2349
-2529
-3012
-3091
-2996
-2683
-2299
-2160
-2805
-2972
-1868
-1434
-959
-589
-936
-889
-207
575
770
1307
1763
1520
1552
1820
1632
1573
1634
534
-158
140
403
1034
1489
1479
1294
819
820
1406
1026
409
662
398
105
233
-365
-1196
-1903
-2234
-2200
-2093
-1607
-1298
-1355
-1616
-1427
-760
-823
-1231
-1085
-1075
-1296
-926
-1262
-1992
-2128
-2548
-2699
-2155
-1216
-814
-567
143
322
623
1000
642
186
167
142
-390
-300
472
228
-221
-36
-181
122
1048
1347
1386
1765
2020
2082
1998
1697
1749
1558
1278
1862
2090
2142
2628
2578
2261
2368
2344
2063
2131
1759
955
867
1085
995
1163
1315
454
-67
157
-301
-455
-71
-311
-446
-688
-603
201
-332
-577
-530
-1572
-1601
-1387
-1496
-1745
-2035
-2043
-2411
-2231
-2019
-2367
-2435
-2536
-2387
-1692
-1049
-556
-467
-432
301
730
883
1196
846
489
726
724
262
139
228
-142
-64
496
527
662
948
891
887
961
1043
820
564
487
57
-240
-561
-966
-1318
-1696
-1541
-1539
-1698
-1603
-1382
-946
-814
-790
-808
-1131
-1005
-714
-1032
-872
-7
184
-303
-366
-209
-529
-410
-223
-484
-98
493
829
1079
1313
1549
1024
237
-11
-389
-744
-749
-731
-261
310
579
957
937
778
1022
1029
1119
1456
1495
1636
2068
2288
2229
2114
1961
1969
2087
2209
2144
1750
1954
2268
1802
1486
1169
688
586
456
-28
-616
-833
-1177
-1548
-1155
-826
-945
-962
-991
-1205
-849
-555
-1305
-1713
-1498
-1434
-1139
-716
-1278
-1967
-1416
-1378
-1749
-1057
-987
-1395
-928
-738
-622
-32
75
-122
-209
-32
428
360
212
248
-150
-303
-204
-61
187
389
557
522
589
728
586
218
180
103
-174
34
137
195
-49
-706
-975
-1221
-1197
-861
-1014
-1316
-1158
-1137
-1149
-531
-571
-1177
-1064
-1300
-1499
-814
-711
-849
-623
-652
-489
187
789
594
311
537
837
1511
1915
1366
835
793
763
745
774
447
54
-153
-284
65
619
597
323
588
1398
2050
2273
2350
2218
1975
1968
1804
1446
1443
1423
1154
1019
1344
1420
1223
1426
1084
755
1043
971
707
1008
805
51
103
-463
-867
-975
-1754
-1538
-1529
-1773
-1356
-1241
-1125
-881
-957
-887
-751
-961
-845
-1004
-1253
-1072
-1486
-1775
-1635
-1847
-1966
-1811
-1705
-1494
-1133
-882
-965
-893
-593
-654
-328
-79
-362
56
476
617
935
838
592
348
254
436
178
27
175
-5
120
396
378
15
-355
-368
-688
-571
-238
-691
-751
-522
-349
118
200
-72
-225
-219
-101
-14
-42
-257
-324
-311
-463
-176
-24
-211
254
512
569
1150
1325
1245
1279
1352
1443
1133
1085
1008
477
467
549
418
236
59
210
98
199
809
736
754
1122
1018
1031
1063
1029
978
1057
1129
1015
1106
880
719
678
592
568
776
1020
917
1359
1141
848
815
-36
-275
-674
-1088
-1129
-1429
-1139
-883
-1145
-1113
-1182
-1594
-1506
-1421
-1464
-1179
-1160
-1084
-759
-852
-1001
-1008
-1423
-1648
-1454
-1522
-1533
-1447
-1484
-1363
-1331
-1300
-1079
-1124
-1074
-702
-609
-598
-357
-204
-189
-103
48
81
128
387
561
552
598
602
472
420
512
485
350
453
574
505
634
752
473
262
397
458
372
639
889
537
524
862
597
431
394
-102
-124
173
123
239
173
85
417
456
455
764
644
392
720
686
560
738
418
329
484
504
456
420
453
310
315
335
289
295
387
392
424
608
569
390
221
156
-264
-412
-312
-575
-637
-468
-36
-137
170
762
302
421
634
277
131
66
-81
-244
-314
-287
-255
-552
-785
-813
-1059
-1155
-971
-1058
-1098
-556
-205
-134
157
213
-18
-111
-276
-461
-452
-494
-439
-373
-180
113
-39
-211
-327
-578
-709
-773
-786
-666
-509
-453
-303
-165
-199
-218
-294
-424
-386
-206
-242
-301
-97
-133
-286
-109
-22
-125
-42
97
98
214
402
467
506
549
687
786
804
745
521
466
307
18
111
105
20
151
215
323
400
413
452
407
429
587
642
646
778
829
762
727
571
364
273
120
18
165
147
26
169
141
38
83
-19
-47
-55
-36
143
63
-71
108
-85
-398
-246
-467
-589
-477
-679
-504
-416
-549
-338
-227
-316
-142
54
55
210
334
344
359
294
239
124
-82
-169
-261
-424
-394
-371
-372
-284
-252
-183
-181
-188
-119
-129
-127
-67
-35
-46
-52
-93
-196
-270
-271
-313
-397
-326
-239
-296
-217
-102
-149
-61
18
-56
-17
-39
-80
-103
-231
-230
-236
-307
-250
-259
-264
-197
-258
-251
-185
-171
-75
73
262
391
587
776
742
836
816
615
632
573
471
496
497
487
380
334
319
105
88
126
-17
83
181
107
188
223
133
97
55
-40
-138
-194
-201
-214
-200
-74
-25
41
200
144
180
241
95
89
108
-23
-73
-59
-215
-236
-230
-407
-358
-307
-396
-315
-211
-223
-161
-126
-191
-197
-263
-279
-252
-299
-216
-135
-136
-113
-108
-130
-171
-123
-31
0
121
237
223
215
214
110
9
-26
-64
-47
-14
38
106
67
59
67
-59
-108
-101
-222
-236
-147
-162
-139
-55
-24
-4
29
100
154
116
157
215
110
108
168
36
-4
48
-69
-112
-69
-130
-125
-63
-65
-7
71
89
131
130
75
42
-24
-102
-112
-137
-130
-61
-38
44
171
226
265
365
432
373
397
402
299
275
195
95
50
-73
-167
-207
-296
-323
-285
-267
-209
-92
-30
10
151
161
101
214
173
62
152
103
43
127
43
43
105
-31
-2
42
-63
-3
34
-10
28
21
-26
-37
-56
-104
-115
-99
-115
-103
-90
-123
-122
-134
-180
-162
-154
-153
-72
-51
-47
19
-10
-49
-22
-72
-95
-69
-100
-90
-80
-110
-99
-115
-134
-108
-117
-96
-65
-71
-46
-58
-83
-78
-94
-103
-77
-72
-85
-81
-91
-117
-130
-104
-101
-94
-6
28
44
135
146
111
162
140
81
131
104
66
119
83
81
123
90
108
135
107
130
142
117
116
97
56
49
41
29
69
91
122
190
214
277
321
317
382
371
320
344
249
148
137
-2
-61
-56
-146
-117
-98
-115
-54
-49
-29
20
6
21
53
21
27
44
10
0
-4
-27
-59
-57
-56
-97
-82
-70
-111
-90
-70
-100
-81
-63
-95
-108
-119
-161
-188
-184
-187
-171
-131
-100
-80
-69
-74
-90
-117
-136
-119
-111
-90
-32
-18
-19
8
-21
-55
-46
-71
-84
-48
-45
-35
-7
-18
-29
-33
-47
-46
-34
-15
-4
10
18
5
1
-2
-21
-13
-5
-16
-6
-6
-34
-39
-48
-72
-57
-35
-28
22
60
68
118
131
116
143
127
103
116
92
73
72
37
23
18
-3
-3
-5
0
12
12
36
48
44
73
96
97
126
150
125
123
117
59
49
37
5
11
18
18
27
45
49
55
67
64
68
75
74
76
79
68
56
48
22
-1
-9
-29
-43
-30
-34
-33
-6
-3
3
32
27
24
41
18
1
-1
-37
-52
-56
-84
-81
-78
-88
-72
-62
-55
-33
-19
-8
2
2
-4
-22
-40
-68
-98
-118
-136
-153
-159
-156
-157
-158
-143
-131
-123
-90
-59
-37
8
36
50
68
58
41
23
-19
-39
-56
-90
-88
-84
-104
-88
-76
-89
-70
-54
-59
-37
-17
-13
13
34
37
53
60
47
45
37
18
12
13
9
18
38
50
64
84
90
90
95
91
83
87
87
85
94
97
91
94
87
72
65
56
43
42
44
50
61
72
87
97
94
97
93
72
66
58
38
38
35
21
22
18
3
1
-6
-18
-20
-22
-23
-19
-13
-12
-10
-10
-9
-17
-25
-33
-49
-62
-71
-83
-87
-83
-80
-70
-56
-49
-36
-33
-31
-25
-28
-32
-26
-31
-35
-28
-35
-47
-50
-68
-90
-98
-116
-126
-119
-109
-95
-66
-43
-25
-2
9
12
22
22
17
20
16
3
-1
-9
-23
-27
-32
-38
-34
-27
-22
-12
0
3
9
13
7
1
-1
-8
-12
-12
-13
-13
-8
-4
0
8
16
26
38
44
55
64
65
70
71
61
60
53
41
39
38
35
43
48
54
64
66
66
67
61
56
52
43
43
42
40
43
38
32
29
21
16
14
8
7
11
17
26
33
35
34
29
22
11
3
-5
-10
-12
-13
-14
-17
-23
-29
-38
-43
-46
-45
-43
-35
-24
-16
-11
-9
-13
-15
-17
-22
-23
-26
-32
-34
-38
-46
-48
-52
-55
-54
-52
-49
-44
-40
-36
-36
-38
-42
-48
-55
-58
-60
-63
-61
-61
-63
-59
-56
-51
-38
-27
-13
2
10
18
23
22
25
26
22
20
15
9
7
5
0
1
-1
-2
3
6
12
19
26
32
38
43
47
49
51
52
51
50
49
48
50
51
55
60
67
74
79
82
81
80
78
73
69
65
62
57
50
44
35
26
16
8
2
-1
-1
-1
2
5
8
9
8
8
7
4
1
0
0
-3
-6
-12
-19
-26
-31
-35
-37
-40
-43
-41
-40
-35
-34
-32
-30
-29
-30
-30
-34
-38
-44
-50
-57
-65
-68
-71
-71
-69
-63
-59
-54
-47
-40
-35
-30
-26
-20
-16
-14
-12
-12
-13
-14
-16
-20
-22
-24
-27
-28
-27
-28
-24
-20
-17
-11
-7
-3
0
2
5
6
6
7
8
8
9
10
12
13
14
13
13
16
22
29
36
41
43
45
45
45
42
39
33
29
26
24
22
21
19
20
20
24
29
34
41
47
52
56
58
59
57
55
53
49
45
41
36
31
27
21
18
15
15
15
16
17
19
19
18
15
13
7
2
-3
-10
-17
-23
-27
-34
-37
-41
-41
-41
-39
-35
-33
-28
-24
-19
-16
-13
-11
-12
-13
-15
-17
-22
-27
-33
-40
-46
-53
-56
-57
-55
-51
-48
-45
-42
-38
-34
-29
-26
-25
-25
-25
-25
-25
-25
-26
-25
-26
-24
-23
-23
-20
-18
-16
-13
-9
-6
-3
1
3
5
3
3
0
0
-4
-3
-3
-2
0
4
8
14
19
27
32
37
42
45
47
48
47
46
45
43
42
41
38
37
34
33
32
32
32
32
33
34
34
34
33
31
32
31
31
30
29
28
28
27
25
23
21
19
17
16
13
11
10
6
4
2
1
2
0
-1
-2
-4
-7
-11
-13
-16
-19
-21
-23
-25
-27
-29
-30
-30
-30
-30
-29
-29
-28
-28
-28
-29
-31
-32
-35
-35
-37
-39
-40
-40
-41
-41
-41
-40
-39
-38
-36
-35
-32
-31
-30
-28
-28
-26
-27
-25
-23
-21
-19
-16
-12
-7
-4
1
4
8
11
15
17
18
20
20
23
24
25
26
27
27
28
28
28
28
29
30
29
28
27
25
24
21
21
18
18
19
18
19
20
20
22
23
24
26
25
24
25
22
20
19
16
14
10
7
4
4
2
1
0
2
3
1
3
2
4
3
3
3
2
1
1
0
-2
-1
-2
-4
-4
-5
-7
-8
-6
-8
-8
-9
-9
-11
-11
-10
-12
-13
-14
-17
-16
-19
-19
-21
-21
-23
-22
-21
-21
-21
-19
-18
-17
-15
-14
-13
-12
-11
-11
-12
-13
-14
-15
-16
-16
-17
-17
-16
-16
-15
-14
-12
-8
-6
-3
-2
0
0
0
1
2
3
5
7
9
9
9
9
9
10
10
9
8
9
10
13
16
17
17
18
19
21
21
21
21
21
21
20
20
18
16
14
13
11
9
9
9
8
9
9
10
10
12
12
12
12
10
10
10
9
8
8
7
7
6
6
7
7
8
8
9
9
8
8
6
4
0
-2
-7
-8
-12
-13
-14
-16
-17
-17
-19
-19
-20
-19
-19
-16
-16
-16
-15
-15
-15
-14
-16
-16
-17
-17
-17
-18
-18
-20
-21
-22
-22
-22
-19
-18
-14
-11
-9
-7
-6
-6
-5
-5
-5
-5
-5
-6
-6
-6
-6
-6
-5
-2
-2
1
3
3
5
5
6
7
8
9
10
10
11
9
9
10
12
12
14
15
17
18
20
19
19
21
21
21
20
17
15
15
13
12
12
11
10
9
7
7
6
5
7
6
6
6
5
5
5
4
5
5
4
4
3
1
0
-2
-3
-4
-5
-6
-7
-8
-8
-9
-9
-9
-8
-8
-8
-7
-7
-6
-7
-6
-6
-6
-7
-8
-9
-9
-10
-8
-8
-7
-6
-5
-4
-6
-5
-7
-7
-9
-9
-10
-11
-12
-13
-12
-13
-12
-10
-10
-8
-7
-5
-3
-1
3
4
6
8
9
10
10
8
8
6
4
3
2
2
1
1
1
0
1
1
0
1
1
2
2
2
2
2
2
2
3
3
4
5
7
8
9
9
9
9
10
9
9
9
10
8
8
6
3
2
2
1
-2
-2
-3
-2
-3
-3
-3
-4
-4
-4
-4
-5
-5
-4
-4
-3
-2
-2
0
1
1
1
1
0
0
0
-1
-4
-4
-4
-6
-6
-5
-4
-2
0
1
1
4
5
6
7
8
7
7
6
6
6
5
4
3
3
1
2
2
0
0
-1
-1
-3
-4
-4
-5
-7
-6
-6
-8
-9
-8
-8
-8
-6
-5
-3
-2
-1
0
-1
1
1
1
1
2
0
0
-1
-2
-2
-1
-2
-2
-1
-2
-2
0
-1
-1
-3
-2
-2
0
-1
0
-1
0
0
0
1
-1
0
1
1
1
1
1
2
1
1
1
2
3
3
3
1
2
2
2
2
3
1
0
0
0
0
-1
-1
0
-1
0
0
0
-1
1
2
4
3
2
3
3
2
1
3
3
3
1
0
-2
-1
-1
-3
-2
-2
-2
-1
-2
0
0
0
0
0
1
2
2
3
3
3
3
3
1
1
0
0
0
0
0
-1
1
-2
-1
-3
-2
-3
-3
-3
-4
-3
-3
-3
-4
-6
-6
-6
-4
-3
-2
-3
-3
-2
-2
-1
0
0
0
0
1
2
2
3
3
2
3
3
2
2
1
1
1
1
0
1
1
2
3
2
2
3
2
2
2
2
2
1
0
0
0
-1
0
-2
-1
-2
-1
-1
-1
0
0
0
0
-1
0
0
1
1
1
2
1
1
0
0
0
0
-1
-2
-1
-1
-1
-1
-2
-2
-4
-3
-3
-3
-4
-4
-4
-4
-2
-2
0
0
0
1
2
2
2
2
2
2
2
1
1
1
1
1
2
3
2
2
2
2
4
3
2
3
4
2
2
1
1
1
1
1
0
-1
-1
-2
-2
-2
-3
-4
-3
-3
-5
-4
-4
-4
-4
-2
-2
0
0
0
0
0
0
0
1
0
0
0
-1
0
-2
-2
-2
-1
-1
-1
-1
