SAMPLES:	17736
BITSPERSAMPLE:	16
CHANNELS:	1
SAMPLERATE:	16000
NORMALIZED:	FALSE
6
8
7
5
4
1
-3
-3
-4
-3
2
10
18
21
20
17
13
7
2
-1
1
4
4
2
0
0
-4
-5
-6
-7
-9
-9
-9
-8
-9
-9
-11
-16
-17
-19
-21
-21
-17
-13
-9
-2
2
4
6
4
-1
-3
-9
-10
-9
-7
-1
5
10
14
15
13
10
9
8
11
13
16
16
13
11
10
9
8
8
8
7
6
4
0
-3
-4
-4
-1
2
3
4
3
0
1
1
4
5
5
3
-1
-6
-9
-10
-11
-10
-8
-7
-6
-7
-6
-6
-1
1
3
3
1
-2
-2
-3
-4
-4
-3
-2
1
2
1
0
0
-3
-4
-5
-9
-10
-8
-3
0
2
2
0
-2
-2
-1
3
7
8
6
2
-2
-4
-6
-5
-4
-2
-2
1
4
6
8
9
5
3
0
-1
0
0
-1
0
3
5
9
8
7
5
2
1
-4
-6
-9
-9
-5
0
6
12
17
18
15
10
5
0
-4
-9
-11
-13
-12
-11
-8
-4
0
3
3
2
-2
-6
-9
-10
-10
-7
-5
-1
3
7
9
10
8
4
2
-1
-3
-1
1
5
8
10
9
7
5
6
5
5
4
0
-6
-10
-11
-9
-4
0
1
0
-2
-3
-4
-3
-1
-1
-1
-1
-4
-5
-6
-9
-10
-9
-9
-6
-4
0
6
9
7
2
-2
-2
-2
-2
-2
1
2
3
1
1
1
1
2
5
8
10
11
10
8
5
3
2
1
0
-2
-3
-5
-5
-2
0
3
3
2
0
-4
-5
-5
-5
-2
0
0
0
-1
-1
-1
1
1
0
-1
-1
-1
0
2
6
7
9
9
6
3
0
-1
-3
-3
-2
-2
-2
-2
-1
0
0
2
0
0
-2
-5
-6
-7
-7
-5
-5
-3
-2
0
1
3
4
5
3
3
2
1
0
-2
-4
-3
-2
-1
-1
-1
-3
-4
-1
1
2
1
1
-1
-2
-1
-1
0
2
2
3
1
-1
-4
-7
-8
-8
-6
-3
1
4
7
7
6
4
4
4
5
6
6
7
8
12
15
17
15
10
5
0
-4
-4
-3
-1
0
2
1
-3
-4
-7
-9
-12
-15
-18
-22
-23
-20
-14
-6
-1
1
1
-1
-2
-4
-7
-8
-9
-6
-4
-1
1
5
4
4
3
2
3
4
7
10
10
8
5
5
4
5
4
5
4
3
5
7
10
14
14
11
6
0
-6
-9
-8
-8
-3
0
3
2
-1
-2
-4
-4
-2
-3
-4
-5
-6
-6
-3
-3
-2
-2
0
0
-1
-3
-5
-5
-3
-2
2
3
3
0
-4
-5
-6
-7
-9
-9
-6
-3
-3
-2
-3
-4
-6
-7
-4
4
10
17
22
22
21
17
12
6
1
-4
-4
-2
2
6
11
13
14
12
7
1
-5
-10
-13
-11
-9
-6
-1
2
6
7
6
4
1
-2
-3
-4
-4
-6
-7
-7
-7
-6
-4
-3
0
0
-1
-5
-8
-9
-6
-3
2
4
7
7
6
-1
-8
-13
-14
-11
-8
-2
3
7
10
11
9
5
2
0
-3
-3
-3
-1
4
9
13
14
13
11
9
8
5
3
0
-1
0
-1
-1
-1
-3
-3
-3
-5
-5
-5
-6
-7
-7
-5
-3
-2
-1
1
3
2
1
3
4
4
0
-1
0
1
2
0
-2
-5
-6
-7
-6
-4
-1
-1
1
2
3
6
8
10
11
8
5
0
-2
-5
-6
-6
-8
-7
-5
-5
-3
-1
1
2
1
-1
-3
-5
-6
-4
-1
3
7
7
7
5
3
1
-2
-1
0
1
1
2
2
0
-2
-4
-5
-5
-4
-3
0
1
1
2
0
0
-3
-4
-4
-4
-4
-1
-1
1
1
1
2
1
4
3
4
4
5
3
1
1
2
2
1
2
5
7
10
12
12
11
8
4
0
-3
-6
-10
-12
-12
-12
-9
-8
-9
-8
-7
-3
0
3
6
5
3
2
-1
-4
-6
-7
-7
-6
-3
-1
2
5
7
8
6
5
1
-1
-2
0
0
-1
-5
-8
-8
-6
-4
-1
0
2
2
3
3
1
1
1
1
2
3
4
4
6
7
9
10
9
7
3
1
-3
-5
-6
-6
-6
-5
-6
-4
-4
-3
-2
0
0
0
1
-1
-2
-2
-1
-3
-1
-1
1
2
4
6
6
5
4
2
0
-2
-3
-6
-6
-6
-3
-1
0
-1
-3
-5
-6
-4
-2
-1
2
2
4
4
5
3
3
3
4
5
6
8
9
10
10
11
9
8
5
3
2
1
0
1
1
1
-1
-2
-5
-8
-13
-14
-17
-15
-16
-13
-12
-10
-8
-6
-6
-4
-5
-4
-4
-3
-3
-5
-6
-7
-5
-2
1
4
6
7
4
2
0
0
-1
-2
-1
1
6
13
17
16
11
4
-1
-3
-1
1
6
10
15
16
14
10
6
3
2
1
-1
-1
0
-1
-1
0
1
3
3
4
4
3
0
-3
-2
-1
0
4
5
4
0
-4
-8
-11
-11
-10
-9
-8
-5
-4
-3
-4
-6
-8
-10
-9
-9
-8
-7
-5
-4
-4
-5
-5
-4
0
3
5
6
3
1
1
0
2
1
1
3
3
5
8
10
13
12
11
8
6
4
4
4
3
4
3
3
1
-1
-3
-5
-6
-6
-7
-7
-8
-7
-6
-8
-8
-8
-7
-4
-3
1
2
5
6
5
4
2
-1
-1
0
0
2
2
0
0
-3
-4
-4
-4
-3
-3
-1
0
1
1
0
0
1
2
0
2
2
4
4
4
6
6
8
9
8
5
3
-1
-6
-7
-7
-6
-3
3
4
5
5
3
-1
-2
-3
-4
-3
-1
0
4
4
6
6
7
6
8
7
5
0
-4
-7
-9
-8
-5
-2
1
1
0
-2
-4
-5
-5
-4
-2
-1
0
1
1
0
-1
-3
-3
-4
-4
-5
-5
-6
-6
-5
-4
-3
-3
-4
-6
-7
-5
-3
0
1
0
0
1
3
4
6
7
9
9
9
8
7
5
6
7
7
5
3
3
4
5
5
3
0
-5
-7
-8
-9
-7
-5
-3
-3
-2
-2
-3
-2
-2
0
1
2
1
0
-1
-2
-4
-5
-7
-8
-9
-8
-7
-5
-3
1
3
5
4
5
3
3
1
0
0
2
3
5
3
3
3
4
5
8
6
5
4
4
4
5
3
2
1
1
1
2
5
5
6
6
5
2
0
-4
-5
-7
-8
-8
-7
-6
-4
-3
-2
-2
-2
-3
-5
-6
-7
-7
-7
-6
-6
-4
-3
-3
-1
0
1
2
3
3
3
1
1
-1
-1
-1
1
1
3
4
6
8
10
9
8
9
7
4
1
-4
-9
-12
-18
-21
-21
-20
-16
-9
-3
4
9
10
12
8
4
-1
-5
-8
-9
-8
-4
1
7
13
17
20
22
22
19
16
11
6
3
0
-2
-3
-3
-1
2
6
7
7
4
2
-1
-3
-7
-12
-18
-21
-24
-22
-21
-14
-9
-2
5
10
13
10
8
2
-1
-5
-7
-9
-9
-7
-4
1
2
4
5
2
0
1
3
3
4
6
7
5
0
-2
0
4
4
5
4
3
3
2
0
-2
-6
-9
-12
-10
-8
-7
-5
-3
-1
1
3
5
6
6
7
10
11
13
12
12
10
6
2
-2
-5
-6
-7
-7
-6
-5
-5
-4
-4
-4
-3
0
1
2
4
4
5
3
2
0
-1
-1
-1
-1
-2
-3
-3
-3
-2
-3
-6
-7
-8
-7
-6
-4
-1
1
3
5
6
7
9
8
8
9
9
9
8
7
5
5
2
1
0
-1
-4
-5
-8
-9
-9
-7
-5
-3
-3
-5
-7
-9
-10
-8
-5
-2
-3
-7
-10
-11
-11
-7
-6
-3
1
3
0
-1
0
1
1
1
5
11
16
23
29
32
32
30
24
20
16
12
7
2
-4
-6
-3
0
3
4
2
-2
-6
-8
-11
-9
-11
-9
-8
-5
-3
-2
-1
-5
-5
-5
-4
-3
-4
-5
-8
-10
-11
-12
-12
-12
-12
-12
-13
-10
-6
-2
1
1
-1
-2
0
4
9
12
12
9
4
1
-2
-3
-4
-1
2
4
4
3
3
3
3
3
5
7
10
13
17
19
20
17
10
5
0
-3
-4
-5
-6
-9
-13
-15
-16
-16
-14
-15
-17
-19
-19
-16
-13
-14
-18
-22
-24
-25
-28
-33
-40
-44
-50
-53
-61
-76
-93
-106
-113
-115
-101
-69
-23
27
80
149
231
326
452
621
823
1043
1266
1500
1764
2041
2272
2412
2462
2425
2289
2053
1712
1283
822
352
-129
-609
-1091
-1579
-2090
-2622
-3136
-3610
-3967
-4174
-4323
-4436
-4459
-4423
-4338
-4198
-4027
-3822
-3567
-3280
-2965
-2616
-2236
-1833
-1411
-978
-554
-151
232
604
962
1303
1600
1860
2118
2357
2575
2788
2970
3151
3328
3455
3549
3602
3573
3470
3300
3072
2810
2511
2166
1795
1410
1022
628
236
-135
-503
-873
-1224
-1547
-1838
-2075
-2247
-2349
-2393
-2373
-2249
-2028
-1716
-1299
-814
-304
227
744
1257
1795
2291
2714
3089
3367
3559
3720
3797
3771
3638
3354
2976
2494
1853
1157
436
-354
-1145
-1919
-2679
-3395
-4060
-4648
-5158
-5593
-5940
-6176
-6248
-6193
-6020
-5690
-5303
-4827
-4209
-3573
-2863
-2062
-1334
-619
79
687
1306
1922
2462
2961
3366
3651
3859
3992
4070
4095
4069
3988
3849
3671
3462
3223
2968
2697
2403
2076
1716
1318
890
450
12
-422
-852
-1277
-1693
-2096
-2493
-2879
-3248
-3580
-3860
-4074
-4216
-4285
-4282
-4210
-4068
-3825
-3450
-2918
-2269
-1553
-797
-17
785
1626
2503
3414
4309
5153
5954
6674
7289
7826
8238
8521
8691
8713
8637
8394
7958
7440
6734
5859
4923
3789
2578
1374
10
-1341
-2627
-4025
-5353
-6597
-7900
-9074
-10035
-10920
-11638
-12076
-12448
-12693
-12535
-12239
-11818
-11004
-10149
-9179
-7862
-6599
-5228
-3605
-2149
-625
1009
2379
3717
5016
6017
6968
7840
8456
9007
9419
9558
9591
9469
9117
8711
8239
7653
7048
6421
5720
4998
4268
3491
2711
1967
1151
324
-455
-1278
-2104
-2811
-3535
-4312
-4933
-5611
-6292
-6728
-7199
-7580
-7721
-7929
-7935
-7642
-7408
-6871
-6058
-5355
-4304
-3075
-1924
-449
1066
2482
4078
5545
6888
8284
9476
10556
11503
12165
12632
12816
12723
12427
11788
10882
9801
8399
6817
5192
3299
1385
-467
-2543
-4455
-6190
-8132
-9679
-10953
-12409
-13247
-13820
-14585
-14581
-14439
-14475
-13641
-12848
-12192
-10641
-9365
-8209
-6290
-4855
-3494
-1633
-406
773
2385
3407
4340
5624
6328
6786
7624
7949
7912
8454
8485
8096
8413
8158
7555
7628
7145
6425
6265
5657
4902
4599
3954
3166
2600
1811
846
5
-835
-1863
-2703
-3495
-4556
-5268
-5926
-6785
-7101
-7422
-7831
-7653
-7556
-7414
-6625
-5942
-5117
-3692
-2479
-1131
627
2053
3604
5302
6633
8102
9501
10561
11617
12343
12712
12928
12741
12368
11725
10645
9540
7997
6118
4403
2190
-64
-2043
-4456
-6610
-8426
-10601
-12241
-13468
-14946
-15688
-16150
-16795
-16547
-16119
-15755
-14498
-13251
-12045
-10091
-8344
-6643
-4451
-2653
-940
1013
2573
4030
5551
6625
7570
8504
9054
9558
10008
10106
10155
10145
9829
9478
9088
8413
7810
7252
6464
5860
5237
4336
3603
2772
1747
975
81
-917
-1783
-2814
-3861
-4837
-5819
-6721
-7563
-8258
-8871
-9362
-9537
-9682
-9591
-9115
-8688
-7918
-6815
-5879
-4479
-2928
-1617
256
2039
3647
5829
7575
9156
11136
12397
13588
14973
15424
15934
16422
15984
15804
15286
13957
12903
11312
9212
7365
4886
2300
11
-2807
-5323
-7698
-10381
-12489
-14622
-16503
-17668
-18986
-19555
-19388
-19455
-18750
-17765
-17169
-15648
-14018
-12780
-10576
-8450
-6812
-4335
-2234
-699
1615
3398
4650
6595
7841
8566
9846
10403
10648
11410
11417
11208
11447
10974
10426
10287
9480
8695
8323
7365
6492
5950
4854
3808
3001
1747
595
-399
-1711
-2845
-3875
-5110
-6114
-7051
-8106
-8896
-9604
-10268
-10631
-10875
-10887
-10543
-10106
-9332
-8177
-7006
-5549
-3749
-2026
-56
2089
4039
6176
8361
10216
12216
14188
15534
16920
18036
18274
18510
18464
17639
16812
15853
14020
12146
10338
7614
5106
2712
-528
-3290
-5824
-8996
-11526
-13728
-16350
-18055
-19106
-20288
-20530
-20178
-20125
-19400
-18187
-17482
-16148
-14236
-12980
-10963
-8460
-6897
-4575
-2036
-542
1679
3779
4847
6616
8065
8643
9878
10588
10709
11354
11511
11420
11578
11345
10926
10475
9871
9168
8314
7587
6766
5718
4963
4030
2847
2069
975
-347
-1202
-2401
-3705
-4492
-5624
-6770
-7462
-8366
-9200
-9629
-10092
-10517
-10458
-10299
-10051
-9214
-8287
-7328
-5795
-4193
-2670
-646
1349
3129
5377
7413
9161
11261
12993
14387
15923
16928
17485
17973
17859
17351
16756
15575
14041
12419
10321
7997
5586
2984
225
-2677
-5302
-8000
-10810
-12706
-14863
-17070
-17694
-18960
-19920
-19079
-19512
-19380
-17776
-17564
-16525
-14394
-13400
-11692
-9375
-7870
-5902
-3687
-1856
6
1976
3778
5109
6697
8145
8900
10104
10947
11129
11815
12029
11827
12022
11686
11097
10834
10126
9324
8787
7849
6807
5885
4772
3586
2494
1391
50
-1162
-2302
-3730
-4865
-5901
-7293
-8203
-9027
-10129
-10476
-10805
-11261
-10946
-10703
-10479
-9561
-8716
-7765
-6128
-4641
-3036
-869
994
3019
5389
7350
9436
11586
13200
14828
16287
17137
17913
18305
18112
17920
17311
16146
14954
13302
11207
9128
6649
3897
1296
-1556
-4477
-7069
-9684
-12265
-14410
-16332
-18045
-19139
-19770
-20216
-20149
-19694
-19275
-18520
-17391
-16346
-14961
-13133
-11474
-9594
-7354
-5488
-3557
-1224
577
2332
4522
5964
7268
9071
9915
10644
11910
12086
12244
12917
12517
12241
12409
11602
10983
10699
9619
8725
8099
6884
5849
5004
3693
2515
1496
111
-1155
-2256
-3662
-4992
-6063
-7282
-8434
-9185
-9953
-10676
-10882
-11003
-11198
-10811
-10223
-9767
-8705
-7414
-6327
-4575
-2660
-1083
1194
3501
5242
7616
9838
11363
13370
15089
16059
17258
18089
18125
18281
18072
17161
16308
15074
13247
11287
9098
6592
3810
1138
-1650
-4748
-7383
-9975
-12690
-14677
-16570
-18307
-19093
-19842
-20286
-19857
-19745
-19309
-18241
-17565
-16280
-14643
-13241
-11167
-9241
-7436
-5124
-3230
-1278
936
2622
4376
6153
7350
8654
9867
10549
11319
11843
11946
12093
12049
11723
11433
11096
10443
9820
9232
8229
7373
6537
5248
4335
3408
1971
1035
-35
-1579
-2649
-3899
-5362
-6380
-7553
-8563
-9159
-9969
-10456
-10527
-10756
-10647
-10076
-9510
-8696
-7533
-6232
-4844
-3174
-1340
336
2341
4474
6268
8375
10404
11891
13599
15024
15859
16928
17504
17578
17786
17195
16380
15522
13778
12163
10252
7638
5437
2795
-206
-2653
-5490
-8348
-10500
-12952
-15123
-16539
-18123
-19083
-19407
-19821
-19708
-19237
-18860
-18114
-17006
-15950
-14540
-12805
-11192
-9335
-7227
-5231
-3237
-1027
972
2708
4637
6239
7471
8968
9997
10624
11579
11967
11968
12303
12080
11569
11374
10706
9868
9365
8555
7608
6932
6006
4881
3955
2876
1615
529
-683
-2080
-3290
-4514
-5837
-6852
-7762
-8748
-9376
-9765
-10172
-10195
-9859
-9576
-8943
-7996
-7094
-5889
-4367
-2928
-1266
698
2389
4343
6303
7987
9981
11577
13073
14601
15624
16478
17140
17414
17321
17052
16298
15177
13811
11938
9884
7539
4885
2282
-519
-3339
-5853
-8489
-10916
-12951
-15115
-16724
-17885
-19074
-19453
-19579
-19809
-19234
-18670
-18190
-16870
-15718
-14601
-12728
-11141
-9579
-7341
-5481
-3723
-1402
491
2163
4299
5918
7203
8840
9870
10519
11483
11854
11907
12275
12103
11700
11588
11030
10330
9906
9102
8199
7513
6505
5364
4375
3161
1876
703
-636
-2036
-3339
-4647
-5897
-7014
-8037
-8941
-9651
-10156
-10481
-10499
-10256
-9879
-9212
-8290
-7232
-5878
-4350
-2734
-920
932
2821
4854
6805
8668
10543
12208
13683
15077
16144
16934
17507
17654
17497
16993
16080
14887
13303
11518
9438
6966
4675
2005
-934
-3198
-5911
-8720
-10498
-12761
-14928
-15971
-17401
-18530
-18638
-19047
-19207
-18687
-18414
-18005
-17007
-16029
-15080
-13580
-11949
-10542
-8637
-6541
-4830
-2723
-485
1283
3326
5381
6845
8430
9919
10773
11685
12497
12718
13008
13214
12859
12589
12283
11552
10927
10274
9251
8303
7306
6008
4764
3497
2036
662
-723
-2211
-3566
-4884
-6241
-7420
-8426
-9413
-10190
-10648
-11016
-11089
-10750
-10433
-9820
-8830
-7964
-6722
-5112
-3698
-1882
132
1869
3968
6109
7898
9924
11799
13281
14869
16108
16911
17703
17996
17863
17632
16834
15706
14377
12519
10526
8300
5677
3178
539
-2201
-4602
-7045
-9389
-11304
-13227
-14976
-16278
-17504
-18456
-18886
-19197
-19327
-19032
-18644
-18222
-17460
-16455
-15473
-14138
-12339
-10739
-8865
-6443
-4602
-2584
40
1869
3838
6254
7702
9246
10946
11697
12624
13511
13567
13841
13994
13486
13188
12721
11783
11086
10233
9037
8093
6940
5536
4364
2965
1414
135
-1341
-2854
-4032
-5389
-6682
-7659
-8808
-9758
-10377
-11022
-11343
-11351
-11227
-10801
-10090
-9216
-8154
-6850
-5403
-3824
-1974
2
2029
4216
6423
8557
10777
12855
14693
16431
17726
18561
19086
19104
18762
18177
17192
15883
14238
12238
10036
7643
5072
2465
-178
-2799
-5313
-7700
-9844
-11736
-13461
-14911
-16176
-17288
-18071
-18661
-19014
-19046
-18962
-18647
-18116
-17458
-16473
-15341
-13978
-12266
-10570
-8633
-6413
-4393
-2168
185
2182
4314
6388
7949
9593
11036
11887
12815
13434
13453
13639
13525
12928
12556
11886
10896
10137
9141
7956
6993
5724
4385
3285
1876
559
-597
-2031
-3304
-4427
-5727
-6827
-7702
-8695
-9397
-9813
-10304
-10413
-10289
-10244
-9771
-9045
-8344
-7169
-5828
-4541
-2820
-991
815
2985
5157
7224
9432
11501
13345
15125
16644
17726
18473
18852
18751
18346
17666
16504
15029
13279
11122
8793
6356
3737
1180
-1291
-3726
-5998
-8099
-10073
-11864
-13469
-14922
-16148
-17126
-17940
-18418
-18618
-18783
-18590
-18184
-17851
-17024
-15952
-14948
-13367
-11722
-10214
-8089
-6027
-4159
-1747
395
2231
4485
6358
7834
9542
10713
11447
12372
12804
12889
13161
12997
12553
12257
11560
10637
9845
8819
7681
6629
5412
4170
2969
1683
451
-799
-2089
-3287
-4531
-5677
-6641
-7550
-8308
-8979
-9450
-9778
-10019
-9777
-9550
-9211
-8151
-7468
-6593
-4807
-3601
-2066
303
1994
4108
6657
8493
10758
13009
14519
16291
17661
18245
18805
18783
18225
17675
16578
15081
13566
11486
9190
7022
4374
1737
-551
-3197
-5582
-7456
-9638
-11484
-12836
-14532
-15816
-16609
-17747
-18349
-18428
-18822
-18725
-18240
-18093
-17432
-16328
-15512
-14162
-12351
-10902
-8999
-6739
-4935
-2787
-374
1445
3490
5661
7065
8580
10091
10800
11625
12396
12437
12616
12735
12247
11889
11490
10638
9937
9202
8094
7087
6073
4790
3631
2501
1181
-27
-1192
-2475
-3621
-4655
-5690
-6559
-7329
-8056
-8602
-9007
-9284
-9312
-9129
-8754
-8171
-7364
-6336
-5126
-3722
-2098
-316
1616
3652
5754
7827
9835
11809
13531
15006
16280
17088
17500
17721
17439
16745
15902
14501
12810
11130
8996
6757
4641
2198
-229
-2415
-4805
-6902
-8707
-10610
-12066
-13495
-14940
-15853
-16892
-17725
-17951
-18375
-18517
-18072
-17882
-17348
-16197
-15320
-14061
-12226
-10737
-8897
-6582
-4724
-2632
-288
1498
3416
5444
6852
8275
9667
10423
11159
11836
11978
12097
12105
11671
11231
10722
9960
9213
8414
7411
6434
5425
4285
3229
2187
1054
-29
-1108
-2183
-3228
-4224
-5096
-5946
-6711
-7285
-7838
-8269
-8401
-8462
-8337
-7860
-7275
-6497
-5380
-4159
-2753
-1057
687
2510
4501
6407
8237
10084
11723
13155
14472
15457
16083
16483
16450
15998
15333
14272
12848
11361
9581
7522
5530
3388
1116
-917
-3024
-5137
-6868
-8659
-10466
-11858
-13368
-14811
-15735
-16787
-17674
-17932
-18338
-18510
-18040
-17748
-17159
-15951
-14885
-13539
-11709
-10029
-8135
-5885
-3902
-1887
295
2116
3938
5824
7320
8654
9862
10639
11166
11573
11658
11516
11299
10875
10255
9677
9000
8156
7412
6595
5593
4716
3803
2789
1929
999
-26
-880
-1791
-2726
-3421
-4147
-4870
-5347
-5845
-6295
-6440
-6579
-6594
-6257
-5878
-5297
-4337
-3372
-2166
-637
852
2569
4463
6179
8021
9822
11318
12773
13948
14750
15383
15633
15503
15118
14355
13284
11951
10323
8514
6539
4469
2427
272
-1832
-3839
-5902
-7744
-9451
-11174
-12584
-13903
-15211
-16150
-16963
-17651
-17865
-17975
-18004
-17537
-17005
-16357
-15141
-13917
-12606
-10821
-9165
-7379
-5188
-3271
-1311
858
2571
4290
6090
7350
8534
9604
10133
10607
10926
10874
10809
10592
10122
9617
9057
8312
7524
6785
5904
4984
4146
3203
2284
1449
520
-364
-1145
-1945
-2644
-3249
-3849
-4322
-4709
-5070
-5271
-5337
-5317
-5085
-4698
-4205
-3478
-2615
-1646
-388
983
2405
4019
5588
7059
8585
9917
11065
12166
12954
13522
13947
13965
13738
13308
12425
11360
10119
8482
6765
4924
2763
690
-1391
-3638
-5628
-7540
-9529
-11184
-12733
-14282
-15445
-16469
-17391
-17823
-18056
-18180
-17852
-17339
-16726
-15693
-14506
-13296
-11720
-10027
-8377
-6449
-4480
-2662
-714
1128
2756
4434
5912
7113
8255
9109
9693
10229
10490
10530
10522
10226
9772
9342
8698
8029
7427
6647
5919
5258
4413
3643
2927
2063
1288
531
-366
-1150
-1908
-2761
-3473
-4151
-4880
-5418
-5852
-6209
-6244
-6127
-5901
-5337
-4559
-3623
-2376
-1003
420
2006
3601
5131
6728
8246
9580
10857
11974
12838
13555
14023
14147
14061
13698
12991
12088
10946
9520
7997
6315
4450
2570
575
-1527
-3528
-5535
-7526
-9365
-11154
-12850
-14372
-15754
-16871
-17659
-18182
-18440
-18423
-18158
-17714
-17074
-16222
-15173
-13847
-12277
-10592
-8760
-6860
-4952
-2964
-1008
784
2490
4032
5348
6529
7494
8257
8931
9366
9554
9613
9443
9113
8707
8177
7629
7068
6441
5862
5294
4741
4285
3844
3405
3006
2539
2027
1526
953
343
-270
-953
-1630
-2252
-2847
-3323
-3679
-3924
-4001
-3914
-3646
-3139
-2433
-1541
-467
740
2038
3394
4773
6151
7490
8746
9879
10837
11595
12134
12452
12530
12341
11886
11179
10221
9060
7735
6264
4649
2891
1009
-939
-2913
-4888
-6835
-8700
-10456
-12141
-13720
-15116
-16291
-17173
-17716
-17993
-18015
-17745
-17279
-16624
-15658
-14513
-13212
-11617
-9930
-8179
-6217
-4319
-2439
-472
1261
2872
4452
5691
6793
7789
8407
8920
9328
9412
9473
9419
9053
8679
8166
7435
6821
6147
5378
4776
4109
3430
2911
2320
1779
1358
839
358
-67
-565
-982
-1366
-1773
-2078
-2349
-2542
-2542
-2492
-2328
-1952
-1503
-882
-53
832
1860
2982
4097
5289
6462
7581
8694
9684
10541
11256
11704
11926
11934
11673
11146
10345
9240
7854
6276
4529
2573
513
-1607
-3852
-6083
-8216
-10356
-12376
-14222
-15981
-17377
-18340
-19048
-19296
-19166
-18888
-18234
-17282
-16169
-14701
-13059
-11347
-9403
-7409
-5379
-3221
-1145
814
2677
4286
5720
7001
7996
8800
9439
9767
9904
9926
9707
9421
9113
8569
7986
7414
6662
5959
5295
4523
3868
3250
2555
1981
1382
715
165
-422
-1041
-1547
-2076
-2593
-2985
-3351
-3636
-3793
-3895
-3883
-3681
-3356
-2864
-2147
-1253
-214
1000
2334
3714
5101
6468
7770
8974
10065
11006
11762
12295
12600
12681
12514
12068
11366
10402
9206
7810
6257
4537
2618
548
-1632
-3893
-6103
-8243
-10338
-12277
-14083
-15740
-17032
-17966
-18593
-18849
-18851
-18604
-18034
-17289
-16320
-15002
-13524
-11832
-9884
-7919
-5857
-3674
-1642
343
2258
3887
5409
6818
7946
8964
9770
10217
10542
10656
10476
10261
9898
9309
8704
7953
7112
6374
5572
4728
3932
3071
2209
1399
608
-148
-890
-1600
-2262
-2851
-3378
-3883
-4298
-4597
-4826
-4920
-4854
-4596
-4120
-3471
-2655
-1633
-478
815
2269
3778
5296
6818
8241
9541
10723
11718
12546
13183
13574
13730
13592
13114
12366
11319
9988
8456
6707
4759
2701
486
-1814
-4106
-6440
-8721
-10866
-12947
-14846
-16482
-17861
-18831
-19431
-19741
-19666
-19317
-18778
-17960
-16920
-15623
-14017
-12223
-10279
-8182
-6048
-3870
-1668
455
2500
4423
6141
7697
9042
10139
11026
11636
11976
12110
12020
11775
11403
10851
10167
9368
8445
7484
6527
5560
4629
3700
2755
1862
991
125
-681
-1483
-2292
-3062
-3816
-4512
-5097
-5561
-5894
-6078
-6104
-5953
-5614
-5072
-4327
-3372
-2235
-941
500
2040
3632
5240
6815
8341
9773
11050
12180
13073
13635
13904
13863
13489
12823
11824
10547
9065
7348
5448
3434
1296
-915
-3164
-5425
-7661
-9832
-11877
-13786
-15521
-16970
-18093
-18852
-19229
-19318
-19141
-18701
-18057
-17183
-16024
-14589
-12913
-11041
-9043
-6971
-4834
-2680
-571
1449
3332
5033
6565
7930
9093
10035
10777
11311
11615
11711
11622
11346
10896
10335
9683
8970
8213
7414
6587
5747
4897
4070
3265
2466
1664
852
31
-798
-1631
-2454
-3247
-3971
-4591
-5086
-5428
-5597
-5564
-5338
-4910
-4269
-3420
-2377
-1152
221
1734
3319
4893
6434
7884
9196
10390
11413
12198
12728
12946
12862
12493
11810
10823
9563
8064
6382
4540
2584
528
-1611
-3742
-5822
-7849
-9765
-11600
-13351
-14933
-16305
-17380
-18067
-18400
-18456
-18271
-17832
-17149
-16250
-15097
-13666
-12020
-10220
-8286
-6269
-4226
-2188
-198
1678
3446
5105
6632
7994
9170
10143
10899
11429
11734
11843
11788
11582
11228
10728
10092
9331
8464
7550
6607
5624
4594
3511
2398
1297
243
-738
-1653
-2532
-3369
-4133
-4806
-5376
-5822
-6160
-6383
-6460
-6364
-6052
-5491
-4695
-3685
-2504
-1157
321
1909
3591
5298
6949
8512
9950
11208
12251
13041
13557
13774
13671
13225
12461
11407
10099
8579
6905
5083
3126
1061
-1068
-3237
-5422
-7565
-9648
-11662
-13571
-15328
-16822
-17946
-18706
-19120
-19218
-19068
-18681
-18060
-17243
-16195
-14911
-13418
-11714
-9825
-7793
-5625
-3409
-1213
916
2939
4828
6564
8118
9477
10614
11527
12222
12703
12982
13060
12932
12607
12128
11507
10752
9904
9013
8083
7105
6083
5067
4068
3073
2071
1054
51
-910
-1808
-2651
-3423
-4102
-4685
-5168
-5531
-5775
-5875
-5834
-5637
-5240
-4650
-3884
-2908
-1756
-436
1035
2562
4084
5568
6959
8229
9357
10283
10966
11374
11485
11288
10784
9981
8896
7549
6002
4294
2449
500
-1522
-3595
-5677
-7736
-9743
-11675
-13481
-15085
-16420
-17409
-17999
-18233
-18176
-17873
-17350
-16591
-15570
-14294
-12797
-11108
-9274
-7347
-5374
-3397
-1457
411
2165
3784
5245
6543
7664
8604
9376
9989
10450
10773
10967
11021
10941
10727
10381
9920
9381
8753
8046
7271
6444
5585
4705
3814
2921
2024
1128
227
-684
-1597
-2495
-3351
-4130
-4776
-5277
-5626
-5787
-5764
-5582
-5206
-4632
-3859
-2887
-1759
-521
838
2276
3725
5183
6628
8001
9280
10391
11234
11805
12094
12078
11745
11098
10166
9008
7655
6111
4381
2493
471
-1663
-3865
-6069
-8226
-10306
-12263
-14051
-15636
-16940
-17888
-18486
-18756
-18718
-18401
-17836
-17026
-15957
-14618
-13033
-11242
-9303
-7265
-5164
-3028
-918
1136
3088
4872
6443
7799
8954
9916
10680
11250
11642
11882
11982
11927
11723
11391
10943
10353
9631
8797
7844
6806
5749
4689
3640
2601
1587
607
-334
-1238
-2100
-2918
-3690
-4400
-5012
-5491
-5815
-5976
-5977
-5784
-5412
-4884
-4177
-3313
-2319
-1187
39
1348
2751
4208
5689
7155
8521
9731
10740
11477
11919
12075
11971
11629
11044
10206
9116
7776
6223
4471
2538
467
-1705
-3927
-6141
-8313
-10398
-12341
-14100
-15652
-16970
-17966
-18576
-18836
-18807
-18515
-17981
-17198
-16164
-14898
-13435
-11767
-9925
-7961
-5927
-3855
-1784
230
2130
3901
5528
7010
8333
9471
10426
11204
11800
12222
12485
12586
12510
12243
11799
11218
10519
9704
8810
7856
6844
5774
4638
3462
2293
1170
112
-894
-1856
-2751
-3548
-4224
-4776
-5195
-5483
-5623
-5592
-5386
-5024
-4523
-3897
-3118
-2189
-1112
101
1432
2859
4347
5840
7283
8612
9771
10713
11407
11842
12027
11977
11666
11073
10207
9084
7735
6180
4427
2522
481
-1663
-3819
-5979
-8151
-10272
-12317
-14253
-15982
-17400
-18439
-19062
-19309
-19259
-18944
-18377
-17582
-16559
-15280
-13771
-12072
-10203
-8211
-6152
-4043
-1945
99
2066
3914
5609
7162
8564
9763
10753
11558
12151
12522
12707
12717
12561
12260
11820
11217
10482
9645
8698
7663
6576
5438
4301
3208
2157
1129
94
-961
-1987
-2913
-3744
-4496
-5115
-5591
-5967
-6218
-6294
-6182
-5924
-5502
-4910
-4146
-3178
-2006
-667
815
2354
3897
5436
6933
8342
9647
10813
11765
12456
12888
13038
12862
12363
11568
10508
9193
7636
5849
3881
1790
-392
-2638
-4904
-7182
-9443
-11655
-13764
-15677
-17293
-18540
-19383
-19810
-19866
-19618
-19093
-18325
-17349
-16147
-14730
-13126
-11331
-9378
-7331
-5196
-3041
-952
1060
2968
4718
6334
7809
9112
10254
11211
11957
12497
12842
13000
12993
12828
12511
12034
11391
10566
9601
8532
7386
6203
5013
3844
2705
1602
549
-461
-1434
-2354
-3199
-3957
-4616
-5139
-5532
-5811
-5980
-5986
-5771
-5346
-4764
-4018
-3086
-1968
-707
642
2072
3553
5027
6434
7733
8906
9918
10725
11298
11609
11640
11397
10916
10215
9286
8107
6695
5097
3353
1480
-469
-2472
-4518
-6572
-8596
-10576
-12469
-14224
-15793
-17113
-18089
-18669
-18910
-18858
-18544
-18010
-17273
-16294
-15070
-13635
-12021
-10249
-8360
-6376
-4352
-2313
-281
1693
3551
5248
6756
8076
9214
10196
11019
11670
12150
12454
12575
12517
12302
11919
11361
10637
9786
8853
7853
6770
5649
4524
3420
2349
1305
272
-732
-1678
-2557
-3353
-4029
-4561
-4971
-5262
-5422
-5414
-5244
-4897
-4378
-3708
-2875
-1870
-720
555
1911
3321
4739
6115
7424
8646
9733
10627
11279
11665
11798
11685
11330
10726
9884
8812
7526
6038
4383
2595
708
-1246
-3273
-5372
-7482
-9557
-11562
-13472
-15224
-16701
-17831
-18568
-18910
-18970
-18793
-18362
-17737
-16905
-15801
-14431
-12840
-11069
-9166
-7179
-5153
-3126
-1126
835
2723
4496
6139
7625
8931
10044
10956
11664
12178
12508
12673
12680
12542
12260
11826
11219
10465
9578
8577
7491
6346
5160
3947
2707
1478
286
-848
-1906
-2876
-3743
-4494
-5109
-5594
-5945
-6162
-6239
-6165
-5921
-5495
-4864
-4057
-3077
-1926
-616
827
2357
3916
5452
6907
8247
9454
10490
11321
11908
12224
12263
12037
11547
10804
9809
8588
7163
5566
3813
1942
-27
-2079
-4183
-6301
-8399
-10434
-12378
-14173
-15757
-17075
-18068
-18709
-19005
-18980
-18670
-18113
-17311
-16269
-14992
-13507
-11848
-10039
-8132
-6177
-4175
-2173
-213
1665
3407
5035
6558
7900
9071
10085
10911
11553
12008
12277
12383
12344
12132
11736
11179
10505
9727
8855
7909
6907
5835
4724
3607
2489
1379
305
-726
-1702
-2603
-3423
-4151
-4788
-5323
-5732
-5969
-6037
-5925
-5610
-5093
-4387
-3491
-2430
-1230
82
1501
2987
4492
6004
7478
8823
10000
10995
11790
12361
12667
12678
12383
11781
10882
9739
8391
6867
5182
3355
1418
-597
-2677
-4783
-6892
-8964
-10957
-12841
-14576
-16096
-17335
-18231
-18778
-19011
-18938
-18580
-17973
-17141
-16061
-14748
-13242
-11558
-9761
-7906
-5972
-4004
-2094
-255
1503
3126
4631
6031
7299
8428
9405
10207
10858
11340
11613
11694
11610
11359
10938
10386
9737
8997
8183
7291
6322
5316
4315
3302
2275
1282
307
-724
-1753
-2690
-3537
-4306
-4936
-5403
-5706
-5828
-5786
-5610
-5251
-4704
-3981
-3090
-2030
-809
555
2041
3606
5181
6718
8162
9466
10603
11540
12264
12768
13023
13018
12757
12227
11412
10343
9083
7586
5911
4097
2113
-6
-2187
-4413
-6623
-8761
-10874
-12863
-14689
-16355
-17683
-18686
-19307
-19530
-19478
-19119
-18487
-17671
-16601
-15283
-13805
-12120
-10302
-8429
-6468
-4489
-2546
-621
1211
2917
4520
5971
7271
8461
9488
10340
11013
11454
11689
11754
11660
11416
11017
10481
9829
9063
8228
7324
6338
5304
4247
3184
2148
1176
275
-596
-1442
-2242
-2993
-3676
-4244
-4672
-4967
-5114
-5097
-4913
-4554
-4016
-3281
-2341
-1242
-33
1254
2572
3905
5219
6485
7688
8770
9734
10553
11202
11661
11855
11807
11468
10882
10080
9053
7835
6396
4777
3013
1115
-869
-2917
-4996
-7064
-9088
-11026
-12796
-14407
-15840
-17009
-17876
-18387
-18560
-18477
-18124
-17516
-16713
-15662
-14392
-12981
-11373
-9616
-7815
-5908
-3970
-2109
-282
1473
3085
4605
5988
7202
8270
9149
9845
10400
10771
10981
11054
10941
10658
10221
9648
8978
8230
7422
6568
5666
4760
3864
2998
2168
1342
510
-319
-1134
-1910
-2619
-3233
-3721
-4085
-4318
-4410
-4322
-4056
-3623
-3040
-2325
-1478
-495
617
1845
3135
4443
5741
6988
8159
9232
10183
10983
11604
12030
12256
12248
11978
11436
10634
9570
8267
6747
5055
3212
1234
-847
-2985
-5157
-7306
-9378
-11335
-13166
-14856
-16355
-17546
-18378
-18881
-19067
-18930
-18540
-18002
-17265
-16264
-15016
-13575
-11943
-10152
-8258
-6283
-4282
-2322
-381
1496
3225
4820
6262
7522
8650
9596
10335
10950
11407
11679
11800
11738
11493
11097
10532
9846
9057
8184
7263
6274
5200
4079
2917
1757
623
-477
-1512
-2483
-3386
-4187
-4874
-5422
-5782
-5987
-6009
-5833
-5535
-5069
-4410
-3609
-2600
-1443
-205
1164
2589
4049
5564
7012
8377
9640
10704
11612
12341
12829
13097
13101
12797
12236
11410
10330
9053
7552
5825
3953
1947
-160
-2274
-4409
-6550
-8620
-10670
-12616
-14350
-15932
-17232
-18134
-18755
-19039
-18994
-18755
-18263
-17558
-16679
-15507
-14103
-12511
-10675
-8755
-6797
-4764
-2789
-884
993
2737
4374
5920
7258
8401
9347
10070
10640
11049
11299
11448
11411
11219
10913
10414
9801
9122
8312
7455
6539
5531
4537
3554
2529
1512
493
-517
-1432
-2244
-2984
-3626
-4175
-4645
-4975
-5145
-5150
-4971
-4612
-4083
-3389
-2544
-1548
-443
748
2025
3369
4768
6169
7493
8689
9727
10594
11278
11726
11922
11858
11534
10987
10224
9219
8017
6630
5081
3433
1686
-184
-2087
-4023
-5980
-7869
-9726
-11537
-13183
-14716
-16076
-17114
-17894
-18336
-18408
-18281
-17863
-17165
-16334
-15205
-13840
-12382
-10676
-8849
-7036
-5085
-3136
-1284
571
2296
3849
5311
6582
7682
8675
9444
10007
10419
10611
10634
10514
10183
9751
9231
8590
7934
7232
6424
5608
4747
3831
2956
2070
1174
327
-525
-1335
-2068
-2784
-3409
-3933
-4380
-4688
-4880
-4922
-4753
-4448
-3936
-3202
-2355
-1373
-254
956
2303
3720
5123
6497
7791
9002
10122
11082
11895
12495
12787
12848
12628
12118
11422
10438
9172
7809
6257
4583
2857
978
-962
-2958
-5056
-7111
-9137
-11154
-12976
-14666
-16192
-17313
-18200
-18780
-18944
-18918
-18596
-17967
-17232
-16244
-14925
-13490
-11839
-9988
-8156
-6208
-4183
-2243
-262
1661
3399
5080
6610
7915
9105
10042
10734
11267
11535
11649
11640
11411
11103
10661
10023
9331
8489
7563
6658
5653
4658
3686
2643
1675
703
-316
-1239
-2163
-3059
-3785
-4472
-5060
-5422
-5729
-5886
-5801
-5669
-5326
-4674
-3929
-2944
-1725
-474
954
2496
3971
5499
6969
8255
9495
10581
11424
12115
12543
12673
12603
12277
11681
10896
9892
8690
7335
5797
4153
2328
400
-1592
-3689
-5726
-7734
-9741
-11608
-13288
-14869
-16165
-17079
-17875
-18301
-18379
-18394
-18036
-17414
-16740
-15654
-14313
-13001
-11296
-9439
-7711
-5651
-3568
-1700
372
2265
3895
5644
7056
8193
9372
10136
10672
11220
11392
11397
11360
11042
10691
10324
9698
9008
8248
7313
6382
5443
4436
3447
2443
1434
453
-511
-1401
-2273
-3095
-3810
-4521
-5073
-5414
-5731
-5802
-5596
-5341
-4798
-3975
-3125
-1987
-671
628
2160
3759
5256
6879
8387
9646
10903
11876
12565
13171
13408
13404
13218
12667
11923
10929
9642
8232
6616
4836
3032
994
-1104
-3149
-5356
-7395
-9298
-11314
-12975
-14512
-16072
-17035
-17889
-18632
-18671
-18729
-18647
-17904
-17266
-16418
-14924
-13576
-12038
-10031
-8297
-6401
-4203
-2287
-310
1759
3463
5082
6659
7842
8915
9842
10339
10751
11028
11019
11034
10887
10491
10135
9609
8895
8239
7433
6555
5737
4780
3825
2943
1971
1016
69
-942
-1889
-2806
-3709
-4499
-5193
-5775
-6205
-6494
-6565
-6436
-6124
-5555
-4785
-3810
-2588
-1253
267
1922
3568
5336
7037
8595
10163
11418
12489
13493
13986
14309
14465
14038
13560
12865
11575
10341
8852
6877
5140
3189
897
-1018
-3216
-5614
-7477
-9635
-11833
-13413
-15261
-16842
-17659
-18657
-19204
-19101
-19256
-18946
-18166
-17656
-16615
-15156
-13913
-12173
-10137
-8366
-6250
-4041
-2151
-41
2000
3648
5367
6883
8000
9095
9941
10490
11023
11327
11385
11360
11094
10681
10216
9571
8893
8242
7420
6636
5924
5038
4220
3418
2390
1505
598
-520
-1386
-2263
-3227
-3846
-4454
-5043
-5311
-5522
-5569
-5357
-5000
-4440
-3717
-2761
-1610
-343
1212
2796
4328
5960
7386
8701
10018
11029
11881
12538
12776
12836
12614
12003
11272
10256
8955
7604
5932
4097
2298
220
-1896
-3902
-6088
-8098
-9911
-11860
-13493
-14972
-16500
-17450
-18149
-18725
-18721
-18638
-18432
-17701
-16983
-16003
-14447
-13051
-11368
-9236
-7465
-5431
-3169
-1411
619
2650
4128
5829
7316
8220
9295
10011
10219
10623
10663
10412
10368
9990
9454
9032
8312
7594
6988
6163
5438
4744
3899
3227
2514
1773
1160
422
-284
-951
-1745
-2389
-3001
-3665
-4024
-4350
-4642
-4582
-4520
-4326
-3768
-3216
-2421
-1318
-224
1122
2610
3988
5512
6960
8244
9545
10561
11509
12301
12652
12984
12938
12435
11919
10932
9641
8363
6663
4886
3189
1098
-871
-2780
-5036
-6960
-8827
-10936
-12539
-14128
-15829
-16792
-17687
-18488
-18442
-18518
-18520
-17738
-17229
-16530
-15008
-13808
-12363
-10234
-8610
-6759
-4418
-2685
-666
1593
3121
4897
6627
7649
8970
10099
10568
11323
11756
11656
11868
11645
11102
10895
10252
9531
9042
8090
7183
6387
5269
4335
3446
2307
1347
343
-798
-1701
-2644
-3523
-4182
-4841
-5361
-5757
-6056
-6157
-6090
-5797
-5290
-4587
-3634
-2543
-1280
239
1763
3418
5181
6714
8295
9741
10804
11894
12646
12991
13352
13224
12683
12096
10980
9600
8243
6338
4384
2517
201
-1920
-3983
-6351
-8339
-10281
-12360
-13924
-15452
-16893
-17672
-18361
-18718
-18545
-18384
-17934
-17092
-16257
-15043
-13421
-12009
-10147
-8141
-6479
-4294
-2294
-616
1482
3177
4591
6335
7579
8554
9789
10388
10795
11392
11351
11270
11298
10755
10306
9953
9124
8485
7879
6844
6042
5245
4131
3328
2474
1348
559
-319
-1375
-2081
-2905
-3788
-4263
-4773
-5206
-5224
-5260
-5203
-4757
-4311
-3728
-2755
-1791
-718
741
2124
3562
5306
6777
8192
9693
10680
11587
12428
12672
12928
12997
12434
11947
11170
9810
8632
7110
5151
3452
1355
-978
-2940
-5292
-7608
-9476
-11679
-13598
-15033
-16665
-17722
-18289
-18954
-18977
-18701
-18499
-17686
-16826
-15983
-14458
-12993
-11472
-9366
-7538
-5650
-3398
-1664
184
2192
3566
5132
6665
7543
8688
9636
10022
10737
11137
11119
11404
11258
10824
10648
10042
9332
8866
8053
7197
6516
5557
4615
3811
2757
1737
835
-223
-1157
-1947
-2825
-3589
-4220
-4852
-5321
-5538
-5651
-5583
-5209
-4722
-4072
-3085
-2029
-802
713
2178
3716
5340
6740
8095
9372
10359
11253
11928
12224
12342
12162
11623
10909
9846
8514
7079
5351
3548
1673
-501
-2601
-4760
-7081
-9092
-11161
-13195
-14790
-16399
-17620
-18222
-18782
-18884
-18509
-18240
-17501
-16447
-15573
-14059
-12368
-10873
-8789
-6800
-5049
-2850
-972
646
2603
4079
5389
6972
7993
8958
10006
10485
10965
11369
11333
11330
11190
10776
10395
9849
9135
8442
7658
6771
5867
4930
3933
2961
2064
1163
313
-477
-1299
-2069
-2739
-3366
-3891
-4253
-4525
-4703
-4655
-4477
-4209
-3576
-2792
-1947
-692
557
1766
3319
4637
5904
7411
8441
9431
10400
10809
11280
11499
11196
10928
10239
9123
8068
6556
4832
3250
1137
-904
-2830
-5168
-7105
-9072
-11323
-13010
-14814
-16585
-17517
-18513
-19137
-18974
-19045
-18660
-17721
-17064
-15908
-14279
-12924
-11163
-9099
-7404
-5331
-3155
-1373
669
2602
4051
5599
7030
8008
9075
10053
10555
11116
11516
11455
11531
11420
10913
10643
10198
9452
8948
8208
7289
6588
5657
4661
3869
2897
1929
1110
186
-678
-1406
-2177
-2904
-3452
-3933
-4337
-4519
-4604
-4587
-4302
-3929
-3389
-2572
-1681
-583
708
1969
3365
4779
6041
7351
8501
9382
10214
10741
10978
11183
11020
10600
10124
9183
8052
6882
5220
3555
1806
-353
-2294
-4295
-6496
-8360
-10299
-12357
-13960
-15581
-17024
-17735
-18459
-18746
-18457
-18281
-17633
-16619
-15644
-14244
-12547
-10943
-9050
-7051
-5274
-3303
-1431
203
1920
3436
4765
6101
7211
8182
9101
9764
10315
10782
11043
11182
11180
10952
10631
10230
9639
9034
8366
7577
6765
5881
4925
3960
3016
2009
1065
158
-834
-1722
-2597
-3427
-4032
-4561
-4959
-5119
-5147
-4998
-4584
-4062
-3344
-2372
-1371
-177
1197
2514
3941
5344
6573
7789
8864
9670
10394
10918
11060
11095
10817
10099
9378
8326
6917
5644
4018
2179
542
-1523
-3652
-5512
-7748
-9826
-11570
-13573
-15217
-16445
-17696
-18318
-18497
-18669
-18300
-17647
-16980
-15834
-14418
-13045
-11366
-9511
-7771
-5867
-3904
-2146
-352
1434
2998
4520
6026
7210
8245
9206
9771
10282
10734
10864
11024
11035
10760
10499
10111
9546
9037
8443
7678
7015
6206
5260
4452
3472
2417
1550
589
-361
-1071
-1852
-2572
-3071
-3628
-4065
-4292
-4525
-4511
-4220
-3884
-3287
-2501
-1655
-566
581
1775
3137
4487
5826
7170
8267
9219
10078
10554
10929
11126
10947
10677
10068
9117
8061
6622
4951
3290
1334
-664
-2568
-4751
-6779
-8711
-10837
-12587
-14244
-15927
-17035
-17992
-18750
-18833
-18847
-18639
-17873
-17174
-16216
-14764
-13425
-11772
-9752
-7982
-5953
-3766
-1986
-24
1900
3369
4981
6419
7419
8521
9358
9847
10435
10741
10769
10878
10712
10314
10038
9579
8962
8486
7852
7047
6385
5553
4588
3802
2863
1871
1072
146
-748
-1454
-2252
-2934
-3444
-3917
-4177
-4336
-4338
-4159
-3965
-3531
-2967
-2289
-1377
-333
824
2098
3480
4861
6189
7513
8673
9582
10471
11074
11308
11541
11382
10876
10394
9462
8262
7064
5451
3743
2105
104
-1839
-3729
-5890
-7844
-9730
-11750
-13462
-15088
-16611
-17593
-18334
-18769
-18725
-18588
-18162
-17425
-16652
-15541
-14181
-12753
-11013
-9147
-7232
-5126
-3135
-1185
781
2476
4098
5626
6843
8001
9009
9722
10418
10945
11191
11456
11555
11408
11292
10994
10494
10035
9393
8602
7855
6950
5987
5080
4037
2978
1991
930
-88
-1031
-1961
-2746
-3425
-3980
-4388
-4760
-4954
-4961
-4863
-4449
-3883
-3189
-2130
-1015
165
1609
2912
4156
5552
6717
7787
8896
9640
10190
10674
10768
10679
10424
9760
8936
7882
6477
5000
3268
1418
-396
-2372
-4225
-6005
-7857
-9601
-11292
-12923
-14424
-15721
-16809
-17632
-17997
-18084
-18034
-17557
-16868
-16087
-14871
-13563
-12193
-10395
-8596
-6786
-4714
-2787
-909
1001
2645
4165
5568
6740
7836
8762
9496
10135
10537
10784
10954
10895
10741
10521
10096
9656
9166
8492
7856
7143
6225
5385
4491
3459
2611
1710
701
-52
-869
-1730
-2262
-2872
-3416
-3615
-3940
-4082
-3833
-3688
-3246
-2431
-1714
-717
559
1739
3110
4577
5836
7117
8365
9335
10219
10977
11383
11621
11691
11411
10871
10136
9045
7718
6259
4508
2613
676
-1423
-3483
-5467
-7517
-9465
-11279
-13031
-14589
-15928
-17050
-17856
-18333
-18569
-18598
-18346
-17863
-17166
-16149
-14896
-13453
-11709
-9798
-7813
-5757
-3740
-1777
93
1843
3482
4920
6248
7450
8386
9179
9829
10181
10437
10615
10547
10485
10336
9954
9630
9192
8559
7975
7231
6362
5548
4632
3722
2878
1920
995
116
-840
-1661
-2395
-3101
-3643
-4098
-4445
-4645
-4729
-4615
-4339
-3887
-3180
-2297
-1187
118
1449
2912
4388
5752
7169
8505
9668
10767
11607
12099
12437
12496
12246
11834
11091
10027
8762
7193
5427
3527
1450
-723
-2964
-5228
-7416
-9549
-11573
-13413
-15119
-16558
-17639
-18477
-18882
-18962
-18925
-18492
-17885
-17222
-16114
-14903
-13596
-11758
-9927
-8090
-5870
-3898
-2043
9
1625
3124
4724
5870
6965
8105
8813
9517
10173
10437
10765
10985
10892
10861
10638
10184
9778
9186
8470
7802
7023
6177
5382
4534
3639
2790
1883
934
46
-835
-1675
-2366
-2954
-3459
-3777
-3997
-4123
-4057
-3883
-3540
-2993
-2232
-1266
-190
1034
2335
3620
4981
6317
7517
8661
9636
10373
10938
11261
11279
10992
10444
9583
8407
7122
5581
3853
2171
246
-1767
-3682
-5825
-7878
-9775
-11778
-13463
-14946
-16394
-17307
-17985
-18491
-18460
-18335
-18008
-17278
-16527
-15419
-13956
-12568
-10844
-8970
-7278
-5299
-3367
-1703
136
1734
3078
4572
5740
6708
7788
8449
8971
9566
9761
9948
10183
10057
9964
9848
9384
9001
8577
7850
7228
6527
5575
4815
4052
3145
2406
1611
691
-93
-891
-1732
-2400
-2999
-3492
-3775
-3950
-3964
-3812
-3486
-2952
-2316
-1462
-441
644
1944
3288
4589
6016
7323
8500
9714
10667
11362
11971
12209
12119
11946
11326
10408
9449
8050
6458
4794
2770
723
-1337
-3561
-5679
-7692
-9722
-11597
-13359
-15029
-16389
-17487
-18296
-18690
-18867
-18802
-18405
-17857
-17046
-15908
-14642
-13146
-11403
-9652
-7795
-5854
-4031
-2157
-276
1401
3061
4592
5825
7031
8096
8872
9651
10297
10683
11093
11325
11283
11245
11018
10557
10120
9505
8728
8000
7102
6081
5157
4126
3032
2040
978
-81
-1010
-1991
-2912
-3672
-4417
-4974
-5316
-5609
-5660
-5461
-5173
-4622
-3853
-2994
-1856
-535
806
2343
3913
5371
6906
8298
9467
10619
11491
12093
12580
12644
12413
11979
11083
9983
8719
7073
5386
3595
1527
-439
-2463
-4686
-6656
-8653
-10732
-12418
-14069
-15623
-16672
-17612
-18246
-18400
-18492
-18237
-17664
-17035
-15993
-14769
-13450
-11770
-10102
-8369
-6379
-4562
-2760
-831
721
2196
3721
4818
5919
7069
7857
8675
9502
9966
10423
10839
10883
10913
10861
10489
10159
9729
9053
8440
7711
6787
5953
5025
4009
3106
2088
1022
89
-885
-1810
-2560
-3279
-3892
-4323
-4654
-4822
-4782
-4629
-4293
-3727
-3000
-2071
-945
285
1644
3062
4476
5929
7311
8573
9757
10721
11439
11960
12147
12033
11702
11018
10082
9002
7605
6044
4411
2501
533
-1452
-3640
-5703
-7682
-9772
-11615
-13325
-15061
-16383
-17419
-18286
-18603
-18665
-18591
-18015
-17312
-16512
-15241
-13927
-12500
-10686
-8968
-7155
-5103
-3292
-1436
449
1964
3468
4879
5946
7019
7919
8495
9065
9461
9630
9846
9908
9782
9701
9487
9112
8755
8256
7586
7032
6320
5452
4713
3757
2799
1972
982
98
-672
-1489
-2159
-2753
-3303
-3598
-3829
-3998
-3940
-3858
-3598
-3111
-2527
-1685
-643
512
1842
3203
4566
5974
7326
8613
9774
10756
11551
12075
12327
12318
11975
11358
10503
9381
8012
6440
4602
2535
407
-1829
-4134
-6294
-8433
-10528
-12386
-14227
-15931
-17214
-18276
-18934
-19100
-19103
-18786
-18147
-17404
-16330
-14981
-13573
-11902
-10130
-8406
-6459
-4527
-2693
-736
1050
2706
4349
5731
6964
8056
8842
9504
10014
10275
10502
10625
10559
10516
10347
9987
9634
9096
8409
7778
6991
6084
5240
4263
3259
2376
1388
420
-429
-1373
-2205
-2850
-3520
-4006
-4281
-4546
-4592
-4399
-4149
-3657
-3002
-2302
-1389
-362
720
2021
3393
4708
6125
7410
8568
9742
10614
11335
11884
12007
11919
11534
10786
9836
8599
7069
5423
3514
1432
-628
-2872
-5069
-7091
-9190
-11076
-12731
-14418
-15763
-16793
-17744
-18206
-18387
-18507
-18141
-17595
-16959
-15799
-14532
-13176
-11375
-9634
-7882
-5847
-4027
-2243
-314
1259
2733
4248
5366
6398
7443
8112
8736
9339
9621
9936
10197
10151
10143
10073
9784
9562
9221
8664
8137
7462
6620
5844
4943
3936
3067
2133
1171
386
-467
-1311
-1958
-2645
-3220
-3541
-3860
-3995
-3859
-3709
-3350
-2775
-2204
-1419
-454
486
1658
2983
4233
5601
6920
8037
9171
10106
10718
11235
11457
11360
11120
10525
9610
8555
7114
5429
3691
1687
-351
-2346
-4488
-6478
-8369
-10310
-11958
-13483
-14926
-15956
-16911
-17571
-17749
-17887
-17709
-17231
-16719
-15862
-14686
-13505
-11948
-10152
-8509
-6505
-4539
-2841
-871
812
2232
3848
5061
6038
7206
7932
8528
9299
9640
9949
10377
10420
10452
10522
10254
9994
9688
9078
8491
7805
6881
6008
4990
3817
2727
1518
321
-704
-1791
-2759
-3517
-4288
-4812
-5117
-5418
-5439
-5301
-5154
-4668
-4057
-3321
-2179
-960
398
2044
3575
5139
6774
8171
9546
10824
11779
12578
13091
13214
13090
12632
11818
10757
9391
7739
5950
3980
1857
-322
-2560
-4789
-6981
-9117
-11106
-12941
-14641
-16138
-17337
-18197
-18666
-18825
-18732
-18370
-17858
-17128
-16069
-14898
-13500
-11780
-10135
-8358
-6348
-4527
-2635
-641
1032
2668
4254
5464
6650
7732
8461
9241
9856
10189
10632
10849
10873
10998
10853
10613
10457
9991
9461
8953
8147
7272
6404
5308
4191
3172
2018
874
-99
-1151
-2127
-2829
-3569
-4187
-4553
-4950
-5149
-5054
-4915
-4522
-3893
-3200
-2253
-1157
-28
1311
2676
4018
5495
6872
8151
9408
10364
11106
11651
11762
11706
11424
10680
9806
8647
7023
5425
3660
1612
-211
-2161
-4299
-6047
-7919
-9888
-11386
-13074
-14726
-15799
-16967
-17795
-17977
-18273
-18136
-17540
-17152
-16256
-14993
-13923
-12301
-10487
-8952
-6952
-4974
-3330
-1300
487
1884
3551
4835
5823
7033
7781
8315
9013
9306
9522
9839
9792
9731
9709
9383
9099
8774
8176
7640
7000
6164
5435
4590
3660
2818
1786
757
-146
-1122
-1945
-2598
-3270
-3795
-4158
-4431
-4509
-4335
-4012
-3571
-2929
-2157
-1274
-152
1091
2394
3813
5219
6564
7855
9034
10095
10994
11719
12218
12394
12348
12025
11312
10422
9311
7829
6234
4497
2482
469
-1581
-3784
-5844
-7856
-9898
-11668
-13313
-14908
-16174
-17250
-18127
-18545
-18726
-18697
-18297
-17794
-17068
-15933
-14700
-13168
-11290
-9477
-7451
-5266
-3339
-1332
597
2138
3739
5257
6415
7578
8541
9154
9813
10260
10448
10717
10769
10604
10477
10183
9769
9396
8885
8226
7569
6742
5771
4864
3847
2757
1764
708
-353
-1265
-2196
-3081
-3742
-4364
-4903
-5180
-5410
-5496
-5274
-4947
-4398
-3548
-2638
-1540
-253
1077
2523
4014
5456
6850
8147
9359
10422
11273
11962
12310
12323
12167
11638
10877
10023
8808
7420
5977
4169
2227
336
-1921
-4077
-6023
-8241
-10122
-11783
-13659
-15093
-16189
-17375
-17918
-18067
-18410
-18040
-17519
-17238
-16123
-15006
-14001
-12159
-10544
-9021
-6761
-4942
-3265
-1081
493
1938
3735
4862
5891
7139
7760
8359
9073
9286
9562
9878
9796
9768
9724
9414
9150
8869
8423
7956
7456
6822
6063
5361
4512
3490
2636
1646
592
-193
-1133
-2080
-2712
-3490
-4122
-4302
-4578
-4652
-4366
-4216
-3804
-3060
-2349
-1288
36
1266
2745
4264
5628
7120
8444
9606
10681
11435
12053
12463
12524
12519
12170
11446
10686
9456
7967
6542
4602
2611
762
-1570
-3697
-5598
-7978
-9924
-11662
-13845
-15306
-16527
-17996
-18498
-18836
-19307
-18798
-18324
-17979
-16753
-15692
-14640
-12710
-11115
-9506
-7169
-5350
-3530
-1222
387
1922
3777
4906
5995
7315
7866
8425
9137
9247
9500
9846
9693
9674
9697
9258
8992
8773
8184
7756
7294
6502
5834
5117
4147
3291
2411
1316
355
-559
-1619
-2493
-3254
-4083
-4666
-5040
-5384
-5445
-5289
-5037
-4506
-3736
-2833
-1677
-337
1080
2605
4175
5755
7287
8690
10055
11209
12092
12903
13316
13381
13380
12852
11998
11153
9734
8115
6632
4589
2493
652
-1768
-4049
-5973
-8445
-10490
-12151
-14395
-15923
-17049
-18545
-18976
-19181
-19676
-19031
-18462
-18121
-16701
-15564
-14480
-12375
-10703
-9071
-6642
-4801
-3004
-664
942
2502
4356
5410
6468
7617
8098
8683
9267
9440
9714
9874
9824
9757
9563
9371
9121
8768
8351
7777
7168
6514
5788
5014
4175
3439
2539
1557
874
-109
-1128
-1717
-2652
-3465
-3742
-4317
-4628
-4460
-4515
-4257
-3629
-3125
-2300
-1172
-77
1220
2717
4149
5587
7058
8312
9429
10433
11081
11644
11988
11900
11814
11300
10330
9477
8107
6411
4995
3019
858
-902
-3213
-5448
-7161
-9414
-11364
-12842
-14823
-16245
-17186
-18374
-18776
-18809
-19012
-18471
-17814
-17245
-15896
-14620
-13312
-11347
-9706
-7977
-5802
-4052
-2189
-89
1417
3021
4649
5628
6752
7692
8093
8707
9104
9186
9511
9600
9470
9509
9298
9019
8822
8394
8012
7583
7002
6430
5730
4961
4112
3185
2270
1240
270
-622
-1589
-2364
-3036
-3760
-4208
-4531
-4857
-4761
-4522
-4233
-3552
-2823
-1950
-718
518
1896
3431
4897
6345
7707
8908
9991
10898
11634
12190
12403
12496
12267
11567
10820
9662
8145
6683
4882
2907
1062
-1043
-3222
-5174
-7359
-9457
-11245
-13164
-14772
-16012
-17262
-18024
-18386
-18770
-18632
-18156
-17822
-16940
-15755
-14788
-13188
-11397
-9938
-7861
-5791
-4151
-1993
-77
1383
3219
4666
5715
7050
7942
8541
9373
9785
10027
10451
10524
10477
10525
10289
9966
9707
9206
8620
8091
7315
6482
5742
4784
3821
2957
1880
873
-22
-1115
-2081
-2887
-3787
-4464
-4884
-5317
-5534
-5451
-5280
-4926
-4261
-3457
-2518
-1328
-70
1217
2715
4224
5635
7096
8429
9551
10576
11420
11954
12217
12273
11961
11292
10532
9394
7938
6542
4764
2802
1036
-1146
-3299
-5177
-7405
-9369
-11025
-12941
-14493
-15691
-16909
-17705
-18049
-18301
-18344
-17848
-17282
-16745
-15403
-14172
-13098
-11041
-9431
-7907
-5508
-3873
-2275
-93
1209
2614
4321
5174
6234
7318
7751
8502
9092
9236
9655
9833
9722
9866
9799
9482
9371
9062
8524
8165
7581
6818
6265
5462
4570
3913
2959
2010
1307
238
-709
-1374
-2344
-3058
-3405
-3925
-4176
-3995
-3988
-3651
-2964
-2478
-1584
-504
495
1785
3117
4384
5674
6964
8163
9238
10189
11003
11443
11592
11644
11190
10500
9725
8439
7030
5559
3680
1818
-94
-2318
-4399
-6436
-8621
-10547
-12331
-14168
-15643
-16795
-17849
-18406
-18569
-18682
-18323
-17710
-17169
-16090
-14781
-13602
-11919
-10183
-8612
-6593
-4701
-3028
-1057
631
2106
3666
4890
5946
6989
7730
8298
8912
9278
9439
9785
9851
9635
9817
9547
8984
9130
8523
7778
7831
6844
5965
5708
4456
3483
3010
1713
774
260
-967
-1726
-2175
-3148
-3589
-3832
-4382
-4404
-4281
-4269
-3693
-3046
-2419
-1255
-123
1047
2609
3994
5343
6881
8143
9313
10533
11393
12031
12561
12656
12462
12139
11342
10303
9180
7560
5791
4008
1803
-347
-2413
-4779
-6969
-9071
-11323
-13268
-15091
-16792
-17988
-18877
-19472
-19631
-19496
-19145
-18560
-17827
-16838
-15647
-14237
-12438
-10652
-8711
-6553
-4716
-2716
-724
836
2508
4009
5155
6391
7464
8249
9081
9750
10087
10488
10721
10671
10734
10642
10317
10096
9780
9195
8714
8202
7392
6731
6059
5085
4321
3510
2416
1585
680
-467
-1263
-2115
-3112
-3621
-4151
-4695
-4724
-4719
-4643
-4049
-3462
-2773
-1597
-659
555
1982
3064
4479
5711
6811
8023
8955
9729
10368
10715
10743
10693
10214
9483
8672
7369
6030
4570
2731
1033
-783
-2897
-4652
-6461
-8536
-10142
-11811
-13576
-14750
-15971
-17127
-17511
-17873
-18076
-17559
-17212
-16716
-15499
-14471
-13234
-11353
-9827
-8208
-6145
-4552
-2889
-933
437
1847
3438
4441
5502
6606
7103
7717
8308
8448
8802
9067
8948
9037
9029
8744
8692
8502
8110
7950
7612
7149
6828
6268
5585
4997
4226
3390
2725
1901
1003
342
-469
-1275
-1726
-2318
-2844
-2902
-3084
-3087
-2552
-2199
-1616
-589
175
1274
2657
3717
5059
6369
7299
8435
9280
9765
10397
10517
10437
10411
9738
8998
8113
6616
5246
3695
1729
43
-1879
-4049
-5787
-7766
-9732
-11209
-12944
-14471
-15536
-16736
-17465
-17698
-18017
-17859
-17324
-17012
-16194
-14975
-14060
-12571
-10777
-9416
-7498
-5426
-3885
-1906
-23
1268
2910
4348
5293
6562
7597
8221
9019
9552
9714
9997
10173
10024
9992
9931
9468
9122
8832
8129
7662
7268
6383
5725
5116
4021
3214
2402
1114
251
-563
-1797
-2482
-3130
-4110
-4447
-4791
-5250
-5002
-4813
-4539
-3673
-2944
-2028
-778
368
1790
3314
4776
6371
7713
8980
10237
11062
11895
12560
12615
12728
12539
11670
11003
9940
8224
6896
5103
2772
1007
-1232
-3774
-5579
-7820
-10142
-11684
-13644
-15462
-16431
-17694
-18582
-18667
-19083
-19048
-18385
-18097
-17240
-15923
-15003
-13460
-11636
-10236
-8297
-6243
-4662
-2738
-779
652
2301
4007
5052
6276
7663
8206
8920
9886
9945
10224
10746
10468
10513
10659
10129
10002
9822
9087
8709
8181
7277
6733
5988
5055
4404
3430
2411
1675
601
-412
-1080
-2078
-2897
-3251
-3885
-4186
-4039
-4206
-3930
-3338
-3026
-2202
-1197
-398
852
2123
3212
4606
5835
6862
8022
8851
9513
10148
10343
10416
10292
9702
9037
8103
6807
5564
4049
2313
718
-1180
-3145
-4858
-6859
-8740
-10302
-12133
-13654
-14809
-16207
-17086
-17465
-17968
-17869
-17446
-17266
-16449
-15392
-14589
-13141
-11596
-10309
-8434
-6635
-5115
-3150
-1432
-22
1634
2973
4062
5298
6218
6916
7718
8253
8580
9024
9248
9271
9412
9331
9056
8921
8638
8210
7931
7486
6893
6470
5848
5043
4429
3698
2817
2164
1427
561
-17
-695
-1409
-1873
-2346
-2743
-2968
-2997
-2978
-2734
-2226
-1624
-800
182
1332
2440
3628
4983
5975
7073
8275
8931
9736
10534
10632
10933
11030
10311
9891
9114
7565
6500
5079
2976
1490
-389
-2897
-4645
-6684
-9171
-10738
-12546
-14691
-15808
-17051
-18355
-18484
-18772
-19081
-18364
-18020
-17627
-16284
-15390
-14303
-12370
-10950
-9289
-7031
-5356
-3521
-1370
190
1816
3572
4834
6081
7359
8245
9058
9836
10268
10589
10866
10878
10778
10706
10490
10134
9829
9415
8798
8263
7581
6686
5940
5022
3990
3209
2258
1298
565
-356
-1191
-1852
-2599
-3113
-3475
-3836
-3934
-3914
-3796
-3453
-2979
-2288
-1399
-384
817
2039
3289
4645
5865
6920
8050
9046
9640
10373
10893
10664
10827
10669
9493
9125
8163
6155
5394
3729
1251
161
-2124
-4700
-5999
-8476
-10659
-11936
-14153
-15609
-16523
-17910
-18299
-18499
-18907
-18398
-17948
-17572
-16386
-15352
-14356
-12631
-11094
-9631
-7542
-5749
-4126
-2041
-308
1183
2957
4360
5479
6740
7694
8361
9114
9659
9945
10283
10437
10323
10267
10114
9754
9494
9202
8699
8226
7759
7113
6490
5894
5098
4284
3522
2614
1780
1095
249
-473
-1012
-1692
-2189
-2499
-2902
-3041
-2922
-2795
-2344
-1660
-1033
-96
1000
1981
3097
4246
5275
6304
7346
8211
8888
9543
9940
9981
10091
9853
9092
8562
7601
6126
5092
3506
1524
164
-1884
-4121
-5555
-7781
-9845
-11083
-13121
-14624
-15416
-16835
-17488
-17562
-18098
-17975
-17394
-17112
-16453
-15248
-14173
-13084
-11260
-9750
-8456
-6272
-4711
-3324
-1143
308
1622
3466
4609
5651
7052
7778
8421
9223
9549
9889
10245
10291
10249
10190
9936
9601
9389
9003
8475
8098
7524
6779
6223
5448
4512
3761
2825
1837
1125
295
-562
-1153
-1883
-2597
-2957
-3362
-3620
-3473
-3358
-3086
-2497
-1882
-1062
63
1239
2395
3725
5000
5969
7192
8303
8893
9850
10441
10399
10868
10627
9829
9604
8381
6842
5865
3880
1871
439
-1929
-4104
-5781
-8269
-10306
-11925
-14092
-15626
-16725
-17989
-18537
-18642
-18884
-18579
-17932
-17539
-16686
-15457
-14465
-12986
-11170
-9717
-7811
-5762
-4192
-2204
-274
1148
2914
4375
5364
6656
7546
8125
8962
9379
9668
10101
10209
10313
10360
10216
10139
9811
9513
9266
8545
8169
7642
6673
6318
5552
4606
4186
3262
2419
1862
962
258
-367
-1150
-1660
-2115
-2468
-2519
-2588
-2395
-1970
-1584
-934
-230
525
1498
2401
3442
4501
5409
6427
7245
7960
8677
8970
9101
9087
8588
7980
7216
6047
4764
3326
1603
-191
-2063
-4084
-6095
-8016
-10008
-11867
-13521
-15166
-16436
-17366
-18116
-18378
-18383
-18308
-17809
-17195
-16602
-15424
-14203
-12986
-11104
-9435
-7827
-5737
-4078
-2438
-503
913
2366
3927
4950
6049
7123
7715
8400
8975
9176
9429
9598
9489
9387
9308
8935
8634
8406
7863
7491
7163
6529
6047
5583
4839
4263
3727
2894
2309
1725
856
317
-235
-949
-1275
-1599
-1952
-1922
-1857
-1702
-1300
-781
-209
443
1348
2204
3093
4303
5316
6198
7410
8237
8775
9683
9951
9978
10295
9844
9278
8825
7641
6345
5134
3268
1374
-350
-2603
-4671
-6526
-8791
-10750
-12486
-14489
-16033
-17151
-18253
-18801
-18939
-19091
-18818
-18229
-17771
-16923
-15690
-14597
-13080
-11233
-9679
-7761
-5665
-3979
-1995
-43
1449
3136
4644
5766
7069
8120
8850
9703
10263
10553
10924
11047
10911
10878
10674
10261
9994
9576
9014
8584
8064
7361
6722
6111
5188
4418
3700
2596
1792
979
-140
-782
-1443
-2325
-2668
-3112
-3616
-3568
-3565
-3447
-2889
-2309
-1659
-703
339
1329
2490
3695
4724
5808
6973
7824
8677
9535
9792
10082
10198
9618
9219
8486
7162
6120
4625
2749
1124
-953
-3161
-5072
-7244
-9310
-11114
-12978
-14642
-16018
-17103
-17970
-18387
-18492
-18588
-18154
-17600
-17013
-15906
-14714
-13547
-11971
-10285
-8821
-6893
-4992
-3435
-1442
262
1605
3286
4550
5530
6843
7688
8326
9219
9619
9899
10389
10472
10491
10710
10529
10289
10237
9779
9319
9000
8316
7684
7226
6484
5788
5213
4328
3478
2727
1717
825
89
-797
-1467
-1900
-2377
-2638
-2648
-2651
-2482
-2046
-1539
-931
-46
894
1780
2872
3918
4829
5938
6906
7665
8489
9029
9273
9505
9393
8938
8425
7556
6407
5113
3522
1803
-9
-1954
-3978
-6049
-8070
-10080
-11990
-13713
-15350
-16660
-17578
-18318
-18648
-18649
-18528
-18045
-17428
-16710
-15591
-14401
-13060
-11363
-9744
-7994
-6076
-4377
-2537
-701
805
2396
3853
4955
6124
7161
7882
8688
9330
9655
10095
10328
10274
10361
10270
9953
9747
9476
8998
8616
8210
7519
6970
6387
5525
4840
4112
3189
2463
1682
762
81
-628
-1378
-1865
-2300
-2693
-2792
-2765
-2653
-2219
-1679
-1076
-182
734
1625
2743
3865
4848
6021
7125
7950
8900
9605
9943
10303
10225
9772
9340
8406
7231
6105
4435
2629
850
-1411
-3558
-5593
-7937
-9990
-11909
-13980
-15619
-17004
-18231
-18892
-19221
-19369
-19111
-18606
-18096
-17281
-16183
-15082
-13639
-11921
-10345
-8551
-6573
-4858
-2981
-1035
533
2238
3871
5097
6422
7560
8336
9181
9793
10155
10586
10799
10849
10936
10816
10565
10352
9970
9494
9100
8557
7953
7522
6879
6147
5594
4733
3867
3236
2303
1500
891
-8
-671
-1180
-1797
-2088
-2304
-2484
-2363
-2216
-1880
-1299
-699
103
985
1870
2908
3901
4896
5934
6783
7554
8190
8506
8692
8666
8303
7839
7126
6056
4912
3526
1813
145
-1698
-3769
-5636
-7610
-9706
-11413
-13171
-14953
-16192
-17353
-18265
-18495
-18735
-18729
-18136
-17710
-17031
-15803
-14777
-13469
-11680
-10188
-8518
-6519
-4906
-3227
-1306
218
1747
3391
4620
5809
7049
7897
8659
9395
9772
10062
10331
10377
10384
10380
10231
10030
9792
9442
9022
8561
8041
7480
6888
6283
5605
4909
4226
3435
2709
2031
1274
678
164
-389
-730
-1034
-1380
-1479
-1492
-1413
-998
-512
70
886
1649
2443
3380
4246
5115
6065
6902
7625
8291
8774
9000
9073
8954
8456
7703
6793
5479
3961
2393
550
-1403
-3383
-5450
-7510
-9509
-11380
-13249
-14961
-16331
-17553
-18400
-18779
-19071
-19051
-18588
-18159
-17465
-16338
-15304
-13961
-12185
-10636
-8882
-6842
-5191
-3396
-1377
233
1942
3671
4917
6208
7409
8175
8993
9686
10041
10446
10750
10821
10924
10911
10664
10445
10147
9632
9155
8620
7913
7335
6714
5960
5326
4537
3645
2926
2076
1263
658
-86
-760
-1252
-1753
-2073
-2195
-2232
-2085
-1770
-1334
-797
-106
738
1588
2522
3526
4439
5399
6363
7130
7800
8324
8570
8617
8501
8131
7504
6718
5694
4383
2957
1317
-572
-2480
-4507
-6645
-8646
-10629
-12549
-14226
-15731
-16987
-17874
-18438
-18691
-18694
-18454
-17963
-17334
-16471
-15344
-14132
-12683
-11039
-9491
-7703
-5761
-4049
-2143
-255
1266
2947
4410
5470
6695
7636
8274
9086
9680
10091
10504
10708
10846
10922
10894
10855
10682
10402
10075
9613
9125
8615
7997
7361
6696
5965
5261
4547
3787
3028
2231
1475
758
41
-527
-1039
-1487
-1672
-1826
-1874
-1644
-1411
-995
-318
320
1112
2013
2846
3827
4764
5555
6361
6934
7342
7700
7695
7543
7250
6459
5620
4675
3209
1846
356
-1669
-3417
-5250
-7524
-9307
-11113
-13279
-14783
-16136
-17596
-18166
-18507
-18987
-18684
-18260
-18033
-17119
-16129
-15315
-13874
-12345
-10967
-9135
-7274
-5646
-3804
-1995
-461
1160
2747
4016
5276
6471
7330
8131
8840
9282
9693
9997
10124
10265
10291
10245
10236
10068
9868
9681
9260
8880
8547
7963
7470
6974
6163
5519
4842
3896
3268
2557
1606
1078
466
-314
-616
-964
-1367
-1334
-1289
-1179
-718
-304
171
927
1600
2324
3326
4193
5018
5984
6604
7109
7663
7705
7659
7617
6921
6188
5433
3999
2646
1296
-707
-2513
-4267
-6551
-8448
-10180
-12333
-13972
-15332
-16916
-17770
-18207
-18779
-18740
-18436
-18277
-17617
-16716
-15870
-14574
-12996
-11481
-9762
-7881
-6113
-4321
-2442
-721
917
2583
4033
5285
6539
7572
8422
9291
9894
10307
10768
10943
11012
11177
11051
10873
10733
10306
9951
9615
9003
8541
8016
7215
6649
6019
5174
4610
3921
3067
2535
1828
1041
626
11
-595
-749
-1091
-1341
-1112
-1077
-897
-275
65
572
1458
2007
2745
3708
4305
5073
5851
6289
6756
6944
6851
6592
5992
5384
4494
3276
2198
696
-1061
-2616
-4502
-6457
-8224
-10123
-11914
-13527
-14974
-16211
-17244
-17857
-18259
-18485
-18197
-17821
-17382
-16449
-15457
-14437
-12947
-11380
-9875
-8026
-6167
-4525
-2698
-909
540
2093
3610
4740
5926
7074
7853
8649
9394
9829
10236
10597
10748
10810
10863
10828
10640
10468
10265
9830
9436
9071
8468
7972
7542
6856
6250
5651
4785
4042
3346
2500
1884
1362
717
271
-105
-515
-683
-744
-709
-388
-4
503
1218
1828
2498
3320
3979
4740
5606
6176
6766
7302
7432
7531
7482
6968
6398
5634
4473
3321
1989
324
-1312
-3120
-5108
-6956
-8897
-10857
-12614
-14345
-15799
-16913
-17863
-18350
-18618
-18815
-18520
-18082
-17571
-16588
-15541
-14391
-12815
-11309
-9831
-8028
-6351
-4777
-2933
-1240
224
1875
3380
4599
5892
6990
7780
8603
9232
9613
10092
10432
10555
10771
10870
10735
10664
10513
10169
9858
9494
8954
8430
7882
7194
6524
5833
5013
4255
3512
2685
1951
1293
643
114
-320
-706
-980
-1082
-1009
-816
-478
-1
536
1203
1969
2692
3506
4380
5058
5747
6443
6839
7195
7465
7287
7026
6571
5615
4642
3498
1925
403
-1284
-3250
-4984
-6769
-8749
-10421
-12081
-13828
-15152
-16328
-17405
-17934
-18206
-18395
-18101
-17597
-17113
-16193
-15129
-14096
-12619
-11085
-9624
-7789
-6017
-4459
-2640
-966
417
2001
3404
4493
5726
6705
7389
8207
8808
9157
9638
9957
10031
10201
10246
10082
10056
9975
9708
9532
9237
8733
8330
7831
7221
6754
6139
5426
4832
4072
3327
2708
1970
1339
844
300
-64
-268
-435
-395
-272
-109
283
752
1300
2015
2723
3469
4276
5000
5647
6218
6610
6863
7012
6950
6674
6241
5554
4631
3555
2238
722
-853
-2599
-4409
-6196
-8082
-9949
-11712
-13406
-14928
-16156
-17180
-17994
-18397
-18572
-18593
-18247
-17766
-17220
-16275
-15238
-14163
-12658
-11216
-9761
-7900
-6258
-4684
-2839
-1331
95
1662
2867
4022
5260
6191
7119
8089
8735
9303
9883
10147
10359
10620
10607
10556
10581
10365
10093
9921
9489
9048
8680
8023
7403
6806
5961
5207
4485
3575
2828
2132
1297
710
152
-471
-788
-1093
-1349
-1282
-1200
-992
-438
119
802
1703
2505
3365
4329
5135
5922
6712
7235
7706
8060
8114
8096
7829
7262
6603
5632
4368
3103
1514
-276
-1881
-3901
-5918
-7606
-9697
-11537
-12970
-14718
-16018
-16861
-17882
-18277
-18362
-18616
-18228
-17733
-17308
-16287
-15228
-14076
-12492
-10993
-9402
-7596
-5986
-4318
-2573
-1029
548
2079
3356
4616
5767
6698
7616
8409
9029
9590
9998
10286
10486
10570
10614
10582
10527
10429
10187
9928
9558
9031
8559
7971
7262
6654
5889
5027
4335
3523
2675
2032
1264
544
81
-495
-933
-1046
-1200
-1113
-722
-393
145
888
1543
2352
3211
3945
4796
5545
6111
6694
6992
7104
7177
6867
6452
5914
4937
3934
2742
1166
-307
-1952
-3763
-5372
-7143
-8954
-10573
-12279
-13879
-15187
-16380
-17276
-17756
-18015
-18084
-17833
-17391
-16941
-16076
-15064
-14037
-12541
-11109
-9615
-7827
-6193
-4552
-2783
-1179
313
1900
3242
4439
5644
6513
7278
8021
8521
8993
9466
9708
9940
10169
10164
10213
10272
10121
10052
9977
9660
9439
9159
8591
8115
7540
6671
5929
5146
4174
3419
2672
1784
1138
538
-110
-451
-720
-959
-909
-809
-597
-84
486
1179
2021
2827
3689
4563
5355
6096
6710
7199
7554
7727
7768
7588
7194
6660
5869
4851
3683
2259
716
-855
-2603
-4408
-6194
-8122
-10013
-11766
-13524
-15064
-16334
-17510
-18262
-18630
-18913
-18879
-18554
-18151
-17451
-16481
-15458
-14093
-12532
-11042
-9290
-7469
-5790
-3967
-2205
-648
965
2438
3693
4941
5939
6768
7589
8192
8755
9317
9671
10038
10317
10420
10614
10620
10557
10543
10265
10002
9722
9197
8689
8183
7462
6747
6055
5106
4208
3363
2335
1439
653
-206
-846
-1278
-1715
-1859
-1802
-1735
-1353
-768
-188
641
1554
2346
3295
4210
4961
5802
6549
7078
7555
7848
7802
7646
7298
6606
5867
4949
3719
2480
1083
-616
-2255
-4001
-5939
-7663
-9444
-11344
-12943
-14505
-15968
-16969
-17783
-18362
-18525
-18560
-18360
-17814
-17159
-16291
-15105
-13772
-12274
-10588
-8871
-7110
-5341
-3589
-1876
-287
1236
2639
3901
5053
6019
6848
7575
8162
8675
9157
9517
9844
10142
10321
10490
10609
10636
10613
10537
10331
10058
9705
9186
8632
7972
7175
6363
5454
4478
3531
2573
1660
866
168
-392
-798
-1074
-1199
-1148
-937
-615
-136
446
1072
1774
2515
3225
3967
4717
5312
5850
6264
6438
6497
6384
6050
5574
4960
4138
3144
2042
736
-683
-2115
-3668
-5278
-6853
-8542
-10241
-11839
-13457
-14912
-16079
-17099
-17785
-18104
-18278
-18177
-17810
-17375
-16676
-15684
-14581
-13199
-11587
-9945
-8152
-6288
-4546
-2811
-1167
285
1689
2987
4114
5173
6089
6834
7509
8056
8492
8911
9262
9564
9831
9992
10097
10191
10278
10373
10439
10429
10296
10014
9607
9073
8427
7690
6856
5975
5070
4170
3297
2462
1690
998
434
30
-239
-321
-242
-56
317
825
1389
2073
2777
3447
4152
4774
5308
5848
6293
6643
6929
7001
6864
6576
6062
5360
4528
3486
2262
917
-604
-2242
-3894
-5644
-7415
-9117
-10874
-12581
-14139
-15669
-16941
-17825
-18504
-18874
-18920
-18757
-18313
-17665
-16841
-15732
-14433
-12984
-11365
-9629
-7811
-5990
-4225
-2498
-864
664
2101
3433
4634
5681
6585
7358
8006
8571
9072
9506
9889
10222
10520
10750
10888
10956
10939
10853
10678
10353
9962
9478
8865
8197
7398
6501
5599
4614
3608
2676
1692
743
-24
-761
-1319
-1639
-1960
-2045
-1881
-1665
-1150
-447
223
1071
1958
2776
3707
4554
5260
5956
6485
6854
7182
7325
7264
7071
6628
5929
5084
4010
2747
1381
-162
-1787
-3473
-5322
-7129
-8945
-10806
-12488
-14084
-15564
-16752
-17744
-18427
-18698
-18771
-18561
-18040
-17464
-16648
-15532
-14314
-12824
-11158
-9495
-7690
-5901
-4222
-2470
-853
622
2082
3357
4479
5553
6433
7185
7927
8485
9001
9518
9919
10356
10729
10994
11236
11426
11516
11571
11576
11354
11058
10628
9998
9362
8619
7739
6836
5810
4711
3675
2627
1666
843
86
-503
-936
-1232
-1337
-1296
-1160
-894
-502
-5
619
1350
2126
2886
3632
4273
4799
5285
5573
5728
5809
5612
5296
4883
4125
3293
2333
1021
-261
-1650
-3322
-4815
-6440
-8272
-9834
-11537
-13265
-14580
-15965
-17158
-17779
-18352
-18655
-18483
-18294
-17812
-16968
-16126
-14973
-13528
-12099
-10471
-8669
-7003
-5323
-3581
-2027
-553
922
2196
3375
4509
5450
6314
7100
7675
8213
8714
9072
9455
9834
10096
10331
10531
10625
10651
10609
10425
10130
9811
9364
8819
8286
7598
6809
6029
5128
4230
3390
2509
1735
1039
438
80
-220
-318
-219
-135
176
584
1007
1610
2258
2856
3538
4199
4699
5264
5729
6010
6318
6436
6370
6285
5954
5391
4728
3748
2553
1326
-134
-1686
-3227
-4985
-6794
-8577
-10494
-12283
-13929
-15555
-16850
-17855
-18630
-18962
-19069
-18982
-18548
-17980
-17212
-16169
-14997
-13565
-11965
-10366
-8586
-6736
-4974
-3138
-1354
247
1798
3193
4423
5594
6584
7446
8233
8848
9415
9913
10303
10700
11008
11228
11441
11529
11555
11558
11388
11149
10841
10344
9805
9201
8421
7656
6805
5816
4915
3966
2994
2179
1348
559
-26
-588
-1008
-1166
-1277
-1212
-970
-747
-351
176
715
1398
2120
2776
3435
4018
4490
4883
5142
5246
5176
4960
4564
3995
3287
2396
1339
114
-1292
-2813
-4419
-6089
-7759
-9388
-10988
-12526
-13980
-15264
-16317
-17154
-17690
-17915
-17968
-17801
-17344
-16729
-15905
-14791
-13542
-12161
-10585
-8967
-7324
-5586
-3926
-2324
-723
763
2174
3497
4699
5755
6693
7532
8260
8933
9529
10029
10446
10791
11085
11326
11518
11624
11641
11556
11356
11101
10779
10384
9909
9348
8706
7945
7139
6304
5424
4582
3767
2978
2217
1509
891
343
-40
-295
-421
-339
-189
78
508
957
1506
2152
2776
3431
4072
4611
5100
5490
5721
5828
5758
5495
5038
4323
3394
2275
957
-456
-1997
-3653
-5333
-7127
-8937
-10628
-12350
-13961
-15392
-16763
-17763
-18348
-18784
-18863
-18637
-18334
-17733
-16950
-16118
-14903
-13469
-12009
-10263
-8494
-6809
-4957
-3193
-1546
173
1706
3059
4383
5466
6418
7364
8094
8770
9438
9968
10444
10852
11139
11289
11322
11260
11116
10912
10702
10433
10054
9670
9204
8637
8082
7406
6603
5777
4877
3986
3195
2457
1784
1171
575
41
-362
-616
-749
-707
-514
-244
157
644
1147
1783
2495
3137
3787
4402
4881
5319
5661
5812
5856
5687
5233
4628
3799
2707
1531
187
-1355
-2905
-4555
-6308
-7961
-9668
-11434
-13040
-14630
-16094
-17167
-18010
-18515
-18588
-18532
-18260
-17725
-17133
-16311
-15206
-13983
-12527
-10901
-9240
-7442
-5605
-3830
-2012
-304
1253
2762
4098
5296
6442
7406
8254
9018
9618
10155
10635
11008
11330
11590
11774
11923
11992
11966
11847
11609
11255
10816
10308
9728
9061
8345
7578
6727
5861
4975
4032
3154
2322
1471
720
71
-469
-862
-1159
-1332
-1284
-1114
-871
-479
-66
373
919
1490
2112
2747
3304
3802
4183
4455
4601
4520
4259
3768
3024
2163
1097
-101
-1338
-2755
-4244
-5789
-7507
-9214
-10886
-12590
-14091
-15438
-16656
-17483
-18062
-18400
-18347
-18145
-17755
-17072
-16277
-15296
-14037
-12662
-11117
-9376
-7633
-5846
-4025
-2317
-646
955
2420
3770
5026
6148
7145
8012
8680
9261
9764
10152
10528
10849
11091
11270
11318
11258
11162
11005
10807
10539
10140
9675
9127
8475
7810
7113
6341
5560
4773
3955
3154
2394
1670
1023
467
6
-300
-473
-555
-468
-263
-4
394
861
1351
1925
2512
3092
3693
4245
4752
5206
5536
5757
5829
5678
5344
4803
4021
3103
1942
607
-804
-2512
-4242
-5931
-7792
-9479
-11117
-12907
-14468
-15943
-17322
-18140
-18711
-19049
-18874
-18618
-18159
-17312
-16454
-15323
-13819
-12342
-10674
-8771
-7002
-5194
-3307
-1612
66
1707
3109
4444
5671
6647
7562
8360
8980
9600
10151
10573
10972
11266
11418
11527
11539
11439
11295
11054
10721
10331
9828
9237
8579
7832
7034
6190
5311
4450
3584
2734
1949
1172
459
-133
-673
-1082
-1316
-1477
-1487
-1333
-1119
-761
-282
238
892
1605
2274
2968
3626
4177
4695
5115
5341
5464
5451
5242
4928
4447
3707
2802
1719
420
-986
-2493
-4133
-5777
-7408
-9082
-10689
-12246
-13814
-15186
-16358
-17345
-17932
-18228
-18316
-18076
-17613
-16933
-16006
-14871
-13474
-11987
-10408
-8681
-7036
-5324
-3509
-1872
-219
1398
2762
4113
5393
6451
7447
8300
8985
9638
10189
10623
11034
11366
11560
11704
11806
11799
11753
11663
11430
11128
10718
10141
9510
8776
7906
7027
6088
5104
4180
3241
2312
1496
719
24
-500
-965
-1318
-1499
-1632
-1626
-1426
-1145
-696
-105
514
1181
1829
2444
3048
3609
4135
4540
4812
4968
4906
4733
4458
3985
3448
2784
1895
920
-255
-1632
-3060
-4636
-6304
-7937
-9635
-11314
-12865
-14358
-15673
-16720
-17574
-18084
-18245
-18278
-18034
-17431
-16686
-15696
-14438
-13126
-11642
-9965
-8292
-6515
-4663
-2969
-1312
283
1656
2990
4257
5293
6295
7210
7895
8590
9215
9658
10161
10564
10791
11060
11208
11238
11288
11191
10991
10729
10318
9829
9265
8669
7989
7150
6272
5313
4324
3417
2478
1602
898
237
-283
-607
-865
-960
-934
-874
-615
-250
183
764
1361
1980
2640
3247
3877
4460
4923
5375
5650
5779
5835
5636
5323
4934
4280
3550
2692
1529
335
-986
-2530
-4015
-5638
-7359
-8942
-10646
-12349
-13843
-15353
-16703
-17692
-18434
-18780
-18769
-18607
-18104
-17329
-16476
-15301
-13890
-12448
-10789
-9013
-7301
-5487
-3697
-2018
-315
1261
2690
4115
5389
6495
7546
8422
9120
9818
10407
10880
11368
11743
12010
12143
12089
11982
11789
11508
11196
10760
10227
9610
8855
8038
7155
6166
5186
4170
3118
2182
1248
406
-243
-885
-1346
-1630
-1898
-1939
-1874
-1769
-1425
-1000
-496
219
903
1590
2337
2944
3565
4175
4599
5051
5405
5565
5684
5530
5183
4754
4012
3184
2316
1133
-71
-1309
-2829
-4259
-5702
-7356
-8858
-10421
-12088
-13464
-14814
-16117
-16992
-17621
-17930
-17811
-17606
-17155
-16395
-15643
-14601
-13279
-12020
-10480
-8743
-7134
-5360
-3578
-2009
-392
1077
2352
3712
4932
5975
7054
7934
8670
9417
9937
10355
10801
11081
11327
11554
11590
11571
11486
11232
10915
10497
9942
9322
8614
7837
7025
6164
5277
4368
3460
2613
1814
1094
485
-67
-477
-740
-894
-814
-577
-245
268
780
1324
1971
2535
3163
3843
4382
4962
5457
5757
6063
6157
6048
5920
5544
5029
4483
3645
2687
1661
366
-957
-2317
-3891
-5402
-6929
-8586
-10094
-11609
-13156
-14418
-15584
-16601
-17217
-17686
-17899
-17664
-17303
-16764
-15892
-14881
-13685
-12317
-10914
-9334
-7683
-6103
-4418
-2809
-1393
49
1412
2629
3913
5109
6130
7142
7946
8610
9294
9802
10272
10705
10942
11161
11241
11162
11087
10823
10428
10037
9452
8811
8182
7357
6523
5647
4610
3682
2766
1820
1020
225
-488
-1037
-1533
-1832
-1911
-1883
-1644
-1280
-846
-223
479
1220
2066
2871
3631
4399
5049
5632
6174
6551
6824
6982
6920
6752
6439
5934
5367
4625
3683
2705
1499
125
-1225
-2788
-4404
-5955
-7706
-9349
-10878
-12526
-13926
-15125
-16299
-17071
-17634
-18087
-17981
-17683
-17308
-16541
-15728
-14777
-13434
-12088
-10678
-8974
-7322
-5714
-3980
-2376
-808
774
2150
3457
4692
5719
6704
7622
8371
9080
9726
10247
10752
11162
11427
11640
11727
11668
11505
11292
10961
10506
10002
9399
8700
7928
7110
6247
5300
4328
3368
2427
1541
721
-11
-662
-1223
-1630
-1873
-1950
-1833
-1581
-1149
-576
45
781
1541
2264
3037
3703
4281
4834
5177
5440
5650
5669
5672
5551
5217
4855
4265
3459
2648
1614
452
-697
-2122
-3593
-4949
-6528
-8074
-9471
-11019
-12376
-13547
-14828
-15808
-16554
-17299
-17608
-17632
-17550
-16983
-16244
-15525
-14418
-13142
-11871
-10312
-8685
-7125
-5433
-3771
-2191
-559
939
2306
3639
4764
5757
6705
7449
8087
8679
9130
9537
9859
10054
10242
10311
10266
10232
10082
9858
9640
9294
8852
8339
7692
6990
6257
5509
4801
4024
3230
2502
1741
1120
614
-5
-309
-427
-712
-555
-216
-105
465
1104
1535
2357
3109
3716
4522
5119
5603
6080
6385
6632
6693
6672
6530
6067
5641
5056
4127
3328
2342
1069
-60
-1396
-2942
-4321
-5881
-7525
-8949
-10511
-12071
-13297
-14529
-15659
-16408
-17076
-17597
-17764
-17769
-17523
-16916
-16175
-15317
-14182
-12871
-11511
-9961
-8274
-6618
-4840
-3030
-1415
205
1773
3106
4400
5619
6623
7571
8419
9083
9682
10177
10498
10747
10901
10896
10845
10745
10521
10270
9982
9584
9163
8682
8072
7436
6745
5938
5130
4309
3436
2631
1870
1097
424
-153
-699
-1078
-1284
-1413
-1351
-1094
-773
-282
370
999
1686
2486
3173
3815
4536
5099
5591
6129
6422
6583
6667
6441
6182
5823
5202
4579
3734
2751
1767
425
-852
-2153
-3896
-5380
-6827
-8608
-10003
-11378
-12880
-13968
-15143
-16278
-16888
-17498
-17871
-17675
-17454
-16994
-16124
-15316
-14237
-12753
-11441
-9921
-8070
-6523
-4873
-3012
-1584
-90
1537
2733
4029
5309
6088
7013
7868
8283
8871
9323
9469
9851
10087
10072
10224
10191
9954
9847
9608
9203
8906
8509
7961
7543
7006
6263
5664
4974
4134
3502
2808
2060
1616
1141
639
464
302
198
445
701
1042
1684
2215
2783
3542
4112
4726
5411
5769
6145
6522
6580
6723
6809
6560
6395
6022
5301
4729
3861
2750
1894
660
-737
-1856
-3458
-5127
-6468
-8234
-9836
-11040
-12722
-14120
-15064
-16415
-17244
-17604
-18330
-18288
-17833
-17692
-16811
-15852
-15027
-13546
-12223
-10721
-8931
-7439
-5412
-3693
-2363
-319
1015
2100
3868
4795
5670
6903
7404
8047
8799
9083
9455
9745
9836
9895
9912
9936
9795
9728
9697
9311
8981
8677
8055
7535
7036
6264
5525
4812
3910
3021
2274
1482
738
210
-319
-820
-1036
-1190
-1292
-1101
-857
-590
-15
659
1351
2232
3071
3818
4617
5267
5808
6344
6647
6811
6927
6845
6666
6405
5968
5451
4774
4009
3235
2231
1110
22
-1314
-2725
-4046
-5613
-7187
-8529
-10060
-11537
-12741
-14105
-15325
-16108
-16941
-17618
-17736
-17731
-17595
-16877
-16091
-15455
-14231
-12854
-11781
-10136
-8297
-6857
-4985
-3075
-1605
166
1802
3006
4441
5613
6390
7393
8149
8547
9169
9645
9848
10202
10478
10583
10674
10663
10588
10394
10136
9920
9493
9018
8592
7896
7192
6560
5687
4806
4049
3224
2414
1772
1200
579
153
-57
-313
-368
-174
-57
221
705
1112
1633
2271
2756
3261
3834
4246
4634
5072
5331
5422
5460
5309
4980
4605
4152
3561
2865
2147
1336
325
-651
-1695
-3061
-4305
-5519
-7123
-8437
-9601
-11265
-12497
-13421
-14940
-15854
-16208
-17206
-17515
-17084
-17410
-17085
-15864
-15421
-14473
-12625
-11555
-10186
-8004
-6545
-4975
-2855
-1425
14
1765
2911
4069
5336
6122
6935
7702
8117
8490
8712
8830
8920
8855
8940
9026
8875
8946
9014
8691
8527
8385
7770
7324
7057
6329
5746
5424
4632
3858
3438
2725
1950
1628
1218
692
637
585
539
899
1079
1488
2079
2336
3197
3772
3950
5118
5402
5412
6571
6402
6320
7137
6402
6136
6316
5108
4671
4274
2861
2179
1335
-48
-975
-2171
-3557
-4714
-6152
-7641
-8841
-10198
-11674
-12732
-13828
-15156
-15824
-16312
-17244
-17469
-17219
-17531
-17265
-16135
-15571
-14858
-13090
-11732
-10737
-8760
-6902
-5638
-3698
-1747
-384
1329
2934
4107
5507
6635
7466
8509
9190
9637
10282
10604
10723
10918
10883
10761
10571
10268
10133
9807
9315
9158
8713
7987
7724
7109
6096
5682
4910
3670
3213
2492
1266
865
300
-621
-755
-1003
-1341
-1000
-858
-679
6
407
824
1650
2277
2764
3499
4231
4583
4963
5541
5714
5709
5917
5868
5490
5199
4751
4064
3416
2604
1683
769
-354
-1598
-2756
-4012
-5538
-6752
-7994
-9660
-10751
-11880
-13295
-14170
-15130
-15976
-16630
-17237
-17270
-17480
-17583
-16599
-16044
-15500
-13495
-12282
-11241
-8728
-7107
-5740
-3289
-1660
-234
1901
3133
4459
6328
7007
8002
9508
9687
10123
11134
11059
11048
11616
11517
11262
11383
11213
10764
10451
10107
9541
8891
8297
7677
6840
6060
5444
4567
3774
3177
2238
1554
1094
252
-72
-168
-709
-529
-159
-305
284
994
1147
1939
2782
3042
3772
4554
4791
5282
5751
5723
5837
5942
5674
5461
5127
4461
3857
3119
2132
1241
259
-900
-2062
-3286
-4465
-5768
-7235
-8404
-9710
-11320
-12373
-13437
-14987
-15775
-16153
-17252
-17693
-17165
-17559
-17690
-16242
-15656
-15388
-13282
-11794
-11008
-8533
-6538
-5419
-2910
-911
213
2466
4074
4865
6661
7706
8076
9419
9957
9907
10750
10863
10433
10752
10632
10043
9936
9798
9372
9010
8804
8545
7927
7432
7220
6487
5683
5384
4625
3661
3264
2644
1795
1348
848
230
-80
-325
-575
-460
-323
-323
264
797
899
1774
2505
2497
3423
4251
4119
4846
5569
5288
5542
5810
5279
5037
4781
4021
3336
2524
1526
590
-517
-1556
-2644
-3978
-5113
-6466
-7949
-8938
-10434
-11998
-12636
-14048
-15579
-15539
-16370
-17723
-16979
-16907
-17945
-16613
-15399
-15831
-14133
-11950
-11587
-9696
-7026
-5979
-4047
-1489
-164
1630
3604
4686
6175
7527
8191
9312
10184
10343
10985
11604
11310
11359
11818
11291
10937
11270
10728
10131
10059
9626
8999
8305
8068
7445
6131
6270
5588
3859
4314
3268
1480
2234
871
-458
548
-866
-1506
-395
-1471
-1546
-452
-804
-607
407
924
1096
1901
2947
2959
3512
4531
4344
4605
5069
4628
4627
4438
3792
3481
2677
1757
1113
-41
-1125
-2091
-3491
-4805
-6200
-7764
-8954
-10416
-11953
-12718
-13978
-15530
-15722
-16374
-17761
-17308
-17007
-17995
-16991
-15581
-15800
-14413
-12203
-11506
-9835
-7332
-5980
-4207
-1886
-294
1438
3291
4579
6024
7389
8121
9106
10082
10246
10641
11323
11160
11032
11501
11283
10733
10852
10638
9882
9621
9420
8733
8132
7754
7273
6524
5866
5464
4635
3717
3377
2736
1844
1595
1171
416
270
123
-247
-115
-23
53
504
660
1002
1765
2030
2434
3289
3672
3816
4357
4841
4586
4618
5113
4398
3899
4229
3023
2063
2013
425
-863
-1368
-3080
-4521
-5414
-7030
-8501
-9499
-10893
-12407
-13177
-14236
-15740
-15846
-16173
-17382
-16655
-16108
-16956
-15643
-14236
-14526
-12785
-10629
-10283
-8387
-5907
-5045
-3152
-766
448
2248
4129
5228
6637
7759
8461
9442
10045
10306
10785
11086
10991
11012
11201
10928
10508
10471
10047
9280
8911
8446
7624
6998
6566
5943
5183
4710
4329
3522
2848
2593
1906
1119
989
610
-123
-173
-186
-598
-448
-169
-108
377
690
994
1798
1979
2276
3328
3458
3571
4556
4703
4604
5138
5158
4838
4649
4244
3632
2703
1802
1097
-260
-1637
-2512
-4151
-5868
-6935
-8540
-10074
-11277
-12716
-13736
-14994
-16139
-16355
-17205
-17739
-17168
-17234
-17044
-16075
-15166
-14185
-13116
-11312
-9652
-8563
-6218
-4201
-2965
-589
1254
2649
4598
5825
7311
8742
9256
10582
11536
11397
12160
12713
12207
12256
12483
11873
11271
11149
10603
9703
9265
8820
7912
7090
6551
5867
4848
4168
3862
2948
2060
1966
1375
434
414
251
-494
-611
-572
-916
-924
-725
-507
-174
30
538
1240
1429
1958
2925
3145
3475
4419
4627
4612
5136
5180
4846
4704
4371
3739
2888
2048
1183
-148
-1394
-2474
-4003
-5412
-6730
-8336
-9594
-11000
-12554
-13287
-14435
-15807
-15705
-16148
-17311
-16504
-16007
-16831
-15551
-14092
-14317
-12705
-10530
-10076
-8322
-5967
-5048
-3225
-1097
-51
1815
3625
4508
6231
7595
8001
9262
10145
10060
10760
11238
10862
10994
11122
10734
10352
10079
9929
9356
8683
8674
8111
7105
6940
6523
5519
5112
4821
4029
3472
3254
2664
2040
1838
1373
845
799
588
289
330
257
221
419
506
672
1024
1215
1380
1781
2167
2357
2665
3061
3127
3125
3285
3191
2843
2538
2121
1388
570
-240
-1317
-2437
-3567
-4959
-6151
-7429
-9022
-9968
-11106
-12613
-13135
-13967
-15099
-15005
-15382
-16080
-15202
-15024
-15275
-13569
-12764
-12459
-10214
-8907
-8143
-5777
-4271
-3232
-900
508
1632
3726
4806
5788
7472
8200
8885
10088
10444
10705
11359
11331
11166
11292
11028
10687
10443
10001
9578
9012
8313
7898
7287
6503
6166
5690
4889
4511
4090
3240
2762
2419
1638
1171
1037
447
66
190
-216
-530
-133
-263
-410
227
381
430
1147
1409
1518
2067
2178
2287
2772
2805
2855
3137
2887
2617
2444
1832
1175
433
-564
-1587
-2810
-4053
-5380
-6834
-7980
-9303
-10654
-11486
-12595
-13645
-14167
-14963
-15426
-15463
-15822
-15457
-14812
-14776
-13660
-12332
-11987
-10326
-8417
-7716
-5658
-3353
-2268
-167
1950
3052
4745
6241
7206
8460
9277
9902
10724
11015
11227
11613
11513
11328
11299
10938
10500
10092
9483
8946
8358
7648
7178
6617
5910
5511
5044
4340
3923
3541
2826
2354
2080
1442
1009
930
543
265
353
226
127
299
374
462
707
963
1241
1543
1939
2363
2654
2968
3200
3221
3274
3247
3024
2821
2502
1942
1370
709
-190
-921
-1870
-3292
-4134
-5383
-7298
-7887
-9098
-11099
-11255
-12307
-13987
-13776
-14583
-15403
-14828
-15270
-14931
-14028
-14081
-12740
-11526
-11187
-9303
-7790
-6987
-4945
-3155
-1873
29
1730
3124
4578
5764
6993
8119
8738
9638
10491
10495
10813
11409
11093
10876
11189
10810
10166
10078
9769
8969
8489
8262
7617
6896
6611
6165
5284
4689
4279
3436
2591
2196
1744
1012
644
571
26
-486
-470
-742
-1211
-1147
-1006
-1107
-986
-617
-389
-257
121
555
781
1072
1440
1597
1682
1777
1763
1676
1391
1019
686
-115
-964
-1487
-2619
-3781
-4389
-5599
-6837
-7539
-8671
-9746
-10463
-11360
-12127
-12720
-13120
-13305
-13537
-13324
-12868
-12589
-11795
-10854
-10166
-8906
-7517
-6456
-4857
-3151
-1933
-294
1467
2581
3957
5440
6232
7315
8473
8889
9631
10408
10432
10798
11188
10928
10948
10920
10472
10276
9893
9301
9004
8392
7706
7375
6665
5970
5661
4937
4306
4047
3325
2713
2452
1781
1245
986
362
-98
-291
-689
-878
-901
-1113
-1150
-1087
-1053
-828
-658
-478
-139
-29
147
515
500
546
796
525
234
160
-486
-1158
-1513
-2382
-3327
-3953
-5012
-6145
-6988
-8104
-9132
-9872
-10767
-11408
-11877
-12599
-12893
-12904
-13234
-13085
-12467
-12163
-11527
-10342
-9455
-8521
-7062
-5817
-4735
-3197
-1736
-537
934
2338
3502
4739
5843
6831
7770
8450
9113
9696
9927
10172
10407
10302
10188
10163
9879
9522
9314
8965
8467
8112
7730
7127
6632
6245
5609
5031
4596
3902
3343
2998
2354
1911
1685
1093
711
616
216
-73
-118
-418
-646
-675
-819
-821
-789
-815
-642
-506
-373
-114
50
144
241
274
167
13
-137
-477
-898
-1248
-1816
-2503
-3028
-3746
-4579
-5226
-6112
-7047
-7756
-8585
-9304
-9825
-10422
-10856
-11091
-11321
-11410
-11294
-11035
-10666
-10108
-9332
-8550
-7673
-6547
-5474
-4380
-3034
-1782
-611
762
1965
2988
4157
5212
6126
7120
7953
8593
9173
9593
9959
10244
10282
10324
10292
10043
9944
9773
9360
9096
8687
8085
7655
7073
6407
5879
5219
4605
4033
3312
2718
2132
1468
968
425
-145
-548
-981
-1373
-1620
-1922
-2174
-2270
-2341
-2289
-2114
-1915
-1632
-1396
-1210
-1008
-923
-841
-715
-698
-661
-688
-887
-1070
-1395
-1771
-2156
-2690
-3184
-3800
-4532
-5143
-5798
-6540
-7121
-7668
-8320
-8754
-9119
-9477
-9562
-9609
-9582
-9280
-8956
-8563
-7984
-7435
-6776
-5967
-5163
-4203
-3127
-2053
-967
88
1123
2168
3185
4201
5133
5919
6683
7324
7912
8523
8962
9326
9623
9709
9759
9816
9696
9516
9321
8920
8479
8089
7580
7065
6578
5980
5359
4743
4063
3418
2789
2146
1590
1058
539
117
-292
-692
-1013
-1294
-1532
-1715
-1790
-1787
-1783
-1654
-1472
-1383
-1210
-1035
-965
-811
-668
-594
-450
-378
-402
-420
-577
-828
-1073
-1455
-1916
-2369
-2932
-3513
-4081
-4750
-5415
-6038
-6670
-7197
-7690
-8162
-8513
-8822
-9004
-8982
-8934
-8823
-8544
-8254
-7864
-7290
-6676
-5954
-5112
-4227
-3278
-2260
-1233
-158
916
1907
2924
3787
4600
5462
6153
6844
7504
7995
8429
8817
9063
9196
9266
9202
9043
8859
8609
8287
7954
7623
7219
6734
6180
5543
4872
4220
3568
2943
2334
1733
1175
607
28
-499
-1022
-1502
-1880
-2227
-2518
-2693
-2812
-2876
-2873
-2843
-2801
-2716
-2597
-2450
-2256
-2015
-1760
-1473
-1171
-932
-769
-666
-656
-759
-948
-1201
-1510
-1846
-2189
-2549
-2931
-3325
-3739
-4159
-4581
-5003
-5412
-5786
-6074
-6253
-6366
-6388
-6348
-6280
-6107
-5852
-5531
-5096
-4608
-4067
-3436
-2789
-2112
-1382
-666
35
750
1450
2129
2796
3452
4087
4696
5273
5798
6252
6640
6957
7197
7369
7478
7531
7537
7479
7384
7255
7061
6809
6449
5986
5496
4941
4382
3847
3226
2627
2080
1457
894
394
-160
-650
-1078
-1506
-1852
-2151
-2443
-2679
-2827
-2889
-2894
-2850
-2755
-2651
-2532
-2364
-2166
-1961
-1771
-1615
-1504
-1431
-1379
-1363
-1381
-1395
-1429
-1515
-1655
-1825
-2038
-2292
-2575
-2897
-3240
-3558
-3835
-4074
-4288
-4477
-4640
-4777
-4886
-4964
-5012
-5026
-4982
-4850
-4628
-4328
-3960
-3520
-3017
-2467
-1888
-1286
-657
-2
666
1334
2001
2650
3262
3847
4397
4893
5330
5707
6047
6337
6552
6711
6813
6848
6834
6731
6537
6305
6021
5663
5252
4784
4284
3790
3279
2758
2247
1720
1207
721
212
-285
-743
-1173
-1548
-1843
-2082
-2259
-2399
-2520
-2598
-2627
-2594
-2485
-2336
-2176
-2017
-1858
-1710
-1592
-1465
-1292
-1109
-968
-873
-814
-796
-810
-833
-882
-970
-1083
-1234
-1422
-1649
-1894
-2140
-2394
-2634
-2830
-2987
-3080
-3144
-3227
-3285
-3313
-3330
-3280
-3158
-3001
-2789
-2520
-2207
-1872
-1525
-1173
-815
-435
-17
431
886
1327
1741
2120
2458
2767
3061
3342
3606
3835
4018
4153
4245
4315
4350
4352
4336
4270
4138
3945
3691
3428
3163
2854
2530
2200
1838
1476
1106
715
328
-50
-425
-781
-1115
-1417
-1675
-1874
-2002
-2091
-2156
-2193
-2226
-2268
-2294
-2281
-2225
-2114
-1946
-1744
-1545
-1351
-1146
-945
-747
-562
-409
-270
-167
-109
-43
14
36
44
12
-63
-150
-263
-391
-521
-669
-822
-977
-1130
-1260
-1348
-1382
-1378
-1347
-1313
-1293
-1269
-1264
-1282
-1235
-1133
-1017
-868
-698
-512
-297
-73
163
403
631
836
1017
1207
1406
1577
1726
1855
1956
2052
2141
2211
2259
2286
2308
2309
2269
2223
2184
2122
2029
1913
1760
1559
1323
1063
781
500
233
-17
-233
-408
-564
-694
-792
-879
-964
-1044
-1146
-1289
-1442
-1573
-1674
-1717
-1673
-1559
-1404
-1219
-1025
-849
-694
-563
-473
-420
-369
-315
-281
-268
-258
-234
-192
-139
-95
-68
-45
-36
-69
-140
-225
-319
-419
-511
-580
-606
-591
-564
-543
-535
-546
-576
-598
-585
-553
-522
-480
-420
-354
-290
-216
-134
-51
23
80
133
229
387
571
735
858
938
996
1067
1156
1231
1259
1235
1181
1118
1061
1017
983
967
950
901
828
716
561
406
257
103
-25
-128
-226
-310
-367
-395
-401
-387
-373
-373
-396
-446
-514
-567
-584
-553
-458
-321
-187
-87
-59
-104
-161
-194
-203
-175
-120
-61
6
76
123
144
124
72
36
4
-53
-120
-178
-233
-267
-264
-248
-259
-290
-316
-351
-399
-432
-460
-505
-543
-547
-531
-515
-487
-451
-407
-343
-260
-170
-79
1
61
103
119
119
128
147
171
220
305
400
496
600
692
746
764
768
760
735
686
613
531
443
355
281
212
135
66
1
-71
-162
-239
-275
-313
-378
-448
-516
-548
-510
-424
-318
-222
-157
-90
-24
2
1
2
-11
-37
-22
59
170
298
444
578
681
740
735
675
604
547
501
456
412
367
313
239
149
56
-36
-141
-252
-359
-467
-572
-666
-750
-822
-870
-896
-908
-912
-909
-908
-910
-909
-898
-869
-810
-718
-604
-490
-394
-314
-231
-133
-32
60
134
198
258
324
411
525
642
726
746
706
647
601
597
622
649
662
658
638
609
578
531
458
373
314
264
200
152
117
55
-3
-20
-1
29
45
58
68
56
50
64
75
86
108
133
149
160
164
161
157
153
131
93
65
57
59
59
60
65
69
62
20
-52
-121
-183
-260
-353
-430
-470
-501
-533
-533
-518
-515
-519
-546
-584
-623
-663
-668
-646
-618
-554
-466
-390
-333
-303
-278
-235
-182
-130
-82
-43
-12
2
12
47
108
176
239
289
317
329
353
386
401
409
428
446
462
495
525
524
498
467
435
403
362
298
239
220
236
258
268
259
230
183
119
56
21
17
23
43
67
74
63
64
89
113
113
83
37
-1
-30
-59
-88
-111
-131
-141
-145
-141
-132
-132
-134
-131
-134
-160
-183
-211
-256
-280
-318
-357
-386
-410
-409
-404
-394
-387
-397
-408
-419
-417
-390
-333
-262
-184
-112
-64
-43
-38
-45
-64
-73
-74
-80
-71
-27
12
52
114
155
172
199
235
245
251
257
258
265
270
288
292
286
292
278
265
253
253
266
273
275
278
294
313
322
327
325
310
278
243
207
174
149
129
103
77
70
79
83
81
65
26
-34
-98
-159
-201
-217
-212
-201
-196
-204
-216
-228
-245
-261
-271
-287
-310
-314
-294
-273
-257
-247
-240
-231
-216
-197
-175
-151
-139
-148
-171
-193
-206
-217
-224
-219
-198
-160
-119
-82
-51
-28
-23
-34
-51
-66
-75
-67
-51
-28
-6
12
28
47
61
48
6
-26
-33
-18
13
60
110
159
202
230
247
256
263
274
300
342
391
434
455
460
462
452
419
382
365
340
310
291
274
239
198
149
91
35
-7
-40
-70
-92
-113
-149
-200
-260
-308
-320
-298
-259
-222
-197
-184
-191
-215
-235
-245
-240
-223
-203
-180
-160
-150
-151
-151
-137
-114
-81
-46
-21
-14
-18
-30
-47
-64
-81
-101
-125
-147
-160
-169
-172
-167
-163
-156
-140
-115
-87
-58
-38
-41
-63
-85
-106
-121
-122
-101
-60
-6
55
109
146
162
169
171
175
185
207
238
275
319
358
375
361
332
306
293
284
279
278
276
263
238
200
152
100
60
44
40
43
48
51
32
-10
-62
-110
-153
-186
-196
-191
-180
-158
-130
-107
-92
-86
-97
-123
-148
-161
-166
-160
-138
-105
-76
-63
-53
-44
-34
-30
-36
-49
-69
-91
-106
-111
-105
-99
-105
-118
-130
-130
-117
-98
-87
-89
-101
-119
-127
-122
-102
-80
-59
-42
-25
-6
10
18
21
24
31
39
47
58
77
105
129
143
142
129
105
77
56
51
65
87
108
126
142
159
174
185
195
202
203
195
187
182
178
163
136
103
74
53
42
39
44
57
71
77
72
57
31
-1
-37
-71
-94
-97
-84
-64
-54
-55
-69
-85
-101
-120
-146
-169
-180
-177
-164
-150
-137
-132
-131
-130
-122
-113
-108
-107
-110
-107
-100
-92
-86
-86
-93
-102
-102
-91
-69
-40
-11
8
9
-4
-20
-28
-24
-17
-17
-22
-29
-30
-27
-19
-5
12
33
62
105
146
168
163
140
112
90
83
95
123
152
171
179
180
176
166
154
141
131
122
119
122
125
124
117
100
74
46
24
10
3
2
2
1
-7
-19
-27
-22
-6
9
15
10
-6
-28
-54
-79
-101
-115
-121
-122
-124
-124
-124
-122
-126
-127
-122
-109
-96
-90
-92
-97
-100
-95
-89
-81
-77
-78
-82
-83
-77
-70
-70
-78
-87
-91
-90
-77
-57
-35
-15
0
11
21
28
28
22
17
17
27
46
65
85
92
84
69
60
61
67
75
85
94
109
122
129
131
127
108
83
63
50
47
56
71
84
98
110
121
131
133
117
93
71
48
24
11
3
-12
-27
-36
-36
-37
-43
-51
-61
-68
-74
-71
-61
-53
-49
-47
-51
-62
-74
-81
-87
-89
-92
-98
-98
-95
-93
-91
-88
-92
-107
-121
-133
-140
-138
-130
-119
-103
-84
-67
-55
-44
-35
-30
-29
-31
-30
-19
1
22
36
48
61
72
73
75
74
70
65
60
54
50
50
60
69
69
65
60
58
62
72
90
105
111
116
122
125
121
112
99
88
78
71
64
61
61
54
51
53
54
45
32
26
21
11
-3
-22
-37
-46
-50
-51
-43
-33
-30
-40
-53
-66
-74
-76
-69
-58
-53
-58
-66
-72
-74
-76
-79
-82
-82
-85
-91
-91
-85
-76
-74
-79
-83
-85
-84
-78
-66
-48
-30
-19
-16
-14
-12
-9
-1
6
16
25
27
26
23
24
32
44
55
64
71
72
72
69
63
56
47
44
47
49
51
51
51
52
51
47
41
36
34
40
49
55
51
45
32
24
19
15
13
10
6
3
0
-7
-16
-22
-23
-20
-16
-12
-7
-3
3
8
12
9
-2
-20
-33
-42
-44
-41
-38
-37
-34
-27
-21
-20
-21
-20
-19
-27
-41
-53
-59
-64
-65
-63
-53
-42
-35
-30
-25
-20
-18
-16
-15
-18
-23
-27
-33
-36
-37
-32
-20
-6
7
17
24
26
28
31
32
34
38
44
46
47
47
47
45
45
42
37
33
33
34
32
28
25
22
25
33
39
42
44
44
42
38
32
25
20
19
20
23
27
29
26
18
5
-9
-22
-28
-27
-24
-17
-11
-6
-4
-2
-3
-8
-17
-26
-37
-46
-46
-42
-35
-27
-21
-21
-28
-35
-43
-48
-45
-40
-32
-20
-13
-5
-3
-7
-13
-20
-24
-24
-24
-26
-28
-26
-20
-6
8
22
28
26
22
19
19
22
24
25
23
19
16
11
8
4
2
3
6
12
22
30
34
36
33
28
21
16
16
17
22
25
26
21
15
8
2
-3
-7
-11
-17
-18
-14
-7
2
5
2
-2
-4
0
9
18
24
26
25
21
17
14
8
3
-3
-12
-21
-28
-30
-28
-22
-16
-13
-15
-19
-24
-27
-29
-32
-36
-39
-35
-21
-4
11
18
15
4
-6
-14
-20
-24
-28
-33
-31
-26
-17
-6
-1
-3
-10
-18
-22
-19
-16
-11
-6
-2
6
13
21
25
28
32
37
40
42
39
35
33
32
36
36
33
25
18
10
5
2
4
10
17
22
22
20
16
12
10
6
1
-3
-7
-8
-6
0
8
17
24
27
24
14
-2
-16
-27
-27
-22
-13
-8
-5
-8
-11
-17
-21
-23
-22
-21
-17
-17
-17
-18
-19
-20
-22
-24
-26
-27
-26
-23
-24
-27
-33
-40
-45
-48
-49
-45
-35
-25
-12
-1
10
18
22
22
20
16
13
12
14
18
25
30
36
36
36
32
25
18
11
7
5
5
5
4
3
3
5
7
10
13
19
24
28
31
31
31
33
34
34
31
27
22
15
11
4
-3
-9
-12
-9
-2
5
8
4
-3
-10
-16
-18
-17
-16
-15
-11
-7
-2
2
4
4
1
-2
-5
-9
-14
-20
-24
-26
-29
-30
-36
-40
-45
-50
-50
-46
-37
-24
-10
3
11
12
8
0
-8
-12
-16
-15
-14
-11
-7
-2
3
8
9
8
7
7
7
6
8
9
10
11
12
10
6
5
5
9
15
22
30
33
35
35
33
30
24
15
6
0
-1
4
10
17
20
21
19
16
13
9
4
0
-2
-2
1
3
6
8
8
8
8
7
5
1
1
-1
-4
-8
-14
-19
-19
-14
-8
-6
-9
-16
-24
-29
-28
-26
-24
-26
-29
-31
-31
-29
-31
-32
-34
-30
-25
-16
-14
-13
-11
-7
-1
5
8
9
8
8
6
6
2
0
-1
2
7
13
19
21
20
19
17
14
13
13
15
15
14
7
3
1
6
13
19
23
22
20
20
20
21
21
19
16
12
5
-3
-10
-13
-14
-13
-8
-3
2
3
-1
-5
-10
-11
-8
-5
-2
0
1
5
7
11
12
11
8
4
2
1
-2
-5
-10
-18
-23
-27
-29
-26
-24
-20
-17
-14
-12
-9
-9
-11
-16
-19
-21
-20
-17
-12
-8
-5
0
5
13
19
21
20
15
11
6
2
1
1
2
7
11
16
18
18
16
12
8
7
8
14
17
18
14
10
7
9
11
13
11
10
8
8
6
3
0
-4
-7
-10
-11
-12
-12
-11
-9
-7
-3
2
7
9
11
8
4
0
-2
-1
2
6
9
9
7
0
-6
-14
-20
-21
-23
-22
-20
-19
-16
-10
-5
-1
2
-1
-6
-12
-16
-16
-14
-9
-4
-2
-1
-1
1
2
4
3
1
-4
-9
-10
-11
-6
-3
1
2
2
1
0
-1
0
0
3
7
11
15
19
22
25
27
28
24
17
10
5
3
3
0
0
1
4
8
10
11
9
4
-2
-8
-12
-12
-8
-4
0
3
5
7
8
9
9
8
8
9
9
5
-2
-9
-14
-15
-12
-8
-3
-2
-2
0
-1
-1
-5
-10
-15
-19
-21
-16
-12
-6
-3
-3
-3
-5
-4
-7
-12
-16
-19
-20
-20
-15
-10
-5
0
6
12
15
13
8
2
-4
-8
-11
-13
-12
-10
-5
4
14
19
24
25
22
18
12
5
-1
-5
-6
-6
-6
-3
0
3
6
9
10
10
11
10
9
6
2
-2
-2
3
9
18
25
29
29
25
17
10
3
-2
-5
-4
-4
-2
-1
-1
-4
-7
-10
-11
-9
-6
-3
-1
-3
-5
-6
-6
-4
0
2
3
2
-2
-3
-4
-4
-3
-2
-1
2
1
-4
-12
-20
-26
-27
-23
-19
-16
-14
-12
-14
-13
-13
-10
-9
-7
-5
-4
-2
0
5
9
13
16
13
9
5
3
4
4
4
4
3
2
3
4
5
7
7
7
7
8
8
11
16
19
20
19
17
16
16
17
17
14
9
2
-6
-10
-12
-14
-10
-7
-3
-2
-1
-3
-6
-9
-9
-9
-6
-7
-3
0
5
10
15
16
16
12
10
6
3
-1
-7
-13
-19
-24
-26
-26
-24
-21
-18
-18
-17
-18
-16
-12
-7
0
6
10
12
12
11
11
8
7
5
6
6
6
4
0
-6
-13
-17
-16
-12
-6
-1
1
3
3
0
0
2
5
9
10
11
9
8
7
7
9
9
7
7
6
4
2
-2
-6
-7
-6
-2
1
3
5
5
4
3
1
3
5
11
14
17
18
19
17
13
6
-2
-10
-17
-22
-25
-24
-22
-16
-7
-2
4
5
4
1
-5
-10
-15
-16
-14
-11
-4
2
10
15
18
16
11
5
-3
-9
-14
-16
-13
-9
-5
1
5
6
5
3
0
-5
-8
-7
-5
-1
0
1
-2
0
4
8
11
12
10
9
7
5
4
3
2
3
2
1
0
-1
-3
-8
-14
-17
-15
-9
-3
3
6
7
7
11
13
13
10
6
5
4
6
8
10
10
11
9
6
4
2
-1
-2
-1
-5
-8
-10
-11
-11
-7
-3
-1
0
0
0
4
4
5
3
3
-1
0
-1
-1
-3
-5
-8
-11
-13
-13
-11
-8
-6
-4
-5
-7
-8
-7
-5
-2
1
3
5
5
7
7
6
4
1
-1
-3
-3
-4
-3
-2
0
1
1
1
1
-1
-3
-4
-2
2
7
10
10
8
4
2
3
5
7
10
10
10
6
2
-2
-4
-4
-4
-2
-2
-4
-5
-5
-3
-1
2
3
1
1
0
-1
-4
-4
-5
-5
-3
-1
2
4
5
6
6
6
5
4
4
6
9
10
8
4
-1
-6
-6
-5
-4
-4
-4
-7
-6
-6
-4
-2
0
0
1
0
0
-1
-2
-4
-4
-6
-6
-6
-4
-3
0
-1
-2
-4
-6
-8
-9
-8
-8
-7
-5
-2
1
7
10
12
9
4
-1
-4
-4
-2
3
8
13
15
15
13
8
3
-2
-7
-8
-8
-5
-2
-1
2
2
3
5
5
4
3
0
0
0
2
4
5
3
3
2
4
4
5
2
-2
-4
-7
-10
-12
-13
-12
-6
-3
1
4
4
3
2
0
-1
-1
-2
1
1
4
6
9
10
9
5
2
-2
-5
-7
-7
-6
-4
-2
0
1
2
2
2
2
2
2
2
2
2
1
0
-1
-3
-4
-7
-5
-4
-1
0
1
-1
-2
-6
-7
-12
-14
-13
-8
-2
1
4
4
5
4
4
3
3
3
3
4
2
1
0
-1
0
2
3
3
3
5
6
8
10
10
8
6
4
5
5
4
3
1
-1
-4
