SAMPLES:	17681
BITSPERSAMPLE:	16
CHANNELS:	1
SAMPLERATE:	16000
NORMALIZED:	FALSE
3
-4
4
-3
2
-1
0
0
0
0
0
1
0
-1
0
0
0
0
0
0
0
0
0
0
0
0
0
0
0
0
0
0
0
-1
0
0
0
0
0
0
0
0
0
0
0
0
0
1
0
0
0
0
0
0
0
1
0
0
0
1
1
0
0
0
-1
1
1
0
0
0
0
0
0
1
2
1
1
1
1
0
0
0
0
0
-1
0
0
0
0
0
0
0
0
0
0
-1
-1
-1
0
0
0
0
-1
0
0
0
0
1
-1
0
0
0
2
-1
1
1
-1
1
0
-1
3
-2
2
-3
3
-2
0
0
0
0
0
0
0
-1
0
0
0
-1
0
-1
0
0
0
0
0
-1
0
0
0
0
0
0
-1
0
0
0
0
1
1
1
1
0
0
0
0
0
0
0
1
0
0
0
0
0
-1
0
0
0
0
0
0
0
0
0
1
0
2
1
1
2
0
1
0
0
0
-1
-1
0
0
0
-1
0
-1
0
0
0
-1
0
0
0
0
1
0
0
0
0
0
-1
0
-1
0
-1
-1
0
0
0
0
2
-1
0
-1
0
1
-2
-1
0
-2
0
0
-1
2
-4
4
-3
2
-1
0
1
0
0
1
0
0
-1
0
0
0
-1
-1
0
0
1
0
-1
1
1
1
1
1
1
0
-1
0
0
-1
1
0
1
0
0
0
0
0
0
1
0
0
0
-1
0
0
0
0
0
1
-1
0
0
0
0
0
0
0
0
0
1
0
0
0
0
0
0
-1
0
0
-1
0
0
-1
0
0
0
0
0
0
0
0
1
0
0
-1
1
0
0
-1
-1
0
0
0
1
-1
0
0
0
-1
1
-1
0
-2
0
-2
-1
0
-1
0
1
-1
1
0
-2
2
-4
2
-3
2
0
1
1
0
1
1
1
1
2
0
1
1
-1
2
0
1
0
0
0
0
0
0
0
0
0
0
0
0
-1
0
0
0
0
0
0
0
-1
0
0
0
-1
-1
-1
-2
-2
-1
-1
-1
-1
-1
0
0
-2
-1
-2
-1
-1
-1
-1
-1
-1
-1
-1
1
0
0
0
0
0
2
1
1
3
2
2
2
2
2
3
3
2
1
1
1
1
0
1
0
1
0
1
0
0
1
0
0
1
0
-1
-1
0
-2
-2
0
0
0
0
-1
0
0
1
0
0
0
0
0
0
-1
0
0
0
-1
0
0
1
1
-1
0
0
0
0
0
0
0
0
0
-1
1
0
0
1
0
0
0
0
1
-1
0
0
0
0
-1
1
0
0
-1
0
0
1
1
0
-1
0
-1
1
0
0
2
1
1
1
1
1
1
1
1
-1
0
0
0
1
0
1
0
0
0
0
-1
0
0
1
1
0
0
-1
-2
-2
-1
-1
-1
-2
-1
-1
0
-1
0
-1
-1
1
0
0
1
0
0
0
0
0
0
0
0
0
-1
1
-2
1
0
0
1
-1
0
1
-1
1
0
-1
2
-3
2
-3
2
-1
0
0
-1
0
0
0
1
0
0
0
0
0
0
0
0
0
-1
1
1
-1
0
0
0
0
0
0
1
1
1
0
0
0
0
-1
0
0
0
0
0
0
0
0
-1
0
-1
-1
-1
-2
-1
-2
0
0
0
0
0
-1
0
0
-1
0
0
0
1
0
0
0
0
0
0
1
0
0
0
0
0
1
0
0
0
1
1
0
0
0
0
0
0
0
0
1
1
1
0
0
-1
0
0
0
-1
-1
0
1
-1
0
0
0
1
-1
0
1
-1
1
0
-1
3
-3
4
-2
3
0
0
2
1
1
0
-1
0
0
0
0
0
0
1
-1
-1
0
0
0
0
0
1
-1
-2
-1
-1
-1
-1
-1
-1
-1
-2
-3
-2
-2
-2
-1
0
0
0
0
0
0
-1
1
1
0
1
1
1
2
1
1
1
1
1
1
2
2
2
2
2
2
3
1
1
1
0
0
0
1
0
0
0
0
0
0
0
0
0
0
0
-1
-2
-1
-1
-1
-1
-2
-1
-1
-1
-1
-1
-1
-2
0
0
-1
0
0
0
0
1
2
1
1
2
0
1
2
0
2
1
0
3
-3
3
-2
1
-1
0
0
-1
-1
-1
-2
-2
-3
-2
-3
-3
-4
-4
-5
-4
-4
-4
-4
-3
-2
-1
-1
-1
-1
-1
0
1
1
2
3
3
5
6
8
8
8
9
9
10
11
13
14
13
12
11
10
9
7
4
2
1
-1
-3
-4
-6
-8
-9
-10
-11
-13
-12
-12
-11
-10
-9
-8
-7
-6
-4
-3
-3
-1
1
0
0
-1
0
0
0
0
0
1
1
1
1
2
1
0
0
1
1
1
2
2
1
2
2
2
1
0
-1
-1
-1
-3
-2
-3
-6
-6
-7
-8
-8
-13
-13
-10
-15
-12
-8
-8
-5
0
2
4
7
9
12
14
19
22
26
31
34
35
36
34
32
30
27
24
21
16
13
8
5
1
-2
-5
-9
-12
-17
-20
-23
-25
-26
-26
-26
-26
-27
-29
-31
-33
-34
-35
-36
-36
-37
-39
-38
-39
-41
-40
-37
-34
-28
-25
-21
-9
0
3
18
36
42
57
85
101
117
148
182
198
203
238
252
224
258
265
196
194
188
106
70
52
-5
-75
-115
-119
-205
-285
-252
-329
-444
-398
-420
-535
-496
-435
-507
-494
-389
-382
-412
-308
-226
-282
-238
-90
-138
-178
0
-27
-96
23
96
63
18
254
273
69
427
568
266
602
898
583
808
1201
996
1026
1385
1387
1139
1270
1449
1010
797
1043
603
114
369
70
-613
-425
-475
-1252
-1252
-1010
-1689
-1968
-1458
-1772
-2353
-1735
-1518
-2253
-1736
-1081
-1772
-1542
-694
-1141
-1311
-566
-551
-1052
-655
-57
-675
-750
247
-152
-691
326
496
-354
329
1171
380
448
1781
1519
814
2302
2778
1430
2729
3847
2278
2857
4097
2819
2456
3421
2821
1737
2015
2080
935
249
677
173
-1298
-1011
-630
-2234
-2535
-1457
-2466
-3460
-2162
-2141
-3585
-2621
-1562
-3001
-2727
-1088
-1983
-2461
-965
-928
-1928
-1176
-239
-1232
-1584
-62
-543
-1877
-270
-73
-1664
-633
210
-921
-727
547
36
-109
1039
1034
1168
1707
2037
2612
2557
2851
3690
3406
3270
4054
3931
3256
3602
3791
2814
2449
2780
1955
910
1051
745
-611
-939
-713
-1745
-2621
-2142
-2328
-3514
-3202
-2512
-3447
-3664
-2476
-2642
-3476
-2283
-1617
-2719
-2056
-889
-1666
-1863
-722
-696
-1631
-1121
-124
-1275
-1750
-96
-777
-2080
-440
-134
-1769
-776
601
-693
-528
1340
904
620
2127
2591
2369
3034
3873
4000
4078
4388
4803
4874
4207
4533
4891
3613
3243
3776
2684
1449
1739
1351
-290
-678
-324
-1703
-2769
-2016
-2653
-4033
-3354
-3069
-4326
-4017
-3127
-3771
-3943
-3029
-2754
-3309
-2794
-1771
-2320
-2515
-1105
-1397
-2243
-813
-1047
-1772
-953
-1203
-1087
-1341
-1395
-454
-1354
-1306
133
-668
-818
921
529
105
1971
1975
1411
3153
3443
2947
4281
4701
4363
5004
5499
5238
5207
5484
5258
4745
4380
4573
3494
2557
3133
1629
606
834
-322
-1223
-1591
-2080
-2830
-3293
-3626
-4010
-4105
-4504
-4495
-4354
-4461
-4309
-4230
-3773
-3702
-3710
-3042
-2935
-2865
-2582
-2312
-1999
-2280
-2218
-1263
-1915
-2638
-786
-1473
-2963
-602
-895
-2625
-624
-116
-1543
-337
950
127
784
2085
2188
2708
3169
4269
4817
4383
5742
6428
5624
6226
7030
6355
5900
6306
6017
5143
4361
4579
4016
1776
2236
2151
-487
-687
-154
-1951
-3476
-2345
-3022
-5088
-4192
-3762
-5304
-5250
-4262
-4687
-5029
-4965
-3505
-4017
-5427
-2407
-2968
-5055
-2297
-1817
-4114
-2854
-996
-3116
-3267
-903
-2040
-3404
-1108
-1045
-2924
-1098
-267
-1542
-661
753
381
494
1937
2492
2512
3101
4533
4623
4393
6119
6248
5731
6791
7084
6676
6674
6792
6518
5951
5437
5169
4687
3380
2942
2795
1103
360
263
-1061
-1958
-2304
-2940
-3660
-4221
-4349
-4659
-5207
-5157
-5056
-5310
-5255
-4990
-4924
-4724
-4543
-4369
-3934
-3999
-3791
-3180
-3396
-3333
-2677
-2816
-3058
-2229
-2348
-2854
-1848
-1851
-2281
-1412
-1055
-1233
-629
293
375
651
1910
2378
2499
3687
4490
4638
5326
6477
6631
6482
7831
7811
7094
8115
8036
7015
6952
7319
6132
4694
5504
4445
2083
2716
2001
-222
-518
-1263
-1838
-3339
-4750
-3130
-4957
-7322
-4643
-5200
-8176
-6078
-4889
-7212
-6647
-4879
-5204
-6042
-5016
-3537
-4433
-4795
-3098
-2541
-4012
-3489
-1452
-2765
-3725
-1620
-1513
-3316
-2364
-643
-2229
-2393
-319
-737
-958
72
892
1305
1480
2745
3623
3880
4877
5702
6339
7251
7408
7972
9134
8728
8527
9561
9371
8027
8371
8748
6744
5894
6418
4889
2733
2693
2420
-231
-1449
-685
-2481
-4875
-4060
-4193
-6737
-6771
-5698
-7040
-7939
-6820
-6500
-7511
-7060
-5806
-6042
-6241
-5325
-4586
-4883
-4715
-3796
-3896
-3778
-3481
-3637
-2912
-3151
-3805
-2573
-2406
-3660
-2718
-1393
-2556
-2539
-371
-604
-1168
741
1740
1422
2346
4066
4547
4888
5738
7140
7837
7290
8905
10038
8990
8848
10707
10442
7939
9679
10180
7213
6693
7703
6175
3131
3989
3982
403
-659
-38
-1470
-4039
-4269
-3691
-5866
-7462
-6272
-6256
-8224
-8361
-6470
-7104
-8705
-6743
-5562
-7300
-6561
-4661
-5593
-5576
-4196
-4430
-4033
-3967
-4421
-2946
-3547
-4504
-2529
-2982
-4255
-2680
-2062
-3043
-2272
-1317
-1066
-334
-693
1110
2537
1137
3335
5207
4369
5328
7161
8111
7806
8450
10332
10407
9169
10362
12167
9601
8790
11222
9463
6645
7548
8131
4523
2970
4451
2292
-877
-1086
-392
-3069
-5686
-4236
-4608
-7691
-7926
-5946
-7413
-9676
-7429
-6513
-8622
-8301
-6303
-6149
-7429
-6202
-4379
-5437
-5749
-4089
-3493
-4434
-4337
-2947
-3091
-4248
-3539
-2403
-3361
-3900
-2716
-2194
-2836
-3044
-1106
-442
-2158
74
2359
448
1947
4771
3824
5127
7129
6837
8314
9294
9177
10320
11246
10494
10673
12085
10870
10035
10349
9580
8616
7168
6827
6125
3405
2468
2700
170
-2217
-1586
-2269
-5303
-6018
-4991
-7039
-9085
-6930
-6998
-9721
-8681
-7391
-8512
-8575
-7119
-6721
-7140
-6206
-5561
-5499
-5100
-5009
-4188
-3644
-4480
-4223
-3485
-3764
-4092
-3948
-3066
-3678
-4263
-2582
-2358
-3294
-2550
-733
-738
-1197
1089
2237
1792
3198
4872
5611
6048
7123
8785
9095
8776
10329
11549
10457
10885
12075
10885
9959
10564
10454
8679
7819
7883
6265
4196
3538
3149
1082
-726
-978
-2195
-4080
-5023
-5341
-6010
-7312
-7705
-7482
-8121
-8472
-8416
-8100
-7696
-7832
-7533
-6784
-6209
-6738
-6176
-4417
-5418
-5702
-3668
-4030
-5415
-4029
-3236
-4928
-4378
-3172
-4262
-4418
-3623
-3360
-2960
-2829
-2480
-725
-502
-1259
1572
2813
1808
3953
6105
6203
5809
7867
10285
9297
9332
12281
12399
9652
11878
14129
10350
9897
12589
10216
7383
8448
8100
5197
3827
4314
2644
-698
-792
-776
-3633
-4484
-4334
-6439
-7278
-6934
-8253
-8768
-8098
-8929
-9317
-7902
-8055
-9117
-7653
-6362
-7674
-7457
-5032
-5449
-7034
-4834
-3457
-6110
-5687
-2397
-4184
-6538
-3296
-2787
-6165
-4111
-1589
-4134
-3884
-1373
-1751
-1493
184
1317
2176
2785
4122
5349
5837
7583
9016
9085
10022
10984
11058
11365
12361
12857
11819
11462
12091
11221
9876
10038
9652
7445
6430
6796
4057
1676
3354
508
-2650
-997
-3524
-5632
-5269
-7066
-7246
-7925
-9730
-8210
-8110
-10694
-9373
-7874
-9454
-9041
-7365
-7287
-7884
-7205
-5871
-6242
-6523
-4966
-4227
-5443
-5485
-3960
-4336
-5143
-3954
-3452
-4663
-4765
-3281
-3073
-3570
-2783
-1609
-885
-919
27
1961
2568
3208
4684
6068
6703
7705
9346
10157
10408
10835
12333
12377
12151
13322
12403
11618
12192
12096
10915
9727
9476
8584
6737
5471
5335
3995
1475
635
-194
-2409
-3558
-4079
-5617
-6473
-6958
-8627
-8889
-7976
-8875
-10025
-8913
-7834
-9419
-9204
-6829
-7358
-8151
-6762
-5745
-6321
-6525
-5170
-5106
-6117
-5166
-4674
-5767
-5395
-4811
-5310
-5426
-4753
-4177
-4258
-4213
-3653
-2314
-1643
-1667
182
1719
1354
2350
4641
5750
6171
7412
9550
9475
9021
12009
12556
11158
13287
14041
11891
12378
13981
12486
10812
11301
11285
8792
6818
7605
6197
2758
2472
1998
-1138
-2415
-2375
-4809
-6504
-6092
-7676
-9216
-8261
-8413
-10710
-10274
-8155
-9721
-10029
-7885
-8351
-8543
-7406
-6898
-6909
-6354
-5293
-5995
-5754
-4593
-5412
-5454
-4468
-4425
-5236
-5094
-4234
-4385
-4489
-3541
-3275
-3453
-2004
-1333
-1188
262
2029
2200
2736
5658
6066
6148
8425
10088
9736
9794
12829
12622
11446
13518
13836
12581
12395
13708
12754
9956
10871
11241
7758
6407
7567
4967
1044
1966
1289
-3006
-2928
-2716
-6554
-7499
-6506
-8847
-10168
-8489
-9276
-11435
-10489
-8900
-10171
-10564
-8120
-7971
-8950
-7646
-6168
-6880
-7013
-4664
-4962
-5768
-4402
-4377
-5306
-4679
-3613
-5199
-4884
-3170
-4883
-4675
-2456
-3745
-3713
-1016
-1256
-1021
837
2189
2681
2996
5217
7176
7656
7891
10312
11137
9896
12352
14047
13275
12845
13805
14340
12592
13085
13751
11590
10591
10810
9510
6558
6055
6304
2789
403
875
-875
-4254
-4540
-4936
-7421
-8545
-9145
-9517
-9791
-10447
-11691
-10878
-9195
-11030
-10779
-8118
-8681
-9853
-7873
-6041
-7593
-7764
-4936
-5273
-7466
-5036
-3814
-7141
-5847
-3131
-6247
-6777
-3597
-4851
-5936
-3777
-3480
-3831
-2772
-1784
-928
370
1611
2274
3655
5595
5893
7139
10227
10133
9830
12636
13242
12395
14445
15369
13942
14601
14607
13940
13695
12231
11842
11358
9446
7565
7192
5220
2693
2338
276
-1470
-2311
-4316
-6438
-6495
-7691
-10031
-9241
-9084
-10559
-12310
-10053
-9202
-12557
-9719
-7598
-10082
-9485
-6819
-7431
-8574
-6247
-5120
-6791
-6374
-4368
-6444
-6551
-4165
-6185
-5899
-4413
-6107
-5661
-4108
-4871
-5040
-2275
-1704
-2989
-165
1883
839
2064
5707
6712
5254
8582
11977
9027
9864
15417
13707
11284
16411
16421
12179
14588
16287
13488
12100
12863
12100
8998
8221
8119
5553
3530
2359
1085
-1070
-2678
-3322
-5841
-6942
-6879
-9256
-10076
-9042
-10333
-11737
-10599
-10216
-10910
-10366
-9445
-9079
-9135
-8134
-7204
-7768
-6913
-5785
-6616
-5990
-4983
-6429
-6149
-4641
-5993
-6327
-4337
-5323
-6421
-3676
-3583
-5528
-3046
-1245
-2460
-962
1770
2249
1981
3906
7010
6415
7175
11512
10956
9808
12973
14136
13169
14472
16180
15297
13302
14753
16124
11819
12155
14115
8923
7981
9292
5353
2987
3476
957
-2434
-1891
-2559
-7300
-7911
-5998
-10057
-11590
-8495
-10167
-12812
-11163
-9970
-11898
-11131
-8926
-9203
-9591
-8765
-7267
-7966
-7708
-5415
-6502
-6837
-4735
-6107
-6886
-4636
-5837
-6782
-4374
-5222
-6717
-4388
-3853
-5407
-3557
-1348
-1821
-1263
882
2215
2594
3702
6573
8043
7515
9851
12262
11086
12431
15510
14526
14261
16686
16045
14197
15427
15928
13596
12590
12820
11073
8967
7720
6216
4739
2600
281
-513
-1901
-4694
-6248
-6638
-7885
-9840
-10196
-9420
-10711
-12212
-10998
-9991
-10808
-10599
-8862
-8589
-9611
-8328
-6867
-7740
-7399
-6125
-6379
-7137
-6705
-5689
-6619
-7357
-5589
-6254
-7310
-5503
-6446
-5863
-4215
-5878
-3587
-1646
-3001
-974
1623
1795
2921
4905
6450
8517
9280
10245
12265
12939
14104
15234
15508
16622
16345
15238
16615
16384
14110
14120
13115
10938
10402
8628
6219
5338
3700
929
-787
-975
-2652
-6406
-6979
-6098
-9338
-11035
-8984
-10225
-12230
-11167
-11178
-11247
-10210
-10187
-9486
-8932
-9098
-8135
-7751
-7459
-6888
-7553
-6676
-6140
-7963
-6738
-5642
-8238
-7390
-4968
-7236
-7656
-4652
-5253
-6226
-4198
-2032
-1535
-1863
623
2794
2437
4474
7540
8976
9016
10533
13398
13098
14196
16964
16504
15797
17578
17852
15506
16346
16566
14355
13317
11792
10803
8915
6019
5170
4341
503
-2148
-1407
-2872
-6641
-8086
-7264
-9140
-11959
-10486
-9307
-12569
-13564
-11026
-10750
-11757
-11688
-8222
-8918
-12095
-7319
-6296
-9264
-7256
-5083
-6725
-8094
-6236
-5929
-6846
-7449
-6394
-5606
-7626
-6826
-5093
-5192
-5290
-4755
-1804
-1120
-2589
1201
3793
2407
4134
8526
10151
7495
11206
16039
12010
13377
19279
17764
14515
17712
19636
14975
15207
18265
15162
11772
12140
11830
8388
6083
6523
4217
-105
-1153
-1394
-3984
-6413
-7002
-8041
-9994
-11078
-10849
-10314
-11955
-13096
-10963
-10229
-12135
-11009
-8039
-9724
-10889
-7884
-7189
-8520
-8433
-6082
-6213
-9430
-7059
-5467
-8424
-7689
-5930
-7060
-8458
-6664
-5489
-6537
-5504
-4478
-3136
-1982
-1971
236
2548
2980
4239
8436
9381
7617
12177
15043
12835
14828
18917
16692
14355
19477
18436
14013
17264
17045
13046
12434
12748
10793
7738
6827
5796
2799
-82
-889
-1682
-4631
-6390
-7413
-8331
-9753
-11678
-9877
-9801
-13365
-12181
-9243
-11400
-12360
-8997
-7958
-9885
-9929
-6404
-6326
-9941
-6513
-3127
-8706
-8453
-3189
-7236
-9182
-4616
-5465
-8178
-6585
-5219
-5726
-5700
-5296
-2828
-1842
-3414
-448
2650
1873
2783
6378
8799
8092
9287
13785
14274
12706
16464
18768
15419
16899
19535
16068
15119
17187
15820
12545
12297
12350
9131
6760
6569
4906
1192
-808
-1387
-2197
-5690
-9101
-6905
-8350
-13257
-11452
-9075
-12651
-15154
-10629
-9739
-13797
-11176
-7981
-9010
-10750
-8938
-5226
-8124
-9108
-3850
-4416
-9280
-6282
-3327
-8416
-7635
-3689
-6336
-8243
-5763
-4675
-6532
-5622
-3375
-2624
-2082
-1280
1175
1834
3228
6945
6587
8625
11660
10959
13720
15028
15380
16814
15966
17461
17923
16569
16538
16837
15297
13642
13904
11078
9588
9466
5960
3460
2956
349
-3949
-2760
-3440
-9476
-9000
-7753
-11924
-13315
-10043
-10871
-15218
-12275
-9336
-12698
-12573
-8819
-7781
-10387
-9320
-5367
-7438
-8695
-5727
-4709
-6956
-7744
-5551
-6723
-7080
-6370
-6510
-5518
-7411
-6582
-4332
-5540
-5146
-2381
-1377
-2365
200
2316
2692
4931
6625
9832
9823
9331
15071
15529
13705
18033
19384
15572
16826
20182
16813
15170
16910
15734
12544
10899
11852
9187
5218
5414
4130
-602
-2720
-1204
-3245
-8485
-8352
-7195
-11116
-12954
-10446
-9722
-13869
-14521
-9412
-10723
-14019
-10179
-7276
-10189
-10951
-6880
-5749
-8400
-8034
-3861
-4956
-9314
-5741
-3109
-8486
-7716
-3096
-6626
-8142
-5858
-4465
-4506
-7215
-2894
740
-3580
-1764
3981
3762
3210
6841
10379
10380
9345
14106
17250
14416
15951
19657
17926
15849
19630
18882
14061
15726
16601
12793
9786
10836
10122
4581
3043
3876
-63
-4745
-2757
-1991
-9442
-10248
-6813
-11344
-14241
-10486
-9677
-15122
-14253
-9109
-11471
-13837
-10052
-6944
-10005
-10395
-5883
-6530
-8157
-6638
-5135
-4931
-7370
-7708
-4550
-5297
-8777
-6208
-3779
-8618
-8242
-3052
-4884
-7184
-3216
121
-2519
-1974
4192
5005
2942
6096
12326
10961
8168
15947
18395
13041
15845
21645
17916
14445
20137
19500
13491
15003
16952
12596
8926
10813
10072
4003
2117
3720
-235
-5383
-2859
-2933
-10508
-10327
-7546
-12317
-13683
-10772
-10913
-14400
-14329
-9417
-11269
-13553
-9011
-8445
-9169
-9342
-8877
-5057
-6786
-8626
-4379
-3966
-8243
-7817
-3803
-5445
-8483
-5429
-3199
-7685
-8006
-2538
-3221
-6412
-2770
2212
-915
-1715
5232
6343
3787
7519
13282
11333
9316
16637
17791
13539
17554
20281
16886
16055
19116
17813
13771
14029
14728
12310
8483
8004
8112
3593
377
876
-1109
-4859
-5022
-6651
-10065
-9911
-11365
-12795
-11733
-11986
-13100
-14358
-12608
-11212
-12270
-11710
-9658
-8195
-10243
-9972
-6743
-6749
-7715
-6735
-4679
-5667
-7802
-6714
-4970
-5816
-6849
-4624
-4434
-7117
-5316
-2576
-4266
-4294
111
1271
-1226
2408
6457
4152
6063
11333
11594
10326
14261
17367
14445
16418
20141
17419
16489
19434
18443
14306
15672
15780
10978
11283
10491
6626
5781
3630
343
-1510
-2279
-3999
-6748
-8886
-9904
-10982
-13099
-12517
-11945
-12714
-13700
-14980
-11708
-11144
-13923
-10785
-8124
-9407
-10790
-8852
-5753
-8142
-8861
-3726
-4007
-9256
-6942
-3690
-7749
-7261
-3463
-5234
-7176
-5535
-3651
-3915
-4553
-1739
1543
-531
248
6236
5824
4863
9868
12814
11635
12102
17558
17876
14040
18857
21239
15592
16774
20985
16004
13218
17527
14049
9163
11714
9792
5019
4374
2298
-1187
-3070
-3619
-4998
-9138
-10591
-9555
-12464
-14242
-11568
-11596
-14865
-14949
-11546
-11282
-13691
-11579
-8254
-8870
-10242
-8963
-6016
-6975
-9305
-5859
-3041
-7344
-9163
-4437
-5089
-9175
-6145
-3438
-6234
-7410
-4286
-1908
-4527
-4158
1941
1503
-1760
4181
7656
4294
7220
12181
12995
11634
13928
18389
16625
15447
19494
20293
15398
18672
20102
12576
15333
15686
10523
10740
8989
6285
4933
1630
-1462
-1030
-3219
-6260
-6746
-9273
-10912
-11580
-12780
-12498
-11655
-12424
-14848
-13624
-10455
-12309
-12717
-8914
-8050
-9732
-9915
-6989
-6026
-8520
-6757
-3876
-6776
-8676
-5526
-5259
-7537
-5971
-4961
-6014
-5679
-5249
-3560
-3343
-4826
-419
2644
-603
1967
6981
5094
5478
11244
13436
10803
12402
18328
16702
14351
19516
20268
15962
17381
19751
15280
13677
15799
12588
9619
9615
7973
4674
1893
660
-1608
-3972
-3671
-6332
-10564
-9510
-10420
-14103
-12120
-10424
-13879
-15310
-12256
-11034
-13425
-12142
-8542
-9350
-10575
-8819
-7740
-8188
-7181
-6242
-6461
-5232
-6267
-7841
-5195
-5574
-6932
-4528
-4621
-5914
-5526
-3272
-2007
-5290
-1327
4219
-1849
611
7713
4332
6088
11209
11927
11945
12676
16184
18000
15597
17595
21293
17092
16706
20674
16097
13322
16046
13724
9577
9272
8804
5303
1698
96
-1050
-3657
-4571
-5820
-10729
-10617
-10149
-14200
-13154
-10355
-13047
-16452
-13197
-11279
-13562
-12053
-9807
-8756
-9439
-10157
-7948
-6257
-7095
-7150
-4210
-3847
-7380
-6985
-3872
-5658
-6945
-3875
-3980
-6540
-5982
-3243
-3066
-5050
-2119
2528
662
-273
4949
6743
4620
8250
14481
13351
11224
16723
19182
15206
17913
22367
18376
16850
19668
16970
14393
15100
13547
11656
9411
6829
6415
3308
-867
-1075
-2551
-5056
-6158
-9803
-11358
-10221
-14305
-15375
-10124
-12904
-18080
-13162
-10226
-14595
-13980
-8685
-8105
-10628
-9202
-7030
-7467
-7548
-6653
-4559
-4893
-7334
-6080
-4801
-6517
-5580
-4219
-5565
-4335
-5009
-5387
-1278
-3999
-3469
3547
631
-806
5001
7074
5846
7504
14122
14445
10718
15886
19028
15408
17283
20998
18481
16698
18237
16750
14277
14589
14061
11041
9191
7872
5527
3044
-669
-1627
-2047
-4591
-6160
-10059
-11502
-10535
-13739
-14775
-10707
-11604
-18360
-15111
-9150
-14156
-14973
-9049
-7320
-10337
-11604
-6960
-5943
-9112
-7320
-3266
-4574
-8055
-6196
-5312
-7023
-6176
-4779
-4102
-6327
-6729
-2506
-3178
-5605
-654
3172
-514
553
5632
5669
5841
8575
13680
14111
11314
15667
17844
15689
17991
20340
18186
17702
18415
15736
14929
14956
12617
11653
9915
6386
5585
3222
-1954
-1964
-1834
-5343
-7242
-10133
-11534
-11156
-14418
-14268
-10971
-11828
-16313
-16588
-8812
-12222
-17729
-7213
-5737
-12427
-10047
-5878
-7141
-8434
-4919
-3811
-5569
-6678
-5818
-5274
-5921
-5499
-5015
-4102
-5212
-5890
-3517
-3003
-4488
-348
2924
-275
1713
5291
6367
7129
8816
13626
13814
11924
16170
18852
15985
17873
20971
18178
18540
19238
15853
15673
15540
12575
11758
10300
6466
5324
3249
-1377
-2438
-2985
-4756
-7507
-10956
-10816
-11926
-14924
-14010
-11348
-12958
-17903
-14718
-10137
-14929
-14734
-8078
-7362
-11310
-10942
-5940
-6163
-9073
-5685
-1929
-5562
-7571
-4194
-4530
-6636
-4968
-2848
-4299
-5700
-4744
-2406
-3455
-4815
986
2160
-303
2360
4933
6068
6489
9419
14267
14552
12838
16648
18968
15946
18723
21462
18005
18645
19447
15169
14728
15313
12202
11673
9739
6115
5618
1259
-1763
-1366
-4403
-5254
-8017
-12398
-11321
-12627
-15929
-14331
-10958
-13795
-18339
-13579
-10198
-15068
-14597
-7505
-6657
-11477
-9807
-5423
-7126
-8399
-4300
-2617
-5942
-6342
-4590
-4898
-5082
-4636
-3570
-3018
-5556
-5284
-1102
-3389
-5053
1967
3024
-888
2720
6450
6171
6707
9616
14963
14889
11842
17033
19511
15510
18839
21836
18089
18401
18588
15053
15256
14619
11437
10481
8196
6361
5421
224
-2562
-1545
-3663
-5750
-7921
-11565
-11535
-12343
-15920
-13406
-10334
-15766
-18324
-11873
-10636
-16407
-13742
-5547
-7988
-13475
-8124
-4322
-9456
-8692
-2680
-4219
-7778
-5999
-4763
-6569
-6194
-4284
-3824
-3922
-5448
-4533
-1607
-4006
-4162
3042
2879
-1451
3655
7223
5298
6027
12255
15322
11523
14150
18589
16867
16059
20730
20171
16095
19961
18005
13302
15083
14863
11441
8698
9002
7671
2826
-556
-226
-2317
-6057
-4721
-7417
-12710
-11092
-11910
-16182
-13391
-9583
-15497
-17779
-11038
-12233
-16060
-12188
-7275
-9072
-12484
-8616
-6841
-9600
-7998
-4902
-5028
-5698
-6681
-7551
-4879
-4955
-7191
-2963
-1665
-7370
-5123
108
-3941
-3884
3460
3248
410
4208
7130
5818
7308
12932
15109
12716
14525
18906
16344
15906
21623
20092
17115
20068
18774
13688
14973
15464
11356
10758
8685
6184
3891
-188
-981
-2442
-4170
-4719
-8662
-12213
-10614
-11945
-16160
-12400
-10242
-16727
-17233
-11290
-13269
-17243
-11685
-7018
-10662
-11901
-8441
-8099
-8500
-7317
-6047
-4290
-4896
-7804
-6892
-3684
-6139
-6938
-1779
-2944
-7723
-4231
-18
-4662
-3963
3674
1801
-99
4056
5717
6533
6889
10931
15300
12819
14028
18230
16876
16965
20769
20329
18498
20007
18232
15362
16352
14889
12057
11243
8730
6377
4973
486
-1799
-2003
-5215
-5108
-7343
-12545
-11350
-12125
-15794
-14255
-10999
-14863
-18205
-13155
-11656
-15698
-14977
-8343
-7852
-13470
-10798
-5519
-8235
-9711
-5402
-4450
-6764
-7008
-5863
-5658
-6754
-6026
-3572
-3559
-6276
-5800
-2026
-3360
-4606
1410
2807
-277
2826
5965
6084
6784
9711
15037
14144
11804
17884
18902
15121
19259
21280
17948
18216
18553
16528
15217
14491
13789
11757
8585
7224
6209
2337
-1014
-1398
-2929
-5337
-6810
-9918
-11645
-11450
-14299
-15061
-11433
-13018
-17408
-15058
-11629
-13786
-15369
-10699
-7741
-10996
-11633
-7580
-6578
-9105
-6891
-4020
-5311
-6525
-6560
-5902
-6115
-5321
-5149
-4539
-4263
-6521
-3493
-1894
-4251
-1180
2584
1744
1037
3999
7782
7515
6951
14096
16249
10377
15483
20825
15729
17079
21746
18696
17032
19449
17699
14425
14789
14548
11759
8696
7836
7567
3002
-789
-196
-2289
-5448
-5017
-7818
-12490
-11186
-11176
-15313
-13744
-10979
-15545
-17669
-12561
-11481
-15138
-12873
-7633
-9304
-12032
-8698
-6850
-8395
-7129
-5625
-5887
-5737
-7214
-7959
-5186
-4797
-6717
-5032
-3578
-5856
-5762
-2243
-1919
-3261
-57
3830
1980
459
6392
9363
5545
9987
17479
13029
11771
19570
18402
15564
20480
21604
18089
17967
19430
16696
14421
14995
14105
10762
7687
7769
5886
754
-1468
-1489
-4111
-5992
-6031
-10099
-13450
-10994
-12236
-16813
-11281
-10651
-19110
-14551
-9893
-14434
-14433
-9805
-7826
-10181
-11505
-8560
-6583
-8863
-7551
-4642
-6245
-7348
-7162
-6107
-4987
-5981
-6261
-4099
-3802
-5429
-4053
-1311
-2542
-2826
2867
3935
840
4447
9818
8134
6463
14715
17398
11145
15810
21194
16785
16752
21475
20580
17104
18732
18678
15284
14977
13750
11862
9488
6602
7024
4115
-1714
-1731
-2146
-5915
-5939
-8119
-12852
-11328
-11820
-15999
-12842
-10456
-16088
-17287
-11966
-10921
-15137
-14077
-7014
-8632
-14069
-8439
-4950
-10523
-8792
-3833
-6844
-7955
-5253
-7169
-8034
-4287
-5620
-7203
-3327
-4782
-6918
-2227
-977
-4365
-159
4237
897
2648
7600
8377
7281
11061
16582
13362
12983
19308
18695
16415
20904
20703
17483
19366
18248
16565
16446
14452
13394
11379
7139
7623
6874
600
97
-1446
-4801
-4814
-7063
-9240
-11071
-12094
-13238
-14398
-12636
-12308
-16673
-16272
-10230
-12389
-16429
-11876
-6624
-10595
-13900
-6365
-6182
-11981
-6958
-3447
-7778
-8431
-5687
-7208
-7092
-4217
-7239
-6254
-2623
-6646
-5129
-503
-4117
-3162
3647
2076
79
5551
7885
6562
8431
13977
14964
11423
16392
19895
15575
17994
21710
18674
17570
20337
18081
14729
16323
14859
11134
9271
7985
7078
4050
206
-808
-1635
-5720
-6320
-5264
-10836
-12609
-10705
-12784
-14351
-12797
-11428
-16234
-15433
-9150
-12803
-14424
-9528
-8104
-10355
-10821
-6858
-6949
-8905
-7322
-6049
-5596
-7085
-7685
-6162
-4452
-6792
-7971
-2473
-4819
-8722
-1764
-217
-6198
-1402
4599
675
1223
7041
8207
5624
10010
15618
12948
11490
18237
20200
13091
19383
22924
14526
17798
20928
15776
13229
15375
13780
9561
8270
7712
6333
2237
-549
-1429
-3533
-6673
-5692
-6461
-12958
-11382
-9643
-14539
-14230
-10687
-12663
-17032
-12910
-9268
-14285
-14072
-8900
-7836
-10875
-10730
-6469
-6779
-8736
-7494
-4576
-5588
-8443
-6253
-4232
-5238
-7767
-5561
-1672
-6605
-6745
80
-2424
-5863
894
4760
-357
1393
8521
8038
5565
10873
16632
11667
12108
20660
17733
14174
20375
20880
15134
18189
20760
14156
13977
16136
11811
8845
8272
7860
5153
1145
-277
-120
-3816
-6921
-3349
-7079
-13334
-9660
-9610
-14498
-14244
-10005
-12592
-17887
-11924
-9048
-13807
-13678
-9018
-6815
-11174
-10298
-5241
-6155
-9078
-7090
-3693
-5756
-8278
-7812
-3675
-5041
-9387
-5170
-2387
-6951
-7638
94
-2390
-7183
1459
4511
-759
1481
9514
7511
3657
12247
16234
9986
13085
20517
15410
13344
20994
19426
14983
19231
19413
14404
14942
15739
12116
9993
8723
7508
5260
1526
292
-1607
-5060
-6062
-3775
-8622
-13494
-8412
-10858
-15681
-12684
-9258
-13526
-17305
-10194
-9580
-14441
-12670
-8440
-6928
-10503
-10985
-5617
-5523
-10093
-7528
-2905
-5290
-9229
-6948
-2377
-5810
-9349
-2899
-938
-8335
-6301
1229
-3171
-6373
2187
4397
-1655
1955
9258
5774
3418
12109
15444
9342
12442
19996
15603
12888
19801
19532
15152
18222
19054
14866
14016
14428
13059
10554
7942
8052
6380
684
3
716
-4975
-6321
-2990
-7968
-13084
-9564
-9540
-14629
-13372
-9699
-12348
-15185
-12350
-9681
-11903
-14054
-9868
-5287
-9456
-13113
-6609
-4052
-10974
-9862
-1369
-4085
-11871
-7242
-1481
-7453
-10102
-2437
-2166
-8869
-6015
-293
-2908
-5639
666
4059
-158
1372
7041
7940
4624
9348
16305
11239
11181
19557
17372
12679
19249
21351
15565
16797
19002
16003
13585
13430
13586
11074
6664
7286
7825
1618
-1041
569
-2460
-6192
-4099
-5684
-11244
-10775
-10534
-12977
-13654
-10577
-10688
-15821
-13965
-9847
-11622
-13436
-9769
-6212
-9782
-12359
-7391
-5224
-10413
-9964
-3555
-4694
-10241
-8661
-4136
-5913
-8903
-5346
-1762
-6003
-8458
-1865
-381
-6138
-2166
4899
789
-1235
6360
8199
3565
7649
15323
12096
9355
17938
18952
12309
17226
22405
16623
15568
20350
17175
13509
14112
15329
13494
6469
8504
10579
1450
-51
3939
-1775
-6800
-2410
-3863
-10152
-10793
-10236
-9520
-13679
-13737
-7205
-13543
-16892
-9733
-9522
-13621
-12986
-6198
-6895
-13344
-9512
-4136
-8603
-11169
-4329
-2919
-9768
-10134
-4003
-4475
-9867
-7331
-1186
-4967
-10553
-3317
1817
-5726
-5155
4798
3408
-2311
3624
10185
5858
4581
14383
15973
8877
14500
21019
14590
14654
22044
19606
14919
17887
19542
14775
12225
15574
14218
7507
7286
10121
4671
-1454
1669
1379
-6091
-6275
-2386
-7874
-13022
-9684
-9502
-13377
-14321
-9597
-11901
-17240
-11137
-9971
-13219
-12399
-8971
-6732
-10735
-11163
-6111
-4758
-9576
-8121
-1921
-6448
-11173
-5481
-2413
-8606
-9263
-1778
-2835
-10094
-5522
1905
-4242
-6580
3132
4688
-1763
1122
9411
7625
3250
11397
16831
9716
11184
19350
16557
13523
18503
20657
17001
15629
19049
17540
12016
14256
16728
9579
5905
10194
7129
274
1448
2163
-4242
-7895
-3428
-4331
-12389
-11829
-8139
-11923
-15676
-11318
-8624
-15554
-14941
-9075
-10829
-13280
-12220
-7176
-7722
-12795
-9093
-4271
-8881
-11255
-3353
-3065
-11226
-9344
-2729
-5494
-9652
-4629
-2437
-7821
-7269
-634
-487
-5966
-1870
5732
1217
-1022
7135
9783
4544
6657
15970
13237
7973
17244
20285
12311
15186
22304
17402
13157
19645
19347
11093
12664
17280
12287
5818
8697
10484
2309
22
4129
-21
-6877
-5414
-1186
-7343
-13599
-8925
-8156
-13648
-14485
-8659
-9556
-16974
-13193
-8373
-11157
-14330
-10678
-4511
-10711
-13903
-4783
-4547
-12762
-8868
-728
-7512
-12336
-4527
-3583
-9319
-7917
-2702
-3526
-8773
-5519
407
-3591
-5316
641
3985
738
83
7358
8684
3667
8312
16005
12027
9963
18387
18142
12647
18689
22056
15744
16749
20618
15683
12524
15596
15322
10008
7542
9691
7375
1039
1694
4076
-2518
-7858
-2986
-1675
-10663
-13233
-6609
-9067
-16414
-11897
-6852
-13441
-16987
-10742
-8263
-13141
-13887
-7294
-5806
-12425
-11529
-4232
-7481
-12365
-5470
-2263
-9221
-9844
-4187
-5136
-8906
-6410
-2827
-5368
-7735
-3524
-730
-4238
-4476
1585
3747
-33
970
7921
8158
3470
9277
16674
11120
10002
18603
17514
13253
18509
20619
16780
16838
18087
16730
14180
14120
14798
10891
7000
9169
7753
349
2381
3274
-4622
-6209
-2810
-4481
-12186
-10788
-6741
-14188
-14476
-10168
-11489
-13668
-15111
-11281
-10484
-12717
-12981
-7740
-7001
-14229
-7409
-6304
-9715
-6987
-7823
-3223
-7400
-10475
-4329
-5636
-7893
-5843
-3243
-5889
-7311
-3147
-1481
-4030
-3909
2154
3177
-99
3125
7930
7673
5262
11215
16558
10145
12235
19771
16151
14211
19668
20104
15547
17506
19130
14943
14436
15323
14119
10115
7305
9447
5903
1239
2813
1806
-3333
-6478
-3288
-4305
-11556
-10121
-7914
-12926
-13975
-10573
-11396
-14861
-13335
-11635
-12258
-11806
-12547
-9739
-7684
-11521
-11205
-6677
-7542
-10881
-6744
-5015
-9344
-8743
-6293
-5436
-7308
-7562
-4143
-5304
-7378
-4512
-1296
-3419
-4321
1786
2420
-1171
3154
8696
5911
4500
13379
13971
7554
15134
19460
12911
15523
21005
17257
15133
19448
18114
13745
15781
16158
11691
9778
9953
8511
5800
2609
2956
2021
-4438
-4752
-1700
-5215
-10426
-9670
-7785
-11757
-13796
-11318
-10771
-12936
-14236
-12476
-10359
-12682
-14437
-8101
-6865
-14039
-10666
-4499
-9949
-11031
-5169
-6830
-9047
-6762
-6835
-6796
-6485
-7519
-5055
-4108
-7587
-4955
-269
-3659
-4644
2272
3988
-599
2110
9725
7886
3733
11398
16397
9917
11947
19920
16453
13869
19891
19606
15851
18301
19028
15741
14667
15679
13464
9727
9405
10044
5842
1712
4484
1709
-4305
-4606
-3217
-4615
-10527
-10018
-9048
-12209
-13448
-13596
-10891
-12453
-15546
-13511
-10550
-12499
-15368
-9383
-5866
-12724
-13304
-5360
-7023
-11780
-6530
-4022
-8703
-9115
-5376
-5124
-7693
-7997
-3302
-2906
-7849
-4121
815
-3398
-5057
2645
5074
-776
1142
10294
7119
2570
13464
12828
10253
14735
14396
18545
15498
16482
20707
16381
16978
18734
16961
14147
14605
14005
11100
8450
8685
7217
1823
2623
1626
-2265
-4816
-4962
-4287
-7978
-10305
-10465
-10352
-12474
-13773
-10851
-10766
-15905
-16283
-8871
-10493
-17527
-11124
-4798
-12699
-15016
-5625
-5772
-13055
-9097
-2102
-7250
-12407
-6266
-2495
-8285
-9078
-2269
-3659
-9051
-4713
960
-3195
-5844
2104
4440
-841
2229
8787
7482
3588
10005
16443
10201
10769
18596
17062
13379
17376
21151
16648
16372
19831
16814
14548
14880
14484
12328
9155
8570
7858
4450
2379
1605
18
-3630
-5746
-2906
-5481
-11806
-10008
-7470
-12529
-16398
-10350
-8342
-17423
-16539
-7333
-10173
-18011
-11285
-2139
-12055
-16545
-4161
-4652
-14253
-8926
-1770
-8646
-12098
-5926
-3930
-8788
-8944
-3024
-4192
-8281
-5743
-1074
-2638
-5801
-309
3925
55
-123
6728
9160
4339
6844
15686
12462
9284
18278
19390
13773
16768
21630
18893
16580
19265
18076
15561
15045
14972
13972
9327
8167
9257
5153
1137
1689
1464
-4906
-6954
-1812
-5395
-13166
-10921
-6854
-12578
-16899
-10465
-8737
-16226
-16128
-8317
-10646
-17952
-11620
-3741
-11039
-16034
-6614
-4667
-13184
-9380
-1861
-7809
-12030
-5835
-3473
-8392
-8909
-3723
-3831
-7673
-6111
-681
-1231
-6254
-1097
5485
424
-1453
7082
10806
3968
6065
16601
12456
8186
18065
20251
13390
15699
21844
18612
15678
19586
18629
14666
14490
14987
13671
9498
7857
9029
4613
1027
2788
894
-4632
-6098
-2955
-5975
-12465
-11057
-8632
-12866
-17160
-12102
-8580
-15835
-18119
-10014
-9283
-17332
-13063
-4507
-10428
-15381
-6900
-3828
-12528
-10685
-2303
-6220
-10812
-6333
-4066
-7456
-8109
-4083
-2624
-6616
-6631
-844
-1561
-5844
-1326
4535
1591
-1132
5136
9479
4940
5866
15192
13967
7711
15329
20076
14572
15540
20275
18818
16025
18661
18612
15591
15253
15308
14221
9997
8609
9623
5697
2520
3385
1650
-3737
-5655
-3378
-4380
-9898
-11780
-8822
-10758
-15731
-13701
-8801
-12431
-18439
-12230
-7736
-15602
-16400
-6276
-6672
-16930
-10911
-2206
-11073
-13285
-3707
-4366
-11892
-8874
-3479
-6602
-8824
-5998
-3334
-5076
-7801
-3884
-189
-4472
-4711
2536
2941
-619
2983
8601
7445
3847
10850
16143
9778
12311
19451
16291
13777
19345
20613
16166
17453
19166
15978
14763
15535
13140
12032
9006
7786
8839
2948
1755
1083
-1517
-4369
-5307
-3219
-9368
-11220
-9377
-10389
-13298
-14091
-9012
-12187
-17171
-13187
-8359
-13166
-16463
-7120
-5745
-14949
-11789
-2970
-9288
-13272
-3798
-3118
-11113
-9119
-3050
-5774
-8723
-5327
-2348
-5598
-7724
-3006
-417
-4846
-5048
3502
2956
-2107
2067
8338
6696
2422
11760
15534
8434
12433
18597
16815
14735
18595
20011
17851
18147
18347
17748
15406
14174
15273
13115
8725
8336
7886
3554
1756
2020
-1247
-5482
-4647
-3136
-8405
-13112
-10242
-9547
-14952
-15383
-10254
-11471
-18197
-16071
-8156
-12224
-17864
-7953
-4148
-15468
-13240
-2637
-8214
-12813
-4733
-3445
-9317
-8346
-4687
-4959
-7444
-7105
-2697
-3873
-7798
-3951
161
-3254
-4549
780
4698
1398
-489
9268
8529
3455
12114
14484
12868
13813
16289
18193
18015
17915
19242
21220
17482
17178
17832
16358
14739
12960
13539
8846
6938
7014
3865
1426
-620
-1926
-6457
-6150
-4198
-10077
-12276
-11084
-12534
-14236
-13605
-11305
-13915
-17147
-13723
-9756
-13156
-15738
-8431
-7673
-14155
-10610
-5783
-8738
-10480
-6024
-4782
-8757
-9259
-6059
-3872
-8040
-8363
-2210
-4978
-8312
-3605
-509
-4183
-4734
2746
3080
-1619
2447
9301
7142
3698
12489
15791
9151
13568
19449
16725
15840
19522
20318
17612
18917
19149
16315
16573
16537
14325
11227
9952
9422
5659
3611
3839
1031
-3263
-4734
-4390
-5117
-8295
-11273
-10381
-10718
-13925
-13753
-10340
-12434
-17333
-13971
-8720
-12861
-17620
-8819
-4672
-14980
-12309
-3216
-8561
-12418
-5189
-2784
-10539
-9098
-3078
-7560
-8560
-5399
-4975
-5328
-6581
-5404
-1438
-2443
-5473
1099
3832
-633
1790
7472
7949
3784
9350
16498
11214
11929
18490
17179
16206
19098
20419
19362
18453
18803
17809
16682
15302
14455
12754
8663
8575
6655
3389
2732
34
-1919
-5512
-5799
-3855
-9462
-12035
-9813
-11403
-14501
-14032
-10883
-11930
-15977
-14696
-9574
-11236
-15739
-9288
-5070
-12882
-12148
-4386
-7332
-11455
-6252
-3943
-8268
-9390
-7076
-4762
-7118
-8837
-3761
-4397
-8577
-5302
-611
-3054
-5891
368
3890
-624
-27
7649
9177
3368
8850
17154
11719
11203
19159
19354
15518
18255
21518
18639
18089
18664
17022
16489
15132
14492
12091
8146
8627
7198
3201
2102
917
-1930
-6679
-5740
-3082
-9619
-12517
-10183
-11274
-13971
-14434
-12336
-11689
-14923
-17187
-9433
-9253
-18142
-11061
-3836
-11805
-14558
-4814
-4260
-12587
-8251
-1151
-7112
-11372
-4895
-2917
-7878
-8566
-3335
-2957
-7954
-5748
647
-1665
-7030
371
5274
-11
697
7464
9721
3589
8491
17213
11882
11291
18370
18957
15145
18451
21490
18029
18018
19173
17298
15751
15327
13767
11784
9591
7233
6255
4306
1524
591
-1508
-6136
-6391
-3698
-7081
-12117
-11051
-9916
-13424
-14062
-10313
-11022
-16017
-15365
-9372
-10138
-16167
-11710
-4338
-11258
-15063
-5099
-5111
-13094
-8312
-2328
-7137
-10793
-7341
-4295
-7209
-9545
-4415
-2563
-8470
-6878
231
-2617
-6576
99
5126
921
177
7298
9090
4573
8558
16349
13287
10918
17588
19045
16300
18806
20159
19048
19174
17997
17902
17180
13891
13554
13309
9260
7341
7956
3828
759
1456
-1400
-5734
-5437
-3165
-8381
-12406
-9855
-10995
-13445
-13705
-11787
-11333
-15013
-15375
-10829
-10215
-14590
-12181
-5709
-10034
-15048
-7288
-4292
-12400
-10107
-2431
-7177
-12146
-7137
-3362
-8607
-9854
-3297
-3726
-8548
-6483
-106
-2797
-7266
213
4987
-31
-666
7707
9269
3507
8889
16980
11966
10269
19322
19522
14921
18270
21304
18871
17923
19336
17438
15659
14896
14521
13422
8768
8636
8773
3186
2143
2392
-1849
-5054
-4729
-3621
-7716
-11568
-10222
-10921
-13206
-14430
-12111
-10443
-15584
-16925
-11130
-9731
-15649
-13188
-4151
-10181
-16030
-5899
-4002
-13022
-9107
-1574
-7533
-10817
-5659
-4602
-7993
-8761
-3636
-3632
-7825
-5641
-1010
-1188
-6866
-1878
6576
310
-1691
9119
9200
1794
10328
16349
11237
12342
17050
18575
15919
17290
20291
18330
18084
18437
17243
16174
14150
14165
13750
8782
8114
8583
3105
1661
2680
-1516
-5580
-5885
-4846
-6398
-11093
-12075
-9656
-12170
-15593
-11833
-9033
-15003
-17897
-10445
-8040
-15626
-14428
-4998
-8400
-15789
-8342
-3340
-11600
-11825
-3337
-5169
-11108
-8308
-4164
-6539
-9436
-5885
-2301
-6365
-8469
-1760
-1007
-6969
-2372
4944
872
-2189
5760
9360
4082
6536
15840
13970
9342
17613
19561
15088
17612
20655
20054
16655
18789
19294
15691
15185
14493
13637
10249
8757
8574
5462
2989
1734
512
-2897
-5458
-4213
-4447
-10079
-12416
-9250
-10479
-14866
-13353
-8666
-12395
-17901
-12266
-6951
-14357
-15661
-5474
-7465
-16200
-10840
-2770
-10825
-12924
-3410
-6386
-10928
-8452
-5032
-6687
-9986
-5804
-3722
-6703
-8291
-3070
-275
-6328
-3719
3941
1986
-615
3929
8804
6305
4435
12863
15881
10234
13149
18956
17297
15401
18964
20676
18282
17572
18079
18011
15479
13685
15377
12395
7148
8363
8685
2697
-140
2109
-1031
-7343
-5851
-1633
-7701
-13992
-9030
-8054
-14570
-15797
-8767
-9189
-19201
-14959
-7061
-13431
-17728
-8794
-4178
-14847
-14737
-3572
-7788
-14140
-6997
-2729
-9271
-11609
-4869
-3986
-9734
-8110
-2182
-3600
-7978
-4234
871
-3270
-4973
3118
5409
-1017
1376
10160
8347
3397
11147
17810
9991
10342
20435
18046
13290
18002
21288
17198
16268
19061
17458
15020
14032
14898
13404
8394
7564
8054
4765
1587
1174
914
-5327
-8628
-1539
-6250
-15326
-10251
-8027
-13990
-17990
-10587
-7842
-19456
-17858
-6777
-10585
-19162
-11441
-2898
-13120
-16136
-4260
-5786
-13634
-7902
-2503
-8161
-10643
-5251
-4047
-8455
-7931
-3316
-4009
-7394
-5564
-379
-2369
-6351
-51
4486
899
-146
6058
10471
4590
5908
16667
14239
8625
15998
20846
14817
14897
21817
19688
15580
17993
19477
16669
13380
14944
16077
10182
6953
9822
7217
1199
2123
3061
-2746
-6936
-3062
-1464
-10484
-13316
-6503
-8720
-17107
-13498
-6095
-14028
-19572
-10634
-7334
-15908
-16754
-5132
-7648
-17846
-9943
-3539
-12306
-12904
-3989
-5668
-11838
-8836
-4645
-7836
-9603
-5457
-3698
-6313
-7498
-3431
-894
-4793
-3978
2896
2530
-1638
2141
9876
7768
2148
11997
17587
7602
11911
21183
16416
13339
17240
22507
17444
12807
21463
18458
10071
14958
16940
9956
7608
10400
7825
3287
1546
2918
1199
-6226
-5273
-54
-5966
-13107
-8617
-5818
-14148
-15506
-6462
-9162
-19047
-14052
-5441
-12010
-18133
-7934
-3620
-15048
-13534
-2421
-8217
-14407
-5824
-3044
-9850
-10155
-4841
-5569
-9389
-6538
-3138
-5202
-7344
-4948
-865
-3031
-4886
613
3329
1046
922
5868
9795
4374
5331
17137
13480
6724
16803
20840
12672
13395
21820
18953
13083
17198
19702
14826
10676
14873
16301
6849
5866
11792
5061
-1895
3645
4091
-5578
-7405
-1627
-3268
-11771
-12198
-6084
-10322
-17534
-11986
-6028
-14399
-19481
-9602
-7288
-15821
-14476
-4829
-7171
-17224
-9838
-1144
-11485
-12960
-1591
-4298
-12571
-6631
-2089
-8396
-8239
-3128
-3381
-5810
-5435
-2740
-1674
-3623
-2921
2753
3016
-383
3458
8956
6081
4104
12958
15577
8662
12879
20299
14500
12570
21143
20272
13942
16632
19861
15742
11830
14412
16086
9745
5877
9728
8133
1018
618
3104
-1429
-7595
-5097
-1194
-7850
-14188
-9371
-8214
-15775
-14435
-6762
-11091
-18941
-13323
-6551
-12995
-16529
-7397
-6037
-14620
-11605
-4384
-9711
-12684
-5053
-3957
-9987
-8727
-4414
-6257
-8055
-5563
-4284
-5716
-6079
-3991
-2539
-3299
-3320
-1071
2030
2079
347
5522
9215
3290
6761
16377
10776
7914
18363
18151
11240
16275
22138
16979
13613
18774
18971
13443
13437
16703
13614
7543
8433
12031
5509
-575
5574
3045
-4823
-4503
-2072
-2459
-10612
-10785
-5342
-10633
-16277
-11307
-5466
-13499
-19090
-9984
-7460
-17124
-13407
-4144
-12299
-15754
-7455
-6665
-11576
-10532
-6028
-6807
-10702
-8146
-4828
-8779
-7723
-5469
-6217
-4838
-6747
-4389
-517
-3838
-3840
1862
3495
71
1925
9470
8335
3301
11667
17150
8834
11227
21062
16210
12145
20419
20702
14333
16823
20408
16193
12537
15343
16442
10752
6259
10303
9650
1416
1699
4797
-261
-7315
-4019
383
-7520
-12849
-8139
-6786
-13597
-14456
-8157
-10482
-17182
-13766
-8013
-12562
-16575
-9953
-5430
-12735
-13850
-5153
-7642
-12232
-6416
-3792
-8798
-9707
-4974
-5719
-7800
-5701
-5383
-5183
-5834
-5732
-2125
-2515
-4750
-1835
3356
2456
-1014
4701
9515
3860
5952
16340
12495
7055
16900
19344
11620
15821
22011
16869
14216
18971
18917
13206
13329
16669
12503
7914
8995
8849
5198
638
2702
4391
-5521
-8006
-217
-3971
-11907
-9306
-7593
-11776
-14601
-12142
-7679
-13943
-18542
-10145
-7841
-15022
-15249
-5995
-7490
-16280
-9291
-3380
-12167
-11581
-2782
-6529
-10933
-6142
-5155
-7252
-6157
-4818
-4343
-4832
-5771
-3618
-319
-3317
-3717
2554
2710
-454
2570
9429
7067
3273
12787
15664
7790
12384
21319
14914
11755
21163
20061
12726
16369
20352
15166
11485
14528
15572
9517
6005
10152
8748
1367
1433
4336
-691
-5957
-3513
-983
-6714
-12462
-7610
-6173
-13829
-14861
-7854
-8838
-17740
-14494
-6996
-11892
-17145
-9634
-4078
-13392
-14227
-4059
-7021
-13102
-7056
-3963
-9123
-9242
-5126
-5404
-8517
-7209
-4209
-4867
-6501
-5202
-1426
-3101
-5606
-102
3180
1166
-53
5837
9904
2647
6953
16589
11540
8176
17183
19277
10723
16630
21717
15900
15983
17632
18319
15258
13081
15795
14490
8416
7603
10997
6058
456
3501
3695
-4588
-7320
-881
-2732
-12090
-11253
-6578
-11499
-16177
-11398
-7605
-14866
-18777
-10172
-8440
-16296
-14599
-5800
-9121
-16506
-9172
-4609
-12262
-11148
-4177
-6688
-11098
-7657
-4239
-7147
-7627
-4421
-3811
-5124
-6200
-2933
-824
-4112
-2415
3092
3119
-731
3064
10206
5776
4081
15020
15941
7096
13646
21604
13499
12929
21970
19363
13052
17245
20286
14718
12182
15147
15543
9642
5944
10164
8270
469
1591
4150
-2406
-8273
-3413
-1235
-10670
-12827
-6788
-9385
-16091
-13711
-7168
-11958
-18321
-12189
-7550
-14355
-16534
-6301
-6267
-16194
-11682
-3396
-9062
-12288
-5212
-4151
-10009
-9598
-3162
-5493
-9482
-4580
-3471
-5618
-5835
-3123
-429
-3536
-3418
2270
3314
-256
1746
8914
7843
2786
10879
16930
9349
11311
20287
17468
12919
18717
21580
15977
16125
19043
16991
13829
13263
15330
12742
6670
7683
9513
3050
33
4126
629
-7693
-5824
-211
-6539
-14243
-8947
-6971
-14756
-15637
-8664
-9160
-17998
-16029
-7668
-11629
-17219
-11157
-5402
-12512
-15627
-5980
-6712
-13700
-8346
-4041
-8550
-10472
-6403
-5190
-8983
-7743
-4099
-4177
-6656
-6093
-994
-2576
-5213
-49
4391
1550
-575
7020
10365
3981
6718
17554
12955
6775
17709
20381
12110
14859
22270
17512
13460
19275
19017
13757
13099
16449
15010
7582
7485
11503
5898
187
3971
3352
-4845
-6458
-657
-3297
-12725
-10500
-5845
-11835
-15879
-11256
-8080
-15231
-17463
-9471
-10015
-15826
-14461
-5739
-8522
-17298
-7875
-3986
-13247
-10783
-2964
-6848
-11816
-7379
-4062
-7827
-9142
-3820
-4184
-7595
-6588
-1381
-774
-6253
-945
4569
1524
-460
5515
10839
3742
5534
16433
13249
7419
15733
20060
12434
14447
21677
18571
14207
17080
19368
15656
12324
14544
15273
8858
6235
9790
6812
442
1641
3324
-3125
-7974
-3586
-2410
-10814
-12987
-7254
-10438
-17335
-13316
-8131
-13896
-19043
-12116
-7306
-14973
-15861
-5195
-7011
-16170
-9526
-2644
-10559
-12216
-3954
-5108
-10837
-7884
-3806
-6327
-8584
-5090
-2045
-5059
-6808
-1987
91
-4223
-2823
4729
3945
-1423
3479
11073
6474
3706
13734
16169
8177
12466
21697
15333
12007
20422
20946
13933
16013
20083
14104
12649
14187
14431
9385
5462
10306
5816
2620
1614
1210
-250
-8544
-4180
-1261
-9240
-12991
-9099
-8500
-15682
-14980
-8346
-11047
-18535
-13734
-6611
-13271
-16830
-6377
-5127
-16100
-11342
-1790
-9090
-12644
-3452
-3713
-10506
-7900
-3239
-5421
-8739
-4220
-1929
-5949
-6116
-2781
340
-3247
-4152
3259
3647
503
1859
7994
9167
2625
9583
16937
9377
9579
18227
18211
12602
15852
21374
17193
14185
18056
18600
13261
12349
16126
13152
6291
7748
10360
3705
-23
3972
1741
-6120
-5931
-1298
-5318
-12617
-10645
-6834
-12704
-16668
-9931
-8478
-17195
-17408
-8191
-9697
-17949
-12106
-3708
-12279
-16557
-4655
-4821
-15054
-8679
-759
-9121
-11765
-4406
-4695
-8315
-7137
-3560
-3834
-6812
-5503
-983
-2311
-4329
-381
3846
3478
-2924
6426
12492
1198
8214
16360
11857
8668
15572
20437
12835
14827
20871
19105
14451
16245
20408
15430
11768
15016
15650
8367
6119
10603
6522
-265
2253
3585
-4389
-7909
-3064
-3312
-10880
-12501
-7546
-10277
-16922
-12777
-7061
-13896
-18779
-10301
-7295
-16163
-14739
-4242
-8384
-16477
-7621
-2483
-12036
-11465
-2483
-5841
-11649
-6483
-3329
-7434
-8333
-3884
-2915
-6471
-5892
-2282
-491
-4673
-3578
4140
2487
-577
3010
9535
6266
2464
13619
15841
7920
12170
20555
15732
11852
20024
21329
14605
15035
19688
16865
11417
13784
16648
10310
5460
9730
8530
854
893
3576
-1604
-7097
-5136
-2737
-7635
-13750
-10822
-7958
-14687
-16541
-8752
-10037
-19059
-15858
-7130
-11496
-18519
-9199
-3766
-14896
-13421
-2594
-7951
-13797
-3950
-2700
-10032
-6912
-4654
-5296
-6608
-5670
-2026
-4218
-4745
-3000
-517
-24
-3496
1055
5086
2658
2022
6539
10895
4596
6875
17364
12208
8113
17523
19637
10937
14990
22972
16303
12662
18396
18566
12420
11738
15746
13360
6186
6573
9642
3500
-1127
2496
1751
-5544
-7584
-3261
-4278
-11812
-12474
-7319
-11435
-17600
-11660
-7433
-15694
-18775
-10053
-8681
-16793
-13869
-4482
-10071
-16739
-7267
-3725
-12409
-9855
-1937
-6065
-10138
-5748
-4241
-6878
-6391
-4326
-3677
-4434
-5557
-3319
-857
-3418
-3301
2707
3804
-427
1853
9028
7306
2932
11066
16341
8122
10098
20069
15012
10482
19546
21239
13344
14966
20331
15944
10628
14529
16984
9335
5428
10093
8935
650
2100
5214
-1316
-5299
-4705
-1437
-5164
-12253
-10370
-5574
-12087
-19819
-6987
-7758
-19962
-14280
-9673
-10900
-16571
-12373
-3572
-13394
-15459
-3978
-7275
-13516
-6846
-4128
-9151
-8980
-4874
-5529
-7244
-5601
-4405
-3829
-4539
-5143
-1870
-491
-3090
-1242
3771
3189
418
5018
10461
5963
4817
14419
14247
7669
15896
20936
11101
13315
23293
17313
12002
19172
19670
12160
12089
17061
14084
6509
7616
10952
4682
-145
3464
2819
-4035
-6450
-3333
-2937
-9233
-12873
-8135
-8484
-16351
-14627
-7083
-11262
-18749
-13589
-7251
-13422
-16392
-7210
-6673
-15435
-11404
-3465
-8953
-12378
-5144
-4366
-9392
-6776
-3834
-6518
-6280
-4192
-4136
-3168
-3350
-4130
-1458
-675
-2931
-493
4581
2923
1
6107
9674
4408
6793
15124
12376
8440
15756
18886
11380
13539
23189
15830
11674
21418
16775
10695
15014
15262
12068
8094
7442
10226
4980
-894
3986
2430
-6229
-5983
-2865
-4483
-10107
-12586
-8458
-9327
-16356
-14879
-8181
-11968
-18657
-13287
-7472
-14147
-16962
-7263
-6078
-15368
-11781
-2549
-8496
-12869
-4272
-3698
-9882
-6600
-3370
-6301
-6474
-5134
-4548
-3429
-4923
-5103
-549
-470
-4545
-1112
4432
1400
346
7413
8120
3493
8352
14225
10504
10718
17288
15230
11946
18643
20268
14172
16114
20013
15954
12911
15163
16206
11998
7863
10022
9891
3050
1933
5324
1523
-4433
-4951
-2926
-3499
-9026
-11539
-7052
-9292
-16663
-12332
-6429
-13755
-18437
-10547
-8260
-16096
-14566
-5472
-9273
-15707
-8615
-4446
-10727
-10652
-4686
-6326
-8998
-6331
-4842
-6238
-6058
-5201
-4878
-2690
-4967
-5308
-973
-1340
-3353
-1419
4149
1029
-354
7295
7081
4335
7618
13271
11724
9642
16178
16392
12087
17114
20456
15054
15388
19723
17137
13253
14795
16820
12130
7896
11143
10576
2932
2025
5128
1071
-3880
-4752
-4478
-4746
-9291
-12403
-7713
-9451
-17912
-13594
-6821
-13868
-18376
-11823
-9220
-14733
-15272
-7320
-7907
-16040
-10144
-2907
-11116
-11915
-3084
-6209
-10278
-5025
-4438
-7118
-5572
-5217
-4710
-3024
-5302
-5001
-21
-1528
-4087
374
3353
2014
793
4964
10072
6311
5144
14309
13836
8832
15761
17458
14612
16734
19157
18242
16212
19584
18223
14635
15803
15833
13420
8881
9805
10862
4365
1265
4309
2343
-4696
-5148
-3623
-5073
-8680
-12682
-8774
-11025
-16962
-13797
-11077
-11685
-18586
-15986
-7638
-14840
-18312
-7051
-6134
-17569
-10471
-3201
-11542
-10593
-5540
-4827
-8532
-8453
-2049
-5616
-8102
-4041
-3851
-3016
-5386
-5416
602
-2048
-5637
-203
4452
1401
167
6747
9281
4568
5808
15802
13389
8111
17695
18018
12678
17453
21287
17527
15530
20605
19074
13754
15253
17880
13947
7969
10677
11612
4661
2172
5136
3631
-3913
-5372
-3696
-4854
-7174
-12207
-10267
-9327
-15815
-15793
-10736
-10876
-18938
-16965
-7982
-13864
-17910
-10414
-7979
-14666
-13252
-4547
-10301
-12927
-4920
-6495
-9583
-7014
-5253
-6715
-6947
-5692
-5260
-4308
-5908
-5141
-1813
-2278
-3636
-2580
2094
2182
-115
4251
8639
6814
4475
12411
14246
8792
16286
18667
13359
16508
20649
17790
15074
20613
20994
13468
14890
19107
13938
8224
12210
12892
3789
4411
5995
669
498
-4727
-5913
-1254
-7654
-11599
-9149
-9880
-14727
-16162
-9780
-10767
-18921
-15540
-8641
-13833
-17295
-9910
-7828
-13886
-11214
-5651
-11152
-11878
-5022
-6629
-8936
-6058
-6473
-7453
-6321
-5991
-5261
-5092
-5445
-5089
-3938
-2910
-3558
-2806
682
3121
1579
1381
6076
7638
5102
10285
14926
9365
13091
17646
13804
16683
19925
18374
16345
20171
20548
14231
16211
19053
14472
10122
12610
13076
6422
3056
5632
4934
-1405
-2195
-1936
-6188
-6545
-7299
-10667
-9901
-10978
-14623
-12948
-11941
-13900
-15187
-13711
-11741
-13580
-13848
-10964
-10699
-12578
-9283
-9054
-10921
-6942
-8382
-9125
-6527
-6210
-7212
-7756
-4710
-5782
-6644
-3916
-4426
-4969
-3215
-304
-2101
-3089
3223
3905
477
4662
9870
6290
6518
12660
12428
13866
14191
14738
18211
17224
17958
18107
19125
20032
16474
16546
18393
14844
11172
12277
11540
7612
4797
4673
3024
-168
-1861
-3920
-5543
-5435
-6086
-11326
-11173
-9693
-14544
-14781
-12245
-11293
-16368
-16987
-10436
-13218
-15566
-11001
-9462
-11857
-10999
-9308
-9512
-8172
-8732
-8522
-6193
-6523
-8087
-7078
-5536
-7039
-6796
-2921
-3628
-7004
-3689
-363
-3453
-4080
1766
4382
-503
729
9486
7498
2380
11202
16027
9606
12754
19065
15171
15404
20632
18941
17664
19725
18028
16403
17208
16469
14349
12378
12097
10938
5880
4228
5945
2369
-649
-497
-4885
-6513
-3070
-7620
-12780
-8945
-9390
-15702
-13821
-8977
-13569
-18247
-13061
-9135
-15077
-15604
-8655
-9770
-13423
-10531
-7845
-10002
-8946
-8964
-9292
-5636
-8920
-8800
-5337
-6964
-8008
-6326
-3255
-5834
-6826
-1841
-448
-3911
-2802
4103
2686
-1364
5848
10562
4346
6621
15405
12846
11094
17432
17754
15706
20034
19800
16667
20500
20806
15763
17039
18136
13206
12917
13496
9968
8013
6551
3963
2203
2376
-823
-4812
-5975
-4139
-5513
-12787
-9566
-8279
-15950
-15076
-9810
-11096
-17719
-15295
-10052
-13956
-15665
-11099
-9467
-12572
-12449
-9058
-8192
-10252
-10103
-6839
-6337
-8499
-8254
-5845
-6075
-8430
-6783
-2609
-5108
-8602
-2735
329
-5274
-4452
3183
3392
-1568
3184
11196
5954
3269
14325
15357
9056
15118
19063
14911
16868
19813
18234
19009
19359
17838
17609
16334
16023
15997
12558
10556
11095
7172
3957
4483
2588
269
-2728
-5299
-6250
-4538
-8286
-14835
-8251
-9309
-18876
-14380
-7414
-14034
-20482
-11383
-8663
-16762
-14516
-8252
-11174
-13892
-9047
-7678
-10053
-9478
-8276
-7572
-6900
-7290
-7171
-5895
-6855
-7492
-4360
-3286
-6878
-6193
-514
-1146
-5341
-1301
4739
1415
-1141
7129
10829
4121
6813
16338
13430
9911
17168
18995
15131
18208
20637
17971
18712
19938
17537
16772
16908
14990
13305
11938
10398
9457
6602
3684
3184
1867
-1119
-4875
-4936
-2768
-7403
-12701
-8367
-8318
-15927
-14319
-9018
-10491
-16858
-14566
-8720
-14007
-14560
-9838
-8576
-11280
-13066
-8049
-7412
-10657
-9358
-6599
-8202
-9040
-6850
-7394
-7363
-7372
-7105
-3845
-4793
-8220
-4039
350
-4481
-5057
3656
3893
-2364
3081
11339
5623
3542
13737
14760
9944
14338
19139
14509
16836
21701
16703
19378
20997
17111
17205
17751
16670
13991
12807
11489
9923
6423
5310
4504
1655
1421
-2329
-5723
-5118
-3356
-8644
-12844
-7144
-10630
-16260
-13096
-9974
-12260
-18115
-13323
-9305
-15422
-14385
-9355
-9160
-13449
-12558
-7189
-8767
-10947
-9827
-7473
-7795
-9589
-7559
-5864
-7790
-8985
-4576
-2560
-7308
-6709
486
-249
-5506
-894
5331
2136
-244
7437
11570
4641
6055
16407
14414
10089
16893
18558
15029
18329
20050
18266
19175
18404
17754
18779
15823
13824
15263
11903
8429
9811
6476
1502
2589
3135
-2219
-6240
-5198
-4305
-7511
-12506
-9861
-9605
-15412
-15406
-11345
-10187
-17762
-17271
-10028
-12603
-15965
-12719
-7979
-12093
-14811
-8741
-6906
-12037
-10585
-6327
-8384
-8492
-8568
-6781
-6527
-8022
-6786
-2506
-3722
-10644
-666
890
-6271
-983
1842
4371
1067
1682
11165
9045
3918
11430
17748
11839
11874
18542
17907
15719
17992
20136
19002
17891
17734
18270
16754
13568
15860
14084
9568
10281
7902
4795
2843
3645
1529
-4191
-5026
-5223
-4515
-7998
-13068
-10211
-8923
-15208
-16682
-9359
-10720
-19405
-15472
-7089
-13896
-19293
-8638
-6492
-16489
-12996
-4288
-10626
-14548
-6406
-6180
-11391
-8383
-6381
-8191
-7575
-7607
-6396
-3783
-7245
-8380
-1210
-654
-6167
-3336
3928
2357
-1714
4343
11258
6043
2708
14548
16347
8859
14255
19007
16835
15550
19120
20287
17300
18641
19449
18810
15104
14311
18029
11749
8924
12913
8286
2688
3782
5428
-876
-4889
-2653
-4713
-4920
-8128
-12709
-7864
-9152
-16501
-12943
-6380
-13928
-18823
-10059
-10558
-15530
-14123
-9363
-8742
-15925
-11190
-5165
-12450
-12197
-6117
-8583
-10026
-6861
-7387
-7847
-8032
-8045
-3925
-4080
-8527
-5105
550
-2430
-5453
-404
4913
1600
-1202
7646
11373
2360
5714
17526
13079
8153
16847
18728
13635
17147
20894
18170
16720
19217
18953
15619
15241
16845
14716
9945
11439
10821
5163
4341
5495
3832
-1821
-3217
-3552
-5051
-4486
-10582
-11007
-7137
-12933
-15993
-11797
-8500
-15242
-18677
-9166
-9966
-17308
-13485
-6859
-12017
-15949
-6577
-7034
-13517
-9308
-6446
-9177
-9026
-6608
-6820
-7233
-7304
-7029
-4971
-4343
-6870
-5045
701
-1526
-5372
131
5077
758
559
9582
9938
2290
7704
17558
11833
9592
18426
18235
13323
18020
20380
15982
18256
17876
17688
16783
12921
16889
12819
9039
11236
9207
5511
891
4574
4005
-3954
-4576
-4498
-4440
-6371
-11285
-9839
-9059
-14120
-15660
-10819
-9479
-17062
-18176
-8984
-10619
-19055
-11929
-5076
-14353
-14956
-4981
-8472
-14062
-7486
-5604
-9947
-7517
-5183
-7938
-7607
-5692
-6105
-4350
-4368
-7392
-3363
700
-3928
-4102
2583
3849
576
2525
9188
7998
3086
10673
17093
10731
11436
18535
16348
14788
19033
19432
17967
18206
18664
18902
16072
14172
16771
14258
9306
11911
10887
2674
2712
6969
2143
-3724
-3048
-3697
-6573
-6741
-8082
-10721
-10302
-11717
-14998
-11744
-8821
-15543
-17688
-9371
-10689
-18382
-11853
-6389
-14940
-14628
-5986
-10117
-14564
-8138
-7092
-10869
-8388
-6333
-8184
-8807
-7210
-5517
-6140
-6110
-5018
-4924
-1736
-1441
-4817
821
4595
-296
3585
10424
6830
4164
10777
15827
11868
12125
19210
17007
13447
18963
19902
16576
18010
19294
17725
14886
14079
15999
12637
8553
12025
9734
1461
3572
6145
-333
-3261
-3058
-5400
-5778
-6393
-9401
-10474
-10373
-12728
-14971
-11408
-8922
-15845
-17262
-8984
-12124
-18104
-9560
-7940
-15939
-11120
-6646
-12708
-11581
-7408
-9753
-8721
-5857
-8279
-8950
-6317
-6500
-6436
-4162
-4785
-5949
-3524
-1271
-1844
-2769
290
4589
2606
2220
9272
8793
3689
10916
17057
11717
12525
18191
16258
16040
19783
18927
18216
18868
17052
17857
17879
14282
14790
15020
10154
10080
11085
4015
2392
5876
2263
-2825
-3617
-5641
-6773
-5207
-10835
-12064
-9265
-12943
-17200
-13099
-8439
-18113
-17738
-10766
-11854
-17751
-15802
-4299
-15140
-17218
-5194
-10295
-14096
-8688
-6305
-10755
-7470
-5978
-9015
-6087
-6475
-6281
-3223
-4016
-6323
-2655
1014
-1627
-3384
1425
5555
1529
2485
10480
8315
3499
11455
16453
10584
12454
19260
16317
13867
19283
19652
16204
17675
19130
17734
14726
14101
16039
12518
8280
12333
10420
2024
3927
5403
373
-2586
-1858
-4042
-7020
-4208
-8932
-12385
-7993
-12282
-16066
-10771
-8545
-16684
-17589
-9055
-13630
-17350
-10245
-9339
-14401
-13430
-7384
-10872
-12635
-7784
-9622
-8789
-6643
-8293
-7865
-6518
-7201
-6802
-3750
-4438
-6749
-4133
-323
-2065
-4334
768
4666
-96
701
10455
8629
1656
10422
16653
9313
11351
19356
15440
12645
18681
19161
16290
16393
18697
18787
13468
14928
17527
11572
9758
14221
8569
3082
6975
3145
2291
626
-4548
-3483
-5360
-5072
-8422
-11253
-8237
-12169
-15775
-11720
-8562
-15656
-17925
-9675
-12077
-17755
-12069
-8491
-14091
-13894
-7955
-11122
-12569
-8096
-9411
-9572
-7069
-7811
-7740
-5989
-7044
-6587
-2978
-4219
-6164
-3156
-104
-1703
-4165
1117
5433
881
1239
9842
9097
1691
10132
18018
9323
10313
19279
15630
12166
18983
20563
15231
16366
19030
17269
14956
14231
16454
13636
8180
11500
10926
3349
3151
5591
2358
-2143
-3322
-4180
-5987
-6323
-8593
-10586
-9665
-11929
-14897
-12914
-10137
-14505
-17278
-11227
-12504
-17160
-12812
-10326
-13296
-12482
-9560
-11357
-11047
-8623
-9866
-8203
-6410
-8265
-6945
-5874
-7490
-5750
-3282
-3762
-4957
-3486
540
-1320
-3315
2832
3647
1407
3832
7256
9509
5310
7440
16233
12517
9921
17864
17001
12976
19366
20308
15520
18046
19989
16866
15264
16510
15814
12393
11179
11785
9410
5105
3999
4060
2298
-219
-3275
-4821
-6230
-6569
-7563
-11465
-10366
-10336
-15475
-15029
-10603
-12819
-17802
-14130
-11395
-15060
-14603
-12340
-11690
-12092
-11857
-10040
-9975
-9776
-9500
-8513
-7100
-7631
-7548
-7415
-6401
-5838
-5836
-3398
-4388
-5671
-1145
-36
-4131
-734
6036
2016
-208
7636
9768
3918
6345
16414
12867
7845
17193
18566
11729
16440
22607
16908
14852
20437
18704
14236
15711
17052
13650
10522
11420
11483
6588
2902
5180
5157
187
-1918
-2756
-5666
-6271
-4906
-8138
-11548
-10352
-12485
-13969
-11182
-11943
-15424
-14942
-13266
-12612
-12958
-15994
-11485
-9804
-13617
-9361
-9944
-10666
-8589
-10291
-6848
-5147
-9230
-7982
-4240
-6370
-6895
-3438
-3475
-5357
-3748
158
-1872
-3469
3153
3740
936
4356
7099
7391
6537
10670
14767
10980
12929
17265
14534
15340
19299
18538
16477
17811
18418
16685
16439
15542
15334
13942
10022
12160
10977
3382
4794
7415
2077
-1997
-1362
-3201
-7792
-5781
-5713
-11598
-11719
-11537
-14402
-14474
-12111
-13191
-17304
-15665
-12383
-14083
-15403
-12589
-11471
-13205
-11524
-10399
-11275
-10314
-10197
-9433
-6613
-6681
-9792
-6746
-3011
-7810
-6137
-636
-4445
-5779
12
1126
-3604
-790
5565
3096
1548
6305
9372
6399
7052
15082
13972
10389
15510
17470
15047
16922
20041
17780
16538
18412
18615
16326
15222
16448
14827
11061
10809
12057
5829
3131
6408
3840
-556
-3014
-2958
-7215
-8073
-4839
-10218
-13188
-11966
-13175
-15828
-14089
-11265
-16329
-17926
-12474
-12968
-15688
-12566
-11942
-12942
-10731
-11329
-11195
-8026
-9448
-10928
-6100
-5147
-9406
-7269
-3067
-5569
-6832
-2441
-2677
-6086
-2032
2192
-1381
-2699
2434
4905
2304
2855
9259
9105
4115
10177
15982
11050
11673
17694
15505
14913
19174
18833
17503
17894
18795
17515
16885
16350
15306
13935
10570
12941
9820
3297
5458
5637
2250
-1305
-2159
-4804
-7817
-4552
-6166
-13009
-12123
-9408
-14466
-15699
-10642
-12650
-18082
-15240
-11275
-14368
-15493
-12793
-11638
-11077
-12362
-12485
-8541
-8792
-11187
-7358
-4958
-8551
-8892
-5428
-5152
-6689
-5169
-2724
-4606
-5668
-1650
614
-3376
-3040
4452
4243
30
4188
11008
5731
3710
15536
14699
9136
14301
18677
15620
14606
20665
19062
15736
19191
19965
16263
14836
17339
15514
11019
11984
12788
6547
3131
6201
4662
-334
-1954
-3603
-6689
-6233
-5634
-10159
-13046
-11145
-13083
-16665
-12835
-11341
-17659
-17680
-12854
-13978
-15189
-14072
-13439
-10766
-11017
-14010
-10242
-7008
-11025
-10312
-5287
-6662
-9745
-6936
-3555
-5516
-7485
-3627
-1371
-5554
-4080
2025
89
-4638
650
7406
2631
831
8733
10736
3656
7905
17919
11544
10198
17421
16424
15293
17673
19872
17380
17101
19921
18006
16907
15785
15887
14099
10278
13366
10506
3962
4237
5275
3016
-1831
-2671
-4055
-7133
-6205
-7552
-11411
-12278
-11628
-14770
-16585
-12275
-13473
-18383
-15801
-12610
-15483
-14788
-13404
-13511
-9283
-13600
-11796
-7288
-12103
-8176
-8149
-7851
-6080
-8519
-6156
-4119
-4757
-6207
-1363
-2125
-6217
693
2872
-2978
-1882
6139
4882
-755
5672
12816
5799
3312
15387
15898
7540
13917
20729
14523
13917
20510
18795
15205
18481
20140
16293
14910
16799
14732
10922
11764
11928
6719
3698
5215
4031
-230
-2233
-2702
-5309
-7404
-6067
-7560
-12664
-12345
-10985
-15123
-14884
-11533
-15084
-17359
-14294
-13763
-14220
-14275
-14406
-10951
-10152
-14096
-11434
-6946
-10771
-11814
-5910
-5847
-9716
-7809
-4683
-5967
-7458
-4914
-2548
-4841
-5196
-267
-428
-3731
-201
4189
3058
1184
5785
10484
6006
5012
14855
14637
8126
15107
18625
14407
14791
19589
19472
15189
19209
19214
15492
15620
16207
15771
11095
10739
12660
6519
1548
7884
4325
-3367
845
-3452
-7408
-5238
-6485
-9384
-11711
-11238
-12478
-14971
-14360
-11234
-14355
-17578
-13271
-12688
-14640
-14138
-12616
-10615
-11244
-13153
-9972
-7046
-10683
-10955
-5564
-5215
-9317
-7908
-3352
-5282
-8173
-3401
-1049
-5938
-4692
1316
-567
-3984
1202
6201
2143
833
9538
10501
2567
8808
18462
10750
8474
19545
17477
11169
18844
21392
14775
16527
20187
16770
14822
16353
15799
12517
10439
11429
9920
4873
3805
4960
1870
-1643
-2287
-4246
-7183
-6602
-6413
-11057
-13086
-10818
-13353
-16247
-12494
-12277
-16945
-16107
-13376
-13968
-14103
-13694
-12103
-10011
-12828
-13266
-6846
-6994
-12395
-8841
-4030
-7784
-9044
-4306
-3533
-7437
-5640
-847
-3585
-6097
-1198
2538
-2384
-3460
4285
5085
792
3430
11139
7923
1947
12728
15749
8765
13596
16786
14745
14371
17062
19439
16136
16449
18235
16697
15772
14610
14722
13238
10054
10871
9618
3697
3313
4850
1065
-1789
-2656
-5698
-8266
-6531
-6793
-12588
-13378
-10279
-14601
-17394
-11761
-12041
-17880
-16287
-12633
-14154
-15319
-13778
-11555
-10784
-13049
-12341
-7533
-8584
-11759
-7223
-4253
-8360
-8239
-3461
-3867
-6832
-4470
-996
-3321
-5114
-411
2091
-1970
-2088
4586
5890
844
4246
12061
7463
3364
13873
16753
8015
12395
19678
13857
13052
19597
17995
15223
17605
18037
16723
14794
14443
15751
13238
9634
11289
10175
3393
4012
5593
1842
-2267
-2899
-3328
-8367
-6211
-6667
-12957
-11361
-9951
-14442
-16543
-10745
-12402
-17766
-13519
-12246
-14540
-14435
-14543
-9910
-9105
-16254
-9531
-5865
-12886
-9242
-6973
-6282
-6623
-8935
-3838
-4199
-9179
-4104
-120
-5597
-5330
965
-81
-4544
-867
4902
3152
1389
5866
10127
5588
4950
14602
13513
9273
15706
17113
14213
17091
19136
17399
18120
19488
17527
18056
17506
14439
16699
14748
10151
12194
10166
4485
4102
6294
2657
-3425
-2394
-3209
-8004
-6530
-6444
-12479
-12681
-10724
-15052
-16045
-12530
-13585
-17138
-16225
-13171
-14018
-16593
-14849
-10010
-11459
-14886
-9861
-8108
-12500
-10563
-6897
-7289
-8429
-7147
-5465
-6951
-6688
-4585
-4492
-4463
-4047
-1394
368
-2899
-1917
3651
4885
2259
4585
11671
7001
3481
15153
15762
8455
14792
19903
14459
14704
20850
18633
15263
18768
19822
16891
15097
16281
16566
11763
10062
13936
9922
2520
5487
6617
556
-1992
-1318
-5025
-9249
-4680
-6250
-14160
-11664
-11034
-15917
-15556
-11772
-12762
-18005
-16079
-12527
-14310
-15347
-14170
-10735
-11592
-13942
-10007
-8450
-11002
-10322
-6794
-6304
-8325
-7137
-5358
-6762
-5997
-4018
-3820
-3895
-4480
-951
671
-3321
-1420
4613
3481
316
6220
9471
4082
5707
14471
13281
8526
15341
17577
13036
16868
20591
17229
15808
19604
19361
16102
16597
17184
15982
12465
11757
14315
9678
4267
6355
7493
1824
-1748
346
-3531
-8264
-4786
-4535
-11185
-13353
-10500
-12420
-15583
-13420
-11537
-14787
-18255
-13866
-10958
-16292
-16010
-9786
-10321
-15313
-11502
-6759
-11630
-11981
-7036
-6774
-8286
-7870
-6292
-5901
-6315
-5713
-4237
-3660
-5001
-2962
795
-2409
-2863
2466
3364
2200
3690
8555
7006
3689
12164
14286
9013
14027
17709
14211
15465
19673
18227
16339
18795
19365
17819
16359
16102
17062
13702
10817
14495
11794
3325
5774
8142
1338
-1379
210
-3196
-8345
-5812
-4599
-11147
-13322
-11136
-12360
-16148
-14789
-10815
-15770
-19158
-13423
-11969
-15597
-15906
-10994
-9590
-14610
-12699
-7241
-9407
-11848
-7662
-4585
-8978
-9222
-3832
-5401
-7560
-5270
-3486
-3926
-5865
-2658
359
-3274
-3164
1855
2762
872
3857
7689
5768
5370
10119
12782
11454
13356
16120
14048
15943
19365
17508
17375
19496
18631
16731
18245
17670
15388
14952
12511
13416
12286
5811
6081
6930
2675
-281
-132
-2360
-8056
-6549
-4091
-10702
-14141
-10223
-11197
-17281
-14991
-9740
-15017
-19641
-13801
-10683
-16851
-16758
-10197
-10647
-14645
-14330
-6914
-8744
-14793
-6397
-5484
-10551
-7085
-4828
-6283
-6501
-4772
-4419
-3534
-4578
-3590
975
-1271
-3416
997
3989
2923
2738
6488
8839
5366
7637
14772
12420
10700
15834
16878
15247
17335
19349
17485
17539
19946
18587
16729
17299
17086
14600
11816
13892
13660
5799
4704
8217
4029
-1225
112
-261
-7483
-8343
-3810
-7992
-14802
-12168
-9490
-16528
-18184
-10845
-12573
-20383
-16514
-10500
-15803
-18080
-11748
-10074
-14795
-14201
-8530
-9419
-12774
-10154
-6678
-7519
-9240
-7193
-5538
-7106
-7053
-4830
-3210
-4251
-5142
-1556
531
-2376
-2212
2808
3842
1280
4897
9847
6133
5127
12631
12890
9893
15806
18218
13907
15838
19850
17753
17002
20616
19759
16051
17517
18245
14766
12825
14786
13624
8176
7498
6403
5022
2827
-516
852
-3910
-8015
-4849
-5564
-11157
-12987
-9715
-13149
-16622
-12867
-12121
-16402
-17900
-13695
-13095
-16386
-15120
-11932
-12489
-14598
-11957
-9668
-12333
-11166
-8117
-8663
-9008
-8569
-7634
-6351
-6252
-6968
-4920
-2904
-5907
-4675
961
-809
-4310
560
4937
1541
2358
8949
8502
4073
9238
15854
11642
12321
18405
15534
14344
19902
20232
16223
19152
21322
16065
17102
19834
15746
13485
14008
14140
10750
7298
7919
5386
2296
2005
514
-2835
-6667
-6174
-5791
-9771
-12133
-10636
-11529
-16590
-14905
-11235
-15184
-17553
-14581
-13659
-16100
-15343
-12481
-12143
-13148
-12740
-10272
-9465
-10438
-9169
-7348
-7874
-7561
-6366
-6056
-5787
-6018
-4641
-2778
-4278
-4715
-561
736
-2665
-1165
4459
2320
-100
8257
8876
3313
8360
11804
10695
12362
15042
15639
14280
16464
18950
16758
16987
20096
17565
15540
18692
16742
13488
14003
14075
12500
8654
7826
6476
3773
3437
1652
-330
-4097
-5743
-6688
-7771
-6900
-12392
-13325
-11031
-15454
-15877
-13643
-13021
-16858
-18006
-11893
-14024
-17744
-13347
-9013
-12901
-15607
-8275
-8741
-13300
-8962
-6098
-8412
-8497
-5869
-5549
-6284
-6050
-4223
-3006
-3822
-3627
-985
-163
-2058
-230
2715
2816
2589
5089
8839
7806
4999
11064
15248
9296
14064
18946
13778
15439
18539
18447
17454
18155
18268
17453
17789
15579
16158
15117
12152
12988
10523
6547
5962
5871
2577
121
-641
-4119
-6656
-7705
-6096
-7463
-13791
-12458
-11524
-14943
-14555
-12330
-12502
-18200
-16260
-11140
-14545
-14985
-13188
-9233
-12887
-16417
-6665
-8908
-13670
-9272
-5534
-7708
-11568
-4789
-4541
-9079
-5834
-3751
-3046
-4860
-4930
424
-288
-4354
427
4399
1425
1900
7462
7935
3679
7754
14040
10857
10456
17105
16204
13306
17997
20033
17667
18256
20034
18946
18406
18094
16834
17214
14930
12909
13296
10760
7786
5461
5423
4400
-608
-1629
-2177
-6708
-9783
-6588
-7401
-16422
-14531
-10672
-16350
-17992
-13970
-13129
-19304
-18482
-11396
-14349
-18021
-13694
-10606
-14284
-14670
-9016
-10015
-12752
-9537
-6968
-8172
-8663
-6102
-5360
-5719
-5264
-3809
-2139
-3483
-3556
717
1688
-2369
365
5221
3217
3303
7128
9913
7447
6283
13999
14539
9718
16525
18882
13065
16356
20727
17824
16212
19973
19056
16709
17242
15381
16540
13296
10270
13252
10962
4441
3639
7040
295
-2055
2
-5174
-6948
-9721
-8624
-7657
-15250
-15234
-10985
-15669
-18896
-14253
-13010
-18609
-19165
-12169
-13053
-18189
-14574
-8974
-11810
-15833
-8618
-5744
-12302
-9512
-3617
-6856
-9211
-4663
-3427
-5821
-5113
-3352
-1833
-3291
-4118
860
1750
-2292
-54
4968
2960
1780
6681
9107
7385
6256
11771
13938
10069
14866
17769
14644
16003
18546
18805
17378
18427
18645
17701
17682
15015
16704
15357
10382
12950
11884
6622
4931
6181
3860
-1445
-321
-1511
-6373
-8081
-8403
-7152
-11179
-15141
-12583
-13489
-16735
-16641
-13481
-15009
-19894
-15731
-12020
-16051
-16853
-11748
-10402
-14957
-12031
-6880
-10618
-11948
-7381
-6272
-8608
-7614
-6076
-5516
-4712
-5808
-4010
-1130
-4376
-3600
2921
-328
-1716
3433
3390
3808
4493
7209
9792
6920
8270
15242
12917
9696
18703
18342
12809
17911
21110
17125
16230
21008
18658
15423
17327
16315
14865
12893
12105
11895
8519
6095
4778
3782
1690
-1451
-2058
-3963
-7705
-9704
-8311
-8463
-14724
-14936
-11993
-15697
-17488
-14871
-13122
-18118
-19045
-12111
-14167
-16697
-13309
-12293
-12338
-12568
-10225
-8910
-11080
-9554
-6451
-6627
-7739
-6150
-4433
-5178
-4336
-3279
-2710
-2049
-2519
82
1820
311
393
3378
5254
3315
6397
10170
7440
7260
12635
14480
10003
14311
19619
13008
14031
20882
17838
14164
18504
20396
14842
14841
17893
14949
11904
11881
12976
9788
6005
6572
4442
1812
497
-949
-2587
-5979
-7333
-8988
-9538
-9990
-13564
-14002
-14319
-15139
-16412
-16704
-14087
-15964
-18178
-14765
-13103
-15983
-14917
-11812
-11571
-12056
-11524
-8958
-8590
-9364
-7637
-5731
-6168
-5835
-4647
-3175
-1961
-4393
-2280
163
-1832
-2
2284
2228
790
2379
5442
5145
5887
8586
9853
7577
10389
15455
10870
12670
19136
13808
13451
20155
17502
13026
18251
20470
12899
14557
18784
13015
11212
12740
11889
8483
5973
6690
3672
1191
391
-1799
-2879
-5306
-7493
-9098
-9949
-9991
-12606
-13926
-13754
-14406
-15355
-16046
-14710
-15138
-16904
-15137
-12788
-14111
-15041
-11913
-10836
-12134
-10613
-8084
-8328
-9559
-7164
-5570
-6771
-5184
-3625
-3099
-3133
-4484
-2140
-4
-1085
-1109
1781
3630
-223
1444
7021
5024
3692
8771
11243
6607
8945
14244
10091
11361
18340
15497
10697
17221
18941
11038
16444
21163
12607
13328
17825
13438
10291
12018
12414
8907
6759
7095
4573
805
653
207
-2373
-3900
-6187
-7235
-8724
-12531
-10313
-9497
-15585
-15154
-12572
-16756
-18148
-14414
-14659
-17515
-15353
-12588
-14330
-15618
-12587
-9233
-11073
-11271
-6526
-7492
-10265
-6395
-3965
-5673
-5226
-2749
-1838
-3309
-3384
-425
876
-790
40
4191
2858
-471
4303
7755
4607
5151
10829
11198
5540
8746
15650
10897
10182
18043
15790
11153
15430
17980
14384
13962
18187
16817
12782
14217
14805
12135
10198
11024
11050
6150
4398
5346
1603
-1313
-460
-1599
-5647
-6896
-7769
-11854
-12272
-10146
-12859
-15932
-14104
-14814
-18817
-16669
-14176
-16055
-16021
-14727
-14047
-14386
-14258
-12318
-9379
-8895
-10346
-8122
-5720
-7947
-7882
-1294
-2417
-6357
-1148
249
-2888
-2892
1375
2303
-1211
1194
5060
2594
-1134
3636
7968
3495
3631
9901
9157
4192
8070
13883
10280
8586
15899
16076
8688
12443
18498
13040
11609
18377
16671
10763
13026
15539
12072
9732
11863
11996
7204
4194
6065
4495
-1414
-1125
1048
-3422
-7463
-5842
-7845
-13031
-12012
-9377
-11379
-16806
-15740
-14294
-18623
-17765
-14179
-12731
-17323
-17469
-11529
-13826
-15541
-10860
-6617
-10251
-12292
-4732
-4592
-10379
-5310
385
-4712
-4789
1313
-561
-4148
-1176
2567
2034
225
1696
4225
2026
343
4773
6989
3935
4232
8897
8760
4784
8189
13846
9860
8452
16293
14775
8500
14409
18118
11937
13372
18688
14665
11699
14300
14344
11380
10973
12115
9977
5814
5601
7070
1359
489
2019
-2901
-3493
-4331
-6560
-9413
-11203
-11182
-11011
-10268
-15624
-16097
-13469
-16910
-16978
-14210
-12429
-15912
-17736
-10993
-11436
-15797
-10687
-6586
-9635
-10808
-5405
-4005
-8346
-4828
-53
-2922
-3318
163
330
-1815
-759
1906
1110
856
1840
2190
2672
786
1685
5064
4385
3352
5428
8092
6116
4494
10544
11510
6704
12144
15367
8337
9926
16824
13859
10400
15910
16242
9973
12448
15625
11704
10262
12357
11705
7357
6340
7431
4149
1905
1784
105
-2415
-3760
-3939
-6810
-9256
-9499
-11720
-11444
-9914
-14296
-16499
-13921
-14961
-17172
-14023
-10605
-15947
-17107
-9608
-11839
-15688
-8586
-5104
-10007
-9125
-3339
-5274
-7804
-2331
-478
-3446
-1673
98
-1476
-1395
-364
1121
732
751
2125
-1214
1952
1964
-2120
4879
4527
1229
2673
5454
5621
2297
7320
9668
6432
7991
12467
10521
7711
12681
13614
11516
13619
14719
12180
12521
13170
11783
12852
11289
10380
11065
7700
5600
6774
6176
2533
1510
1980
-1725
-3743
-3024
-4944
-7988
-9212
-9594
-9558
-10067
-14152
-14525
-12266
-14347
-14771
-12719
-11668
-15289
-15521
-8114
-9858
-14316
-8200
-5229
-10465
-8981
-1752
-5286
-8312
-1159
-1590
-5023
-2498
-1625
-1911
-2133
-1557
-491
-478
-1794
-2426
1098
850
-2537
450
2840
-170
-592
4174
4720
192
3219
9780
5843
1900
11248
12979
3808
10463
17987
9599
7517
17021
16465
8301
13898
18272
11190
9901
14693
14572
8514
8990
12232
7965
5259
6962
5854
667
-570
1703
-1015
-4169
-4502
-5063
-8733
-12022
-6536
-7541
-15658
-11308
-10519
-16290
-13760
-11618
-12321
-13657
-14486
-10528
-8288
-13209
-12793
-4646
-7980
-13065
-3134
-1543
-11773
-7313
1454
-4614
-7864
-203
493
-5833
-4917
709
-230
-5292
-2405
3430
-1343
-5290
1891
3787
-1819
344
6099
5209
1438
4275
10878
6597
2711
12980
13987
5033
10616
17341
10113
8369
17058
15591
9141
14104
16824
11150
10094
13864
13910
9307
9288
11933
8057
5164
6952
5930
2462
835
836
-230
-2417
-4603
-5571
-6746
-10003
-8173
-6239
-12496
-13934
-10585
-12919
-15141
-11845
-10500
-15964
-16143
-9675
-10752
-15238
-11532
-6446
-11122
-13003
-4308
-5066
-12318
-6704
-105
-6568
-8466
-320
-2389
-7255
-3044
-523
-1782
-3731
-2146
2164
-1306
-4062
2189
3194
-128
1177
4201
5209
1425
3373
11324
6874
2166
11994
13210
4602
10351
17832
10947
8084
16373
16719
9279
12488
18616
13220
9068
15258
16795
9063
8730
15080
11388
5339
9552
9928
2694
2017
4581
1389
-2162
-1708
-2447
-5532
-8727
-9598
-8278
-8899
-13231
-14634
-11420
-15786
-18543
-12844
-12311
-17682
-17973
-9624
-12734
-19126
-9394
-7051
-14855
-11602
-3067
-8431
-13525
-2828
-3091
-9884
-4020
-1028
-4085
-5054
-1343
-1024
-3542
-1744
-1046
348
-236
-1737
1028
1935
312
1101
4180
4312
2778
4925
8173
5644
5015
11684
11389
6527
11615
15317
8597
10467
17718
13384
10181
16409
15963
10013
14200
16280
12703
11720
12947
13320
8721
9583
10331
6987
5147
4352
4355
314
-884
-491
-3228
-6244
-6685
-8614
-10576
-8968
-13161
-14381
-13297
-15572
-16725
-15429
-13066
-17642
-16891
-11538
-15235
-16044
-10438
-10910
-13827
-9986
-7847
-9817
-8432
-5428
-5861
-6352
-3578
-3008
-4203
-2019
-720
-3007
-1367
1590
-1051
-1733
2407
2070
-1485
1764
5268
2316
1821
6798
7628
2388
6110
11689
5906
7838
14321
8635
7804
14669
12215
9333
14721
15007
10935
14119
14846
11306
13701
14080
12776
12414
11487
12023
9060
9195
10496
6447
5330
5514
3137
389
61
-682
-3511
-4046
-5823
-8330
-9080
-12163
-11862
-10132
-15211
-16578
-13476
-16233
-18538
-14817
-13830
-17587
-16753
-12449
-12664
-15961
-12871
-7818
-11287
-11359
-4731
-5261
-9628
-6005
-938
-5048
-5184
1201
-1052
-3238
77
422
135
811
51
3126
5316
-1392
3091
8059
-776
4374
9341
4145
6516
6380
6260
10188
6216
8009
15781
8516
6615
15963
11954
7175
14656
16887
9997
11254
16090
11912
9990
13209
13997
11517
8678
10959
10481
5072
6392
8510
3476
1043
3579
-77
-4391
-2261
-3792
-7068
-6328
-8234
-11911
-12933
-12572
-11810
-14050
-15747
-14467
-16044
-17590
-14970
-12927
-16126
-16312
-11544
-11834
-13307
-10993
-7785
-8148
-10753
-6476
-2232
-6951
-7360
-565
-1988
-6079
-763
1940
-2397
-2774
932
1577
-1157
40
3561
2760
350
1715
5221
3160
1516
6729
8177
4345
4553
9851
8667
3689
11372
14435
4583
8043
15251
8196
6299
15016
12980
5257
11264
14384
6561
8038
12722
8950
7177
10263
9356
5649
6439
6804
5053
4755
5088
3807
-895
1053
1019
-5123
-779
-1505
-7760
-5082
-6125
-12106
-10882
-6284
-11002
-15343
-10811
-11705
-16895
-14179
-9698
-14076
-17009
-8884
-8297
-16409
-11615
-5366
-10912
-11223
-2774
-3508
-10445
-5541
400
-4525
-5332
555
1214
-2573
-1320
3224
1109
-1325
2786
4825
3105
2555
3424
4379
4265
3975
5910
8331
6451
3747
7393
8932
3648
7399
13878
5958
3118
11628
8636
2636
9699
12253
4233
6253
11526
6144
5139
8958
8481
7209
7281
8188
6575
5250
6135
6192
5696
4124
4145
3585
1077
241
-910
-528
-1779
-4817
-4351
-6331
-9334
-10137
-8775
-8388
-13747
-13245
-10563
-15715
-15836
-11154
-12179
-15629
-13219
-10100
-13579
-13117
-8405
-8259
-9931
-8287
-3665
-5146
-7132
-2186
-1413
-3593
-368
3019
204
465
3705
1406
3124
5530
3389
4918
6339
4882
4551
6319
6087
4230
6910
8331
4999
4333
7001
5983
2541
6489
9842
3671
2286
7769
4876
1173
7339
7721
2176
5118
7540
3615
4331
8074
7047
5351
7886
9595
6249
6169
9323
7704
6417
8339
8215
4877
3445
5034
2985
-799
64
1246
-3430
-6545
-3583
-7218
-13281
-9472
-6565
-12001
-15232
-11331
-13438
-18888
-13614
-10378
-15152
-15055
-10854
-11553
-14176
-10806
-7112
-7547
-8036
-5929
-2183
-4567
-6347
235
981
-2527
1536
4453
403
-180
4460
4319
1791
3270
5160
5010
2307
1544
5326
3709
539
5474
6596
1055
694
4697
4178
-136
3957
8356
1005
782
8080
4270
-51
6469
8511
2824
6016
8988
4606
5842
7484
9447
9600
5344
10277
10523
4443
9345
10659
5584
6306
7727
5379
3633
3588
2378
1066
-734
-1537
-1275
-5001
-6815
-5818
-7596
-10059
-11137
-8497
-10518
-15745
-12024
-9934
-14299
-15457
-9739
-9443
-16042
-9215
-4644
-13688
-10558
-1801
-5996
-8697
-1208
-244
-6261
-2086
3098
-1632
-1228
3949
2826
175
1874
4251
1911
1628
4557
4137
2867
2967
3689
3393
2627
3071
4372
3690
2369
3535
3101
2764
2653
2599
5810
3681
1124
5716
5227
684
3604
7771
2741
2548
8926
4019
1483
7514
7195
4478
6233
8543
6372
5311
8027
7442
6117
6742
7096
6459
4992
4664
3746
2207
1516
1112
151
-1814
-3568
-4613
-5180
-6414
-8529
-10434
-8778
-8404
-11930
-12012
-10539
-13548
-14444
-7250
-10405
-14793
-7527
-8948
-12284
-8428
-3766
-6701
-7805
-1091
-3561
-5191
-833
-695
-1553
801
2416
1211
1331
1334
2208
3124
2701
3705
3914
3210
4005
3781
2890
3786
3749
4234
4769
3345
2524
2063
2617
2313
1595
3930
3134
-658
924
3294
919
547
4084
2320
-1481
4084
5555
-166
3286
6152
3621
5009
7454
6655
5091
7504
8975
8026
8609
8293
8096
7437
6863
8015
6714
4691
3732
3281
2304
-874
-1331
-1681
-5516
-6115
-5073
-8512
-12302
-10015
-8789
-13737
-13116
-9961
-14363
-15416
-10445
-9942
-12737
-10141
-6741
-9848
-8698
-3497
-4156
-5858
-2900
1152
-853
-2382
2283
2243
-949
3670
6536
773
1113
6294
3244
813
4761
3448
848
4000
3246
808
1314
373
1592
2260
-81
1792
718
-2131
1936
440
-1080
2931
-597
-964
3206
-693
-2308
3132
2860
-715
3395
4992
-173
2015
6773
4332
3340
7454
8559
4637
5311
10121
7778
5447
9843
10129
5561
5928
8554
5180
2093
5018
5207
73
-780
1175
-2522
-4938
-3103
-4137
-5978
-6781
-7983
-8581
-8314
-8701
-9367
-8213
-9153
-10504
-8056
-7529
-8160
-7697
-6334
-4146
-5786
-5550
-1988
-3552
-4265
-376
97
-2405
-1091
796
-1129
-289
2043
818
254
514
1187
1787
788
1415
2160
1399
1966
2470
1765
1804
1863
1966
3191
2147
621
2060
1894
684
773
1863
1948
-1372
477
3443
-1850
-2519
2766
546
-2343
2500
2607
-2675
-676
4413
1850
142
4714
3777
1736
4300
6204
4912
4922
7296
6320
6967
6738
6062
7141
5098
5749
7170
5452
3159
3234
3510
432
-136
814
-1933
-3097
-1618
-3991
-7066
-7211
-6776
-6418
-7422
-7791
-7695
-10094
-9826
-6527
-7728
-9520
-6593
-5398
-7219
-6105
-3443
-4163
-5392
-2462
184
-1925
-2472
921
-184
-2041
2927
3552
-1610
1217
4427
-299
524
4066
794
267
3660
1915
-679
1353
946
-346
1170
1865
58
-1590
969
-660
-2819
1682
734
-3099
-60
1687
-3151
-2427
1851
-1777
-3107
1949
1389
-2562
-505
1402
-839
745
5036
4284
1748
3612
6052
5903
6692
8815
9333
8282
8435
10361
10107
8164
9344
10830
8258
7037
8423
6085
3127
3703
3415
112
-419
-224
-3230
-5060
-5560
-6547
-9594
-8372
-6389
-9576
-10921
-10674
-10210
-12479
-9223
-5564
-11093
-9253
-6037
-8226
-6958
-4054
-3866
-5595
-3674
-488
-1782
-3095
-689
132
-1237
185
2699
494
-658
3282
2097
-831
1575
2904
1379
1954
3353
1064
-532
910
1975
1575
1275
2498
660
-1369
800
251
-652
819
264
138
-444
-1896
-1370
-724
-879
-674
1006
-521
-2033
2151
1001
-1464
2358
2908
2540
4903
5535
3732
3182
6585
7993
7140
8711
8718
7014
7291
9067
9080
6955
7648
8031
5741
5458
5144
3204
1655
1818
1554
-1179
-2636
-2677
-4617
-6003
-5040
-6774
-9215
-8194
-7505
-8117
-9107
-9230
-9704
-10355
-7541
-6673
-8358
-6899
-6825
-7310
-4105
-3307
-4703
-2956
-1889
-3550
-500
1448
-3450
-430
2729
-1003
2026
2259
-1102
1449
2175
1283
1907
1894
1271
1214
2220
1913
1132
1427
1731
2087
1855
2278
2293
763
1543
2008
916
1541
1284
4
373
369
-1064
-988
-561
-1325
-1290
-607
-1328
-2620
-1770
-1280
-1379
-615
240
-78
-1637
384
1799
1229
3485
4014
3588
4706
5643
6420
6450
6963
8277
8316
7631
8008
8386
6958
6174
7272
6705
4741
4298
3903
2118
1195
832
-913
-2133
-2100
-2955
-4630
-6001
-7032
-7093
-6752
-7182
-7804
-7833
-8238
-9044
-7802
-6261
-7424
-7656
-4847
-5164
-6375
-3372
-3501
-5370
-2361
-192
-2387
-1440
335
-2217
-607
1516
287
1022
678
397
1228
1032
738
727
1345
1355
1787
1510
839
1361
973
1750
1592
2394
2238
584
3287
1615
-208
2595
2781
829
1618
3084
-423
-868
1485
5
-1161
551
390
-1868
-1053
-947
-2242
-1901
-299
-111
-1523
-680
-763
-1233
902
1550
877
1513
3033
3393
3212
4249
4683
4841
5226
6694
7735
5525
5584
7135
5449
5389
7014
4834
3037
4654
3388
706
771
57
-1505
-1391
-1933
-3880
-4677
-5105
-6761
-7426
-6549
-7166
-7868
-7021
-8004
-9423
-8180
-7012
-7012
-6248
-5101
-5329
-5946
-4414
-2923
-3206
-2008
-366
-645
-430
531
905
995
1191
2420
3334
2513
2648
3725
2923
2110
3243
3656
2953
3990
4720
2745
2276
3718
3247
2664
3604
3653
2583
2141
2125
1147
878
2039
1185
568
577
-1431
-1298
-1345
-2968
-1675
-1862
-4230
-2947
-3448
-5967
-4318
-4691
-4774
-3107
-4414
-3936
-3656
-4613
-2797
-928
-1270
-960
-152
334
1217
1775
3322
3521
3641
5698
6353
6319
6311
6821
7133
7088
8114
8346
7086
6278
6305
5788
5028
4644
4215
3366
1963
721
171
-472
-1626
-1896
-1969
-3846
-5323
-4562
-4723
-6314
-5990
-5323
-6638
-6632
-5122
-5754
-6684
-5538
-4840
-4854
-3561
-2857
-4115
-4050
-2386
-2097
-1578
-234
-872
-1511
-196
660
484
390
1106
1769
1112
1470
2669
1576
1268
3134
2766
1834
3004
2758
1441
2082
2664
1848
1494
1904
1525
339
769
1318
-666
-788
649
-1273
-2100
-159
-1727
-3758
-2200
-2390
-3922
-2592
-2009
-4422
-4168
-2921
-3831
-3106
-2765
-2773
-1949
-2334
-2600
-624
-545
-1493
1877
1133
-24
2801
2019
2726
4416
4125
4708
5180
5244
5988
6520
6182
6859
7359
6683
6728
6922
6046
6124
6685
5095
4133
4471
3503
2782
2794
1498
130
44
-501
-2076
-2893
-2659
-3406
-4784
-4810
-4979
-6454
-6580
-5256
-5980
-7595
-6570
-5790
-7226
-6673
-5125
-6097
-6111
-4349
-4440
-4754
-3706
-3289
-3013
-2211
-1424
-523
-784
-1315
135
916
490
1631
2359
1772
2231
2876
2790
2928
3463
3956
3825
3700
4051
3757
3225
3612
4027
3538
3172
3516
3026
1934
2221
2503
1350
993
1618
994
-354
-421
-317
-1576
-1878
-996
-2000
-3437
-2689
-2888
-4354
-3863
-3241
-4022
-4464
-3892
-4348
-5102
-4243
-4085
-3737
-2923
-3170
-3286
-3142
-1696
-759
-878
559
526
351
2652
3552
3104
3740
4933
5097
5574
7414
7481
6336
6754
8064
8358
7835
7960
7234
6027
6428
7081
5565
3858
4358
3045
1520
2217
991
-701
-1300
-1910
-2822
-3434
-3131
-4457
-6001
-5902
-6422
-6509
-6018
-6184
-7197
-8205
-7148
-6738
-7163
-5799
-5972
-7240
-6412
-5610
-5409
-4521
-3745
-4614
-4543
-2656
-2964
-2272
-1316
-1965
-894
-487
374
842
420
1581
2073
2353
2818
3554
3542
3333
4946
4968
4230
4867
5226
5060
5002
6196
5869
4148
4908
5099
3997
4666
5019
3399
2654
2706
1954
1802
1551
951
627
-305
-556
-365
-1437
-1901
-1288
-1840
-2530
-1931
-2322
-3526
-3040
-2624
-3528
-2953
-2615
-3960
-3260
-3406
-4085
-2802
-3575
-3797
-2828
-3341
-3463
-3046
-3230
-3409
-2861
-2490
-2231
-1844
-1252
-1269
-1676
-668
226
888
1892
2071
2054
2244
3193
4780
4980
5178
6333
5859
5468
6893
7145
6037
6182
7120
6469
5398
5705
4943
3221
3518
3827
2316
1344
1170
20
-1232
-1154
-1699
-3410
-3470
-3304
-4857
-5309
-5059
-6076
-6372
-6010
-6478
-6718
-6528
-6396
-6346
-6578
-6158
-5576
-5851
-4883
-3623
-4490
-4196
-2585
-2856
-2363
-551
-431
-378
700
1295
1682
2132
2721
3444
3526
3844
4740
4570
4214
4967
5162
4644
4837
5036
4626
4511
4801
4371
3571
3839
3804
2996
3312
3334
2069
1934
2023
1081
1249
1640
762
252
591
-270
-1274
-619
-701
-1386
-1259
-1167
-2421
-3179
-2452
-2608
-2711
-3029
-3003
-3056
-4109
-3213
-2951
-3793
-3274
-3136
-3298
-3013
-2765
-2911
-2973
-2852
-2978
-2200
-1561
-2225
-1927
-1580
-2427
-1915
-637
-778
-706
49
-196
-399
531
1180
1201
1669
2138
2122
2188
2484
3074
3325
3236
3808
3784
3202
3888
3955
3209
3859
3884
2969
3442
3572
2387
2245
2704
1804
1388
2188
1615
694
653
486
18
-388
235
174
-966
-1088
-1296
-1902
-1740
-1467
-1957
-2317
-2268
-2687
-2717
-2583
-2883
-2623
-2512
-2551
-2190
-2231
-2160
-2032
-1803
-1305
-1190
-541
-138
-501
-218
122
246
761
1377
1205
648
1035
1436
1179
1319
1446
867
614
1180
1246
583
582
742
-194
-76
926
-35
-119
526
-595
-531
3
-332
-117
-156
-556
-407
-516
-957
-437
-413
-1114
-705
-532
-1070
-1066
-950
-1351
-1621
-1167
-1026
-1287
-1187
-1334
-1502
-1524
-1481
-934
-728
-921
-878
-779
-956
-897
-85
-44
-274
438
411
25
684
1143
979
1502
1951
1753
2113
2472
2435
2713
2855
2894
3307
3365
3215
3429
3211
2834
2995
2965
2671
2608
2411
1935
1398
1021
1021
893
531
402
-92
-856
-889
-790
-1007
-1039
-1245
-1657
-1816
-1827
-1670
-1626
-1906
-1932
-2004
-2224
-2034
-1952
-2236
-2225
-2265
-2657
-2416
-2208
-2476
-2418
-2409
-2574
-2645
-2346
-2205
-2341
-2168
-2043
-1951
-1805
-1570
-1390
-1372
-1083
-808
-779
-498
-138
-218
-54
370
234
362
974
996
980
1316
1251
1204
1601
1879
2134
2257
2097
2212
2317
2397
2726
3087
2960
2670
2991
2916
2637
2998
3220
2823
2569
2882
2506
2035
2472
2252
1490
1675
1757
1086
1079
1121
411
209
219
-352
-500
-392
-977
-1339
-1270
-1820
-2397
-2260
-2381
-2850
-2689
-2611
-3324
-3687
-3525
-3690
-3596
-2946
-2834
-3247
-3373
-3384
-3271
-2585
-1863
-1653
-1594
-1608
-1684
-1335
-708
-280
64
219
83
238
597
593
806
1295
1116
882
1474
1755
1267
1345
1616
1035
884
1778
1958
1438
1597
1422
722
901
1562
1754
1648
1682
1412
792
617
949
1312
1166
1225
1256
138
-91
369
133
390
673
287
-314
-442
-358
-437
-355
-55
-371
-883
-334
-619
-759
-76
-604
-648
-322
-535
-279
39
-184
-252
-41
-226
-117
327
307
276
504
345
110
228
268
399
484
426
487
135
-201
123
43
-267
60
-38
-543
-427
-371
-824
-944
-760
-999
-1075
-720
-853
-1211
-1131
-1233
-1417
-1201
-1020
-792
-898
-1023
-850
-1173
-1118
-601
-493
-485
-183
-186
-551
-276
-22
-80
256
592
624
625
725
770
735
818
1167
1349
1241
1331
1410
1248
1262
1430
1389
1294
1340
1412
1403
1253
1144
1065
762
693
1024
965
754
817
411
-93
109
103
-79
289
111
-550
-466
-610
-1129
-725
-583
-976
-828
-954
-1338
-1289
-1211
-1310
-1168
-1038
-1115
-1172
-1064
-969
-1305
-901
-609
-1033
-426
-236
-699
-411
-206
-420
-232
157
162
168
162
232
290
143
506
770
428
651
961
554
634
1095
808
668
1130
920
636
1074
928
588
775
645
426
453
433
360
199
-25
-107
-217
-445
-397
-306
-562
-729
-627
-781
-968
-792
-696
-837
-842
-683
-760
-816
-598
-506
-562
-487
-357
-458
-292
-43
-168
20
139
-71
112
351
377
543
662
532
544
648
598
837
1027
778
828
867
556
578
763
626
341
390
341
-135
-72
87
-396
-502
-354
-760
-814
-487
-772
-827
-544
-909
-978
-503
-638
-690
-173
-248
-575
-193
10
-287
34
530
241
175
574
325
80
482
629
411
588
828
405
223
633
519
294
742
807
299
389
575
276
285
540
461
286
293
274
163
34
34
111
-114
-179
9
-264
-440
-253
-375
-525
-354
-315
-496
-517
-485
-512
-599
-595
-447
-668
-801
-553
-713
-856
-604
-714
-948
-772
-724
-887
-748
-654
-824
-788
-699
-679
-565
-515
-388
-277
-334
-174
-12
-86
47
238
197
330
542
440
493
640
481
602
839
730
809
967
791
736
971
960
912
1181
1148
968
1093
1086
1033
1125
1220
1221
1115
1113
1062
910
889
891
802
674
627
535
226
178
162
-153
-113
-56
-289
-440
-415
-542
-839
-656
-637
-877
-807
-859
-1015
-1104
-1015
-969
-1038
-969
-956
-1013
-1045
-1039
-984
-1010
-1075
-964
-947
-1068
-950
-897
-1022
-958
-823
-818
-772
-623
-595
-689
-600
-470
-471
-319
-147
-201
-195
-107
-88
1
171
283
309
348
400
408
480
617
682
722
824
825
820
974
999
1004
1139
1160
1130
1177
1241
1179
1104
1164
1104
988
1016
1029
906
792
841
737
522
606
598
351
384
423
164
133
209
32
1
79
-35
-59
-25
-116
-121
-113
-201
-193
-194
-267
-261
-319
-420
-426
-505
-577
-543
-627
-724
-717
-801
-879
-873
-901
-949
-971
-960
-993
-1052
-1040
-1015
-1086
-1038
-895
-951
-915
-793
-829
-858
-730
-586
-599
-475
-279
-353
-355
-94
-56
-58
291
360
235
446
551
459
644
842
780
828
931
905
918
957
986
982
927
944
952
816
764
768
615
564
644
562
493
515
399
302
313
285
293
298
220
179
119
44
83
115
96
105
81
22
-2
-13
-26
-21
-32
-68
-62
-74
-133
-124
-120
-181
-158
-113
-159
-184
-197
-250
-300
-319
-283
-283
-364
-342
-345
-504
-484
-368
-500
-513
-368
-531
-637
-446
-518
-632
-445
-489
-629
-488
-471
-539
-448
-426
-435
-406
-376
-278
-277
-284
-134
-157
-208
15
36
-62
140
163
2
185
285
157
296
401
274
333
452
391
417
528
476
475
577
534
542
632
563
556
639
564
552
634
556
488
545
504
409
446
456
352
313
321
284
218
205
249
181
54
111
117
-79
-33
65
-150
-192
-61
-215
-320
-224
-292
-399
-389
-396
-420
-494
-538
-466
-559
-683
-520
-531
-739
-576
-481
-714
-594
-397
-580
-532
-327
-445
-442
-273
-319
-299
-178
-200
-147
-49
-81
-12
93
38
76
193
150
134
232
241
190
235
303
280
260
334
358
295
322
397
337
305
404
365
279
369
355
268
329
337
297
283
297
335
240
266
368
192
235
349
115
186
275
32
130
197
-4
68
106
-39
-48
-24
-90
-177
-155
-148
-282
-273
-224
-351
-362
-305
-393
-420
-374
-418
-446
-401
-424
-447
-387
-397
-424
-338
-341
-381
-275
-241
-295
-204
-133
-184
-127
-17
-38
-31
82
96
64
157
201
156
216
279
238
258
313
285
277
316
295
278
308
292
272
297
274
241
263
244
197
209
194
135
135
135
87
73
71
34
1
-15
-32
-63
-82
-79
-110
-132
-126
-156
-172
-153
-190
-195
-160
-203
-204
-146
-188
-194
-115
-150
-166
-89
-108
-124
-64
-54
-62
-27
13
8
22
79
59
74
139
97
133
195
123
183
233
145
213
247
159
208
230
164
175
199
156
125
144
107
41
60
32
-34
-4
-29
-83
-61
-102
-150
-134
-182
-213
-188
-226
-238
-208
-252
-266
-236
-278
-288
-251
-288
-293
-249
-280
-279
-229
-256
-254
-197
-215
-223
-165
-169
-180
-119
-96
-93
-39
1
6
46
85
94
112
146
164
165
189
222
221
229
270
274
256
282
291
272
289
307
290
293
299
280
275
281
260
249
256
237
219
233
220
196
211
204
169
180
180
130
129
134
86
74
85
44
21
24
-1
-31
-39
-54
-89
-110
-117
-145
-163
-167
-187
-200
-213
-215
-222
-248
-235
-239
-273
-246
-248
-281
-247
-253
-282
-254
-262
-285
-271
-274
-281
-281
-274
-262
-273
-258
-230
-240
-223
-183
-184
-166
-125
-117
-99
-67
-58
-37
-17
-9
20
36
37
73
85
79
113
126
115
145
161
153
177
192
194
211
218
230
245
237
253
270
246
256
274
235
232
256
216
203
232
207
187
215
204
171
189
192
150
155
174
129
119
151
110
86
127
95
59
102
85
38
74
64
8
24
21
-34
-33
-28
-71
-78
-70
-103
-112
-104
-132
-141
-129
-158
-173
-160
-193
-213
-192
-222
-242
-213
-238
-257
-224
-251
-264
-235
-262
-272
-250
-264
-267
-256
-254
-245
-246
-229
-211
-221
-199
-175
-186
-166
-135
-139
-124
-91
-83
-80
-51
-34
-36
-13
13
18
35
70
85
94
130
150
153
178
202
205
219
249
254
257
287
294
284
312
325
302
326
345
308
322
346
299
304
333
283
283
316
263
255
287
228
204
234
173
131
159
108
52
79
46
-15
11
-2
-65
-49
-50
-121
-123
-115
-183
-198
-177
-227
-248
-218
-248
-278
-257
-271
-306
-299
-298
-326
-324
-309
-325
-327
-306
-310
-311
-290
-281
-274
-249
-235
-221
-196
-185
-167
-142
-139
-122
-92
-93
-80
-42
-43
-32
9
11
18
61
67
69
108
121
120
155
182
186
210
244
243
251
277
273
268
284
282
272
279
278
265
265
260
249
245
239
224
220
215
193
193
189
160
154
152
114
100
100
58
40
44
0
-24
-16
-59
-92
-79
-112
-150
-139
-156
-192
-184
-186
-210
-206
-197
-211
-212
-201
-205
-212
-205
-200
-207
-205
-193
-195
-199
-184
-176
-185
-171
-153
-161
-150
-127
-134
-126
-102
-108
-96
-69
-70
-54
-24
-21
-10
17
17
22
42
43
47
66
67
72
88
90
89
105
108
102
118
128
120
133
147
136
142
156
150
149
161
163
154
158
166
148
141
153
132
118
135
115
98
117
105
88
105
103
88
98
101
83
81
85
69
61
65
54
44
44
35
22
17
8
-8
-14
-22
-41
-50
-60
-82
-92
-100
-123
-132
-132
-150
-155
-148
-163
-170
-159
-172
-185
-175
-183
-200
-191
-193
-209
-201
-197
-210
-207
-197
-207
-205
-190
-190
-188
-168
-160
-159
-138
-123
-121
-101
-80
-69
-50
-24
-11
6
27
34
47
63
65
79
99
101
116
140
141
153
176
173
179
202
198
199
222
218
215
238
234
223
244
238
224
234
230
214
214
213
195
184
183
165
143
144
126
105
106
87
69
66
46
28
22
1
-13
-25
-43
-58
-72
-84
-99
-110
-114
-125
-133
-132
-142
-148
-145
-155
-162
-157
-165
-174
-165
-165
-170
-158
-153
-159
-152
-147
-151
-146
-137
-137
-129
-117
-115
-114
-102
-97
-96
-82
-70
-67
-52
-37
-34
-28
-16
-15
-15
-5
-5
-8
0
1
-2
4
4
-1
3
1
-5
-2
-1
-5
1
5
3
10
17
18
25
34
35
38
45
48
51
57
65
69
76
85
88
91
98
100
102
109
113
116
124
129
132
138
144
144
147
151
150
148
151
149
145
143
141
135
127
124
116
103
98
88
72
65
52
34
26
13
-5
-10
-22
-38
-45
-56
-68
-76
-86
-96
-104
-110
-116
-123
-129
-138
-146
-155
-163
-174
-184
-198
-210
-223
-234
-243
-251
-254
-257
-258
-258
-258
-257
-255
-251
-245
-236
-225
-209
-192
-173
-156
-140
-124
-110
-94
-79
-64
-49
-34
-16
3
24
45
67
85
103
118
135
154
174
194
210
223
229
235
241
245
253
261
268
275
282
288
293
294
292
286
278
268
260
251
244
236
226
216
204
190
178
165
152
139
125
110
92
74
56
38
21
4
-13
-33
-54
-74
-90
-103
-118
-133
-149
-164
-177
-192
-207
-219
-228
-231
-234
-236
-241
-245
-246
-243
-237
-232
-228
-224
-218
-211
-201
-193
-183
-171
-161
-147
-137
-125
-114
-103
-91
-79
-69
-58
-49
-37
-28
-17
-8
1
8
17
26
37
48
61
72
83
92
100
105
110
115
118
124
127
132
136
140
142
144
145
143
140
136
132
127
121
115
110
103
97
90
84
79
74
74
71
69
66
61
57
52
49
48
46
46
44
43
38
32
23
14
7
0
-4
-10
-13
-14
-16
-18
-21
-24
-29
-36
-42
-47
-53
-58
-60
-65
-68
-73
-78
-83
-88
-93
-97
-99
-102
-104
-107
-110
-112
-114
-115
-116
-117
-115
-115
-111
-107
-104
-103
-102
-99
-94
-87
-79
-71
-66
-60
-53
-44
-35
-24
-14
-3
6
12
20
26
32
40
47
54
61
68
75
82
89
97
104
111
116
123
127
132
134
137
139
139
138
136
130
126
122
118
113
111
106
102
98
94
87
82
74
65
55
44
33
22
11
2
-7
-15
-25
-32
-40
-48
-56
-64
-70
-77
-82
-87
-90
-91
-95
-95
-97
-100
-100
-103
-106
-108
-109
-108
-107
-104
-100
-94
-88
-81
-74
-67
-60
-54
-46
-40
-33
-26
-19
-12
-5
1
7
12
15
17
20
21
22
25
30
34
39
44
48
52
54
53
54
52
53
52
52
52
51
50
48
45
43
39
36
33
31
27
25
20
17
15
13
13
14
15
18
21
22
22
23
22
20
17
11
8
3
1
-3
-3
-6
-7
-7
-10
-13
-15
-19
-21
-23
-22
-23
-21
-17
-15
-13
-10
-10
-8
-7
-5
-5
-4
-3
-1
-1
0
-2
-2
-4
-5
-7
-8
-9
-9
-12
-16
-18
-21
-23
-25
-27
-28
-29
-29
-28
-28
-25
-24
-23
-21
-22
-22
-23
-23
-23
-25
-24
-23
-21
-19
-17
-13
-11
-9
-8
-5
-3
-1
2
4
6
10
13
18
20
23
26
27
27
26
25
24
24
24
26
28
32
36
40
43
44
46
46
47
49
50
51
52
52
52
50
46
43
40
36
34
33
30
28
25
23
19
16
10
5
-1
-7
-10
-16
-19
-21
-25
-27
-30
-33
-36
-40
-45
-49
-53
-57
-60
-64
-64
-67
-68
-70
-71
-72
-73
-74
-73
-72
-69
-67
-62
-59
-52
-46
-39
-32
-26
-21
-15
-11
-7
-3
0
5
10
16
21
26
30
32
33
33
37
38
39
43
47
51
54
57
58
59
58
58
57
56
55
53
51
50
48
45
42
39
35
32
28
23
20
16
12
9
5
3
-1
-2
-4
-7
-9
-11
-14
-14
-15
-17
-17
-17
-18
-18
-20
-21
-22
-23
-25
-26
-27
-30
-31
-33
-34
-34
-33
-33
-31
-29
-25
-23
-22
-21
-20
-19
-18
-16
-14
-12
-8
-4
-1
0
1
1
1
1
0
-2
-2
0
2
4
7
9
11
12
12
12
11
10
10
9
10
10
10
9
9
8
7
7
8
8
9
9
8
10
9
9
8
6
5
6
3
3
4
4
4
4
4
4
3
1
2
2
1
2
2
4
6
7
8
10
10
9
7
6
3
2
0
0
-1
-2
-1
-2
-5
-6
-6
-6
-5
-5
-4
-4
-4
-4
-5
-5
-5
-5
-5
-4
-4
-4
-5
-5
-6
-7
-8
-8
-8
-10
-11
-11
-11
-12
-12
-12
-12
-12
-10
-8
-6
-5
-2
-1
0
1
0
2
3
4
4
4
3
2
3
2
1
1
0
-2
-4
-4
-5
-5
-4
-2
0
2
3
4
5
5
6
6
7
6
8
9
11
12
12
12
12
11
10
8
8
8
8
8
9
9
9
9
8
7
6
5
5
5
3
3
2
2
1
1
0
-1
-1
-3
-2
-2
-1
-2
-2
-3
-3
-4
-4
-3
-1
-1
0
0
0
-1
-2
-4
-4
-4
-6
-7
-8
-9
-10
-11
-12
-12
-13
-12
-11
-10
-10
-9
-7
-6
-4
-3
-3
-3
0
2
2
2
0
0
0
0
0
-1
0
0
0
0
1
-1
-2
-2
-2
-2
-2
-1
-1
-1
2
3
4
5
5
5
5
5
5
6
4
4
4
4
4
4
2
1
2
0
1
-1
1
3
5
8
10
11
12
12
11
11
9
8
7
5
4
3
3
2
2
2
1
1
-1
-1
-3
-2
-3
-3
-3
-3
-3
-4
-4
-4
-5
-5
-6
-6
-7
-7
-7
-8
-8
-8
-9
-9
-9
-9
-8
-7
-7
-8
-8
-7
-7
-6
-5
-4
-3
-2
-1
0
0
-1
-1
-2
-2
-2
-1
1
0
1
1
1
1
2
1
2
2
3
3
3
3
2
2
3
3
3
2
2
1
1
2
2
3
2
5
4
5
4
6
6
6
6
6
6
6
6
6
6
7
8
9
9
9
8
8
7
7
5
5
4
3
2
1
1
1
0
-1
-2
-2
-2
-2
-3
-4
-6
-6
-6
-7
-8
-8
-8
-9
-9
-8
-10
-10
-12
-12
-13
-12
-11
-10
-9
-7
-6
-6
-6
-6
-6
-5
-6
-5
-4
-3
-2
-1
-1
0
1
1
2
3
3
3
3
3
3
4
5
6
7
8
8
8
7
8
8
7
7
8
7
6
6
6
6
6
6
6
4
3
0
2
-1
0
-1
-2
-2
-1
-1
0
0
1
0
2
1
1
0
1
-1
0
-1
-1
-1
-1
-1
-1
-1
-1
-1
-2
-1
-1
-1
-1
0
0
-1
0
0
0
0
0
0
0
0
-1
-1
-1
-2
-2
-2
-2
0
0
0
0
0
-1
0
0
-1
-2
-3
-5
-5
-7
-6
-5
-5
-5
-3
-4
-4
-4
-3
-4
-2
-2
-2
-3
-2
0
-2
0
1
2
3
3
4
6
5
4
7
7
6
8
6
7
7
8
7
6
4
5
4
3
3
1
1
0
0
1
0
0
0
0
1
0
-1
0
-1
0
1
0
1
-1
-1
0
-1
-2
-2
-2
-2
