SAMPLES:	15724
BITSPERSAMPLE:	16
CHANNELS:	1
SAMPLERATE:	16000
NORMALIZED:	FALSE
0
1
0
0
0
0
0
0
0
0
0
-1
0
0
1
0
0
0
0
0
0
0
1
0
0
0
0
0
0
-1
0
1
0
0
0
0
0
0
1
1
0
1
0
0
0
0
0
-1
-1
0
-1
-2
-1
1
0
0
-1
0
0
-1
0
-2
0
0
0
1
1
0
1
-1
1
0
-1
3
-3
3
-2
2
-1
0
0
0
1
1
0
1
0
0
0
1
0
2
0
0
1
0
1
-1
0
0
0
0
-1
-1
-1
-1
-2
0
-1
-1
0
0
0
0
0
0
0
0
0
0
-1
0
-1
0
0
0
0
0
0
-1
0
0
0
0
0
0
0
0
0
0
0
0
0
0
0
0
0
1
1
0
-1
0
0
0
0
1
1
1
1
1
1
1
1
1
1
1
1
2
0
0
0
0
0
0
0
-1
-1
-1
-1
-2
0
-2
-1
0
-1
1
-1
0
0
-2
1
0
-1
1
-2
3
-3
1
-1
0
0
0
0
0
0
0
0
0
0
0
0
0
0
0
1
0
0
-1
0
0
0
0
0
0
1
0
0
-1
-1
0
0
0
0
-1
0
0
0
0
0
1
0
-1
0
-1
0
0
0
0
0
0
0
-1
0
0
0
0
0
0
1
0
0
0
0
0
0
0
0
1
0
0
0
0
1
1
1
1
1
0
0
0
0
0
0
-1
0
0
0
0
1
0
0
0
0
0
0
0
0
0
1
-1
3
0
2
1
0
1
-1
0
0
-1
2
0
0
3
-3
3
-2
1
-1
0
0
0
0
0
0
0
0
0
-1
0
-1
0
-1
0
0
-1
0
-1
-1
-2
-2
-2
-2
-1
-1
0
0
-1
-1
-1
-1
0
0
0
0
0
-1
0
1
1
1
1
0
1
0
1
1
0
1
2
1
1
0
2
1
2
2
2
1
2
3
0
1
1
1
0
-1
0
1
0
-1
1
1
0
1
-1
-1
-1
0
-1
-1
-2
0
-1
-1
0
-2
-2
-2
-3
-2
-3
-3
-3
-3
-1
-1
-2
0
-1
0
1
0
1
-1
0
2
1
1
1
2
2
1
2
2
2
2
1
1
1
1
1
1
0
1
2
1
2
1
0
0
0
1
0
0
0
0
0
0
-1
0
-1
0
0
0
0
0
0
0
1
0
1
0
0
0
0
0
-1
0
0
0
0
0
-1
0
0
0
0
0
0
1
0
0
0
0
1
0
0
0
0
0
0
-1
-1
-1
-2
-1
-1
-1
-1
0
0
0
0
1
1
1
1
1
0
0
1
1
0
2
0
0
0
-1
0
0
0
1
0
0
0
-1
0
0
0
1
1
3
1
2
2
0
0
1
-2
1
0
-1
3
-3
3
-3
2
-1
0
0
0
0
1
0
0
-1
-1
-1
0
-1
0
0
0
0
0
0
0
0
1
1
1
2
1
0
0
1
0
0
0
1
1
0
0
0
1
1
0
0
1
-1
-1
-1
-1
-1
1
0
0
-1
1
0
-1
-1
0
0
0
0
0
1
0
1
0
0
-1
0
-1
-2
-1
-2
-1
0
-1
0
0
0
-1
0
0
0
0
0
0
0
0
1
-1
0
0
1
1
0
1
1
1
1
1
2
1
1
1
2
0
2
1
0
2
0
0
1
-1
1
0
-2
1
-4
2
-2
2
-2
0
0
0
0
0
0
0
1
1
0
1
-1
1
0
1
0
0
0
0
0
0
0
0
0
0
0
0
-1
0
0
0
-1
0
-1
0
0
0
0
0
0
0
-1
1
0
1
0
0
0
0
1
1
0
-1
0
1
-1
0
0
0
0
0
0
0
0
-1
-1
-1
-1
-1
0
-2
-1
-1
-1
-1
-1
0
0
-1
0
-1
0
0
0
0
0
0
1
2
1
1
0
1
0
0
0
0
0
0
0
0
1
-1
0
0
-1
1
0
0
2
-1
1
0
-1
4
-2
4
-2
2
-1
0
-1
0
0
1
-1
0
1
0
0
0
0
0
0
0
-1
0
0
0
0
0
0
0
0
0
0
0
0
0
0
0
0
0
0
0
0
0
0
1
0
1
0
0
0
1
0
0
-1
1
0
-1
0
0
-1
0
0
0
0
-1
0
0
0
0
1
0
0
0
1
0
0
1
-2
-1
-1
-1
-1
-1
0
-1
0
1
0
0
0
1
-1
0
0
0
-1
0
0
0
-1
0
1
0
-1
0
0
-1
0
-1
0
0
0
0
-2
-1
1
-1
1
0
-1
3
-3
3
-3
3
-1
-1
0
1
0
1
0
-1
-1
-2
-1
0
-1
0
-1
0
-1
1
0
0
0
0
0
-1
-1
-1
-2
-1
1
0
0
0
0
0
0
0
0
0
0
0
2
0
1
2
1
1
1
1
1
1
1
0
0
0
0
1
1
2
2
3
2
2
2
2
0
2
1
0
0
0
0
0
0
-1
-1
-2
-2
-2
-4
-2
-2
-2
-2
-1
-1
1
1
0
0
0
0
-1
-1
0
-1
-2
-1
-1
-1
-1
-1
0
0
0
0
0
-1
-1
0
0
0
1
2
1
1
1
1
0
1
1
1
0
0
-1
-2
-2
-1
-3
-3
-2
-2
-2
-1
-1
-1
-1
-1
-1
-1
0
0
0
1
2
1
1
1
0
-1
-1
0
-1
1
1
1
0
0
0
0
0
1
1
-1
0
0
-1
0
1
2
1
1
1
0
1
1
0
2
0
1
0
-1
0
0
0
0
-1
-1
-1
0
-1
-1
-1
1
1
0
-1
-1
-1
-2
-2
-2
-1
-1
1
0
0
0
0
0
0
-1
0
0
-1
0
0
1
0
0
1
0
1
1
3
2
2
3
3
3
2
3
0
1
0
0
1
0
-1
0
0
0
0
0
-1
0
0
0
0
1
0
0
1
0
0
0
1
0
0
0
0
0
1
0
1
1
2
2
2
2
2
0
-1
-1
-1
-2
-1
-1
-3
-4
-4
-6
-6
-7
-8
-7
-8
-10
-11
-11
-12
-10
-11
-10
-10
-9
-8
-8
-5
-4
-3
1
2
2
5
8
12
18
23
31
40
48
57
68
80
97
107
124
134
140
153
151
157
153
140
132
111
92
77
54
34
8
-22
-42
-73
-98
-114
-145
-165
-207
-240
-271
-331
-351
-375
-425
-424
-460
-505
-478
-508
-517
-473
-511
-505
-466
-453
-409
-364
-344
-320
-273
-243
-194
-135
-97
-45
13
69
125
188
261
323
401
477
552
646
744
865
991
1138
1290
1452
1607
1769
1904
2011
2179
2251
2332
2333
2278
2283
2128
2109
2008
1711
1504
1228
847
577
394
46
-274
-520
-922
-1339
-1623
-2083
-2069
-1977
-3237
-3223
-2747
-4266
-3600
-2817
-4460
-3440
-3253
-4773
-2710
-2966
-4455
-1966
-2419
-3558
-1557
-2148
-2394
-725
-1374
-1270
-245
-1012
-618
410
8
393
912
409
971
1616
1026
1607
2354
1425
1932
2808
1704
2216
3059
2001
2464
2726
1703
2320
2323
1540
2091
1662
1014
1557
689
506
1282
-82
81
883
-688
-339
585
-946
-222
768
-963
71
560
-625
922
937
440
1223
986
1314
1621
1841
2230
1878
2160
2203
1991
2339
1972
2033
1976
1168
1248
705
202
666
-270
-832
-841
-2181
-2619
-2075
-1996
-3239
-4151
-3046
-4370
-5143
-2594
-4439
-5189
-2632
-5473
-4840
-1889
-5288
-3751
-948
-4265
-3132
-1313
-3426
-1535
-246
-2040
-726
-369
-1427
157
684
-123
789
776
-56
1362
1321
430
2197
1926
660
2309
1969
847
2896
2402
1211
3038
1881
1163
3130
1904
1631
2617
1137
1567
2124
781
1672
1830
309
1540
1613
117
1598
1775
708
1844
1633
1058
2210
2120
1797
2367
2208
2302
2514
2674
2973
2002
2149
3108
1628
1907
2777
342
1179
1845
-1327
-93
504
-2434
-1242
-1124
-4006
-2959
-3371
-4781
-2492
-4998
-6271
-3119
-6052
-5818
-2694
-6254
-5062
-2834
-6493
-3497
-1943
-5744
-2246
-1022
-4236
-1846
-938
-2745
-441
199
-1492
94
420
-685
855
1408
78
1062
1468
19
1735
1709
-77
2577
2124
-41
2731
1939
213
3239
2189
597
3089
1801
722
3030
1921
1222
2790
1679
1725
2510
1173
2149
2525
1187
2659
2393
1146
2820
2427
1746
3155
2659
2379
3323
2896
2545
3190
3424
2970
3150
3242
2413
2773
2804
1874
2300
1572
597
1116
-326
-995
-456
-2283
-2458
-2159
-4296
-4432
-4468
-5733
-4915
-5806
-7466
-5954
-6594
-8008
-5970
-6201
-7828
-5730
-5749
-7045
-4196
-4787
-6140
-2400
-2840
-4964
-1384
-1086
-3315
317
255
-1830
1537
640
-373
2796
1576
1036
3194
1879
2318
3639
2223
3768
4076
2279
4189
4039
2511
4623
4113
2546
4370
3457
2477
4205
3196
2627
3539
2574
2481
2811
2071
2523
2608
1846
2432
2255
1416
2275
2498
1983
2693
2635
2133
2771
2816
2580
3037
3003
2596
2552
2519
2232
1983
1762
1414
1118
502
-111
-493
-1483
-1829
-1835
-3195
-3561
-3692
-5639
-5914
-4957
-5693
-6570
-6760
-6825
-7373
-7476
-6259
-6521
-6926
-5687
-6237
-6029
-4307
-5330
-4752
-2307
-3300
-3579
-1880
-2260
-2229
-494
-350
-1014
-15
282
-335
1263
1631
522
1907
1975
1567
2685
1896
2671
3721
2184
3660
3814
2157
4511
3891
2930
4763
3073
3116
4341
2986
3514
3620
2635
3421
3021
2448
3437
2813
2434
3197
2845
2708
3207
3509
3333
3212
3527
3411
3476
4111
3826
3446
3949
3377
2663
3369
2983
1874
2105
1551
315
176
-781
-1943
-1853
-2635
-3926
-4371
-5279
-6417
-6889
-6887
-6612
-7883
-8968
-7971
-8534
-9240
-7512
-7307
-8309
-6931
-6990
-7695
-4851
-4970
-5973
-2934
-3093
-4227
-2159
-1553
-1720
-228
521
-322
532
1361
519
1977
3022
2001
2481
2952
2729
3495
3561
3374
4516
3942
3415
4965
4032
3440
5306
4103
3302
5138
3692
2747
4615
3614
2482
3743
3450
2479
2897
2896
2596
2606
2808
2969
2431
2944
3547
2791
3300
4170
3016
3467
4435
3528
4242
3746
3520
3632
2769
3989
2392
1380
2247
883
-209
-957
-1467
-2376
-3497
-3960
-4557
-6468
-7239
-7144
-8298
-7406
-8544
-10923
-8700
-9269
-11256
-8214
-8078
-10450
-8254
-7528
-8909
-6374
-5752
-6995
-4269
-3481
-4969
-3209
-1856
-2739
-878
747
-1267
-89
1599
19
1994
3534
1552
2679
3703
3078
4147
3972
4359
5750
4587
5186
6300
4869
5645
6797
5723
5436
6397
5876
4937
5978
5637
4709
5423
5048
4290
4593
4443
3996
4258
4181
3764
3744
3766
3800
3698
3638
3867
3719
3559
3923
3697
3315
3549
2930
2364
2949
2230
1033
1113
247
-1047
-1125
-2070
-3712
-3748
-4301
-5942
-6714
-7273
-8383
-8975
-8672
-8740
-9655
-11675
-10419
-9180
-11421
-9329
-8472
-10379
-8634
-7877
-8612
-5867
-5048
-6882
-3462
-2850
-4315
-1950
-1036
-680
226
1459
627
798
2849
2084
2915
4644
3193
2909
4643
4370
4519
4825
4708
6213
5019
4447
6511
5075
4685
6898
5385
4367
5980
4838
3742
5158
4798
3397
4302
4357
2496
3119
4207
2748
2589
3774
3112
2300
3028
3720
3183
2926
3868
3556
2617
3648
3877
2855
3609
3398
1670
2355
2822
1126
1054
1181
-619
-928
-1075
-3052
-3319
-3280
-5033
-5612
-6394
-7997
-8234
-8965
-8319
-7776
-11347
-11309
-8599
-11172
-11111
-7493
-10056
-10688
-7073
-9079
-8222
-4642
-7145
-5767
-1793
-3797
-3950
-731
-1102
-982
2460
1496
341
3297
2427
2284
5149
4742
3848
4128
4954
5407
4163
5655
6385
4102
6426
5928
4136
7114
5057
5124
7205
3892
5262
6202
2782
5143
5486
2116
4481
4079
1497
3572
3471
2029
2582
2853
2346
1984
2953
3197
2193
2834
3367
2403
2866
3805
2881
2586
3505
2963
2000
2716
2682
934
1083
1527
-62
-956
-1011
-1892
-3226
-3255
-3567
-5396
-6301
-6772
-7971
-9070
-8102
-7446
-11020
-11521
-8622
-11245
-11623
-7633
-10084
-11019
-7206
-9498
-9234
-4973
-7444
-6932
-2998
-4604
-4668
-2295
-2395
-2068
13
394
-201
1434
1403
767
3237
3416
2682
3872
3276
3951
5396
3308
4441
6937
4204
5038
7365
4525
5234
7556
5150
5282
7438
5287
4203
6405
5665
3545
5429
5340
2741
4425
4327
2395
3348
3312
2592
3196
2598
2591
3002
1471
3802
3316
1448
4600
2918
2178
4160
3225
2329
3103
3208
1394
1753
1801
491
-321
-358
-756
-3089
-3165
-2645
-5025
-5706
-4825
-7556
-9222
-7627
-7658
-8985
-10772
-10015
-9155
-11955
-10465
-7747
-10287
-9761
-7840
-9315
-7638
-5598
-6931
-5384
-3141
-4427
-3961
-1524
-1790
-1774
1000
997
-410
1707
2018
1399
3718
3612
2651
3647
3896
4532
4023
3423
5820
5181
3695
6381
5643
3730
6526
6218
4082
6562
6538
3824
5619
6397
3670
4371
5985
4058
3258
4823
4082
2367
3604
4202
2486
2985
4112
2996
2705
3668
3607
2940
3508
4319
3132
2838
4036
2753
2104
3551
1951
380
2161
1154
-1373
-793
-1530
-3266
-3173
-3468
-4671
-6594
-6778
-6558
-11001
-9696
-4341
-11092
-13345
-7881
-12462
-12754
-7295
-9918
-11334
-8512
-9610
-10127
-6629
-6110
-7532
-4845
-2510
-5217
-4458
-316
-1869
-1356
2523
234
-512
2933
1280
1309
5138
3736
2820
3956
3552
5357
4307
3061
7421
5529
2875
7938
5652
2095
7662
7115
2886
6855
7547
2539
4709
7537
3381
3097
6709
4130
1924
5519
4665
1578
4064
5342
2874
3203
5296
3263
2143
5418
5025
2898
5145
5248
2604
3921
4994
3118
3369
4407
2808
1293
1827
1559
-181
-760
-882
-2401
-3518
-3122
-4494
-7341
-6684
-7310
-11267
-7739
-5047
-13239
-13322
-7504
-13521
-13889
-6134
-10894
-13820
-7510
-10608
-12249
-5283
-7658
-9495
-3398
-4962
-7016
-2927
-2247
-2585
-353
565
-173
245
1359
1136
2346
4125
3062
3079
3533
4056
5577
3034
3840
7994
4292
4231
8663
4037
3893
9451
5020
3933
9358
5292
2050
7387
6692
2123
5525
7390
2303
2818
6234
3046
2049
5780
4579
2076
4578
4954
1480
2716
5965
3660
2376
5317
4295
2020
3844
4314
2507
3305
4611
2180
487
2004
1591
-1024
-869
-254
-3548
-4030
-2564
-5852
-6969
-5583
-9071
-10709
-6683
-7521
-12762
-12148
-9053
-12412
-13191
-7466
-10748
-13984
-8174
-9660
-10751
-5666
-8191
-8532
-3388
-4910
-5324
-2209
-2264
-1608
509
1067
-10
681
2658
1856
2925
4984
3407
3538
4283
4452
5674
3773
4979
7654
4288
5498
8052
4349
5046
8281
5359
5041
8541
5637
3882
7260
6539
4130
5552
6115
4287
3160
5102
5513
299
4777
6750
-926
5397
6026
-1514
4335
6061
608
3952
5980
1418
2760
4298
2226
2125
3079
3082
669
235
1163
-797
-2168
-1685
-2712
-4556
-4483
-4678
-6946
-8107
-8012
-10392
-10959
-7148
-9737
-15126
-11103
-10018
-15064
-10800
-7228
-13272
-11570
-7105
-11506
-8904
-4367
-8421
-5759
-1440
-5000
-4053
-557
-1623
-227
2340
1595
1574
2026
1916
3770
4904
3973
4442
4380
3670
5839
5150
3302
6720
5989
3736
7230
5974
3253
7003
6716
3450
7140
7671
2739
4544
6924
3767
3525
5861
4525
2574
3662
4079
2388
2737
4473
3505
2459
4060
3886
1820
3599
5585
3268
3661
5739
3008
2827
5291
3295
2806
4399
2750
1291
1584
1265
411
-1290
-1522
-1608
-4098
-3814
-4340
-6889
-7182
-8052
-9884
-8620
-6433
-12017
-13430
-8110
-12429
-13486
-6780
-9752
-13487
-8300
-9221
-11571
-6167
-6599
-8011
-3623
-4330
-5787
-2550
-2300
-2080
958
586
40
1276
678
1763
3980
3158
3605
4440
2697
4433
5701
2835
5003
7531
3694
5116
8146
3342
4673
9138
4543
4478
9603
5206
2414
8031
5647
2458
6707
5648
3031
4481
4300
2878
2933
3788
4172
3150
2983
4338
2856
2239
5236
4568
2839
5047
4238
1974
4142
4068
1980
3463
3361
937
1051
1252
-45
-1093
-2190
-2142
-2703
-5406
-5291
-5358
-9042
-8827
-8006
-10229
-8093
-9488
-14680
-10770
-9743
-14618
-9845
-7494
-14134
-10648
-6827
-11842
-7696
-4795
-8364
-4078
-3483
-5325
-2239
-3088
-331
1388
-1731
3552
1753
-2361
5730
3283
1432
8447
2869
2030
7747
3836
4189
7017
5837
5475
5163
7390
6093
3714
8450
6773
3399
8649
6832
2190
6309
6768
2648
5096
6767
2305
2929
5270
2474
2517
4352
3302
2951
3528
3311
3294
3057
3742
4809
3544
3900
5122
3484
3755
4668
2867
3376
4219
1923
1521
2020
166
-777
-937
-2097
-2946
-3781
-4968
-6013
-6975
-8027
-9259
-9564
-7735
-8975
-13695
-11796
-9748
-14208
-12421
-7672
-11911
-13057
-8265
-11424
-11137
-5522
-8175
-7652
-3232
-5822
-6143
-2179
-3062
-1866
1311
-708
110
1853
338
2080
4517
3452
3260
4212
3667
4671
5487
4084
5771
7235
4463
6168
7781
3424
5996
8757
3940
6039
8926
3639
3928
7392
4380
3703
6007
5218
3118
3263
5400
3065
1979
5949
3546
1788
5868
3768
1736
4786
4552
3722
4672
4765
3819
2919
4421
4464
2309
3833
3831
468
1646
2548
-966
-1382
-512
-2368
-2886
-3529
-5188
-6202
-7824
-8394
-8483
-7999
-7455
-11678
-13677
-9336
-11525
-14089
-7381
-9252
-14565
-9032
-9308
-12236
-6280
-5926
-8575
-3913
-3575
-6715
-3554
-1677
-2575
372
1563
-683
619
1573
398
3600
5206
2772
4409
4997
3502
5886
5414
4884
8216
5810
4865
8807
5365
4395
9474
6458
4235
8979
6841
2448
6625
6986
2468
5806
7572
2774
3595
6218
3119
3238
6045
3671
2848
5180
4347
2806
3687
4959
4024
3569
5688
4564
2127
4192
4295
1741
3345
3853
606
138
1323
-412
-3068
-2221
-2510
-4896
-3812
-4896
-8463
-8488
-8629
-10820
-8836
-7001
-12979
-14764
-10634
-12964
-14200
-9167
-10083
-13203
-9875
-9964
-11653
-6984
-5862
-7864
-4283
-3361
-6207
-3792
-1528
-1755
987
1899
221
1678
2335
1291
3939
6127
4773
4372
4922
5482
5569
4568
6688
8160
4842
6418
9076
4330
4759
9495
6139
4577
8733
6590
2541
5419
6783
3066
4378
7430
3024
1471
6072
3680
771
6012
5650
1197
5034
6335
1849
4147
6793
3698
4446
6945
4778
3305
5381
5392
3031
3862
5305
2828
681
2188
1365
-2355
-1885
-748
-4136
-5893
-3945
-6616
-10226
-8129
-9033
-9740
-7301
-12236
-14187
-9758
-13472
-13994
-7633
-10932
-14089
-9564
-10769
-12137
-6767
-7033
-8891
-3365
-4629
-8105
-1492
-3030
-4833
3755
-222
-2763
3952
-1431
-1199
6768
2593
2168
6130
2260
3658
6737
3344
5123
8269
5313
5624
7747
4505
4482
8075
6150
5246
8039
5660
3348
6415
5856
3345
6145
6529
2840
3822
5364
3173
3133
5248
5226
3368
4039
5974
3259
2746
6850
4761
3018
7015
5150
2309
5112
4385
2397
4115
3914
2126
1338
710
182
-2069
-3462
-1482
-2817
-5845
-4459
-6731
-11814
-9291
-7067
-9430
-9379
-11755
-13979
-10738
-12304
-13128
-7796
-10346
-13110
-8783
-10548
-10769
-5652
-7757
-7351
-2570
-6016
-7229
-2404
-3424
-3128
1908
-147
-1998
2070
219
-1308
4940
4619
1239
4836
4297
3709
5308
3336
6346
7451
5218
7229
6376
4921
6259
6926
6752
6285
8509
6816
2120
7592
7012
1049
8810
7153
-462
6471
5514
-142
5406
6036
2455
4168
5463
4346
2401
4797
6738
2902
5148
7858
3289
3675
5679
2990
3593
5111
2602
1519
1934
81
-1608
-2399
-3042
-2718
-4481
-6425
-6129
-9516
-11896
-8644
-8366
-9794
-10818
-13566
-12060
-11592
-14384
-10141
-8475
-13175
-10869
-9376
-12398
-8909
-6592
-8154
-5264
-4112
-6997
-5703
-2820
-3296
-1351
893
-693
-451
668
350
2046
4141
3423
3797
4380
4010
5114
3766
4777
8312
5957
5344
7959
5516
4719
8061
6830
5790
8784
6758
3341
6106
6097
3009
5817
7025
3726
3874
4473
3419
3619
4660
5827
4223
3685
6862
4182
2007
7625
6785
3356
7412
6908
3202
5452
5771
3653
5366
5536
2569
2083
1878
-482
-1864
-1621
-1088
-3332
-6297
-4872
-6753
-11732
-9077
-6740
-9707
-10941
-11901
-12586
-13160
-13548
-10574
-10984
-13042
-10910
-12424
-12901
-8573
-9560
-9476
-4955
-6212
-7933
-5007
-4597
-4776
-837
574
-1705
-216
420
-1960
1755
4796
1897
3251
5016
3346
4339
4366
4716
7400
6384
6637
8297
5216
5583
8665
6444
6863
9736
6721
4586
7380
6782
3726
6350
7841
4380
4766
5535
2600
2978
6014
5450
4086
4818
4766
3864
3671
5329
6132
4529
5514
6241
3577
3877
4716
3041
3892
4125
1576
457
10
-1273
-2986
-3204
-2115
-4508
-7210
-6065
-8085
-12319
-10348
-7255
-9311
-11523
-11579
-12180
-13657
-12718
-9059
-9772
-12086
-9508
-10117
-12535
-8535
-6873
-7797
-4848
-4385
-5776
-5997
-4360
-2088
-1962
954
1419
-1608
795
1585
315
4385
5242
2207
4166
5659
3678
3116
5854
7597
4970
7070
9728
4219
4853
9708
6038
6165
10884
6930
3430
7116
6861
3506
6329
8253
3735
3305
6106
3168
1528
5583
6392
3536
4550
6405
3404
2822
7181
6422
3975
7145
6361
2109
4833
6100
1869
3435
5450
1134
233
1609
-1351
-3738
-2623
-1803
-4518
-6632
-5356
-8563
-12793
-9287
-7524
-10329
-11586
-12277
-12894
-14038
-13463
-10330
-10350
-12153
-10135
-10632
-12595
-8448
-7818
-8390
-4225
-4923
-6981
-5324
-4817
-4619
-1651
658
-759
-1140
-230
-1428
903
4239
2649
3136
3946
3022
4481
2839
3457
8306
5638
5085
8924
4543
3521
8504
6243
5331
9941
7414
2795
6180
7488
3127
6265
9511
3876
4516
6754
3045
3535
5440
5543
5466
5087
5415
4388
2990
5747
7366
4544
6351
7886
3088
3747
7019
3696
2885
5808
3207
-663
621
313
-4295
-3324
-245
-5421
-7826
-5057
-10309
-14023
-8475
-7095
-11774
-12506
-11018
-13850
-15213
-11099
-8929
-11927
-10793
-7984
-12620
-11506
-6926
-9721
-6941
-1962
-5172
-6671
-4078
-4132
-3705
505
2543
-135
-164
1465
-277
1510
5094
3929
3163
4935
5334
2613
2801
7828
6288
4069
10420
7767
1847
7851
7865
3446
8663
10215
3561
4303
7802
3017
3057
8791
6493
2325
5226
5592
641
2848
7414
5081
4134
6618
5397
1971
4295
8068
4876
5171
8761
4194
2873
6130
3678
3863
4912
3731
3284
-1464
159
-517
-7464
104
-745
-10232
-4214
-6308
-15995
-9815
-5405
-11257
-12268
-11458
-12877
-15437
-14002
-9289
-11720
-12800
-8480
-10415
-13044
-8880
-8711
-8867
-3623
-4131
-5979
-4814
-4854
-3800
-1245
1196
1041
-19
281
-573
523
3355
3000
3999
5508
4456
4965
3654
3951
8408
6788
6992
10263
5535
4459
8118
6350
6529
10414
8692
5241
6601
5963
3566
5834
8773
6159
4062
6302
4456
2326
5228
6359
5536
5578
5648
4308
2629
5424
7708
5144
6162
6995
2942
3100
4912
3566
3820
4584
2841
-29
-1021
-1436
-3873
-3206
-1788
-4995
-6483
-7397
-12008
-13084
-8581
-6778
-11926
-13422
-9024
-14914
-17158
-7375
-10663
-15012
-7780
-9194
-13943
-9037
-7732
-9315
-5193
-2441
-4934
-7146
-2151
-4716
-4882
4656
-1157
-1348
4127
-3313
-959
5891
331
1688
7372
2524
3436
3651
1712
6311
5037
5921
9554
5096
3486
7754
5478
4529
10299
7960
3749
6275
5381
2349
5235
8209
5942
4875
6688
4381
1537
5380
7302
4756
6505
7706
3657
2912
6109
6035
5446
7833
7277
3646
3756
4804
2861
3786
5907
2318
-355
769
-1889
-3986
-1500
-2581
-5875
-5350
-6960
-12591
-12412
-7090
-9142
-14378
-10864
-9970
-17342
-14534
-7776
-13525
-13704
-6406
-11171
-13503
-7476
-10318
-10547
-3203
-4570
-7054
-3523
-4085
-6006
-2466
707
-267
104
1425
-518
-354
2888
3323
2609
3995
6690
5151
1346
6006
8577
3421
8569
12562
3655
4917
10803
4319
4650
13261
8626
2893
9851
7415
-1111
7842
11047
1209
6505
9620
228
2884
7447
4488
5277
6528
6579
4357
2266
6515
6035
3137
7658
6741
1948
3921
3719
590
2893
4808
492
-1183
307
-4399
-6133
-1902
-4563
-7068
-5103
-9262
-13928
-11667
-8190
-10720
-14961
-10058
-10191
-19177
-13345
-6643
-14486
-12665
-5517
-11970
-12285
-5992
-9875
-8429
-2589
-4947
-5788
-3049
-3567
-4554
-1278
1269
330
903
1571
230
1280
2657
3276
4290
4271
6465
4276
1219
7337
7278
2533
8866
10869
2784
5487
9622
3601
6253
11537
6324
5049
8389
5270
3301
7456
8076
5348
6696
7178
3700
4201
7246
6420
5780
7673
6914
3698
4219
7019
5816
4808
7347
6080
2556
3766
3815
1146
3156
3357
96
-275
-2151
-3604
-4065
-5573
-4094
-5418
-9931
-9031
-11376
-13876
-6721
-12117
-17379
-5992
-13086
-21240
-6869
-8691
-18180
-7815
-6603
-14774
-8398
-6345
-11545
-6110
-2955
-6737
-3592
-1916
-5534
-2508
419
-581
2034
1863
-489
2323
2023
1466
5495
3794
4111
7788
2538
2310
8850
5018
4432
11923
7510
3425
9536
7577
4010
9856
10946
5470
6794
9174
4025
4379
9948
6857
4811
8317
5855
2804
4920
6868
5995
4222
6698
6832
1197
3939
8007
2377
3575
8514
2599
391
4795
1749
-489
3223
1536
-2649
-2303
-2889
-5699
-5723
-4116
-5668
-8777
-9325
-10735
-12412
-8904
-9693
-15619
-11107
-9132
-17992
-13060
-6254
-15102
-13033
-5548
-11891
-11114
-5235
-8705
-7369
-2920
-5099
-4665
-1103
-3236
-3526
1564
-288
-802
4190
167
-135
5919
578
1387
8109
2117
5186
8789
45
6191
10055
2060
8569
11639
2991
6617
10387
4399
7022
11263
6188
5812
9283
5630
4035
7839
7420
5538
6636
6866
4575
3394
6416
7499
4383
6236
8346
3191
3505
8366
4742
3166
8079
5559
1041
3810
3511
-71
1939
2762
-1892
-3251
-2462
-5268
-6451
-5840
-6214
-8355
-11036
-10948
-12827
-12010
-9645
-15713
-14426
-8686
-17153
-16792
-6712
-14377
-16743
-6443
-10232
-13097
-7342
-8914
-8890
-4231
-4894
-5234
-2945
-4025
-3374
130
-818
-371
2552
-482
459
4926
1236
2050
5797
2588
5409
6890
1759
6262
8209
3094
7788
10295
4665
6097
9365
5964
6095
10776
7777
5131
9586
6704
4252
9171
7270
6167
7713
5479
7282
4982
4718
11239
4637
4102
12588
3277
1819
11809
4581
1947
9691
5518
794
3333
3906
406
125
3400
-1439
-5213
-1814
-4134
-7144
-5928
-5707
-8381
-11962
-11203
-11077
-11922
-11087
-14648
-13310
-10167
-16978
-14155
-6913
-15024
-14734
-6366
-11561
-11554
-6171
-9482
-7188
-3881
-6670
-4573
-2153
-4193
-2429
1026
-1333
-454
3146
-253
718
5169
1651
2231
6031
3252
5628
6709
1978
7083
7993
2884
9162
9995
3993
7750
9500
5236
7492
11359
7368
5698
9950
7108
4017
9205
9293
5108
7038
8751
5566
4078
7772
8521
4201
6971
9755
2772
3832
9653
4549
2621
7438
5716
1001
2097
3335
209
-169
963
-2736
-4703
-3036
-5297
-8112
-7466
-6145
-10343
-13544
-10808
-12172
-11735
-13435
-16115
-11066
-13389
-18138
-11077
-8786
-17563
-11655
-6885
-14278
-7832
-6717
-11045
-3763
-4039
-7336
-1756
-1544
-4700
292
2015
-1485
1962
4025
-807
3227
6978
340
3737
7442
2846
7045
6580
2590
9309
7293
4129
11392
7921
4225
10215
8105
5132
10099
10260
5813
7262
9384
5837
5278
9357
8141
4514
7078
8393
3821
4324
9698
7189
3236
8843
8658
1542
6342
9753
3028
4925
8483
3051
1636
4124
2311
923
1819
-245
-3201
-3455
-3998
-5831
-7834
-7331
-6643
-11322
-13387
-11307
-12384
-12291
-13984
-15917
-10566
-14235
-19418
-8427
-9940
-18834
-8452
-7494
-14855
-7248
-6876
-9875
-2981
-4784
-6738
-1048
-3122
-4135
1225
-98
-1450
3334
1781
-1661
4197
4386
-693
4331
5867
2802
5445
4294
3531
7388
5056
5015
9750
5719
4435
8817
6466
5330
9713
9360
4662
7683
9797
3910
5257
10843
7742
4150
8646
8996
3652
6224
10660
6486
5072
11017
7466
1906
9196
9678
2199
6953
9680
1692
1957
5299
734
-26
2637
-1140
-4945
-3578
-4149
-8605
-8684
-5627
-10077
-14908
-11417
-10814
-13875
-14410
-15328
-12924
-13750
-18733
-12018
-8324
-16785
-14596
-8146
-11816
-9942
-6685
-9856
-5594
-3766
-6931
-2327
-1436
-4343
288
2433
-1136
1595
4359
-127
2025
7419
3000
1782
6348
5284
5067
5437
4074
7679
6491
4059
9867
7817
3565
8709
8881
5071
8768
11330
6380
5865
9777
7681
4424
8302
10910
4754
4383
10077
5936
2907
8799
8250
2809
7208
10777
1807
2554
11462
3742
199
10417
4500
-3057
5309
2362
-3234
1993
-700
-4878
-4211
-4752
-5979
-9341
-7926
-5634
-13439
-15756
-10738
-11692
-13609
-16100
-14728
-12032
-18413
-16243
-7552
-14578
-17800
-7947
-11046
-13872
-5472
-8942
-10248
-1954
-4675
-5788
92
-2701
-3578
2913
2527
244
4226
3642
429
5442
6919
2888
5217
6178
5780
7151
3645
6062
9899
3962
6938
11908
4352
5376
11070
5906
5706
11561
8848
4330
7506
9717
5376
5239
9912
7357
3500
7551
8262
3131
5509
9972
5435
4434
9998
6694
2135
7770
8742
2530
5792
8829
1072
353
5236
1166
-2055
1711
0
-6255
-5097
-2207
-7844
-10807
-3732
-7991
-17705
-10929
-8982
-14029
-13632
-15816
-12167
-12846
-18947
-11463
-10966
-16208
-12313
-10163
-8692
-11722
-11179
-3370
-7946
-7277
276
-5859
-4338
1157
-2890
1546
2762
-735
4959
2116
601
7383
3224
2411
6585
4319
6044
5620
2744
7589
6752
4281
9947
7785
3707
8936
8980
4188
8362
11820
5654
5203
10455
7481
3473
7819
10303
4658
5141
10301
4865
2410
9443
8217
3866
8121
8845
2947
5050
9258
4750
3451
7807
5188
-167
2452
3809
-1550
-1088
1688
-4112
-7414
-3069
-4823
-11552
-8288
-4821
-14648
-16546
-8231
-11020
-16938
-16066
-12040
-13172
-19124
-13719
-7771
-16685
-16373
-6508
-11585
-13176
-5543
-8413
-8336
-3216
-5440
-4423
-961
-3109
-1339
3229
978
591
4552
2165
1555
7216
6017
3279
6025
6330
6585
6517
4162
8466
9199
3617
9210
11493
2303
7627
13675
2327
6896
14356
3478
6163
11467
5214
5292
7933
7868
6960
4828
6715
8031
3382
6033
9156
4124
5690
8879
4627
2755
7328
6942
1566
5033
7755
448
1
4050
-191
-2283
173
-2063
-6409
-5788
-4123
-8666
-10497
-6870
-10442
-15519
-12936
-9897
-12695
-18295
-14438
-9256
-18567
-18863
-5979
-12012
-19566
-8684
-8421
-13966
-7354
-6526
-9242
-3373
-4086
-5982
11
-3212
-3323
3577
1437
-124
3864
3331
-786
5358
7456
1459
5167
6348
4412
6492
4887
4810
9040
5678
4680
11830
6555
2934
10878
7643
3907
10954
9693
4609
8167
8902
5011
5994
9475
8287
5922
7431
7473
5296
6217
8765
7938
6064
8088
8385
4136
5672
9011
4804
4250
7220
4935
786
1752
4631
-1103
-1867
2837
-4663
-7957
-596
-7457
-12424
-2439
-9939
-16303
-10158
-11464
-10587
-16215
-17084
-7781
-16932
-20667
-5833
-10046
-20099
-9988
-7748
-14272
-8464
-5827
-9925
-5782
-3674
-6717
-2309
-951
-4502
137
2972
-845
1337
3304
-31
3687
6744
2248
3935
6707
4129
5916
5617
4829
9952
5878
4461
12261
6987
3098
10891
9547
3924
8974
11433
4273
6190
11483
5635
4520
9957
8113
4408
7023
9061
4740
4517
9501
6753
3338
8661
8310
2003
6474
8726
1590
4400
8344
2619
-460
2098
2110
-1780
-1539
-1201
-4990
-6460
-4951
-6527
-10813
-8566
-7822
-13990
-14212
-9943
-10291
-16408
-17364
-9387
-12588
-20817
-10765
-6515
-18601
-13741
-5068
-13070
-11018
-4927
-9241
-5153
-2650
-6449
-1820
-187
-3566
538
4911
-555
1287
6202
-158
3320
8121
3005
3802
6864
5480
5445
5766
4556
8944
7878
4126
10407
8581
3678
8999
9990
6169
7550
9881
7381
6102
9093
7703
4801
8247
9722
5496
5934
9428
5222
3786
9703
7707
4171
8358
8462
2334
5168
10356
3514
2111
8385
5362
-721
1605
3828
-1842
-2359
472
-3844
-6662
-5700
-7253
-9094
-8950
-9707
-12661
-15094
-11987
-10123
-16706
-16915
-9748
-15231
-21385
-10224
-6883
-18416
-15452
-7424
-12478
-11299
-6417
-9932
-7025
-3637
-7902
-3246
315
-5726
-2006
3877
103
-498
3543
1695
138
5772
5017
1584
5279
5570
4468
4175
4442
8548
5645
3405
10409
8524
3558
9417
10013
5217
9562
11709
8007
7974
8617
8270
6636
7829
12668
7786
2800
10770
8730
1159
10953
11769
986
8475
12022
1115
4849
11422
3862
2051
8342
5585
-1266
624
4103
-729
-2789
1032
-3322
-8644
-5585
-5013
-10423
-9294
-7081
-15214
-15653
-8344
-11450
-18223
-15027
-9718
-16879
-19779
-8762
-9289
-19056
-12939
-7405
-14152
-9848
-5082
-10920
-6604
-2373
-7988
-3490
1405
-4902
-2358
4622
748
-501
4117
2478
1479
5723
5224
2980
4991
6708
5444
2913
5835
9674
3963
4601
12617
6568
3016
10827
7906
4276
10128
10443
7017
6888
8187
7984
5544
8317
11501
5936
5304
10302
5617
3521
11334
8793
2107
8800
9776
770
4674
10233
2477
1636
9132
4221
-3094
1653
3683
-1933
-1901
-543
-5212
-7920
-5614
-6311
-11315
-8463
-8845
-18609
-12681
-8472
-17274
-15023
-14740
-15878
-13020
-18696
-12391
-6882
-19640
-13671
-4553
-15423
-10069
-2416
-11639
-6077
-236
-7847
-3389
1742
-3083
-357
4559
1490
1312
4129
2861
4348
6890
4977
4603
5674
6979
7202
3661
6965
11141
4078
6054
13385
6126
5487
12520
7899
6015
11936
11251
6794
8012
10379
7694
6202
10939
10676
4683
7581
9861
4566
5315
9961
7969
3886
7977
9105
1054
4234
10090
1791
1643
8314
1571
-2670
1543
631
-2503
-2615
-2297
-5268
-7944
-6675
-9364
-12083
-7693
-10816
-17640
-12894
-9571
-15861
-18738
-12228
-12179
-20217
-14998
-6710
-14478
-18641
-9314
-9090
-13219
-6440
-5898
-9870
-3745
-3026
-6998
-565
1092
-2991
1833
3797
1162
2611
3393
3967
5010
6125
5929
3832
7611
7470
2359
8179
8884
4539
9117
7213
7065
10341
4100
8141
11505
4007
11172
13194
3007
8680
11709
4330
8485
12504
6846
5626
8824
7457
4973
7173
8874
6061
5330
8167
6071
1724
5404
7770
1813
2791
7088
190
-3290
2539
606
-4617
-2385
-2564
-7554
-7893
-6577
-9700
-10848
-9166
-14054
-17587
-9462
-8755
-20524
-18128
-9095
-17395
-20314
-7500
-9985
-20326
-13148
-7941
-13223
-9731
-5737
-9526
-6770
-2742
-5633
-3889
-211
-1492
372
3006
2351
3728
3116
1680
6190
7696
4898
6255
6474
5956
8212
5615
5479
10843
6507
4575
13337
9695
3193
10704
10475
4775
12140
14005
4796
6514
11916
6360
5059
11834
9880
4188
7300
9225
4703
4891
8108
6447
5097
6319
5832
2002
236
6660
5835
-2952
4412
6594
-8324
-3293
5470
-5273
-5836
-1434
-7922
-9024
-7353
-9974
-10742
-10306
-12347
-16746
-14149
-8203
-16447
-22245
-10616
-10879
-22337
-13847
-5533
-16972
-17383
-6616
-10389
-12978
-5126
-5267
-7804
-3618
-2823
-3727
-888
395
1289
2666
2238
3761
4438
2094
4696
8208
5688
5147
6098
5788
7917
6787
4485
9493
10194
3734
8863
12313
4026
6809
12142
7015
6890
12466
8507
3997
10470
10849
5140
8214
11526
7107
5649
9174
7329
4484
6718
8565
6526
4395
7182
5950
856
5353
7764
1652
2478
6131
573
-4412
1208
2038
-5079
-4185
-3258
-7463
-7980
-7251
-9799
-11131
-10124
-14296
-15141
-8643
-11791
-21735
-14416
-7276
-21467
-17592
-3674
-15622
-19978
-8455
-10320
-13180
-8471
-7388
-5692
-7279
-5212
-570
-5306
-2205
2847
280
1708
3987
3014
1584
3528
7185
5219
4664
8431
4562
5383
9681
2928
6306
12018
4130
6787
12579
5799
5498
10644
8585
7675
11134
10918
6576
6463
9672
8058
6833
10377
9422
5133
6692
8064
5066
5936
8496
6389
5410
7099
4790
1706
4504
6625
2898
1965
4170
88
-4346
-1169
120
-3661
-4428
-4432
-7180
-9071
-9107
-9018
-10363
-12285
-13449
-12769
-9351
-12691
-20422
-13939
-9998
-19049
-13420
-5861
-16129
-17349
-8757
-11462
-11442
-6478
-7935
-5916
-5076
-7122
-2645
-1483
-3676
1256
4580
779
2128
5249
1116
2861
9897
7027
5546
8787
5704
6455
7959
6427
10268
8879
5268
10034
10101
4695
8254
10772
5866
9316
13075
6291
5508
9951
6663
6639
11459
8420
5537
7894
6576
4674
6402
7107
6571
6209
5894
5936
3997
2189
4764
5305
1341
2481
4223
-1790
-3329
523
-1966
-3636
-3117
-7122
-7724
-6919
-10944
-10905
-8750
-13278
-16845
-11249
-7621
-16885
-21388
-11623
-12386
-19955
-10713
-7309
-19418
-16128
-7554
-13109
-11722
-5713
-9339
-8040
-4080
-6375
-4201
-1830
-3936
-350
3101
763
2008
3588
886
3559
8396
6601
5875
6853
5477
7297
7340
5703
10383
9369
5029
11249
11082
4018
9570
12138
5297
9970
14926
6029
4591
11782
8041
5520
13028
11049
3944
8003
10191
4925
6007
9813
7682
5893
7659
7384
3059
1738
6779
6948
1367
3461
5355
-2105
-2663
2901
-1070
-4359
-1824
-5813
-9219
-6393
-8532
-11216
-9022
-11976
-16400
-11281
-7435
-16837
-21027
-10043
-11519
-21507
-10897
-5370
-19129
-16572
-7004
-13523
-13465
-5809
-7930
-8789
-5598
-6387
-4990
-2803
-3524
-579
1213
-883
1998
2937
-737
3450
7552
4618
5496
6459
5035
7191
6412
6081
11176
9376
5693
10383
10404
5084
8331
12217
7949
8664
13668
8330
4234
10335
9800
5749
10619
11627
5559
6103
9841
7274
4725
8354
9491
5102
5606
8175
3229
1030
7749
7624
-65
2161
6116
-2835
-5101
3253
-1149
-8076
-4503
-4979
-8945
-8429
-9674
-12243
-12579
-13738
-14814
-10524
-8919
-20844
-19637
-8951
-19092
-17855
-4435
-13424
-19989
-10068
-10102
-13767
-8085
-6135
-6319
-6277
-6052
-3859
-3711
-2300
-791
2384
3226
606
4514
2024
1063
8544
4979
7617
8593
1373
12150
7120
-1907
17263
10611
49
17306
10115
1952
12520
8384
7560
11697
9743
10981
7016
5860
9881
6621
8035
11333
6908
5667
7638
6709
4884
6204
8900
6941
5561
7272
4640
1775
4409
6281
3597
2029
3101
-204
-3823
-985
-1086
-4761
-4620
-5873
-8371
-8113
-8920
-11619
-12896
-12068
-13372
-13395
-8853
-15088
-22025
-10618
-11809
-22694
-8739
-4314
-21288
-15395
-4500
-14556
-13370
-4421
-7993
-7092
-4762
-7265
-4709
-3475
-3863
1254
3048
-856
1009
2076
-1205
4416
6982
3237
6894
5783
3435
7879
4920
4688
12389
9538
5281
12329
11495
2798
8378
14603
8380
8881
15033
8236
3319
11766
9873
5577
12189
11431
5526
6183
9146
6208
4807
9315
8000
5403
6976
5026
3804
3635
3783
8065
2181
629
7121
-4282
-4580
4774
-5376
-5815
455
-8617
-9351
-5344
-12037
-11918
-9924
-15247
-13948
-6840
-11989
-22941
-14255
-8496
-20647
-13695
-3021
-16291
-18894
-8669
-11211
-12414
-6922
-6423
-6421
-5289
-7324
-5792
-908
-3150
-3383
3258
1477
-941
3274
932
1427
7965
5825
4217
6836
6025
7223
6295
4286
10465
10839
4928
10523
13394
3938
5773
14791
9464
6625
14987
11751
3898
9068
11455
6510
8915
11796
7047
5181
7922
6708
4133
6584
8639
5596
5037
7053
2762
-179
5196
5578
797
3259
3856
-3503
-4307
29
-2080
-5021
-5354
-6834
-7282
-8761
-11728
-11942
-12497
-14635
-14122
-8554
-9315
-20943
-19370
-8654
-15939
-17580
-4772
-12113
-20247
-10480
-7981
-13761
-9983
-3489
-7114
-5346
-2685
-6436
-5248
-674
-1935
-295
8430
-476
-968
5487
-1910
6710
9563
3416
7480
6590
5246
8394
5713
6925
12220
6351
9612
15503
6567
5793
12034
11915
9708
12881
13578
5744
7757
12038
8308
11011
11769
8250
7698
7081
8277
7129
5455
9051
8209
3775
5861
5708
825
2295
6448
3769
277
2785
-2
-5828
-1270
155
-5880
-5409
-6099
-10167
-8500
-9018
-12568
-12361
-13749
-16274
-11323
-8027
-18244
-20412
-9931
-15985
-20762
-5517
-7719
-20827
-12611
-8139
-14106
-10159
-5414
-6749
-5761
-4916
-6301
-3821
-3761
-3149
1516
2398
1103
1060
1303
-1129
4526
8677
2711
5621
7063
3919
5730
5900
7503
9929
8232
8254
11107
9435
5765
8682
12035
9450
10563
13331
7246
6828
10998
6805
10109
11636
7664
8988
5427
6696
8740
4386
6214
9661
5125
3869
8332
1847
594
7772
4554
1659
3785
1687
-3856
-2258
895
-4248
-5125
-4257
-8550
-7016
-6998
-13255
-12367
-10589
-16352
-13311
-4631
-14477
-23234
-10725
-10439
-21729
-9683
-2311
-17836
-16738
-5316
-10892
-12660
-4694
-5865
-6596
-3969
-5304
-3128
-2864
-3592
1699
3158
506
2062
2425
-487
3450
8027
4909
4738
6515
4502
6301
6361
4744
9576
7987
5759
11539
10176
5158
7857
11620
9189
9939
14099
9110
5020
9227
9151
7560
10346
10286
8058
5719
5504
7862
6173
5920
9613
7113
3387
6018
3264
-564
5163
5096
951
2299
281
-2895
-4574
-3651
-1253
-4762
-6285
-6814
-9823
-9476
-12900
-13262
-8296
-17982
-16859
-2152
-17911
-22037
-7873
-18835
-16541
-8311
-12788
-8900
-14120
-16651
-5606
-8949
-11851
-2736
-3044
-7056
-5987
-1211
-589
-5464
2269
7200
-1084
1965
6254
-718
1503
9848
6259
3177
7930
6612
5077
6590
5929
9506
9971
6868
10690
11260
5789
7817
12106
9836
10462
13024
9189
7315
9955
8377
8384
11964
10053
7643
7014
5738
7596
6857
5360
9317
7305
2971
6120
4439
684
4758
5608
1455
2173
3242
-1977
-4327
-1130
-2504
-5069
-3471
-6431
-10000
-8644
-11169
-12876
-11263
-12413
-15419
-13244
-8943
-18236
-20564
-9499
-16814
-20491
-4463
-8505
-21001
-11670
-9000
-14274
-7831
-5051
-6211
-4991
-6429
-4772
-1367
-3238
-1383
4285
1874
-49
4170
1496
-756
7416
7540
2392
7319
8206
2802
4280
6965
6960
9627
7723
7250
12352
6710
4321
12642
11678
7610
12505
13095
6732
8305
10246
7862
9848
10767
9084
7589
5610
6692
6988
4695
8218
8529
3426
5494
5659
1039
2151
5323
3669
726
1773
1655
-4759
-4071
312
-5723
-5470
-4687
-9487
-8772
-11520
-12367
-11065
-13044
-14740
-12921
-9458
-15954
-20049
-11685
-13231
-20520
-8168
-3939
-18801
-15003
-7514
-12802
-9625
-4587
-5710
-5038
-5669
-5206
-1428
-2574
-2355
3807
3462
-190
3947
3605
-1464
5941
11081
4203
5417
9712
5625
4305
6287
8474
11265
8478
7344
11763
8593
4350
10375
13028
8758
10306
12649
8910
7242
8902
9153
9491
11027
10763
7395
4960
6352
6666
5258
7351
8472
4392
3447
5903
479
-164
6572
1390
53
4895
-2175
-5319
-1167
-5019
-4706
-2439
-9332
-7737
-8515
-13459
-9077
-13676
-15158
-11542
-15497
-9502
-11985
-24160
-13699
-9645
-21655
-11284
-2457
-17779
-18387
-7055
-10772
-11245
-4954
-4973
-4584
-5313
-5683
-444
-1436
-3853
3329
4892
421
4018
4595
-628
4361
9806
5809
6479
8552
5325
5933
6451
6771
11550
9205
5961
12060
11127
4908
9100
13123
9425
9851
13668
10392
6612
8982
9475
9448
11472
9388
7513
6965
4958
6556
7028
5695
8281
6609
3418
5564
2919
64
4704
5196
1623
2286
1208
-3743
-4370
-1836
-2469
-4876
-5315
-7104
-9737
-8674
-10764
-14121
-12089
-12397
-15374
-10382
-10601
-23179
-17051
-7303
-19187
-16040
-2863
-13615
-19848
-7775
-8718
-12850
-5925
-5475
-5853
-3745
-6382
-3209
-385
-5290
-132
6892
1191
1660
5299
-1221
921
9696
6444
4666
8580
6006
4671
5912
6008
10571
10438
5758
10118
11323
4580
6919
12183
9563
9224
12903
10870
6145
7338
9906
8656
9347
11426
8392
5158
6527
6728
5084
6578
8500
6006
3464
4929
3993
-96
2044
5011
826
1039
2892
-3714
-5739
-1472
-3539
-5662
-3269
-7455
-11711
-8314
-10278
-14640
-11779
-11978
-16583
-11388
-8028
-20145
-19145
-9502
-19120
-16227
-1182
-11253
-19680
-9625
-10069
-12832
-5390
-4716
-4164
-3130
-7711
-3181
382
-3923
-68
6302
2868
676
5170
1272
-747
8619
8146
5159
9815
6970
3386
6614
6657
8746
12479
7328
8382
12657
5035
5508
13884
9461
6672
14445
12096
5862
7294
8236
9733
7394
11142
14406
72
6209
12296
-3430
8723
14077
-1941
6409
9032
-2813
1465
4356
139
2681
2833
1045
-2465
-5765
-2189
-4284
-6285
-2323
-6394
-11321
-10092
-10701
-13992
-15090
-12754
-14717
-13730
-8661
-18733
-21015
-10956
-19520
-18313
-2105
-9941
-20107
-12142
-10427
-12778
-6394
-3757
-5080
-4412
-7317
-4406
721
-3727
-1867
6811
3381
130
7506
2237
-2519
8746
9328
5313
9685
8122
3887
6177
7001
10095
12971
6956
9131
13826
7307
5839
13068
12162
8280
14337
14206
6284
6950
10177
8022
8287
11955
9941
5383
5330
6793
5882
5771
8217
6917
3755
5805
4989
-536
2338
5852
779
1971
5477
-2808
-6591
-366
-3423
-8148
-2758
-4166
-12497
-10660
-7827
-14231
-15815
-12730
-14437
-12083
-9242
-18015
-20836
-13342
-17960
-17624
-4893
-8817
-18008
-14069
-11669
-12700
-7061
-5082
-5783
-2543
-6989
-6903
550
-3330
-3045
6618
3205
242
7184
1174
-2234
9041
8509
4775
10558
8561
4241
5428
5898
10423
12873
8378
9371
12566
8009
5440
12184
13159
7480
12859
15141
5371
6984
11317
6127
9324
13856
8704
6184
6628
5506
4846
5266
7648
7131
3540
4159
3451
-514
2547
5624
724
379
3246
-2846
-7375
-2892
-2873
-7729
-5692
-4535
-12185
-13805
-8857
-13357
-17718
-13019
-12664
-13805
-12025
-17487
-20268
-15250
-17500
-16394
-6149
-10560
-19359
-12660
-10283
-14128
-7759
-3035
-4648
-3217
-4936
-5317
-148
-1546
-1060
6949
5592
1220
6225
3849
-123
8772
10653
6307
9503
10020
5486
5951
8109
9392
14418
10162
7340
17703
8336
1530
17823
13575
6272
16809
13447
5270
10209
9092
6814
12482
10561
7968
8147
6786
5281
3052
6431
8164
4676
4350
5129
1434
-2036
1414
3177
215
936
1560
-3878
-8066
-4459
-2015
-6606
-8369
-6151
-9606
-14621
-11227
-10683
-17901
-16112
-12119
-13156
-12919
-18938
-20586
-14695
-18490
-16706
-5423
-9534
-18596
-13560
-10562
-12588
-6218
-3087
-4862
-2492
-4533
-5581
-632
-933
-462
6374
5653
2152
6014
2160
-816
9376
10774
6512
8920
7748
6301
6360
5548
11704
14089
7165
9601
14811
7567
5146
12703
11882
9401
15355
12271
5476
10060
8269
5033
12543
13325
7351
6969
7397
4274
4026
6355
9190
7924
3985
5424
2991
-112
2957
4051
2726
1692
2588
59
-7649
-4437
243
-9467
-6091
46
-12224
-14008
-9928
-14100
-15764
-14747
-12824
-9367
-13904
-22838
-17947
-14957
-20881
-13364
-4504
-12739
-18100
-11642
-12910
-13909
-5286
-4479
-4732
-1297
-5996
-6506
-1108
-1950
508
7495
5723
2554
5009
826
-47
9550
10210
8514
10225
7040
6463
5553
5458
12995
13830
8514
12203
13243
4759
6230
13802
11088
10308
15788
11597
4890
7401
8199
6656
10552
12505
8253
4755
4696
4862
3355
4499
9290
7509
2015
3778
2926
-2507
1636
5798
669
41
1658
-3954
-7847
-5179
-3807
-5753
-6206
-6077
-9943
-14820
-12301
-12001
-18362
-14679
-10062
-12837
-13696
-18104
-19708
-15825
-16724
-11959
-4713
-11054
-16962
-12307
-11804
-11666
-4133
-2101
-3074
-2345
-5688
-4905
-146
-817
1661
7967
5553
3865
6352
936
1526
10688
9911
9485
13070
8281
5193
6297
7070
13113
13868
9368
11900
11185
6050
6699
11209
12102
10458
13778
11532
4562
6538
7241
6439
10338
10485
7697
5526
3718
3595
3818
4300
6989
7363
3413
2990
1242
-3637
1112
5549
977
781
1913
-5036
-8713
-3566
-2397
-5429
-6097
-6559
-9032
-14270
-13729
-10782
-15590
-15701
-11518
-12914
-14906
-18570
-19955
-16570
-18164
-13883
-4798
-11735
-18440
-13565
-13762
-12935
-5204
-2448
-3341
-3846
-6383
-5403
-1018
-1253
1241
7990
4935
1765
5403
1257
772
9764
9667
8202
10848
7411
5319
5406
5324
11557
14280
9219
10341
12826
5701
4405
13442
13178
9218
14178
12382
5777
7377
8296
8290
10366
11815
8693
4750
6454
3923
2530
6954
6855
6640
5643
1053
1904
976
-897
6029
2306
-1519
4085
-4607
-8458
-1924
-3963
-5344
-4979
-5331
-8576
-15290
-13910
-11307
-13357
-12302
-13335
-13995
-11999
-19049
-19638
-10979
-16945
-16507
-4499
-9482
-17164
-12587
-11120
-13080
-6917
-1842
-3162
-3722
-5298
-4700
-1568
-1431
2558
8126
4463
2299
5565
2493
1781
8242
9356
8526
10104
7667
6293
6595
4896
10312
15166
9627
10095
13226
5026
3691
12747
12217
9240
13403
11414
4815
6284
8711
7118
9453
11578
7997
5132
4553
4502
4119
3948
7329
7330
2702
4201
3787
-3397
-149
5794
1266
1794
3843
-3723
-7471
-4238
-4331
-4311
-2617
-6280
-9799
-12616
-14931
-11709
-11977
-13788
-12363
-13583
-13418
-15337
-19636
-15045
-13420
-17682
-10081
-4144
-14441
-18098
-8959
-10386
-12452
-320
-31
-7280
-2151
-3984
-5757
2354
1323
3233
8151
2712
3914
4824
545
7881
10241
6892
11770
9522
5523
6814
4973
8832
15177
10926
8253
14003
8747
1733
11883
15009
7708
12584
14605
5458
5619
9399
6431
7732
11665
9544
5049
3913
5610
4480
2983
7816
8345
1791
3120
4304
-2206
-96
5422
2212
1253
1771
-3779
-6446
-3381
-1961
-4364
-6330
-5307
-7408
-11671
-10655
-12036
-16239
-12784
-11578
-13597
-9235
-14933
-24878
-16482
-12536
-18875
-8672
-2680
-16496
-18251
-9864
-11470
-9861
-2548
-3192
-5013
-4129
-5177
-3593
-2328
-1168
3519
5261
3132
3381
2729
-238
4928
9220
8332
9687
7033
5692
6528
4327
7327
13087
10270
7772
13124
9758
1167
9336
15951
6149
11451
17925
4646
4790
10280
5564
7880
11548
9714
8135
4525
3061
5971
4786
6519
9577
4601
3112
4886
655
-377
5397
5229
858
1728
165
-5149
-4301
-1885
-3712
-4570
-4977
-7668
-10607
-12296
-12525
-12438
-12911
-13640
-12063
-10648
-17238
-20926
-13578
-15038
-19821
-8578
-4617
-16093
-16503
-10674
-12341
-10789
-4790
-2407
-2570
-4495
-6178
-3282
-662
-370
4052
6952
3496
3178
3562
736
5323
11249
7884
7230
11055
7959
3785
5785
9381
11160
10420
10555
12468
8100
2863
8619
12484
8250
11867
14642
5598
4447
9372
5281
6221
12644
9325
4498
5134
4487
2300
3801
8126
7609
4730
5292
2393
-472
2173
3290
3312
3158
1529
-785
-3326
-4283
-4893
-4249
-1954
-5856
-7273
-6178
-16346
-13386
-8856
-18122
-10688
-7968
-15476
-14608
-18844
-18490
-13362
-17378
-11738
-3662
-15235
-17937
-10676
-13504
-10951
-4624
-2299
-1939
-5440
-6575
-2783
-1208
-325
5065
7423
3174
2445
4024
1513
4259
10342
8738
7688
10381
8180
4410
4962
9006
13339
12131
9601
12138
9382
3221
8699
14412
10599
11154
13553
8342
5329
7678
8109
8220
10535
10405
6831
5172
5096
3659
4056
7752
9379
7316
4550
1964
1009
2544
4857
4483
3747
3189
-570
-4669
-4329
-1189
-4066
-5490
-3965
-7620
-11108
-12278
-11329
-13969
-15016
-13620
-13300
-9809
-15815
-21429
-15951
-16147
-17846
-9837
-5681
-13416
-17335
-13282
-11757
-10146
-4179
-2425
-3954
-3318
-5074
-4488
-941
272
3989
5373
4193
4241
2231
2623
3153
6347
11979
7997
5648
11008
3196
-1386
13105
11973
7114
13218
8598
6218
6187
5430
11886
11180
8602
12838
8649
3820
6768
6386
7471
10184
9865
7596
5219
4810
3174
4151
9325
10182
5119
5019
5484
-388
1559
7259
5237
2589
3648
1010
-5405
-4300
-1030
-3644
-4233
-4025
-7248
-9333
-12238
-14081
-11866
-12917
-15192
-12886
-10202
-14302
-21787
-18535
-12727
-17400
-14546
-5109
-11011
-19068
-14249
-9854
-11006
-8053
-1989
-3062
-6833
-4849
-3539
-3749
-235
3740
5235
4539
4241
3722
1076
3388
8584
9108
9861
9288
6244
5970
4898
6091
12023
12421
9923
11687
10310
5658
6625
11112
10895
11514
14908
9116
4387
8212
8066
7301
10943
11603
7868
5547
5042
4734
3586
6312
11125
5019
3069
7098
-1443
-1311
6277
2725
2578
3447
-280
-2650
-5243
-5398
-2781
-2686
-5565
-7896
-10269
-12534
-12957
-13061
-13630
-14376
-14993
-13117
-11763
-18131
-20875
-15513
-17357
-16774
-6624
-7998
-18189
-17142
-10963
-11630
-10240
-1624
-209
-6249
-6601
-4753
-3099
335
2151
5279
6641
3258
2917
2877
3099
8097
9513
8948
10792
8736
5817
4670
6268
12580
12686
8695
11927
11326
4556
6024
11389
10524
10099
13241
10920
6539
7517
6714
6466
11098
10774
8086
7622
5192
4710
4790
5042
9543
8785
4848
6399
3852
-353
3971
7236
3656
3053
5211
-404
-5784
-1165
-338
-4658
-2718
-2860
-8575
-10976
-11673
-13982
-13931
-11578
-14167
-14516
-10088
-17706
-23505
-14846
-15709
-19732
-9243
-7052
-17221
-18129
-12241
-13658
-12656
-697
-4626
-9337
-567
-8305
-8241
2427
-1123
2073
7191
1106
2326
3805
-410
6516
9348
7105
10047
7242
5973
5024
4019
11573
13151
8396
10965
11877
6681
5592
10777
12288
8793
12899
13421
6399
7994
7802
5472
10643
12377
9319
7279
5710
4358
4166
6679
9240
7672
5419
5405
2333
266
4043
4892
3407
3716
2513
-1353
-5500
-3152
-509
-3343
-3426
-5365
-10233
-10473
-9096
-11535
-14427
-13947
-15336
-13359
-8185
-14346
-22866
-17680
-14818
-19776
-9845
-3312
-16446
-19040
-12068
-12527
-9256
-2917
-4189
-5535
-4213
-5802
-3835
917
-769
971
7605
4513
2140
4628
1308
3689
10324
9259
8848
9245
6487
4486
4760
10095
12773
8888
9248
12017
8722
3940
8953
12423
6760
13342
14414
2989
9698
7988
943
13587
11065
4837
11156
5524
2378
7127
3954
6570
10423
4486
5884
5102
-1124
2085
4148
3968
4443
2746
105
-4575
-4153
-2340
-4728
-4148
-4994
-8316
-10296
-12972
-14034
-13604
-14494
-15455
-13849
-11087
-14430
-21297
-18386
-14536
-19403
-14730
-5004
-12576
-18916
-11234
-12432
-13137
-3764
-3906
-5603
-2208
-4614
-5493
-241
411
1496
7340
4792
1904
5575
2735
2932
10435
8809
7179
10492
8265
6470
5525
7367
12802
11141
9570
12992
9926
4497
8370
12025
9682
11603
12694
8373
6265
6089
6845
8191
8923
9554
7927
4539
4140
5357
3403
5396
9437
5211
4455
6014
362
759
4904
3996
3521
2725
270
-2300
-4305
-3341
-2645
-5080
-4751
-6057
-10044
-9186
-11930
-13112
-11384
-18108
-13460
-5252
-15492
-18545
-14785
-17650
-15488
-13490
-8327
-6167
-18335
-16173
-6708
-11478
-8566
-2673
-4363
-3322
-5741
-5892
-171
-1723
-404
6742
4999
2198
4144
2067
2068
7870
9394
7902
8485
8394
6437
4133
6216
11117
10697
8702
10282
9630
5605
5248
9139
9608
9176
12730
10040
4851
6593
6055
5209
9914
10938
7040
5746
4948
3784
4071
4863
8011
6875
3610
5277
3010
-359
2652
5311
3619
1636
2172
300
-5161
-4011
-1089
-4164
-4239
-5037
-9684
-10897
-10396
-11771
-12488
-11604
-15345
-15603
-8743
-13895
-21979
-14692
-13653
-21158
-11122
-3314
-15418
-17602
-9335
-11882
-11676
-3238
-2419
-4522
-4067
-5269
-2966
127
172
4257
6202
3298
4676
3432
2659
7845
7872
8479
11085
8216
7136
7326
6296
10113
11286
10051
12240
8476
7496
9300
6888
10944
11808
9735
12198
8536
5411
7150
6136
7477
10487
7930
5619
5323
2650
2828
4549
5269
6839
4247
2875
4048
287
-535
3800
3337
296
2365
1784
-5704
-6153
-1458
-4444
-5609
-3188
-8562
-12147
-9784
-11761
-14513
-12697
-13313
-16761
-12326
-9100
-19152
-20191
-10786
-17356
-17878
-3111
-8635
-19347
-12360
-9195
-11792
-5894
-2283
-4563
-3278
-4566
-5096
-598
662
1217
4994
5419
2345
4344
4216
2492
8543
9327
6316
9345
9140
5660
4940
6725
9164
10294
9691
9610
10339
6083
4305
10084
10015
8348
12113
9632
4783
6361
6174
6026
9423
9613
7629
5741
4421
4831
4750
5242
7846
7041
4351
5293
4084
-808
1795
7993
2737
845
5654
-1709
-5590
-129
-1664
-4775
-3393
-4959
-9737
-9650
-10043
-12506
-10808
-13363
-17639
-12850
-7078
-14933
-23269
-12686
-12366
-22206
-7877
-3462
-18719
-15597
-8635
-12196
-10449
-3855
-3477
-5045
-4133
-5055
-3305
-682
642
3560
4155
3565
4207
3433
2547
6507
9688
7824
8817
10243
6796
5663
7611
8538
11103
11484
8817
9926
9355
5519
8134
11690
9157
9978
12182
7070
3986
6231
5670
6509
9880
8018
4657
3241
3239
4884
3675
4390
7839
4480
2261
4985
-152
-1978
5748
4837
728
1219
445
-3710
-4481
-706
-3791
-5022
-4118
-8838
-9595
-9664
-11948
-12892
-14221
-14887
-14335
-10357
-9953
-21339
-19888
-11014
-19955
-14515
-73
-11065
-19800
-11854
-9306
-10594
-5509
255
-1102
-7422
-3675
1717
-4057
1335
6982
984
6243
7670
2311
4043
4962
8350
8872
8325
11139
7412
5509
6637
7198
11602
11330
8553
10935
9849
5056
6018
10942
10386
8234
11976
9949
3753
6097
6182
6015
9310
7905
8130
5100
1897
4408
4400
5044
7134
5718
3129
4620
1541
-1532
3096
4064
2520
1856
1319
-3432
-5634
-1716
-3902
-4277
-3304
-9247
-9942
-7470
-12535
-14515
-12166
-13847
-15622
-9992
-8351
-21975
-19678
-10019
-19748
-15862
-1572
-9931
-19601
-10990
-9954
-11756
-5133
-4072
-3729
-3827
-4045
-3213
-1849
-318
1684
5367
4020
4878
5180
335
3452
9732
8488
7270
9849
7997
5313
5486
5805
10331
11282
7218
10798
11628
4332
4434
9936
9590
9843
12395
10126
3908
4885
9578
3359
10016
13619
1946
7903
6124
500
6356
5715
5325
7658
5542
2356
3627
466
1660
6304
1902
2202
3029
-2670
-4538
-2080
-2762
-4351
-3920
-5733
-9528
-10857
-10309
-12907
-13099
-11726
-16382
-13387
-7028
-17800
-21998
-11046
-16058
-19737
-5057
-5777
-17538
-13348
-9121
-12282
-7762
-1851
-3033
-4743
-4583
-3380
-2121
-1195
2807
5334
2823
4167
6774
2711
2387
8590
9004
7311
10173
9620
6669
6565
5916
8624
12854
9522
8233
11268
6611
4022
9944
10361
7597
10737
11054
5532
4377
7105
6422
6306
9379
7913
3702
3764
4395
2598
3008
6154
6112
3668
3358
2508
-992
311
4296
2369
976
1656
-1072
-5299
-4282
-1289
-4581
-3973
-3420
-10946
-10315
-8792
-13087
-13066
-10798
-14238
-17910
-6811
-11795
-24355
-11835
-12555
-21778
-10069
-1401
-14860
-17223
-7240
-11825
-10016
-2492
-1218
-4412
-5025
-2175
-2549
-234
2051
5468
5149
2657
6580
4999
1325
7103
9936
6034
9460
10855
5035
5589
7100
6653
10937
10869
6936
10171
9361
3554
7977
11807
7344
8930
12364
7469
4358
6422
6703
6609
8286
8757
5944
3473
4282
3903
3592
6686
6737
4289
4426
3458
1039
1399
4099
4028
1896
3798
2276
-4219
-2329
-300
-5108
-3230
-1029
-7653
-10214
-7443
-10949
-14729
-10494
-12289
-17737
-8847
-8281
-22313
-16617
-9924
-21325
-14857
-1661
-12191
-18676
-10698
-10642
-12676
-6145
-2175
-4307
-4879
-5006
-4303
-1637
-1015
1970
4848
2313
4349
4606
-462
4921
8200
5984
8885
8115
7815
6130
2970
9038
10634
7131
12109
9901
5397
9545
4094
7578
14471
5819
11171
13308
2451
5744
7929
5363
9651
9865
7003
5459
4259
5318
3698
4889
8343
5286
4531
4766
932
1145
3695
4348
3845
1850
1243
-1818
-4745
-1171
-2665
-5730
-3267
-5937
-9523
-8704
-11505
-15071
-12377
-12742
-15428
-8608
-10031
-21824
-17741
-12614
-19536
-13425
-2618
-11686
-18050
-11524
-11518
-10799
-5984
-3591
-2496
-3901
-4613
-3203
-2066
-2307
2240
7403
3271
3419
6906
635
1925
10857
7673
6413
11198
7562
4697
5596
6030
10455
11542
8439
10891
10323
3861
6133
11477
8653
9169
13293
8712
4487
6946
6315
5747
9946
9568
5678
5983
5125
2138
3697
6387
6591
5662
4690
4655
13
-1163
5445
2864
1250
5812
-648
-4868
-1123
-4447
-3952
-1260
-6238
-5170
-8015
-12558
-8552
-14311
-15854
-9647
-14799
-13075
-8629
-20523
-20695
-11701
-19485
-15106
-1947
-12143
-18317
-11054
-12158
-10374
-4705
-4166
-1902
-3212
-6175
-2082
-318
-1845
2708
7460
4422
3081
5468
1682
2634
10499
8483
7070
11598
7876
4688
6648
7039
10859
11895
7934
10711
11085
4642
6721
10984
8521
10211
12681
8519
6233
6400
5467
6870
9394
9167
6019
4254
4702
2923
2497
6050
6999
5423
4941
4064
1217
-475
3450
5038
1847
3365
2637
-4724
-5321
-842
-3790
-5540
-1652
-5119
-10944
-9443
-8744
-13768
-14033
-10785
-13898
-11009
-9549
-21233
-18441
-11296
-19623
-13611
-1953
-12289
-17906
-10014
-12494
-11910
-3204
-5272
-3684
-870
-9416
-3370
3190
-7529
1947
11138
-2410
4993
10529
-5147
3216
12936
3647
8276
11903
4935
6299
5381
4543
12369
11446
6226
11285
11256
2970
6029
12594
8331
8094
13792
9534
3677
6661
7328
4940
9058
11611
6214
4587
6821
3294
1850
6971
7915
4888
5227
5004
576
-844
4341
5721
940
2664
3061
-5259
-5119
53
-4033
-6963
-2925
-5427
-11081
-9898
-10136
-15022
-16054
-12292
-12170
-10802
-12445
-20912
-17339
-15213
-20134
-9959
-4410
-14375
-14365
-10849
-14614
-10169
-3703
-4175
-1372
-952
-6574
-3665
791
-2540
3005
9951
3686
3236
6846
1463
3704
11052
9461
9125
10423
8083
7180
5796
7307
13318
11219
8059
13476
11392
3287
7154
11871
7719
9319
13420
8320
3286
6382
6292
4144
9595
9999
4764
4647
5753
1976
1679
6502
7064
5905
2467
3270
1717
-4013
3749
5738
-53
3019
809
-6911
-4898
-889
-4095
-5274
-3938
-6279
-10655
-12251
-11362
-12938
-14965
-14271
-12246
-10848
-15421
-20705
-16157
-16289
-20160
-8729
-5055
-16141
-14303
-11472
-14803
-7930
-4167
-5581
-340
-1974
-7313
-2224
-66
-2095
4948
8735
3662
4732
5442
444
4476
10774
9371
10216
10614
7231
6822
5699
6994
13477
11799
8289
13359
10582
2234
7057
12465
8592
10465
14140
7898
3756
6633
6572
6210
10003
10726
5801
3365
5569
4208
1563
7230
9859
3334
3740
5949
-968
-1340
6346
4009
384
3302
765
-4719
-4524
-1260
-3466
-5473
-4053
-5280
-10116
-13552
-9966
-13035
-16889
-11861
-9821
-11786
-17789
-18289
-15517
-19608
-16442
-7115
-8442
-14535
-13483
-13242
-14780
-9031
-3971
-4145
-2984
-2969
-5523
-4075
-704
-632
3834
8270
4136
4301
4776
161
5393
10496
7957
10911
10346
5594
6692
4386
6664
14835
10811
8322
13463
8136
3041
8940
11595
9274
11049
13327
8319
4617
6668
5830
6469
9950
9723
5842
3778
4761
2886
1690
6530
8824
3456
3750
5308
-1393
60
5627
3150
2578
5185
-128
-7166
-4363
-2385
-5142
-4309
-3658
-7149
-11948
-14072
-12071
-13456
-16136
-13128
-10911
-11516
-18074
-21341
-14005
-17352
-19534
-6216
-7005
-17959
-14259
-11457
-15013
-9123
-3301
-3726
-2285
-3367
-5098
-1995
-1460
202
6953
7257
5373
6862
3364
1087
7131
10433
9875
12561
9789
5920
8705
6066
7212
16958
10671
7430
17853
6722
2852
13797
8197
10777
14892
9236
9533
6524
3645
8715
8829
7635
11205
6367
2557
4909
2729
2494
6412
7788
4106
3356
3988
-1719
-1502
4351
2049
1250
4240
-2372
-7996
-4910
-4167
-5210
-3688
-5582
-9867
-11835
-13857
-13577
-13994
-15922
-14555
-11251
-11383
-20239
-20701
-14095
-20643
-18224
-3413
-8189
-17481
-12166
-13535
-14891
-5982
-2840
-1885
-1255
-5136
-4802
-1595
-1364
1218
6588
6608
4437
6086
3700
665
6873
10048
8970
12825
10726
5250
6242
5598
8127
15024
11469
8753
13768
7916
2214
10294
11834
8527
13793
12589
5284
5842
6209
5159
9107
10676
8129
5875
3881
3713
3762
3438
7205
8714
4400
4438
3990
-2135
1215
7098
2104
2805
4988
-2914
-5280
-2852
-2960
-3233
-4914
-4665
-6920
-12969
-10749
-10683
-16853
-13457
-12506
-13249
-8298
-17912
-22191
-12334
-18143
-17429
-3411
-7922
-17728
-14086
-11835
-13623
-7805
-2376
-1865
-3046
-5178
-3727
-1896
-2233
663
6790
5576
3874
6877
1620
634
8965
9031
8752
14186
9541
4628
7696
4462
7744
16279
10381
8924
13989
6306
3018
10050
9902
8881
12633
11179
5967
5048
5594
5166
8367
10652
7817
5595
4042
3269
3800
3614
6567
7623
3848
4530
3069
-2946
1241
6045
2058
2956
3464
-3924
-6852
-2883
-2844
-5771
-3961
-4479
-9629
-12001
-12768
-13876
-14149
-12933
-13571
-12289
-9719
-18687
-21212
-12647
-17516
-16892
-3043
-7168
-18003
-12941
-11212
-13265
-6074
-2517
-1399
-610
-4768
-4281
-1341
-300
2404
6836
8325
5549
6068
4340
1852
8000
11569
8768
10499
12322
5814
5411
8107
7449
13676
12738
9231
13388
7463
2215
10420
11401
7816
12982
11291
4410
5203
5546
5026
8169
9524
8456
5508
2525
3811
2965
2136
7908
7872
2585
3767
1735
-3991
552
5663
1758
1805
3969
-3319
-7911
-3343
-3213
-6031
-3984
-4007
-9590
-12960
-11475
-13008
-15728
-12848
-13007
-13569
-9698
-16617
-21985
-14264
-17248
-18134
-3499
-6260
-17786
-12663
-11528
-15036
-7718
-2551
-2273
-1531
-5522
-5839
-1150
-2532
597
8637
5321
3409
8011
2282
-112
8846
9077
7607
13151
10432
4969
5567
4833
8554
14514
10707
9712
13378
6377
2711
10377
10424
7979
12838
11253
5014
4927
4970
4220
7448
9236
7416
5827
3147
1695
3023
1771
4665
9703
3618
1753
5031
-3076
-945
8643
1784
1271
6532
-3202
-6186
-172
-3637
-5700
-1035
-1579
-8472
-11389
-9019
-11819
-14233
-9999
-13024
-15632
-7669
-13030
-23638
-14526
-12960
-21191
-8659
-2493
-16439
-15193
-8548
-13679
-9733
-1899
-3359
-2627
-2091
-4995
-1968
374
-120
4962
6612
4629
7812
4915
500
7737
10483
7799
12187
11242
5998
6949
6097
7757
13758
10762
8164
12298
7794
2264
8169
10333
6525
10147
11984
5408
3419
5072
4044
6264
9046
6882
4812
3803
1902
848
1522
4976
7357
4048
1836
1755
-2406
-1695
5643
4299
-121
3211
606
-7685
-5148
-806
-4202
-3805
-2147
-8026
-11263
-9565
-12400
-13895
-8893
-10572
-15668
-8872
-9168
-22291
-17497
-7811
-16737
-13875
-1859
-11392
-17016
-9123
-10171
-10577
-3171
-1670
-2866
-728
-4417
-4057
1630
609
4359
8746
5046
5702
6833
1717
4824
11755
9283
9666
12529
8430
5542
5905
7530
11486
11137
9044
11631
9097
2437
5451
10671
7844
7865
12192
7927
1817
4485
5914
3986
7014
10000
6015
1791
3018
2557
856
4406
8230
5249
1761
3347
1145
-1504
2114
4846
2985
558
969
-2036
-5719
-2670
-3126
-5617
-2529
-6200
-10565
-7553
-11600
-15137
-11498
-11827
-14993
-10661
-7739
-18956
-19745
-9897
-16321
-17606
-2838
-6401
-17978
-11840
-10321
-12277
-5828
-2917
-2577
-2039
-3674
-5007
-2314
112
1889
6048
6049
4853
5188
949
1910
10067
8911
6620
11393
9414
4865
4952
5761
9909
12207
9147
10704
11694
4474
3055
9640
8959
7424
13645
10876
2070
5122
7019
3187
7722
11053
6827
5099
4719
2645
1947
5001
7855
5254
4535
6086
1132
-1980
2131
4436
3078
2259
2354
-1361
-5584
-3440
-3006
-4726
-2673
-4885
-8533
-8361
-11645
-14376
-11661
-10370
-13572
-13074
-7979
-14850
-22634
-12730
-12349
-19209
-5734
-2468
-17043
-14543
-8295
-12125
-8033
-1578
-2157
-2587
-3546
-4906
-2220
-518
648
6286
7141
3764
5601
3101
520
9262
11091
6847
11777
10466
3861
6367
7223
7259
11964
10591
8601
10738
6073
2308
7840
9586
7637
11218
10695
4277
3773
4537
3118
7177
10034
5978
3529
3005
1449
1789
3312
5323
6355
3720
1886
1790
-631
501
5018
3068
631
3240
34
-5723
-2294
-1041
-4816
-2941
-3217
-7362
-8254
-9132
-11786
-11864
-11073
-12841
-12781
-7922
-9405
-21511
-17176
-8156
-18936
-12523
1282
-11760
-17866
-8764
-9715
-9934
-3543
-2175
-2702
-3445
-5022
-2802
-170
-22
3509
6946
4811
5154
4620
554
5817
10592
6596
9289
11042
4481
4692
6623
5713
10407
11340
7762
9921
8670
3503
6576
10259
8174
9503
11700
7587
3870
4279
4679
5797
8347
8609
5761
3241
2776
2356
2854
6010
6976
5207
5092
3163
-611
144
3469
4419
2976
2222
1556
-3109
-4764
-883
-3157
-5824
-1914
-4342
-9829
-8429
-9910
-14097
-11287
-10815
-15304
-9754
-6925
-19900
-19453
-8799
-17490
-17841
-1083
-6324
-18586
-11694
-8632
-12187
-6536
-1928
-3278
-3216
-3923
-4547
-2118
183
2222
4562
5494
3805
2909
4331
1914
4607
12640
6751
5188
13605
5140
1205
9335
7520
10593
12192
6003
10439
6952
312
10146
10375
5671
12274
9741
3219
4841
4121
4577
8639
8328
6751
5205
2033
1892
2774
3494
6828
5903
2745
3943
1977
-1372
2043
5133
2201
1608
4052
-858
-6101
-1460
-2261
-7068
-1292
-2326
-9152
-8473
-10713
-14080
-11687
-9855
-13784
-10711
-5502
-17832
-21489
-9022
-15775
-19804
-927
-4490
-19149
-10872
-10117
-14925
-5768
-1545
-2105
-1185
-5245
-4776
-326
-1482
1701
7701
4807
3575
6791
2493
1485
8913
8631
7154
11726
9302
4981
5753
4695
7748
12740
9395
9383
11710
3973
2074
9808
8468
6763
13126
10175
2838
4908
4301
2315
8301
9136
5466
5248
1972
1417
2657
2707
7111
5140
2688
5546
214
-1308
3876
833
2567
5216
-1202
-688
-4069
-6967
-736
-5833
-5535
-300
-9305
-11151
-8217
-14771
-14212
-10129
-14119
-11740
-7723
-17569
-21494
-12114
-15693
-18391
-2374
-3660
-18062
-12626
-9212
-13829
-6497
-1366
-2650
-1184
-4048
-4596
291
-1294
42
8233
6775
3202
7063
3395
-418
8398
10834
7761
12443
10340
5027
7242
5398
7484
14532
9646
8705
14153
5653
1540
10088
9221
7590
13710
10645
4104
5234
3312
1917
8574
9812
5894
6068
3448
429
2470
3170
5338
7454
4515
4186
2514
-2468
577
4747
2402
3628
4747
-1957
-6408
-3450
-2447
-5593
-1972
-1719
-10508
-10595
-9807
-15648
-14590
-9877
-13078
-11591
-6863
-17568
-21666
-12421
-15893
-17527
-3405
-4040
-17834
-13835
-9188
-15241
-8335
1736
-2342
-4175
-1069
-6377
-5154
1976
-860
5831
10051
572
5504
5486
-2006
7715
11135
7583
11643
8517
4772
5342
2646
8598
14341
8845
9694
11726
4356
2971
8834
8518
8199
13448
9178
2916
6333
3364
1769
10418
10775
5925
6459
3946
801
3128
4318
6645
8854
4654
2887
2142
-2768
164
5696
2361
3007
5401
-3283
-8409
-3438
-3239
-5836
-2943
-2338
-8563
-13131
-12287
-12983
-15256
-13241
-10285
-8675
-10533
-18463
-19480
-14725
-18180
-13045
-243
-8038
-17292
-10810
-12745
-13663
-2290
-1258
-2046
1894
-5847
-6784
1517
-2194
1457
12387
7062
3717
6733
771
1265
9072
9541
10935
12493
7934
6401
5144
4145
11732
13932
8444
11328
11482
1798
3026
10732
7847
7416
13933
9298
1522
5487
3991
2298
10099
8631
5288
6074
2419
725
2800
3874
6171
7332
4909
4635
400
-3884
1742
5544
2824
2937
3053
-5117
-8612
-3826
-4170
-5090
-4050
-5721
-9529
-13238
-13922
-15166
-15632
-12749
-9307
-8350
-16430
-20442
-14269
-18376
-19842
-4491
-3130
-14930
-11607
-9408
-15987
-9416
-407
-1648
293
199
-6230
-3331
469
-1592
5757
11382
5907
5262
4500
425
5314
9973
9975
12331
10764
7472
6390
3229
5971
12901
11390
10381
13633
7465
713
6292
9395
6782
11297
12626
4652
3164
5877
3532
5010
10190
8680
4280
3851
3764
915
227
4874
7650
5306
5208
4026
-2536
-1620
4872
3407
2447
5527
530
-6225
-4887
-3465
-4788
-3405
-2089
-5137
-9109
-13872
-15988
-12915
-15201
-13889
-3646
-9388
-23017
-15844
-12847
-23835
-12552
-63
-10846
-14543
-8637
-13166
-16219
-6090
-1120
-1824
875
-2820
-5057
-1221
-3051
395
9870
7213
5062
8198
1610
193
8111
8166
9742
14273
8714
5881
7258
3297
7462
13854
10042
11551
13300
4011
2468
8526
7363
8918
14309
9863
3979
4971
2695
2013
9020
9533
5464
6385
4187
220
836
2859
5820
6308
4883
5718
1141
-4449
25
3018
684
4113
4942
-4080
-8334
-5465
-6580
-6371
-1672
-3882
-9761
-11350
-14982
-17362
-13454
-12123
-9582
-5872
-15966
-22773
-13976
-17084
-21036
-3803
-1279
-15889
-11447
-7734
-16502
-10133
-969
-1484
2880
701
-5816
-952
-2011
-3490
8614
10103
4845
9574
5723
-2058
5165
10321
7242
13461
15632
4483
5486
8187
1394
12193
17825
6244
13297
13044
-1179
7268
9974
4586
16455
14189
3027
7740
5210
-1373
6385
12369
7572
4125
4920
1581
-2126
1963
5580
4241
5276
6068
482
-4720
-2246
1291
416
1941
4596
-1648
-9858
-8722
-6358
-7416
-4156
-1894
-6964
-11372
-14516
-18627
-17112
-11836
-7945
-6848
-13100
-18610
-16816
-19774
-19171
-5242
-2706
-12080
-10689
-9687
-15201
-11168
-3376
-1308
1143
1070
-3517
-3147
-1161
-2141
3551
9904
6980
5876
5771
178
1389
8062
9546
11183
13149
10053
4948
2321
6367
11949
10626
11470
14862
7783
2592
7924
7474
6397
13680
13823
7251
6238
5401
1824
4225
11700
11355
4854
4824
4017
-1920
1007
7955
6385
4362
6326
3180
-3252
-1836
2187
973
3118
5686
-593
-7249
-8924
-7554
-5730
-5488
-2558
-3639
-11723
-14295
-16912
-20534
-12137
-4735
-9601
-14906
-15533
-17763
-22516
-16033
-2572
-6344
-13624
-8236
-11523
-17148
-8171
-3484
-3604
1891
-124
-3563
-289
-3747
-3793
6183
7418
6629
10218
4397
398
5302
5748
8682
14458
11624
9442
7484
2286
7357
12888
10110
13820
15306
6716
4952
8265
7552
9477
13539
12044
7543
6011
4414
1880
5101
9827
8289
6046
5769
2242
-1446
1308
5757
4898
3710
4879
1142
-4249
-2485
593
-25
1875
3470
-2806
-9012
-8761
-8995
-7876
-2542
-3883
-10111
-11169
-14282
-20331
-16262
-6196
-6752
-14534
-13803
-12330
-21177
-20522
-6767
-5755
-12163
-8436
-6943
-13256
-12292
-5497
-3568
-1199
1997
54
-1319
-1124
-2475
469
7169
8209
6534
7360
3528
1673
5154
7834
11386
9730
11063
10914
1138
5110
12442
7932
10896
17102
9682
4400
8162
5890
6762
14210
13110
8307
7702
4964
1782
4602
8840
8863
6202
5165
3684
-524
-448
4416
5356
4171
5215
2275
-3323
-2445
602
-821
646
4464
-1394
-8825
-6141
-5650
-9622
-5936
-2559
-7626
-11728
-12899
-16428
-18232
-12128
-5642
-10642
-16782
-13068
-16333
-23846
-12501
-2194
-10504
-11943
-6989
-12173
-14144
-8565
-4227
-1150
-1603
-2348
-165
-2283
-4714
-67
4639
6087
7493
6851
4266
2596
2516
6431
10906
10723
11948
11577
3089
2811
11614
9692
8620
17340
13443
3894
8323
9056
4460
12518
16402
8499
7892
8181
1960
2774
9565
10261
6612
6516
4503
-825
1575
3765
2171
6342
4917
655
1941
-3128
-3184
2061
-2105
1958
4883
-8706
-9346
-3064
-10527
-9072
-568
-6430
-12956
-11217
-15010
-20415
-12826
-4188
-11434
-16622
-9311
-14978
-24810
-11291
-2923
-12433
-8674
-4067
-13305
-12514
-7080
-8300
-1719
3676
-2651
-2912
1334
-3516
-3553
5794
8356
6968
7282
5147
4442
4079
5137
11814
11830
8837
13278
8746
1226
8763
11918
7343
13403
15929
6970
5152
7777
5558
8166
13973
11934
7303
6094
3522
735
4375
9822
8130
4295
4551
2093
-2253
1147
5404
2523
2506
5305
-663
-6179
-1064
843
-3106
722
3620
-5148
-10167
-6358
-6946
-9193
-5715
-4689
-9526
-12376
-13978
-18460
-17150
-7748
-6517
-14601
-13815
-11452
-21423
-19723
-3588
-5690
-12112
-5184
-8369
-14280
-9017
-6215
-3320
364
484
782
-2133
-2042
491
-643
6694
11667
5162
6176
7636
2279
4735
11169
12010
10452
11993
11008
3767
6082
13234
9794
11526
16776
9819
6369
9355
5807
6244
13462
12984
8020
7763
6077
1392
2728
8352
9100
5593
4187
3749
-887
-2677
3987
5472
1228
4340
3326
-5991
-3735
2406
-2492
-1896
4959
-1270
-9637
-6078
-5701
-10310
-6204
-2822
-8087
-10722
-11763
-17355
-18562
-10469
-4880
-10573
-14951
-11841
-17330
-22858
-10171
-3729
-12600
-9487
-5078
-14311
-13378
-5535
-7076
-3235
2219
-2611
-2947
-685
-4410
-1313
5400
5553
6320
6532
3375
3021
3376
5498
10548
10011
9629
12099
5928
2703
9986
10375
9198
15929
13833
5472
7827
9015
4351
10752
16094
9484
8756
7446
1425
5212
6620
6373
10831
4276
1291
4448
-3092
326
7877
523
3115
7190
-4062
-4990
2784
-644
-3295
3216
2458
-7248
-7585
-4157
-8767
-7577
-1798
-6012
-10582
-9374
-13076
-18284
-13213
-5108
-8505
-14844
-11125
-12122
-21670
-15081
-2258
-8479
-11949
-4128
-9730
-15479
-6993
-4881
-5413
1458
313
-3832
151
-792
-4109
2338
7824
6799
6994
6758
3760
1876
4648
10611
10937
8250
11167
8753
2131
7855
12666
8292
12165
15750
8188
6529
9543
5674
6772
14040
11323
5063
7527
6644
-40
3350
10227
6757
3299
5792
2853
-3763
-950
5231
2398
744
5018
209
-6970
-1866
943
-4425
-1427
3576
-4398
-10239
-4801
-5889
-10601
-4584
-2468
-9965
-11180
-10225
-16009
-17197
-7903
-4684
-13648
-13500
-8311
-18611
-20256
-4666
-4900
-11562
-5170
-6099
-13008
-8524
-4207
-5203
-697
2600
-1013
-874
453
-2438
326
6244
7237
7506
6495
4496
4238
3681
7414
11946
9502
9856
10841
4350
5318
11853
8965
9584
15566
10850
6355
9570
7074
4872
11291
13776
9048
6379
6149
3486
1513
6088
9760
5258
2532
3750
-563
-3147
2417
3392
186
3525
3270
-5003
-5046
91
-2764
-3027
3117
-30
-8448
-7856
-5617
-8361
-7155
-3239
-6122
-10882
-10921
-12709
-16359
-11823
-5009
-9559
-14557
-9688
-12663
-20460
-10706
-2640
-10857
-9196
-2947
-10569
-12205
-5218
-5403
-3175
2586
75
-2795
-602
-1686
-2442
3359
7002
5431
5101
4922
3696
2963
4912
9991
9444
7989
12144
7290
2623
9806
9755
8146
13547
12007
9162
8434
6600
8056
8451
11167
13373
6943
6029
6597
636
4452
9778
5050
3482
4637
962
-2198
772
3688
531
1147
4472
-1501
-5667
-983
-981
-3985
-60
2002
-5241
-8926
-5299
-7364
-9594
-3648
-3456
-9924
-10027
-9782
-15384
-14628
-5839
-6565
-14322
-10818
-8735
-18398
-15433
-3501
-7018
-10509
-4183
-6766
-11550
-6507
-4008
-3807
981
1029
-1613
857
468
-1713
2058
5610
6263
6480
5372
5099
3879
3024
8358
10238
6713
9717
9998
3730
6717
10853
7014
9874
14511
9023
6671
9367
6213
5462
11184
11969
7926
6176
5197
2818
2427
5796
6943
3472
2708
3181
-793
-1068
3322
1786
-481
2608
864
-4946
-3367
-50
-3061
-3349
467
-3099
-8852
-6316
-4856
-8678
-6979
-3829
-8185
-11391
-9984
-12621
-14944
-9200
-5838
-11580
-13071
-8788
-13977
-17164
-6197
-4557
-11251
-5777
-4178
-11480
-7612
-1998
-4604
-1535
2103
-1013
112
1789
-727
1268
4533
5504
6509
4930
5189
5685
2850
6736
11447
8118
8587
10796
5739
5819
11580
9386
8043
12905
10963
7071
9466
8495
5938
9618
11246
8197
7061
6483
4241
2922
5756
7990
4319
2773
3709
-197
-1252
3554
3083
-436
1753
1778
-3365
-2629
805
-2070
-3384
-49
-1827
-7117
-6860
-4962
-7920
-8009
-4383
-6992
-10841
-9990
-11586
-14988
-10749
-5049
-9975
-13693
-8757
-11944
-16741
-7760
-4398
-10933
-7736
-4130
-9278
-8675
-3488
-3764
-2951
889
-725
-2458
511
39
-352
3017
4350
5002
3770
2452
5315
3139
3057
10553
6856
4044
9828
5197
3588
10061
7844
6333
10921
8495
5570
9210
8022
5171
8541
9988
6657
6456
6592
3767
4146
5634
5828
5270
3484
2884
1955
107
1657
3338
634
538
1999
-2087
-3561
161
-910
-3295
-498
-579
-5020
-5783
-4660
-5901
-6061
-4012
-4430
-7618
-8877
-8952
-10955
-10120
-4969
-5402
-10659
-9349
-8001
-13402
-10916
-2673
-5592
-8768
-3933
-5670
-9342
-4607
-2102
-2798
235
648
-1677
-647
-81
-383
2260
4100
3717
3557
2876
2768
3182
3375
6450
7944
5155
6020
6531
3069
5739
9028
5996
7256
9278
5115
5229
7891
5321
5407
8681
7119
4680
4967
4314
3236
3629
5268
5248
2673
2135
2013
-522
74
3065
1144
-1079
1439
-302
-4244
-759
821
-3114
-2236
-349
-3945
-5926
-3984
-4523
-6030
-4700
-4214
-6565
-8330
-8091
-9078
-10450
-7031
-3855
-7922
-10263
-7177
-9519
-11808
-4823
-2187
-6912
-5192
-3077
-7145
-5607
-846
-1786
-684
2393
251
-658
1177
581
1761
4503
4410
4380
4122
3124
3755
3730
4927
7925
6274
4581
6874
4661
2796
7193
7386
5513
8356
7331
3476
5772
6357
3682
7001
7813
3902
4259
4291
2690
3009
4071
4753
3111
1563
1992
735
-907
1256
2521
-351
107
1185
-2660
-2851
147
-1365
-2346
-445
-1879
-4754
-4793
-4246
-4720
-5101
-4365
-4325
-6641
-7766
-6953
-8389
-8974
-5709
-5126
-7752
-7940
-7611
-9160
-8351
-4558
-3453
-4897
-4344
-4725
-6506
-3794
-1017
-1170
588
1449
-534
-820
937
1195
1780
4418
5093
2848
2899
4407
2271
3522
7013
5463
5086
5937
4844
3760
4466
6472
5987
5555
7203
5542
3543
5353
5076
4306
6673
6453
3894
3523
3383
2139
2616
4331
3776
1898
1671
1081
-802
105
1915
382
-171
945
-1294
-3141
-1514
-1267
-2066
-1158
-1080
-2903
-4365
-4484
-4236
-4392
-4083
-3326
-4318
-6337
-6339
-6428
-8011
-6804
-4846
-5959
-5822
-5539
-8107
-7819
-5503
-5348
-3671
-2028
-4090
-5236
-3860
-3133
-2253
75
1385
434
-220
303
484
902
2590
4160
3891
3201
3641
2988
2189
4289
5591
4639
5105
5467
4307
3910
4308
4865
5306
5564
5904
5329
4335
4012
4019
4756
5581
5367
4423
3200
2455
2214
2797
3605
2763
2444
1967
-616
-2
1366
-760
12
1303
-850
-1152
-1279
-2392
-1711
-1797
-1983
-1193
-2117
-3776
-4305
-4020
-4266
-4396
-3233
-4124
-5987
-5391
-6114
-7044
-5144
-5253
-6344
-4747
-4957
-7094
-6209
-4852
-5658
-4329
-1950
-3142
-4014
-2887
-3197
-2306
-102
-13
278
632
-225
415
1186
1358
2846
3024
2336
3317
2788
1653
3463
4248
3135
4365
5005
3261
3679
4396
3426
4772
5954
4646
4886
4959
3490
4000
4954
4953
5114
4281
3374
3375
3072
2975
3121
3053
2857
1885
1357
1860
1160
241
1018
1137
78
67
-121
-1286
-1469
-1443
-1691
-1200
-1754
-3199
-3244
-3629
-4823
-3921
-3531
-5289
-5163
-4741
-6727
-6526
-5067
-6585
-6203
-4735
-5768
-6574
-5912
-5042
-5840
-4599
-2534
-3962
-4264
-2369
-3061
-3010
-96
-990
-705
798
-785
658
1310
855
2187
2178
2598
3123
2478
2868
3743
3638
4018
5039
5042
4208
4878
5656
4757
5466
6413
5481
5466
5765
5166
5080
5159
4850
4765
4652
3968
3427
3504
2723
2093
2702
2039
863
863
853
-144
-839
-238
-851
-1908
-1332
-1734
-3080
-3073
-3285
-4036
-3667
-3972
-4842
-4689
-5456
-6201
-5375
-5545
-6001
-5558
-6288
-6722
-5895
-5786
-5519
-4715
-4775
-4939
-4198
-3669
-3661
-2584
-1741
-2368
-1508
-234
-807
-32
1322
815
1107
2094
2075
2339
2860
3098
3356
3465
3732
4116
4055
3992
4446
4545
4268
4630
4962
4519
4499
4846
4218
4142
4824
4383
3802
4199
3743
2872
3426
3022
2623
2639
1908
1885
1210
865
914
478
113
-269
-340
-1032
-1234
-1305
-1875
-1846
-2209
-2718
-2634
-2882
-3508
-3504
-3716
-4297
-4151
-4021
-4428
-4642
-4622
-5040
-5185
-4664
-4657
-4874
-4537
-4414
-4539
-4262
-3761
-3405
-3282
-2718
-1988
-2092
-1803
-849
-697
-484
457
931
1009
1335
1885
2278
2168
2623
3491
3167
2997
3942
3683
3106
4194
4251
3510
4174
4330
3568
3781
4396
3873
3663
4088
3610
3271
3494
3377
3063
2907
2635
2389
2286
1823
1648
1680
810
431
1015
298
-551
-162
-714
-1426
-1089
-1330
-1818
-2032
-2508
-2704
-2832
-3181
-3215
-3240
-3551
-3929
-4071
-4034
-4344
-4420
-3955
-4193
-4461
-3973
-4367
-4573
-3608
-3793
-3699
-2629
-3181
-3088
-2025
-2378
-1751
-721
-853
-176
168
151
980
1169
1565
2414
2544
2839
2979
3070
3545
3447
3826
4513
4047
3991
4380
3862
3832
4453
4109
3743
4185
3745
2996
3468
3304
2530
3041
2991
1939
1957
1790
1017
1194
1152
515
494
119
-685
-647
-842
-1490
-1380
-1378
-2057
-2391
-2474
-2959
-3052
-3012
-3196
-3099
-3457
-3910
-3950
-3886
-3937
-3907
-3416
-3575
-4206
-3911
-3607
-3850
-3159
-2554
-3127
-2714
-2133
-2650
-2054
-1024
-1297
-1063
-36
1
-130
680
1124
1042
1792
2451
2319
2690
3034
2903
3327
3734
3818
4156
4109
3864
3993
3888
3875
4136
3905
3621
3529
2976
2738
3033
2455
1938
2248
1568
723
1181
815
-137
172
-59
-696
-740
-1124
-1478
-1785
-1819
-1648
-2015
-2406
-2541
-2800
-2882
-2489
-2445
-2870
-3125
-3080
-3056
-3022
-2587
-2634
-3081
-2798
-2544
-2695
-2411
-2028
-2116
-2088
-1510
-1167
-1401
-1097
-594
-855
-469
553
418
206
896
859
705
1698
2113
1796
2242
2525
2143
2481
2983
2771
2894
3325
3108
2895
3188
2804
2593
3061
2826
2755
2865
2337
1729
1459
1459
1420
1249
1051
877
-48
-837
-291
-483
-1256
-635
-774
-2366
-2387
-1737
-2388
-2566
-1965
-2269
-3024
-2880
-2464
-2703
-2675
-2048
-2030
-2464
-2279
-1925
-2067
-1944
-1288
-1232
-1467
-965
-762
-1109
-704
-158
-386
-265
347
316
92
407
688
510
656
1336
1268
755
1224
1263
726
1593
1851
1395
1800
1389
1187
1593
1416
1762
2049
1527
1393
1382
1054
1210
1454
1452
1239
918
942
647
579
1041
754
610
687
199
148
179
-150
-21
94
-484
-543
-291
-1073
-1146
-397
-1081
-1491
-710
-1259
-1868
-1231
-1325
-1693
-1462
-1089
-1213
-1765
-1436
-1100
-1431
-1161
-752
-866
-1244
-1096
-474
-749
-910
-170
-301
-796
-205
99
-435
-313
262
108
-117
384
391
-124
343
639
326
753
881
533
746
888
689
898
1260
1071
1021
1148
857
819
1180
1154
1057
1213
793
449
859
897
560
868
877
106
289
543
86
388
454
54
222
42
-274
-58
-111
-297
-79
-87
-456
-472
-560
-800
-423
-373
-694
-524
-653
-1133
-955
-483
-820
-781
-236
-769
-1036
-594
-562
-521
-375
-295
-167
-356
-564
-204
-61
-258
-21
202
-46
-240
-125
5
4
90
301
206
-15
45
42
66
344
348
242
387
280
128
376
470
420
533
473
397
412
228
246
461
374
270
341
200
-96
-68
99
13
116
218
-181
-246
-68
-341
-164
217
-150
-268
-58
-307
-282
-81
-244
-106
-63
-338
-114
-185
-587
-164
-46
-463
-4
118
-583
-314
180
-181
-70
384
132
-92
110
274
325
365
494
548
395
284
393
493
354
296
526
398
187
459
279
85
286
171
166
165
146
58
-188
25
48
-119
103
29
-197
-186
-197
-137
-125
-238
-274
-285
-427
-548
-355
-378
-616
-482
-428
-636
-635
-437
-503
-682
-415
-318
-680
-449
-140
-515
-347
8
-222
-193
-55
-17
7
-77
60
135
-18
81
235
32
45
327
33
27
536
151
-150
437
383
-69
364
686
195
133
535
449
240
401
520
375
192
282
463
242
128
382
268
54
190
219
106
81
151
221
97
80
228
78
0
224
183
91
211
135
24
37
31
147
93
-78
89
-17
-266
72
86
-276
-54
40
-290
-152
83
-166
-263
6
-28
-237
-70
19
-170
-122
3
-58
-110
-159
-183
-157
-272
-243
-132
-378
-411
-195
-451
-579
-155
-383
-815
-254
-252
-827
-409
-128
-634
-592
-161
-334
-550
-312
-201
-365
-327
-138
-132
-206
-242
-54
41
-191
-14
262
-42
-20
364
198
149
417
377
368
454
500
588
545
582
731
692
683
743
693
679
682
675
675
661
611
537
557
551
486
452
397
402
355
239
295
332
156
81
241
157
-57
102
88
-184
-107
-32
-180
-219
-257
-311
-321
-430
-422
-381
-587
-578
-489
-718
-651
-508
-785
-738
-493
-765
-804
-479
-632
-763
-539
-506
-603
-579
-458
-418
-482
-402
-240
-290
-351
-230
-88
-165
-204
92
42
-140
149
244
12
187
424
187
295
506
365
421
472
500
549
508
561
607
527
487
610
615
429
515
645
349
348
631
351
189
486
371
106
269
331
97
84
238
122
-10
108
68
-119
-39
-1
-173
-145
-78
-236
-290
-208
-266
-378
-369
-287
-376
-530
-364
-299
-598
-493
-216
-521
-581
-191
-387
-569
-248
-263
-399
-286
-198
-222
-251
-143
-73
-105
-70
-16
47
35
24
164
154
68
228
277
166
294
351
264
349
381
369
397
357
396
445
369
367
448
376
267
371
394
176
199
313
104
28
181
77
-71
0
14
-132
-162
-77
-168
-296
-199
-164
-367
-308
-183
-414
-393
-224
-352
-415
-295
-296
-394
-355
-279
-287
-345
-289
-192
-291
-286
-118
-187
-260
-67
-57
-193
-31
66
-82
-7
158
82
45
165
197
166
167
227
311
237
177
349
345
171
317
415
222
260
385
273
257
335
271
246
292
244
212
238
210
178
181
157
144
125
56
64
91
-17
-53
25
-64
-169
-78
-82
-199
-169
-128
-201
-232
-206
-213
-264
-282
-234
-262
-324
-251
-252
-358
-282
-219
-334
-290
-183
-257
-280
-171
-142
-199
-173
-61
-77
-149
-33
51
-81
-24
129
3
2
167
108
55
165
181
107
149
207
160
150
201
198
187
184
198
225
174
180
243
182
156
220
175
133
193
175
122
163
154
100
116
106
67
78
43
16
51
-9
-52
19
-24
-94
-32
-40
-112
-104
-87
-109
-149
-134
-101
-154
-171
-117
-152
-201
-149
-154
-210
-182
-154
-189
-202
-151
-153
-203
-165
-133
-175
-174
-127
-117
-146
-116
-41
-88
-94
16
-29
-62
53
29
-19
81
84
37
97
119
117
122
108
162
172
102
159
233
126
102
246
177
75
218
210
74
164
208
90
119
171
97
103
137
97
87
80
67
70
43
42
60
26
18
42
26
-12
4
19
-46
-57
-12
-66
-106
-50
-67
-128
-106
-96
-136
-178
-149
-126
-209
-193
-115
-193
-221
-119
-153
-216
-133
-125
-190
-156
-121
-151
-151
-109
-85
-108
-94
-32
-61
-83
-2
-10
-54
32
50
-4
70
102
51
105
138
89
126
152
109
136
157
116
137
157
118
134
155
111
126
139
100
113
117
83
104
92
60
95
71
30
81
64
6
63
71
-1
40
77
13
18
57
24
1
6
6
-3
-39
-24
7
-56
-53
9
-59
-86
-13
-68
-117
-51
-81
-134
-90
-93
-122
-111
-106
-96
-118
-128
-76
-109
-143
-56
-73
-132
-40
-20
-106
-39
30
-68
-37
74
-21
-23
105
20
4
114
40
35
109
40
56
100
30
58
92
19
41
79
11
11
59
10
-10
36
13
-12
18
11
0
6
-1
10
2
-20
9
5
-36
-3
9
-40
-22
12
-27
-27
6
-9
-21
-8
-6
-7
-17
-16
2
-11
-27
5
4
-27
-2
12
-25
-17
6
-16
-18
5
6
2
3
14
20
-6
4
34
1
-4
50
26
1
61
58
17
63
76
31
52
70
34
41
56
32
36
44
21
24
31
2
0
15
-12
-20
-2
-19
-37
-25
-33
-54
-55
-45
-55
-70
-53
-41
-70
-57
-27
-63
-65
-20
-46
-62
-18
-26
-42
-15
-8
-15
-12
-4
10
-4
-11
23
9
-19
20
25
-24
5
36
-16
-9
37
-1
-17
22
7
-20
1
9
-11
-11
11
6
-9
11
21
0
8
23
12
4
14
21
6
5
27
16
-2
27
26
-5
19
34
0
15
35
11
11
30
17
10
23
18
12
18
20
12
17
23
10
15
27
11
12
31
12
3
29
16
1
28
24
5
19
22
5
5
12
8
-1
4
10
-1
-7
4
-2
-17
-12
-5
-22
-32
-16
-22
-48
-32
-22
-57
-54
-28
-59
-68
-35
-49
-65
-38
-41
-49
-39
-41
-32
-36
-47
-17
-28
-45
-3
-12
-30
11
3
-11
17
7
2
16
11
14
22
20
28
33
31
32
34
32
27
27
30
26
23
32
31
26
33
33
26
29
29
23
23
23
22
23
23
23
28
25
22
26
21
13
14
14
2
2
7
-1
-8
0
-5
-14
-9
-9
-17
-15
-12
-16
-16
-16
-19
-17
-19
-20
-18
-19
-20
-16
-17
-19
-18
-16
-18
-17
-14
-12
-13
-8
-5
-7
-4
0
-1
0
2
3
3
3
7
9
6
10
12
7
8
11
4
1
4
-1
-7
-2
-6
-10
-8
-8
-16
-13
-12
-18
-14
-13
-17
-14
-8
-13
-11
-6
-8
-10
-4
-2
-7
-4
3
-3
-3
5
0
-1
5
1
0
5
2
4
10
5
7
11
2
5
10
2
3
13
6
7
16
12
9
18
17
12
16
17
14
14
17
18
19
20
22
20
16
17
14
7
10
11
7
10
13
10
11
10
5
3
3
-1
-2
-2
-5
-9
-8
-11
-13
-12
-14
-15
-17
-17
-21
-21
-20
-20
-20
-19
-17
-17
-17
-16
-15
-17
-14
-11
-11
-7
-5
-5
-5
-2
-2
-4
0
1
-1
3
3
0
3
2
1
2
2
5
2
2
6
-4
-1
3
-8
-2
2
-7
3
3
-3
6
2
-1
6
2
1
4
2
5
7
8
8
7
7
8
7
6
6
5
4
3
0
1
1
2
2
1
2
0
0
0
1
1
1
2
3
6
7
8
8
7
7
5
5
5
5
5
5
5
3
4
3
3
3
3
2
3
1
0
-1
-2
-4
-5
-6
-7
-8
-9
-10
-11
-11
-13
-14
-15
-16
-15
-17
-18
-17
-15
-15
-14
-13
-12
-10
-9
-7
-7
-5
-3
-2
-1
2
2
2
4
4
4
6
6
7
7
9
10
12
11
11
12
12
11
11
11
9
8
8
7
7
6
5
5
5
4
3
2
2
1
1
2
3
2
3
2
3
3
4
3
3
3
2
3
3
1
0
0
-1
-3
-4
-5
-6
-6
-7
-6
-6
-6
-5
-5
-4
-6
-6
-7
-8
-8
-9
-8
-6
-6
-4
-5
-4
-5
-4
-3
-4
-2
-1
0
0
0
-1
-1
-1
-1
0
1
1
1
1
1
1
1
1
2
2
2
2
1
1
0
0
0
0
0
1
1
2
3
3
4
5
6
7
8
9
9
9
10
10
9
9
9
8
7
6
5
4
2
1
0
-2
-3
-4
-6
-7
-8
-9
-10
-11
-11
-13
-12
-12
-11
-11
-10
-10
-9
-7
-7
-6
-5
-3
-2
-2
-1
0
1
2
3
4
5
6
6
7
6
7
7
7
7
6
6
4
3
2
2
2
1
2
3
2
3
3
2
0
0
-1
-2
-2
-2
-2
-2
-1
-1
-1
-1
-1
0
0
0
0
0
0
1
1
0
0
0
0
0
0
0
0
0
0
-1
-1
-3
-3
-4
-4
-4
-4
-4
-5
-5
-5
-4
-4
-5
-3
-2
-2
-1
0
0
2
1
2
3
2
2
2
3
3
3
5
4
6
6
5
5
4
4
4
3
3
3
3
2
3
2
3
3
1
3
3
2
2
1
1
0
0
0
0
0
1
0
0
1
0
-1
-1
-1
-2
-3
-3
-4
-2
-2
-2
-3
-4
-5
-5
-6
-6
-6
-5
-6
-6
-6
-7
-7
-5
-5
-5
-5
-4
-4
-4
-3
-3
-3
-3
-1
0
0
0
1
1
2
3
4
4
6
8
7
7
7
7
6
7
6
6
7
7
7
6
7
6
5
4
3
2
1
1
0
1
1
0
1
-2
-1
-2
-2
-2
-2
-2
-2
-2
-2
-2
-3
-3
-3
-3
-3
-3
-2
-2
-1
-1
0
0
0
0
0
-1
-1
-2
-3
-1
-2
-1
-2
-2
-1
-2
-3
-4
-5
-6
-5
-7
-6
-6
-5
-4
-3
-1
-1
0
-1
1
2
2
3
4
4
5
7
5
6
7
7
7
7
7
7
7
7
6
6
6
4
5
5
4
5
2
1
0
0
1
-1
-3
-4
-4
-4
-4
-5
-4
-3
-3
-2
-2
-2
-1
-1
-1
-1
-1
0
0
0
-1
-1
-1
-2
-2
-2
-2
-2
-2
-2
-2
-3
-3
-3
-4
-4
-4
-3
-3
-3
-3
-2
-3
-4
-3
-2
-2
-1
0
0
1
2
2
3
3
3
3
4
5
5
6
7
8
7
8
8
7
7
6
5
4
4
4
4
3
3
3
3
1
1
0
-1
-1
-2
-2
-2
-3
-3
-3
-2
-3
-4
-4
-4
-4
-2
-2
-4
-4
-4
-4
-4
-4
-4
-3
-3
-3
-2
-1
-2
-2
-2
-2
-3
-4
-3
-3
-4
-3
-3
-3
-3
-2
-2
-2
-3
-3
-2
-1
-1
-1
0
-1
1
2
3
3
4
5
5
6
6
7
6
7
6
6
6
7
7
7
8
6
7
8
6
7
7
6
6
5
4
2
0
0
0
-1
-2
-1
-2
-2
-3
-3
-4
-5
-7
-7
-7
-7
-7
-7
-7
-8
-6
-5
-5
-5
-6
-6
-5
-4
-4
-4
-3
-3
-2
-1
-1
0
-2
-2
-2
-1
-1
-1
1
1
2
2
2
2
3
3
3
4
3
4
3
4
5
3
6
5
5
5
3
3
4
4
5
4
6
5
6
6
