SAMPLES:	16292
BITSPERSAMPLE:	16
CHANNELS:	1
SAMPLERATE:	16000
NORMALIZED:	FALSE
1
0
0
0
0
0
-1
0
0
-1
0
0
0
0
0
0
0
0
0
0
0
1
1
1
1
0
0
-1
1
0
0
0
0
0
0
0
0
0
0
0
0
1
0
0
1
0
1
0
0
1
0
0
0
0
1
0
0
-1
0
0
1
1
0
0
-1
0
-1
-1
0
0
0
1
1
0
-1
0
1
0
0
0
0
1
0
1
-1
0
1
0
0
0
-1
0
0
0
1
0
-1
0
-1
-1
1
-1
1
0
0
1
0
1
1
-1
2
1
-2
3
-4
3
-3
2
0
0
0
0
0
-1
0
0
-1
0
0
-1
-1
1
0
0
0
0
-1
0
1
0
0
0
-1
1
0
1
0
1
-1
0
0
0
-1
0
0
0
0
0
0
0
0
0
0
0
0
0
0
0
0
0
1
0
0
0
0
1
0
0
-1
-1
0
0
0
0
0
0
0
0
0
0
0
0
0
0
0
0
1
0
0
0
0
-1
0
0
1
0
0
0
0
0
-1
0
0
0
0
0
0
-1
0
0
0
-1
0
0
-1
1
-1
0
1
-2
1
0
-1
3
-3
3
-3
2
-1
0
0
0
0
0
0
-1
0
0
0
-1
0
-1
0
-1
0
0
0
0
1
0
0
0
0
-1
1
0
0
0
0
0
1
0
0
0
0
0
0
1
0
0
0
0
-1
0
-1
0
0
0
0
0
0
0
0
0
0
0
0
0
0
0
0
0
1
0
1
1
0
1
0
0
0
0
0
1
0
1
0
0
0
1
0
0
-1
0
0
1
0
-1
0
0
0
0
-1
-1
1
0
0
1
0
0
2
-1
0
0
-1
2
-1
0
1
-1
1
0
-2
3
-3
3
-3
2
-1
0
0
0
0
0
0
0
0
0
0
0
0
0
0
-1
0
-1
0
-1
0
0
0
0
0
-1
0
-1
1
0
0
0
0
0
-1
0
-1
0
-1
0
0
0
0
-1
0
-1
0
1
0
0
0
0
0
0
1
0
0
0
0
0
0
-1
0
0
0
0
0
0
0
0
1
0
1
1
0
0
0
0
0
0
0
0
0
0
1
0
1
0
0
0
0
0
0
0
1
0
0
0
1
0
1
1
1
-1
0
0
-1
1
-1
1
1
-1
1
0
-1
3
-3
3
-3
2
-1
0
0
-1
0
0
0
0
0
0
0
0
0
-1
0
1
0
0
0
0
0
0
0
-1
1
0
0
0
1
0
1
0
0
0
0
0
0
0
-1
0
1
0
0
0
1
0
0
0
0
-1
1
1
0
0
1
0
0
0
0
0
0
0
0
-1
0
0
0
0
1
0
0
0
0
0
0
-1
-1
1
0
0
1
0
0
-1
0
-1
1
0
1
0
0
0
0
1
-1
0
0
0
0
0
0
0
1
-1
0
0
0
1
-1
-1
1
-1
1
0
0
3
-3
3
-3
2
-1
0
0
-1
0
0
0
-1
0
0
1
0
-1
0
0
0
0
1
1
1
0
0
-1
0
0
-1
0
0
0
0
-1
0
0
0
0
0
0
1
0
0
0
0
0
1
0
0
0
0
0
0
0
-1
1
-1
0
-1
0
0
0
0
-1
0
0
0
0
0
0
0
0
0
1
0
0
0
0
0
0
0
0
0
0
0
0
0
0
-1
0
0
0
1
0
0
0
0
-1
0
-1
0
1
0
0
1
1
-1
0
0
0
1
-1
0
1
-1
2
-1
-1
2
-3
3
-4
2
-1
0
0
-1
0
0
0
0
0
1
0
0
0
0
0
0
0
-1
0
0
0
0
0
0
-1
0
0
0
0
0
0
-1
0
-1
0
0
0
0
1
0
0
0
-1
-1
-1
-1
-1
0
0
0
0
1
0
0
0
0
1
0
-1
0
1
0
0
0
0
0
0
0
-1
-1
0
0
0
1
0
-1
0
0
-1
0
0
0
-1
0
0
1
0
0
0
0
0
0
1
0
0
0
0
1
0
0
0
1
2
-1
0
0
0
1
-1
1
1
0
1
0
-1
4
-3
3
-3
1
0
1
0
-1
0
0
0
0
0
0
0
0
0
0
0
1
0
1
0
0
0
0
0
-1
0
1
0
0
-1
0
-1
0
0
-1
-1
-1
-1
-1
-1
-1
0
0
0
0
0
0
0
0
0
0
0
0
0
0
0
0
0
0
0
0
0
0
0
0
0
0
0
-1
0
0
0
0
0
0
0
-1
0
0
0
0
0
0
0
0
0
0
0
0
0
0
0
0
0
0
0
0
0
0
1
-1
1
0
1
0
1
0
-1
2
-1
0
1
-1
1
-1
-1
3
-3
3
-3
2
-1
0
0
0
-1
-1
-1
-1
0
-1
0
0
0
0
0
0
-1
-1
0
-1
0
0
0
-1
0
0
0
0
0
0
0
1
0
0
0
0
0
0
0
0
0
0
1
1
0
0
0
0
0
0
0
0
0
0
0
1
0
0
0
0
0
1
1
0
0
0
0
0
-1
0
0
0
0
0
0
1
0
0
1
0
0
0
1
0
0
1
0
1
1
0
0
0
0
0
0
0
0
0
0
1
0
1
2
-2
0
0
0
1
-1
0
1
-1
1
0
-1
4
-3
3
-2
2
-1
0
1
0
0
0
-1
0
0
0
0
0
0
0
0
0
0
1
0
0
0
-1
-1
0
0
0
0
0
0
0
0
0
0
-1
0
1
0
0
0
0
0
0
0
-1
0
1
0
0
0
0
-1
0
-1
-1
0
0
0
0
1
0
0
0
0
0
0
0
0
1
0
-1
0
-2
-1
-1
-1
-1
-1
-1
-1
-1
0
0
0
0
1
1
1
1
1
2
2
2
2
2
2
2
2
2
2
3
2
4
2
3
1
1
1
0
0
-1
-1
-1
0
-2
-1
-1
-1
-1
-1
0
-1
-1
-1
0
0
0
0
1
0
0
1
-1
-1
0
0
0
0
0
0
0
0
0
0
0
-2
-1
-1
-1
0
0
0
1
1
3
2
1
0
0
-1
-3
-5
-3
-2
0
4
9
13
19
24
26
26
21
15
3
-11
-24
-37
-51
-56
-67
-73
-72
-72
-68
-72
-56
-49
-52
-38
-46
-67
-48
-57
-57
-23
-50
-14
-19
56
78
-11
152
140
176
390
318
384
629
509
661
1137
907
1037
1386
1104
1422
1262
1099
1689
942
854
1225
253
86
310
-113
-323
-416
-789
-808
-1473
-1494
-1038
-2119
-1584
-1685
-2346
-1780
-2687
-2210
-1871
-2663
-1684
-1804
-2511
-1848
-1877
-1807
-1254
-1478
-1204
-1042
-1450
-971
-725
-880
-369
-224
-207
15
-180
120
508
550
885
1011
950
815
914
1369
1203
1315
1731
1232
970
1224
1043
764
1158
1029
592
887
279
149
476
19
539
599
283
588
285
498
924
1011
1452
1456
1790
1862
1496
2464
2350
2250
3473
2676
2568
3044
1842
2472
2560
1520
2182
1193
224
586
-490
-659
-663
-1376
-1394
-2260
-2459
-2627
-3598
-2748
-3038
-3593
-2597
-3658
-3704
-2956
-3920
-2825
-2429
-3178
-2028
-2748
-2993
-1830
-2698
-1842
-1136
-2098
-1392
-1510
-1863
-1285
-1071
-570
-567
-310
25
-679
138
638
70
1524
1427
715
1841
1143
1222
2182
1610
2117
2061
1431
1738
1342
1268
1496
1431
1413
1136
1000
662
553
912
867
1201
1450
847
1286
1761
1208
2258
2881
2119
3185
3281
2423
3615
3362
2939
4130
3268
2823
3322
1997
1874
2180
798
941
586
-1193
-645
-1530
-2759
-1767
-3142
-3637
-3129
-4320
-4120
-4273
-4647
-4223
-4637
-4119
-3928
-4468
-3707
-3792
-3730
-2902
-3117
-2618
-2511
-2810
-1818
-2217
-2293
-980
-1789
-1697
-506
-1545
-1141
-126
-708
-6
458
259
657
753
1325
1591
1647
2383
2248
2217
2612
2420
2549
2660
2488
2421
2262
2114
1854
1593
1763
1734
1313
1525
1741
1090
1329
2054
1876
2020
2239
3143
3059
2242
4365
4030
2946
5101
4629
3860
4435
3846
4087
3735
2600
3374
2425
380
1307
512
-1634
-1213
-1637
-3268
-3650
-3710
-4721
-5660
-5276
-5603
-6376
-5598
-6024
-6654
-5487
-5871
-5973
-4670
-5055
-4773
-4002
-4170
-3637
-3592
-3419
-2670
-2610
-2558
-2038
-1983
-2298
-1598
-1135
-1193
-668
-396
-333
-89
344
830
1271
1710
1899
2152
2451
2562
2548
2943
3457
3067
3255
3359
2759
2664
2721
3258
2871
2482
3029
2492
2275
2868
3117
3297
3029
3644
4642
3170
4331
5879
3731
5611
6465
4600
6217
5317
4598
6167
4250
4183
4899
1989
2057
2416
-268
162
-449
-2883
-2489
-3689
-4709
-5354
-5946
-5757
-7923
-6915
-6509
-9122
-7367
-6692
-8682
-6946
-6446
-7703
-6069
-6478
-5676
-4931
-6311
-3751
-4308
-5276
-2321
-3361
-4154
-1888
-2296
-2469
-1194
-1444
-879
-645
-352
990
699
1414
2133
1856
2974
2895
3143
4178
3611
3952
4567
4015
4053
4363
3861
4311
4458
3538
4358
3810
3159
4368
4142
4738
4045
3727
6049
3844
4246
7371
4479
5413
7325
4967
6461
5994
4544
6976
4987
3787
5760
2429
1599
2883
-11
343
-833
-3145
-2018
-5170
-5915
-4697
-7745
-7278
-7439
-9208
-8214
-10013
-9826
-7985
-10150
-8933
-7499
-9315
-8744
-7956
-7416
-6938
-6917
-5130
-5233
-6312
-4114
-3932
-4398
-2153
-2663
-2276
-613
-2322
-963
481
-814
1217
1916
1314
2304
2265
3128
4033
3544
5109
5628
3815
5785
5605
4513
6686
5284
5494
6434
4869
5157
5349
4975
5279
6019
5629
5257
5800
5507
5626
6341
6659
6819
6873
6973
6847
6526
6630
6569
6167
6065
5520
4206
3338
2811
1665
360
138
-749
-3252
-3987
-4475
-6823
-7675
-7237
-8663
-9916
-9798
-11078
-11514
-11406
-11987
-10642
-10911
-11644
-9596
-10249
-11077
-8566
-8521
-8469
-6282
-6604
-6513
-5315
-5521
-4540
-3348
-3127
-2440
-2110
-1875
-1650
-1251
-106
366
1027
2012
1926
2265
2702
3175
4400
4553
5406
6111
5000
5747
6221
5580
6711
7044
6393
6781
6391
5713
6572
6654
6395
7015
7184
7000
6666
7278
7588
7242
8378
8654
8209
8689
7809
7431
8270
7263
7072
7468
5701
4631
4431
2471
1612
1373
-1142
-907
-2635
-5447
-4649
-7935
-8524
-7641
-10247
-10050
-10941
-12485
-12369
-12727
-12929
-12286
-12172
-12492
-11675
-11582
-11807
-10861
-9948
-9198
-8361
-7468
-7134
-7305
-6220
-5111
-4570
-2998
-2414
-2521
-1598
-1312
-789
634
1149
1785
3014
3162
2947
3642
4362
4645
5675
6817
6516
6082
6387
6324
6546
7468
7557
7281
7590
7213
6609
7230
7591
7209
7948
8721
7942
7439
8071
7859
7681
9300
9674
8474
8625
8645
7529
7809
8161
7305
6784
5706
4942
3655
1509
766
297
-959
-2703
-3400
-5467
-8322
-8564
-9531
-10663
-10739
-12139
-13482
-13491
-14580
-15507
-14091
-13802
-14237
-13279
-12947
-13282
-13189
-12120
-10568
-9804
-8710
-7644
-7840
-7496
-6411
-5342
-3806
-3001
-1996
-962
-1681
-540
713
745
2359
3445
4035
4111
4467
5203
5172
6297
7508
7741
8096
8143
7409
8003
8619
7938
9177
9739
8102
8208
8617
7778
8245
8873
8864
9523
8869
8185
9221
8708
8289
10342
10456
9085
9689
9329
7772
7923
8167
7587
6974
5886
4775
3003
858
427
-425
-2370
-2960
-4198
-6901
-8893
-10084
-10804
-11439
-11780
-12567
-14454
-14755
-15077
-16617
-15426
-14477
-15348
-14273
-14026
-14911
-14282
-13530
-12312
-11109
-10141
-8764
-9027
-8892
-7385
-6881
-5204
-3359
-3195
-2138
-1702
-1941
-313
868
1561
3394
4155
4006
4545
4814
5330
6591
7568
8259
8674
8326
7763
7962
8781
9170
9323
10403
9539
8093
9219
8699
8260
10333
10157
8766
10855
9890
7560
10769
10214
9117
11576
11101
9468
9637
9517
8150
8988
8113
7404
7208
3854
3756
2336
-458
162
-1767
-4176
-4269
-6839
-9287
-9950
-11751
-12383
-12401
-13060
-15236
-16426
-15515
-17679
-17986
-15265
-15931
-17129
-15639
-14688
-14855
-14646
-13483
-10829
-10448
-9895
-7459
-8463
-8692
-5757
-4600
-3493
-1746
-1921
-656
-387
-662
2402
2780
2854
5255
6009
5281
5564
6826
7019
7856
9058
9932
9554
8257
8753
9392
9239
9385
11179
10715
7998
10121
10439
7523
9488
11097
10373
9676
9477
10459
8463
8167
11647
10296
9137
10934
8758
8418
9290
6973
8670
8690
4760
5833
4739
673
1778
-8
-3109
-1869
-4675
-7572
-7758
-9794
-12213
-13276
-12710
-14032
-15687
-16089
-17311
-18218
-18622
-17650
-15542
-17125
-17793
-13975
-16456
-16847
-12242
-13477
-11547
-9409
-10335
-7749
-7910
-8756
-3873
-2722
-4766
-483
717
-1857
370
2850
3233
3184
5055
7127
5743
5838
8273
8359
8292
10123
11272
11005
10541
10759
11573
11049
11251
13264
12404
11046
11397
11031
10881
10502
11564
12391
9936
11125
11688
8226
11011
11849
8485
11765
11663
8170
10217
9451
7626
9123
7727
6458
6684
3831
2201
2117
-403
-1421
-2444
-4398
-5568
-8572
-9867
-11050
-13406
-13903
-14430
-14356
-17162
-19741
-16397
-17934
-21434
-16091
-14850
-19661
-17328
-14109
-15860
-16537
-13960
-10818
-11476
-12079
-7975
-7979
-10442
-6348
-3951
-4547
-2882
-2093
-437
-373
-1226
2751
3290
1968
5430
6539
5354
5509
6690
8174
8024
8539
10722
9870
8440
9532
10773
11269
9513
11835
12940
7630
10827
13572
8402
9888
13190
10370
10149
12349
10653
10005
11216
10962
11233
12018
10462
9513
11211
9394
7486
9699
8261
5113
5782
4499
1503
910
-142
-2399
-4322
-5001
-6805
-9720
-10099
-11550
-14219
-14826
-14558
-15103
-18652
-18788
-15924
-19954
-20776
-14850
-16466
-20230
-16334
-14156
-16777
-15856
-12369
-10984
-12090
-10960
-6587
-8009
-9576
-4593
-3432
-4339
-2133
-331
413
-410
1209
4040
2680
3319
6492
6559
5654
6960
8463
8041
8316
10017
11039
9967
9490
10777
10974
10721
10704
12236
12021
9372
11518
12852
9392
10658
13155
10179
10792
12639
9593
9948
11167
9559
10713
11127
8673
9368
9935
7533
7536
8147
6443
4994
5080
3564
548
-592
-1370
-4692
-5129
-3946
-10175
-10696
-9873
-15928
-14414
-14377
-16337
-16260
-19185
-18316
-17181
-20616
-19579
-14927
-18141
-19513
-14672
-14875
-16917
-14938
-10867
-11103
-12250
-8312
-6533
-8427
-6981
-3735
-2908
-2826
-1100
1522
1174
27
3104
5160
3304
4541
8163
7883
6700
7985
9115
8887
9102
11406
12661
10421
10129
12555
11739
10258
12546
13453
10753
11058
13740
11747
9250
11642
12282
10079
11365
12531
10515
10022
10762
10753
11690
11531
9553
9938
9684
7343
7582
8117
5601
4672
5093
2044
418
-945
-3572
-3822
-4711
-6462
-8473
-10002
-12536
-14362
-14475
-15354
-14653
-17430
-19513
-16457
-19150
-21756
-16337
-15465
-19400
-16656
-14055
-16273
-16395
-14216
-11842
-11155
-11517
-8414
-6553
-9146
-7478
-3445
-3488
-3253
-728
1273
-234
-1034
3752
4524
1839
5812
7973
5296
5713
7412
8556
8271
8236
11330
11094
8611
10474
11894
10264
10142
12840
12582
9912
12779
13219
8839
11228
12519
9867
12677
12369
9139
11040
10455
9220
11185
11275
10161
9203
8890
9144
7440
5820
7912
5883
2871
5035
1777
-1528
-1491
-3778
-4416
-5083
-7413
-8800
-10664
-13774
-14697
-14813
-14599
-15544
-19210
-17543
-16580
-21724
-19920
-14840
-17446
-19128
-14929
-13746
-16955
-16111
-11663
-11038
-11458
-8721
-6813
-7061
-7400
-5629
-2146
-2384
-2586
1955
2752
-1074
1310
5792
2965
3196
8169
8667
5900
5926
9587
8818
7559
10734
12769
10647
8164
11466
12269
8729
10728
13808
10883
9345
13404
12563
7932
10501
13328
9975
10929
13401
9559
8980
10903
9122
10103
11494
8932
8687
9351
6807
5605
6417
5400
4199
3889
2106
31
-1636
-4226
-5008
-4309
-6690
-8782
-9580
-12768
-15622
-16037
-15828
-15525
-16326
-19392
-17707
-17345
-22926
-18654
-13974
-18440
-17782
-13435
-14371
-17473
-15367
-10889
-10531
-11354
-8215
-4922
-8179
-8766
-3375
-2012
-2319
-742
3240
2961
-1687
2720
6685
2566
4296
10604
8930
4962
7435
9453
7915
7936
11484
13141
9602
9205
13146
11569
8682
12632
14487
10762
11721
14669
10404
8628
13169
11672
10802
14818
11571
9353
12193
9298
9219
13332
11262
9533
10845
9719
7179
6100
7408
6790
4355
4579
3327
-1002
-3504
-3919
-3950
-5253
-7349
-7878
-10708
-14302
-15420
-15700
-14787
-15445
-18302
-18163
-15723
-20449
-21665
-14819
-15917
-19311
-15319
-11611
-17841
-17421
-11471
-13175
-10606
-9143
-7474
-5994
-8894
-7181
-2792
-2223
-4209
1150
3584
-1795
-357
4211
3121
1702
6317
9344
6226
4654
7884
8870
6539
8382
12458
11840
8647
10487
13459
9396
7882
14369
13961
9289
14200
14857
7304
10186
14794
10892
12587
15147
10679
10562
11793
9598
11514
12813
9932
9972
10668
7586
5576
6482
5736
4146
4321
2683
-738
-2927
-5083
-6118
-5717
-7252
-9761
-11154
-13239
-16754
-17836
-14882
-15187
-19694
-17866
-14722
-21142
-22847
-14614
-15490
-20248
-14984
-11951
-15869
-17172
-13801
-9942
-11174
-10798
-4406
-5345
-9861
-5857
-2444
-3493
-2156
1695
3660
1082
713
5057
4840
2523
6385
10737
8518
5273
8253
10732
7216
7891
14109
13382
7762
10583
15631
9379
6611
15971
14586
7059
13633
16091
7261
7975
13925
12152
9952
12235
12682
9415
7874
8951
9910
10192
8968
8919
10122
6943
4096
6101
5458
2573
3368
3497
-792
-4486
-4818
-5974
-7847
-7015
-7961
-11901
-13490
-15535
-18046
-15185
-14229
-19113
-18025
-14165
-19669
-22492
-15137
-14786
-19618
-15242
-11430
-14629
-16040
-13724
-10252
-10475
-11441
-5367
-3937
-9802
-6920
-1796
-3747
-2889
1521
2530
545
-381
2934
4633
1466
4020
10177
7318
3132
7627
9840
5879
6748
12309
12125
7203
10449
14095
8478
8007
12938
13227
10194
10976
14789
10073
6712
12820
13115
10881
13063
12681
10765
9866
9668
11610
11937
9824
11225
11334
7701
6275
6247
6557
4865
3138
4322
1051
-4088
-3990
-4076
-6614
-7553
-6894
-9654
-14899
-15086
-15213
-17080
-14717
-16583
-18849
-14825
-19153
-23298
-15575
-15113
-19601
-15027
-12656
-15407
-15943
-14671
-10819
-9807
-12019
-6655
-3512
-9685
-7908
-2022
-4466
-4148
1252
2421
-82
-668
3031
4154
1571
4700
9438
7428
4529
7132
10278
7353
6318
12939
13553
7620
10225
14526
9675
7640
13587
14548
10213
11460
14281
10678
7975
11718
13809
11510
11214
12612
11560
9159
8820
11313
11713
8359
8571
10915
7260
3786
6208
6140
2331
2243
3405
-202
-4864
-5304
-4888
-7380
-8738
-7535
-9812
-14587
-15814
-15877
-15917
-14995
-17397
-17889
-14940
-19697
-22171
-14559
-15232
-19871
-14523
-11982
-15380
-15458
-13467
-10757
-10183
-11053
-6378
-3932
-9086
-7765
-924
-2607
-4443
2227
4144
-587
444
4857
4881
2622
4759
10589
9375
4073
8305
12439
6562
6488
14266
13509
7726
10933
15121
9960
7854
13617
14373
10000
12268
14566
9735
9318
11756
12418
12958
10524
11047
12418
9086
8762
11726
12151
9132
8652
11093
7741
3296
5455
6661
2438
1605
3411
-529
-5781
-6309
-4884
-7510
-10674
-8711
-9885
-16050
-17830
-15716
-15111
-17996
-19975
-15757
-16425
-23891
-20036
-13133
-18834
-19915
-11835
-12757
-17512
-15153
-11917
-11531
-12216
-9917
-5178
-6679
-9744
-5652
-2534
-3970
-2569
1765
2376
-1066
143
5084
3835
1624
6339
9726
6165
4591
9104
10019
5582
7822
14297
11387
6666
11665
14480
8005
8807
15644
12003
8929
14261
13391
8180
10852
12723
11137
13768
12412
10573
12860
9895
8164
12540
13041
7366
8949
13134
5304
4174
7804
3954
3709
2210
1800
1066
-5309
-6441
-3553
-6366
-10521
-7381
-9537
-16901
-16558
-13956
-14051
-18118
-19462
-13633
-15879
-23760
-17025
-11667
-20366
-18798
-9859
-12778
-17581
-14357
-10125
-10952
-12849
-7899
-3294
-8032
-9102
-2508
-2283
-4830
-801
2939
1811
102
2063
5320
3235
2200
8703
10318
4312
4796
10427
8993
5313
10457
15130
9221
6578
13151
13009
7007
10767
16354
11214
9560
15090
11876
8363
12559
12296
11793
13110
9635
10187
11745
7803
8889
12338
10021
6677
7589
9834
5003
1305
7068
5708
-1556
1086
2652
-4333
-7550
-5033
-5756
-9749
-10132
-9550
-13220
-17470
-17402
-12901
-13803
-21456
-18054
-11447
-20851
-23703
-10864
-12358
-21851
-14856
-8179
-14599
-17482
-11562
-7291
-9982
-11183
-4068
-2479
-9439
-6610
841
-2134
-4154
2182
4211
-458
-189
5090
5074
2154
5292
10511
8136
3419
6985
11342
6995
5707
13576
13819
6328
8222
15150
10630
5911
13657
15892
9511
10193
16107
10810
6206
12890
12252
11744
12344
9699
11846
10015
6808
10573
12997
8118
7180
9873
7095
3233
2619
5660
4070
-974
1124
603
-7376
-7626
-3630
-7967
-11239
-8898
-10711
-16499
-17713
-13741
-13695
-19576
-18560
-11698
-17095
-24375
-15457
-11034
-20065
-18062
-8564
-11905
-18265
-13924
-7644
-10340
-13867
-6555
-1622
-9468
-9836
216
-1676
-7394
272
5633
-540
-2188
4333
5247
-85
2852
10934
8171
2597
7153
10912
6456
5096
11646
13577
7226
7937
14628
11475
6992
12289
14744
10685
10767
13795
13085
9260
9326
14674
13481
8496
12410
13713
8102
8674
11253
10559
9446
8002
9708
9942
4789
3791
5920
4362
658
716
2047
-4317
-8231
-3825
-5783
-11564
-9072
-9326
-16246
-17000
-13335
-13147
-19526
-19877
-12407
-17582
-22674
-14644
-12387
-19324
-19660
-10783
-10926
-18358
-14360
-7688
-10294
-12956
-6564
-2519
-8814
-8683
-879
-545
-5010
-1661
5277
907
-2843
4374
6280
545
1436
10296
9488
1829
6068
11968
7482
4964
12795
15306
7504
7985
14779
11927
7287
12282
15325
10222
9501
14308
12902
8486
10903
14050
12100
9847
10523
12204
9963
7318
10724
11729
6972
6790
9237
6710
3421
3075
4540
3332
-1376
-544
875
-5725
-8224
-3404
-6005
-12424
-9722
-8998
-16248
-17932
-12898
-11962
-19875
-19463
-11144
-19105
-23768
-14229
-12248
-17986
-19066
-10201
-9937
-18984
-14288
-5384
-10145
-13780
-4040
-1611
-9956
-7886
1001
-1293
-5369
1900
5177
-146
-633
4210
5731
2075
2594
10425
10448
2255
6026
13559
7282
4566
13898
14798
7057
8338
14826
11577
6077
12612
16998
9629
9404
15354
11901
7963
10923
13628
12792
9702
10266
13283
9318
5953
12004
13003
6669
7472
10287
6366
3072
4735
5624
3180
-684
-351
50
-5767
-7587
-4558
-6052
-11891
-10900
-9257
-16963
-18342
-12789
-13400
-21033
-18692
-10681
-20264
-22820
-11817
-13938
-19826
-16552
-9546
-12583
-18655
-12414
-7785
-11731
-13672
-4414
-1205
-11734
-7818
1954
-3463
-7153
2705
5503
-2816
-1070
6522
4337
-682
4731
10841
7035
2083
7793
11210
4980
6567
13160
13478
6365
8327
14416
10619
7387
10729
17694
8698
7391
18258
10356
7798
12766
13222
12446
10183
11147
12925
10422
7604
11574
12847
7028
6156
10635
7819
2077
5192
6940
1476
-1219
1039
-36
-6215
-7127
-3977
-7784
-11659
-9205
-11006
-18305
-16849
-10124
-15510
-23139
-14393
-11529
-24515
-18374
-8591
-18084
-20503
-12009
-9198
-16303
-16251
-8304
-8457
-12748
-9941
-1511
-5096
-11679
-3697
2117
-4632
-4847
5324
3496
-4387
1762
8795
2412
-424
8676
10906
3580
3892
11174
9504
3320
8524
15697
9854
4862
11913
14205
7167
8716
15928
12247
7755
12950
13811
8773
9214
12032
13031
11780
8909
10521
11839
7396
7772
12369
9132
5388
8080
7851
3782
2212
4172
3469
-489
-937
606
-4346
-8641
-5111
-6458
-9599
-10609
-10207
-13307
-19084
-12665
-10915
-19206
-20235
-11631
-15091
-24233
-12311
-10000
-20797
-17969
-8513
-10318
-18375
-12822
-5992
-9948
-13957
-5761
111
-10176
-9851
2900
-510
-8420
925
6883
-1020
-2427
5966
7411
-41
2532
12588
9035
1136
7564
13856
6505
3996
14358
15559
5701
7715
15948
12066
7184
12452
15556
10669
9394
14356
14145
8708
9527
14559
13252
9011
10322
13044
10153
6677
10435
12916
6259
4739
10292
7040
2209
5016
5426
1414
-1120
607
940
-5769
-7299
-2998
-7107
-11434
-9086
-10638
-16236
-16360
-10977
-13296
-21060
-16652
-12283
-20836
-20773
-11136
-13627
-20682
-15877
-9231
-13829
-18194
-10963
-6127
-12795
-12626
-2017
-3384
-12405
-6541
2737
-3357
-6276
3304
4513
-3849
-1395
7563
3630
-728
5214
11395
6367
166
10060
12055
3063
6827
16009
12475
3790
10258
15818
8607
8125
15473
13673
8176
12376
14759
10875
10232
12509
13663
12155
10173
11787
12429
8156
8383
12923
10366
5232
6824
8470
4260
1948
4713
3952
-985
-1839
-151
-3651
-7974
-6105
-5234
-9159
-11214
-10560
-14043
-17226
-13375
-11870
-18078
-18992
-12000
-18388
-22999
-12275
-12718
-18826
-17226
-11621
-11462
-17004
-14446
-7478
-8538
-13848
-6725
-316
-9246
-10770
255
805
-6318
66
6642
-294
-2547
5945
7262
886
2850
11312
10116
1345
6959
13611
6848
5081
13318
16504
6508
7560
16828
11805
8135
13871
15758
10597
11248
14859
12837
10667
10970
13283
13198
9826
9289
12351
9420
5279
10763
12772
4425
4184
9672
4435
1895
3132
3325
1751
-4507
-995
-845
-9112
-7737
-4621
-9205
-13506
-11015
-11761
-17642
-16600
-10997
-17003
-22252
-13207
-15511
-22884
-14983
-12131
-18171
-17408
-13097
-11380
-14070
-16081
-9465
-6802
-12884
-9338
-1108
-6621
-11731
-2278
2312
-4641
-3258
5487
3592
-2660
2561
8730
2930
498
9661
11723
4104
4878
12316
10685
4886
10504
17498
10055
6007
15506
15284
7642
13021
17721
11661
10972
15263
14146
11286
10882
13257
14866
11547
10156
13024
11342
7914
10092
12006
8555
5169
7401
8300
2935
1846
5528
2743
-2342
-881
-1159
-6129
-7727
-5710
-7472
-11937
-11043
-12602
-16496
-15446
-12583
-15895
-21715
-14967
-15099
-23361
-16112
-12016
-18625
-18407
-13500
-13352
-14637
-14323
-12151
-7656
-10893
-11232
-3146
-5249
-9611
-6069
1942
-3043
-7004
6052
2010
-4609
2648
7060
2789
40
8812
9305
4619
6085
10310
10006
6006
10470
15293
10691
7901
15060
13888
9267
14608
15335
12153
12955
14743
13175
12408
13363
11922
12848
13600
10342
10880
12226
7863
8449
12072
7860
4348
6635
6796
2698
1280
3499
1303
-3027
-1866
-1741
-6334
-7658
-6303
-8195
-11516
-11552
-12283
-16784
-16180
-11812
-16535
-21242
-13742
-15150
-23795
-15208
-10197
-18443
-17183
-11540
-13179
-15719
-13489
-9841
-8995
-10702
-9622
-3082
-4812
-11505
-4437
2067
-3595
-3855
4201
3920
-2744
963
8734
4780
151
8374
12515
4664
4496
12024
10258
5487
10935
16431
11273
7391
13506
14898
9297
12882
17725
12508
10885
15271
13197
11601
12922
12049
13838
12883
9780
10737
11179
7604
8663
11150
6871
6521
4907
4162
5290
35
1496
2834
-2547
-3794
-3168
-6571
-9058
-7915
-9442
-11775
-12612
-15557
-17942
-14617
-13830
-20255
-18732
-12828
-20042
-23794
-12563
-12289
-21243
-16152
-9520
-14465
-17700
-12113
-7748
-11199
-12400
-5483
-3305
-8946
-8353
-1185
-889
-5105
-655
5207
608
-2517
4267
7105
1222
2196
10892
9981
3203
7886
13622
7798
6528
14294
15649
9004
9901
17007
12674
8809
15775
16524
11238
12658
16772
13744
10750
13825
14144
12920
12476
11074
12353
10541
7323
9993
10264
6301
4493
6734
6040
1278
2172
3304
-637
-3564
-1839
-2056
-7526
-7959
-6862
-10395
-11848
-11004
-14213
-17759
-14299
-13061
-19105
-18654
-13638
-19628
-22338
-12135
-12591
-20977
-15606
-10170
-15271
-14825
-11330
-8391
-8260
-13645
-6537
-454
-10123
-9199
1368
-1600
-6425
729
4345
-855
-2538
4320
7135
699
2702
10576
7096
2244
8343
12289
6803
6066
13882
15076
8136
9751
16492
12536
8879
15695
16569
10444
12280
15559
12814
11719
12782
13147
12706
10487
10881
12742
9499
6876
9667
9687
5777
4823
6419
4547
544
2156
2677
-2069
-3439
-2714
-4161
-7291
-8064
-8245
-11206
-11471
-12260
-15913
-15922
-13581
-15856
-20557
-15851
-12540
-22153
-19964
-9277
-15293
-20570
-12608
-8920
-15668
-16750
-8242
-6870
-11875
-10825
-3167
-3493
-11137
-5489
2959
-3088
-6528
3421
5789
-3172
-1053
8217
5327
-685
6277
12162
5420
2629
11416
12671
4714
8280
16161
12321
6979
13051
16804
9928
9516
17375
15593
8043
15329
17111
8481
12171
14174
13305
12743
9123
11859
12517
6173
7553
12216
6596
3330
6544
5791
1756
-320
1996
1281
-4002
-4044
-1819
-6534
-10392
-7911
-8435
-12229
-12855
-13024
-16187
-16107
-12601
-16625
-20379
-14192
-15924
-22701
-14798
-10232
-18743
-18412
-10929
-11401
-15478
-13799
-7757
-7368
-11867
-8206
-1277
-5668
-10559
-2522
2636
-4174
-3747
5282
3167
-3844
1943
9098
2992
45
9386
10825
2026
4952
13866
9238
4399
12176
17334
9384
7001
16745
15677
8956
13871
18788
13035
10067
16445
16320
11343
11763
14629
15660
9980
9089
15630
11190
4856
10744
13228
4192
3194
9502
4909
-13
2539
2971
-1000
-4427
-2668
-1961
-7928
-10482
-6199
-7817
-13960
-13659
-12948
-15350
-14853
-14701
-17483
-16501
-15612
-20854
-17843
-11018
-16265
-19825
-13824
-10776
-15510
-15256
-9237
-9169
-11773
-10165
-4381
-4487
-9861
-6438
-76
-2748
-5103
1092
3342
-2331
-1471
6185
4724
-881
5494
11694
5008
2444
10921
11821
4813
8371
16959
13021
6649
12946
17254
10268
10498
18487
15729
10124
14511
16917
12517
11637
14245
14908
12732
9822
11515
13610
8032
5595
11943
9885
2065
5424
8225
1252
-834
3120
1353
-3325
-4657
-3598
-4866
-9634
-9750
-8327
-11628
-14380
-13789
-14187
-15563
-15258
-18096
-17244
-14694
-20279
-19637
-13325
-15650
-19447
-15143
-11566
-14922
-16077
-11301
-7727
-9800
-10841
-6061
-3493
-7347
-7334
-1072
-473
-3956
-1076
3652
1271
-1866
3588
7335
1901
2684
10287
8403
3164
7069
13122
8968
4987
14936
16500
6364
11372
17802
12606
12837
14956
15793
15687
10826
15412
18513
11186
12239
15853
14292
10570
8985
12967
11891
5471
9085
13003
3237
1649
9439
4469
-1653
2426
2545
-3715
-5722
-4629
-5319
-8717
-11495
-9573
-9835
-15285
-17038
-14471
-14048
-17092
-19325
-15693
-15004
-22416
-20498
-11601
-15183
-20225
-14836
-11715
-14763
-15846
-11630
-7472
-10321
-11739
-4852
-3438
-9306
-7257
-1068
-2060
-4124
-460
3188
433
-2383
3002
6668
1828
2409
9639
8339
2707
6677
12332
8388
6335
12974
14512
9237
9840
15107
14357
10423
13728
17577
13377
12268
15865
14245
13041
14753
14007
14201
13826
11067
12285
12702
8354
9123
12168
7511
4039
7408
6049
383
1198
3391
-788
-4712
-3769
-4089
-7840
-9233
-8804
-10997
-13296
-15181
-15574
-12006
-14906
-21646
-16057
-12828
-21755
-19829
-10696
-14868
-20394
-15000
-10540
-14107
-16575
-11527
-7014
-10250
-12573
-6289
-2918
-9045
-8701
-281
-1380
-6200
-599
4180
-1074
-3006
4405
6175
-237
2829
10726
6308
1818
8564
11864
7012
7283
13221
13467
7701
9428
17106
14312
9384
14493
17070
11183
12724
18428
13751
11897
14681
14371
14188
11834
10887
12867
10721
7658
10985
10903
4147
3868
7070
4486
425
1177
2418
-2211
-6375
-4090
-3728
-8751
-10133
-8572
-11431
-14943
-15095
-14634
-14108
-15928
-19566
-16810
-14750
-21708
-20283
-10839
-14793
-21419
-14572
-10254
-15958
-16166
-10551
-7866
-10255
-11615
-4428
-3257
-9936
-6756
-29
-914
-4063
-247
4815
78
-2465
5245
6992
343
3645
12606
6780
1790
10472
11089
6894
9495
13370
14042
8647
10223
17486
12924
9068
17310
17713
9671
13902
17935
11844
11490
15444
15131
13114
11138
10755
12029
9472
7415
10974
10403
4364
3501
6460
4217
-330
-7
1473
-1628
-5388
-4654
-4616
-9767
-11477
-8501
-11116
-14892
-14557
-15298
-14767
-16017
-20425
-16384
-13832
-21731
-19719
-10978
-15781
-21103
-14291
-10142
-15169
-16845
-10041
-6562
-11840
-11899
-3313
-3487
-10700
-6376
1283
-2594
-5440
884
3338
-1449
-1699
4781
5525
89
3495
10649
6071
1752
9129
12218
5877
7001
15337
13731
6822
11268
17297
11937
10080
17036
16180
10988
14056
16482
13287
12786
14665
15248
13937
11150
11917
13750
9559
7644
12220
10195
3903
6402
8405
2232
221
2979
1409
-2181
-3437
-2843
-5610
-10475
-8045
-6470
-12965
-14476
-13138
-15675
-14242
-15028
-19382
-15941
-15577
-22411
-18334
-10477
-16274
-21538
-14856
-10187
-15098
-17128
-9870
-6914
-12462
-12133
-3130
-3848
-11014
-6087
865
-1448
-4874
930
4878
-1976
-1987
5877
5801
139
4213
11595
5834
1432
9754
12340
5750
7748
15714
13656
6724
11337
17922
11605
9954
17738
15282
10144
14465
16569
13186
11697
13138
14652
12489
9832
12052
12524
7177
7108
12374
8647
2417
5586
6298
1060
887
2297
-360
-3903
-5212
-4227
-6093
-9541
-8592
-9121
-13061
-14006
-14376
-14723
-13742
-17197
-19421
-14687
-16312
-22494
-16974
-10917
-17574
-20799
-13340
-10874
-16268
-16354
-9261
-7631
-12169
-10320
-3510
-4529
-9612
-5347
880
-1458
-3551
1903
4156
-556
-483
6260
7308
612
6502
13155
4938
4024
10907
12900
7435
8197
16975
14286
7943
12376
18078
12568
10653
17974
16182
10808
13458
16051
12902
10932
13502
15288
11547
8864
12818
12199
6095
7420
12229
8474
2602
4743
6043
226
-947
3196
415
-5618
-5925
-4321
-6752
-10300
-9512
-8926
-12911
-15233
-14413
-13790
-13908
-17439
-19380
-14654
-15722
-21997
-16490
-10738
-18704
-20975
-11816
-10542
-16883
-15734
-8653
-8491
-13380
-9543
-2648
-6193
-10070
-4613
406
-2453
-4179
1791
3653
-1699
-655
6603
5238
-584
6028
12229
4445
2464
11309
12015
5455
8597
16671
12653
6610
12779
17469
11976
10688
16644
15782
10912
13652
16799
13365
11353
14467
15627
12240
10043
12376
12483
7323
8144
12038
8357
3045
4486
6909
2132
-233
1825
783
-3422
-5594
-4181
-6280
-9155
-10438
-9994
-10856
-15834
-15583
-12254
-14380
-20180
-18766
-12944
-18159
-23287
-14523
-10763
-19849
-19526
-10150
-11338
-17781
-14174
-6161
-8065
-13652
-8036
-1437
-7621
-10623
-1237
1150
-5246
-2340
4969
1912
-3593
2090
8181
2675
260
9836
11894
1867
4564
14500
10373
4959
12535
17794
9856
8835
16051
14962
11129
12928
16907
14735
11389
13981
15129
11837
11177
14549
13947
9326
9351
12475
9645
5641
8637
10352
4897
2078
5791
4695
-1385
-283
2675
-1807
-5544
-4933
-5817
-8214
-10006
-9973
-9921
-13484
-16636
-14663
-12503
-16284
-20404
-16316
-13427
-20335
-21202
-11884
-12579
-20699
-16953
-9171
-12416
-17204
-11963
-5699
-9379
-13032
-5561
-1205
-8663
-9231
859
1323
-6004
-1211
6735
-27
-4352
6250
9226
331
2283
12637
10333
1019
7153
16868
9112
4712
16100
17901
7495
9510
18326
15496
10015
13741
18879
13449
9712
16711
16222
9912
11678
15788
13592
7809
9963
13627
8187
5266
9605
10041
2187
593
7738
3741
-4059
774
2421
-5359
-6852
-3677
-5800
-10398
-10621
-8863
-12160
-16144
-15685
-13719
-13826
-18094
-18823
-13761
-17036
-22928
-16258
-11422
-18193
-19758
-12272
-11019
-16921
-16324
-9123
-7436
-11711
-10681
-4034
-5019
-10942
-5521
2529
-2413
-5307
2920
4232
-2639
-401
7098
4886
-146
5664
12316
5583
1753
11611
13562
5826
9100
17283
13007
8013
13819
17318
13237
11355
16214
16642
11320
13926
16819
13397
11913
13179
15660
12579
8197
12482
12445
5813
7794
12140
6675
2178
4998
5419
1352
-855
2008
892
-5828
-5341
-3029
-8105
-10116
-7917
-9826
-13179
-15417
-14990
-12424
-13814
-19047
-18415
-13835
-18175
-21356
-13579
-11399
-19696
-18527
-9799
-11924
-16749
-14220
-7584
-7506
-12770
-7867
-2417
-7410
-10294
-2930
2223
-3433
-3982
4806
3575
-4208
1798
9637
3242
406
10251
11948
3015
5387
14276
10865
6090
13122
17611
10701
8638
16392
16528
10518
13708
17366
13409
12122
14482
14753
12663
10860
13220
14862
10616
8435
11212
10519
6207
7489
11245
5924
416
5566
5880
-2214
-537
3944
-3524
-8217
-3333
-4942
-11044
-9799
-8516
-12130
-14004
-15325
-16545
-13590
-14368
-20262
-17385
-13003
-20333
-21895
-11793
-12177
-20197
-17104
-10056
-11771
-16243
-13139
-6184
-8019
-13122
-6287
121
-7692
-10523
463
3185
-4791
-2149
6964
2848
-3682
4924
10912
2794
2062
12022
11163
3647
8071
14507
10748
7097
13572
18020
9854
9289
17253
14375
11337
15257
16275
13349
11985
14414
14911
12335
11241
13427
13771
8378
8141
12514
8502
3532
8502
10726
2098
366
7360
3430
-4230
754
3084
-5575
-7602
-3691
-6714
-10933
-9336
-8946
-12998
-15015
-14737
-15221
-13799
-14330
-19350
-17849
-13527
-19140
-20973
-12247
-12962
-20138
-16171
-10201
-12772
-16289
-13163
-6559
-7625
-12514
-6756
-1201
-8100
-9682
230
1576
-5458
-1980
5580
1027
-3511
3992
7923
1678
1986
10567
10126
3106
6940
14664
10497
6419
14122
17529
10379
9826
16872
15905
11144
14126
17034
14056
12301
14390
15106
12378
10951
13964
14040
9161
9289
11419
9115
5612
8350
11235
3147
1389
7511
3136
-2025
2244
2328
-5124
-5606
-3249
-6138
-8778
-9547
-10006
-11346
-13090
-14707
-15917
-14840
-14702
-18966
-18362
-13340
-18525
-22798
-13511
-11071
-19628
-17736
-9797
-11772
-16723
-13462
-6237
-7190
-12873
-7481
-302
-7139
-10155
115
1947
-4990
-1216
6214
2181
-2775
3708
8794
2771
2683
11915
10160
2376
7552
14130
10122
7843
12852
16157
10970
9111
16133
15595
10448
13334
17566
13985
10161
14910
15515
10322
11857
14443
12589
9088
9135
12230
8577
4158
8839
10668
2796
1324
6147
1761
-2673
974
611
-4501
-5856
-6004
-7730
-8429
-9488
-11227
-11508
-13261
-16879
-16542
-13264
-14770
-19675
-18216
-13731
-18835
-22980
-13533
-10304
-18705
-18593
-10315
-9343
-16885
-14379
-3170
-6851
-14734
-4411
1711
-8013
-7891
-196
2130
-1720
-3046
6619
5629
-4395
3337
12526
3158
-424
11935
12987
2621
6054
16317
11551
4884
13615
19029
10384
8706
16970
16059
10559
13622
17123
14019
11331
13443
15034
12029
10502
13607
12807
8057
8882
11292
7445
4231
7419
8668
3307
505
3958
3444
-1978
-1758
455
-3331
-6645
-5783
-6187
-8793
-11041
-11336
-10450
-12367
-15618
-16703
-14494
-13086
-17864
-19294
-13499
-15627
-23543
-16318
-8480
-17655
-19430
-10408
-10247
-16327
-13995
-6481
-7391
-11106
-8206
-1829
-3092
-8855
-3692
3097
-1898
-3794
4805
5225
-2672
380
8836
5263
-257
7534
12881
4543
3365
13670
12814
4966
10764
18423
12177
7759
14684
17274
11379
12139
17419
14917
11555
14002
15349
12114
11152
12241
12652
11722
8205
9318
9780
5172
5210
9268
7237
383
2460
5695
-498
-2755
1259
-502
-5979
-6331
-4835
-6906
-10412
-10486
-9005
-11881
-15936
-16366
-14513
-13208
-16753
-20135
-14628
-14232
-22917
-17798
-8063
-15648
-20785
-11298
-8398
-15306
-14609
-6516
-5816
-11138
-8496
-1567
-3560
-8190
-3937
1477
-996
-2770
2877
5214
-220
176
8027
7308
1392
6753
13083
7171
3801
11819
13617
6834
9516
16888
13926
7739
12521
17574
12540
10859
16032
16369
10825
12779
15722
11693
11583
11904
11491
11625
8219
7883
9689
6018
4477
7910
6105
1264
1332
3709
198
-3057
-122
-1083
-5505
-7921
-6805
-6367
-10584
-11126
-10025
-12644
-14974
-16684
-15138
-13058
-17211
-19801
-15238
-14156
-20874
-19006
-9872
-14642
-19927
-11596
-8413
-14892
-14229
-6874
-7616
-9553
-6661
-4798
-3373
-5633
-5256
1139
1596
-1937
981
6354
2715
-855
7417
10148
1934
4736
14252
9803
4081
10565
14239
9461
8154
15659
17385
8486
10937
18219
13306
11254
15497
16067
13091
12265
14310
12936
11225
11245
11528
12183
8685
7050
10608
7685
3168
7154
7935
1864
827
4369
2538
-3222
-2281
777
-3838
-7940
-5659
-5342
-10316
-12987
-9895
-9832
-14785
-16287
-15583
-15145
-15010
-18422
-17948
-13603
-18549
-22022
-13157
-11235
-19155
-17013
-9510
-12104
-16399
-11788
-6515
-8325
-10976
-6768
-1264
-4294
-7989
-1779
2564
-2077
-1822
4937
4277
-1616
2133
9781
5331
1566
10272
11946
4331
6900
14740
11926
6683
13796
18208
9811
10767
17357
13718
12603
14231
14821
16405
11832
12299
16807
10956
10583
14736
11333
10143
8979
8519
10049
5263
5245
9351
3740
134
3631
3339
-844
-2892
-272
-2014
-7074
-6277
-5205
-8107
-11297
-10871
-11184
-12919
-15250
-16727
-15458
-15234
-16306
-20340
-16295
-14090
-23110
-17553
-9913
-16616
-18809
-11598
-9347
-14145
-13489
-7799
-6526
-9228
-7599
-2123
-1792
-6935
-4878
3958
2079
-3445
3739
8294
297
775
10613
7707
1064
8826
14309
6257
5014
13898
13322
7132
11711
17925
13177
9428
14796
16533
11776
12548
16823
14877
11733
13315
14166
12051
10823
11337
12113
10964
8004
8005
9094
5005
3030
7903
6499
-780
840
4613
-849
-4092
312
-1437
-8032
-6567
-4310
-8467
-10774
-10732
-11335
-12262
-14839
-16179
-16461
-16288
-15613
-19034
-17828
-13234
-20615
-21878
-10542
-13059
-19260
-12716
-9708
-13059
-13381
-10305
-6357
-6886
-9443
-5174
202
-3932
-7542
749
5118
-2043
-583
8539
5498
-1002
5359
11312
4651
2971
12866
12591
3939
8523
15788
9773
6842
15308
16982
9634
10505
17286
15395
10904
13962
16159
13075
12668
13813
12979
11865
9575
10273
13190
9265
5948
10048
8617
3496
6309
8281
2811
273
5400
3660
-3845
-880
1373
-4305
-6737
-5207
-5670
-9308
-10037
-9856
-12012
-11930
-14348
-17913
-14425
-12455
-18156
-19629
-13442
-16775
-23787
-14157
-8996
-18694
-19328
-11233
-10200
-15093
-13561
-7689
-7009
-10355
-9097
-1328
-2612
-9743
-3437
4876
-844
-4354
5401
7593
-1783
500
10948
7594
36
8837
14874
5917
5229
12537
12434
8154
11381
17030
14284
8716
12074
18383
11417
11825
18896
12550
12305
14571
11747
12736
11515
10491
13337
11614
6844
8830
10230
5236
5379
9429
6357
199
2339
5003
-866
-2112
1391
-1189
-7027
-6430
-3444
-9246
-11835
-8844
-11200
-12769
-12649
-16219
-17903
-15135
-14333
-18285
-18898
-13360
-17853
-22999
-13040
-10938
-18552
-16957
-10293
-9853
-14486
-12042
-6024
-7667
-10271
-5203
1220
-3058
-8711
-1295
4224
-1549
-1097
7608
5557
-1718
4003
10322
5244
3071
10832
12959
5116
6914
14971
11534
6196
13313
19110
10265
8376
16625
15315
10331
12927
17354
14097
10502
13153
14554
10957
8880
12110
13387
8636
5741
9994
8581
1989
4584
9354
3390
-2266
3840
3379
-4446
-3850
699
-2244
-9103
-5944
-5105
-11789
-11542
-9968
-11503
-11886
-16167
-17803
-12727
-16024
-18277
-16149
-17397
-15504
-19196
-19727
-11187
-14332
-19614
-13026
-9162
-12956
-14038
-8817
-5022
-8532
-8756
-1956
-543
-5739
-5360
2535
2670
-3286
2496
8871
1637
-704
8764
10069
2549
6176
15562
10003
3103
12276
16999
8150
8025
18244
17279
7822
11712
20192
13224
8399
17087
17722
10260
11367
14841
12675
9627
9697
12686
11763
6168
7142
11764
5787
1341
9198
8205
-1107
1594
6693
-107
-3762
896
-731
-5037
-6583
-5477
-5630
-10912
-11578
-9713
-11810
-14288
-15709
-15669
-14985
-15348
-18573
-18660
-14114
-18437
-22264
-13626
-12036
-18873
-17153
-10604
-11462
-15935
-11846
-6404
-7806
-10504
-7365
-418
-3607
-8188
-954
2887
-1868
-823
6116
5276
-1917
2567
11171
3913
2902
12504
9932
5556
7482
12935
14198
8012
11824
19233
11888
8338
17637
16508
9755
13790
18007
14728
10356
12398
15320
11676
9549
12544
14207
8655
5077
10547
9408
2550
5167
10564
3097
-3075
4981
4124
-4215
-1178
1899
-3942
-7491
-5587
-5525
-9239
-11604
-9383
-9694
-13461
-15438
-15820
-16351
-15862
-14749
-18117
-17649
-15048
-21156
-19866
-11381
-14131
-18745
-13733
-8625
-12209
-15389
-9763
-5615
-8317
-9221
-3114
128
-6296
-6145
2257
2296
-1918
2951
9094
2530
20
9294
9002
3126
6614
12958
10227
5338
11278
14939
8758
8588
16942
17329
9358
12462
18744
13202
10333
15167
16854
12601
10973
15106
13738
8954
9075
12931
12189
5565
7729
11464
5508
1462
7251
7851
-1369
261
5919
713
-5751
-1813
-1024
-6696
-6802
-6018
-5537
-12519
-13588
-8350
-12706
-15511
-15595
-14721
-16369
-15466
-16307
-19372
-14663
-17844
-21754
-14457
-10880
-17205
-17893
-10836
-11010
-14243
-11671
-6273
-6036
-9234
-6614
-847
-2325
-6838
-1749
4500
-118
-1928
6704
6729
-963
3720
10887
5892
3135
10655
13237
6598
6185
14055
13777
7407
12181
19308
12722
7846
16060
18073
10080
11577
18718
14940
9608
13632
15247
10706
9844
12129
12912
9993
5972
8890
10542
3852
4776
10196
3736
-1117
4558
4393
-2609
-2539
1161
-2251
-7197
-6128
-4777
-7984
-11610
-10552
-8748
-12829
-16388
-14560
-14647
-16227
-16571
-17976
-16814
-16359
-21094
-19210
-11970
-15741
-20082
-13190
-10324
-14701
-14497
-9245
-6987
-9721
-9603
-2923
-2199
-7573
-4587
1347
1144
-2996
2745
8536
-473
1082
9968
7025
2921
8221
13440
8140
6442
11970
13907
9807
8900
16689
16167
8753
13124
18596
13220
10442
15960
16898
10914
11777
15389
12212
9930
9845
11963
11901
6145
6967
10945
6036
2227
8151
7860
-1028
442
6267
436
-4728
-17
-234
-5977
-6727
-4666
-7297
-12155
-9994
-8614
-13174
-15636
-16032
-15986
-15766
-14934
-16562
-19679
-15996
-15657
-20920
-16768
-11653
-16072
-18283
-12044
-9287
-13788
-14040
-7470
-4980
-9432
-7803
-198
-2017
-8164
-3137
4286
793
-1576
5948
7662
334
2192
10188
7345
2827
9551
14229
7601
5014
13454
15217
6933
10077
20073
13675
6345
16058
18905
9747
11163
17345
14497
10981
12774
13694
11456
8535
10384
13923
10157
5038
8636
11288
2796
3519
10152
3791
-874
2918
5692
-1231
-5349
-153
-1975
-7360
-7708
-4436
-7579
-14271
-10548
-8830
-15058
-16890
-15017
-15953
-17022
-15551
-18331
-19387
-15286
-19053
-20877
-12785
-12288
-18689
-15299
-9277
-12476
-14518
-9808
-6093
-7317
-8771
-4416
-21
-3958
-6482
1104
4350
-1494
575
8057
4291
-375
6790
10642
4908
5078
12403
12434
6130
8450
15807
12333
7597
15378
18473
9466
9961
18480
15153
9729
14848
16687
12006
12203
13940
12351
10956
10102
11376
12852
8290
6068
10518
7990
2349
7147
9167
710
-18
5677
1649
-4167
-729
839
-4995
-7389
-5075
-5729
-10916
-11691
-8166
-11467
-15718
-14733
-14615
-16710
-15856
-14589
-18824
-17852
-14498
-20536
-19148
-11039
-14613
-18338
-13582
-9952
-11712
-14225
-9979
-4614
-7583
-9804
-1583
534
-7643
-4746
2771
1866
-1175
2174
8104
2815
-665
8141
9784
2855
5306
13856
11004
3706
9902
16403
8261
6763
17991
17071
7597
11349
18804
12955
8094
15481
17654
10633
10442
14980
13116
8663
9146
13129
11592
5302
7529
12274
4883
804
9324
7782
-1815
1248
6388
0
-4730
-299
301
-5919
-8178
-4078
-5193
-12934
-12266
-7665
-11989
-17515
-15196
-13433
-17837
-16982
-15415
-18903
-16440
-17616
-21073
-13835
-12135
-17919
-16029
-11082
-11896
-13935
-10668
-5947
-6523
-9269
-5746
-262
-2742
-6434
-861
3777
-483
-277
6630
5877
-64
3612
10180
6727
4043
11117
13125
6204
8036
15123
13136
7979
12367
18937
12799
8556
16183
17723
9673
11284
18944
14266
9787
13444
13831
11642
9874
9867
14401
9048
2553
12970
9416
-907
7099
9324
1352
-688
4351
2651
-3929
-1646
396
-4516
-8008
-7052
-5963
-9196
-13453
-11063
-10315
-16073
-16247
-14970
-17957
-16227
-15133
-19403
-17466
-15922
-22115
-19202
-10664
-14247
-19203
-14213
-10196
-13044
-14107
-8774
-5662
-9064
-8883
-2197
-571
-6281
-5762
2706
2965
-2736
2809
9222
1781
-941
8959
9829
3113
7557
14240
9223
4897
11843
15454
8550
8646
17396
16360
9507
11999
17399
14018
10553
16351
18010
11179
11122
15633
13803
10638
10730
13259
12670
6051
7465
12666
5932
1518
8539
8629
-867
972
6603
-1105
-4924
681
759
-5983
-9221
-4457
-5650
-12903
-11155
-8256
-12839
-16624
-15647
-14958
-15880
-16449
-18013
-17066
-16182
-20528
-19885
-13136
-13084
-18594
-16406
-11260
-12572
-13710
-11758
-7485
-7396
-10114
-5564
-1629
-4577
-6630
-1271
2725
-1464
-971
6426
4815
-1549
4417
10396
4579
3789
11245
11502
6162
8194
14918
13107
7441
12791
18505
12313
10018
16609
16522
11019
12461
17007
15256
11482
12583
14625
12267
9061
11405
14071
8535
5358
11340
10104
2246
5564
10259
2161
-1804
5442
4303
-4508
-3106
1477
-4230
-9388
-6183
-5389
-10637
-12593
-10394
-11365
-15233
-17234
-15282
-15425
-17569
-16895
-18076
-17209
-17177
-21802
-17137
-11711
-16853
-18127
-12351
-10793
-14042
-12778
-8158
-6904
-7907
-7437
-3016
-1535
-5641
-4120
2839
2303
-2011
3297
8036
1771
609
8737
8576
3554
8365
13452
9143
6529
11836
14776
10276
10009
16907
16720
10621
12580
17341
14225
11327
15196
17459
13636
11351
13396
13485
11319
9909
12432
13301
6866
6271
10294
6617
2915
6324
7486
727
94
4875
-515
-5134
-1418
-803
-5955
-9321
-6737
-7444
-13046
-13191
-10338
-12924
-17733
-18011
-15830
-15786
-18230
-18871
-16283
-17534
-22241
-18533
-11195
-15147
-19642
-13601
-10537
-14038
-13807
-9462
-6603
-7934
-8394
-3641
-1584
-5049
-5012
675
3010
-886
687
7070
3770
-212
6731
9736
4875
6269
11854
10473
6440
9685
14395
11986
10433
14635
15488
11994
12416
15576
15405
13820
14478
15686
15189
13306
12628
14511
13901
10750
12413
14141
8908
6347
10379
8722
3903
7250
9357
1756
-1079
4539
2146
-3297
-1247
-217
-4490
-8458
-6441
-6163
-11444
-12120
-11193
-12856
-14811
-17079
-17072
-15776
-16636
-19823
-17621
-13421
-20151
-22492
-13026
-12292
-18502
-15817
-9814
-11579
-15242
-11393
-5733
-7638
-10080
-5309
-1115
-4343
-7009
-916
3111
-1635
-689
7189
5350
-599
4287
9658
4798
3511
11827
11496
5692
9361
13316
11816
9439
12408
17209
12983
10538
15633
15496
11394
12798
16707
14613
12273
13197
12732
12715
10839
10610
13870
10593
6333
10331
10006
3186
4822
9051
4312
-1034
3332
4572
-2650
-3303
-153
-2295
-8193
-7720
-4549
-10224
-14104
-10998
-10920
-15530
-17160
-16009
-14931
-15644
-19408
-18191
-14224
-19113
-22432
-12564
-10768
-19017
-16366
-10269
-11708
-15415
-11551
-5826
-7901
-9972
-5709
-978
-3516
-6214
-1129
2847
-505
-835
6060
5455
-486
3959
9724
5612
3752
11630
12060
5385
9216
13688
11495
11280
14482
15186
14063
12549
12804
17245
13285
12351
17215
12450
12825
15126
11846
12006
11959
10928
12086
11244
7329
8481
9211
4412
5744
8181
4900
43
787
3590
-2049
-3356
-652
-2874
-7095
-9097
-6322
-8787
-12669
-11976
-12008
-13236
-15821
-18098
-16383
-14129
-18693
-20221
-13742
-16235
-24271
-17557
-8917
-16285
-19803
-11095
-10176
-16205
-13532
-6282
-6391
-10718
-8260
-1380
-2391
-7245
-3028
3384
17
-2844
4655
7683
-55
561
9833
7503
1627
9052
13927
6376
5708
13742
12736
7367
11608
17146
13278
9778
14462
16439
11791
12332
17035
15349
12052
13429
14237
13074
12075
11709
12693
11650
8652
9202
10624
6290
3952
8338
7432
1030
2191
5532
-189
-3146
-298
-699
-5850
-7804
-5069
-8249
-10452
-10855
-11819
-14442
-15412
-15394
-18380
-11586
-17368
-24157
-12809
-14892
-22103
-18266
-10904
-14535
-20112
-12207
-8371
-14682
-15615
-7798
-5588
-10239
-9259
-2437
-3019
-8915
-4285
3219
27
-4070
2451
7184
698
-879
8164
8688
1327
6851
14677
7798
3585
11958
14077
8254
10614
16978
14152
8345
14214
17829
11044
12804
17382
13873
11760
15068
14374
10997
11734
11815
12723
11461
7316
8795
9675
5328
5572
8476
5266
1336
1934
4255
396
-3557
-600
-1429
-5654
-7178
-6339
-8427
-11300
-10566
-11464
-12946
-14563
-16997
-17402
-14407
-14520
-20291
-18588
-12849
-19605
-23226
-11360
-11260
-20222
-15739
-9359
-11811
-15614
-11113
-5123
-7410
-10648
-5266
688
-5202
-8044
1475
4051
-2912
-752
8561
4918
-1601
6220
11296
4155
3346
14976
12279
2549
11477
15942
9716
9634
16313
16832
9405
12170
18032
13824
10393
15711
16444
10522
12435
15087
11999
10401
10586
11550
11994
8542
6868
9698
6642
3006
7394
7188
1542
491
2905
1216
-3013
-1575
-1357
-5015
-6944
-6784
-7470
-10375
-10494
-10847
-12937
-13247
-15374
-17767
-14604
-13410
-19652
-19165
-13292
-18194
-22461
-13683
-10628
-18595
-17790
-10404
-11213
-15115
-12276
-6347
-6468
-10441
-7115
-503
-3475
-8076
-1856
3764
-1381
-2595
6031
6203
-1432
2744
10152
4958
2770
11564
12204
4919
7637
14213
11498
8488
13337
16325
11802
10218
15670
15722
10487
13342
17248
12814
11500
14650
13144
11149
11700
11604
12195
10499
7080
9285
9568
4386
5638
9454
4558
238
2759
2840
-1362
-2224
832
-3220
-7007
-5111
-7873
-8847
-8793
-11944
-12726
-11349
-14425
-18350
-14410
-13614
-18611
-18775
-13695
-15316
-23137
-16789
-8948
-15954
-17877
-11539
-10187
-13944
-14307
-7472
-4858
-10194
-9823
-1531
-1142
-8579
-4804
4486
409
-4846
4232
8761
-1023
-1031
10345
7917
437
9010
14616
5470
4795
14036
13441
7648
11047
17257
13845
8806
14140
17710
11786
11607
17089
15074
11244
12739
13901
12600
11044
11094
13071
11289
6573
8516
11254
5658
3833
9059
5987
-625
2389
4676
-1264
-3656
-318
-1899
-7266
-7571
-6201
-9235
-11840
-11261
-11669
-13883
-15974
-16825
-15887
-15198
-17800
-19099
-14849
-16057
-22389
-16810
-10234
-17175
-18844
-11022
-10594
-14727
-13614
-8371
-5970
-9367
-8708
-2128
-2496
-7155
-4056
2045
1524
-2077
1833
8019
2279
-1178
9397
9909
1993
9009
14353
7719
7905
12986
12765
11141
12689
16073
15156
11163
13496
16512
13511
13034
15508
14603
12489
13701
13072
11641
12419
10334
11465
11916
7451
7952
9689
5730
3724
8240
6500
-82
1283
3085
-1113
-2949
-734
-2477
-7224
-8143
-6830
-8650
-11275
-11097
-11837
-14076
-15496
-16867
-16041
-14160
-17797
-20498
-15248
-15299
-22320
-18542
-10878
-16047
-19820
-12170
-9485
-14740
-14886
-9180
-6514
-9521
-9674
-3357
-2114
-7643
-5900
1649
1120
-3265
1287
7070
1789
-1395
7516
9379
1582
6142
14017
7857
4953
12537
13663
8607
11038
17088
14619
9735
14741
18140
12009
12951
17116
14539
13513
15268
14114
12361
13594
11955
12287
13111
8404
9138
10992
6488
5508
9036
5638
1733
3117
3151
1303
-2077
-977
-566
-5777
-7006
-5681
-8283
-11260
-10242
-11740
-14767
-14818
-16421
-17107
-14604
-16550
-20714
-15879
-13864
-22514
-19753
-9406
-14898
-20500
-11777
-9282
-15994
-14921
-7997
-6366
-9374
-8804
-3474
-2316
-6756
-5257
2203
1931
-3051
1461
7445
1849
-1374
7296
9343
2317
6007
13788
8766
4631
11882
14078
8207
10460
17542
14467
9081
13932
17526
12256
12122
17435
14856
11137
14272
14193
10831
11865
12549
11493
11161
8685
7999
9535
6063
4171
8205
6701
781
1439
3496
-556
-3130
-652
-1754
-6447
-7607
-7139
-8761
-10780
-11566
-12027
-13345
-15083
-16793
-16352
-13661
-16195
-20899
-16506
-13627
-20744
-19317
-10109
-14368
-20902
-12976
-7458
-13781
-15495
-7679
-5315
-10875
-8196
-386
-3268
-7338
-3150
765
1187
-732
1046
6874
3031
-1111
7940
10018
2490
7003
14569
8855
4746
12350
15563
9241
9521
17367
16193
8904
12509
19487
12696
8768
17486
16097
9419
13373
15294
10307
9888
11331
11805
11294
5634
7537
11006
4112
3473
9253
6125
-1043
2164
5948
-802
-4322
0
-728
-6716
-7754
-5643
-8120
-13120
-10680
-9257
-14835
-15273
-15007
-16531
-15061
-15511
-18215
-16278
-14467
-20562
-18978
-10502
-14323
-18769
-13113
-8952
-13229
-15455
-8146
-5457
-9662
-9085
-3278
-1787
-6912
-5638
1278
1139
-2952
1231
7137
1892
-1335
6531
8384
2136
5977
12782
8072
4495
10893
13374
8453
10315
15932
13750
8855
13100
16778
11280
11842
16343
14487
10965
12788
14171
11294
10846
10438
12079
11836
6632
8595
11482
4777
4179
10753
6578
1988
3044
3597
1992
-3204
-803
1410
-6123
-7493
-4636
-8785
-11700
-8987
-10110
-14073
-14891
-15737
-15683
-14593
-15869
-18713
-16806
-13560
-20032
-19888
-10093
-13366
-19806
-13494
-8782
-14062
-14865
-8703
-6278
-9499
-9844
-3328
-1906
-6929
-5885
401
1652
-1898
410
6380
3102
-1019
6574
10017
2765
4725
13994
10136
3182
11056
16477
8523
8111
17553
16147
7897
11651
19113
13594
8628
16674
17811
9665
11404
16104
12411
9314
11991
13090
10554
6782
8430
11611
4545
2155
9497
8095
-777
220
5810
-364
-4479
899
154
-6751
-8786
-5804
-6756
-11715
-11797
-9646
-13660
-17428
-15463
-14611
-15207
-16953
-19705
-15808
-14133
-21509
-19255
-9099
-14369
-20611
-11557
-8443
-14460
-14817
-6666
-4492
-10549
-8543
-1594
-723
-7446
-4452
4225
57
-2224
2976
6584
2954
65
7544
8976
2498
7281
14856
8027
4073
13020
14476
9003
10455
16192
15277
8798
12682
18355
12605
9846
16470
16961
9804
11892
15979
11783
9572
11921
13041
10331
6400
8251
10999
5142
3565
8547
6400
305
1019
5673
530
-4321
598
33
-6870
-7843
-4471
-7672
-12206
-10095
-9566
-13329
-16694
-16814
-14139
-13927
-17854
-19914
-15159
-14807
-22818
-18105
-9159
-16235
-20000
-11875
-8550
-14467
-15879
-7425
-5657
-11294
-8552
-1630
-3760
-8272
-3976
1183
-568
-2261
2177
5118
731
275
7787
7602
1379
7092
14141
7705
4427
12002
13408
8387
10783
16502
14343
8912
12086
17960
14561
9928
15141
18034
10907
11360
17142
12906
8269
12913
14873
9780
8398
9086
9637
6767
3661
9754
8794
159
2110
5608
110
-2949
659
-129
-5790
-7405
-5771
-7966
-11749
-11691
-10302
-11908
-16109
-18085
-15480
-13344
-17265
-20311
-15337
-15025
-22399
-18398
-9393
-15311
-20503
-11763
-8322
-14662
-14307
-7468
-6002
-9710
-8364
-1661
-2168
-7841
-4202
2593
297
-2405
2886
6607
1616
52
8219
8788
1348
6691
15228
8255
3471
12644
14805
6947
9798
18315
14242
8150
12896
16858
12600
10314
14951
15918
10488
10577
15442
12162
7584
11821
13451
9083
7401
9550
8338
4552
4839
6872
6504
1453
919
3751
-197
-2706
-1315
-1106
-4244
-7408
-6742
-7345
-10921
-11683
-10818
-12399
-14764
-17546
-16347
-13452
-15704
-19672
-16258
-11713
-21391
-21490
-6791
-12280
-22451
-11814
-6432
-15615
-14994
-7157
-5671
-9265
-10131
-2164
74
-7918
-5762
3383
1282
-2984
2798
7443
2538
-446
7016
10169
2823
5308
15244
9745
2395
11342
15621
7521
8840
18082
15215
7409
12306
18404
12246
9056
16635
16744
9396
11178
15892
11651
7531
11786
13635
9570
6257
8332
10136
3799
2810
8360
6489
708
1240
4416
274
-3324
-497
206
-4142
-6988
-5708
-6488
-10013
-11196
-10018
-11320
-14421
-15669
-15821
-14082
-14326
-19322
-17048
-11557
-18770
-20964
-9604
-11146
-20280
-14104
-6862
-12246
-15529
-9189
-5339
-9388
-10043
-3376
-1693
-7041
-6686
87
1335
-2452
-267
5489
3441
-1166
4530
9813
3416
2998
12697
10490
2426
9138
15625
8881
6791
15202
16212
8308
9676
17837
15163
7262
13814
19164
9293
9689
16899
12413
8026
11447
13386
10276
7908
8099
9910
7288
3018
7471
8815
1184
-139
4468
2150
-2836
-927
277
-3493
-7156
-7308
-5579
-8955
-11278
-9457
-10558
-13680
-16707
-15714
-13421
-15105
-17859
-17259
-13551
-18271
-22181
-12070
-10010
-18552
-16385
-8250
-10721
-16231
-10777
-4982
-7858
-10091
-4766
-936
-5204
-6844
-807
2512
-1614
-1004
6454
5244
-1310
3276
9748
4345
2763
12521
12592
3690
7448
14960
10025
7356
15129
17218
10308
9295
16389
15906
9006
12282
18061
12209
8438
14890
14019
8220
9908
11724
11302
8704
6971
9535
7194
2885
5551
8527
3550
-763
3799
3095
-3602
-2252
177
-3567
-7454
-6930
-6064
-9432
-11573
-10735
-10960
-13498
-15759
-15026
-14499
-15037
-17033
-18197
-14537
-14095
-20467
-17525
-7664
-15365
-20230
-8155
-9496
-15766
-10710
-6433
-6800
-9034
-6769
-1111
-2783
-6096
-1762
2259
716
-511
3904
6462
1202
2101
9375
7024
3795
10845
12379
5904
8230
13695
10795
9680
15135
16189
12309
11534
15098
15303
11107
13177
16800
13195
10617
13946
12829
9043
11356
11623
11019
10447
7396
8291
8224
4651
4523
7702
5902
1151
1943
3056
-616
-2985
-690
-605
-5201
-7857
-7078
-7895
-10549
-10890
-10337
-12468
-15743
-16819
-14789
-13190
-17271
-20006
-13930
-14044
-22227
-17192
-8735
-16019
-20048
-10726
-8476
-14987
-13770
-6707
-6320
-9932
-7817
-2549
-2451
-6371
-4568
1869
1224
-2577
2676
7221
1158
130
8148
8103
2481
8635
14084
6765
5411
12336
12690
8119
12315
16432
12105
10517
13295
16148
11514
11846
17681
12643
10812
14242
13168
10656
10717
12033
11733
9992
7760
8333
8334
5290
4814
7489
6296
1179
1108
3944
643
-3178
-154
-117
-6239
-7467
-5283
-7875
-11068
-10227
-10175
-12790
-14913
-16647
-16678
-13774
-15414
-20516
-16315
-12201
-20494
-20683
-9616
-12469
-19590
-12731
-7876
-12218
-13637
-9327
-5205
-7246
-9942
-4119
197
-5354
-6759
1414
3120
-3157
18
8339
4058
-1527
6458
10445
2111
3786
14279
9902
2609
11153
15561
7785
8957
17087
14830
8531
12658
18270
12783
9497
15707
15144
9951
12906
14358
10566
9707
10707
11197
10581
7166
6583
10137
6047
2652
7178
6491
452
-556
4162
617
-4713
-1168
-1050
-6784
-8312
-6037
-7283
-9877
-12717
-10335
-11835
-17877
-14817
-15811
-15099
-13702
-19497
-17759
-12709
-18772
-21178
-8830
-11357
-19918
-12284
-7768
-12384
-14138
-8077
-5096
-7808
-7681
-3332
-643
-4188
-5692
169
3445
-836
514
7651
4451
-1000
6127
10458
3501
5401
14250
10182
3980
10859
14859
8139
9154
17617
15355
8444
12147
17190
12453
9981
16113
16138
9823
11458
14984
11330
8957
10964
12082
10737
7664
7318
9153
5780
2664
7324
8115
526
-31
4880
267
-5019
-562
416
-6521
-8566
-5096
-6879
-12078
-11030
-9309
-13428
-15074
-14823
-16296
-13344
-13891
-20419
-16380
-11503
-19734
-19630
-9179
-12680
-20304
-13216
-6838
-12406
-14903
-8410
-5198
-9235
-9195
-2994
-2033
-6560
-5699
636
1617
-2229
-263
6261
2548
-2029
7123
8765
1756
6310
12791
7141
5288
11475
11923
11364
9927
14326
17022
7790
11343
18634
12545
9844
15663
15985
9983
11778
15116
10694
9062
11288
11559
10777
6912
6484
10243
5500
2045
8303
7308
-729
782
5017
34
-3939
-590
-219
-5221
-7593
-5721
-6371
-11755
-11730
-8166
-12641
-15891
-14325
-15745
-14825
-14548
-19344
-16716
-11864
-18928
-20278
-10071
-11830
-19179
-13080
-6812
-12082
-14704
-7956
-4528
-8558
-8776
-2528
-1024
-5911
-5326
1569
2088
-2303
1136
7316
3720
-604
6598
10569
3057
4935
15319
10636
2999
11121
15425
8677
9575
17450
15595
8372
12143
17651
12794
9515
15227
15963
9626
11199
14676
10538
7932
10579
11877
9417
6338
7274
9712
5064
1586
7069
6938
-53
845
4384
149
-5166
-2420
1171
-6650
-10049
-3736
-8488
-13388
-9399
-10872
-14222
-14931
-16830
-15381
-13154
-16948
-19237
-15522
-14750
-20257
-18341
-9317
-13388
-20023
-11781
-6974
-13492
-13896
-6462
-4396
-8715
-8091
-1406
-1011
-6111
-3686
3316
2452
-1383
2849
7206
2639
527
7880
9576
2756
6484
15639
9461
3069
13044
16100
7014
10263
19498
14382
7544
13441
17066
11363
9449
15959
17101
8515
10281
16619
10177
6608
11287
13042
9540
5330
7328
8989
3942
2346
7804
6508
-1678
401
4787
-1418
-5195
-1059
-957
-6828
-7884
-4534
-7359
-13036
-11353
-8753
-12730
-15812
-15078
-13953
-13660
-17007
-18357
-13379
-15798
-22345
-14808
-8205
-16341
-18485
-10040
-8410
-14531
-13811
-4922
-5091
-11769
-6822
892
-3998
-8168
-1076
3642
-1784
-1714
6785
4339
494
3358
6497
9004
3185
6801
15617
6610
3948
14589
13845
6908
11955
18145
12757
8214
13798
17347
11583
10393
17292
15333
7890
12226
15692
9862
7779
11466
12871
7484
5552
9228
8124
2850
2919
8215
4597
-1966
1464
3229
-2713
-4179
-121
-2372
-8402
-8033
-5422
-9208
-12898
-9680
-9870
-15936
-16832
-14159
-13973
-15238
-18074
-16766
-13134
-18702
-20642
-10628
-10296
-18826
-15576
-7752
-10217
-14856
-10279
-4452
-7569
-9789
-3302
-106
-5907
-6556
1957
3206
-2487
719
6826
3160
-351
5652
9993
4110
3053
14210
12735
2121
9333
17380
9764
7338
17672
18587
8526
10650
17906
14514
10546
14193
17662
12135
9070
13974
13462
8865
7978
11668
11944
5600
5707
9823
4958
2162
7254
6247
722
-139
3225
313
-5044
-1141
-1399
-7180
-8030
-6811
-7958
-11373
-11744
-10105
-12711
-17462
-16334
-12700
-13804
-18290
-18796
-13208
-15668
-22067
-14833
-8597
-16073
-18422
-10601
-8448
-13230
-13587
-6644
-4090
-9310
-8312
-14
-1310
-8282
-3034
4580
1018
-3006
4172
8262
335
858
9908
9060
2562
7816
15889
8258
4078
13377
14921
8322
10825
18558
14521
7828
12919
16916
12799
10447
13809
15805
11348
10400
13514
11799
8898
8947
12698
11758
5238
6887
9511
4180
2753
7938
6252
-711
1006
4170
-1447
-4118
213
-1378
-7360
-7277
-5233
-8181
-11574
-10256
-9821
-14170
-17485
-15585
-11774
-14266
-20490
-17144
-12652
-19709
-21210
-10986
-10853
-19090
-16487
-9155
-10568
-15035
-11352
-5532
-6810
-9922
-5395
-325
-5248
-7408
-1358
3558
44
-2142
4589
4804
533
1786
9347
8486
1284
10175
14715
5333
6371
15011
12620
8014
14239
17319
10844
9216
15016
14856
11401
12676
14851
13636
10788
12038
12690
10288
8889
10246
12911
8256
4509
9100
7026
1766
5060
7742
1728
-1522
4011
1830
-5649
-2772
499
-4646
-7814
-5116
-6325
-11856
-11215
-8118
-12114
-16065
-15362
-13887
-12599
-16339
-18841
-12857
-14640
-22237
-15292
-7820
-15198
-18373
-10509
-8593
-13299
-12121
-6301
-5451
-8786
-7545
-2014
-1589
-6220
-4158
2824
2106
-2308
2189
7584
1337
-775
7718
8948
3209
6388
13216
9044
6164
11035
13268
11450
10384
15409
15875
10340
12884
15682
12707
13061
15470
13638
11139
12719
12329
9945
11027
9818
10664
11133
5374
8209
10111
2558
3475
9075
3569
-1885
2915
2775
-2200
-3964
-1514
-727
-9237
-9087
-2974
-9764
-14640
-10151
-9590
-15537
-17652
-14081
-13712
-17526
-19427
-14349
-13324
-21956
-19624
-10216
-12970
-18039
-13320
-8815
-13626
-14499
-7545
-5613
-8635
-9107
-3769
-1926
-6077
-3820
936
713
-699
1363
5167
3692
1681
4697
7503
5667
5851
11847
10320
6248
9767
11842
10900
11700
15327
15113
11325
12769
15188
12840
12691
15694
14695
11966
11684
13566
12006
9416
11000
12256
11082
7391
8352
10359
5496
3599
7505
7920
2182
747
3981
1016
-4284
-2338
467
-5365
-9416
-5225
-6462
-13717
-12655
-8438
-12755
-17602
-15994
-13273
-14845
-19735
-18100
-12519
-17274
-22569
-14181
-8817
-17722
-18862
-9053
-10472
-16557
-10547
-6030
-8714
-8419
-8247
-2474
-1927
-8945
-1462
2134
-2735
372
4223
3295
1477
2880
5676
7028
5404
8923
13411
6463
6827
14375
10458
8998
15920
16613
10951
11069
15604
14244
11518
14062
17319
13849
10051
13985
14263
8691
9203
12894
11755
8491
7040
8077
7121
3058
4673
8316
4166
-228
1723
1925
-3031
-4372
-239
-2021
-8902
-7989
-5386
-10927
-13788
-9548
-9950
-15622
-17387
-14753
-12927
-15710
-19355
-15436
-12767
-20274
-19404
-9091
-12923
-19889
-12552
-8387
-13187
-12715
-7907
-6672
-8302
-7548
-3372
-1891
-4826
-4948
55
1830
-1197
735
5512
3165
170
4910
8778
5000
4722
12566
12315
4533
8961
16254
9985
8519
18216
17344
8626
11474
17797
13542
10200
15381
17317
11115
9334
14220
13747
7698
7952
14011
10378
5556
7414
8459
6292
1606
6048
8379
737
-1111
2896
1852
-5526
-3394
1418
-6073
-11254
-6036
-5585
-13307
-12926
-8447
-13332
-18307
-15272
-13195
-15058
-17733
-18854
-14419
-15030
-21960
-16156
-8199
-16003
-18946
-9090
-8388
-15197
-12421
-5025
-5544
-9286
-6165
-1108
-3175
-6176
-1567
2605
-876
-1018
5063
4921
640
2773
7637
6605
4483
9074
12312
7033
6627
13538
12145
9240
13547
16309
13319
11067
14701
15648
12342
12437
15885
14994
9761
12107
14418
9622
8797
10845
11820
9327
6283
8904
8640
4021
4073
7825
5080
-493
2226
3385
-2351
-4117
-590
-2232
-8012
-7426
-4983
-9229
-13151
-9484
-9146
-15926
-16795
-13648
-14268
-15591
-18011
-17079
-14002
-19755
-19982
-10745
-12159
-17456
-15453
-9786
-10216
-16795
-9380
-3237
-10445
-8769
-3692
-3393
-5463
-5455
-878
1773
-700
-683
6645
4394
-1055
4488
8332
5446
4785
11544
11313
4700
8369
13299
10942
10160
14924
16005
10512
10993
15907
14487
11763
14506
16778
12524
10805
13895
12118
9241
10298
12039
11814
7855
6595
9168
5836
2781
6468
7412
1736
-711
2869
765
-4224
-2402
-16
-4881
-9081
-6199
-7191
-12643
-12612
-9525
-12553
-18130
-16713
-13246
-14127
-18574
-18830
-13561
-16741
-21764
-13620
-9195
-17031
-17303
-9418
-9690
-14223
-10954
-6156
-7045
-9334
-6993
-1302
-3527
-7170
-1549
2425
9
-672
4538
5648
645
2502
7903
7575
5121
9271
13493
7131
6141
13668
12490
9538
14489
17994
12834
10179
15520
15372
12468
13952
15701
15340
10950
10887
14066
10273
7411
11533
12629
7939
6426
6924
6278
3724
2886
7404
4787
-1681
1077
2807
-3486
-5656
-453
-1608
-9784
-9687
-5434
-11603
-16004
-9711
-9910
-17472
-17957
-14007
-13839
-17939
-19925
-14154
-13294
-21693
-18117
-8081
-13946
-19734
-11236
-8047
-14429
-13559
-6006
-4807
-9197
-7881
-1940
-2739
-6499
-2453
2380
-21
-1174
3610
5163
1402
2267
7772
7167
4074
9036
12981
8319
6767
12085
12326
9397
13368
17110
13636
10177
13970
15584
12008
13428
15956
14743
11593
12165
14024
10746
9422
11432
12000
9994
7812
7532
6988
4851
4282
6974
6090
1338
458
2065
-98
-3823
-1967
250
-6091
-10252
-5430
-6819
-13746
-11610
-8823
-14307
-17858
-15544
-13041
-15388
-19801
-17172
-13310
-19201
-20739
-11452
-11513
-18237
-16222
-9334
-10376
-15636
-9578
-4012
-8654
-9711
-3100
-685
-6012
-5426
1438
2016
-1862
1355
6324
2560
332
5815
8116
4513
6348
12331
9719
5307
10341
14056
10143
10727
16247
15612
11093
11965
15677
14046
11393
15085
16812
11734
10780
13611
11665
9135
9953
11637
10993
6970
6141
8221
5263
2723
5285
5332
1471
-589
868
921
-3198
-4169
-1279
-4437
-10039
-7917
-5852
-11796
-14273
-9762
-11807
-18348
-16590
-11800
-14453
-19563
-17098
-12605
-17416
-20856
-12453
-9317
-17089
-16775
-8732
-9567
-15141
-11123
-3612
-5755
-9805
-4712
-6
-4167
-6466
-27
3229
-1564
-639
6062
4184
-805
4078
9843
5667
4050
12235
12797
4873
8415
14925
10327
9469
16096
16803
11568
11708
16605
13902
11928
16209
14669
13307
12800
11652
13471
10668
9272
11372
11035
8073
5840
7948
5723
2393
4662
5250
2097
-814
106
-343
-4111
-4140
-2796
-4337
-8525
-10358
-7225
-10105
-15570
-11916
-10899
-17328
-18171
-13301
-13080
-19521
-18818
-11389
-16185
-21375
-12860
-8625
-15762
-16726
-8462
-9126
-14993
-10292
-3385
-6210
-9629
-4294
-418
-4198
-5884
-763
2359
-1115
-516
5848
4524
-1215
2703
9061
5750
3829
11107
12642
5548
7851
15132
11296
9732
15834
16298
12022
12146
16311
14575
11838
14729
16182
13049
10735
13443
12399
8993
10709
11033
10237
8729
6598
8190
6360
2754
5477
6769
2569
102
1919
339
-3437
-2660
-3128
-5031
-7228
-9108
-7191
-9412
-14111
-12717
-11102
-15350
-18557
-13245
-11506
-19708
-19071
-11078
-15697
-21540
-13678
-8424
-15043
-17698
-9064
-7729
-16597
-11923
-2172
-6465
-10510
-4729
-548
-5164
-6626
42
1914
-1226
-423
5221
5592
-460
2460
9465
6159
3017
11439
14354
4440
6412
15434
10887
7784
15447
18039
10823
10475
16818
14229
10957
14385
16236
12906
9792
12805
13088
8978
9354
10907
10785
7496
5599
9062
6312
841
4616
7922
1623
-1493
2732
160
-4974
-3311
-1902
-5214
-8647
-8211
-7307
-10947
-14507
-11896
-11942
-17069
-17157
-12743
-12225
-18902
-18377
-10393
-16320
-21341
-10990
-8452
-16111
-15857
-8557
-9214
-15192
-9726
-1961
-6203
-10203
-3691
122
-6307
-5865
2119
1173
-1809
2009
5353
3496
852
3957
7921
6483
5471
11004
12917
5670
7708
15361
11881
9315
16093
16941
9975
10952
15739
14654
10505
14180
18431
10416
9722
14651
10617
8443
10758
10695
9675
7209
4832
7994
5376
122
4475
6912
-269
-3242
2721
-560
-6663
-2894
-1292
-6591
-10264
-7963
-8104
-12375
-13395
-11613
-13039
-16910
-16536
-12943
-13176
-18341
-17244
-11306
-16356
-20709
-11122
-8606
-16860
-14733
-7821
-10043
-13560
-9486
-3652
-6063
-10162
-4055
321
-5947
-5923
2234
1552
-2387
1869
4911
2183
1171
4114
6718
6396
6245
9800
11234
6831
8557
14242
12196
9634
14606
16996
10320
11111
16976
13586
11312
15187
16115
11134
10361
13992
11461
8988
10104
10993
10699
6060
5314
9041
4985
1207
5718
7228
248
-2064
2918
-66
-5097
-2916
-1879
-5940
-10001
-7234
-6440
-12789
-13422
-9969
-12361
-17254
-16202
-10996
-14138
-19767
-14066
-12719
-19372
-16569
-11457
-11478
-13555
-14889
-9689
-8663
-14431
-9142
-2772
-8063
-8973
-2473
-1304
-5845
-3874
1888
-281
-1110
3663
4459
2009
2439
5201
6312
6007
7208
10585
10053
7136
10264
12482
10670
11382
14615
15635
11337
11503
15355
12997
11950
14847
15009
11590
10825
12710
11068
9590
9220
9551
10720
6772
4823
8293
5208
568
4193
6276
482
-1755
1710
-766
-5096
-3960
-2971
-5666
-9259
-8626
-7179
-11429
-14169
-10881
-11940
-17200
-16000
-12794
-13879
-16689
-17184
-13554
-14866
-19314
-14357
-9360
-13554
-15616
-10243
-8729
-12713
-10792
-5053
-4665
-7948
-5302
-11
-3516
-5482
258
1713
-43
1640
4446
4542
2690
3300
6864
8212
6269
8853
12650
8593
7792
13148
13246
9974
12954
17870
12395
10484
15639
13777
11898
12922
15506
13781
9235
12236
12542
9134
9264
9917
10409
7713
4720
7151
6485
1264
2177
5545
1918
-1936
475
401
-4120
-5151
-3134
-4224
-8779
-9335
-6510
-9615
-13716
-10534
-10085
-16285
-16755
-13350
-14101
-14749
-15727
-17049
-14563
-15574
-18244
-12097
-8918
-14627
-13965
-8284
-9868
-12768
-8268
-3974
-5805
-6853
-2776
-1428
-4368
-3043
404
1569
1427
2039
4777
4905
2149
3519
8329
7778
5641
10802
12276
6737
8466
13271
11232
9711
13911
15502
11046
10679
15063
14328
11219
13345
15886
12241
9766
13102
12418
8631
9108
10904
10562
6281
5470
8584
4754
1744
4699
5163
1056
-1418
887
-290
-5065
-4662
-2180
-5551
-9988
-7536
-6087
-11415
-12558
-10001
-12135
-14954
-15502
-13854
-13898
-14727
-15313
-17035
-13542
-15167
-18715
-11074
-9328
-14921
-12697
-8107
-10168
-11539
-7098
-4286
-5588
-6432
-3611
-637
-2348
-3876
91
3235
687
936
6798
5986
517
4638
10366
6639
5613
12298
12401
6208
8504
14448
11756
9869
15149
16122
11078
10601
14908
13948
10230
12975
15555
10832
9117
12889
10586
6896
8938
9819
8017
5999
5468
5664
3135
1135
2490
3713
498
-2715
3
-1052
-7064
-5244
-2180
-7442
-9792
-6344
-8462
-12755
-11644
-10221
-12282
-14820
-14457
-14011
-15206
-13975
-13508
-15390
-14513
-14174
-16373
-13344
-9456
-11723
-12187
-10091
-8845
-8932
-9025
-4806
-2854
-5765
-4451
202
-703
-3677
312
4436
1853
1687
6698
7182
3046
3904
9936
9627
5689
11496
14691
7114
8258
15077
12241
9998
14205
15866
12630
10433
13558
14476
10441
11816
15033
11397
9180
11646
10356
7223
7984
8694
7200
6508
5776
4264
3324
1686
998
2432
1079
-2024
-1491
-1884
-5839
-5090
-3650
-7619
-8731
-7843
-9611
-10960
-11056
-11570
-13435
-14221
-13712
-14618
-15413
-13948
-13182
-16088
-15903
-11968
-14747
-16381
-9972
-9058
-13187
-11633
-7262
-8461
-10858
-5864
-2403
-5431
-5348
-1052
277
-2540
-1871
3157
3795
986
3868
8552
4870
2480
8737
10262
6189
8570
14118
10766
6914
12949
14383
9360
11795
16173
13392
10652
13012
14184
11518
10550
13620
13499
9352
10124
11836
8091
6981
9303
8037
6380
6241
4946
3690
2305
1172
1782
1706
-717
-2486
-2005
-3736
-6034
-4752
-5866
-7660
-7670
-10183
-9815
-9836
-12881
-11659
-11316
-13486
-14208
-14028
-13258
-12986
-14056
-14365
-11944
-13430
-15623
-10275
-8769
-12378
-10474
-7521
-8711
-9519
-6019
-3102
-4380
-4805
-1787
400
-1294
-1239
2669
3852
1888
3079
6980
6627
3905
6047
9664
7892
6441
11300
12761
7776
8936
13889
11106
8931
14086
14825
9939
10106
13014
11683
9746
11321
12283
9788
8049
9298
9041
6777
6677
6943
6159
4833
3592
3614
2067
289
376
398
-263
-2651
-3459
-2585
-5121
-7173
-5634
-5614
-8978
-9920
-7731
-9534
-12641
-11419
-10733
-13180
-13532
-12013
-12760
-13395
-13036
-13267
-12496
-11916
-12693
-11381
-9311
-9842
-9411
-7549
-7493
-7110
-5100
-4297
-3725
-1973
-1437
-1159
389
1445
1351
2495
4075
4593
5545
6721
6984
6107
7842
8699
7863
10118
10378
10266
10284
9779
10994
10836
10804
12303
12766
10289
9756
11529
10214
9170
10475
10226
7943
7472
7878
6673
5473
5247
5016
4371
3134
1913
2044
586
-1302
-798
-476
-2481
-4523
-3231
-4492
-7609
-6023
-5454
-8632
-9302
-7611
-9462
-11249
-9972
-10412
-11766
-11674
-11784
-11656
-11097
-11902
-11478
-10474
-11050
-10672
-9755
-9228
-8410
-6844
-6582
-7240
-5244
-4141
-4659
-2987
-947
-823
-1744
439
2559
247
1240
4526
3545
3006
5467
6572
4977
4909
7319
7479
6716
8869
9768
8131
8006
9201
9776
9342
9932
11249
9752
8358
9737
9486
8047
8746
9022
7695
7105
6883
6252
5501
4666
4586
4587
3607
2326
1782
1497
-110
-1180
409
-698
-3763
-2218
-3415
-6074
-4215
-5815
-7284
-5975
-7843
-8881
-7695
-9281
-10649
-9048
-9525
-10859
-10090
-9795
-10979
-10850
-9292
-9686
-9816
-8301
-8468
-9013
-7095
-5879
-6629
-5607
-3864
-4017
-3937
-1501
-418
-1934
-200
2440
1358
1756
4150
4067
3172
4756
6509
5767
5734
7082
7252
6963
7527
8422
8684
8211
8347
9251
9217
8843
8744
9218
9285
7998
8225
8806
7661
6763
7071
6946
5506
4787
4956
4366
2960
2339
2450
1469
201
-155
-466
-1529
-2556
-2789
-2940
-3790
-4748
-5016
-5343
-6186
-6499
-6462
-7305
-8072
-7905
-8385
-9268
-8803
-8484
-9468
-9626
-9124
-9775
-9796
-8370
-8296
-8949
-8002
-7326
-7878
-7026
-5252
-4970
-4738
-3563
-2897
-2783
-1750
-679
-82
1003
1676
2230
2817
3463
3912
4510
5581
5962
6645
6759
7115
7543
7210
8434
8711
8598
9489
8967
8534
9278
9332
8545
8847
9654
8821
7438
7902
8196
5860
5466
7322
5379
3191
4153
3515
1673
1002
966
675
-793
-1828
-1458
-2117
-4343
-4535
-3435
-5107
-6482
-5537
-6076
-7709
-7521
-7056
-7826
-8484
-8692
-8277
-8122
-9143
-9157
-8255
-9041
-9568
-8268
-7808
-8269
-7956
-6842
-6787
-7044
-5666
-4977
-4723
-3556
-2845
-2640
-1919
-930
-636
409
1718
1643
2303
3416
3689
4150
5001
5547
5777
6538
6729
6962
7960
7550
7404
8483
8386
7796
8483
8888
7982
7889
8583
8066
7090
7446
7400
5885
6060
6546
4359
3501
4390
3188
1876
2024
1673
463
-866
-698
-576
-2556
-2835
-2283
-3549
-4500
-4708
-4561
-5412
-6437
-5907
-5850
-7158
-7489
-6445
-6973
-8166
-7770
-6990
-7587
-8687
-7279
-6349
-8394
-8033
-5949
-6720
-7198
-5274
-4653
-5711
-4747
-3045
-3327
-3012
-1506
-897
-890
-61
1101
1226
1755
2760
3109
3797
4365
4780
5434
5725
6211
6591
6698
7462
7802
7377
7847
8223
7470
7665
8321
7680
7349
7510
6941
6562
6427
5806
5428
5151
4149
3490
3514
2565
1427
1588
1032
-455
-499
-548
-2080
-2662
-2256
-3234
-4349
-3942
-4292
-5723
-5578
-5246
-6397
-6695
-6258
-6897
-7241
-6996
-7254
-7218
-7042
-7352
-7262
-6562
-6656
-6909
-5821
-5460
-6027
-5265
-4134
-4111
-3961
-2890
-2388
-2221
-1517
-850
79
608
693
1742
2473
2432
3069
4090
4632
4390
4728
5897
5781
5508
6475
6828
6345
6472
7030
7156
6645
6337
6951
6757
5629
5915
6318
5091
4455
4975
4316
3070
3159
3119
1910
1356
1467
605
-289
-314
-803
-1668
-1959
-2234
-2667
-3107
-3689
-3875
-4101
-4813
-4725
-4385
-5237
-5730
-5150
-5461
-6157
-5564
-5121
-5773
-5731
-4961
-5144
-5471
-4785
-4240
-4442
-4057
-3221
-3306
-3240
-2402
-1977
-1892
-1231
-556
-435
-46
380
867
1195
1275
2139
2568
2329
2887
3481
3311
3382
3961
4072
3921
4223
4605
4476
4139
4229
4419
4081
3957
4492
4264
3371
3433
3475
2786
2787
3011
2408
1943
1846
1293
1141
975
417
371
-52
-339
-399
-1001
-1267
-1230
-1783
-2022
-1659
-2136
-2470
-2443
-2622
-2898
-3024
-2749
-2906
-2967
-3189
-3183
-3064
-3495
-3155
-2907
-3108
-3195
-2932
-2663
-2948
-2738
-2236
-2193
-2315
-1892
-1206
-1470
-1580
-589
-386
-712
-44
506
358
535
1214
1391
1288
1659
2015
2196
2203
2339
2582
2464
2442
2561
2834
2889
2476
2662
2787
2318
2352
2700
2488
2080
2289
2201
1790
1718
1567
1739
1573
1045
1190
1163
582
217
671
634
-282
-75
169
-512
-858
-748
-611
-1130
-1410
-952
-1241
-1925
-1777
-1399
-1890
-2200
-1667
-1784
-2362
-2361
-2008
-2138
-2642
-2191
-1833
-2434
-2444
-2037
-2088
-2298
-2020
-1493
-1698
-1757
-1201
-1127
-1211
-915
-436
-263
-279
177
498
408
501
1002
1243
968
1542
1799
1199
1760
1882
1635
2049
1861
1882
1935
1816
1813
1752
1785
1588
1720
1605
1232
1558
1536
984
1051
1565
1046
544
1372
1176
264
713
1115
496
123
648
667
-160
-149
385
-15
-641
-331
-19
-653
-1084
-554
-513
-1395
-1328
-635
-1227
-1820
-1145
-1092
-1927
-1722
-1182
-1583
-1899
-1536
-1330
-1786
-1765
-1251
-1365
-1696
-1409
-789
-1261
-1524
-497
-626
-1390
-596
133
-616
-596
374
130
-392
187
688
325
284
811
782
427
587
875
860
777
764
988
1032
574
751
1331
804
555
1509
1285
437
1218
1571
561
926
1890
1070
632
1632
1406
472
1116
1678
842
659
1368
1123
287
672
1060
391
319
538
375
99
-218
-249
-15
-504
-966
-278
-787
-1393
-889
-1224
-1408
-1459
-1558
-1385
-1755
-1822
-1546
-1878
-1823
-1408
-1731
-1785
-1334
-1383
-1697
-1302
-814
-1382
-1348
-457
-692
-1095
-511
-66
-460
-615
161
280
-248
154
659
351
250
665
806
724
718
953
1236
1020
949
1419
1415
1058
1385
1734
1382
1319
1728
1655
1317
1478
1764
1537
1277
1563
1629
1146
1191
1480
1066
821
1104
912
508
593
564
143
69
189
-175
-414
-310
-635
-899
-764
-1053
-1326
-1161
-1453
-1770
-1506
-1677
-2045
-1788
-1764
-2062
-1931
-1836
-1941
-1845
-1786
-1758
-1551
-1468
-1577
-1289
-941
-1274
-1182
-500
-672
-920
-284
-54
-301
-144
183
336
126
279
634
597
613
583
956
1106
618
956
1518
1055
863
1629
1526
1002
1538
1779
1371
1472
1772
1626
1513
1676
1653
1600
1610
1538
1550
1432
1326
1367
1170
1020
1010
890
699
529
510
333
2
-36
-46
-426
-653
-539
-816
-1137
-1109
-1209
-1433
-1621
-1610
-1651
-1934
-1892
-1804
-2027
-2018
-1896
-1939
-1959
-1868
-1766
-1801
-1680
-1518
-1577
-1404
-1216
-1230
-1084
-891
-794
-713
-520
-359
-310
-122
36
116
262
425
489
591
851
790
830
1221
1132
1048
1408
1486
1319
1421
1670
1612
1432
1648
1802
1557
1554
1803
1700
1454
1633
1696
1328
1343
1509
1207
979
1157
1083
627
652
802
358
150
260
43
-178
-383
-484
-445
-808
-1122
-895
-954
-1605
-1485
-1081
-1743
-1981
-1421
-1583
-2180
-1857
-1427
-2016
-2083
-1504
-1643
-1912
-1641
-1356
-1406
-1459
-1269
-948
-925
-1142
-765
-335
-677
-664
-1
41
-338
84
607
241
277
876
821
698
1024
1191
1157
1258
1348
1429
1585
1456
1493
1803
1571
1444
1789
1626
1363
1640
1600
1285
1477
1479
1155
1260
1253
998
979
931
803
656
542
495
280
141
103
-133
-246
-277
-536
-675
-637
-866
-1089
-1026
-1179
-1387
-1387
-1526
-1585
-1578
-1787
-1767
-1595
-1793
-1886
-1590
-1551
-1745
-1585
-1305
-1343
-1387
-1211
-968
-891
-1040
-753
-340
-615
-583
-42
-75
-282
34
368
193
167
649
664
495
847
957
852
1065
1159
1108
1323
1318
1180
1478
1455
1209
1431
1526
1276
1210
1460
1351
1014
1215
1281
961
906
1008
915
671
655
700
545
418
353
411
309
53
108
143
-108
-334
-186
-193
-669
-636
-392
-759
-1052
-792
-804
-1294
-1244
-1010
-1328
-1512
-1325
-1309
-1500
-1486
-1373
-1375
-1361
-1370
-1271
-1111
-1121
-1113
-933
-715
-811
-804
-397
-434
-561
-216
-111
-196
-36
140
141
211
386
392
470
635
624
672
832
877
812
952
1107
966
1022
1209
1176
1099
1114
1292
1205
941
1172
1259
858
907
1148
857
689
841
761
590
501
521
504
297
254
295
206
52
-51
107
-68
-388
-105
-181
-623
-458
-348
-758
-839
-630
-849
-1101
-1010
-987
-1221
-1316
-1178
-1245
-1394
-1340
-1270
-1293
-1308
-1263
-1152
-1067
-1084
-1017
-801
-733
-819
-610
-368
-448
-404
-156
6
-59
-31
341
363
190
507
698
546
639
867
909
876
949
1124
1173
1080
1186
1347
1271
1209
1314
1378
1237
1154
1284
1216
981
1011
1074
842
685
783
693
417
413
458
227
98
132
29
-98
-142
-174
-218
-322
-383
-363
-476
-581
-542
-661
-801
-720
-837
-1064
-931
-954
-1275
-1178
-1046
-1323
-1352
-1174
-1264
-1347
-1290
-1205
-1174
-1211
-1085
-921
-945
-886
-673
-590
-591
-453
-226
-210
-237
69
194
35
251
553
388
352
783
779
537
840
1070
875
857
1152
1191
1003
1091
1287
1225
1076
1162
1288
1130
982
1120
1117
870
835
894
765
627
566
529
475
305
184
255
187
-47
-15
91
-105
-216
-81
-146
-319
-287
-267
-374
-430
-446
-515
-570
-621
-757
-775
-732
-962
-1034
-846
-1043
-1222
-1005
-1073
-1258
-1112
-1065
-1164
-1083
-983
-990
-924
-840
-815
-696
-608
-614
-432
-292
-397
-200
59
-125
-6
362
228
193
564
610
464
690
886
758
826
1029
968
963
1120
1091
1042
1164
1136
1024
1103
1105
969
935
938
891
785
655
668
679
424
315
513
357
0
211
375
-128
-157
253
-51
-393
-111
3
-398
-495
-194
-318
-675
-595
-398
-688
-951
-723
-679
-1045
-1085
-802
-964
-1277
-1069
-904
-1193
-1252
-941
-944
-1148
-967
-713
-813
-833
-578
-465
-513
-421
-212
-124
-156
-26
197
169
152
410
480
371
584
767
631
730
970
855
824
1068
1033
897
1055
1131
990
987
1083
1014
895
926
934
783
704
725
615
486
479
432
309
222
195
163
19
-75
28
-54
-287
-175
-85
-381
-444
-219
-360
-633
-483
-379
-676
-761
-551
-659
-899
-816
-736
-911
-989
-877
-883
-988
-966
-884
-876
-891
-851
-751
-705
-678
-563
-502
-459
-322
-265
-245
-97
2
-19
48
237
282
191
349
561
425
396
688
711
531
680
891
753
668
891
930
726
796
956
802
696
845
811
614
656
717
533
446
536
446
265
290
321
168
87
154
110
-29
-33
14
-56
-153
-138
-96
-176
-278
-224
-196
-362
-416
-302
-404
-580
-490
-461
-665
-686
-582
-701
-803
-718
-726
-827
-801
-737
-777
-794
-705
-667
-698
-622
-523
-541
-503
-367
-346
-356
-224
-118
-136
-79
60
91
83
190
289
276
304
430
479
447
514
629
620
592
677
744
674
658
784
769
635
710
785
627
582
698
611
463
526
547
382
344
409
322
223
228
229
174
72
82
126
-18
-71
13
-87
-183
-167
-205
-266
-345
-377
-356
-465
-540
-481
-537
-646
-627
-610
-674
-727
-701
-655
-712
-755
-648
-611
-712
-642
-500
-568
-578
-410
-381
-416
-308
-227
-222
-161
-101
-66
5
57
82
154
236
262
273
361
452
426
439
590
621
538
624
740
658
612
722
735
623
624
700
646
537
553
592
494
400
436
426
300
250
292
224
108
115
125
16
-48
-17
-65
-163
-168
-169
-255
-307
-304
-354
-420
-435
-453
-494
-526
-534
-541
-558
-573
-561
-556
-564
-554
-541
-529
-507
-501
-478
-421
-408
-419
-341
-279
-318
-275
-163
-155
-165
-92
-9
-11
-31
71
148
88
130
257
262
248
317
398
426
400
451
561
522
472
590
626
511
535
626
543
459
520
510
400
380
405
340
264
257
241
171
116
104
84
17
-25
-7
-45
-120
-113
-106
-187
-213
-180
-233
-290
-253
-268
-335
-321
-298
-351
-364
-326
-348
-376
-346
-340
-364
-349
-329
-337
-335
-315
-306
-311
-295
-272
-269
-264
-230
-216
-225
-194
-150
-153
-142
-80
-47
-56
-19
46
52
47
111
165
151
178
263
290
271
322
394
383
366
429
462
418
419
461
441
396
388
390
360
310
287
286
260
191
176
209
131
64
130
81
-7
47
23
-41
-13
-42
-70
-69
-111
-121
-143
-184
-178
-217
-253
-223
-256
-305
-275
-271
-329
-332
-296
-331
-368
-331
-316
-344
-330
-294
-287
-288
-274
-243
-230
-239
-215
-174
-179
-181
-132
-110
-122
-83
-28
-23
-8
55
85
78
120
177
178
184
245
278
258
284
343
335
311
361
385
336
338
382
350
308
334
332
282
272
274
237
202
184
163
141
112
88
91
77
38
30
38
-4
-46
-32
-42
-105
-111
-83
-139
-186
-146
-160
-237
-221
-183
-248
-273
-217
-238
-296
-262
-237
-287
-298
-254
-257
-295
-272
-223
-244
-264
-198
-166
-208
-176
-108
-133
-149
-87
-74
-109
-75
-26
-39
-29
28
48
41
75
115
118
124
166
202
198
210
261
270
243
278
314
276
269
313
294
256
279
284
246
241
251
227
209
201
182
172
152
119
116
109
67
55
64
35
5
13
0
-44
-55
-60
-99
-128
-131
-151
-180
-197
-208
-229
-250
-261
-269
-278
-283
-286
-287
-282
-281
-284
-275
-264
-272
-271
-250
-243
-251
-235
-201
-196
-194
-152
-120
-121
-100
-55
-36
-32
-6
33
50
54
89
137
143
150
206
239
225
248
296
291
281
312
326
307
313
331
318
308
310
305
292
276
270
267
248
236
232
211
191
167
136
111
78
46
27
-1
-28
-56
-82
-100
-137
-164
-163
-191
-231
-226
-239
-285
-298
-294
-320
-341
-331
-325
-330
-325
-313
-299
-299
-296
-268
-250
-253
-223
-182
-183
-172
-129
-114
-122
-91
-56
-57
-38
6
22
33
67
91
100
126
151
165
184
205
222
235
243
255
269
265
269
284
275
263
277
270
250
255
252
229
221
214
192
176
159
140
130
109
86
84
69
35
33
26
-16
-30
-28
-62
-94
-96
-117
-154
-166
-170
-192
-207
-204
-211
-228
-230
-233
-241
-248
-247
-240
-237
-233
-221
-207
-203
-202
-183
-170
-175
-147
-120
-126
-99
-69
-75
-63
-37
-36
-27
-7
12
21
33
61
71
73
98
117
116
136
166
170
174
201
208
194
204
215
197
194
205
198
185
190
187
172
166
163
152
143
139
128
118
109
93
81
73
56
40
36
21
-2
-9
-18
-45
-59
-60
-81
-103
-101
-110
-134
-140
-139
-160
-174
-167
-176
-191
-185
-181
-192
-191
-179
-181
-182
-170
-164
-168
-161
-152
-152
-145
-129
-119
-106
-85
-72
-60
-42
-29
-18
0
17
23
37
55
60
68
88
98
101
124
141
145
157
175
177
177
185
187
179
179
181
175
171
168
164
161
151
145
147
132
121
121
102
86
78
59
39
23
5
-10
-29
-45
-56
-70
-84
-90
-98
-110
-119
-121
-131
-142
-145
-150
-161
-167
-168
-174
-178
-173
-173
-170
-160
-151
-143
-130
-120
-112
-99
-90
-85
-74
-62
-58
-49
-33
-26
-16
5
17
26
46
61
66
80
93
95
104
116
118
122
133
135
133
139
140
135
137
140
137
135
136
130
123
116
108
97
88
79
69
59
49
38
28
19
12
2
-4
-13
-22
-31
-41
-52
-62
-71
-80
-89
-93
-99
-105
-105
-104
-109
-107
-103
-103
-104
-98
-95
-96
-92
-89
-90
-88
-82
-80
-75
-65
-56
-48
-36
-26
-22
-15
-7
-3
0
4
6
10
18
26
32
39
45
52
60
65
70
74
74
72
76
75
72
72
73
69
70
72
70
67
65
63
60
61
61
54
52
49
44
38
36
28
22
19
12
6
0
-5
-12
-19
-22
-26
-31
-38
-42
-49
-56
-62
-69
-71
-73
-73
-75
-75
-75
-70
-67
-62
-58
-58
-58
-58
-56
-53
-51
-48
-45
-41
-35
-32
-29
-25
-23
-19
-14
-11
-6
-4
2
8
12
17
22
27
32
35
40
44
49
53
57
61
64
67
70
72
72
73
74
71
70
67
64
62
60
59
57
55
53
50
46
40
32
25
15
7
-3
-11
-18
-24
-28
-32
-35
-39
-42
-47
-50
-53
-55
-57
-61
-64
-69
-74
-80
-85
-89
-89
-87
-85
-81
-76
-71
-64
-58
-52
-45
-39
-33
-30
-26
-23
-19
-15
-10
-5
2
9
17
27
38
47
55
62
66
69
71
72
72
73
75
76
77
78
79
80
78
79
76
74
70
65
61
56
50
45
38
32
27
21
16
11
6
1
-3
-8
-14
-18
-24
-30
-37
-43
-51
-57
-63
-68
-73
-76
-78
-80
-80
-80
-79
-78
-77
-76
-75
-76
-76
-74
-72
-70
-67
-62
-54
-45
-38
-33
-28
-21
-11
-1
7
11
14
18
22
27
31
35
38
43
48
53
59
64
70
75
80
84
85
87
89
88
87
85
83
80
78
73
70
65
64
59
53
47
42
36
29
22
14
8
-1
-7
-15
-22
-28
-34
-40
-47
-50
-56
-58
-61
-66
-68
-71
-75
-80
-84
-88
-92
-95
-97
-96
-94
-91
-85
-81
-74
-69
-64
-59
-55
-49
-44
-38
-32
-26
-19
-13
-5
3
12
21
29
35
41
47
52
55
58
61
63
65
65
67
68
71
75
77
80
83
84
84
83
81
78
74
69
63
57
52
45
39
34
29
24
20
17
12
7
1
-7
-14
-22
-29
-35
-40
-47
-51
-56
-61
-65
-67
-69
-69
-69
-69
-69
-69
-69
-68
-69
-66
-65
-62
-61
-59
-56
-53
-49
-45
-42
-39
-33
-27
-24
-19
-15
-10
-6
-2
2
7
12
18
24
30
36
43
50
53
58
60
62
63
63
63
64
63
65
65
67
67
67
66
65
62
61
60
55
50
44
38
29
22
14
8
3
-2
-6
-11
-16
-21
-25
-30
-33
-36
-38
-42
-43
-47
-51
-53
-56
-57
-58
-58
-59
-59
-59
-59
-61
-59
-59
-56
-56
-52
-47
-45
-41
-36
-32
-27
-21
-15
-11
-4
2
7
12
17
22
26
29
32
34
36
38
41
43
45
47
49
50
51
52
52
51
51
49
49
46
44
42
41
38
36
33
32
28
24
21
16
10
6
0
-5
-10
-15
-17
-19
-20
-21
-21
-23
-23
-24
-25
-27
-28
-27
-30
-30
-31
-32
-33
-35
-36
-39
-38
-37
-38
-37
-36
-34
-35
-33
-32
-30
-29
-25
-22
-19
-17
-13
-9
-7
-5
-1
2
4
6
9
12
14
16
16
18
20
22
24
26
28
30
31
32
32
31
30
28
26
26
26
25
26
25
25
25
24
24
23
21
20
17
15
11
10
6
3
0
-4
-6
-9
-12
-13
-16
-15
-15
-17
-18
-20
-21
-22
-23
-24
-25
-24
-24
-24
-21
-22
-20
-19
-19
-19
-19
-19
-18
-17
-15
-12
-10
-8
-6
-5
-3
-2
0
2
2
4
5
7
7
11
11
12
13
14
14
14
13
13
13
13
14
16
17
19
19
19
16
15
13
12
11
9
9
8
8
6
6
7
5
4
5
4
3
2
-1
-1
-3
-5
-7
-9
-12
-14
-14
-15
-15
-14
-13
-13
-13
-12
-12
-13
-12
-11
-11
-11
-11
-11
-11
-10
-9
-8
-8
-5
-4
-3
-1
1
1
2
2
2
3
3
3
4
5
7
6
7
7
7
5
5
6
5
6
7
8
7
8
7
6
6
6
5
4
5
5
5
5
6
6
4
3
2
0
0
0
-1
2
0
2
2
1
2
2
1
0
-1
-2
-3
-3
-5
-6
-8
-7
-7
-8
-8
-8
-8
-8
-8
-8
-8
-8
-8
-9
-10
-10
-11
-11
-11
-12
-10
-8
-8
-5
-3
-1
0
1
3
4
5
6
8
8
8
9
9
10
11
14
13
14
14
14
14
12
10
10
10
10
9
9
6
5
3
1
-1
-1
-3
-3
-2
-3
-3
-3
-3
-5
-6
-7
-8
-8
-7
-7
-6
-5
-5
-4
-4
-4
-3
-3
-3
-3
-3
-4
-3
-3
-5
-5
-4
-5
-4
-4
-4
-3
-3
-4
-4
-3
-3
0
0
1
2
2
3
2
4
4
5
6
6
5
4
4
3
3
3
4
3
3
1
1
1
1
0
1
2
3
5
4
5
4
3
3
2
1
1
1
1
1
1
0
0
0
0
1
0
-1
-1
-2
-2
-2
-2
-4
-4
-6
-4
-5
-5
-5
-4
-5
-3
-3
-3
-2
-2
-2
-1
-1
-1
-1
0
1
1
1
2
1
2
3
2
2
3
1
1
0
-1
0
0
0
0
0
0
0
0
-1
1
0
2
1
3
3
2
1
1
1
0
0
0
0
1
1
1
2
2
2
3
2
1
1
1
0
0
0
0
-2
-1
-1
-3
-2
-2
-3
-3
-3
-3
-3
-2
-2
-3
-3
-3
-3
-3
-3
-3
-3
-2
-2
-2
-2
-1
-1
-2
-2
-1
-2
-2
-2
-2
-1
-1
0
-1
0
0
-1
1
1
1
3
2
2
2
3
3
3
3
5
4
5
5
5
5
4
4
5
5
5
4
5
3
1
2
1
1
0
1
-1
-2
-1
-2
-2
-3
-4
-3
-5
-5
-5
-5
-4
-4
-4
-3
-3
-3
-2
-4
-4
-4
-4
-4
-3
-3
-2
-2
-1
-1
0
0
-1
-1
1
1
2
2
3
4
3
4
4
3
4
4
4
5
5
5
5
5
4
3
2
2
1
1
1
1
0
-1
0
-1
-1
-2
-2
-3
-1
-2
-2
-3
-4
-5
-5
-6
-6
-5
-4
-4
-1
-2
-1
-2
-1
-1
-1
1
0
0
1
2
2
2
2
2
1
2
0
0
-1
0
-1
-1
0
0
-1
0
-1
-2
-2
-2
-1
0
-1
-1
-1
0
0
0
0
0
0
-1
-1
0
0
2
3
3
3
3
3
5
4
4
4
3
3
1
0
1
1
1
1
0
1
2
1
2
1
1
1
1
0
0
0
0
-1
0
0
0
0
0
-1
-1
-2
-3
-2
-3
-3
-3
-5
-4
-6
-7
-7
-6
-7
-7
-8
-7
-7
-6
-5
-5
-4
-2
-3
-1
-1
-1
0
1
2
4
4
5
4
4
5
7
7
8
9
9
9
7
7
6
6
5
5
4
4
3
3
1
1
1
0
-1
-2
-3
-3
-4
-4
-4
-3
-4
-3
-4
-3
-2
-2
-1
0
0
0
1
0
0
1
0
-1
-1
-1
-1
-1
0
0
1
1
1
2
1
1
0
1
1
0
1
0
0
0
1
1
0
0
0
-1
0
0
0
0
0
-1
-1
-2
-3
-5
-4
-4
-4
-3
-3
-2
0
-1
-1
-1
-1
-1
-2
-1
-1
0
0
0
0
0
2
2
3
3
4
4
3
3
3
2
2
2
3
2
2
2
2
1
1
1
2
1
0
0
-1
1
-1
-1
-2
-2
-3
-2
-3
-2
-2
-2
-1
-2
0
-1
-1
-1
1
0
-1
0
1
1
0
-1
0
0
0
1
1
1
1
1
0
1
1
1
1
2
0
1
0
-1
0
0
0
0
0
1
1
0
0
0
-1
-1
0
0
0
1
-1
-1
-1
-2
-2
-2
-1
-2
-2
-3
-2
-2
0
-1
0
0
0
0
1
0
0
-1
0
0
0
0
0
0
0
0
1
0
0
0
0
0
0
1
1
2
1
1
0
0
0
0
-1
0
0
0
0
1
0
0
1
0
0
1
2
0
1
-1
0
0
0
0
-1
-1
-1
-1
-1
-1
0
0
0
0
0
0
0
0
0
0
-1
0
0
