SAMPLES:	13302
BITSPERSAMPLE:	16
CHANNELS:	1
SAMPLERATE:	16000
NORMALIZED:	FALSE
-12
-11
-9
-7
-8
-8
-10
-12
-13
-13
-10
-6
-2
3
6
9
11
12
14
14
15
14
13
12
12
13
15
19
20
22
18
13
8
3
-2
-5
-6
-4
-4
-4
-2
0
0
2
2
1
-1
-5
-6
-7
-8
-7
-5
-5
-4
-4
-4
-6
-8
-9
-13
-12
-11
-9
-7
-5
-4
-5
-5
-7
-10
-12
-13
-11
-11
-6
-2
2
4
7
8
9
9
10
11
11
11
14
13
9
6
4
4
5
7
7
8
8
9
7
4
0
-3
-5
-5
-5
-4
-2
-2
-1
1
3
1
0
-4
-7
-9
-10
-7
-4
0
4
7
8
7
8
4
3
1
1
3
2
3
2
0
-2
-2
-5
-5
-5
-4
-5
-6
-9
-11
-12
-11
-10
-4
-2
2
6
7
8
8
6
4
2
1
0
0
-1
-1
-1
0
1
1
0
-5
-9
-10
-9
-7
-1
1
2
1
1
2
2
2
2
1
1
1
2
1
2
1
-1
-5
-7
-8
-7
-5
-2
2
6
9
10
11
11
9
7
8
7
7
6
6
9
12
14
13
8
0
-6
-10
-11
-10
-8
-5
-6
-7
-8
-8
-9
-9
-11
-13
-14
-13
-9
-4
0
3
2
0
0
0
-1
0
0
0
1
3
6
8
10
11
10
7
5
1
-2
-4
-5
-6
-4
0
1
3
3
4
5
11
16
19
19
17
11
3
0
-3
-4
-5
-5
-7
-12
-15
-19
-24
-25
-26
-26
-21
-20
-15
-11
-9
-6
-4
-3
-1
0
2
4
6
5
5
3
3
3
3
6
10
14
17
18
17
16
14
12
9
7
7
8
9
7
2
-2
-4
-5
-2
-2
-3
-8
-10
-9
-8
-6
-6
-4
-3
1
4
6
6
4
4
0
0
-1
-1
0
-1
-2
-2
-3
-4
-4
-5
-6
-6
-7
-9
-10
-8
-7
-4
0
3
7
9
10
8
5
3
1
1
2
3
4
5
7
9
11
12
13
12
11
9
7
5
4
3
1
1
3
2
2
-1
-7
-12
-19
-25
-27
-26
-24
-18
-16
-13
-13
-14
-15
-17
-16
-14
-9
-2
3
5
6
5
3
1
0
3
7
12
15
17
14
11
7
6
9
12
13
11
10
7
7
7
6
5
6
8
8
8
7
7
8
7
3
-4
-10
-13
-11
-8
-4
-6
-7
-11
-11
-11
-7
-6
-3
0
0
-1
-2
-3
-4
-2
0
4
8
10
11
11
8
6
2
0
0
-1
1
2
-1
-3
-5
-11
-12
-13
-11
-7
-3
0
3
3
2
1
-1
-3
-2
-2
1
0
1
0
-2
-3
-2
-2
-1
-1
-1
-2
-4
-6
-8
-10
-11
-11
-8
-6
-2
4
9
13
15
14
11
7
6
5
5
7
9
11
12
12
12
11
10
8
5
1
-3
-5
-5
-3
1
2
2
-1
-5
-8
-9
-8
-7
-4
0
3
5
6
3
-2
-11
-17
-25
-26
-24
-22
-16
-11
-6
-2
-1
-1
0
3
6
11
15
19
18
16
10
5
2
0
2
7
10
12
12
10
5
0
-3
-7
-11
-13
-12
-12
-10
-5
-1
4
9
13
15
11
5
-1
-6
-8
-7
-5
-3
-1
-1
-1
-2
-4
-5
-6
-5
-4
-2
0
1
2
1
1
0
-1
0
2
3
4
5
6
5
3
1
-1
-4
-5
-5
-4
-2
0
2
4
4
3
1
-1
-2
-2
-1
0
1
3
5
8
7
5
0
-4
-6
-3
-3
-2
-1
0
1
0
-1
-1
-1
-2
-3
0
-1
-2
-5
-4
-4
-4
-3
-1
4
7
4
-1
-4
-6
-7
-7
-5
-5
-1
1
6
6
5
3
1
-1
1
2
4
5
5
5
6
6
7
6
5
2
-1
-2
-1
-1
-1
-1
1
2
4
5
2
0
-2
-5
-7
-11
-13
-13
-12
-9
-7
-3
1
3
4
4
2
2
2
-1
0
-1
-1
-1
0
-1
0
1
1
0
1
1
1
1
2
2
2
2
2
6
8
9
11
10
11
9
4
0
-3
-6
-5
-4
-2
-3
-4
-5
-6
-5
-4
-4
-4
-5
-5
-7
-9
-11
-11
-11
-6
-2
1
3
4
2
2
3
4
6
7
9
10
8
5
2
-1
-1
0
1
1
2
1
0
-1
-1
1
2
2
0
-2
-2
-2
2
4
6
7
4
2
1
0
0
1
-1
-2
-3
-5
-6
-8
-10
-11
-9
-6
-1
3
5
5
4
-1
-5
-11
-14
-15
-12
-4
5
14
19
23
24
23
21
17
12
8
4
2
0
-1
0
2
4
7
8
9
8
5
3
-1
-1
-1
-4
-6
-10
-15
-20
-24
-24
-23
-20
-17
-13
-10
-7
-3
-2
-1
0
0
-2
-5
-7
-9
-10
-9
-7
-3
0
5
9
13
15
16
15
14
9
5
4
2
5
6
8
11
14
15
16
13
11
8
8
8
7
8
5
2
-3
-6
-11
-14
-12
-9
-4
-2
0
2
1
-2
-7
-12
-18
-22
-22
-20
-14
-8
-3
-1
0
-2
-2
-3
-6
-6
-6
-5
-4
-3
-1
1
2
3
2
-1
-3
-2
-1
2
5
5
6
6
7
8
10
13
13
12
8
8
8
11
13
15
14
11
8
7
8
11
12
14
12
8
3
-1
-4
-6
-7
-8
-12
-14
-14
-13
-11
-9
-9
-9
-8
-8
-8
-7
-6
-5
-3
-3
-1
-2
-6
-10
-10
-11
-10
-7
-4
-1
-2
-2
1
9
10
10
12
17
19
12
6
3
2
1
0
2
3
4
4
4
2
1
0
0
0
-1
0
-1
-3
-5
-9
-9
-8
-3
-1
1
0
-1
-3
-4
-4
-5
-5
-4
-1
1
6
7
6
4
1
-2
-1
1
4
5
7
7
7
5
5
3
4
1
1
-2
-4
-5
-5
-4
-1
-1
2
2
2
1
-1
-3
-5
-5
-5
-4
-3
-1
0
-1
-1
-2
-1
-1
0
0
0
0
-1
-2
-3
-4
-5
-4
-3
0
1
2
1
1
1
3
5
7
8
7
5
3
4
5
5
4
3
1
2
1
1
0
-1
-1
-1
1
1
0
1
2
2
0
-3
-6
-9
-10
-8
-5
-2
0
0
0
1
1
1
0
0
-2
-3
-3
-1
1
3
4
5
4
2
-1
-3
-3
-4
-3
-1
-1
1
0
1
1
0
0
0
0
2
1
2
1
2
2
2
2
2
3
3
5
4
3
2
-1
-4
-5
-6
-6
-5
-2
1
1
2
2
2
2
1
3
1
1
2
2
4
5
5
4
1
-1
-1
-3
-4
-4
-6
-6
-4
-2
0
0
1
1
1
-1
-4
-6
-6
-5
-5
-2
-1
2
3
2
2
-1
-2
-2
-1
-1
2
3
3
4
4
2
2
5
5
6
7
8
7
6
5
1
-1
-3
-5
-3
-3
-1
-1
1
0
1
1
0
-2
-3
-4
-4
-5
-4
-4
-4
-3
-3
-3
-4
-4
-4
-3
-2
-1
1
4
4
5
6
6
6
4
3
1
1
1
1
1
2
2
2
2
1
0
-1
-3
-5
-7
-8
-9
-9
-7
-6
-4
-2
-2
-3
-3
-4
-4
-5
-5
-5
-4
-3
-2
1
2
4
5
5
5
4
4
5
5
9
14
20
25
32
36
38
36
31
26
22
19
19
18
16
12
8
3
-2
-10
-18
-26
-33
-36
-39
-37
-36
-35
-35
-35
-39
-43
-50
-55
-59
-59
-56
-50
-43
-35
-28
-22
-18
-11
-9
-7
-4
0
6
14
21
28
33
35
37
37
40
41
43
43
42
38
34
26
19
12
8
8
11
15
18
21
22
23
25
27
30
33
38
42
46
51
56
62
65
61
51
33
14
-6
-26
-46
-65
-86
-106
-128
-152
-175
-192
-204
-212
-221
-230
-240
-242
-233
-210
-174
-136
-100
-65
-32
4
43
75
102
122
135
147
160
168
169
158
136
111
89
79
85
102
124
143
154
157
152
145
142
148
161
176
187
188
174
148
115
82
55
34
20
13
11
12
13
11
11
12
21
32
51
69
87
103
117
124
125
120
117
102
72
23
-40
-116
-209
-315
-440
-587
-762
-950
-1137
-1324
-1520
-1713
-1858
-1922
-1885
-1754
-1554
-1311
-1057
-798
-524
-230
75
378
672
933
1137
1282
1387
1469
1531
1564
1567
1547
1511
1457
1385
1293
1185
1069
959
866
792
732
678
629
587
553
522
496
481
474
480
506
563
632
690
722
735
739
739
746
772
813
870
931
973
978
938
842
702
532
312
31
-294
-645
-1021
-1412
-1826
-2292
-2790
-3317
-3912
-4442
-4778
-4996
-5118
-5111
-5057
-4951
-4720
-4410
-4068
-3629
-3069
-2501
-1968
-1385
-783
-229
326
877
1348
1763
2176
2567
2895
3157
3355
3498
3595
3643
3656
3645
3605
3520
3412
3299
3183
3050
2885
2677
2431
2153
1848
1526
1198
875
554
237
-58
-313
-519
-685
-811
-883
-882
-790
-600
-335
-11
361
780
1235
1719
2202
2641
2998
3259
3422
3500
3487
3355
3066
2624
2047
1359
590
-238
-1155
-2139
-3144
-4176
-5178
-6064
-6857
-7539
-8038
-8422
-8696
-8753
-8665
-8455
-8034
-7497
-6886
-6100
-5236
-4343
-3340
-2289
-1272
-294
633
1454
2206
2956
3624
4187
4752
5229
5563
5859
6036
6070
6091
6064
5951
5834
5670
5400
5068
4702
4262
3759
3242
2678
2043
1434
837
161
-467
-988
-1529
-2045
-2483
-2943
-3382
-3745
-4042
-4172
-4119
-3939
-3584
-3085
-2527
-1876
-1100
-275
567
1469
2369
3189
3985
4737
5360
5912
6383
6665
6783
6759
6499
6026
5406
4572
3529
2375
1090
-323
-1742
-3157
-4607
-5988
-7252
-8432
-9413
-10147
-10733
-11105
-11229
-11227
-11028
-10537
-9887
-9065
-7993
-6803
-5576
-4280
-2970
-1699
-420
845
2014
3049
3962
4720
5328
5860
6259
6510
6726
6850
6835
6798
6684
6449
6247
6056
5771
5482
5219
4885
4507
4127
3666
3123
2580
2016
1422
874
325
-295
-858
-1381
-1929
-2340
-2627
-2918
-3069
-3062
-3010
-2770
-2321
-1789
-1074
-168
748
1713
2756
3752
4688
5570
6261
6724
6971
6944
6587
5953
5068
3889
2499
958
-766
-2562
-4386
-6240
-8017
-9719
-11290
-12604
-13679
-14436
-14809
-14888
-14604
-13951
-13057
-11858
-10367
-8758
-6993
-5082
-3225
-1438
337
1933
3302
4563
5620
6380
6996
7455
7634
7717
7757
7591
7385
7237
6952
6674
6529
6325
6162
6149
6077
5964
5905
5734
5413
5081
4671
4077
3455
2786
1907
986
79
-966
-1964
-2812
-3658
-4348
-4786
-5151
-5288
-5051
-4640
-3982
-2950
-1791
-507
1025
2556
4043
5587
6960
8114
9182
9949
10333
10479
10233
9520
8496
7107
5322
3335
1187
-1147
-3506
-5848
-8220
-10466
-12481
-14281
-15731
-16796
-17514
-17797
-17720
-17274
-16388
-15236
-13821
-12139
-10386
-8540
-6629
-4736
-2863
-1071
605
2081
3370
4542
5399
6069
6703
7060
7320
7531
7499
7519
7542
7413
7434
7472
7414
7481
7552
7551
7539
7456
7289
6990
6581
6101
5402
4554
3678
2662
1598
631
-396
-1408
-2228
-2969
-3571
-3869
-3976
-3875
-3461
-2814
-1987
-985
172
1408
2694
4060
5399
6613
7733
8625
9192
9469
9413
8992
8249
7170
5723
3941
1921
-342
-2836
-5374
-7918
-10478
-12810
-14871
-16760
-18210
-19189
-19976
-20219
-19655
-18881
-17940
-16466
-14913
-13232
-10978
-8758
-6638
-4121
-1785
216
2371
4315
5828
7263
8561
9453
10083
10673
10987
11058
11246
11220
10906
10777
10514
9971
9634
9274
8712
8341
7982
7451
6980
6424
5698
4960
4111
3163
2167
1093
85
-978
-2103
-3015
-3901
-4784
-5314
-5655
-5876
-5744
-5459
-5001
-4110
-3121
-2073
-576
975
2249
3719
5304
6432
7349
8330
8885
8950
8927
8476
7454
6338
4831
2784
818
-1401
-4108
-6463
-8667
-11224
-13285
-14846
-16627
-17820
-18146
-18551
-18501
-17637
-17044
-16232
-14549
-13102
-11610
-9261
-7149
-5356
-2937
-698
928
2918
4862
5986
7178
8493
8970
9363
10112
10176
10069
10425
10236
9814
9920
9679
9162
9122
8861
8291
8098
7781
7165
6790
6309
5573
4980
4299
3418
2611
1729
772
-90
-969
-1764
-2376
-2937
-3271
-3339
-3342
-3074
-2490
-1863
-1021
164
1378
2620
4028
5291
6335
7424
8250
8598
8812
8720
8043
7196
6137
4539
2784
894
-1431
-3758
-6022
-8481
-10729
-12788
-14884
-16587
-17912
-19001
-19481
-19528
-19389
-18811
-17970
-17071
-15740
-14057
-12373
-10342
-8065
-6073
-3894
-1534
393
2424
4561
6108
7599
9093
9998
10797
11581
11895
12135
12413
12344
12138
11967
11586
11089
10588
9890
9185
8559
7695
6863
6157
5170
4258
3498
2429
1437
542
-640
-1571
-2255
-3182
-3759
-3915
-4362
-4534
-4070
-3892
-3601
-2483
-1592
-854
707
2043
2887
4367
5687
6306
7267
8172
8265
8319
8413
7767
6784
5953
4563
2624
925
-962
-3377
-5457
-7284
-9545
-11632
-13112
-14746
-16369
-17108
-17592
-18300
-18212
-17594
-17449
-16766
-15246
-14212
-12925
-10663
-8920
-7369
-4972
-2989
-1456
723
2704
4123
5819
7470
8596
9649
10705
11398
11774
12100
12280
12141
11919
11674
11199
10679
10062
9310
8709
7842
6931
6324
5217
4341
3902
2691
1986
1755
545
-43
-128
-957
-1192
-1091
-1308
-1036
-778
-548
177
713
1282
2327
3132
3781
4798
5603
6049
6741
7252
7217
7311
7280
6573
5895
5195
3683
2118
724
-1461
-3688
-5536
-8008
-10329
-12085
-14310
-16249
-17514
-18945
-19865
-20150
-20546
-20367
-19676
-19281
-18387
-16914
-15836
-14287
-11918
-10120
-8208
-5386
-3191
-1220
1586
3755
5350
7561
9318
10341
11647
12739
13054
13419
13893
13597
13155
13098
12358
11476
11205
10303
9244
8882
7995
6956
6601
5836
4858
4438
3783
2961
2541
1987
1363
1018
562
155
-36
-368
-615
-677
-850
-846
-550
-323
15
701
1293
1794
2709
3567
4063
4804
5492
5690
5869
6011
5724
5062
4369
3381
1726
226
-1349
-3758
-5634
-7322
-9936
-11872
-13468
-15825
-17414
-18340
-19488
-20013
-19794
-19597
-19372
-18343
-17124
-16303
-14371
-12041
-10571
-8104
-5259
-3500
-1120
1651
3457
5277
7421
8925
9853
11067
12071
12141
12459
12967
12450
12078
12159
11390
10681
10498
9698
8928
8631
7960
7377
7074
6459
5912
5416
4749
4188
3437
2709
2250
1442
770
538
-116
-691
-662
-894
-1142
-783
-467
-288
271
955
1437
1987
2797
3487
3930
4558
5056
5102
5183
5104
4524
3728
2672
1336
-348
-2299
-4061
-6189
-8637
-10401
-12443
-14971
-16360
-17626
-19432
-19760
-19567
-20342
-19827
-18493
-18551
-17574
-15226
-14354
-12859
-9611
-7751
-6035
-2607
-166
1432
4315
6777
7940
9607
11437
12136
12517
13523
14019
13356
13525
13944
12558
12135
12549
10865
10295
10713
9129
8699
8940
7615
7238
7027
5983
5500
4804
4062
3425
2398
1886
1149
24
-360
-1011
-1934
-2157
-2471
-2937
-2881
-2698
-2595
-2194
-1519
-893
-282
682
1642
2222
3110
3946
4038
4398
4599
3949
3618
2928
1422
282
-1340
-3485
-5123
-7179
-9442
-11194
-13213
-15085
-16425
-17767
-18576
-18899
-19234
-18923
-18314
-17980
-16889
-15332
-14163
-12266
-9846
-8064
-5773
-2945
-911
1263
3877
5713
7307
9119
10384
11187
11980
12517
12547
12452
12406
11941
11381
11086
10499
9957
9756
9219
8740
8582
8051
7613
7479
6915
6397
6069
5350
4770
4153
3220
2635
1778
758
347
-468
-1342
-1515
-1918
-2308
-2193
-2012
-1870
-1428
-405
238
845
2572
3412
3713
5363
6006
5787
6634
6716
5825
5404
4402
2746
1180
-768
-2930
-5171
-7377
-9647
-12029
-13978
-15775
-17547
-18847
-19434
-19933
-20365
-19831
-19174
-18933
-17650
-15901
-14963
-12943
-10346
-8858
-6501
-3580
-1695
496
3244
5143
6672
8641
10100
10869
11887
12766
12823
12909
13103
12518
12023
11952
11228
10621
10514
9736
9115
8965
8198
7707
7556
6804
6366
6096
5189
4550
4052
3024
2278
1791
877
132
-321
-1079
-1641
-1766
-2024
-2070
-1687
-1444
-1026
-195
434
1125
2171
2888
3505
4409
4848
4952
5228
4959
4219
3584
2452
839
-704
-2607
-4818
-6907
-9123
-11358
-13426
-15377
-16935
-18287
-19339
-19590
-19805
-19920
-19040
-18360
-17969
-16235
-14641
-13630
-11074
-8690
-7287
-4496
-1739
-153
2512
5195
6568
8510
10388
11279
12160
13015
13364
13231
13276
13166
12494
12163
11838
11091
10700
10333
9674
9395
9056
8454
8229
7868
7148
6760
6280
5330
4708
4151
3108
2381
1824
756
-35
-503
-1346
-1882
-1955
-2277
-2353
-1951
-1682
-1264
-428
278
940
1865
2621
3191
3898
4290
4348
4371
3912
3124
2260
887
-651
-2268
-4300
-6261
-8256
-10499
-12470
-14377
-16243
-17668
-18829
-19541
-19808
-19935
-19493
-18782
-18247
-17031
-15407
-14168
-12287
-9819
-8052
-5899
-2958
-1018
902
3770
5422
6643
8887
10059
10556
11895
12567
12485
12764
12938
12488
11932
11844
11277
10319
10174
9547
8672
8747
8202
7668
7865
7201
6576
6504
5743
4910
4478
3848
2854
2132
1903
942
313
640
-247
-508
242
-460
-107
894
557
1451
2452
2441
3419
4172
4159
4702
4986
4611
4311
3873
2893
1685
354
-1435
-3428
-5531
-7840
-9888
-12155
-14601
-16244
-18035
-19912
-20382
-20769
-21566
-20946
-20076
-20070
-18878
-16915
-15953
-14217
-11243
-9304
-7347
-4013
-1533
262
3300
5892
7286
9428
11573
12314
13156
14475
14582
14234
14740
14459
13364
13250
12795
11411
10895
10437
9223
8608
8291
7402
6683
6368
5716
4894
4541
4053
3130
2601
2136
1259
631
164
-543
-1108
-1385
-1639
-1837
-1692
-1398
-1244
-770
-61
339
960
1895
2431
2941
3672
3947
3873
3867
3533
2727
1881
886
-576
-2186
-3823
-5748
-7752
-9618
-11580
-13646
-15355
-16881
-18545
-19320
-19505
-20233
-19866
-18847
-18927
-17710
-15709
-15045
-12839
-9848
-8532
-5867
-2383
-797
1533
4925
6565
7970
10569
11910
12147
13534
14407
13768
14033
14443
13339
12795
12873
11741
10839
10757
9835
8912
8803
8159
7362
7209
6729
6032
5730
5236
4600
4082
3462
2929
2249
1496
1106
407
-316
-432
-826
-1156
-886
-751
-553
-101
391
939
1382
2112
2747
2911
3531
3855
3452
3607
3353
2231
1579
544
-1304
-2792
-4525
-6793
-8698
-10770
-13081
-14829
-16752
-18690
-19487
-20307
-21275
-20803
-20268
-20419
-19157
-17478
-16889
-15081
-12228
-10665
-8519
-4998
-2774
-772
2646
5039
6390
8795
10769
11280
12335
13685
13523
13318
13986
13443
12449
12514
11877
10687
10365
10003
9076
8398
8497
8104
7018
7305
7228
5733
5785
5721
4325
4084
3655
2587
2162
1391
737
316
-321
-419
-720
-885
-358
-417
-138
864
1172
1659
2691
3223
3615
4274
4690
4691
4642
4440
3669
2647
1520
3
-1735
-3568
-5517
-7622
-9936
-12101
-14113
-16274
-18079
-19269
-20354
-21149
-21147
-20882
-20710
-19851
-18458
-17442
-15880
-13315
-11236
-9163
-5972
-3294
-1265
1789
4514
6015
8139
10218
10924
11858
13112
13216
13110
13516
13230
12479
12327
11964
10990
10510
10197
9342
8855
8731
8192
7808
7717
7304
6894
6577
6030
5542
4984
4217
3606
2847
1964
1420
788
91
-256
-605
-915
-915
-826
-633
-277
193
748
1297
1852
2347
2682
2925
2965
2754
2377
1781
875
-278
-1525
-3089
-4986
-6698
-8558
-10775
-12652
-14447
-16435
-18010
-19066
-19836
-20409
-20430
-19919
-19651
-18840
-17192
-16102
-14468
-11716
-9856
-7788
-4467
-2118
-113
3028
5322
6712
8917
10682
11323
12381
13437
13421
13351
13639
13202
12393
12199
11766
10796
10432
10158
9329
8973
8873
8331
8087
7959
7465
7213
6885
6279
5966
5354
4510
4038
3180
2192
1683
889
86
-214
-595
-918
-875
-763
-588
-196
334
918
1567
2241
2781
3243
3589
3630
3550
3320
2591
1661
653
-872
-2593
-4202
-6154
-8300
-10258
-12228
-14301
-16260
-17769
-18986
-20202
-20672
-20435
-20611
-20248
-18751
-17904
-16986
-14521
-12528
-11070
-8185
-5436
-3683
-1082
1772
3543
5307
7593
9150
9923
11165
12258
12173
12300
12892
12403
11726
11875
11382
10422
10369
10172
9374
9290
9311
8737
8634
8624
8081
7839
7528
6774
6346
5739
4719
4176
3518
2357
1758
1372
418
-146
-121
-501
-807
-416
-130
-15
552
1192
1639
2181
2726
3102
3286
3287
3184
2768
2011
1174
2
-1614
-3223
-4986
-7100
-9121
-11088
-13228
-15169
-16909
-18456
-19454
-20279
-20756
-20417
-20301
-19979
-18452
-17460
-16542
-13903
-11758
-10312
-7176
-4266
-2692
93
3152
4571
6423
9007
10070
10731
12441
13140
12713
13415
13859
12727
12618
13006
11732
11193
11582
10545
9922
10278
9632
9068
9120
8591
8044
7715
7081
6495
5795
4854
4146
3307
2250
1523
769
-133
-716
-1143
-1595
-1842
-1785
-1665
-1444
-848
-340
234
1141
1527
2074
2971
2788
2833
3343
2401
1485
1146
-412
-2207
-3523
-5367
-7525
-9522
-11389
-13333
-15483
-17293
-18505
-19704
-20725
-20639
-20270
-20481
-19597
-18023
-17560
-16074
-13245
-11745
-9834
-6321
-4054
-2232
1082
3570
4870
7330
9597
10170
11298
12915
12894
12825
13760
13520
12726
13085
12861
11841
11876
11817
10871
10684
10751
10039
9673
9639
9057
8470
8104
7491
6730
5921
5013
4046
2949
1892
1022
112
-692
-1173
-1650
-1957
-1869
-1813
-1589
-942
-405
229
1208
1967
2607
3396
3893
4087
4282
4205
3642
2955
2040
546
-1027
-2669
-4862
-6961
-8899
-11284
-13414
-15278
-17413
-18882
-19865
-20952
-20973
-20631
-20860
-19874
-18447
-18169
-16541
-13784
-12613
-10647
-7009
-5117
-3451
69
2375
3522
5982
8203
8902
9848
11584
12058
11706
12800
13087
11940
12508
12636
11254
11492
11553
10472
10536
10509
9887
9767
9431
8972
8613
7870
7202
6600
5598
4611
3816
2780
1680
880
55
-789
-1304
-1719
-2030
-2002
-1871
-1569
-945
-369
293
1308
2039
2594
3569
4115
4088
4493
4545
3676
3076
2447
904
-621
-1977
-4017
-6149
-8008
-10196
-12295
-14161
-16205
-17719
-18814
-20041
-20323
-20077
-20415
-19757
-18328
-17926
-16605
-13973
-12618
-10856
-7474
-5361
-3571
-213
2210
3621
6093
8239
9089
10331
11880
12301
12437
13242
13374
12807
12949
12951
12206
11944
11849
11249
10853
10572
10121
9746
9205
8688
8287
7441
6599
5984
4839
3704
2939
1655
470
-218
-1348
-2194
-2668
-3379
-3439
-3655
-3788
-2702
-2606
-2367
-535
-134
452
2280
2700
3490
4521
4392
5071
5110
4190
4252
3328
1639
777
-913
-3088
-4648
-6579
-8799
-10652
-12393
-14230
-16008
-17357
-18272
-19230
-19740
-19292
-19162
-19095
-17543
-16306
-15683
-13153
-10815
-9794
-6972
-4110
-2895
-293
2582
3778
5674
7993
8883
9808
11346
11862
11862
12626
12870
12309
12540
12722
12094
12020
12098
11555
11291
11189
10729
10358
9962
9309
8710
7996
7089
6306
5429
4335
3329
2383
1357
370
-390
-992
-1641
-2060
-2094
-2117
-2050
-1572
-938
-398
330
1327
2122
2748
3563
4203
4432
4599
4678
4344
3647
2882
1950
517
-1140
-2630
-4465
-6738
-8547
-10370
-12769
-14585
-16135
-18008
-19130
-19774
-20290
-20314
-20003
-19171
-18561
-17674
-15564
-14314
-12789
-9710
-7937
-5916
-2809
-1031
1310
3741
4927
7136
8713
9165
10818
11726
11645
12418
12725
12316
12377
12404
11932
11672
11653
11185
10841
10806
10294
9926
9736
9002
8498
8070
7040
6321
5717
4510
3612
2876
1588
674
84
-895
-1464
-1652
-2070
-2082
-1762
-1590
-1121
-410
195
957
1835
2514
3128
3741
4039
4153
4223
3862
3219
2476
1283
-137
-1686
-3602
-5514
-7466
-9662
-11616
-13520
-15598
-17193
-18467
-19678
-20192
-20252
-20275
-19749
-18899
-18066
-16754
-15056
-13268
-11144
-8822
-6454
-3945
-1503
885
3290
5347
7197
8997
10307
11283
12264
12823
12973
13223
13346
13026
12790
12740
12233
11717
11631
11081
10414
10305
9789
9041
8783
8247
7407
6837
6186
5232
4252
3457
2527
1297
415
-244
-1280
-1988
-2164
-2652
-2979
-2581
-2382
-2254
-1354
-557
-115
1038
2170
2648
3586
4517
4543
4732
4985
4308
3577
3031
1654
75
-1210
-3161
-5311
-6967
-9112
-11404
-13054
-15093
-17159
-18264
-19448
-20463
-20359
-20280
-20254
-19327
-18345
-17491
-15824
-13857
-12065
-9787
-7200
-4904
-2508
105
2406
4482
6589
8403
9851
11152
12167
12864
13342
13530
13630
13576
13202
12978
12727
12089
11766
11543
10815
10432
10247
9456
8945
8681
7769
7064
6595
5489
4539
3819
2604
1603
891
-143
-941
-1408
-1993
-2337
-2341
-2299
-2048
-1583
-1001
-208
579
1380
2394
3152
3663
4430
4831
4714
4849
4642
3656
2870
1910
138
-1453
-3006
-5290
-7362
-9158
-11486
-13552
-15229
-17214
-18688
-19464
-20307
-20564
-20174
-20010
-19376
-18059
-17060
-15654
-13339
-11363
-9324
-6420
-3900
-1731
1040
3512
5364
7405
9288
10499
11486
12582
13174
13203
13539
13625
12993
12810
12665
11825
11398
11173
10398
9917
9677
9089
8628
8226
7623
7045
6331
5640
5002
4018
3181
2433
1248
354
-308
-1275
-1868
-2127
-2501
-2551
-2251
-1966
-1555
-841
-72
600
1517
2510
3145
3843
4567
4703
4708
4722
4085
3227
2410
940
-769
-2352
-4460
-6701
-8633
-10853
-13098
-14862
-16652
-18366
-19357
-20040
-20600
-20395
-19915
-19596
-18530
-17051
-15844
-13843
-11285
-9283
-6843
-3848
-1616
654
3491
5485
7029
9091
10476
11126
12249
13024
12917
13118
13318
12779
12368
12196
11591
10987
10688
10236
9704
9385
9052
8678
8391
7964
7509
7018
6202
5564
4895
3699
2925
2226
905
210
-310
-1490
-1948
-2034
-2673
-2694
-2200
-2128
-1673
-603
137
838
2035
2952
3501
4379
5020
5038
5178
5146
4400
3584
2619
999
-665
-2380
-4524
-6567
-8629
-10960
-12996
-14935
-16962
-18451
-19487
-20390
-20740
-20480
-20180
-19687
-18490
-17205
-16027
-13998
-11695
-9922
-7489
-4632
-2656
-375
2447
4243
5921
8095
9293
10088
11309
11864
11892
12218
12297
11932
11737
11627
11234
10894
10766
10457
10116
9996
9733
9365
9163
8827
8328
7840
7172
6442
5679
4723
3862
2954
1850
1078
395
-472
-915
-1184
-1658
-1718
-1480
-1411
-1024
-329
266
968
1830
2672
3302
3862
4559
4628
4396
4531
3728
2488
1856
283
-1700
-3109
-5184
-7402
-9287
-11479
-13432
-15290
-17195
-18478
-19497
-20314
-20456
-20243
-19971
-19223
-17923
-16750
-15217
-12823
-10852
-8862
-5872
-3464
-1479
1396
3750
5345
7507
9333
10228
11349
12442
12676
12777
13105
12886
12296
12113
11790
10952
10556
10335
9584
9216
9086
8489
8209
8014
7422
7098
6624
5809
5269
4475
3436
2762
1893
863
284
-370
-1145
-1450
-1646
-1928
-1859
-1505
-1182
-771
-2
776
1351
2232
3041
3437
4031
4397
4265
4217
3811
2993
2157
918
-503
-2022
-4012
-5891
-7767
-10135
-12154
-13903
-16056
-17670
-18653
-19865
-20456
-20220
-20283
-19925
-18600
-17594
-16425
-14110
-11921
-10052
-7318
-4489
-2379
82
2944
4863
6564
8869
10040
10659
12230
12651
12319
13101
13018
12223
12291
11997
11353
10915
10424
10113
9596
9159
9178
8849
8512
8396
7967
7560
7132
6532
5961
5131
4270
3489
2379
1460
783
-255
-933
-1155
-1750
-1977
-1633
-1650
-1393
-591
-107
449
1363
2029
2586
3266
3713
3891
3996
3844
3316
2646
1660
189
-1323
-3022
-5217
-7169
-9057
-11516
-13502
-15144
-17402
-18898
-19584
-20821
-21239
-20659
-20710
-20187
-18615
-17672
-16385
-13874
-11803
-9811
-6759
-4068
-1990
770
3352
4960
6875
8875
9742
10599
11865
12040
11922
12445
12160
11474
11511
11093
10333
10227
9929
9339
9184
9040
8751
8621
8454
8184
7858
7375
6893
6391
5608
4840
4146
3141
2276
1637
816
207
-261
-578
-661
-939
-495
94
-117
995
2134
1902
3151
4218
3860
4797
5260
4680
4913
4361
3273
2612
1178
-473
-2060
-4155
-6253
-8353
-10655
-12874
-14889
-16948
-18876
-19922
-20719
-21568
-21211
-20596
-20530
-19291
-17577
-16702
-14831
-12063
-10320
-8208
-4982
-2785
-912
2120
4310
5565
7802
9510
9920
11065
12184
11956
12097
12679
12160
11611
11803
11340
10561
10554
10330
9654
9528
9436
8925
8641
8408
7919
7430
6836
6191
5529
4576
3746
3058
1937
1057
611
-328
-1003
-942
-1350
-1672
-1099
-853
-801
62
817
1118
1926
2758
3001
3414
3897
3836
3726
3512
2839
2064
964
-454
-1854
-3747
-5799
-7576
-9734
-11901
-13593
-15420
-17275
-18424
-19165
-20088
-20170
-19493
-19557
-18811
-17071
-16340
-14683
-12063
-10488
-8160
-5371
-3301
-831
1445
3629
5721
7077
8979
10281
10599
11906
12365
11920
12597
12483
11658
11815
11552
10791
10662
10515
9996
9675
9563
9250
8816
8524
8210
7640
6949
6424
5770
4749
4000
3382
2276
1397
977
178
-546
-617
-845
-1223
-950
-548
-464
89
996
1481
2062
3018
3530
3773
4259
4429
4167
3895
3380
2484
1323
-89
-1590
-3414
-5536
-7304
-9268
-11728
-13455
-15104
-17535
-18839
-19336
-20752
-21046
-20050
-20311
-19984
-18023
-17317
-16474
-13578
-11671
-10372
-7137
-4510
-3102
-198
2573
3773
5792
8104
8885
9845
11396
11710
11717
12438
12438
11914
12056
11944
11200
10995
10925
10242
10000
9952
9351
9163
8843
8167
8005
7165
6338
6058
4769
4057
3563
2080
1769
1083
-170
43
-574
-1073
-514
-899
-323
380
218
1629
2349
2368
3940
4461
4468
5391
5293
4986
4979
4163
3320
2405
785
-762
-2299
-4502
-6521
-8170
-10622
-12847
-14194
-16427
-18442
-18951
-20085
-21160
-20537
-20370
-20518
-19033
-17734
-17067
-14848
-12462
-11135
-8600
-5571
-3939
-1585
1562
3171
4832
7378
8561
9281
10801
11400
11357
11957
12105
11667
11660
11543
11079
10907
10733
10368
10165
9911
9563
9366
9037
8576
8262
7741
6999
6501
5849
4867
4264
3740
2748
2084
1784
1029
496
508
157
-45
374
482
613
1281
1667
1954
2604
2990
3220
3556
3568
3455
3183
2362
1589
685
-973
-2454
-3806
-5986
-7996
-9517
-11745
-13910
-15215
-17118
-19114
-19518
-20194
-21373
-20478
-19686
-20257
-18767
-16858
-16579
-14488
-11512
-10228
-7862
-4516
-2732
-570
2585
4340
5810
8235
9574
10166
11622
12433
12308
12820
13105
12596
12537
12552
12042
11827
11758
11342
11111
10941
10456
10140
9802
9106
8663
8157
7218
6622
5940
4775
4066
3320
2111
1458
904
-38
-413
-541
-948
-912
-600
-440
-20
511
965
1618
2118
2503
3107
3354
3301
3515
3260
2382
1874
1069
-727
-2037
-3228
-5728
-7666
-8866
-11484
-13638
-14581
-16864
-18848
-19122
-20221
-21261
-20473
-20161
-20337
-18818
-17331
-16708
-14453
-11841
-10542
-7946
-4751
-3183
-754
2367
3722
5433
7892
8718
9496
11094
11436
11431
12266
12273
11804
12126
11953
11357
11469
11251
10747
10757
10477
10057
9857
9431
8997
8447
7854
7311
6355
5667
5012
3783
3162
2553
1364
971
632
-162
-274
-181
-367
-267
237
665
876
1611
2429
2577
3172
3971
3826
3838
4140
3440
2536
2150
907
-938
-1972
-3574
-6195
-7681
-9199
-12166
-13943
-15067
-17838
-19422
-19404
-20895
-21551
-20139
-20274
-20292
-18014
-16952
-16296
-13280
-11041
-9845
-6640
-3772
-2447
330
3210
4250
6108
8515
9120
9960
11715
11928
11884
12952
12832
12100
12633
12473
11525
11839
11826
10832
10904
10922
9949
9822
9712
8709
8359
7969
6851
6279
5609
4424
3719
2963
1928
1313
722
53
-259
-517
-757
-662
-539
-372
82
456
828
1424
1769
2009
2485
2559
2247
2329
1928
774
358
-644
-2716
-3562
-5257
-8083
-8997
-11040
-14094
-14725
-16577
-19191
-19152
-19882
-21184
-20260
-19571
-19755
-18478
-16525
-15753
-14138
-10849
-9236
-7611
-3731
-1796
-630
2976
4855
5321
7994
9581
9370
10924
12178
11485
12009
12947
12086
11931
12652
11931
11451
11983
11485
10899
11222
10844
10196
10277
9832
9029
8824
8161
7130
6696
5848
4596
4055
3259
2064
1719
1308
383
254
259
-288
-176
291
241
561
1250
1497
1800
2384
2625
2669
2840
2754
2211
1657
987
-365
-1883
-3215
-5219
-7445
-9066
-11179
-13708
-15272
-16935
-19209
-20066
-20323
-21605
-21481
-20072
-20368
-19908
-17340
-16616
-15911
-12283
-10246
-9351
-5407
-2568
-1802
1647
4562
4874
7158
9511
9348
10471
12099
11634
11842
12787
12330
11954
12223
12097
11577
11252
11524
11108
10399
10790
10308
9567
9797
8811
8195
8258
6842
6390
6187
4643
4273
3675
2341
2257
1647
639
736
576
-18
26
496
363
252
1095
1322
1155
1861
1982
1736
1939
1618
1237
762
-285
-1045
-2264
-4067
-5276
-7043
-9226
-10580
-12618
-14836
-15884
-17805
-19585
-19459
-20352
-21205
-19632
-19437
-19733
-17057
-15741
-15572
-12061
-9565
-9031
-5409
-2202
-1525
1454
4722
5355
7144
9738
10053
10573
12250
12261
11910
12919
12793
11968
12598
12516
11458
11824
11877
10766
10941
11168
10098
9989
10163
9057
8536
8435
7322
6515
6064
4987
4145
3407
2349
1745
1064
137
-52
-261
-831
-702
-345
-399
-175
410
794
962
1333
1864
1956
1728
1858
1703
661
-91
-656
-2411
-4173
-5205
-7303
-9675
-10904
-12988
-15507
-16567
-18331
-20262
-20080
-20802
-21701
-19889
-19635
-20100
-17081
-15753
-15935
-12013
-9337
-9279
-5325
-1790
-1673
1441
5054
5165
6930
9774
9772
10269
12123
12081
11713
12738
12612
11698
12312
12284
11181
11698
11849
10706
11166
11495
10389
10624
10873
9691
9464
9340
8109
7508
6924
5807
5165
4225
3282
2866
1858
1109
1016
338
-77
124
5
67
400
621
1073
1355
1496
2070
2199
1841
1991
1734
639
-133
-899
-2567
-4346
-5644
-7563
-9948
-11587
-13465
-15789
-17367
-18965
-20273
-20684
-21472
-21370
-20166
-20404
-19632
-16934
-16502
-15437
-11431
-10100
-8994
-4516
-2586
-1713
2149
4163
4689
7212
8921
9008
10144
11568
11129
11305
12653
11565
11300
12739
11158
10934
12402
10545
10506
11801
10018
10095
11031
9527
9359
9588
8346
7924
7455
6277
5825
5055
3736
3384
2956
1702
1278
1346
598
134
490
482
213
603
1015
1004
1326
1674
1649
1763
1674
1340
1057
267
-635
-1433
-3075
-4794
-6012
-7996
-10292
-11708
-13516
-15908
-17332
-18651
-19998
-20490
-21080
-20854
-19836
-20082
-18883
-16224
-16159
-14476
-10332
-9721
-8059
-3370
-2287
-1028
3211
4458
5225
8268
9169
9516
11283
11662
11712
12622
12550
12234
12685
12561
11970
12161
12437
11657
11411
12036
11220
10487
11084
10302
9178
9384
8543
7307
7070
5906
4798
4418
2938
2249
2144
632
287
527
-548
-778
-287
-446
-759
-199
626
-86
326
1675
240
535
1630
-371
-238
-230
-2499
-2702
-3946
-6433
-6968
-8947
-11595
-12397
-14339
-16616
-17698
-18893
-19808
-20548
-20614
-19709
-19687
-19300
-17072
-16009
-15347
-12111
-9826
-9008
-5547
-2470
-1668
1287
4512
5094
6962
9552
9706
10476
12196
11957
12104
13200
12562
12309
13137
12368
11867
12629
11988
11226
11790
11454
10616
10765
10518
9689
9312
8800
8027
7346
6395
5653
5056
3796
2928
2625
1519
662
648
47
-568
-414
-384
-442
-213
134
503
679
930
1458
1512
1252
1481
1352
335
-217
-715
-2458
-3964
-4987
-7143
-9234
-10719
-12892
-14851
-16459
-18322
-19252
-19972
-21016
-20485
-19744
-20248
-19036
-16760
-16562
-15150
-11407
-10176
-8973
-4632
-2573
-1741
2147
4428
4884
7527
9264
9383
10730
11695
11460
11943
12384
11642
11645
12135
11097
10779
11646
10622
9912
11017
10296
9404
10359
9851
8891
9195
8583
7706
7372
6470
5753
5179
3913
3284
3028
1722
1241
1605
651
201
955
576
193
1041
1176
886
1432
1653
1505
1629
1424
1165
794
-330
-1143
-1925
-3849
-5445
-6614
-8787
-10865
-12345
-14253
-16232
-17784
-19038
-19904
-20542
-20917
-20315
-19615
-19678
-18181
-15941
-15661
-13547
-9761
-9012
-6934
-2663
-1627
75
3986
5175
6304
9101
9837
10300
11955
12137
12097
12991
12884
12322
12736
12764
11850
11931
12361
11403
11065
11702
10863
10169
10669
9886
8849
8867
8011
6726
6351
5328
4031
3589
2429
1409
1197
135
-537
-368
-971
-1211
-713
-616
-436
-72
714
984
816
1901
2031
1269
1831
1769
514
-7
-521
-2147
-3708
-5081
-6835
-8795
-10704
-12494
-14311
-16075
-17878
-19105
-19626
-20693
-21106
-19853
-19798
-19922
-17332
-15988
-15897
-12468
-9754
-9246
-5781
-2493
-1778
1072
4125
4873
6912
9150
9483
10701
12117
11851
12274
13164
12487
12141
12901
12352
11357
12004
11905
10564
10918
11255
9839
9719
10195
8871
8285
8461
7323
6475
5963
5021
4308
3170
2370
2229
1036
310
853
202
-405
518
586
309
1165
1668
1871
2357
2655
3096
3286
2816
2837
2866
1606
557
281
-1302
-3510
-4460
-6025
-8803
-10365
-11788
-14383
-15968
-17214
-19104
-19589
-20158
-21093
-19926
-19672
-20239
-17854
-16496
-16846
-13491
-10863
-10812
-7086
-3905
-3439
-90
2827
3327
5944
8019
8088
10001
11065
10702
11719
12238
11691
11644
12307
11889
10972
11850
11878
10436
11084
11645
10114
10170
10888
9632
8934
9155
8277
7214
6687
6061
5179
3970
3249
2897
1601
784
1053
269
-493
160
247
-134
518
1178
1260
1481
1957
2449
2360
2135
2387
2132
1156
323
-289
-1608
-3524
-5019
-6308
-8647
-11100
-12247
-14300
-16807
-17801
-18952
-20216
-20640
-20663
-20283
-20012
-19661
-17942
-16588
-15979
-13150
-10567
-9721
-6626
-3356
-2387
329
3511
4331
6344
8708
8968
10260
11735
11389
12111
13076
12362
12438
13198
12605
11968
12547
12430
11267
11565
11947
10674
10507
10899
9854
9046
8840
8248
6891
5841
5639
4110
2647
2513
1315
484
31
-701
-165
-1197
-1656
215
-1079
-1257
1249
244
399
2417
1731
2201
2965
2144
2634
2080
564
511
-762
-3104
-4289
-5677
-8453
-10692
-11755
-14210
-16742
-17536
-19140
-20493
-20502
-21193
-20942
-20004
-20363
-18873
-16526
-16601
-14461
-10653
-10094
-7835
-3424
-2322
-298
3642
4749
6317
9143
9626
10542
12351
12109
12299
13595
13022
12486
13545
13198
12092
12766
12977
11716
11680
12256
11266
10416
10812
10308
8951
8672
8465
7070
5948
5580
4569
3045
2296
1909
713
-280
-140
-589
-1470
-1038
-716
-1093
-590
172
483
905
1501
2219
2522
2423
2791
2901
2195
1499
1029
68
-1746
-3320
-4435
-6706
-9265
-10502
-12624
-15378
-16429
-18076
-19967
-19994
-20755
-21389
-19899
-19722
-19744
-16911
-15851
-15686
-11654
-9484
-9079
-4747
-2166
-1626
2078
4393
5026
7615
8966
9391
10993
11440
11507
12328
12352
11965
12024
12255
11774
11093
11763
11798
10415
10979
11595
9787
9866
10812
8941
8385
9161
7379
6209
6540
5138
3618
3392
2630
1326
645
345
-218
-834
-1043
-845
-776
-932
-461
368
421
602
1561
1900
1653
1901
2233
1671
666
364
-415
-2477
-3917
-4901
-7254
-9631
-10804
-12903
-15499
-16633
-18226
-19902
-20054
-20855
-21103
-19657
-19870
-19491
-16383
-15697
-15244
-10871
-8802
-8529
-4212
-1232
-1089
2358
5233
5334
7776
9654
9489
11016
11980
11469
12217
12743
12061
12132
12613
12134
11550
12180
12176
10972
11582
12085
10510
10612
11392
9773
8993
9574
8192
6599
6623
5666
3756
3241
2626
1153
468
-60
-600
-933
-1493
-1321
-918
-1344
-1054
-2
-61
-51
945
1275
912
1067
1421
845
-145
-574
-1300
-3102
-4904
-5885
-7728
-10538
-11758
-13173
-16053
-17102
-18152
-20175
-19962
-20505
-21377
-19346
-19437
-19824
-16208
-15378
-15527
-10872
-8668
-8579
-4031
-1045
-776
2799
5575
5920
8388
10184
10186
11716
12601
12041
12821
13315
12314
12389
13031
12139
11470
12296
11955
10692
11328
11528
10069
10148
10513
9109
8691
8860
7437
6830
6567
5047
4516
3769
2325
2163
1268
88
419
-62
-1009
-340
-80
-788
-98
721
377
721
1616
1621
1519
1928
1822
1310
639
-171
-1077
-2569
-4339
-5722
-7186
-9772
-11550
-12550
-15510
-17194
-17533
-20112
-20439
-19886
-21939
-19987
-18892
-20854
-16713
-15049
-16828
-11433
-8660
-10018
-4856
-1322
-2093
1966
5204
4933
7651
9785
9535
11165
12320
11722
12521
13148
12264
12308
12812
12076
11434
11976
11903
10758
11090
11765
10371
10114
11114
9713
8818
9585
8257
6983
7130
5855
4619
4140
2910
2170
1462
183
162
-189
-1490
-993
-669
-1658
-1137
-338
-638
-381
321
606
488
522
701
97
-687
-1298
-2452
-3624
-5216
-7045
-8111
-10173
-12499
-13343
-15267
-17566
-18270
-19334
-20205
-20443
-20631
-19483
-19198
-19148
-16127
-14790
-14668
-10513
-7858
-7712
-3708
-433
-156
3155
6098
6325
8857
10713
10430
12447
13461
12418
13839
14394
12875
13545
14051
12799
12565
13101
12659
11524
11888
12212
10450
10558
11047
9100
9064
8812
7066
7070
5694
4374
4562
2463
1426
1834
-234
-1146
-536
-1774
-2423
-1794
-1891
-2119
-1728
-1070
-915
-912
-224
192
-145
-91
117
-461
-1220
-1756
-2571
-3902
-5595
-6863
-8191
-10482
-12342
-13462
-15509
-17663
-18440
-19281
-20381
-20696
-20111
-19320
-19553
-18263
-15658
-15391
-13813
-9746
-8510
-7224
-2763
-897
59
4054
5887
6519
9545
10653
10737
12900
13085
12407
14038
13751
12345
13541
13514
11784
12434
13039
11574
11530
12445
11552
10886
11452
10959
9913
9679
9204
8140
7169
6400
5603
4311
3095
2603
1623
234
15
-194
-1291
-1399
-963
-1441
-1549
-776
-495
-540
74
595
701
584
576
745
-11
-880
-1259
-2203
-3904
-5698
-6692
-8586
-11608
-12635
-13998
-17353
-18302
-18776
-20960
-20812
-20584
-20934
-19323
-19518
-18391
-15125
-15513
-13316
-8819
-8745
-6426
-1790
-970
981
4772
5797
7144
9612
10133
10896
12414
12089
12186
13402
12581
11980
13161
12583
11491
12403
12488
11329
11591
12132
11314
10902
11330
10719
9709
9505
8864
7719
6804
5828
4906
3520
2181
1854
671
-730
-513
-1151
-2307
-1830
-1764
-2251
-1673
-1159
-997
-544
-75
412
698
660
782
632
-55
-758
-1624
-2792
-4375
-6262
-7687
-9516
-11971
-13387
-14808
-17085
-18421
-18939
-19762
-20567
-20246
-19141
-19256
-18699
-15977
-14938
-14252
-10622
-8265
-7399
-3844
-801
103
2857
5706
6385
8203
10297
10242
11309
12697
11794
12435
13603
12148
12219
13482
12122
11546
12846
12044
10967
11910
11782
10663
10907
10899
10011
9448
8814
8237
7282
5805
5348
4694
2735
2036
2132
332
-673
228
-852
-1980
-666
-895
-1860
-622
-280
-711
158
423
440
850
365
92
132
-985
-2170
-2549
-3794
-6110
-7362
-8404
-11113
-13152
-13959
-16053
-18286
-19023
-19557
-20537
-21018
-20117
-19319
-19739
-18395
-15714
-15365
-13986
-9909
-8369
-7214
-2940
-643
231
3792
6079
6743
9264
10600
10716
12448
12769
12208
13517
13336
12024
12890
13029
11468
11613
12450
11362
10529
11655
11391
9855
10413
10689
9219
8763
8809
7850
6808
5867
5415
4682
2657
2533
2657
248
81
1130
-762
-1242
408
-578
-1232
442
136
-330
925
726
538
1194
566
384
365
-929
-1496
-2450
-4058
-5242
-7429
-8344
-10234
-13553
-13336
-15470
-19070
-18149
-19115
-21614
-20515
-19755
-20273
-19459
-17818
-16026
-15367
-13324
-9609
-8624
-6454
-2193
-883
965
4623
5761
7082
9745
10143
10692
12503
12186
11743
13090
12637
11401
12343
12314
10901
11244
11895
10856
10545
11609
11012
10253
11080
10574
9738
9788
8962
8314
7645
6312
5919
5017
3166
3013
2317
150
293
206
-1775
-1410
-776
-2109
-1648
-567
-1150
-746
212
172
418
619
504
582
-130
-946
-1290
-2649
-4347
-5538
-7291
-9488
-11458
-13228
-15035
-16982
-18626
-19598
-20192
-21056
-21234
-19871
-19607
-19775
-16977
-15110
-15217
-11782
-8280
-7990
-5022
-910
57
2168
5570
6605
8052
10238
10319
11372
12875
11626
12262
13651
11639
11998
13125
11285
11876
12083
11204
12185
10973
11225
12322
9971
10787
11740
9033
9520
9877
7611
7238
6530
5405
4339
2625
2726
1574
-622
143
-433
-2412
-1440
-1241
-2460
-1487
-875
-1333
-499
20
-137
499
446
88
503
-392
-1412
-1584
-3045
-4916
-6091
-7609
-9837
-11900
-13321
-15083
-17228
-18663
-19548
-20150
-20887
-21119
-19712
-19443
-19579
-16773
-14986
-14928
-11778
-8499
-7938
-5033
-1064
-217
2049
5617
6170
7652
10230
10017
10878
12547
11459
11829
13072
11594
11348
12495
11437
10513
11446
11424
10119
10464
11383
10221
9765
10843
10113
9048
9447
8989
7796
7187
6561
5782
4459
3361
3417
2011
478
1375
363
-1274
68
-409
-1613
-285
-295
-743
208
521
490
834
1282
785
425
821
-854
-1975
-1606
-4499
-6378
-6127
-9731
-12119
-12348
-15559
-17541
-18161
-19727
-20207
-20897
-20786
-19409
-19921
-19090
-16096
-15587
-14732
-10899
-8644
-7932
-4303
-937
-238
2705
5623
6111
8476
10012
9723
11663
12237
10935
12324
12812
10879
11452
12309
10608
10345
11488
10829
9963
10880
11256
10173
10413
11029
10161
9757
9719
9166
8428
7330
6784
6177
4309
3469
3402
1391
272
788
-733
-1735
-833
-1583
-2157
-1148
-1368
-1448
-477
-587
-313
444
-53
-10
213
-1007
-1824
-2320
-3959
-5785
-7117
-8646
-10921
-12871
-14089
-16001
-18017
-19012
-19545
-20325
-20988
-20008
-18919
-19563
-17935
-14830
-14938
-13145
-8701
-7703
-6192
-1650
243
1278
5089
6686
7138
10072
10712
10474
12793
12670
11410
13441
13070
11015
12687
12719
10692
11576
12355
10891
10790
11831
11102
10377
11029
10875
9902
9832
9521
8470
7692
6698
5969
4937
3209
2921
2288
123
62
319
-1663
-1777
-791
-1918
-1927
-797
-1141
-851
-162
-465
38
243
-498
-354
-562
-1924
-2763
-3429
-5202
-6949
-8089
-9852
-12151
-13685
-15034
-17257
-18801
-19407
-20093
-20832
-20866
-19433
-19071
-19292
-16601
-14561
-14636
-11806
-8135
-7470
-5286
-1098
181
1621
5134
6272
7296
9688
9961
10632
12143
11467
11487
12706
11688
10863
12083
11642
10348
11215
11744
10575
10647
11718
11047
10430
11230
10942
9984
9971
9644
8691
7841
6968
6301
5115
3593
3418
2625
679
855
763
-1036
-595
-173
-1052
-626
-243
82
100
64
1190
746
69
1438
325
-997
-69
-2375
-3967
-4169
-7302
-8746
-9917
-12923
-14425
-15702
-17918
-19408
-19771
-20204
-21220
-20647
-18982
-19486
-18635
-15512
-14993
-13947
-10179
-8173
-7056
-3620
-717
235
2962
5593
6158
8202
9538
9385
11054
11630
10656
11774
12477
10844
11211
12474
10892
10543
12079
11265
10580
11732
11665
11021
11401
11612
11119
10693
10467
10010
9082
7935
7366
6477
4607
3699
3367
1446
131
593
-730
-1957
-1012
-1525
-2195
-1335
-1306
-1432
-818
-662
-626
-347
-563
-914
-1255
-2132
-3152
-4043
-5514
-7236
-8575
-10313
-12468
-14125
-15462
-17089
-18591
-19225
-19424
-20075
-20381
-19132
-18388
-18563
-16338
-14065
-13708
-11238
-7797
-6500
-4442
-560
1019
2432
6245
6883
7885
11148
10164
11234
13496
11329
12378
13767
11609
11986
13050
11638
11207
12018
11655
11016
11130
11720
11163
10570
11303
10722
9950
10046
9293
8548
7890
6685
5879
4864
3288
2605
1816
301
-109
-338
-1480
-1611
-1266
-1846
-1750
-1084
-1229
-1084
-516
-444
-443
-386
-497
-788
-1506
-2452
-3062
-4454
-6399
-7343
-9017
-11359
-12751
-14186
-16050
-17538
-18636
-19492
-19756
-20390
-20355
-18755
-19000
-18610
-15315
-14494
-14002
-10031
-7700
-7165
-3624
-398
181
2903
5848
6336
8250
9978
9932
11137
11959
11287
11848
12454
11296
11247
12022
10878
10489
11540
10837
10078
11212
11137
10123
10959
11272
10158
10184
10352
9361
8651
8193
7337
6327
5149
4322
3616
2249
1384
1405
349
-540
295
-362
-1304
4
-171
-934
244
356
-278
195
199
-408
-707
-1675
-2585
-3248
-5300
-6818
-7794
-10180
-12235
-13486
-15266
-17255
-18521
-19359
-20061
-20624
-20813
-19660
-19219
-19434
-16880
-14985
-14908
-11893
-8534
-7697
-5286
-1394
-107
1514
5095
6232
7387
9685
9949
10896
12183
11668
11883
12835
12017
11228
12212
11629
10284
11256
11428
10072
10592
11478
10460
10273
11279
10594
9741
10310
9845
8587
8296
7783
6568
5475
4624
3954
2728
1440
1378
729
-819
-698
-463
-1726
-1652
-794
-1395
-1497
-769
-960
-1217
-1098
-1362
-1606
-2278
-3283
-3658
-5097
-7100
-7735
-9269
-11790
-12888
-13918
-16162
-17624
-18183
-19271
-19780
-20052
-19911
-18528
-18774
-18212
-14838
-14097
-13527
-9106
-6898
-6566
-2241
933
1077
4486
7238
7359
9674
11049
11064
12430
12600
12235
12955
12916
12026
12090
12506
11438
10798
11696
11072
9968
10986
11060
9852
10424
10791
9761
9417
9481
8761
7710
7206
6708
5569
4409
3873
3053
1570
903
791
-345
-1190
-457
-932
-1884
-700
-581
-1251
-261
-29
-365
22
-323
-796
-928
-2241
-3327
-3605
-5673
-7604
-8198
-10303
-12752
-13868
-15263
-17481
-18856
-19407
-20102
-20567
-20781
-19672
-18683
-19190
-16914
-14033
-14385
-12101
-7736
-7175
-5607
-920
535
1399
5169
6536
7089
9538
9880
10173
11802
11254
11009
12309
11572
10632
11649
11412
10198
10758
11251
10337
10308
11244
10788
10098
10951
10864
9673
9812
9821
8547
7771
7420
6482
5362
4169
3807
3169
1096
1284
1458
-890
-398
441
-1511
-784
340
-1003
-46
725
-152
659
614
-243
83
-755
-2226
-2501
-3814
-6004
-7197
-8626
-10781
-12937
-14267
-15630
-17773
-19016
-19375
-19786
-20657
-20436
-18519
-18829
-18896
-15265
-14065
-14152
-10244
-7485
-7013
-3792
-370
372
2741
5634
6145
8098
9726
9703
11242
11908
11091
11848
12472
11095
11065
12046
10850
10217
11375
10971
9857
10828
11282
10056
10434
11319
10350
9846
10317
9655
8538
7985
7470
6404
4912
4199
3647
1888
879
996
-215
-1247
-710
-1130
-1916
-1382
-1267
-1574
-1196
-965
-782
-622
-958
-853
-846
-2061
-2778
-3003
-4714
-6466
-7149
-8845
-11320
-12674
-14062
-16051
-17678
-18722
-19059
-19684
-20486
-19626
-18220
-18739
-17919
-14517
-13729
-13408
-9372
-6401
-6439
-3020
1359
1060
3724
7675
7080
9435
11662
10375
12446
13523
11600
12753
13665
11566
11503
12682
11052
10168
11543
10794
9354
10672
10955
9262
10135
10869
9223
9403
9882
8587
7977
7510
6735
5966
4337
3687
3566
1368
451
1195
-613
-1688
-633
-1445
-2023
-1086
-976
-949
-381
-73
255
431
145
380
93
-1167
-1540
-2237
-4170
-5771
-6872
-8678
-11193
-12728
-13889
-16228
-18073
-18733
-19652
-20615
-21010
-20324
-19236
-19560
-18497
-15222
-14736
-14072
-9677
-7733
-7350
-3298
-585
-37
3116
5180
5948
8460
9088
9397
11422
11401
10838
11913
12116
11054
11140
11797
10821
10315
11271
10939
10076
11004
11298
10238
10911
11349
10135
10190
10453
9161
8654
8217
6793
6534
5272
3635
3933
2521
683
1695
734
-1288
567
-39
-1630
392
-93
-621
709
359
519
877
477
547
24
-1035
-1697
-2813
-4493
-6154
-7629
-9118
-11570
-13541
-14328
-16750
-18758
-18781
-19832
-20671
-20565
-20048
-18953
-19167
-18179
-15074
-14632
-13897
-9637
-7640
-7284
-3277
-279
102
3228
5606
6174
8725
9671
9829
11844
12078
11335
12585
13018
11466
11866
12766
11252
11077
12183
11413
10710
11791
11698
10254
11144
11345
9662
9971
9914
8593
8090
7249
6304
5729
4030
3139
3267
1218
153
826
-792
-1781
-927
-1755
-2279
-1468
-1782
-1882
-1271
-1380
-1272
-1069
-1407
-1358
-1596
-2601
-3130
-3690
-5227
-6635
-7453
-9015
-11226
-12432
-13368
-15539
-17112
-17704
-18620
-19327
-19750
-19319
-18193
-18327
-17971
-14541
-13462
-13821
-8902
-6173
-6606
-2312
1240
1395
4387
7481
7911
10244
11697
11456
13446
13884
12692
13739
14168
12378
12276
13155
11558
10797
11947
11018
9769
10845
10912
9238
9846
10608
9082
8842
9116
8382
7507
6430
6248
5665
3493
2993
3312
976
-140
721
-1043
-2176
-1192
-2155
-2698
-1712
-1935
-1785
-1048
-1040
-574
-157
-490
-354
-278
-1413
-2055
-2140
-3946
-5886
-6451
-8146
-10979
-12290
-13309
-15930
-17827
-18331
-19375
-20357
-20806
-20293
-18943
-19595
-18687
-14698
-14604
-14207
-9081
-7214
-7125
-2637
389
661
3808
6256
6820
9141
9985
10176
12209
12059
11180
12726
12709
10860
11718
12482
10509
10497
11701
10684
9946
10995
11213
10009
10632
11448
9825
9862
10320
8630
8398
7639
6151
6376
4345
2868
3895
1368
-164
1539
-612
-1955
-83
-1365
-2032
-658
-1167
-948
-353
-585
155
216
-440
-193
-263
-1579
-2589
-2816
-4565
-6853
-7550
-9058
-12014
-13544
-14143
-16594
-18714
-18633
-19464
-20623
-20405
-19560
-18763
-19192
-17683
-14460
-14594
-13312
-8579
-7245
-6463
-2003
392
1201
4558
6254
7271
9919
9887
10756
13249
11926
11860
14059
12804
11669
13206
12813
11268
12133
12517
11244
11276
11992
11443
10584
11178
11338
9998
9857
10040
8943
7707
7086
6781
5096
3367
3603
2644
196
233
511
-1744
-2113
-1170
-2405
-2615
-1894
-2105
-1784
-1664
-1647
-1105
-1291
-1857
-1564
-1775
-3334
-3768
-4048
-6315
-7777
-8015
-10298
-12680
-13077
-14711
-17063
-17889
-18616
-19357
-19821
-20472
-19001
-18017
-19490
-16439
-13323
-14855
-11705
-6987
-7156
-5026
-271
897
2328
6213
7410
8768
11469
11347
12493
14323
13074
13351
14852
13521
12690
13938
13054
11623
12477
12410
11027
11283
11980
10874
10431
11190
10454
9468
9474
9024
8042
6869
6178
5948
4171
2720
3247
1815
-270
536
-78
-2274
-1595
-1371
-2855
-2401
-1992
-2505
-2004
-1845
-1865
-1224
-1459
-1702
-1147
-1749
-3001
-3076
-3617
-6001
-7313
-7584
-10096
-12601
-12839
-14367
-17224
-17648
-18175
-19537
-19503
-19893
-19014
-18120
-18981
-16393
-13684
-14507
-11656
-7204
-7450
-5174
-117
267
2134
6250
6725
8413
10906
10792
11898
13585
12584
12600
14250
12770
11995
13293
12243
11244
11606
11516
11034
9978
10891
11423
8372
10390
11305
6849
9432
9891
5817
7540
7292
4509
4979
3834
2391
2569
594
316
523
-1399
-1164
-1084
-1922
-1559
-1561
-1414
-896
-1208
-858
-309
-1022
-999
-703
-1769
-2701
-2901
-4244
-6135
-7035
-8280
-10258
-12119
-13139
-14533
-16914
-17674
-18061
-19325
-19763
-19545
-18408
-18284
-18644
-15408
-13675
-14457
-10629
-7039
-7165
-4121
51
776
3130
6359
6997
9498
11111
10600
13014
13693
12182
13735
14428
12570
13026
13846
12200
11825
12607
11745
10878
11455
11521
10375
10254
10939
10014
8831
9264
9042
7296
6374
6481
5274
3060
2752
2740
363
-706
182
-1318
-2781
-1814
-2240
-3234
-2464
-2380
-2448
-1670
-1765
-1419
-738
-1594
-1571
-963
-2696
-3348
-3027
-5095
-6366
-7102
-8932
-10367
-12264
-13586
-13998
-16843
-18115
-16691
-19145
-19985
-17860
-18169
-18279
-17232
-14657
-13583
-13616
-9572
-6805
-6914
-3185
584
917
3771
6696
7405
9873
11134
11228
13460
13844
12764
14415
14682
12891
13450
13847
12391
11979
12523
11817
10806
11461
11428
10049
10465
10707
9332
9189
8957
7817
7214
5990
5185
4904
2821
1961
2536
317
-980
229
-1248
-2555
-1156
-1707
-2492
-1301
-1412
-1645
-713
-759
-745
-94
-389
-485
-367
-1110
-1819
-2426
-3489
-5127
-6362
-7454
-9619
-11681
-12554
-14215
-16790
-17415
-18135
-19376
-19572
-19935
-18727
-18201
-19142
-16374
-14005
-15073
-12100
-7778
-8035
-5756
-1221
-413
1466
4926
5867
7785
10200
10100
11565
13302
12334
12847
13999
12942
12641
12944
12558
11967
11147
12148
11482
9790
11912
10812
8812
11147
9912
7859
9444
8443
6833
7087
5834
5255
4329
2570
2919
1698
-219
505
-54
-1651
-1052
-1076
-1852
-1363
-1220
-1102
-832
-857
-413
-242
-635
-466
-363
-1159
-1722
-2337
-3268
-4393
-6251
-7214
-8251
-11091
-12278
-12632
-15410
-16887
-16957
-18455
-19017
-19229
-19338
-17914
-18221
-17981
-14590
-13993
-13831
-9588
-7556
-6910
-2984
-559
709
3981
5546
6823
9748
10316
10701
13096
13464
12884
14089
14603
13635
13477
14032
13367
12543
13085
12642
11411
12108
11956
10198
10787
11186
9172
8940
9315
7557
6517
6077
4869
3847
2540
1547
1160
-388
-1638
-1332
-2349
-3585
-2969
-3059
-3805
-3417
-2629
-2679
-2638
-1864
-1420
-1544
-1593
-919
-1040
-2082
-2069
-2201
-3662
-4858
-5610
-6930
-8555
-10448
-11412
-12493
-14942
-15914
-16514
-17786
-18380
-18840
-18014
-17385
-18259
-16070
-13462
-14199
-11790
-7897
-7569
-5401
-1482
-190
1888
5120
6094
8077
10592
10549
11783
13761
13324
13228
14516
14417
13338
13730
14188
12832
12343
13340
12220
11080
12316
11527
9886
10957
10456
8536
8983
8458
6790
6551
5575
4273
3631
2167
1229
856
-815
-1432
-1223
-2505
-2815
-2400
-2908
-2867
-2254
-2010
-1756
-1205
-733
-398
-279
-79
119
-170
-580
-1186
-1929
-3018
-4771
-5974
-7069
-9465
-11205
-12024
-14208
-16152
-16928
-18076
-18918
-19376
-19693
-18649
-18164
-18492
-16071
-14073
-14277
-11560
-8114
-7468
-5081
-1424
-62
2346
4764
5955
8391
9609
10254
11801
12618
12891
12848
13452
14037
12504
12790
14280
11808
11978
13646
10942
11197
12445
10198
10118
11088
9583
8698
9063
8164
6796
6208
5526
4328
3136
2206
1606
461
-898
-905
-1518
-2846
-2458
-2450
-3202
-2571
-2234
-2343
-1707
-1413
-1012
-456
-578
-177
152
-607
-931
-1198
-2356
-3479
-4582
-5755
-7177
-9293
-10447
-11431
-14066
-15237
-15700
-17595
-18054
-18341
-18838
-17816
-17997
-17687
-15025
-14270
-13600
-10040
-7986
-6863
-3431
-1024
556
3639
5247
6482
9273
9976
10262
12603
13055
12482
13722
14290
13476
13341
13934
13311
12425
12986
12491
11351
11940
11703
10292
10667
10821
9229
8877
8964
7483
6426
5891
4694
3612
2437
1183
485
-830
-2120
-2166
-3003
-3944
-3687
-3915
-4165
-3985
-3717
-3292
-3167
-2833
-1763
-1705
-1827
-533
-849
-1385
-862
-1568
-2183
-3145
-4351
-5051
-6977
-8871
-9716
-11527
-13467
-14473
-16013
-16911
-17413
-18662
-18008
-17026
-18204
-16864
-13984
-14405
-12984
-8956
-7919
-6371
-2601
-872
1003
4168
5460
7414
10056
10219
11318
13370
13171
13207
14310
14402
13658
13737
14200
13196
12737
13461
12478
11820
12760
11684
10678
11829
10755
9266
10049
8993
7441
7310
5955
4850
4070
2208
1704
1048
-1237
-1469
-1491
-3502
-3680
-3230
-4199
-4193
-3653
-3452
-3134
-2833
-2119
-1554
-1513
-1012
-425
-673
-845
-800
-1573
-2490
-3413
-4726
-5935
-7565
-9412
-10648
-12090
-14046
-15563
-16477
-17474
-18621
-18819
-18131
-18315
-18227
-16215
-14964
-14441
-11852
-9474
-8157
-5266
-2802
-1118
2202
3924
5040
8297
9296
9375
11667
12551
12003
12944
13757
13239
13202
13562
13256
12690
12774
12647
11845
11910
11946
11056
10924
11013
10101
9660
9437
8489
7790
6858
5672
5007
3756
2152
1706
567
-1295
-1520
-2274
-3644
-3673
-3971
-4687
-4484
-4098
-4175
-3866
-3291
-2918
-2604
-2178
-1619
-1580
-1598
-1378
-1899
-2513
-2815
-4011
-5217
-5819
-7538
-9368
-10029
-11521
-13613
-14315
-15128
-16568
-16987
-17046
-17007
-16656
-16346
-15080
-13254
-12380
-10814
-7711
-5832
-4211
-1169
1083
2855
4881
6577
8720
9971
10409
12478
13506
12867
14013
14830
13971
13987
14450
13923
13310
13405
13292
12483
12173
12346
11411
10839
11087
9955
9022
8854
7567
6315
5483
3965
2809
1613
-179
-1102
-2083
-3807
-4691
-4796
-6085
-6825
-6031
-6715
-6928
-5853
-5744
-5369
-4474
-3740
-3107
-2584
-1838
-1353
-1408
-1034
-1192
-1811
-1942
-3175
-4093
-4577
-6657
-7775
-8298
-10540
-11699
-12158
-13906
-14428
-14930
-15980
-14962
-14859
-15381
-13016
-11692
-11809
-9010
-6565
-5929
-3283
-608
741
3001
4823
6290
8546
9392
10080
12149
12492
12163
13551
13801
12918
13396
13654
12766
12532
12992
12562
11741
12016
11851
10713
10698
10544
9332
8897
8301
6990
6064
4840
3601
2580
920
-257
-972
-2559
-3617
-3732
-4655
-5508
-5160
-5138
-5543
-5037
-4237
-3891
-3473
-2533
-1426
-1102
-864
259
500
-192
60
15
-1148
-1964
-2691
-3921
-5299
-6747
-7941
-9254
-10989
-12035
-12961
-14512
-14951
-15407
-16316
-15507
-15476
-15526
-13245
-12739
-12072
-8689
-7811
-6528
-2790
-2007
-156
3172
3398
5349
7949
7792
9110
10969
10966
11295
12352
12684
12264
12547
13046
12415
12249
12779
12271
11918
12272
11756
11246
11166
10386
9744
9234
7975
7231
6506
4701
3797
3029
1045
-26
-737
-2263
-3146
-3661
-4456
-4725
-4816
-5091
-4801
-4250
-4185
-3791
-2775
-2460
-2238
-1390
-1005
-959
-775
-668
-910
-1473
-1922
-2682
-3822
-4803
-6109
-7528
-8701
-10277
-11500
-12358
-13768
-14393
-14516
-15359
-15243
-14421
-14442
-13622
-12062
-11260
-9837
-7912
-6568
-4689
-2562
-1085
986
3067
4176
6007
7778
8452
9662
10903
11269
11920
12668
12675
12932
13474
13364
13249
13575
13515
13007
12964
12794
12017
11718
11178
10233
9709
8427
7254
6651
4817
3493
2900
826
-483
-1010
-2861
-3749
-4280
-5634
-5797
-6044
-6753
-6216
-5817
-5966
-5105
-4189
-3979
-3184
-2229
-1833
-1283
-801
-645
-491
-780
-1195
-1443
-2363
-3405
-4176
-5457
-6793
-7998
-9289
-10216
-11383
-12545
-12700
-13292
-14150
-13432
-13034
-13338
-11996
-10773
-10379
-8653
-7070
-5951
-3894
-2379
-886
1315
2586
4055
6090
7088
8124
9556
10324
10879
11586
12094
12192
12338
12720
12538
12409
12828
12427
11960
12330
11742
10856
11036
10320
9026
8864
7988
6382
5795
4677
2987
2206
886
-636
-1269
-2664
-3860
-4045
-5195
-5876
-5482
-6045
-6107
-5313
-5218
-4767
-3951
-3370
-2591
-1984
-1308
-666
-578
-308
-192
-718
-1145
-1560
-2469
-3541
-4262
-5314
-6735
-7405
-8439
-9791
-10224
-11259
-12021
-11934
-12819
-12533
-11705
-12183
-10816
-9423
-9395
-7364
-5714
-5097
-2881
-1317
-273
1764
3101
4207
5811
6891
7666
8710
9624
9979
10518
11279
11193
11269
11892
11498
11261
11933
11469
10910
11451
10875
9961
10187
9473
8337
8079
7068
5822
5119
3769
2565
1716
198
-894
-1615
-2994
-3862
-4274
-5184
-5622
-5646
-5948
-5866
-5564
-5324
-4787
-4311
-3795
-3082
-2719
-2288
-1676
-1587
-1498
-1244
-1585
-2072
-2378
-3065
-4000
-4796
-5507
-6482
-7576
-8084
-8684
-9818
-10064
-10018
-10821
-10732
-9982
-10183
-9747
-8486
-7992
-7104
-5571
-4656
-3385
-1743
-720
769
2489
3307
4562
6181
6723
7480
8828
9258
9554
10500
10940
10775
11131
11596
11069
10978
11575
10808
10414
10927
9819
9213
9389
7959
7278
6984
5322
4605
3881
2163
1422
468
-1174
-1982
-2845
-4132
-4791
-5167
-5850
-6216
-6079
-6177
-6232
-5759
-5315
-4907
-4245
-3479
-2795
-2279
-1649
-1062
-906
-660
-418
-635
-822
-1096
-1713
-2268
-3049
-3979
-4623
-5583
-6539
-6960
-7820
-8684
-8794
-9309
-9787
-9400
-9371
-9293
-8393
-7813
-7170
-5881
-4932
-3919
-2444
-1351
-184
1287
2281
3326
4671
5543
6249
7216
7933
8278
8821
9496
9564
9606
10206
10145
9817
10335
10176
9465
9704
9348
8300
8266
7793
6559
6242
5549
4091
3441
2543
1058
295
-580
-1845
-2506
-3169
-4054
-4453
-4742
-5166
-5224
-5029
-4968
-4732
-4101
-3620
-3254
-2432
-1753
-1470
-717
-81
-114
292
623
49
-82
-97
-1127
-1756
-2111
-3339
-4143
-4704
-5813
-6325
-6842
-7711
-7829
-8140
-8723
-8522
-8384
-8396
-7863
-7203
-6605
-5858
-4873
-3881
-3058
-1938
-752
133
1276
2434
3229
4233
5127
5668
6462
7000
7287
8017
8339
8410
8964
8940
8686
8958
8696
8258
8278
7928
7413
7172
6730
6076
5510
4890
4006
3153
2440
1498
619
-8
-829
-1572
-2024
-2639
-3172
-3386
-3721
-3959
-3844
-3867
-3818
-3394
-3164
-2929
-2323
-1993
-1747
-1190
-989
-920
-578
-639
-807
-711
-1097
-1609
-1831
-2513
-3247
-3591
-4300
-4989
-5281
-5888
-6402
-6534
-6968
-7257
-7171
-7321
-7241
-6744
-6443
-5964
-5170
-4621
-3955
-2994
-2244
-1433
-359
561
1431
2487
3439
4207
5087
5925
6457
7078
7693
7905
8270
8674
8631
8718
8835
8569
8370
8229
7840
7419
6985
6421
5796
5112
4476
3732
2903
2216
1357
483
-169
-970
-1687
-2203
-2856
-3333
-3671
-4125
-4282
-4358
-4496
-4283
-4067
-3892
-3411
-3013
-2651
-2071
-1659
-1342
-931
-708
-615
-432
-374
-483
-487
-649
-999
-1219
-1607
-2134
-2491
-2959
-3489
-3830
-4265
-4661
-4904
-5305
-5502
-5578
-5837
-5726
-5507
-5441
-4995
-4562
-4261
-3587
-2981
-2436
-1511
-675
23
980
1853
2515
3335
4135
4699
5312
5883
6217
6584
6916
7076
7274
7351
7265
7218
7037
6749
6477
6052
5539
5007
4400
3802
3194
2581
1946
1265
622
-60
-722
-1268
-1854
-2353
-2719
-3086
-3284
-3425
-3486
-3397
-3318
-3075
-2849
-2627
-2156
-1792
-1490
-958
-684
-486
-19
-11
49
299
56
12
-8
-326
-429
-630
-1015
-1249
-1580
-1977
-2220
-2583
-3001
-3263
-3584
-3948
-4099
-4213
-4409
-4391
-4331
-4358
-4112
-3798
-3622
-3195
-2706
-2353
-1777
-1152
-589
114
793
1407
2066
2672
3206
3724
4177
4566
4911
5188
5428
5566
5628
5689
5602
5438
5342
5119
4820
4606
4223
3713
3297
2774
2192
1708
1133
542
57
-454
-916
-1272
-1662
-1950
-2150
-2430
-2537
-2548
-2629
-2528
-2389
-2294
-2008
-1746
-1606
-1395
-1231
-1131
-956
-781
-651
-482
-286
-161
-65
41
30
-19
-51
-204
-372
-497
-719
-975
-1185
-1436
-1730
-1943
-2153
-2368
-2482
-2591
-2677
-2720
-2753
-2728
-2731
-2661
-2433
-2273
-2030
-1586
-1302
-1006
-538
-261
87
552
859
1290
1740
2077
2515
2911
3187
3414
3566
3641
3675
3724
3747
3707
3675
3581
3403
3225
2933
2585
2271
1885
1498
1133
718
355
26
-349
-656
-903
-1140
-1281
-1398
-1529
-1571
-1585
-1591
-1515
-1443
-1349
-1179
-1056
-950
-792
-661
-521
-313
-122
36
175
251
264
253
235
187
115
66
-25
-177
-307
-483
-680
-797
-981
-1178
-1270
-1427
-1583
-1665
-1879
-2070
-2118
-2231
-2245
-2105
-2057
-1924
-1681
-1573
-1393
-1143
-1025
-789
-480
-292
-25
241
391
637
897
1105
1416
1715
1902
2086
2214
2252
2282
2275
2236
2229
2219
2170
2090
2010
1887
1714
1584
1420
1224
1111
942
761
651
425
241
167
-10
-109
-146
-323
-429
-468
-586
-639
-662
-717
-699
-669
-658
-587
-512
-467
-401
-371
-382
-362
-336
-331
-313
-302
-330
-385
-461
-565
-669
-738
-805
-880
-943
-1017
-1095
-1172
-1265
-1328
-1344
-1351
-1333
-1267
-1177
-1065
-935
-815
-720
-602
-463
-349
-233
-88
64
229
379
467
533
592
638
700
773
833
892
956
999
1037
1087
1109
1092
1074
1039
997
985
975
965
960
945
940
934
894
816
713
614
525
439
385
316
217
119
10
-75
-127
-183
-218
-243
-302
-366
-435
-538
-638
-726
-794
-808
-783
-750
-701
-655
-630
-613
-601
-594
-558
-523
-505
-447
-373
-339
-289
-222
-189
-163
-117
-62
-11
38
96
160
214
248
257
252
236
226
237
234
202
173
127
58
-15
-108
-193
-235
-257
-267
-267
-279
-296
-312
-338
-351
-338
-314
-275
-222
-156
-83
-12
55
119
200
302
392
457
509
537
570
628
671
706
743
751
753
750
722
686
663
626
553
454
343
226
120
21
-72
-147
-211
-265
-328
-415
-491
-546
-600
-634
-651
-648
-604
-550
-487
-406
-321
-220
-104
2
85
129
145
153
168
208
253
310
379
416
419
401
346
283
213
115
18
-72
-169
-252
-326
-394
-459
-525
-586
-644
-705
-766
-814
-836
-824
-794
-752
-682
-599
-526
-467
-426
-378
-297
-197
-100
4
112
233
361
486
609
733
846
925
963
969
965
973
984
981
954
908
856
804
745
653
538
431
342
273
226
182
116
32
-55
-136
-210
-269
-311
-339
-358
-378
-411
-449
-479
-498
-502
-494
-484
-475
-461
-431
-387
-342
-316
-316
-329
-339
-343
-343
-337
-309
-270
-224
-163
-103
-56
-40
-77
-119
-135
-138
-122
-95
-99
-135
-179
-196
-167
-104
-41
-5
-6
-21
-25
-13
17
67
124
171
219
286
352
395
415
422
428
455
492
509
504
496
488
487
489
494
501
500
491
469
443
397
329
279
234
171
130
110
67
7
-59
-125
-167
-185
-192
-204
-212
-201
-200
-231
-276
-332
-406
-481
-528
-542
-539
-538
-551
-584
-621
-648
-670
-693
-705
-694
-666
-635
-596
-547
-500
-470
-459
-449
-407
-320
-210
-96
24
119
181
208
230
260
295
367
442
516
587
648
714
757
785
793
786
781
770
749
721
694
658
622
590
560
508
442
375
299
220
151
100
70
47
16
-27
-61
-74
-83
-87
-94
-117
-142
-166
-180
-168
-142
-123
-114
-136
-178
-215
-246
-263
-267
-285
-309
-329
-350
-376
-401
-427
-465
-498
-508
-514
-543
-587
-614
-608
-579
-545
-521
-497
-473
-461
-457
-441
-393
-321
-243
-162
-91
-39
7
73
153
223
283
338
385
417
452
497
544
584
619
646
672
695
710
712
695
670
640
611
584
566
556
544
516
471
410
343
272
200
127
41
-51
-148
-227
-271
-296
-310
-301
-288
-268
-252
-269
-301
-325
-339
-339
-342
-353
-353
-331
-283
-235
-192
-153
-134
-128
-134
-163
-199
-242
-298
-335
-343
-332
-308
-289
-283
-276
-269
-262
-256
-245
-230
-206
-185
-182
-185
-170
-139
-99
-43
16
61
100
139
182
216
241
259
281
306
323
337
365
396
409
416
419
407
385
372
372
385
402
412
427
439
423
377
312
228
132
60
32
26
19
-2
-39
-70
-79
-75
-70
-63
-71
-97
-130
-166
-204
-241
-265
-274
-273
-269
-260
-250
-240
-238
-255
-272
-289
-314
-338
-352
-353
-340
-320
-298
-285
-271
-241
-221
-214
-202
-204
-214
-212
-208
-200
-177
-139
-92
-29
44
98
129
165
201
228
248
249
246
258
279
310
355
396
428
456
460
447
433
420
412
407
387
352
307
262
228
214
212
209
193
158
105
45
-1
-30
-47
-55
-52
-47
-48
-58
-76
-105
-144
-181
-212
-230
-236
-235
-229
-217
-210
-218
-233
-250
-263
-269
-273
-278
-283
-305
-330
-341
-353
-353
-340
-327
-301
-269
-248
-220
-191
-164
-134
-111
-87
-60
-41
-28
-13
13
54
101
146
190
232
264
288
316
341
346
335
316
291
275
281
306
327
334
334
327
307
274
238
212
203
207
209
194
165
134
104
74
49
32
15
-6
-26
-40
-51
-61
-68
-70
-71
-75
-89
-124
-179
-232
-268
-283
-279
-262
-234
-205
-181
-161
-147
-140
-149
-169
-194
-211
-218
-224
-225
-213
-178
-136
-98
-75
-66
-64
-69
-84
-101
-110
-107
-87
-58
-38
-33
-30
-24
-10
15
47
76
98
108
112
124
139
148
156
184
220
246
261
263
247
230
231
240
237
233
235
233
220
208
194
167
131
97
68
47
46
53
57
56
50
36
11
-25
-73
-122
-159
-181
-187
-181
-170
-156
-144
-134
-124
-115
-108
-102
-95
-90
-93
-105
-125
-148
-172
-186
-191
-185
-172
-156
-137
-122
-113
-113
-123
-134
-140
-139
-128
-106
-80
-54
-31
-4
30
60
79
85
89
103
127
154
178
192
194
191
187
184
176
162
151
147
149
153
155
151
142
131
123
122
122
123
124
125
123
110
78
39
6
-17
-30
-39
-42
-48
-60
-71
-72
-61
-50
-48
-64
-92
-129
-159
-170
-161
-140
-120
-105
-91
-80
-76
-78
-80
-78
-74
-76
-79
-77
-73
-73
-75
-69
-62
-69
-91
-114
-129
-135
-128
-110
-85
-57
-35
-24
-22
-18
-6
18
47
70
86
101
122
148
170
177
170
153
131
110
99
103
121
139
147
143
132
123
117
111
100
80
56
31
13
7
9
18
33
42
34
13
-16
-48
-72
-73
-60
-56
-60
-59
-58
-63
-65
-64
-67
-70
-68
-58
-47
-29
-14
-1
7
7
-1
-9
-17
-25
-30
-37
-50
-66
-79
-92
-104
-105
-98
-86
-73
-60
-54
-56
-66
-77
-82
-84
-85
-81
-74
-59
-37
-6
32
67
89
94
85
77
68
57
47
46
54
66
86
111
128
141
153
155
142
129
125
120
103
87
74
63
56
52
48
43
29
10
-10
-28
-44
-58
-74
-91
-110
-127
-129
-117
-94
-70
-54
-47
-49
-53
-56
-51
-37
-12
17
43
59
63
53
33
10
-7
-17
-16
-12
-11
-17
-28
-40
-51
-62
-72
-84
-90
-97
-95
-85
-66
-41
-15
10
32
46
48
35
20
5
-2
1
16
36
61
79
88
88
81
69
55
46
42
40
33
28
27
35
47
61
71
75
72
61
53
48
43
36
23
-1
-40
-84
-118
-136
-137
-127
-105
-76
-50
-32
-22
-17
-19
-23
-29
-34
-39
-37
-24
1
22
41
59
74
78
69
50
33
18
5
-6
-11
-17
-26
-36
-42
-45
-48
-46
-45
-44
-43
-42
-38
-36
-41
-49
-54
-55
-47
-32
-17
-3
7
15
22
32
42
54
60
65
67
66
68
72
80
91
100
109
112
109
103
91
79
67
52
36
16
-6
-22
-35
-36
-30
-25
-21
-22
-29
-38
-49
-57
-66
-76
-85
-91
-90
-81
-67
-53
-43
-39
-35
-30
-25
-21
-23
-31
-39
-45
-44
-38
-26
-13
-2
2
-3
-13
-18
-15
-2
11
17
12
-1
-14
-25
-30
-35
-33
-31
-25
-16
-5
10
29
50
64
67
64
61
60
63
62
57
52
52
59
71
77
78
73
65
58
50
45
42
40
36
28
18
10
6
5
8
10
6
1
-6
-12
-18
-23
-28
-32
-33
-31
-30
-34
-45
-58
-68
-70
-60
-51
-41
-34
-31
-26
-25
-26
-28
-34
-38
-43
-49
-52
-52
-48
-39
-28
-20
-17
-18
-25
-34
-43
-47
-48
-39
-26
-12
-2
-2
-6
-9
-4
11
30
44
52
55
60
67
79
90
97
100
100
98
95
93
90
84
75
63
50
40
34
31
28
23
13
2
-10
-21
-33
-42
-46
-44
-39
-33
-29
-28
-29
-33
-38
-39
-34
-29
-24
-22
-24
-26
-26
-23
-17
-15
-14
-20
-28
-33
-33
-32
-32
-34
-39
-44
-48
-46
-44
-42
-43
-44
-44
-38
-24
-12
-3
-3
-9
-10
-4
8
21
32
34
31
27
27
33
41
48
53
55
61
70
79
85
81
70
50
29
14
9
14
23
35
45
50
51
47
39
27
14
-3
-19
-31
-37
-36
-28
-18
-11
-10
-15
-22
-30
-34
-34
-34
-33
-30
-24
-18
-15
-14
-13
-8
0
6
8
3
-7
-18
-24
-27
-27
-27
-28
-32
-37
-44
-52
-58
-62
-64
-60
-54
-48
-42
-34
-31
-29
-32
-36
-36
-29
-18
-11
-10
-4
8
33
56
69
68
62
63
73
86
93
92
87
80
82
86
90
90
84
74
62
49
38
30
24
19
14
9
-2
-11
-21
-29
-34
-37
-39
-42
-47
-51
-58
-63
-67
-66
-59
-46
-30
-11
4
12
16
14
10
2
-4
-9
-11
-13
-14
-16
-17
-16
-14
-11
-10
-12
-17
-23
-29
-32
-36
-41
-46
-52
-54
-53
-47
-36
-26
-16
-8
-1
9
20
30
34
36
33
27
25
28
38
51
63
70
69
65
58
51
44
39
36
36
35
33
28
23
19
16
12
5
-3
-9
-10
-8
-10
-17
-24
-27
-27
-24
-26
-27
-25
-16
-6
-2
-8
-13
-18
-14
-4
3
5
6
4
3
0
-5
-7
-7
-5
-1
4
4
1
-6
-18
-34
-48
-57
-65
-67
-69
-69
-66
-61
-56
-55
-52
-48
-41
-32
-26
-21
-21
-12
3
22
40
56
68
76
80
83
83
82
84
89
90
86
79
74
71
69
66
59
52
45
40
35
31
28
27
25
22
14
1
-13
-28
-39
-44
-44
-44
-40
-37
-33
-31
-34
-41
-52
-60
-64
-62
-58
-55
-50
-49
-47
-46
-46
-45
-46
-46
-45
-45
-39
-30
-18
-4
7
13
14
13
12
13
16
20
20
20
15
11
6
-3
-9
-10
-2
13
31
44
52
55
57
56
51
39
23
6
-4
-9
-5
4
13
19
24
23
22
23
24
24
23
18
12
5
-3
-9
-12
-13
-7
0
7
9
8
0
-9
-17
-20
-15
-6
5
11
13
8
-3
-16
-24
-28
-26
-23
-23
-25
-29
-30
-28
-24
-21
-18
-14
-11
-7
-4
-1
-2
-3
-6
-11
-20
-29
-35
-38
-36
-32
-27
-22
-15
-5
2
7
13
16
18
23
27
31
32
30
25
18
13
11
14
20
29
35
40
44
46
44
42
38
31
27
24
24
23
22
17
10
6
7
10
10
10
5
-4
-14
-21
-26
-26
-22
-20
-23
-28
-35
-41
-41
-41
-38
-34
-30
-21
-13
-8
-7
-11
-17
-22
-23
-22
-17
-10
0
5
6
6
4
4
4
4
5
5
4
3
1
-1
-3
-4
-4
-5
-6
-7
-9
-12
-12
-10
-4
0
5
10
11
12
14
16
17
20
24
27
30
32
35
34
35
32
25
17
7
1
1
2
1
-1
-3
-6
-4
-1
2
4
5
4
4
7
8
10
12
13
10
6
-1
-11
-22
-31
-39
-41
-38
-33
-26
-22
-21
-21
-23
-22
-19
-14
-9
-4
-1
-2
-3
-6
-12
-17
-22
-23
-17
-8
1
8
9
7
8
7
6
2
-4
-9
-14
-12
-8
-2
5
10
14
19
24
28
32
33
33
29
25
22
23
26
30
30
29
25
21
17
13
10
5
2
-1
-3
-5
-4
-4
-4
-4
-4
-4
-1
0
-1
-1
-3
-5
-8
-15
-23
-33
-39
-41
-36
-31
-23
-20
-17
-14
-11
-9
-8
-10
-12
-13
-10
-4
3
8
10
10
9
8
4
2
0
-2
-1
0
-1
1
4
5
7
5
1
-2
-4
-2
3
10
16
19
18
16
16
15
18
18
21
23
23
22
20
17
13
7
-1
-9
-17
-23
-26
-27
-27
-26
-21
-17
-13
-7
-5
-4
-2
2
8
11
13
10
5
2
1
0
1
1
0
-1
0
-1
-3
-3
-2
0
5
9
11
8
5
0
-3
-3
-2
-1
-2
-1
1
2
0
-3
-8
-11
-15
-15
-18
-17
-17
-18
-14
-9
-4
3
5
7
7
7
7
6
6
5
1
-2
-5
-5
-2
2
6
10
10
10
11
16
20
23
25
23
20
16
14
10
5
2
-4
-9
-13
-15
-16
-18
-19
-18
-16
-11
-5
-1
0
-3
-9
-13
-18
-19
-16
-11
-5
1
5
6
3
-1
-4
-5
-2
1
6
9
9
7
4
3
5
9
16
20
21
20
16
11
6
2
-1
-2
-4
-5
-7
-8
-7
-6
-4
-2
-1
-1
-4
-5
-6
-6
-7
-7
-6
0
5
10
13
13
10
5
-1
-5
-8
-10
-10
-6
-4
-2
-3
-3
-4
-6
-7
-10
-11
-7
-1
5
10
13
11
7
3
-3
-5
-7
-6
-9
-11
-14
-18
-21
-20
-18
-12
-6
-2
1
3
3
6
11
18
22
25
24
22
19
17
14
14
12
11
10
6
2
-2
-5
-6
-7
-6
-4
-1
2
3
4
4
2
0
-2
-4
-2
0
0
3
3
4
5
6
7
8
7
5
1
0
-1
-1
-1
-2
-3
-4
-5
-7
-8
-9
-10
-9
-8
-6
-5
-5
-4
-3
-6
-8
-10
-10
-10
-10
-10
-9
-8
-7
-8
-7
-9
-9
-8
-6
-5
-4
-5
-3
-1
4
10
18
21
24
22
18
14
9
7
5
3
1
-1
-1
1
3
6
6
8
8
7
4
1
-2
-3
-3
-1
3
8
11
16
17
17
16
12
9
5
-1
-6
-8
-11
-12
-9
-8
-4
-1
1
1
-1
-4
-8
-11
-13
-13
-10
-8
-4
-3
-2
-3
-4
-2
-1
3
4
4
4
2
1
-1
-5
-6
-6
-6
-4
-3
-2
0
0
0
-1
0
0
0
-1
-3
-3
-2
-4
-5
-5
-5
-3
0
5
8
7
5
3
1
-1
-1
-1
1
4
7
8
6
6
5
5
6
6
6
5
6
6
6
5
6
6
7
4
-1
-4
-8
-7
-9
-9
-8
-5
-4
0
-1
0
-1
-2
-3
-5
-4
-5
-4
-3
0
0
1
4
5
3
-2
-7
-7
-5
0
4
6
5
2
0
-2
-2
-1
0
0
2
-1
0
1
2
6
8
10
10
10
11
10
8
7
4
0
-2
-2
-4
-6
-6
-8
-7
-5
-4
-6
-10
-12
-14
-13
-14
-13
-10
-4
-2
-1
0
2
4
3
0
-1
-2
-2
-3
-3
-3
-3
-2
1
3
5
4
5
