SAMPLES:	13968
BITSPERSAMPLE:	16
CHANNELS:	1
SAMPLERATE:	16000
NORMALIZED:	FALSE
1
2
0
0
0
0
-2
0
0
0
0
1
0
0
0
0
0
0
0
0
-1
0
0
0
0
1
0
0
0
0
0
0
-1
-1
1
0
0
1
0
0
-1
0
-1
1
0
1
0
0
0
1
0
-1
0
0
1
-1
0
1
-1
1
0
-1
3
-3
3
-3
1
-1
0
0
0
1
0
0
0
0
0
0
0
0
-1
0
0
0
-1
0
0
1
0
-1
0
0
0
0
1
1
1
0
0
-1
0
0
-1
0
0
0
0
-1
0
0
0
0
0
0
1
0
0
0
0
0
1
0
0
0
0
0
0
0
-1
1
-1
0
-1
0
0
0
0
-1
0
0
0
0
0
0
0
0
0
1
0
0
0
0
0
0
0
0
0
0
0
0
0
0
-1
0
0
0
1
0
0
1
-1
-1
0
-1
1
0
0
1
0
1
0
-1
3
-3
3
-3
2
-1
0
1
-1
0
-1
0
0
-1
0
0
0
0
-1
0
0
0
0
0
1
0
0
0
0
0
0
0
-1
0
0
0
0
0
0
-1
0
0
0
0
0
0
-1
0
-1
0
0
0
0
1
0
0
0
0
0
0
0
0
0
0
0
0
1
0
0
0
0
1
0
-1
0
1
0
0
0
0
0
0
0
-1
-1
0
0
0
1
0
-1
0
0
-1
0
0
0
-1
0
0
1
0
0
0
0
0
0
2
-1
0
0
0
2
-1
0
1
0
2
0
-1
3
-3
3
-3
3
-1
1
0
0
0
1
0
0
0
-1
1
1
0
-1
0
0
0
0
0
0
0
0
0
0
0
1
0
1
0
0
0
0
0
-1
0
1
0
0
-1
0
-1
0
-1
-2
-1
-1
-1
-1
-1
-1
-1
-1
-1
0
0
0
0
0
0
0
0
0
0
0
0
0
1
1
1
1
2
2
2
2
1
1
0
-1
0
0
0
0
0
0
-1
-2
-1
-2
-2
-1
-1
-1
-1
-1
-1
-1
-1
-1
0
0
0
0
1
-1
0
0
-1
1
1
-1
1
-1
1
1
0
4
-2
5
-2
2
-1
0
1
-1
1
1
1
1
0
0
0
0
0
1
-1
-1
-1
-1
0
-1
0
0
0
0
0
0
-1
-1
0
-1
0
0
0
-2
-2
-2
-3
-3
-3
-3
-3
-1
-2
-2
-2
-2
-1
-1
0
0
0
0
2
2
1
1
1
1
1
1
1
1
1
1
1
2
1
0
0
0
0
1
1
0
0
0
0
0
-1
0
0
0
0
0
0
1
0
0
1
0
0
0
1
0
0
1
0
1
1
0
0
0
0
0
0
0
0
0
0
1
0
1
1
-1
0
0
0
0
0
0
0
0
0
0
0
1
0
0
1
0
0
0
1
0
-1
-1
-2
-1
-1
-1
-1
-1
-1
-1
-1
-1
-1
0
-1
-1
-1
-2
-1
0
0
0
0
0
0
0
0
0
1
0
2
3
2
2
2
2
2
2
3
2
3
4
3
3
3
3
1
2
0
0
0
0
-1
-1
0
-2
-2
-2
-2
-1
-1
-1
-1
0
0
-1
0
-2
-1
-1
-1
-1
-1
0
0
0
0
0
0
0
0
0
0
0
0
0
0
0
0
0
0
0
0
0
0
0
-1
1
0
1
0
0
1
0
0
0
1
1
2
0
1
1
0
0
0
1
0
0
-1
0
0
0
0
1
0
0
1
-1
-1
0
0
0
0
0
0
0
0
0
0
0
-1
0
0
0
1
0
0
0
0
1
0
-1
-1
0
0
0
-1
0
0
0
0
0
-1
0
0
0
0
-1
-1
-1
-1
-1
0
0
0
0
0
0
0
0
0
0
-1
0
0
0
0
0
0
0
1
1
2
1
0
0
0
0
0
1
1
1
1
1
1
0
0
-1
0
-1
1
0
0
1
-2
0
1
-1
1
0
-1
3
-3
3
-3
2
-1
0
2
0
0
0
-1
-1
-1
-1
0
-1
-1
0
0
1
0
0
0
-1
1
1
0
0
0
0
0
0
0
1
0
0
0
1
0
0
0
0
0
-1
0
0
0
0
0
0
0
0
0
0
-1
-1
-1
0
0
0
0
-1
0
0
0
0
0
0
0
0
0
1
-1
0
0
0
0
0
0
0
1
-1
0
1
-1
0
0
0
0
0
0
0
-1
0
0
0
-1
0
-1
0
0
0
0
0
-1
0
2
0
2
1
0
0
-1
0
0
-1
1
0
-1
2
-4
2
-3
2
-1
0
0
1
0
0
0
0
0
-1
0
0
0
0
0
0
0
0
0
1
0
1
0
0
1
-1
1
0
0
0
0
0
1
1
1
-1
0
-1
1
1
1
0
1
1
0
0
1
0
0
0
0
0
0
1
0
0
-1
-1
-1
-1
-1
-1
0
0
0
0
1
1
0
0
0
0
0
0
0
0
-1
1
0
0
0
0
0
0
0
1
0
1
0
1
0
0
-1
-1
0
0
1
0
-1
0
0
-1
0
-1
0
-1
-1
1
-1
-1
2
-1
2
0
-1
3
-3
3
-3
2
-2
-1
-1
-2
0
0
0
0
0
1
-1
0
0
0
0
0
0
0
0
0
1
0
0
0
0
0
0
0
1
1
-1
0
0
-1
0
0
0
0
0
0
0
0
1
0
0
-1
1
0
0
-1
-1
0
0
0
1
-1
0
0
0
-1
1
0
0
0
1
-1
0
0
0
0
0
0
0
0
0
0
0
-1
0
0
0
0
0
1
0
0
0
0
1
-1
0
0
-1
1
0
-1
-1
-1
-1
-1
-1
-1
0
-1
0
0
0
1
-2
0
1
-1
1
0
-1
3
-4
3
-3
2
-2
0
0
-1
-1
0
0
0
0
0
1
1
-1
0
-1
0
0
0
0
0
0
0
0
1
0
0
0
0
-1
1
0
0
1
0
0
0
0
0
1
1
0
0
0
0
0
-1
0
-1
1
0
1
0
0
1
0
0
1
0
0
1
2
0
0
2
1
1
1
0
1
1
1
0
0
0
0
0
0
-1
0
0
0
-1
0
0
1
1
-1
0
0
0
0
0
0
0
0
0
-1
1
0
0
1
0
1
-1
0
1
-1
1
-1
0
1
-2
2
0
-1
2
-3
3
-3
2
-1
-1
0
-1
1
0
0
1
0
0
0
0
0
0
0
0
-1
0
0
0
1
0
1
0
0
0
0
-1
0
0
1
1
0
0
0
-1
-1
0
0
0
-1
0
0
1
0
1
0
0
1
0
0
1
0
0
0
0
1
1
2
2
2
2
2
1
2
1
0
0
0
-1
-1
-1
-2
-2
-2
-3
-2
-2
-1
0
0
0
0
-1
1
1
2
3
3
2
2
1
1
0
-1
-2
-3
-5
-4
-5
-7
-6
-5
-4
-2
-1
0
1
2
3
5
6
7
8
8
9
8
7
5
3
1
-1
-3
-6
-7
-9
-10
-11
-12
-10
-9
-5
-2
1
4
7
9
13
16
16
18
17
16
14
10
7
3
-1
-6
-11
-15
-22
-26
-29
-31
-31
-28
-26
-20
-14
-7
-1
4
8
11
11
10
8
5
2
-2
-7
-12
-19
-23
-27
-29
-31
-34
-36
-35
-30
-22
-12
-1
10
20
31
43
59
78
99
122
143
159
167
165
154
135
112
89
70
61
59
62
65
58
36
-3
-53
-104
-154
-201
-241
-275
-289
-271
-217
-137
-53
15
66
99
116
112
75
7
-83
-180
-273
-350
-400
-417
-395
-340
-261
-167
-69
19
89
137
163
171
161
144
118
89
60
32
8
-8
-17
-12
5
36
76
125
178
234
289
339
375
386
363
301
208
100
-2
-77
-110
-94
-39
45
138
225
296
342
359
345
304
245
178
105
26
-73
-204
-359
-519
-670
-797
-900
-987
-1062
-1107
-1065
-903
-657
-420
-256
-153
-51
111
359
692
1064
1424
1727
1951
2088
2087
1854
1326
536
-386
-1296
-2054
-2550
-2752
-2652
-2298
-1743
-963
-39
846
1547
1954
2037
1850
1533
1245
903
404
-121
-683
-1225
-1539
-1705
-1885
-2109
-2387
-2629
-2530
-2126
-1566
-920
-425
4
419
850
1287
1423
1182
713
163
-388
-677
-527
-266
-40
388
1133
2050
2974
3662
3832
3435
2681
1967
1532
1120
526
60
-183
-378
-233
526
1271
1413
1530
2104
2556
2752
3063
3148
2420
1170
349
-202
-944
-1592
-2349
-3507
-4875
-6294
-7230
-7724
-8369
-8190
-7414
-6444
-4908
-3873
-3107
-1949
-602
1383
5585
8860
9499
11476
11373
9134
8618
6944
4402
782
-4083
-6535
-8721
-10970
-9579
-8226
-7724
-5675
-3138
395
3747
6496
8814
9648
9017
8414
8420
6638
4222
1987
-1043
-3597
-5633
-7009
-7612
-8937
-9629
-8683
-7998
-4881
-1459
-98
3297
4361
3455
4802
4008
1754
213
-2459
-5639
-7825
-8310
-7673
-6602
-5111
-3372
-1768
510
3861
6351
8092
9267
8068
5678
6270
6208
4915
6962
5096
2591
2718
66
544
2062
963
1307
2300
2204
3118
5944
7434
7542
8200
8274
6763
5174
3455
89
-3818
-7206
-9314
-9995
-10536
-10760
-11013
-11971
-13058
-13858
-13265
-11889
-10087
-7537
-6215
-5685
-4555
-1885
2310
7206
13271
16035
15585
16296
14001
10851
8893
3925
-478
-5819
-11510
-11854
-13080
-13927
-9863
-7310
-5262
-1134
3029
7422
10530
12143
13579
12964
10829
10382
9170
6097
3154
-763
-4448
-7525
-10299
-11111
-11563
-12241
-10394
-7774
-4763
875
3994
5645
8537
7427
5696
5408
1856
-2381
-5904
-10486
-13537
-14357
-13174
-10221
-7059
-3325
-85
2605
5392
6980
8023
7965
6503
5602
4130
1536
-231
-1160
-1771
927
4288
5522
7823
7535
7614
8914
9479
12230
11423
9626
8476
6116
4305
3171
3129
791
-1688
-3555
-5018
-4578
-4304
-3194
-1994
-2556
-2924
-1917
-2124
-3328
-5239
-9853
-15148
-18595
-20365
-20104
-17898
-16523
-15138
-12923
-8517
-399
7531
16503
22762
21534
20482
18782
14579
12503
8207
1843
-4023
-11539
-14729
-14388
-14811
-11511
-8885
-8211
-4446
-546
5194
11226
12910
14326
14246
12220
12587
12378
9079
5378
472
-5164
-7659
-9483
-11644
-12613
-13737
-13219
-10810
-7331
-1373
3174
4864
7539
7490
5201
5515
3307
-1177
-4540
-9247
-12541
-13036
-12471
-10294
-8644
-6562
-2566
1112
5613
9065
10293
10117
7988
8695
10006
7059
5049
3940
-412
-2869
-2386
-2041
-805
-1176
348
4290
6833
10718
14389
16368
15913
15071
15538
12939
8916
6984
2341
-3883
-6412
-10069
-11391
-8896
-8589
-5967
-3348
-3561
-1445
85
-1948
-4255
-8830
-15638
-19105
-20946
-21463
-19010
-17826
-18311
-18768
-16962
-6410
7702
14815
20494
25689
22529
18607
19499
18881
14786
5520
-3707
-7274
-14435
-19850
-15374
-14930
-17432
-14366
-10193
-3143
4189
9734
17545
19082
16304
18872
18877
14789
11728
6591
412
-5340
-9972
-10208
-10832
-14897
-16448
-14805
-11236
-5883
-1747
3802
9099
7414
6704
9642
7167
3714
1995
-3126
-8325
-11224
-12048
-10992
-10547
-8635
-5457
-4385
-2458
1711
5308
7393
8383
8799
7757
5812
5914
6999
5946
4011
3114
1924
12
-664
660
2137
2409
3387
5553
7029
9117
11453
11696
10930
10165
9306
7126
4624
2708
-3399
-7670
-4970
-7920
-10109
-3537
-5346
-9871
-5616
-5757
-9168
-9438
-12904
-16214
-17819
-18050
-12892
-10513
-10907
-9797
-11687
-9008
4336
14617
15539
19502
21505
15466
13535
14397
13039
6895
-4032
-7510
-9199
-18296
-17596
-10801
-13170
-14001
-9004
-2207
2884
6462
13835
18661
16520
15927
18274
16466
13317
9467
3004
-2466
-7785
-10855
-11357
-12843
-14287
-14584
-13767
-8379
-1758
2108
8627
9613
5723
8423
8683
5181
3951
-100
-6614
-11887
-14312
-12732
-12240
-11194
-6830
-4774
-3418
25
5361
8358
8574
11045
10644
6912
6025
6771
5005
1955
517
-1277
-3775
-4577
-2715
-921
45
3476
7334
9517
12823
15012
14084
14145
13160
10559
9485
6615
1258
-2889
-5731
-8649
-8631
-6971
-6489
-5004
-3667
-4710
-1810
1476
-4750
-4568
-5370
-17223
-18669
-17397
-19304
-18336
-16964
-16010
-17699
-17710
-8722
7243
13501
16328
25251
22901
18360
20987
19118
16507
7830
-4708
-5482
-10989
-20029
-15065
-13078
-18174
-16096
-8662
-1787
4516
10784
16698
18554
16860
18922
19234
14217
11039
7274
1116
-4665
-9778
-11464
-11574
-14262
-15200
-14195
-11533
-4919
-2018
1270
9497
9154
6143
9172
7370
3765
2074
-3154
-8110
-12173
-15021
-13821
-11812
-9382
-6750
-4101
-317
2166
5418
9041
9458
10602
11046
8523
7437
5372
1860
960
-388
-2905
-3390
-2761
-2769
-2563
527
4689
5680
7500
12391
13331
11891
13682
13548
9811
8096
6240
1927
-1152
-4703
-7637
-7235
-6797
-6768
-4980
-4757
-6182
-3548
-2879
-5616
-8386
-11478
-14898
-17975
-16253
-15523
-14578
-13064
-13982
-15779
-13047
2162
10673
12617
20432
21867
17022
16277
18289
16858
10257
-2177
-6094
-7685
-17225
-14960
-10018
-14284
-16576
-12238
-3331
3181
6970
14619
17845
13436
15952
19760
16336
12589
9380
3325
-3556
-7509
-9620
-9560
-11346
-14704
-14571
-13078
-7354
-1677
954
7335
8132
3928
8013
8852
4159
2855
-2319
-8178
-11850
-14707
-13792
-12207
-9426
-6693
-4859
-1712
1300
5101
9443
11220
10591
9240
7139
5436
4301
2335
337
-1479
-3612
-4222
-2742
-2156
-2096
957
5259
6928
9044
13780
14475
12202
14113
15277
12907
11271
7876
2787
-1174
-4908
-6375
-6677
-7757
-7300
-7005
-6695
-5083
-4696
-5319
-6513
-8834
-13104
-18583
-18868
-15837
-15155
-12913
-12276
-15793
-18267
-11533
5777
13470
13917
22788
22138
12983
17533
20255
13065
7242
-3606
-9431
-11611
-17903
-13795
-11694
-16025
-13556
-9336
-3448
4657
10765
17434
19372
16188
18163
19899
17567
13727
8227
2603
-3413
-7165
-8711
-9870
-12154
-15005
-15484
-12971
-6080
-1236
1716
8677
8408
4721
8744
8229
4279
3062
-3002
-8591
-11575
-14770
-12545
-10344
-9278
-6042
-5300
-2393
1548
4086
7992
8848
8161
7131
5266
4542
3589
2163
454
-1729
-3248
-3318
-2299
-422
1388
3141
5529
8429
12010
14873
15815
15039
13401
12341
11524
10226
7654
2761
-2019
-5554
-8560
-8380
-6801
-6983
-6430
-5672
-5181
-3196
-3275
-5728
-7863
-13004
-18774
-18214
-15600
-15611
-14744
-14222
-16832
-19338
-12557
3666
11288
12865
21006
21010
14401
16818
18110
15261
8344
-3931
-6489
-10556
-18377
-13623
-11669
-14604
-13835
-10671
-2041
5997
10694
17166
18927
15729
18196
19552
16412
13897
7878
1394
-3206
-8056
-9518
-9922
-13176
-15047
-15856
-13845
-6081
-1901
1543
8787
7850
5033
8696
7990
4964
3158
-2464
-7812
-11797
-14558
-13317
-11673
-10142
-7775
-5930
-2840
936
4488
7945
8998
8278
7352
6013
5216
4558
3076
1427
-486
-2618
-2967
-803
666
705
2998
5914
6608
9339
14378
15399
13087
13024
13697
11726
10215
9224
4598
-603
-3735
-6387
-6748
-5979
-6653
-6078
-5274
-6097
-4496
-3394
-6241
-8818
-12829
-18994
-20235
-18052
-17108
-15145
-15174
-16092
-18236
-17461
-2465
10025
12341
18587
22601
16369
16433
20731
17101
13928
2597
-5857
-6034
-13897
-15870
-11522
-12325
-15473
-12178
-5463
1149
7591
14233
19157
16172
17751
19656
18365
16790
8837
4102
-141
-7553
-9800
-7701
-11499
-16441
-15790
-14136
-9531
-4283
477
5658
7592
4512
7273
10365
4634
3480
-433
-7247
-10619
-13701
-13508
-12600
-10018
-8340
-6886
-3575
-999
2754
7041
9278
8805
8155
6553
4876
5009
3296
938
-77
-2052
-2546
-398
288
1363
3454
4227
6744
10574
12992
14680
14877
13709
12857
11899
10945
8972
4727
801
-2773
-6528
-7374
-7148
-7845
-6609
-5896
-7197
-6097
-5540
-8942
-11449
-14301
-19684
-20709
-17280
-14409
-12740
-13813
-16164
-17797
-12789
3712
13861
14093
21204
21943
14312
16940
19324
15625
8439
-2729
-6729
-9399
-16001
-13463
-10708
-14571
-14387
-10202
-1757
3920
8619
17174
18753
15677
15593
19515
18577
13450
7466
4835
-199
-11634
-7563
-8691
-15345
-13232
-18159
-14192
-6785
-5348
1260
8011
6978
4450
8337
8620
4990
2977
-2663
-9064
-12583
-15151
-13262
-10875
-10345
-7983
-6987
-3462
1308
4506
8378
9087
8300
7248
5593
4862
3893
2707
1406
-313
-1543
-1551
-562
1204
2740
4037
5920
8480
11833
14344
14739
13580
12063
11741
11829
10892
8060
2679
-2059
-4767
-6898
-6711
-5745
-6324
-5750
-5042
-5000
-3928
-5438
-8816
-11770
-16583
-20684
-20013
-17566
-16637
-14323
-13811
-16815
-16491
-6507
8684
13653
16567
23643
19413
14615
18167
17732
13057
3156
-6219
-6475
-12516
-17552
-11018
-11541
-15699
-14195
-8791
822
6844
11892
19435
17622
14569
19856
19355
15821
13354
7444
1328
-5509
-7924
-8006
-10894
-11941
-15541
-18391
-9734
-4909
-5185
5674
8822
4372
8137
8261
5451
4992
1879
-4265
-10171
-14134
-14842
-12662
-10815
-8559
-6393
-5457
-2740
1970
5733
8013
8841
7844
6217
4462
3117
2343
1272
42
-1117
-1901
-1544
-94
1745
3281
4531
6347
8737
11617
14484
14641
12905
12098
11047
10316
10332
6852
1280
-2019
-5302
-7097
-5431
-5016
-5774
-5193
-5402
-5096
-3360
-5177
-8795
-12402
-16894
-19546
-18269
-15175
-15501
-15073
-14541
-16875
-15910
-5148
10294
13749
17106
24058
18545
15175
17310
16343
13887
2489
-7189
-7022
-14522
-17674
-11447
-13977
-16337
-14205
-7964
1285
6387
13089
19909
17689
14580
19004
19104
15140
12810
6655
63
-6625
-10833
-8989
-11086
-16662
-16946
-15215
-11506
-5540
-1901
5532
10084
4086
6343
12209
5731
3367
3870
-5553
-11551
-11752
-12222
-11224
-10938
-8503
-5149
-5041
-1916
3181
5927
8347
8669
7144
5835
3638
2143
1934
1030
169
-431
-1526
-923
1864
3497
3648
5440
8247
8673
10282
15428
14955
10584
11800
11603
8984
9448
5850
61
-2975
-6551
-6185
-3802
-5692
-5956
-4350
-5028
-5621
-6263
-8379
-12431
-17722
-19387
-17789
-17582
-15916
-12532
-13806
-17521
-15255
-3313
10507
15952
19864
23965
18816
13722
15278
16667
12220
-1338
-8095
-7832
-18755
-20276
-10057
-13923
-16646
-11699
-8847
280
8685
13857
20455
17811
15211
20156
18847
15249
13553
6783
-491
-5100
-9498
-10584
-11603
-15696
-17287
-16552
-11411
-5426
-2912
7131
11473
4617
9035
11768
6204
5068
2625
-2761
-10532
-14866
-13044
-11634
-11614
-6845
-4234
-7347
-871
3814
6015
10097
7289
7568
5421
2229
4109
1842
-1123
-854
-1536
-2223
-578
314
1237
3503
6598
8810
8642
10875
14616
13503
11312
12769
11480
7630
6919
4447
-1178
-4494
-6232
-7007
-5739
-5520
-5375
-3479
-4042
-5564
-4800
-6487
-11531
-15672
-17953
-18407
-17080
-15155
-13924
-14410
-17778
-17117
-2702
11151
13473
20475
26108
18731
15224
17379
17046
11421
-2047
-7497
-8388
-20094
-21353
-11950
-14451
-17962
-13787
-7527
147
5725
13001
21041
18721
15306
19328
18939
14536
12241
7250
146
-7115
-11029
-9051
-11760
-16895
-16254
-15603
-11130
-4984
-2059
7293
11190
5825
9749
12170
7146
6067
2157
-4633
-9413
-13403
-12359
-10549
-11145
-8163
-3874
-3373
-2785
4286
8980
5488
7869
10274
3007
2421
5470
1434
-440
-1099
-2365
-1059
-1632
-832
2533
3432
5218
8005
9795
12582
14076
13221
11966
10505
9521
8262
5273
1541
-2685
-6754
-7994
-6550
-5554
-5717
-4477
-1802
-2478
-5248
-5026
-7353
-13665
-16552
-16601
-16604
-15623
-14574
-13539
-15382
-19517
-10682
6111
11704
15357
24351
22477
15199
16697
16677
15004
4642
-7489
-5339
-14686
-23638
-14945
-14357
-19443
-15750
-9253
-2979
3969
8908
17585
21758
17383
18791
19917
16282
13052
8605
3579
-2428
-8623
-9117
-9430
-14931
-16992
-16122
-13267
-6959
-4630
1480
11257
8295
7432
14292
9458
4883
5574
-1255
-7164
-10168
-12362
-10627
-10225
-9608
-5860
-4243
-2712
1613
6656
9024
7119
7574
7246
5297
2949
1258
2266
-3846
-4925
727
-2135
-5358
2854
4999
657
10757
8926
7926
15861
9172
11339
12892
8187
9801
7449
2748
168
-3523
-6438
-6709
-6538
-4566
-4584
-2851
-2165
-5506
-5907
-8759
-12461
-14239
-14010
-15224
-16494
-13273
-14282
-17253
-17005
-8534
5985
9398
13390
24682
19863
15417
21165
17519
14424
5675
-5439
-6149
-15590
-21755
-15531
-15424
-18128
-15683
-10791
-5378
432
9095
18078
18309
17283
20974
18782
15347
15117
9354
3316
-1017
-7830
-8897
-9718
-15776
-17377
-16222
-12362
-6829
-4774
2526
9300
6530
8310
12906
9840
6705
5367
384
-6659
-10345
-9803
-10104
-10684
-7987
-5450
-4499
-2297
2355
6561
7037
7484
8601
6516
3399
3245
3000
-142
-2372
-1589
-1803
-3333
-926
-118
881
3781
5727
8402
6345
9890
15128
10446
7443
13093
9565
736
6888
-1025
-8785
-4738
-11443
-7114
-3642
-7106
-3089
-3262
-6945
-7011
-8368
-11159
-11578
-11866
-11134
-12527
-12332
-12856
-17608
-13025
204
8590
9705
17735
23712
16395
16089
19155
16256
9190
-1997
-4146
-8651
-20838
-18981
-13463
-17963
-20334
-13847
-7098
-3883
2612
12232
16561
14753
17362
20935
17514
15632
14196
7977
1391
-3547
-7039
-9626
-13001
-17435
-18194
-15924
-10890
-5081
-2842
5630
10181
6309
11622
12992
8681
8875
4017
-2417
-7177
-10084
-9825
-9958
-8671
-6208
-4570
-4121
-1249
3693
6252
7418
8291
8322
4393
1582
3336
1540
-1567
-736
-1153
-2865
-1841
-194
1026
1707
3779
6162
7556
10435
11270
10681
11266
10265
7516
7331
3459
-1345
-2178
-8378
-9592
-7487
-8584
-8493
-4448
-4199
-10780
-5165
-6392
-11811
-8577
-11587
-10035
-10503
-12181
-10275
-14811
-12535
2249
9037
9539
20167
23189
16686
16688
17743
15984
7250
-2835
-2271
-8226
-21482
-18688
-14647
-19146
-17730
-12679
-6647
-2037
2123
11859
16409
14716
17057
18243
17477
16704
12539
8689
3299
-4634
-6584
-7732
-14460
-18395
-18521
-16355
-10659
-7710
-2742
6841
7313
5896
12422
13533
9208
7112
3515
-2165
-7735
-9362
-7518
-8786
-8967
-4437
-2164
-1909
1225
5333
6583
6032
6962
7143
3852
805
119
-735
-1941
-1690
-625
-215
207
1439
2349
3479
6448
8265
7989
10202
11870
8960
8163
9583
6654
3058
1659
-1300
-4898
-7175
-7647
-6802
-7758
-7210
-3741
-5306
-9156
-6616
-6527
-11993
-10273
-8525
-12977
-10597
-8790
-16481
-15635
-5892
2166
10098
14150
21049
22900
15099
18312
19480
12594
5950
-3087
-4323
-10543
-20883
-15561
-14097
-19552
-16808
-12123
-7589
-2059
3527
11645
15091
12580
16896
19285
14861
14572
12337
6918
913
-5281
-5741
-7521
-14770
-17287
-16412
-15906
-11870
-7941
-1990
6032
5402
5843
12252
10052
7900
10115
4305
-1671
-5337
-9015
-7042
-7289
-7767
-3024
-2900
-3051
1278
4198
6189
6536
6966
6757
1910
640
2428
-280
-1242
175
-733
-683
1116
2873
4167
4636
5548
6653
7451
9016
9538
8207
7565
6475
3945
2939
1268
-3590
-7211
-9068
-10929
-9348
-6806
-7490
-7062
-6440
-8531
-9600
-9529
-9881
-8955
-8089
-8250
-9552
-13499
-14932
-10336
-246
8814
12772
18016
21403
18978
16988
21002
19270
8739
1226
-4000
-8926
-17257
-18694
-14199
-16806
-17820
-15548
-8321
-1642
-569
7229
15094
12394
12681
18567
16650
13925
13116
7568
3573
-1360
-6356
-5503
-10501
-17102
-15753
-16916
-14019
-7493
-6112
2787
7797
3041
8937
12744
7944
8511
5788
-410
-3947
-8097
-7555
-4997
-5611
-4023
-1431
-567
835
4134
7412
7300
6102
4959
1348
-858
-215
-1183
-2445
-1266
-205
162
2454
5229
6370
7755
8700
7513
7780
10325
10543
8695
7942
6247
2970
1356
-73
-3842
-7715
-9968
-10901
-10217
-8039
-6512
-6765
-7148
-8252
-10271
-10160
-9064
-8266
-6807
-7339
-8717
-10939
-16440
-12937
1937
8946
11050
19679
22296
17457
18246
21410
19188
10764
845
-2663
-6921
-18284
-18251
-10800
-20405
-23848
-8654
-9023
-10164
6811
10400
7638
13814
15044
17560
17231
12137
14337
8127
-2134
-1276
-2967
-7332
-11903
-16666
-16059
-16610
-13344
-7282
-6215
976
4653
2419
9820
11082
6733
9342
5627
-522
-2823
-6787
-6537
-5208
-5545
-2182
-707
-266
2873
5571
7623
8368
6983
4754
2551
-624
-2355
-3746
-4856
-3520
-2912
-596
1655
3808
7133
8693
10939
11852
11570
12310
12306
10469
8513
5865
1543
-968
-3120
-7122
-10622
-12079
-13609
-12159
-8811
-9071
-7286
-5796
-7676
-8506
-9161
-8923
-7600
-6357
-6081
-7747
-11130
-15300
-11153
2160
8191
11146
20439
20812
15629
18597
20400
17770
9933
212
-1673
-8789
-18360
-15162
-13768
-19181
-17717
-12355
-8073
-1935
3574
10477
12999
10584
14145
17181
15216
13282
11178
5811
513
-4665
-5796
-6429
-15027
-15565
-14412
-16326
-11449
-8098
-2936
2749
2324
4607
10819
9123
6737
9059
3630
-2555
-4950
-7133
-5989
-5945
-5168
-918
-844
125
6560
8944
8461
9550
8721
4939
739
-1619
-3881
-6257
-6029
-4845
-3815
-1311
1430
3602
6767
10177
11399
11811
14479
16722
14686
11367
10070
7427
1934
-1500
-3018
-7182
-12876
-15752
-14943
-14397
-13763
-10692
-8916
-9817
-11368
-11891
-8854
-6464
-5561
-1191
-2482
-8913
-13118
-11975
77
7250
7444
16593
21973
14429
14662
19951
16874
12007
1584
-787
-1612
-16860
-16760
-10312
-18671
-21349
-14209
-9419
-4629
2157
9224
14689
11587
10528
17782
17728
14083
12479
7081
1887
-3586
-6930
-5575
-10738
-18561
-16944
-17315
-14879
-5630
-5337
800
6733
1892
4548
13802
10841
3973
10415
1982
-6438
-2239
-8045
-5935
-4295
-5878
-870
-525
683
7278
11101
9898
9265
8298
3532
-1249
-155
-1438
-6681
-4930
-3336
-4521
-1695
1516
3138
5528
8978
12677
14330
14640
15417
14546
12701
10191
6236
2977
-874
-6422
-10701
-13901
-17073
-16761
-14610
-14926
-13983
-11548
-13441
-15092
-11352
-8428
-5561
-2331
-1855
-3837
-11313
-13076
-260
10216
10021
16590
24327
15412
11905
18627
19206
13888
1037
-2924
-2303
-16267
-19187
-10778
-14503
-19710
-15193
-7900
-3240
2144
9665
15648
13098
10664
16164
17154
13615
12114
8497
1705
-2580
-6087
-6161
-8915
-19164
-18771
-17035
-16470
-9402
-6717
119
6656
2353
5968
12639
8267
8407
7208
1687
-3083
-7695
-5824
-7214
-5846
-2048
-424
-281
1948
7647
7111
12734
10229
5791
8118
163
-354
-2043
-7223
-5838
-5915
-5319
-2278
696
1954
5027
9718
12522
13209
16670
19194
15115
12282
12217
9669
3738
-1142
-4495
-10457
-15303
-15727
-15602
-15972
-15594
-13953
-12795
-15939
-17614
-13623
-10703
-7816
-3374
-3393
-6979
-11899
-13441
-619
12912
11653
16088
24761
18423
15103
20727
19202
12810
1656
-5451
-4699
-16722
-22141
-11628
-14725
-20843
-16453
-9918
-3919
1331
8960
16414
15387
13225
18583
18949
14057
12233
8238
2242
-4135
-8139
-6610
-10290
-18616
-19248
-18381
-15535
-8824
-6625
1486
7481
1248
7466
15226
8006
7455
8030
1007
-3446
-6741
-5982
-4653
-6636
-2246
793
-711
3649
8342
9845
9737
10057
7974
3152
3108
-1305
-5799
-2418
-6285
-10491
-1807
-1313
-4963
4131
3940
6022
13750
10437
16452
20522
13757
13120
12780
8486
4000
18
-3440
-9217
-15528
-16119
-14766
-15099
-15018
-13601
-11946
-13643
-15644
-12793
-7911
-4939
-2926
-2170
-5945
-12847
-12218
1292
10644
10401
16886
20851
14564
15184
18999
18663
13372
-304
-4727
-4580
-17163
-19138
-12001
-17887
-21464
-16193
-9982
-2677
2160
9154
16468
14200
13844
19815
19009
14269
11680
7410
1645
-4519
-7430
-6019
-11175
-20119
-20390
-16689
-14026
-10829
-4478
4422
4186
1114
8871
12416
8424
9353
7964
1471
-3747
-6815
-6019
-4887
-6091
-4565
-1073
361
2131
7348
11665
10817
9650
9527
5626
1153
-444
-3282
-6222
-5983
-6107
-6368
-4022
-1711
588
4119
7658
10997
13360
15550
17239
16354
14106
10157
8000
7401
-1976
-9720
-7771
-14519
-21170
-13630
-12849
-18123
-13933
-12264
-16286
-14663
-9765
-6391
-2915
-492
-1676
-6124
-11685
-8142
5681
9986
9784
18760
17515
10489
16033
20067
17588
8813
-1800
-1236
-8035
-19256
-12488
-11907
-20620
-18358
-14280
-8087
-574
2851
10912
14338
10959
15090
19178
17891
16251
11952
6746
1120
-4632
-4900
-6371
-13812
-18204
-19834
-18992
-13587
-10696
-3875
5364
1686
1969
11636
10295
8595
11303
6203
1185
-2421
-6237
-4729
-4423
-5064
-2012
-1452
-2037
2442
8511
9869
8961
10234
8098
2300
1186
904
-3700
-5918
-4269
-4586
-5833
-3834
-734
1211
4000
6973
9303
12898
15869
16225
15546
14121
11593
7906
3720
-421
-5878
-11186
-15042
-17248
-16260
-15918
-16086
-14070
-15654
-17916
-14684
-10537
-5771
-1911
-1497
-1660
-8714
-13088
1544
12535
9051
15665
22737
12908
10576
17860
18853
14806
2224
-3644
-2498
-15278
-19373
-9698
-12926
-19218
-15631
-9561
-5262
-1707
5597
13573
12506
10439
16517
18822
15498
13198
9250
3944
-1938
-6160
-6254
-8860
-16175
-20064
-18148
-13910
-11370
-8951
-34
4434
-618
3949
13255
9728
5745
8214
5334
-1757
-4878
-3173
-2751
-4605
-3424
-661
-668
-230
4928
8558
8404
7695
7889
6630
1949
934
-281
-4225
-5043
-3990
-2801
-2965
-2049
-123
1940
4966
6289
8625
14350
17301
15046
13645
13121
10081
6635
3775
-1784
-9494
-13992
-16273
-17095
-15318
-15436
-15626
-14093
-16411
-18166
-14814
-9550
-4922
-2977
-215
-3603
-12914
-5913
6203
7215
13204
17916
14831
15617
12898
13448
21129
8145
-6245
1488
-6895
-20029
-11525
-12069
-18713
-18007
-15028
-7370
-1667
1595
9394
15029
11560
12212
16818
15409
15161
12992
6188
1119
-4146
-6990
-6045
-11182
-18160
-18814
-16917
-12118
-9487
-6453
3996
3788
-2411
6580
11587
6368
8339
8737
1896
-3110
-3178
-1985
-3913
-2773
480
-539
1355
4650
6778
11288
10912
8771
9018
4256
231
-1061
-5031
-6564
-6297
-6576
-4536
-3030
-1842
1520
5283
8142
9613
12392
16750
17711
15896
15377
14112
8941
2488
-1412
-5878
-13198
-17021
-17143
-17080
-18452
-19128
-16819
-17909
-18883
-15246
-11110
-6558
-994
692
-3896
-9459
-8724
5485
13486
10150
19590
20781
9106
11789
17250
17203
9968
-2277
-3029
-7541
-18949
-16442
-12177
-15287
-19954
-17017
-3309
-2663
-425
17485
13000
7280
19089
16388
14393
17946
10524
5693
2821
-4712
-5210
-4214
-13150
-18841
-18499
-18981
-13934
-10496
-8182
2643
2921
-1843
7007
9948
7784
11413
9558
3433
-1380
-3819
-2024
-2431
-4448
177
1394
-1464
4831
9956
9402
10665
9927
7884
4647
572
1272
-824
-6984
-6411
-4881
-7088
-5638
-2269
-1071
1702
6618
9098
11020
16614
19469
16048
15541
16485
10323
4656
2246
-5049
-12518
-16018
-18210
-17397
-17958
-20610
-18623
-18672
-22108
-17261
-9593
-6154
-509
2327
-2023
-6119
-4959
5956
14476
12157
18172
22494
11492
10436
16475
13898
6429
-4773
-5560
-5170
-18368
-16945
-7950
-15198
-17221
-10330
-5222
-30
2891
10275
14828
9933
11704
17853
16903
13511
12547
8122
1414
-4192
-4170
-4273
-13491
-16772
-19554
-20469
-10927
-10071
-8508
2592
2469
-1571
7675
11123
7315
9406
6426
1980
-1063
-4016
-518
-1050
-4631
41
2444
655
4301
8969
10192
9388
9732
9878
5353
1723
1458
-1424
-5645
-6852
-6079
-5652
-5581
-4543
-1640
2998
6709
8085
11126
15342
15678
14890
16304
15316
9943
5507
2809
-2672
-10505
-15608
-16686
-17176
-19177
-20620
-19247
-20392
-21769
-16622
-10524
-6622
-2723
1044
-2353
-8603
-2320
10346
12881
11300
20206
21093
9451
12059
17902
13684
3763
-6615
-4978
-9390
-20283
-14156
-9712
-16346
-17777
-11868
-4936
-533
3655
12492
16347
10107
12794
18571
14252
12471
11660
6263
1093
-5008
-5187
-3841
-13667
-18607
-18456
-18389
-13138
-10948
-6086
1735
85
-1441
10010
10031
5039
11958
5036
-1148
-1899
-4619
-1698
-2722
-2434
-565
867
2375
4308
9276
10608
8789
9998
9806
4204
3039
2960
-2273
-4382
-4758
-5597
-4789
-3391
-3254
-3803
1151
6048
5718
10029
15689
15051
13393
15115
15536
10905
6351
2818
-3835
-10971
-13879
-14894
-17780
-19979
-19381
-19835
-21522
-19461
-15226
-11536
-6528
-2159
-1259
-5019
-9355
-3097
10525
12913
10612
20937
21344
8962
13238
19843
14334
3990
-5086
-2720
-8615
-21268
-12200
-7768
-18910
-18133
-11482
-6519
-309
4122
11973
14150
8500
14569
20299
15521
12543
9851
6309
-25
-5531
-2074
-3258
-13850
-16986
-17342
-18782
-12065
-8937
-5105
2943
-1272
-2324
8095
9488
6995
9443
5282
-315
-2325
-4257
-2825
-2121
-5610
-1951
4042
-1685
5752
14203
6018
12184
14557
7040
8688
5681
-96
-159
-3551
-7648
-4981
-6079
-7189
-3860
-2122
1097
4074
6888
10574
14938
17521
15001
14518
14979
10173
5985
2672
-3602
-10023
-15141
-16523
-15407
-18032
-18076
-16308
-20837
-20883
-15976
-11960
-7408
-2987
323
-3514
-9470
-6786
5945
12390
7788
16341
22794
9848
9076
18684
16114
7971
-691
-2603
-3558
-15795
-15539
-6889
-15477
-19238
-11697
-6547
-1684
1586
9331
13399
8322
11476
18090
15745
12770
11830
7176
2635
-3105
-4448
-2393
-10080
-17003
-18168
-18350
-13893
-9982
-8437
343
2374
-4240
4917
11040
5897
8164
6870
1846
-2972
-6646
-2225
-2686
-5703
-1146
1794
507
3470
9811
11670
12471
11662
9899
7731
4833
2189
-773
-2394
-6455
-6742
-5307
-4943
-5349
-2246
2761
1837
8377
9515
12234
18596
11906
13849
15238
9084
6517
4129
-1455
-8883
-13540
-14928
-14954
-17365
-17554
-17779
-20097
-20235
-18100
-12083
-7767
-3943
320
-2652
-8255
-7958
1573
10819
10079
15134
22434
14408
10948
16995
16898
11872
515
-3449
-1084
-14733
-18353
-7718
-14088
-20826
-14183
-6782
-2789
211
7768
13734
10830
11210
17508
17785
15805
13939
7534
3044
-2147
-6942
-4698
-8290
-16007
-17796
-18256
-14640
-10853
-11318
-1512
5020
-2968
2887
11376
7199
6897
5711
2705
-1057
-6441
-4822
-3060
-5398
-3344
738
2252
4350
8549
12169
11684
10527
10936
8703
5522
2932
-124
-2258
-4407
-5807
-6088
-5417
-3500
-3035
-141
4769
6031
8146
13120
16422
16443
12268
13251
15669
5136
3873
2113
-13421
-12567
-12294
-18985
-15391
-15780
-19839
-17728
-18121
-19745
-13470
-9110
-5605
-777
-2159
-7774
-11300
-2971
9157
9329
11635
22264
15901
9204
18170
17922
14713
5534
-5171
-265
-8908
-18444
-7724
-10191
-20347
-18125
-11765
-4853
-880
4695
14308
12490
8108
15942
17916
14227
13716
9828
5889
-842
-6086
-3654
-6952
-14326
-17712
-20811
-17131
-9984
-10624
-4864
4872
297
-298
10095
9867
5179
5685
3106
-1298
-4630
-4980
-2782
-4149
-4224
-998
-686
728
5791
10514
13156
12849
10965
8344
5367
3955
2014
-1700
-3891
-4216
-4757
-5070
-3912
-2616
-1109
2744
6214
7629
11577
16551
16375
14524
15042
13444
7891
4171
1482
-6033
-12807
-14096
-14431
-16539
-16750
-15168
-15861
-19069
-19468
-14554
-11810
-7677
-3367
-3197
-3383
-9215
-11219
-742
9751
9451
12604
21910
14602
10778
18130
18105
15955
1961
-3591
2899
-14041
-19130
-5233
-12018
-20637
-15572
-9670
-4141
-619
5351
15076
11309
8412
18478
19509
14780
13339
10621
5791
-1077
-4027
-2515
-7295
-16219
-20384
-19787
-13852
-11032
-11645
-1208
3626
-4339
3151
13445
7381
5824
8112
3281
-2931
-6667
-4792
-4660
-7252
-3055
-265
-282
3142
6473
11211
13280
11583
12446
8529
2902
3877
1721
-3519
-5093
-5900
-6219
-5731
-4726
-2243
943
4917
7775
9036
12926
17363
16907
14711
14630
12699
7564
3079
-1780
-8546
-13379
-14665
-15728
-16710
-15521
-15808
-16650
-14644
-15495
-15255
-9114
-6153
-4792
-2281
-3814
-9577
-13719
-2785
9867
7380
13368
20496
13047
14368
16704
16060
18141
3232
-3308
2931
-13324
-18824
-6280
-13569
-19151
-12598
-10627
-5520
-767
3492
13609
14115
10370
17165
19324
14832
14318
11710
6634
59
-4980
-2362
-6903
-17216
-17900
-18546
-17429
-12350
-10813
-1838
3559
-2469
4189
11797
5713
5490
7481
1378
-3667
-5809
-6111
-4607
-5083
-4054
1031
3290
4038
9957
13866
11103
10626
11862
7685
3205
2314
-930
-5581
-5876
-5627
-7153
-5308
-2262
-1603
1613
6770
8334
9814
14820
17735
16209
15215
14503
11134
6978
3438
-1275
-7865
-14501
-17485
-16227
-15276
-16077
-16473
-14417
-15433
-18742
-14457
-8407
-7072
-6945
-3422
-2364
-10340
-13669
-1656
10086
8014
13171
22972
15318
11410
17515
20219
17218
3090
-2011
2577
-12095
-19966
-8841
-14254
-22479
-16168
-10334
-4642
-1789
3234
13268
12294
11171
17716
19467
16461
12328
9988
7192
299
-4816
-3461
-6175
-17995
-20701
-17243
-17350
-12986
-9714
-1899
4175
-3678
2851
14032
5806
5337
9628
1441
-2183
-3977
-5803
-3567
-6023
-4447
965
1602
3204
9151
11919
10348
11538
11429
8333
4288
1197
-723
-4621
-6763
-7048
-7161
-5891
-4333
-2418
1468
6092
8707
11044
14933
17041
16292
16344
15795
11431
6140
2406
-2341
-9559
-14691
-15466
-15852
-17550
-18072
-15078
-11790
-13634
-15938
-12744
-9752
-9798
-6820
-1975
-2136
-7837
-13776
-7590
7882
9549
8913
21263
19572
10489
16055
19971
18635
9498
-2413
1408
-6018
-22043
-12344
-9725
-20856
-16899
-11249
-7062
-2941
27
11823
16590
8250
13216
21327
17527
14126
11544
10171
423
-6460
-2464
-4756
-15157
-21176
-15493
-18734
-15219
-8392
-7429
3938
-130
1031
12141
8989
7367
7596
4398
194
-5007
-6507
-1870
-4683
-5112
2758
1961
2663
8528
10967
10656
10508
11974
9760
3633
861
-1318
-6844
-9141
-7716
-7306
-7162
-4570
-577
2494
5613
8539
10761
13493
15756
15729
14505
13164
10206
6090
1928
-2821
-7545
-11411
-14225
-15229
-15813
-16043
-14466
-13068
-12028
-13248
-12632
-8601
-8981
-7010
-2372
-2553
-6128
-11862
-9944
4492
10132
7081
18585
21819
11416
14160
18923
19758
11531
-2747
1031
-1862
-20613
-15998
-7879
-16976
-19408
-15735
-7898
-4512
-4655
9668
17449
10089
13039
21425
18100
14414
12742
9849
5680
-5000
-6424
-3611
-15151
-21752
-16451
-17459
-16900
-10649
-6938
1741
3162
731
9577
9386
6815
10732
6548
1879
-1531
-4387
-2959
-2575
-3192
-1930
1933
2111
1985
8429
11633
9722
9790
8913
3272
-635
-869
-3172
-6085
-6114
-5961
-6403
-4154
-675
1761
4369
7239
9693
12417
14934
15596
14962
13492
10854
8073
4624
-270
-5122
-9987
-14691
-16377
-14617
-14206
-15095
-12635
-10767
-13441
-14399
-11760
-10572
-8350
-4198
-2069
-3627
-8929
-11620
-1827
11323
9763
13366
24342
17429
13523
18443
19167
15685
801
-3619
-529
-14708
-18918
-10389
-14744
-21090
-18321
-11711
-4598
-755
5263
15368
13531
10095
19305
21083
14819
13543
12089
6893
-2617
-8347
-4818
-8346
-18845
-18404
-17724
-19358
-13040
-10488
-311
5861
-2765
5545
11862
6609
7897
8325
5061
293
-5026
-1949
-435
-6902
154
1775
-1550
2502
4051
10275
7765
6982
10017
3972
-647
-823
-339
-5389
-5957
-4569
-5585
-3742
-1604
1393
3476
6301
9061
11895
14635
14947
15061
13673
10630
8065
4633
809
-2914
-8950
-13322
-15440
-16336
-13069
-12693
-13222
-8895
-10367
-13266
-10146
-9515
-8560
-6248
-5840
-2538
-2376
-10368
-12812
-477
10721
7172
11611
24968
17164
9618
17652
20209
14489
1498
-1115
1468
-15768
-21382
-8865
-13933
-21317
-14586
-9970
-6797
-3022
3120
13539
12533
10704
20662
19968
13319
14394
11267
4915
-1964
-7201
-6133
-11813
-20226
-19391
-19286
-16235
-10657
-10518
-1382
5379
-157
6761
13701
8403
9821
10490
3900
-406
-2455
-2991
-1890
-3156
-2783
367
-897
336
5515
8037
7927
6353
6972
5887
-1561
-1377
1734
-8563
-5806
612
-7629
-1172
3302
-1653
4332
8016
6537
10159
13543
13842
14572
12686
10861
6688
2435
2446
-3538
-9247
-11135
-15139
-15474
-13912
-14249
-11125
-8624
-11053
-10709
-8913
-10149
-9147
-5841
-4769
-3510
-4365
-10167
-10415
263
8649
7876
15591
23866
15149
14151
20241
17142
13003
3272
-1859
-1565
-14983
-19312
-10690
-15196
-19879
-15192
-10500
-4467
-152
5897
14899
13748
12943
18977
17414
14588
14488
9570
3085
-3040
-6571
-7397
-12552
-18968
-20241
-19853
-16551
-11824
-9711
81
5535
1113
8017
12728
8878
10784
10306
5082
1857
-2612
-4743
-1930
-3259
-3276
237
-599
-1006
2899
6320
6744
6714
6003
3327
-619
-800
-409
-4615
-4789
-2881
-2281
-1081
-416
3457
4948
5702
10684
9577
9949
16056
12842
8502
13625
7855
-1273
2988
-3602
-9749
-8714
-16884
-15978
-12917
-14562
-9167
-7811
-10930
-8266
-6886
-9282
-8309
-6889
-5401
-4115
-4764
-6348
-12129
-9803
5168
9581
10565
21187
19934
12956
15436
18323
18065
7248
-2241
1245
-8727
-21153
-12754
-10583
-17667
-15961
-11998
-7485
-3570
654
11949
15639
10781
16980
21010
14494
14490
13240
5116
-901
-7206
-8432
-9171
-17777
-19568
-17941
-18396
-13751
-11535
-4187
6606
3432
5333
14594
10366
8271
12123
6850
1277
-1382
-3606
-2494
-3358
-4542
-164
-423
-3647
2681
5466
4252
7009
6917
4188
-749
-958
-297
-4117
-2560
-760
-2182
-1706
967
4533
5348
6831
9798
8203
9887
13448
12602
12793
9320
5151
2586
-104
-1812
-8239
-8959
-12160
-19118
-9508
-11136
-14189
-2213
-10246
-13329
-4567
-11387
-10142
-2380
-6021
-4506
-784
-7525
-12672
-8418
3903
8990
8812
19598
20496
12696
15351
17912
17150
10697
-95
-1372
-6774
-20446
-17137
-9708
-17049
-18698
-11492
-8056
-3584
2775
10423
14838
10720
12816
18253
14572
13893
12788
5890
391
-8280
-8794
-6263
-15919
-19637
-18581
-19321
-14610
-11490
-6073
5978
4585
2933
14458
12548
11180
15923
9597
3417
-1369
-3927
-3651
-4850
-4721
-2531
-2646
-4168
56
4579
4581
5702
7376
4713
1441
1598
878
-2301
-3925
-2567
-2084
-2122
597
2884
3192
5496
8994
9680
9298
11622
13978
11397
8370
8419
5012
-558
-3260
-6673
-10860
-13878
-14817
-12981
-13289
-12258
-6897
-7259
-9742
-6903
-8725
-11066
-5002
-3360
-4126
-274
-5333
-14704
-9952
-768
4002
10272
15270
19608
15710
11135
17463
19149
12562
1968
-426
-2252
-16162
-17757
-9682
-14574
-19418
-14037
-10694
-5271
1233
7997
16459
12364
10911
18333
16345
12861
14378
9355
1422
-4589
-8588
-6684
-12921
-19590
-17401
-19712
-15791
-9121
-6107
4657
6304
1362
11053
13274
8543
13376
10525
3670
-412
-4150
-3080
-3959
-7035
-3996
-1190
-4321
-798
5146
4582
6195
7215
4265
917
-520
238
-823
-1762
-337
-813
-1583
1030
3891
4233
4973
8910
9502
6844
10986
14901
10663
7065
6101
3035
82
-1376
-4135
-9519
-13941
-13157
-11684
-12395
-9911
-6656
-7963
-8290
-6612
-7582
-8022
-6789
-4373
-3670
-4190
-3781
-11089
-14799
-2014
7937
7971
14870
22034
16184
11181
14849
21468
14892
-1819
1253
-793
-19605
-15135
-8203
-16693
-18584
-16599
-11218
-3842
-1738
5588
15191
10669
9449
18631
17974
13828
12596
8397
2579
-3932
-7749
-5299
-8932
-18173
-18240
-18049
-15859
-11022
-9482
1618
5659
786
10171
14930
10707
12833
12249
5439
84
-2853
-4900
-5084
-6066
-4880
-2218
-4299
-3387
1238
3971
6491
7624
6790
4519
1994
810
-438
-1211
-1000
-1875
-3068
-1749
-255
1166
4144
7961
9983
9053
12783
14634
11311
8958
6946
6277
1086
-1559
-2784
-9221
-12518
-13744
-13759
-14653
-12899
-8372
-7792
-7542
-6202
-6303
-7589
-6823
-3929
-2117
-3296
-5374
-12477
-17380
-6261
5351
7501
13098
21910
17198
11217
16160
19627
16438
4480
1787
1097
-14077
-19424
-11080
-11524
-19464
-16924
-10838
-6708
-3472
4761
14777
12267
10644
13978
17737
14837
10278
10853
4175
-4155
-7561
-4526
-8357
-18004
-17620
-18565
-15219
-9522
-9050
2537
9151
3041
8119
14564
10623
10911
11950
4652
-863
-4405
-6963
-5677
-7621
-5767
-171
-2272
-2729
3094
5749
5934
7897
8092
3754
-137
-5
-1031
-2992
-1585
-840
-2020
-358
3308
4391
4241
6461
8576
8590
10181
13135
12262
8340
6241
4689
1449
-1097
-2806
-6457
-11345
-13531
-13687
-13496
-10573
-7018
-7023
-7959
-7881
-7898
-7410
-8010
-7702
-5560
-4184
-5284
-12090
-17333
-9056
5434
7145
10375
23769
19270
11530
16922
19593
18169
6022
-1894
2296
-9535
-20207
-10788
-10294
-20054
-17741
-9606
-8001
-6746
1490
11870
11833
6660
15564
18756
11846
15778
12361
3623
-78
-4781
-6513
-4932
-14686
-22433
-13598
-19610
-15783
-4302
-4999
6610
4281
4042
14671
10751
11033
13765
6494
-1054
-4604
-5823
-3425
-7035
-6305
-181
-4969
-4670
2308
4530
5512
7297
8181
5281
1655
1930
1312
-1216
-289
-157
-2995
-2781
671
2059
2432
6477
9764
8743
9734
13578
13489
9946
7945
6510
3024
-383
-1784
-4338
-9299
-12469
-12230
-11632
-11235
-8001
-4802
-7702
-10834
-8937
-8985
-10595
-9032
-7243
-5891
-4892
-8566
-16906
-15265
920
7728
8145
20925
23167
12833
14800
19445
18396
11510
573
-823
-6012
-18031
-13403
-7538
-14952
-18965
-16392
-10281
-5259
-3095
6245
12399
7512
11996
20476
16081
14466
15239
8138
1761
-5531
-6929
-3610
-12678
-18662
-16146
-17211
-12423
-10332
-6041
7544
930
1849
15674
8062
9565
15645
7251
1455
-4619
-8290
-4683
-6803
-7223
695
-2182
-5666
772
5356
6271
6545
8244
6275
1129
-251
2013
-1333
-4072
-1582
-2059
-663
631
2807
3558
3756
8005
6923
7328
12243
14055
12127
9722
8312
4691
1809
832
-2919
-8488
-10787
-11665
-13626
-12821
-9114
-6832
-7691
-7466
-6225
-8901
-11468
-11101
-9162
-7904
-7531
-6101
-12171
-17793
-6183
6922
7154
12768
23836
18551
12527
16835
18977
17443
4640
-2720
1283
-11935
-20857
-11632
-12434
-19563
-18089
-11728
-7215
-5073
1049
11221
10692
7765
15020
17093
15922
16017
12003
6951
-580
-6071
-3881
-7728
-16115
-16083
-19065
-18237
-10537
-9663
1153
7533
-227
8522
14233
8563
11368
9732
2871
-991
-5895
-4993
-2155
-9018
-3673
2176
-7966
-1611
4332
1106
8895
9015
4302
5149
1019
-878
1334
-1248
-2478
-1259
-1240
-1328
2271
4929
2699
6298
9114
7252
9220
13110
13256
8960
8861
7524
2263
2125
-663
-7542
-9419
-10433
-12540
-11030
-9906
-9776
-8346
-9370
-9483
-7971
-10851
-12699
-9650
-8561
-8028
-4104
-8781
-16956
-8368
5989
9650
11588
21331
19756
10793
15507
18983
17744
8477
-1877
924
-7116
-19725
-12347
-10040
-20983
-18967
-13449
-9977
-4554
-1162
9579
12143
7535
16417
20033
14070
15887
13905
6642
3098
-3693
-3446
-3693
-14337
-16516
-17922
-17661
-11596
-12235
-2572
7041
-386
3261
12931
8599
7832
12468
6859
-408
-3758
-5937
-3528
-5181
-5887
-34
-2759
-3936
1920
4122
4121
5914
7424
3499
706
-505
600
-914
-1472
261
-3873
197
-1096
601
7988
4865
8930
9241
8955
13216
13407
12456
9238
8841
4998
1551
679
-6325
-8956
-10038
-14775
-13381
-11282
-11524
-8352
-7298
-9940
-9256
-9559
-12358
-9834
-8340
-8360
-4730
-7694
-16253
-12920
2397
9085
9233
20179
24502
13654
12947
19032
18471
12329
1753
14
-3419
-19063
-18370
-10407
-17538
-19534
-13767
-10178
-6807
-3860
5240
12626
9328
12217
19595
17566
15192
16038
12606
4991
-2932
-4482
-3737
-11592
-17991
-17605
-18721
-15825
-11422
-6909
3896
4412
1062
10315
10592
6929
13111
10065
2414
-1178
-5178
-4378
-4892
-5686
-506
-1120
-3705
558
4109
5090
5157
6856
5652
-843
-1244
555
-1897
-2611
-261
542
-540
803
4481
2159
4306
12504
4793
8790
17209
8059
12370
11870
5531
7778
3642
518
-1184
-7619
-12460
-11424
-12316
-13460
-10205
-7457
-8170
-11206
-9237
-9303
-13828
-10161
-6063
-7385
-4423
-3900
-12955
-15353
-1674
7699
6898
16745
23872
14294
11671
16871
18432
14971
3907
59
-665
-15179
-19706
-10619
-14158
-20375
-16742
-10772
-6616
-3905
4406
14142
10681
7956
18298
18547
13780
16851
12713
6363
-437
-4348
-301
-7630
-18043
-16758
-18121
-17639
-12834
-10942
349
4100
-1491
9315
12249
5063
10656
11777
4341
-852
-5253
-3813
-3320
-6732
-1155
272
-5176
-1738
3344
5094
5769
5664
5425
1497
-893
1099
-827
-3091
-1613
-1834
-1462
244
876
2779
5397
9149
10517
8585
12070
14795
11588
10610
10255
8346
4810
576
-723
-6309
-14259
-12970
-12732
-18087
-12504
-7397
-12680
-9662
-8528
-12499
-9752
-11306
-9731
-3394
-5566
-8107
-10728
-12909
-685
10131
8461
16234
22688
14348
12702
17649
18871
13737
1274
-1095
-1639
-17084
-19075
-9691
-15626
-20042
-14948
-10457
-5864
-3679
3034
13131
10414
9119
18793
19119
15904
18682
14552
7626
1375
-5024
-3952
-8181
-18212
-18560
-17579
-16355
-12767
-9846
226
3371
-1251
8614
13791
7387
10383
10841
2855
-878
-3060
-4118
-3023
-5571
-2798
2465
-2132
-1782
4196
3883
4022
6075
4785
930
-910
-138
-1575
-3434
-1815
-1549
-1651
862
2853
3934
5468
9163
9826
9191
13173
14793
12255
10608
10167
7511
4217
1392
-2340
-7714
-13101
-14004
-14132
-14150
-12623
-10423
-9579
-12235
-13242
-10083
-11477
-13777
-3777
-3390
-7726
-1503
-12138
-14321
6110
8217
6380
21535
21541
10343
14149
16794
16786
12972
-455
-838
-2829
-19464
-16788
-7346
-16826
-21101
-15141
-9256
-4769
-2369
8318
14151
6259
10406
19938
16768
15615
17735
13177
5006
-2611
-3329
-2692
-11590
-17814
-17228
-18779
-16151
-12831
-9345
2259
3602
105
10811
12498
6481
11169
10857
4286
-833
-4043
-1130
-2957
-7023
-968
619
-4193
-480
5672
5064
3640
6232
5799
355
-500
1230
-2101
-4308
-2006
-1491
-2298
-966
891
3398
6831
9304
10258
11115
14536
15850
11932
11648
11345
5069
2386
521
-5060
-9353
-13644
-15037
-13463
-14772
-12956
-8904
-10488
-12004
-11022
-10313
-11095
-9861
-5859
-4839
-4953
-8264
-13777
-9074
6444
8149
6597
23782
20819
8815
18120
18208
12937
10478
-898
-2034
-3465
-19780
-13842
-5788
-20287
-19361
-12086
-9754
-3747
-1317
8462
13768
6450
13276
20954
16704
17270
15955
11340
4338
-3974
-2088
-3128
-14315
-18333
-17488
-19072
-12666
-11064
-9102
4516
1301
-48
12392
10283
6908
10979
8138
3465
-498
-4713
-929
-2981
-7139
1279
1634
-3597
107
4751
4601
2562
6003
6603
-2164
-2945
1058
-2968
-3944
-1248
-1099
-705
-368
2399
5813
5624
7694
11342
12030
13117
13954
12404
10909
8055
4423
3419
-374
-5294
-9026
-14332
-14821
-13692
-15292
-13260
-8660
-10302
-13730
-12502
-11450
-9937
-9082
-4769
-526
-5145
-10264
-12454
-2784
10759
8264
12791
23901
13669
8680
17941
18136
13505
2312
-2186
975
-13126
-19830
-8718
-12042
-20413
-15454
-11680
-7784
-3217
445
13665
13247
5464
18295
20836
12719
16957
15240
7556
2023
-3783
-3772
-7005
-17064
-18055
-17318
-18703
-13164
-10449
-2637
5290
-1404
4568
14600
8188
8435
12245
6709
1131
-219
-1069
-2523
-3737
-4618
-1695
-1081
-2642
2767
6096
2920
3163
6446
3374
-1494
435
1066
-3127
-2638
653
-987
-1997
1184
2633
2948
6762
10582
10931
11776
13582
13214
11819
10668
8376
4821
1341
-2660
-8258
-12967
-14245
-13779
-14559
-15589
-12831
-9336
-11374
-13958
-11467
-9830
-10731
-7341
-2769
-3016
-5674
-11916
-10909
5719
10685
6180
18765
23119
11781
12991
18617
17741
8998
-2200
633
-3717
-19690
-13952
-6552
-18281
-20638
-12330
-8035
-4821
-1784
6987
13694
8511
10996
20468
16444
13919
16888
10050
5351
-1126
-4827
-2825
-13870
-17474
-16412
-21442
-14915
-10265
-10072
47
2565
-631
10501
13359
7434
11631
10304
2888
-424
-1021
-868
-3506
-5589
-1732
396
-3011
-1219
4817
4178
1162
3737
5141
746
-2007
-709
-989
-2711
-1883
-249
94
186
1494
3903
5805
8700
11763
12432
13915
14713
12087
11091
9834
5553
4151
1402
-6022
-9473
-11026
-14211
-12914
-12600
-14592
-9186
-7328
-12518
-11870
-9017
-9409
-9925
-7848
-5499
-4190
-5873
-11978
-12014
194
9075
6874
15014
23350
12927
11661
17833
17224
14737
3000
-12
165
-15720
-17300
-7701
-12814
-19794
-16819
-10315
-7113
-5240
4133
13467
9278
9630
19710
18143
13250
16894
15327
6984
284
-3713
-4399
-9949
-17210
-17068
-18898
-20158
-12518
-8730
-4740
5906
1208
3908
17322
7708
8620
15932
2424
-1070
2086
-4197
-3940
-3250
-6932
-1960
-1956
-4015
2457
3317
2704
4665
4163
1584
-1123
137
-25
-3792
-1802
1889
56
78
3467
4740
5157
7067
8880
10315
12845
14408
13047
10845
8835
6067
4547
3115
-2066
-6692
-10231
-15026
-14427
-11822
-12185
-8653
-7196
-11251
-9727
-7515
-10672
-10630
-8424
-8818
-7982
-6521
-8874
-13412
-11199
625
7773
9624
19231
22256
13913
14457
17879
16149
11476
1919
-65
-3551
-17370
-15550
-8885
-16760
-18495
-13246
-9894
-5514
-1386
8361
13577
9641
13796
18468
14709
14874
16230
10221
5676
-2364
-6844
-2628
-12867
-19157
-15564
-20059
-16379
-9673
-7554
1995
5312
1977
8768
10838
8367
12730
9352
4442
-1553
-5264
1057
-7541
-4891
4755
-7325
-4120
1653
-978
2814
3953
4011
3739
-979
-4004
666
-1326
-2556
3270
1847
-887
882
5512
6775
6218
9230
10295
8532
10106
13201
11601
7978
6108
5318
2595
-531
-3306
-7258
-11388
-13247
-11912
-11475
-9210
-7162
-8194
-8463
-8509
-8763
-11456
-11276
-9907
-11467
-8020
-4900
-9732
-17523
-10106
9455
10368
9424
24140
21947
10615
13882
18681
18275
7585
-1932
2877
-7573
-21941
-12095
-9785
-18438
-18489
-13821
-8123
-6461
-785
12029
13307
7638
14867
20626
15612
15048
14248
9489
1542
-6678
-3069
-3890
-14235
-17177
-18035
-16643
-12902
-12614
-4560
6012
1075
2119
12194
8726
10256
13602
6693
3330
-1018
-4540
-2398
-2822
-4527
-2626
-2966
-6393
-4222
273
3008
556
1467
6135
-4210
-1655
4817
-4433
2653
4826
-599
4406
6105
4699
6575
8998
7508
8998
9340
10028
11057
7131
6429
5202
2879
1554
-507
-3287
-7103
-9989
-10602
-9548
-8337
-7224
-6050
-5247
-5759
-5256
-7135
-10667
-11043
-12121
-11346
-8539
-6393
-8191
-14506
-13358
220
8923
7928
19495
25659
12089
11854
18970
16525
11912
3617
-340
-3680
-17565
-16298
-5679
-12307
-17367
-14159
-10101
-7124
-4066
6258
13280
9226
9592
17028
16055
14117
14903
11560
5806
-2824
-4291
-2248
-9484
-16885
-16302
-16464
-15178
-11143
-6455
4813
3429
-621
10114
12054
7951
10171
10885
3651
-4377
-4855
-1406
-2008
-5310
-2571
-1565
-7132
-6875
-107
3062
1393
2115
3593
-1616
-4344
2139
3339
-410
4625
4744
-240
5802
7133
5318
10161
7688
4350
10417
8584
5476
12486
6022
2281
6601
-241
-146
-42
-6269
-8264
-10207
-10221
-8475
-7080
-3064
-3683
-6591
-3435
-6294
-9219
-8359
-12584
-13154
-10156
-9074
-10042
-13016
-17398
-9085
7350
7346
11677
24910
18242
11215
18038
19802
17104
7214
-645
1709
-10850
-20696
-9480
-7244
-17162
-18038
-11487
-10198
-8817
37
10467
11312
7686
13950
19304
16232
14809
15738
11175
180
-4180
-483
-4968
-14086
-16885
-18110
-17098
-13914
-10074
-784
3800
162
4832
11846
9003
8767
11720
6611
-558
-4388
-5249
-3158
-3832
-4250
-2521
-5979
-8333
-4006
-179
590
1292
2351
1626
-1346
119
3908
3532
3991
3520
5102
6061
4236
7665
6729
5966
6757
4227
7486
7990
5400
6695
3216
3272
4699
-3427
2499
2985
-10725
-5203
-4985
-10304
-4375
-2615
-2695
-2257
-4513
-6519
-6342
-10133
-13926
-12528
-13167
-13064
-9150
-7775
-14622
-18773
-5014
8189
7307
14881
25282
16685
10284
16638
19017
16086
6478
1955
1950
-13634
-18377
-6425
-10473
-19382
-15725
-12812
-12922
-7052
3186
11622
10408
8514
15347
17705
15922
18133
16320
8398
1197
-1358
228
-5317
-14781
-15028
-16553
-17587
-11380
-8551
-1138
4816
-1135
4448
11898
6288
9617
13202
5186
-501
-2196
-1740
-3381
-5583
-2547
-5038
-9272
-5975
-3193
-753
329
-385
2238
633
-1557
3519
5218
3595
4784
5288
5143
4737
4335
5098
5508
5636
4276
2795
5303
7927
7229
4865
3549
4069
3440
3779
4157
-676
-5574
-6907
-5671
-3245
-4143
-1785
441
-7023
-5039
-1070
-11013
-12151
-13414
-21228
-15813
-12214
-12002
-7242
-14439
-18431
-2415
7903
7116
17224
25232
15267
12274
17721
17764
16706
6582
178
-1451
-16163
-18409
-7069
-12042
-19649
-16090
-16655
-13993
-5121
2229
12812
13095
9043
16394
19347
16954
19809
16446
7474
1872
-2797
-826
-4707
-13355
-12658
-16959
-16276
-9768
-11258
-1990
6010
-847
4549
10583
6060
9256
10270
5339
-789
-4719
-3268
-4814
-6168
-5029
-4770
-7094
-9334
-5406
-687
435
1551
2615
1091
640
3516
4874
3222
2901
5242
6169
5398
5729
6338
5297
3467
2807
3624
4953
5872
5867
5312
4706
3907
3822
4952
4038
-159
-2728
-3497
-4454
-4739
-2544
-352
-3089
-4490
-3100
-4673
-8602
-12438
-16945
-18134
-17828
-14963
-5667
-8986
-14547
-15565
-9618
8407
9959
15946
25660
15124
9960
15797
19298
15964
8067
1387
-925
-13184
-19416
-8176
-11014
-18922
-17968
-15693
-13050
-8435
1705
12301
12046
8394
15855
20099
18936
21804
17831
9971
3801
-2616
-659
-568
-11278
-15234
-16489
-18097
-12732
-10441
-2824
5054
-2085
532
9663
6919
8830
11100
5993
1245
-4636
-4242
-1306
-5743
-5762
-3995
-8512
-9442
-5805
-2572
-835
954
3086
1642
-281
2470
5956
4836
4522
6192
6075
4808
2911
3817
3749
2511
3048
2968
4108
4899
5140
5203
4134
3661
4808
6329
5194
1860
-1320
-2352
-2141
-2070
-1598
-2077
-2850
-3178
-4403
-4956
-6614
-11831
-14853
-15989
-18047
-15322
-10114
-8577
-10493
-15715
-14219
177
9390
11716
21242
22650
12235
11827
17465
18316
11582
-92
-1379
-5625
-20155
-15174
-6291
-16612
-20860
-16438
-13609
-6994
-365
7202
12814
10431
12153
18973
21320
21284
18270
12473
7211
525
-1831
-103
-6790
-15044
-16917
-17688
-14313
-11401
-7953
2790
1507
-3851
7193
10487
6125
10567
8825
2239
-2423
-5717
-2334
-3685
-8902
-5992
-6475
-10792
-8043
-2702
-82
17
1463
3795
2444
2952
7049
7190
4426
3505
3511
2984
2417
1856
1248
1480
1482
792
3066
6854
7053
6406
7719
7279
5632
7050
7546
3731
169
-1370
-2981
-3885
-2570
-1875
-2459
-2745
-2103
-2072
-2834
-3863
-7926
-11452
-15340
-17217
-14032
-12033
-9234
-10761
-17086
-16854
-5639
8192
11456
15642
22016
14565
9843
16977
19365
12962
2254
-2197
-3950
-16385
-18971
-8523
-13018
-21194
-17673
-11005
-6921
-3654
8962
16048
9644
11718
18911
19645
18993
18636
14039
6771
-383
-2602
-102
-5748
-13841
-15950
-17392
-15234
-11208
-7453
252
2270
-606
5631
9985
6341
8121
9350
2474
-2468
-3719
-4691
-4746
-5986
-6575
-7233
-10588
-9394
-4038
-2159
-1925
-322
2269
3169
2914
5829
6870
4703
5838
6258
4280
3911
2706
972
1210
2447
2663
1546
3406
6013
4240
4366
7717
8019
7634
8099
6721
3776
91
-1206
501
-351
-2895
-1149
249
-2920
-3369
-912
-2978
-6888
-10165
-15230
-17272
-17337
-16068
-11542
-10618
-13318
-17128
-15983
-3912
7795
10269
15317
21132
13163
10914
18646
16940
11842
2822
-3983
-5128
-14249
-14699
-8304
-14740
-19889
-15770
-9657
-4072
2180
10002
15156
12985
13930
21318
20310
18033
18206
10608
3982
192
-3150
-2881
-7129
-12645
-14211
-16871
-13453
-7779
-5806
745
2746
-523
4711
9091
7164
7876
7271
1348
-3551
-4278
-4188
-6333
-8431
-8214
-8677
-10018
-7527
-3084
-2216
-2350
170
2345
2368
3831
7526
7816
4299
3710
5400
3360
-96
276
991
-1203
-1142
815
89
1567
6105
7312
7229
8255
8684
10548
11968
9110
5782
3195
-205
-884
-292
-1562
-2075
-2557
-4219
-3174
-842
-1481
-3994
-6687
-8849
-11628
-14253
-15561
-14725
-13412
-14521
-13734
-14225
-16467
-10490
2732
8963
7496
14434
18214
13444
16967
19290
15541
7143
-1625
-438
-6801
-16132
-10333
-8563
-16391
-17120
-9989
-4008
927
6838
13700
15817
11534
16633
23683
16558
12553
13915
3589
-4346
-1050
-3485
-8465
-9462
-13305
-14462
-9733
-6426
-3765
525
2986
1761
2062
6199
5830
3348
4420
724
-5384
-7370
-8299
-7006
-6602
-8081
-5878
-5274
-6417
-3351
-365
45
-188
1522
3525
1133
1179
4833
3121
1078
3039
3718
2538
1122
1098
1409
597
1309
1820
2343
4907
5080
5213
7999
8896
9558
11342
10388
8370
7180
5953
4982
3197
1812
417
-2264
-4146
-3551
-3612
-5226
-4213
-5413
-7680
-9703
-11922
-11038
-14058
-15442
-13677
-13678
-12216
-13219
-13424
-12229
-10283
-574
6981
9282
16256
16587
13702
16699
15387
14836
10712
2117
-460
-5628
-12180
-10428
-8390
-12600
-12003
-7731
-4136
497
4910
12628
15487
13333
15965
17801
14586
12854
9166
4374
160
-5933
-3631
-5520
-10009
-10053
-9887
-6894
-6547
-657
563
1369
3260
-411
4123
2287
-52
277
-3822
-5758
-8745
-8794
-6140
-5064
-3578
-707
-1217
-739
923
-70
1193
-556
-3137
-3091
-4497
-3566
-2327
-3252
-1690
-638
-630
1456
1872
2709
4204
3112
4539
6779
5409
6081
8515
8131
7926
8697
9716
11139
9754
8097
7755
3849
1175
2300
240
-2404
-3560
-6410
-6663
-4656
-4121
-1447
1409
874
1709
3524
2930
2230
198
-4728
-9915
-15198
-19167
-20853
-22374
-22439
-21220
-21436
-21473
-15347
-2528
6263
11380
20213
23091
21080
23980
24088
20338
15113
7543
3323
-3448
-11144
-9875
-11509
-17256
-16690
-13992
-10784
-7100
-1175
6864
7704
8125
13972
15613
15621
15910
13093
9567
4906
2306
821
-3937
-5922
-7778
-12010
-10412
-8280
-8807
-5245
-2743
-3249
-1227
410
827
2265
2210
1566
881
-1570
-1471
875
332
-512
-203
-434
-786
-2110
-2501
-1838
-3481
-4380
-3856
-4885
-4483
-2752
-2240
-465
2231
3036
3185
3772
3281
2719
4215
4967
3388
3017
3425
2205
1823
3015
3022
2136
1982
1787
1078
386
-562
-1197
-1147
-1804
-2138
-874
-454
-651
597
1623
1879
2514
2881
3219
3751
3268
2291
1221
-395
-2185
-3674
-4506
-4960
-5872
-6395
-5238
-4086
-2435
397
2303
3040
3135
2583
935
-360
-2657
-5293
-5060
-6392
-8692
-9485
-10976
-12566
-9768
-1253
3002
5661
12671
13740
13545
16997
18085
17011
11118
5693
3336
-3520
-8118
-7043
-8748
-13522
-14185
-10804
-9148
-6884
-1301
3808
4009
5619
10608
11376
11666
10947
8872
5474
-528
-2288
-3109
-6447
-9571
-11193
-12012
-10800
-7382
-6172
-3354
182
-764
54
3434
4103
4825
5525
3617
1197
-976
-171
2403
1534
981
2787
2391
841
1637
3290
2570
1011
998
-288
-1850
-760
-691
-1397
-365
-586
-719
921
1749
1364
784
1548
1508
290
1175
1393
-413
-846
-672
-1272
-482
-430
-2122
-1999
-2552
-3854
-2124
-858
-1763
-1476
-1162
-1743
-855
485
631
176
-500
-892
-528
230
1158
1700
1313
932
1194
1652
1889
2029
1799
833
-387
-993
-454
-125
137
511
-385
-517
335
1836
2641
288
454
1194
-1518
-192
1674
64
262
327
-554
-273
1148
1981
1090
914
293
-552
-501
-646
-1604
-3149
-2925
-3370
-3466
-2534
-2275
-647
-967
-1867
298
2060
1035
1209
2665
739
-38
1579
1520
1422
1046
736
1687
764
1013
3492
2282
657
916
520
-265
-1180
-1499
-3187
-4745
-4278
-4826
-3353
-1537
-2875
-1723
237
818
3450
5854
6244
6035
5079
3869
3521
2529
611
-296
-1913
-4379
-3880
-3425
-4536
-3573
-3436
-3899
-3109
-2745
-1576
-751
-787
-383
9
867
1846
2359
2876
3092
2196
1855
2940
3053
2487
1808
918
144
-1371
-1154
-373
-1696
-1758
-1508
-1343
-88
481
1559
1755
469
74
599
442
-36
1307
887
-22
1292
1249
1673
1853
242
212
-915
-2690
-1403
-1881
-2880
-3119
-3483
-3271
-4479
-2823
-2443
-3451
-2833
-2309
-53
349
2445
3776
3180
3819
2708
3718
3858
1832
1384
1016
-1298
-2546
-689
-1298
-2928
-1710
-650
-1194
-293
1986
2622
3254
4515
4854
4551
4082
4099
3358
1374
-269
-1609
-1846
-2351
-2881
-2396
-3412
-2548
-2488
-3550
-906
-1194
-860
1066
267
1271
933
1010
2877
983
-95
875
-1111
-2815
-2685
-3011
-3199
-4403
-4246
-3219
-4958
-3756
-1249
-1389
-51
1254
2578
4161
4894
5972
6456
6252
4828
3383
2806
1677
-368
-1283
-1220
-2570
-3345
-3198
-3176
-3175
-2470
-1411
-33
1026
701
2543
3249
2108
3425
2769
1389
1479
563
245
-957
-2014
-1864
-3429
-3695
-3044
-4358
-4211
-3886
-4920
-2768
-2790
-2065
1097
-69
1609
2781
2481
2370
3161
3152
736
2932
548
-73
783
-1767
-96
-1877
-1464
-422
-2013
-402
119
-16
1234
2398
3195
4433
4427
4668
5193
4056
3181
2542
1610
41
-1311
-1714
-2474
-3118
-2859
-2426
-2435
-2096
-1273
-950
-116
319
345
434
-213
-279
-1348
-2495
-2867
-3545
-3709
-4084
-3376
-1911
-1483
-913
406
613
430
1597
1750
1394
1792
1559
1552
1968
1988
2291
2261
1513
1310
1168
506
-181
-593
-826
-1555
-2041
-1334
-725
-621
326
1635
2004
2203
2848
2870
2364
2168
1601
591
15
-726
-1817
-1843
-1636
-2530
-2878
-2359
-2652
-2861
-1900
-1403
-1760
-1559
-767
-569
-36
1109
1363
1950
2187
1325
1843
2317
33
-289
531
-2407
-2524
-1130
-2662
-2790
-908
-713
-639
2595
2699
2969
4968
3667
4103
3667
2134
2270
1092
267
643
275
-174
-330
-946
-484
-424
-1040
204
128
-1493
-780
-389
-1576
-983
-381
-1049
-1178
-1138
-1348
-2433
-3231
-2730
-3214
-3094
-1766
-1526
-1105
-342
552
1793
2302
2672
3240
2333
1554
1842
504
-14
-85
-1734
-1340
-1143
-1349
39
-288
-59
873
189
682
1612
1135
545
636
667
645
1034
1964
2344
1253
1461
1891
406
299
528
-895
-1815
-2386
-2615
-2857
-3721
-2994
-2664
-3572
-2438
-1394
-1394
-615
27
438
355
501
1618
1398
1229
2202
1611
1107
1352
792
781
571
-457
-766
-1056
-1627
-1023
-304
-176
256
1015
1737
2336
3735
4153
3870
4071
3421
3315
3347
3127
2035
481
-165
-1963
-3068
-2654
-3108
-3743
-3657
-3108
-2597
-2095
-1084
-165
-399
-477
181
-51
-393
-118
-578
-1116
-1069
-1209
-965
-514
-695
-341
349
198
479
1044
947
868
522
168
101
-235
-336
-46
231
96
137
757
596
281
614
493
99
28
122
-22
-10
347
549
1091
1175
903
1361
892
364
297
-344
-328
-1014
-1405
-543
-1157
-1046
-367
-976
-864
-1002
-1056
-558
-1134
-1632
-1690
-1933
-2274
-2163
-1512
-1018
-671
-199
636
1144
1260
1824
2407
2319
1622
1155
945
217
-396
-56
416
447
802
1432
1776
1727
1789
2427
2081
1121
1227
1019
222
298
644
79
145
576
4
115
311
-221
-271
-159
-608
-905
-520
-657
-1006
-1065
-1614
-1836
-1809
-2129
-1990
-1681
-1932
-1947
-1247
-1330
-1195
376
534
493
1634
1395
1160
1516
1505
1178
129
-47
147
-674
-819
-235
-515
-1122
-921
-699
-1015
-983
-557
-524
-588
-330
161
852
1287
1640
1972
1760
1592
1600
1282
1045
779
340
289
225
44
192
147
-53
-150
-618
-865
-857
-1550
-1886
-1882
-2683
-2735
-2222
-2467
-2011
-1062
-955
-477
358
896
1416
1418
1683
1612
559
259
359
36
-160
272
625
623
750
862
1461
1357
583
1342
1336
193
823
1321
1047
1450
1536
1996
2189
1208
1445
1199
-297
-376
-735
-1485
-1364
-1703
-1841
-1142
-1010
-1072
-125
82
-730
-683
-936
-1675
-1650
-1366
-1280
-1079
-355
27
584
1524
1651
1686
1437
881
156
-619
-1158
-2012
-2253
-2236
-2287
-1431
-457
-243
111
921
992
686
847
1031
551
-13
611
1101
453
760
1516
888
602
978
654
202
-164
-313
-200
-451
-212
602
665
525
725
640
225
-528
-1122
-1341
-2232
-2754
-1959
-1858
-1933
-815
-383
-335
589
864
741
1063
805
536
539
-5
-70
170
-332
-299
181
99
14
-181
33
319
-448
-126
885
556
987
2080
2388
2918
2843
2610
2905
1787
824
631
-238
-1182
-2052
-1937
-1509
-1925
-1631
-616
-458
-1074
-732
-302
-959
-1018
-1017
-1111
-999
-1491
-755
187
-228
296
1168
1069
1090
1318
1176
689
134
-291
-575
-947
-1308
-1247
-1275
-1284
-822
-687
-459
-54
-78
273
692
728
777
1042
1585
1548
1462
2002
1749
954
653
444
-28
-623
-845
-887
-1164
-1254
-728
65
264
325
926
1080
659
506
92
-825
-1567
-2192
-2580
-2806
-2710
-2133
-1909
-1039
222
629
1492
2068
1654
1434
1035
472
16
-439
-640
-659
-716
-533
-83
-301
-270
332
-85
-299
244
246
311
847
1525
2261
2527
2794
3186
2720
2005
1476
616
-603
-1461
-1731
-2274
-2590
-2301
-2071
-1713
-1145
-775
-322
99
-8
50
457
561
443
802
807
783
1022
598
927
604
-130
-322
-995
-1225
-1984
-1942
-1446
-2005
-1563
-658
-542
-391
558
1066
1112
1304
1609
1955
1416
1136
1588
1247
543
557
559
-61
-564
-520
-385
-760
-970
-346
-81
-330
147
764
555
507
984
810
446
472
340
98
-233
-447
-703
-1101
-1422
-1779
-1772
-1732
-1996
-1529
-896
-894
-155
409
450
1093
954
893
1139
416
237
299
-281
-321
-223
-469
-356
-433
-371
-85
-244
6
335
316
507
802
1010
1063
1075
1284
1314
905
850
946
498
-27
-58
-52
-790
-1124
-637
-945
-1284
-634
-354
-391
19
317
529
681
497
618
839
390
184
458
157
-310
-357
-434
-948
-1475
-1271
-1573
-2102
-1388
-1457
-1347
-273
-319
296
1137
1049
1515
1855
1538
1509
1659
1112
721
668
33
-262
-390
-819
-614
-502
-777
-295
158
-62
226
688
544
514
823
1093
1038
1011
1153
1092
748
255
-19
-645
-1434
-1766
-2047
-2166
-2130
-1748
-1075
-752
-358
461
567
172
481
191
-640
-596
-784
-1236
-1084
-917
-575
-213
191
852
882
1157
1287
864
909
433
19
-91
-346
-328
-326
9
256
392
852
1051
1012
894
804
638
264
190
235
142
230
226
288
451
79
-145
15
-400
-791
-664
-595
-650
-553
-38
372
290
444
907
587
140
336
-20
-481
-565
-811
-959
-855
-886
-900
-523
-355
-348
-13
338
15
182
573
-40
284
378
-145
234
173
-39
18
102
35
-169
-5
80
53
90
432
820
687
970
1374
1169
974
809
597
79
-537
-684
-911
-1305
-1327
-1073
-860
-684
-458
-72
212
62
96
233
-62
-304
-390
-486
-622
-739
-773
-627
-563
-612
-295
-244
-147
89
55
385
405
319
639
518
376
613
476
233
434
348
45
176
272
50
84
355
389
410
623
792
800
752
748
672
370
86
44
-221
-620
-524
-449
-755
-641
-274
-399
-422
-107
-16
-122
-18
189
202
139
197
351
66
-75
27
-345
-420
-458
-603
-519
-525
-444
-306
-195
-71
85
78
163
308
75
45
168
-123
-297
-115
-262
-377
-168
-67
85
214
407
683
725
714
829
829
514
351
413
76
-256
-20
-144
-489
-219
-219
-466
-329
-334
-370
-279
-360
-248
-105
-354
-278
-60
-402
-437
-222
-390
-415
-355
-248
-168
-295
-33
116
-110
175
348
134
346
449
282
369
311
256
279
62
137
256
63
183
410
421
422
485
682
648
348
443
522
2
-203
-8
-350
-642
-486
-450
-481
-440
-216
28
100
266
486
598
592
536
454
339
168
-165
-316
-329
-656
-814
-686
-730
-771
-673
-424
-254
-275
-64
185
141
72
142
191
17
-117
-8
39
-142
-188
140
39
-225
174
172
-107
173
210
30
160
169
133
213
146
245
316
181
269
310
157
111
115
8
-98
-154
-183
-181
-290
-304
-192
-318
-414
-317
-407
-540
-520
-493
-485
-450
-247
-34
47
283
490
504
588
596
509
466
298
217
215
26
14
159
77
35
238
303
190
294
407
303
262
294
257
158
71
47
3
-128
-182
-128
-251
-327
-177
-288
-340
-110
-151
-106
140
173
231
316
318
235
98
19
-172
-362
-430
-554
-623
-582
-547
-472
-380
-265
-126
-115
-50
133
53
25
225
147
73
214
167
78
104
36
-3
-57
-152
-76
-79
-144
-12
111
95
189
357
377
393
429
496
424
246
335
212
-49
8
-107
-255
-215
-307
-281
-265
-371
-263
-304
-404
-336
-385
-392
-388
-362
-244
-258
-172
25
-5
55
237
191
180
289
278
228
242
306
295
228
299
352
249
221
297
263
146
184
282
193
171
283
280
240
223
231
226
67
-25
-10
-164
-316
-324
-313
-351
-381
-212
-126
-158
12
47
4
59
-50
-132
-156
-297
-380
-378
-408
-423
-371
-299
-254
-215
-123
-75
-76
17
32
23
129
114
90
168
145
66
58
50
-32
-89
-38
-30
-30
100
177
250
399
409
443
533
388
352
361
121
156
104
-79
67
-24
-84
2
-83
-114
-169
-256
-315
-375
-468
-479
-397
-395
-336
-178
-38
-19
26
166
113
7
26
-42
-109
-165
-200
-89
-97
-91
110
156
166
269
292
312
289
280
345
296
290
354
307
302
295
219
192
101
11
-8
-120
-155
-111
-153
-116
-34
-30
3
30
8
9
-25
-84
-77
-108
-158
-141
-161
-161
-171
-228
-206
-258
-366
-356
-384
-446
-415
-362
-270
-174
-88
95
197
229
324
318
281
226
104
77
-20
-153
-93
-94
-144
-12
95
125
232
331
359
373
385
382
327
282
277
208
156
136
83
27
-30
-84
-153
-213
-314
-347
-344
-454
-404
-315
-334
-252
-116
-57
-11
103
132
129
155
111
75
29
-52
-97
-130
-186
-195
-190
-186
-127
-74
-4
113
188
252
380
455
462
526
552
473
393
329
207
62
-69
-145
-200
-292
-288
-214
-197
-171
-54
22
18
85
118
108
102
52
65
15
-63
-62
-130
-181
-234
-302
-324
-401
-439
-431
-453
-422
-351
-282
-182
-65
47
166
233
294
368
327
287
294
170
63
44
-63
-141
-125
-132
-99
-52
-4
124
188
206
347
416
370
424
474
384
313
286
217
70
-46
-76
-198
-341
-349
-371
-450
-426
-389
-355
-289
-280
-156
-79
-84
11
85
63
51
133
29
13
48
-94
-40
-80
-140
-82
-126
-79
-31
-41
56
135
126
205
304
313
327
379
411
375
316
311
262
115
48
9
-112
-181
-212
-221
-223
-240
-172
-111
-110
-44
27
42
59
77
93
58
11
7
-67
-142
-166
-249
-317
-339
-364
-372
-365
-294
-197
-164
-62
115
146
166
321
340
247
279
269
151
77
29
-15
-89
-144
-91
-84
-116
-29
56
57
109
195
226
229
272
307
278
254
260
226
142
82
52
-54
-162
-191
-258
-361
-370
-350
-384
-369
-294
-253
-216
-159
-99
-42
-31
11
60
25
47
71
3
15
27
-41
-15
-1
-38
21
30
47
125
118
178
247
224
278
321
283
280
287
236
172
142
95
10
-26
-58
-113
-124
-147
-158
-132
-163
-141
-96
-135
-107
-57
-100
-85
-48
-81
-77
-69
-91
-86
-112
-127
-108
-157
-162
-121
-150
-129
-60
-38
18
94
147
212
243
269
294
259
214
187
119
27
-25
-61
-142
-170
-127
-150
-123
-24
3
70
153
178
240
254
229
242
188
108
62
-20
-101
-178
-230
-264
-318
-312
-289
-291
-239
-191
-148
-91
-55
-14
23
29
33
42
30
-1
-7
-15
-48
-48
-41
-56
-29
-15
5
52
66
119
151
176
225
228
248
259
247
222
218
192
129
123
84
32
3
-35
-52
-100
-137
-127
-162
-198
-174
-179
-181
-157
-131
-88
-75
-45
7
-2
1
25
-6
-35
-51
-92
-122
-148
-161
-149
-136
-103
-45
9
64
128
184
214
242
255
232
209
175
115
71
31
-21
-46
-64
-79
-80
-76
-56
-37
-30
2
33
38
53
81
83
65
67
67
26
-6
-11
-51
-104
-117
-134
-175
-187
-169
-164
-160
-127
-80
-55
-32
17
53
53
67
100
81
57
67
51
11
-1
-5
-23
-42
-36
-17
-19
-7
36
57
72
108
140
159
172
180
203
187
148
162
124
40
39
-7
-92
-105
-149
-193
-198
-234
-215
-197
-213
-147
-109
-106
-36
-5
10
42
49
58
47
25
19
-11
-45
-55
-75
-92
-80
-67
-50
-15
31
70
110
151
200
219
229
257
236
199
179
128
64
14
-39
-76
-115
-144
-123
-129
-130
-76
-50
-39
-2
27
33
22
23
15
-32
-65
-73
-116
-147
-143
-149
-148
-131
-104
-66
-51
-20
27
32
39
61
51
48
46
34
40
32
28
40
36
36
47
45
37
36
32
19
9
14
13
11
35
49
61
86
102
114
115
111
105
76
45
18
-27
-69
-105
-140
-155
-194
-189
-166
-192
-147
-110
-102
-55
-13
6
36
62
60
80
64
40
44
1
-27
-32
-60
-70
-65
-55
-33
-12
26
71
93
131
173
180
192
208
191
167
150
113
69
35
-6
-40
-67
-91
-97
-105
-110
-89
-80
-71
-45
-30
-27
-17
-15
-21
-36
-48
-55
-78
-95
-93
-101
-115
-97
-88
-82
-58
-36
-13
6
28
53
61
68
80
81
69
67
61
48
36
30
29
20
22
26
29
37
37
48
54
42
47
48
30
29
29
16
17
12
10
13
-1
2
-1
-23
-30
-44
-72
-85
-105
-119
-120
-126
-114
-91
-82
-50
-14
-10
25
42
30
50
35
20
14
-6
-18
-25
-26
-30
-21
-9
-1
19
31
43
58
72
81
91
102
105
107
107
101
89
77
58
36
16
-4
-21
-29
-34
-34
-27
-15
-7
-1
4
-1
-12
-26
-46
-67
-86
-100
-111
-112
-104
-95
-82
-64
-45
-34
-26
-15
-14
-17
-17
-13
-12
-7
6
19
29
42
57
62
63
65
64
58
56
57
55
56
64
69
70
72
72
65
51
41
24
5
-9
-20
-33
-43
-46
-48
-54
-56
-58
-62
-69
-70
-72
-75
-70
-60
-51
-40
-27
-17
-11
-8
-8
-10
-14
-17
-17
-16
-13
-5
6
15
26
38
47
50
52
53
48
42
38
35
32
33
36
41
46
50
53
53
49
41
32
22
12
4
0
-2
-3
-2
-3
-6
-11
-20
-31
-43
-55
-65
-73
-77
-79
-77
-74
-68
-62
-55
-48
-42
-35
-32
-25
-18
-10
-1
8
17
25
32
34
35
35
33
32
31
34
38
45
55
64
73
81
83
79
71
58
40
22
8
-4
-17
-21
-22
-25
-25
-23
-24
-28
-32
-37
-46
-53
-59
-61
-61
-56
-50
-43
-35
-30
-25
-21
-18
-16
-14
-12
-9
-5
0
6
12
19
25
30
33
33
34
35
36
38
41
44
47
48
47
44
39
31
22
13
4
-2
-6
-7
-7
-3
1
6
9
8
6
0
-10
-21
-33
-44
-51
-56
-57
-54
-50
-43
-36
-29
-24
-20
-17
-17
-16
-15
-16
-14
-11
-7
-3
3
9
14
19
23
27
27
29
30
29
30
30
30
30
28
27
25
24
23
22
21
22
21
21
23
22
21
18
15
8
0
-8
-18
-26
-33
-38
-42
-44
-44
-43
-42
-39
-37
-34
-33
-31
-28
-26
-22
-15
-8
-1
7
13
18
21
22
20
17
11
7
3
-2
-4
-2
2
10
19
30
38
47
52
51
47
41
32
21
14
5
-1
-4
-7
-8
-10
-10
-13
-14
-16
-17
-18
-19
-19
-19
-18
-17
-18
-18
-21
-22
-25
-29
-32
-34
-35
-34
-31
-25
-19
-11
-4
2
7
11
13
14
14
14
14
14
16
18
21
24
27
29
30
28
28
24
22
19
17
18
19
22
25
28
30
32
29
26
21
15
7
-3
-11
-21
-30
-37
-41
-43
-44
-44
-41
-39
-35
-30
-28
-23
-18
-15
-12
-9
-8
-8
-8
-9
-9
-10
-9
-9
-7
-5
-4
0
1
5
9
15
21
25
28
31
35
36
37
36
35
31
26
19
12
4
0
-5
-7
-9
-11
-10
-9
-9
-8
-7
-6
-5
-5
-6
-7
-10
-13
-17
-21
-26
-29
-32
-33
-33
-32
-28
-23
-16
-9
0
6
10
15
17
18
17
16
15
14
13
12
13
14
17
21
25
28
29
29
27
24
20
18
16
14
13
11
9
6
3
0
-4
-8
-12
-16
-18
-22
-24
-24
-24
-23
-22
-21
-19
-19
-17
-16
-13
-10
-8
-5
-3
-2
1
1
0
-1
-2
-3
-3
-3
-2
2
4
7
11
15
17
19
20
19
18
15
14
12
10
9
7
6
4
3
1
0
-3
-4
-6
-6
-8
-9
-9
-10
-9
-9
-10
-12
-14
-16
-18
-19
-19
-17
-16
-12
-9
-6
-3
-1
1
2
3
0
1
2
1
4
6
9
11
14
16
17
16
17
16
15
12
12
11
11
12
13
13
14
13
14
12
10
6
2
-3
-9
-12
-16
-18
-19
-18
-17
-15
-13
-12
-11
-9
-8
-8
-8
-8
-8
-10
-11
-12
-12
-11
-10
-7
-5
-2
0
2
4
6
8
9
12
13
15
15
14
15
11
11
8
6
4
2
1
2
2
3
4
5
5
6
5
4
1
0
-2
-4
-6
-5
-7
-6
-6
-5
-5
-6
-6
-8
-9
-11
-12
-12
-11
-10
-7
-4
-2
0
1
4
4
3
2
2
1
1
1
2
3
3
7
7
9
10
10
10
9
8
8
6
5
4
5
5
4
3
2
1
-1
-2
-5
-8
-9
-9
-10
-9
-9
-9
-10
-10
-9
-9
-9
-7
-7
-5
-4
-3
-2
-1
1
2
3
2
2
1
-1
-1
-2
-2
-2
-2
0
0
3
5
7
10
12
13
13
12
10
9
6
4
3
2
1
1
0
2
2
2
3
3
1
2
1
0
0
0
-1
-1
-1
-1
-2
-3
-4
-3
-5
-5
-7
-8
-8
-8
-8
-6
-7
-5
-4
-3
-3
0
-1
0
0
2
0
2
2
2
2
2
2
2
2
3
3
3
2
3
3
3
3
3
3
3
3
2
1
1
-3
-3
-4
-7
-6
-9
-10
-10
-10
-9
-8
-7
-6
-4
-3
-2
-1
-1
0
0
2
2
3
4
4
4
5
4
4
4
4
3
5
6
6
7
8
9
9
10
10
10
10
7
6
3
2
0
-1
-3
-4
-5
-6
-6
-6
-6
-6
-5
-5
-5
-2
-3
-3
-2
-3
-4
-4
-5
-5
-5
-5
-6
-6
-5
-5
-4
-4
-1
-1
3
3
6
5
6
7
6
6
6
5
4
3
3
1
0
1
0
0
0
0
1
2
4
4
4
4
3
3
2
1
1
1
0
-2
-3
-4
-5
-6
-9
-9
-9
-9
-8
-8
-7
-6
-5
-4
-4
-2
-2
-1
1
0
0
0
0
1
-1
1
1
2
3
3
6
6
7
6
7
7
7
6
6
4
4
3
4
2
1
2
0
0
-1
-1
-1
-1
-1
0
-1
0
0
0
1
0
2
0
0
0
-1
-3
-2
-3
-2
-2
-3
-3
-2
-3
-2
-1
-1
-1
-2
0
0
1
0
1
0
0
1
0
0
1
0
0
0
0
0
0
0
0
0
1
1
0
2
1
1
0
0
-1
-1
-2
-3
-3
-4
-5
-4
-5
-4
-4
-3
-3
-2
-2
-1
0
0
1
1
2
2
3
3
4
4
4
4
2
4
3
1
2
2
2
3
3
3
3
3
3
4
4
4
4
2
2
1
0
-1
-1
-2
-3
-3
-5
-4
-4
-4
-3
-4
-3
-3
-2
-2
-2
-3
-3
-4
-3
-2
-3
-3
-3
-3
-1
-1
0
0
0
0
1
3
3
4
4
4
4
5
4
3
3
3
3
1
1
0
0
0
0
0
0
1
1
1
0
0
-1
0
0
0
-1
-1
-1
-1
-1
-1
-2
-2
-2
-2
-1
-1
-1
0
0
0
1
1
1
2
2
2
2
3
3
2
1
0
1
1
0
0
0
0
1
-1
-1
0
0
0
0
0
1
0
-1
0
0
0
0
0
0
0
-1
-2
-1
-1
-1
-1
0
-1
-1
-1
-1
-1
-2
0
0
-1
-1
-1
-1
0
-1
0
0
0
0
0
0
0
0
1
1
1
3
2
2
2
2
2
2
3
1
1
1
0
0
0
0
0
0
0
1
0
-1
0
0
0
0
-1
0
0
0
0
0
0
-1
0
0
-1
0
0
0
-1
1
0
0
0
0
0
0
0
0
0
0
0
0
0
-1
0
-1
0
0
0
0
0
0
0
1
1
2
1
1
1
1
1
1
1
1
1
0
0
1
0
0
0
-1
-1
-1
-1
-1
-1
-2
-1
-1
0
-1
-1
-1
-1
-1
-1
-1
1
0
0
0
0
0
0
-1
0
1
0
0
0
0
0
0
0
0
-1
0
0
0
0
0
0
0
0
1
0
-1
0
1
0
0
-1
0
0
0
0
-1
0
0
0
0
1
0
0
0
0
0
0
