SAMPLES:	16149
BITSPERSAMPLE:	16
CHANNELS:	1
SAMPLERATE:	16000
NORMALIZED:	FALSE
-1
-1
0
-1
0
0
0
0
1
1
0
0
0
0
0
-1
0
0
0
0
0
0
1
0
0
1
0
0
0
1
0
0
1
0
1
1
0
1
1
1
1
1
1
1
1
1
2
1
2
1
-1
0
0
0
0
0
0
0
0
0
0
0
1
0
0
1
0
0
0
1
0
0
0
-1
0
0
-1
-1
-2
-1
-3
-1
-1
-1
1
-1
0
1
-2
0
0
-1
2
-3
4
-3
2
-1
0
0
-1
0
1
0
0
0
0
0
0
-1
-1
-1
1
0
0
0
0
-1
0
-1
-1
0
0
0
0
1
0
0
0
0
0
0
0
0
1
1
0
1
-1
0
0
0
0
0
0
0
0
0
0
1
1
1
1
1
1
1
0
0
0
0
0
0
0
0
0
0
0
-1
1
-1
0
-1
-1
1
0
0
0
0
0
1
-1
0
0
0
0
0
1
0
0
-1
0
0
0
0
1
0
0
1
-1
0
-1
0
0
0
1
-1
0
1
-1
1
0
-2
3
-3
3
-2
2
-1
0
0
1
0
-1
-1
0
0
0
-1
0
0
0
0
0
-1
0
0
0
0
-1
0
0
0
0
0
0
0
0
0
0
0
0
0
0
-1
0
0
0
0
0
0
0
0
0
1
0
-1
0
0
0
0
0
0
0
0
0
0
0
0
0
0
0
0
0
0
0
-1
0
0
0
0
0
0
0
0
0
0
0
0
0
1
0
0
0
0
0
0
0
1
0
0
0
1
1
0
0
0
-1
1
1
1
-1
0
0
-1
1
-1
1
1
-1
1
1
-1
3
-3
3
-3
1
-1
0
0
0
0
0
0
0
0
0
-1
-1
-1
0
-1
0
-1
-2
-1
-1
-1
-1
-2
-2
-2
-2
-1
0
0
1
0
0
0
0
0
0
2
0
1
2
0
1
1
1
1
1
1
1
0
1
1
1
0
1
0
1
0
0
0
0
-1
0
0
0
0
0
0
-1
0
0
0
0
0
0
0
0
-1
-2
-1
-1
-1
-1
-1
0
-1
-1
-1
-1
-1
-1
0
0
0
0
0
0
0
0
0
2
1
2
1
1
2
0
3
3
3
3
1
1
2
1
0
-1
0
-1
0
-1
-1
-2
-1
-2
-2
-2
-1
-2
-2
-2
-2
-2
-2
-1
-2
-1
-1
-1
-1
-1
0
0
1
1
1
2
3
4
3
5
6
7
7
7
8
8
8
10
8
7
6
5
4
3
2
1
-1
-3
-6
-6
-8
-9
-11
-12
-12
-13
-14
-16
-18
-18
-18
-17
-15
-13
-10
-9
-6
-3
-2
-2
1
1
4
4
6
7
7
8
9
12
11
11
11
8
8
8
7
7
6
6
4
6
6
5
3
0
-2
-4
-5
-5
-5
-6
-7
-7
-8
-8
-8
-9
-8
-7
-7
-5
-4
-4
-3
-4
-5
-7
-9
-11
-13
-13
-11
-10
-6
-2
6
12
19
24
28
33
35
35
35
30
28
24
19
13
10
4
-1
-6
-9
-15
-17
-20
-22
-23
-24
-24
-24
-24
-25
-27
-30
-34
-37
-43
-48
-52
-55
-55
-54
-50
-44
-37
-34
-35
-26
-25
-29
-16
-5
-1
7
30
43
48
87
110
124
185
215
232
306
358
357
420
520
459
427
560
390
229
413
143
-84
149
-178
-395
-183
-536
-741
-578
-904
-1086
-988
-1228
-1422
-1377
-1372
-1551
-1433
-1164
-1348
-1103
-771
-884
-505
-273
-237
195
239
468
877
712
1166
1535
1232
1945
2298
1858
2750
3099
2495
3449
3682
2873
3593
3478
2626
3058
2585
1829
1942
1059
406
276
-874
-1321
-1623
-2840
-2948
-3273
-4291
-4082
-4274
-4903
-4555
-4421
-4547
-4279
-3707
-3421
-3358
-2401
-1941
-2066
-987
-564
-755
217
471
247
978
918
770
1270
906
961
1221
730
1089
1247
897
1485
1648
1515
2239
2444
2554
3457
3456
3793
4842
4119
4780
5868
4075
5097
5877
3202
4363
4517
1679
2586
2022
-361
-47
-1045
-2586
-2887
-3810
-4492
-5320
-5685
-5730
-6732
-6252
-6072
-6808
-5590
-5520
-5613
-4046
-4314
-3668
-2211
-2842
-1638
-575
-1407
-60
608
-272
881
1278
420
1367
1473
869
1605
1428
1389
1817
1493
2104
2225
1821
3085
2865
2523
4281
3564
3518
5184
4159
4301
5518
4556
4375
5416
4444
3579
4715
3522
2072
3235
1903
153
1033
-198
-1969
-1548
-2574
-4029
-3912
-4800
-5626
-5629
-6355
-6496
-6508
-6884
-6561
-6454
-6407
-5796
-5420
-5093
-4315
-3590
-3293
-2478
-1281
-1279
-619
795
504
959
2249
1849
2054
2971
2520
2597
3142
2627
2849
3066
2588
3083
2922
2752
3446
2966
3286
3970
3384
3952
4558
4073
4366
4977
4703
4317
4905
4897
3617
4157
4252
2183
2630
2528
209
342
-58
-2087
-2391
-3116
-4528
-5024
-6121
-6602
-7045
-8209
-7748
-8087
-8774
-7730
-7889
-7776
-6564
-6475
-5622
-4558
-4195
-2951
-2230
-1580
-325
-140
911
1530
1434
2906
2207
2779
3816
2327
3771
3726
2582
3978
3692
2711
3988
3993
2765
4482
4292
3418
5027
4740
4459
5411
5369
5193
5617
5489
5394
5213
4871
4948
3952
3597
3586
2032
1614
1304
-388
-965
-1656
-3092
-3839
-4838
-5663
-6584
-7545
-7702
-8623
-9228
-8845
-9462
-9641
-8765
-8985
-8724
-7462
-7299
-6544
-5284
-4739
-3593
-2694
-1819
-538
-30
869
1928
2269
2812
3516
3832
3992
4361
4613
4649
4612
4883
4953
4640
5050
5157
4818
5289
5558
5171
5712
6155
5585
6082
6587
5963
5950
6605
5951
5046
5810
5147
3398
3951
3380
1023
1129
544
-1940
-2227
-3093
-5110
-5694
-6819
-7936
-8741
-9610
-9826
-10772
-10818
-10460
-11247
-10408
-9488
-10027
-8568
-7136
-7526
-5513
-4314
-4032
-2028
-1539
-274
893
1058
2452
3097
3093
3891
4535
4173
4677
5069
4742
5158
5109
5219
5551
5375
5755
6044
5969
6492
6630
6614
7268
7187
7132
7592
7297
7276
7012
6475
6662
5457
4621
4938
3107
1940
1962
147
-1324
-2020
-3319
-4768
-6223
-6960
-7878
-9600
-10063
-10285
-11539
-11818
-11562
-11861
-11805
-11216
-10580
-10168
-9224
-8000
-7378
-6159
-4561
-3864
-2759
-1100
-434
375
1943
2477
2839
4100
4338
4388
5381
5368
5358
5927
5872
5984
6106
6258
6485
6314
6704
7021
6735
7266
7614
7157
7636
8043
7367
7479
7985
7039
6555
7158
5894
4652
5110
3812
2013
2060
670
-1511
-1848
-3334
-5488
-5980
-7526
-9327
-9791
-11001
-12076
-12514
-12999
-12945
-13454
-13338
-11797
-12157
-11921
-9210
-9064
-8749
-5876
-5156
-4475
-2316
-1283
-230
1047
2018
3149
3673
4436
5278
5241
5944
6272
5957
6678
6679
6347
6843
6986
6911
6966
7299
7757
7576
7720
8591
8473
8278
9035
8730
8489
9016
7848
7663
8135
5951
5637
5938
3140
2394
2313
-396
-1681
-2360
-4739
-6176
-7127
-9224
-10585
-11318
-12823
-13830
-14109
-14814
-15185
-14947
-14725
-14190
-13616
-12747
-11179
-10216
-9310
-7149
-5663
-4967
-2937
-1198
-521
951
2406
3070
4115
5012
5354
6241
6741
6585
7318
7707
7368
7835
8263
8169
8257
8685
9243
9044
9127
10003
9812
9629
10225
10359
9865
9387
9745
9054
7649
8016
6929
4896
4976
3408
1273
715
-1262
-2864
-4272
-6614
-7658
-9149
-11662
-12465
-12880
-15151
-16045
-15523
-16527
-16947
-16135
-15631
-15169
-14308
-13124
-11371
-10058
-9039
-6825
-5019
-3865
-2369
-546
1015
1589
2846
4579
4899
5444
6699
7149
7437
7823
8414
8817
8468
9255
9808
9234
10036
10446
10031
10874
11117
10839
11544
11497
11324
11641
10956
10941
10651
9056
9436
8527
5682
5969
4980
1531
951
113
-2852
-4733
-6067
-7709
-9811
-11993
-12660
-13860
-16328
-16812
-16566
-17889
-18602
-17511
-16948
-17363
-16086
-14263
-13735
-12315
-10247
-8844
-7302
-5642
-3889
-1946
-578
665
2641
3764
4238
5930
6839
7197
8245
8441
8911
9545
9142
9822
10526
9712
10535
11030
10129
11233
11681
11225
11706
12114
12150
11419
11796
12417
10315
10258
11363
7986
7402
7893
4679
3865
2546
428
-746
-3456
-5259
-6033
-8599
-11262
-11515
-13077
-15875
-16595
-16864
-17851
-18984
-18585
-17411
-18016
-18162
-15739
-14458
-14824
-12698
-9849
-9469
-8455
-5343
-3389
-2634
-686
1673
2779
3465
5088
6733
7336
7727
8563
9309
9471
9447
10186
10997
10615
10397
11277
11546
11120
11628
12570
12448
11943
12469
12888
12153
12021
12440
11489
10525
10381
9185
7817
7350
5863
3820
2728
1121
-1334
-3001
-4327
-6567
-8971
-10424
-11897
-14281
-15834
-16271
-17606
-18740
-18585
-18846
-18754
-18012
-17945
-16569
-14857
-14879
-13141
-10234
-9554
-8283
-5054
-3265
-2616
-687
1675
2749
3308
5243
6826
6775
7531
8726
9000
9209
9572
10090
10393
9987
10196
10751
10646
10775
11013
11366
11565
11136
11577
12356
11729
11530
12318
11555
10529
10598
9656
8367
7549
6082
4632
3228
1165
-455
-2072
-4389
-6237
-8113
-10224
-11758
-13618
-15343
-16156
-17636
-18765
-18472
-18993
-19269
-18182
-17934
-17597
-15830
-14828
-14118
-11731
-9863
-8784
-6590
-4313
-2796
-1363
670
2575
3316
4495
6390
6791
7099
8406
8658
8865
9510
9522
9751
10139
10105
10111
10611
10937
10688
11052
11558
11332
11622
12013
12028
12140
11640
11550
11677
10493
9959
9733
8111
6873
5899
4220
2767
1196
-735
-2588
-4298
-6356
-8701
-9836
-11450
-14273
-15020
-15835
-18311
-18537
-18027
-19276
-19401
-18109
-17948
-17784
-15976
-14520
-13744
-11910
-9748
-8485
-6801
-4221
-2530
-1245
806
2617
3340
4731
6367
7006
7931
8548
9051
9508
9702
9937
10350
10547
10073
10641
10789
10681
11013
11168
11782
11458
11682
12142
11834
11957
11780
11461
11198
10458
9493
9001
8065
6482
5411
4108
2245
543
-1270
-3060
-4663
-7169
-9113
-10080
-12709
-14911
-15259
-16988
-18914
-18631
-18630
-19783
-19485
-18123
-18156
-17723
-15490
-14503
-13738
-11137
-9390
-8068
-5492
-3529
-2013
7
1666
3079
4494
5827
6870
7473
8372
9013
8924
9737
10328
9807
10372
10794
10157
10489
10957
10800
10949
11184
11466
11435
11266
11959
12063
11491
11885
11788
11012
10536
9922
9400
7993
6428
6004
3996
1726
1092
-1082
-3509
-4818
-7220
-9040
-10757
-13222
-13970
-15524
-17745
-17954
-18512
-19420
-19540
-19124
-18100
-18118
-17783
-15014
-14329
-14117
-10503
-8841
-8145
-5273
-3178
-1732
105
1670
3796
5020
5135
7460
8340
7807
9278
9527
9665
9944
9411
10245
10382
9423
10180
10742
10090
10311
10606
10980
11121
10710
11861
12088
10796
11813
12128
10484
10771
10646
8920
8288
7277
5852
4737
2751
1246
-550
-3051
-4521
-6792
-8874
-10110
-12750
-14406
-15358
-17464
-18460
-18660
-19099
-19544
-19535
-18306
-17970
-18040
-15615
-13986
-13914
-11449
-9050
-8148
-5967
-3638
-1859
-234
970
2953
4602
5164
6422
7720
8112
8454
8855
9512
9846
9100
9659
10448
9017
9047
10363
9729
9316
10274
10665
10246
10247
11147
11422
10802
11209
11624
11117
10467
10223
10429
8765
7172
7834
5836
3039
3395
1454
-1827
-2262
-4130
-7295
-8499
-10028
-12784
-14240
-15008
-17256
-18389
-17995
-19181
-19799
-18615
-18425
-18541
-17204
-15379
-14404
-13606
-11030
-8483
-7986
-5944
-2585
-1669
-547
2182
3548
4223
5691
6774
7402
8196
8321
8744
9640
9129
8981
9950
9687
9278
9791
9977
9946
9881
10223
10821
10393
10574
11634
11098
10768
11722
11314
10460
10807
10417
9162
8716
8090
6459
5263
4158
2188
437
-1099
-3235
-5392
-7206
-9110
-11373
-13255
-14478
-16165
-17794
-18368
-18749
-19330
-19582
-18943
-18056
-18034
-17247
-15048
-14000
-13299
-10769
-8418
-7609
-5902
-2681
-1277
-703
2078
4102
4205
5352
7220
7769
7608
8307
9246
9067
8654
9162
9496
9226
8981
9283
9879
9605
9377
10390
10858
10022
10629
11854
11072
10894
11931
11678
10794
10573
10606
9689
8166
7750
6726
4556
3435
1532
-384
-1821
-4681
-6334
-7731
-10693
-12357
-13303
-15722
-17152
-17655
-19036
-19079
-19098
-19526
-18263
-17713
-17939
-15997
-13913
-13651
-11824
-8730
-7603
-6578
-3534
-1139
-678
1162
3923
4460
4822
6692
7740
7617
8085
8945
9024
8692
8933
9316
9237
8956
8894
9364
9724
9393
9754
10805
10453
10106
11317
11686
11292
11644
11932
12051
11106
10317
11203
9851
7678
8173
6733
3623
2827
1463
-1219
-3267
-5388
-7229
-9410
-11957
-13286
-14910
-16831
-18058
-19109
-19173
-19600
-20313
-18910
-18117
-18887
-17284
-14752
-14532
-13403
-10159
-8304
-7705
-5463
-2243
-1151
-317
2588
4059
4042
5636
6974
7291
7946
8095
8800
9317
8351
8937
9777
8950
9068
9709
9871
9935
9945
10848
11221
10606
11463
12434
11827
11853
12748
12291
11454
11520
11084
10067
8851
7985
6911
4613
3125
1844
-874
-3031
-4674
-7209
-9467
-11083
-13206
-15246
-16557
-18050
-19372
-19420
-19544
-20170
-19297
-18262
-18641
-17520
-15023
-14410
-13473
-10463
-8709
-7898
-5570
-2996
-1532
-333
1777
3665
4054
5122
6889
7240
7629
8309
8697
9230
9093
9194
9951
9766
9434
10117
10414
10261
10700
11168
11393
11406
11847
12383
12348
12778
12474
12205
12743
11306
10624
11149
9186
7668
7348
5359
3084
1699
-327
-2760
-4814
-7045
-9091
-11146
-13482
-15137
-16417
-18051
-19231
-19184
-19244
-20101
-19431
-18071
-18460
-17549
-15010
-14226
-13170
-10707
-8855
-7340
-5654
-3146
-1038
-240
1719
3821
4477
5407
6934
7572
7726
8068
8653
8984
8573
9044
9253
9194
9136
8916
10264
10105
9323
10939
11510
10177
11173
12608
11764
11725
12219
12875
11562
10361
12249
10608
7722
8641
7724
3844
2861
2579
-822
-3240
-4426
-6852
-9334
-11134
-12982
-14857
-16269
-17877
-19240
-19027
-19272
-20490
-19270
-18010
-19172
-17921
-14887
-14625
-13969
-10621
-8642
-8289
-6096
-3120
-1981
-970
1626
3333
3656
5074
6525
6970
7825
8205
8451
9411
9157
9051
10228
10066
9588
10324
10735
10647
10644
11317
12165
11692
11643
13034
12989
11987
12761
13349
11869
11129
11569
10277
8393
7993
6899
4466
2757
1236
-1111
-3290
-5325
-7544
-9392
-11628
-13988
-15179
-16559
-18586
-19351
-19011
-19778
-20568
-19208
-18335
-19078
-17472
-14821
-14758
-13387
-10463
-8995
-7968
-5739
-3054
-2014
-531
1550
3142
3779
5019
6693
6585
8019
7969
8278
9938
8471
9354
10440
9380
9689
10538
10950
10791
11152
12060
12242
11789
12412
13632
12993
12501
13910
13368
11551
12018
11819
9862
8548
7986
6504
3554
1959
1117
-2209
-4765
-5720
-8733
-11143
-12350
-14849
-16378
-17418
-19356
-19942
-19500
-20366
-20578
-18781
-18656
-19028
-16581
-14727
-14859
-12694
-9511
-9148
-7764
-4315
-3030
-2190
394
2283
2968
4126
5711
6492
6780
7788
8438
8719
9278
9208
9505
10244
9902
9872
11171
11241
10744
11838
12366
12078
12196
12919
13497
12576
12641
13672
12479
11426
11881
10933
9033
8111
7374
5211
2788
1755
-275
-3412
-4951
-6860
-9711
-11526
-13261
-15286
-16743
-17946
-19257
-19151
-19266
-20476
-18748
-18061
-19323
-16619
-15062
-15332
-12584
-10994
-9713
-7403
-6713
-3738
-1453
-1948
1410
3739
2652
4915
6985
6333
7121
8456
8673
8770
9204
9619
9823
10145
10220
10723
11636
11272
11470
12938
12613
11964
13492
13922
12657
13177
14114
12767
11800
12423
11126
9265
8928
7400
5241
3529
1907
10
-2837
-4665
-6217
-9114
-10997
-12375
-14729
-16558
-17520
-18836
-19632
-19544
-20207
-19961
-18748
-19111
-18500
-15839
-15139
-15029
-11865
-9569
-9628
-7348
-4092
-3288
-2401
267
2271
2566
3587
5938
6575
6294
7774
8809
8633
9172
9827
10279
10471
10360
10983
11901
11846
11672
12951
13442
12349
13211
14722
13384
12975
14831
13512
11871
12955
11929
9888
9336
8307
6149
3966
2665
725
-2346
-4106
-5879
-8630
-10644
-12667
-14222
-15978
-17957
-18441
-19267
-19888
-19964
-20058
-18777
-18774
-19254
-16422
-14943
-15744
-12892
-9770
-10003
-8449
-4802
-3375
-2872
-504
1915
2442
3138
5355
6552
6384
7449
8726
8852
9130
9766
10492
10940
10647
11211
12385
12166
12194
13381
13724
13239
13845
14627
14155
14148
14477
13839
13034
12571
11452
10201
9424
7627
5920
4165
1918
53
-2432
-4494
-6366
-9047
-10951
-12476
-14829
-16529
-17366
-19011
-19826
-19393
-20199
-20407
-18664
-18697
-19057
-16365
-15096
-15564
-12761
-9996
-10113
-8316
-5022
-4036
-3115
-668
1193
2100
3114
4739
5975
6210
7044
8251
8657
9140
9596
10202
11205
10934
10939
12604
12525
11682
13323
14085
12747
13311
14575
13638
13184
14041
13570
12165
12111
11670
9648
9057
8118
5373
4231
2779
-576
-2049
-3752
-7130
-8227
-10478
-13396
-13867
-16093
-18040
-18305
-19244
-19615
-20034
-19786
-18344
-18798
-18662
-15687
-14764
-15004
-12170
-9616
-9586
-8161
-4861
-3491
-3114
-803
1547
1935
2680
4907
6013
5868
6997
8403
8549
8935
9800
10460
11019
10882
11200
12576
12552
12189
13692
14314
13264
13665
14988
14429
13442
14294
14359
12539
11873
11849
10363
8541
7364
6193
3861
1213
-9
-1818
-4953
-6639
-8024
-10885
-13141
-14407
-15868
-17505
-18999
-19220
-19135
-20460
-20155
-18170
-18727
-18863
-15985
-14848
-15083
-12719
-9937
-9133
-8043
-5203
-3057
-2801
-1242
1603
2272
2430
4599
6083
5856
6564
8125
8657
8548
9309
10506
10711
10463
11246
12689
12562
12220
13840
14751
13695
13591
15782
15575
13144
15035
15860
12099
12239
13383
10055
8208
8403
6036
3108
1615
-176
-2727
-5458
-7274
-8991
-11808
-13774
-14965
-16623
-18282
-19449
-19454
-19567
-20779
-20071
-18108
-18920
-18959
-15538
-14557
-15517
-12359
-9020
-9546
-8277
-4298
-3184
-3336
-620
1918
1958
2797
5136
6262
6083
6923
8774
9132
8703
9933
11087
10796
10863
11934
13069
12872
12490
14271
15040
13410
14356
16301
14775
13908
15526
14898
12819
12693
12561
10664
8775
7754
6301
3665
1339
-65
-2243
-5045
-7022
-8798
-10928
-13003
-14732
-15849
-17214
-19003
-19230
-18871
-20186
-20113
-18043
-18586
-18949
-15777
-14807
-15438
-12366
-9828
-9892
-7947
-4990
-3870
-3090
-942
1129
1569
2435
4487
5468
5677
6720
7900
8564
8724
9247
10678
10861
10577
11815
13023
12495
12523
14371
14581
13876
14452
15730
15280
13959
15194
14932
12984
12755
12111
10618
8654
7172
6045
3240
799
-494
-3161
-5952
-7482
-9711
-12242
-13795
-15614
-17103
-18160
-19509
-19455
-19437
-20503
-19464
-18083
-18932
-17907
-15258
-15052
-14491
-11604
-9847
-9416
-7341
-4541
-3732
-2940
-332
1285
1561
3005
4799
5415
5763
6944
8151
8417
8776
9852
10617
10824
11023
11949
13202
12946
12775
14879
15209
13456
15139
16720
14543
14582
16230
14705
13040
13058
12544
10631
8493
7602
6026
2928
946
-595
-3140
-5732
-7881
-9619
-11863
-14332
-15513
-16682
-18612
-19549
-19246
-19677
-20737
-19476
-17985
-19137
-18025
-14851
-15128
-14756
-11097
-9610
-9477
-6890
-4214
-3794
-2828
-107
1273
1560
3046
4890
5371
5737
6896
8025
8641
8645
9803
10911
10555
10855
12189
13196
12673
13130
15101
14687
13869
15643
16256
14819
15181
15874
14571
13350
12983
12195
10414
8465
7264
5391
2456
599
-1122
-3993
-6398
-8426
-10598
-12706
-14906
-16146
-17134
-19243
-20000
-19249
-20183
-20928
-19052
-18309
-19376
-17646
-15047
-15300
-14292
-10922
-9666
-9134
-6586
-4360
-3453
-2084
-40
1458
2204
3376
4988
5831
6147
7083
8331
8770
8843
9915
11094
10822
10827
12611
13332
12223
13280
15421
14258
13414
15995
16286
13955
14901
16355
13992
12480
13550
12318
9292
8402
7770
4777
1982
948
-1086
-4457
-6499
-7860
-10381
-12931
-14438
-15536
-17178
-19003
-19197
-18763
-20098
-20551
-18357
-17987
-19249
-16870
-14130
-15202
-14024
-9856
-9310
-9334
-5765
-3474
-3575
-2089
640
1673
1612
3382
5450
5154
5423
7297
7902
7808
8579
9668
10277
10076
10490
12202
12563
11547
13123
15162
13174
13030
16474
15118
13053
16077
15746
12597
13448
13548
10920
9606
8968
7166
4404
2374
1098
-1586
-4337
-5754
-7888
-10457
-12226
-13975
-15450
-16690
-18360
-18796
-18469
-19979
-20312
-17910
-18162
-19431
-16270
-14181
-15887
-13819
-9597
-9889
-9489
-5332
-3775
-4216
-1922
744
1223
1651
3645
5144
4908
5621
7409
7795
7923
8771
9576
10227
10020
10393
12415
12416
11249
13269
14622
12732
13399
15985
14872
13435
15088
15316
13194
12676
13107
11625
9256
8225
7345
4743
2251
1099
-1011
-4022
-5960
-7549
-9778
-12084
-13753
-14868
-16499
-18366
-18848
-18607
-19635
-20299
-18531
-18085
-19463
-17199
-14478
-15421
-14023
-10344
-9647
-9072
-6248
-3932
-3183
-2169
271
1750
1882
3389
5144
5534
6045
7121
8104
8496
8825
9906
10652
10545
11014
12301
12665
12153
13317
14719
13620
13647
15729
15259
13979
15225
15550
13676
12990
13305
11854
9611
8654
7543
4953
2574
1117
-963
-3889
-6029
-7488
-9736
-12169
-13758
-15119
-16846
-18624
-19173
-18830
-19968
-20788
-18819
-18270
-19777
-17688
-14679
-15461
-14754
-11000
-9750
-9711
-7174
-4425
-3693
-2977
-566
1162
1234
2613
4639
5066
5411
6655
7826
8242
8398
9625
10664
10149
10521
12336
12648
11638
12978
14879
13395
12978
15597
15430
13462
14754
15627
13538
12850
12972
11719
9875
8276
7283
5277
2712
1133
-903
-3444
-5490
-7374
-9366
-11496
-13175
-14615
-16528
-17841
-18351
-18822
-19420
-19908
-18678
-17979
-19325
-17375
-14474
-15263
-14372
-10725
-9410
-9415
-6901
-4028
-3389
-2714
-365
1573
1717
2623
4772
5481
5453
6626
7990
8298
8325
9385
10568
10102
10012
11780
12407
11251
12375
14615
13146
12347
15224
15272
12959
14494
15827
13231
12461
13274
11751
9687
8660
7872
5552
2901
1773
-143
-3004
-4988
-6606
-8365
-10827
-12956
-13682
-15532
-17907
-18111
-18219
-19533
-20244
-19060
-18201
-19604
-18280
-14954
-15552
-15281
-11316
-9833
-10149
-7389
-4371
-3924
-3045
-646
1367
1628
2417
5006
5594
5261
6792
7994
8172
8193
9390
10567
9694
9915
11761
11845
10975
12324
14198
12560
12226
15705
14513
12325
15884
15387
12208
14249
13646
11137
10960
9489
8071
6108
3712
2500
440
-2384
-4266
-5985
-8495
-10602
-12395
-13783
-15523
-17658
-18411
-18619
-19641
-20558
-19263
-18461
-19822
-18515
-15377
-15831
-15631
-11472
-10351
-10491
-7241
-5192
-4395
-2776
-1104
892
1615
2267
4803
5210
5215
7299
7655
7959
9211
9479
10220
10617
10409
11670
12109
11446
12847
13591
12736
13436
14534
14383
14186
14899
15013
14206
13922
13383
12487
11571
9804
8533
7316
4536
2624
1411
-1353
-3852
-5388
-7373
-9815
-11914
-13106
-14549
-16831
-18007
-18043
-18917
-19985
-19358
-18367
-18899
-18756
-16558
-15271
-15252
-13523
-10820
-9723
-9102
-6621
-4214
-3714
-2492
-4
1116
1475
3294
4665
4857
6038
7038
7448
8156
8911
9596
9718
10131
10902
11242
11557
11935
12977
13289
12649
13743
14698
13937
14025
14984
14517
13269
13010
12914
11495
9490
8798
7628
4514
2850
1862
-1055
-3404
-5033
-7270
-9288
-11552
-13141
-14292
-16468
-17746
-18228
-18934
-19629
-19986
-18634
-18428
-19616
-16878
-14671
-15957
-13743
-10501
-10255
-9217
-6619
-4528
-3659
-2477
-120
1498
1360
3045
5102
4878
5948
6929
7542
8338
8338
9442
10305
9971
10306
11768
11638
11210
13182
13655
12452
13639
15190
14023
13858
15634
15025
13508
13809
13330
11575
10489
9497
7905
5669
3488
1988
-196
-2841
-4745
-6503
-8756
-11289
-12853
-13886
-16309
-18089
-17951
-18728
-20206
-19904
-18516
-18824
-19572
-17049
-15077
-16190
-14365
-10780
-10665
-10022
-6752
-4850
-4376
-2794
-250
707
1259
3186
4603
5068
5683
7057
7615
7643
8778
9928
9663
9790
11417
10941
11115
12618
12601
13489
13390
13500
14998
14397
14138
15467
15069
13752
13499
13099
12087
10432
9078
8372
5861
3007
2140
220
-2973
-4466
-6165
-9012
-11167
-12907
-14305
-16025
-18127
-18601
-18762
-20291
-20640
-19001
-18713
-19745
-17843
-15368
-16094
-14891
-11334
-10497
-9728
-7095
-5020
-3784
-2814
-716
1253
1358
2787
4783
4897
5767
7201
7588
8499
9164
9476
10532
10575
10571
11987
12558
11798
12978
14313
12839
13570
15495
14447
14138
15292
14951
13773
13485
13220
12097
10189
8950
8149
5377
2939
2153
-283
-3489
-4707
-6240
-9235
-11126
-12333
-14279
-16124
-17591
-18524
-18458
-19696
-20459
-18218
-18304
-19758
-17035
-14488
-15744
-14234
-10529
-10095
-9729
-7165
-4329
-4043
-2808
-29
759
1661
2710
4444
5284
5710
6881
7512
8361
8413
9506
10354
9850
10550
11715
11720
11048
13339
14075
11584
14136
15714
12691
14163
16251
13975
13307
14340
12922
11161
10529
9259
7636
5539
3445
1794
-570
-3021
-4829
-6466
-8549
-11043
-12522
-13719
-16065
-17594
-17872
-18509
-19740
-19982
-18337
-18662
-19739
-16565
-14983
-16479
-13757
-10678
-11009
-9552
-6593
-5013
-4111
-2682
-498
737
1207
2935
4425
4752
5620
6698
7339
8111
8522
9011
10056
10052
9945
11452
12047
11450
12672
13979
13007
13102
15144
14845
13680
15130
15325
13337
13136
13266
11698
10012
9083
7986
5397
3098
2180
-297
-3098
-4539
-6558
-8747
-11067
-13058
-13822
-15799
-18292
-18076
-17949
-20018
-20425
-17852
-17953
-20626
-16728
-13644
-16847
-14184
-9925
-10613
-9893
-6622
-4422
-3944
-2855
-408
1198
1137
2782
4931
5095
5804
6882
7701
8349
8652
9633
10598
10337
10607
12097
12313
11901
13313
14310
13141
13499
15462
14906
13826
15250
15602
13551
12931
13323
11768
9678
8916
7833
5078
2715
1615
-639
-3769
-5200
-6648
-9480
-11522
-12984
-14600
-16392
-18128
-18347
-18350
-20066
-20497
-18193
-18708
-20426
-16865
-14834
-16806
-14588
-11062
-11025
-10343
-7082
-4753
-4470
-3129
-444
785
1014
3034
4549
4529
5685
6693
7245
8063
8584
9367
10009
10170
10615
11651
11862
11922
13368
13401
12804
14018
14377
13929
14373
14667
14273
13572
13175
12679
11363
9926
8925
7369
5051
3165
1376
-669
-3067
-5160
-6505
-8821
-11044
-12341
-13731
-15799
-17306
-17636
-18374
-19281
-19785
-18154
-18229
-19677
-16366
-14842
-15936
-13309
-10513
-10447
-9252
-6246
-4564
-4090
-2668
-161
506
1044
3314
4308
4826
5827
6656
7751
8260
8526
9604
10075
9804
10284
11434
11667
11455
13089
13414
12525
14112
14447
13871
15006
14964
14317
14227
13159
12195
11554
9975
8571
7260
4953
2796
1272
-799
-3148
-4766
-6572
-8932
-10993
-12580
-13784
-15558
-17513
-17633
-18041
-20088
-19474
-17596
-19073
-19156
-15893
-15538
-15968
-13008
-11026
-10701
-9034
-6791
-5054
-4207
-2723
-365
264
1149
3243
3779
4521
5821
6153
7155
8056
8237
9169
9823
9818
10340
11426
11953
11927
13041
13847
13322
14025
14890
14757
15156
15077
14803
14802
13572
12661
12215
10379
8804
7553
5178
3082
1324
-1280
-3497
-5033
-7386
-9770
-11186
-12991
-14958
-16359
-17898
-18519
-18623
-19879
-19675
-18224
-19116
-19163
-16316
-15327
-15667
-13331
-10890
-10357
-9040
-6412
-4561
-3880
-2381
-335
610
1623
3412
4247
5083
6415
6372
7667
9100
8924
9921
10809
10795
11306
12480
12384
13068
14237
13082
14148
15213
13867
14926
16015
14635
14441
14822
13328
12279
11605
9935
8333
6610
4500
2577
638
-1525
-3756
-5585
-7136
-9699
-11861
-12787
-14789
-16817
-17697
-18279
-18998
-20217
-19545
-18256
-19683
-18662
-15811
-16431
-15241
-12420
-11842
-10185
-8067
-6672
-4654
-3439
-2298
-120
635
1653
3777
3998
4948
6320
6400
7777
8379
8633
9861
10060
10322
10810
11692
11824
12327
13173
12642
13797
13825
13393
15171
15145
13620
14939
14769
11880
13199
11735
9191
9515
6317
4582
3407
344
-1401
-2948
-5379
-7514
-9229
-11546
-13057
-14352
-16468
-17699
-17701
-18768
-20118
-18922
-18134
-19417
-18363
-15721
-15850
-15354
-12455
-10834
-9986
-8371
-6043
-4172
-3633
-2120
450
1024
1682
3943
4596
5048
6154
6560
7860
8352
8297
9793
9975
9505
10686
11441
11079
12004
13132
12160
12809
14335
13147
13741
15390
14089
13912
14523
12829
12173
11889
9956
8756
7370
4969
3373
1569
-1033
-2837
-4413
-6721
-8670
-10346
-12321
-13891
-15620
-17398
-17690
-18359
-20008
-19289
-18153
-19510
-19037
-16346
-16071
-15748
-13121
-11556
-10692
-8851
-6928
-5256
-4023
-2622
-682
372
1307
3000
3764
4892
6265
6262
7493
9027
8092
9149
11092
9177
10564
12674
10708
12322
13680
12738
13635
13890
14334
15081
14040
14409
15520
13308
12694
13602
11158
9489
9424
7547
4783
3396
2087
-1030
-3104
-4370
-7065
-9141
-10907
-12938
-14454
-16353
-17947
-18375
-18762
-20119
-20335
-18603
-19172
-20274
-17256
-15499
-16601
-14402
-11155
-10724
-10066
-7248
-4726
-4275
-2918
-163
508
1294
3469
4279
5252
6638
6881
7859
9015
9054
9681
10604
10716
11015
11977
12047
12188
13880
13820
13081
14583
15025
14005
14602
15498
14455
13709
13787
12830
11299
10085
8979
7289
5091
3205
1666
-755
-3063
-4478
-6673
-8762
-10351
-12254
-13962
-15452
-17253
-18152
-17874
-19548
-20435
-18216
-19098
-20224
-16628
-15488
-16437
-13763
-11228
-10717
-9491
-7004
-4855
-4030
-2613
-652
763
1973
2652
4700
6179
5331
6900
8476
7938
9290
10158
9714
10821
10545
10641
12375
11652
12275
13186
12383
13418
13657
13560
14477
14386
14025
13781
12993
12292
11463
9891
8991
7623
4984
3593
2325
-387
-2251
-3578
-5925
-7935
-9654
-11729
-13174
-14704
-16670
-17515
-17894
-19181
-19893
-18847
-18577
-19142
-17811
-15746
-15486
-14894
-11998
-10597
-9862
-7944
-5868
-4056
-3625
-1598
326
749
2329
3701
4509
5727
6636
6889
8205
8689
9006
10023
9862
10488
10923
11256
11830
12522
13096
12818
13727
14328
13901
14386
15143
14435
13858
13969
12792
11724
10680
9348
8224
5887
3940
2822
64
-2457
-3536
-5550
-7889
-9668
-11197
-13165
-15112
-16330
-17875
-18162
-18608
-20286
-18927
-17981
-20402
-18223
-15106
-16750
-15024
-12190
-10990
-10334
-9088
-5213
-4961
-4336
-909
3
293
2253
4078
4108
5554
6639
6742
8250
8712
8787
9967
10641
10296
11181
12180
11870
12603
13586
13342
13427
14115
14382
14409
14484
14656
14330
13303
12976
12437
10706
9583
8263
6290
4478
2490
484
-1620
-3573
-5624
-7325
-9255
-11869
-13347
-14916
-17248
-18540
-18545
-19316
-20832
-20006
-18910
-20173
-19447
-16474
-16037
-15845
-13263
-11234
-10498
-9104
-6507
-4587
-3708
-1806
23
860
2429
3834
4625
6021
6756
6951
8149
9089
9037
9583
10492
10356
10482
11633
11936
11907
12790
13166
12949
13170
13657
14098
14031
13908
14181
13415
12198
11926
11013
9422
8468
6802
4567
3203
1256
-1328
-2716
-4200
-6749
-8608
-10257
-12382
-13805
-15507
-17213
-17513
-18373
-19785
-19315
-18670
-19019
-18649
-17438
-15758
-15142
-14288
-11566
-9967
-9291
-7427
-4953
-3715
-2699
-310
1191
1879
3339
4655
5364
6403
7109
7447
8540
8883
8865
9958
10293
10229
11351
11602
11516
12769
12858
12629
13814
13903
13729
14473
14306
14099
13931
12907
12463
11486
9544
8864
7668
4885
3426
2314
-493
-2758
-3820
-5788
-8277
-9775
-11131
-13330
-15087
-16190
-17626
-18008
-18533
-20050
-18954
-17949
-19589
-18297
-15276
-15642
-14974
-11787
-10690
-9826
-7743
-5767
-3933
-3034
-1402
599
1280
2737
4018
4671
6107
6794
6975
8278
9184
8750
9591
10830
10114
10335
11848
11953
11956
12519
13028
13535
12832
13676
15329
13583
13818
15138
12809
12203
12282
10542
9338
7970
6322
4068
2209
781
-1922
-3983
-4481
-7219
-10200
-10125
-12986
-15479
-15225
-17954
-18595
-17973
-19889
-19892
-18419
-18536
-19295
-16944
-14777
-15603
-13632
-10595
-9997
-9079
-6347
-4073
-3426
-1447
581
1415
2845
4038
4809
6241
7328
7316
8173
9385
9216
9348
10380
10465
10464
11507
11712
11857
12758
12699
12814
13682
13984
14092
14154
14607
14669
13114
12931
13187
10826
9635
9476
6787
4583
3583
1427
-883
-2588
-4290
-6377
-8512
-10251
-11973
-13818
-15254
-17159
-18345
-18109
-19612
-20524
-18931
-18831
-20192
-18149
-15544
-16355
-14767
-11685
-10557
-9751
-7898
-5054
-4154
-2941
-523
483
1865
3323
4039
5528
6685
6762
7685
8948
9068
9169
10123
10664
10277
10739
11586
11517
12132
12504
12698
13146
12946
13525
14011
13696
13442
14103
12701
11584
12343
9711
8841
8309
5495
4138
2444
418
-2065
-3583
-5282
-8005
-9502
-11054
-13109
-14745
-16027
-17740
-18532
-18621
-19740
-19837
-18411
-18550
-19060
-16702
-14770
-15142
-13579
-10494
-9656
-9126
-6407
-4159
-3403
-1790
169
1404
2558
3873
5011
6202
7253
7200
8116
9248
9142
9518
10540
10918
10249
11367
12186
11752
12657
13140
13422
13196
13524
14679
13789
13548
14585
13542
12397
12353
10899
9461
8615
6705
4808
3328
1367
-1019
-3007
-4521
-6650
-8771
-10181
-12095
-14103
-15367
-17094
-18470
-18050
-18862
-20375
-19007
-18098
-19649
-18334
-14925
-15454
-14937
-11421
-10092
-9409
-7693
-5005
-3474
-2526
-692
749
2247
3163
4224
5699
6552
6832
7584
8800
9100
9132
9857
10631
10186
10550
11594
11836
11839
12383
13415
12517
12926
14358
13602
13697
14283
13838
13054
12591
11807
10472
9222
7852
6074
3747
2208
451
-2229
-3746
-5384
-7915
-9575
-11344
-13423
-14834
-16638
-18263
-18703
-18969
-20064
-20421
-18587
-18502
-19602
-16641
-14523
-15762
-13539
-10142
-10032
-8889
-6052
-4286
-3071
-1527
201
1649
2873
4135
5128
6100
7304
7411
7902
9577
9566
9365
10580
11013
10345
11323
12133
11891
13022
12653
12949
14187
13197
13722
15099
14363
13621
14266
13550
11908
11429
10370
8834
7199
5101
3476
1836
-821
-2941
-4222
-6362
-8713
-10451
-12102
-13987
-15915
-17301
-18167
-18837
-19536
-20077
-19379
-18847
-19431
-17954
-15780
-15498
-13997
-11790
-10617
-8786
-7145
-5459
-3243
-1853
-462
805
2296
3875
3876
5204
7446
6542
6929
9244
8875
8858
9940
10363
10333
10539
11556
11433
12055
12810
12069
13351
13609
12904
14363
14151
13547
14148
13169
12031
11875
10416
8512
8015
6154
3545
2385
536
-2085
-3898
-5287
-7303
-9498
-11147
-12790
-14630
-16328
-17764
-18331
-18442
-19686
-19901
-18265
-18817
-19440
-16610
-14925
-15184
-13291
-10771
-9654
-8604
-6659
-4193
-2592
-1730
-217
1502
2786
3469
4339
6247
7071
6517
7854
9593
8893
9147
10721
10629
10381
11247
11975
12001
12289
12746
13290
13237
13168
14588
14196
13580
14555
13527
12446
12280
11199
9894
8511
7227
5275
3019
1940
-335
-3072
-3877
-6077
-8968
-10049
-12141
-14135
-15325
-17377
-18574
-18739
-19016
-20533
-19981
-17938
-19819
-19770
-15417
-15210
-16175
-11574
-10194
-10713
-7003
-5958
-4245
-1294
-1411
398
3083
2859
3717
6291
6599
6872
7790
8526
9293
8867
9697
10978
10120
10420
11785
11369
11879
12900
12453
13222
13560
13037
14323
14341
13411
14118
13449
12074
11822
10571
9146
8201
6356
4385
2708
630
-1619
-3505
-5204
-7493
-9600
-11088
-13188
-15190
-16397
-18022
-19099
-18839
-19865
-20528
-18995
-18739
-19326
-17659
-15397
-15054
-13888
-11709
-9877
-8423
-7707
-4597
-2387
-2349
-196
1783
2580
3469
4477
5905
7003
6606
7357
9280
8760
8806
10336
10400
10157
10482
11254
11953
11425
11872
13406
12575
12200
14197
14070
12977
14055
14048
12540
12133
11659
10178
8918
7435
5526
3811
1922
-214
-2446
-3953
-5898
-8353
-9884
-11450
-13803
-15231
-15793
-18558
-18611
-18030
-20469
-19583
-18155
-18590
-18958
-16292
-14367
-15185
-12575
-10352
-9213
-7696
-6181
-3590
-2049
-971
544
2232
3350
3879
5105
6802
7305
7137
8251
9521
9255
9161
10628
10892
10223
11269
11919
11926
12536
12748
13059
13238
13607
13955
13708
14526
14163
12722
13119
12389
10269
9602
8723
6445
4267
2795
1200
-1486
-3502
-4590
-6925
-8998
-10303
-12600
-14447
-15628
-17762
-18695
-18215
-19447
-20405
-18640
-18295
-19914
-17876
-15087
-15523
-14329
-11495
-10221
-9367
-7446
-4862
-3390
-2096
-262
938
2398
3640
4393
5840
7304
7312
7309
8947
9439
8900
9964
10976
10466
10587
11843
12124
12146
12696
13352
13484
13016
13848
14500
13883
14057
14148
13321
12220
11356
10572
9105
7770
5968
3735
2693
622
-2533
-3114
-4901
-8465
-9160
-11179
-13647
-14550
-16742
-17955
-18487
-19062
-19828
-20186
-18631
-18897
-19752
-17047
-15242
-15547
-13465
-10862
-9779
-8574
-6684
-4262
-2548
-1439
322
1913
3092
4117
4934
6351
7482
7277
8015
9591
9228
9291
10754
10879
10855
11869
12186
12143
13260
13079
12845
13967
13846
13916
14262
14552
13998
13197
13419
12255
10909
10017
8603
6858
4752
3100
1608
-808
-3384
-4663
-6421
-9103
-10603
-12014
-14273
-15879
-17321
-18672
-18496
-19215
-20632
-19124
-18314
-19945
-18306
-15256
-15297
-14486
-11611
-10160
-9420
-7553
-5171
-3412
-2274
-780
907
2206
3166
4055
5521
6880
7028
7315
8701
9306
9145
10078
11037
10571
10940
12030
11594
12347
13167
12384
13574
13819
13154
14176
13804
13981
13611
12391
12815
11145
9596
9075
7297
5462
3272
1814
-69
-2983
-4416
-5697
-8155
-10074
-11714
-13635
-15181
-16960
-18199
-18448
-18834
-19732
-19895
-18344
-18671
-19063
-15822
-14828
-14885
-12300
-10572
-9354
-7817
-5970
-3824
-2300
-939
468
1889
3301
4311
5195
6785
7536
7159
8284
9651
9146
9516
11184
10927
10441
11733
12214
11876
12737
13514
13153
13087
13553
13740
13669
13814
13909
13212
12237
11537
10540
8971
7773
6295
4267
2487
556
-1532
-3510
-4952
-7041
-8861
-10434
-13159
-14535
-15836
-17601
-18545
-18536
-18927
-20461
-19279
-18043
-19289
-18236
-15406
-15014
-14738
-11995
-10084
-9268
-7534
-5204
-3261
-1934
-506
1324
2838
3779
4942
6299
7575
7649
8046
9633
9667
9004
10426
11446
9778
11399
12950
11190
12542
13284
13083
13401
13281
14353
14064
13786
14215
13749
13052
11980
11310
10295
8397
6992
5340
3093
1146
-626
-2682
-4600
-6370
-8611
-10387
-12075
-14403
-15668
-16782
-18862
-19149
-18657
-20359
-20538
-18383
-19005
-19511
-16224
-15041
-15653
-12673
-10358
-10255
-8132
-5698
-4160
-2372
-1028
712
2436
3274
4527
5857
6997
7794
7869
9049
10107
9463
10236
11678
11124
11264
12561
12665
12853
13638
13781
13994
14285
14263
14583
14645
14344
14239
13667
12607
11571
10468
9099
7473
5981
4050
1717
10
-2011
-4286
-5726
-7578
-9626
-11220
-13307
-15062
-16394
-18091
-18619
-18561
-19780
-20009
-18644
-18831
-19288
-16929
-14972
-15088
-13398
-10787
-9929
-8600
-6108
-4480
-2467
-774
-442
1946
3603
3021
4785
7061
6344
6929
9052
8513
9119
10021
10133
11224
10607
11372
12638
11941
12871
13834
13345
13530
14228
14315
13900
13995
14256
13069
12104
11864
10095
8769
7912
5788
4167
2181
327
-1415
-3963
-5259
-7058
-9120
-10597
-12681
-14199
-15820
-17547
-18327
-18567
-19093
-20149
-19461
-17992
-19303
-18450
-14884
-14875
-14472
-11538
-9774
-9125
-7256
-4452
-3188
-1925
-226
1031
2640
3629
4312
5975
7226
7043
7721
9371
9582
9319
10482
11280
10614
11131
12502
12166
12194
13778
13627
12902
14243
14480
13637
14448
14430
13118
13036
12306
10552
9907
8498
6384
5281
3504
864
-548
-2319
-5019
-6438
-8121
-10387
-12498
-13879
-15205
-17561
-18457
-18429
-18984
-20371
-19840
-17958
-19214
-19036
-16035
-14754
-14761
-13030
-9914
-9020
-8606
-5417
-2942
-2542
-815
1172
2331
3665
4407
5806
7598
7634
7567
9063
10002
9349
10016
11755
10965
10615
12683
12505
11867
13523
13609
13123
14164
14035
13885
14690
14136
13449
13712
12665
10921
10387
9269
7193
5487
3788
1680
-320
-2487
-4758
-6192
-8480
-10524
-12172
-14311
-15700
-17719
-18928
-19184
-19450
-20310
-20698
-19126
-19257
-19711
-17354
-15021
-15092
-13575
-10704
-9707
-8393
-6570
-3746
-2086
-1504
622
2093
2821
3872
5425
6475
6974
7537
8308
9263
9247
9777
11078
10974
10836
12057
12403
12081
13157
13798
13223
13530
14163
14015
14073
14279
13914
13319
12491
11429
10512
8922
7317
5895
3981
1964
-27
-1878
-4095
-5768
-7613
-9396
-11010
-13232
-14566
-15943
-17144
-18908
-18618
-18092
-20537
-19117
-17526
-18979
-18151
-15107
-14139
-14222
-11533
-9418
-8480
-6881
-4647
-2391
-1382
-238
1650
3070
3812
4904
6197
7037
7453
7973
9256
9785
9382
10349
11118
10587
11139
12003
12067
12951
13236
13078
14114
13370
13590
14756
13809
13991
13608
12508
11957
10713
9362
8252
6659
4361
2470
450
-1441
-3860
-5725
-6925
-9442
-11128
-12856
-14626
-15924
-17621
-18591
-18985
-19074
-19776
-19807
-18303
-18628
-18798
-15867
-14572
-14317
-11899
-9784
-8459
-7447
-5070
-2766
-2160
-321
1435
2398
3579
4484
5741
7005
7482
7821
8901
9695
9438
9815
11043
10903
10765
12144
12424
12317
13294
13485
13383
13713
13839
14065
14047
13762
13427
12982
12288
11114
10106
8877
6709
5502
3818
896
236
-2202
-5414
-5335
-7717
-10444
-11338
-13586
-15388
-16979
-18618
-18863
-19031
-19959
-20267
-19060
-18616
-19543
-17324
-14578
-14791
-13243
-10647
-9222
-7959
-6204
-3774
-1967
-809
401
2235
3639
4227
5367
6915
7849
7764
8377
9620
9526
9567
10899
11333
10816
11465
12400
12396
12810
13765
13768
13628
14186
14236
14149
14441
14284
13614
12834
11742
10445
9152
7796
6266
4247
2228
325
-1691
-3838
-5675
-7167
-9012
-10932
-13108
-14331
-15931
-18009
-18207
-18682
-19222
-19980
-19713
-18103
-18947
-18555
-15286
-14407
-14573
-11648
-9515
-9192
-7221
-5064
-3049
-1582
-786
1216
2830
3293
4624
6161
6944
7421
7747
8974
9723
9288
10207
11274
10786
11263
12390
12104
12728
13466
13355
13709
13909
13998
14091
14461
13980
13851
13047
11849
11354
9186
8568
6745
4350
3480
575
-1226
-3030
-5266
-6845
-8786
-10463
-12463
-14147
-15498
-17131
-18406
-18734
-18895
-19661
-19869
-18651
-18067
-18830
-16675
-13817
-14388
-12792
-9813
-8780
-7584
-5941
-3083
-1453
-990
914
2784
3642
4327
5911
7135
7730
7939
8576
9820
9585
9550
10826
11052
10623
11308
11916
12009
12491
12958
13372
13389
13188
13834
14122
13448
13488
13337
11859
10877
10144
8597
7241
5905
4041
2168
229
-1737
-3692
-5531
-6987
-8959
-11238
-12787
-14566
-16426
-17430
-18406
-18911
-18967
-19881
-19550
-18031
-18580
-18128
-15136
-14249
-13943
-11402
-9473
-8487
-6970
-4742
-2416
-1575
-396
1946
2911
3643
5113
6274
7246
7746
7997
9115
9738
9503
10035
11162
11230
10241
12039
13212
11554
12895
14187
12995
12878
14258
14287
13520
14170
13631
12649
12031
10785
9886
8645
7035
5531
3449
1225
-525
-2426
-4378
-6305
-7970
-9684
-12239
-13793
-14929
-17032
-18274
-18823
-19034
-19442
-20659
-19371
-17859
-19443
-17962
-14525
-14955
-14143
-10704
-9431
-8425
-6365
-4401
-2102
-988
-238
2281
3562
3596
5212
6581
7369
7850
8078
9489
9873
9334
10568
11539
10790
11460
12629
12529
13068
13273
14125
14509
13375
15087
15746
13804
14771
15057
12977
12439
11781
10212
8644
6531
4789
2865
675
-1292
-3686
-5113
-6928
-9484
-10412
-12049
-14489
-15906
-16977
-18519
-19250
-18561
-19619
-19935
-17971
-18614
-18897
-15943
-14386
-14326
-12538
-9996
-8815
-7895
-5884
-3367
-2120
-1123
530
2195
3754
3382
5539
7728
6608
7943
8934
9569
9714
9713
11118
11143
10894
11355
12489
12244
12288
13313
13362
12923
13176
14072
13084
13337
13777
12362
11954
11340
9939
8507
7563
5912
3804
2114
264
-1719
-3989
-5606
-7028
-9041
-10848
-12660
-14565
-15835
-17252
-18638
-18396
-18597
-20091
-19440
-17849
-18591
-18225
-15286
-14144
-13864
-11648
-9572
-8378
-6967
-5010
-2586
-1241
-447
1447
2838
3421
4509
5562
6646
7424
7530
8625
9743
9274
9791
11204
10992
11003
12106
12489
12587
13071
13667
13642
13227
14096
14434
13627
14307
14116
12543
12436
11301
9367
8837
7191
4790
3188
1229
-905
-3234
-5280
-6470
-8619
-10785
-11800
-13808
-16073
-17065
-18392
-19432
-18896
-19555
-20290
-18553
-18145
-19345
-17052
-14101
-14587
-13036
-9921
-8857
-8102
-6345
-3357
-2059
-1265
708
2238
3389
4192
5591
6852
7660
8051
8615
10099
10038
9779
11489
11712
10474
11577
12989
12444
12219
13660
14495
12863
13205
15571
14050
12866
14894
13671
11253
11677
10824
8573
7427
6136
4014
1875
115
-1756
-3949
-5887
-7755
-9590
-11205
-13154
-15052
-16269
-17851
-19693
-19512
-18848
-20642
-20652
-17781
-18540
-19692
-15877
-13765
-14860
-12910
-9440
-8433
-8212
-5783
-2433
-1555
-1138
1464
3408
3720
4637
6435
7794
7843
7812
9356
10099
9275
10174
11629
11026
10488
11887
12731
12039
12504
14072
13985
12765
13844
14874
13347
13513
14248
12791
11710
10867
9508
8139
6474
5132
3253
874
-760
-2886
-4927
-6357
-8546
-10049
-11571
-14075
-15264
-16399
-18275
-19067
-18649
-19122
-20502
-19007
-17486
-18825
-17526
-14370
-14059
-13580
-10796
-8641
-7849
-6585
-3935
-1695
-1121
26
2449
3881
4157
5282
7264
8075
7949
8814
10015
9937
9895
11209
11808
11002
11235
12774
12622
11707
13483
14357
12525
12893
14627
13273
12405
14094
13172
11267
10807
10048
8668
6747
5467
4312
2267
169
-1458
-3418
-5365
-6939
-8953
-10408
-12067
-14142
-15137
-16376
-18540
-19131
-18106
-19444
-20536
-17763
-17657
-19674
-16336
-13511
-15005
-13312
-9512
-8717
-8334
-6046
-3125
-1742
-1097
1000
2976
3670
4275
6063
7737
7594
7818
9181
10036
9835
10043
11345
11717
11008
11702
13027
12548
12291
13513
14006
13230
13476
14571
13985
13530
13905
13059
11870
10981
9906
8476
6967
5184
3118
1755
-225
-2728
-4188
-6332
-8499
-9564
-11750
-13982
-14755
-16777
-18643
-19041
-19474
-19257
-20088
-19616
-17864
-18742
-18168
-15250
-13701
-13546
-11678
-8601
-7776
-7025
-4048
-1668
-930
441
2285
3668
4384
5485
7272
8294
8633
8939
9998
10647
10636
10902
11702
11947
11349
12526
12867
12476
13164
13172
13364
13159
13456
13994
13322
13356
13391
12041
11164
10865
9200
7516
6711
5011
2624
1033
-613
-3201
-5002
-6329
-8566
-10560
-12092
-13972
-15631
-16924
-18240
-18971
-18888
-19337
-20244
-19327
-18170
-18917
-17832
-14872
-14173
-13619
-10954
-8620
-7464
-6204
-3850
-1433
-812
90
2528
4095
4432
5455
7353
8013
7776
8631
10090
10170
10000
10851
11436
11300
10995
12309
12573
12361
13099
13261
13721
12734
13561
14478
13442
13302
13528
12840
10464
10594
9190
6803
6256
3822
2693
770
-1685
-3065
-5241
-6967
-8728
-10767
-12302
-13907
-15885
-16918
-18366
-19381
-18561
-19600
-20384
-18039
-18018
-19404
-16530
-14181
-14637
-12940
-10057
-8602
-7818
-6103
-3251
-1690
-1200
873
3109
3871
4683
6228
7779
8368
8516
9495
10464
10471
10543
11347
11802
11612
11486
12339
12881
12188
12556
13619
13074
12053
13531
13710
12254
12980
12398
11321
10491
8986
8137
6943
5055
3358
2292
421
-1751
-3933
-5150
-6767
-9611
-10399
-12005
-14525
-15921
-17126
-18465
-18997
-18505
-19480
-19629
-18141
-18272
-18362
-15963
-14054
-13823
-11951
-9713
-8382
-6733
-5296
-2886
-752
-500
1184
3419
3857
4847
6703
7615
8346
8519
9180
10492
10078
10385
11353
11958
10948
11253
13670
11711
11806
14068
12849
12171
13334
13962
12486
12794
13530
12010
11063
10449
9318
7644
6269
4992
3145
1357
-440
-2311
-4258
-5922
-7772
-9753
-11028
-13110
-15003
-15945
-17783
-19113
-19037
-19109
-20168
-19864
-18213
-18798
-18698
-15801
-14505
-14187
-12064
-9762
-8070
-7131
-5326
-2130
-1178
-533
2297
3798
4311
5794
7055
8217
8741
8803
10114
10871
10497
10971
12182
12087
11261
12494
13404
12446
12903
14164
13563
12502
13707
14457
12940
13277
13793
12089
11061
10522
9119
7587
6302
4638
2887
1135
-781
-2519
-4402
-6157
-8120
-9982
-11619
-13535
-14835
-16105
-17700
-18925
-19047
-18757
-19910
-19293
-17243
-18419
-18277
-14997
-13989
-13910
-11472
-8876
-8250
-7197
-4515
-2449
-1112
120
1704
3694
4477
4870
7144
8509
7942
9159
10112
10189
10841
10745
11670
11720
10847
12378
12528
11477
12953
13425
12094
12602
13494
12791
12195
12808
12616
11055
10586
10345
8683
7197
6141
4678
3032
1233
-441
-2075
-4245
-6222
-7633
-9301
-11156
-12760
-14239
-15622
-17057
-18158
-18174
-18299
-19202
-18848
-17695
-18005
-17772
-15396
-13808
-13528
-11703
-9017
-7931
-7017
-4467
-2095
-1099
209
1959
3203
4311
5142
6229
7858
8325
8017
9583
10617
9755
10618
11846
11176
10841
12317
12387
11591
12665
12986
12559
12275
13102
13410
12129
12915
13122
11601
11047
10505
9090
7667
6481
4923
3212
1361
-406
-2134
-4289
-6011
-7469
-9534
-11400
-12726
-14404
-16202
-17406
-18435
-18826
-18724
-19163
-19207
-17869
-17375
-18288
-15669
-13243
-14153
-11969
-8960
-8151
-7126
-4676
-2295
-1218
214
1832
3497
4720
5455
6850
8255
8961
9013
10013
11135
10705
10986
12011
11737
11269
12062
12295
11806
12618
12746
12314
12709
12636
12700
12727
12535
12448
11981
11086
9993
9150
7891
5986
4658
3255
1033
-544
-2117
-4430
-6174
-7907
-9786
-11320
-13036
-14752
-16359
-17660
-18637
-19395
-19118
-19136
-19641
-18392
-17701
-18175
-16533
-14407
-13499
-12310
-10290
-7967
-6928
-5931
-3081
-1103
-450
1131
3094
4592
5098
5998
8364
9042
8486
9966
11237
10808
11038
11811
12054
11661
11426
12430
12614
11724
12462
13232
11833
11846
13568
12355
11630
13119
11920
10400
10401
9347
7920
6560
5295
4035
1994
157
-1318
-3380
-5518
-7105
-8894
-10938
-12252
-14092
-15895
-16847
-18491
-19195
-18854
-19115
-19382
-18639
-17743
-17952
-16746
-14357
-13464
-12492
-10381
-8488
-7297
-5964
-3785
-1485
-265
902
2831
4480
5342
6178
7773
8991
9119
9582
10716
11149
11057
11401
11914
11800
11345
12106
12371
11725
12573
13129
12001
11899
13219
12328
11544
12983
12193
10447
10276
9726
8188
6729
6027
4993
2856
1140
50
-2259
-4554
-5776
-7704
-9734
-11020
-12896
-14779
-15923
-17532
-18889
-18930
-18914
-19510
-19436
-18227
-17848
-18129
-16401
-14131
-13535
-12481
-10063
-8095
-7079
-5676
-2915
-764
-216
1455
4077
4883
5287
7219
8723
8889
9584
10615
11075
11510
11352
11479
12396
11662
11219
12582
12227
11795
12924
12675
12236
12631
12922
12843
12302
12639
12142
10523
10511
9628
7453
7363
6133
3437
2756
723
-1841
-3117
-5302
-6933
-8820
-10854
-12193
-14631
-16224
-17106
-18893
-19795
-19402
-19072
-19832
-19438
-17548
-17739
-17606
-14825
-13135
-12869
-11115
-8151
-6885
-6953
-4039
-662
-762
178
3236
4567
4633
6158
8399
9218
9411
10087
11365
12052
11454
11548
12774
12413
11101
12462
13506
11436
11831
14105
12056
10794
13617
12936
10867
12640
12377
10017
10133
9647
7778
6824
5688
4148
2705
1086
-664
-2392
-4070
-6077
-7798
-9074
-10987
-12752
-14076
-15875
-17164
-18026
-18938
-18627
-18648
-19355
-18159
-17205
-18052
-16491
-13543
-13373
-12429
-9478
-7691
-7144
-5568
-2089
-475
-124
2108
4211
4930
5771
7284
8525
9346
9202
9778
11396
11006
10629
12003
11699
10959
11622
11058
11808
11796
10340
12381
11565
9793
12305
11952
10336
11741
11494
9676
9654
9265
7925
6990
6047
4549
2799
1548
-187
-2328
-3890
-5678
-7921
-9654
-10700
-12758
-15046
-15863
-17342
-19152
-19416
-18848
-19059
-19915
-18568
-17456
-18333
-16323
-13495
-13500
-11998
-8748
-7616
-6913
-4516
-1788
-325
525
2419
4610
5611
6049
7435
9157
9239
9047
10424
11386
10806
10643
11784
11973
10303
10505
12601
11758
10380
12201
12393
10358
11025
12257
11247
10985
11555
10795
9904
9252
8743
7953
6512
5494
4117
2501
1085
-793
-2378
-3695
-5794
-8017
-9020
-10446
-13000
-14217
-15196
-17362
-18300
-18812
-19216
-18555
-19405
-19011
-16812
-17979
-17555
-13238
-12716
-13271
-9324
-6797
-7490
-5413
-1704
61
451
2167
5537
5965
6126
8269
9564
10139
9704
10483
11611
11248
10426
11302
12475
10135
9840
11804
11144
9789
10511
11936
9824
9068
11657
10715
9544
10944
10868
9791
9216
9077
8724
7428
6159
5617
4206
2141
1038
-557
-2562
-4496
-6849
-8160
-9567
-12159
-13682
-14958
-17181
-18477
-19135
-19340
-19097
-20020
-19648
-17637
-18332
-18265
-14584
-13369
-13581
-10625
-8073
-7417
-5923
-3114
-600
96
1308
4342
5526
5511
7394
9033
9010
9143
9923
10767
10847
10167
10658
11766
10561
9268
10900
11402
9335
9875
11855
10365
9053
11137
11662
9859
10483
11876
10520
9270
9817
9454
7939
6901
6137
4953
3210
1395
203
-1280
-3635
-5860
-7250
-8651
-10873
-12666
-13898
-15565
-17459
-18844
-19000
-18462
-19557
-20152
-17851
-18001
-18841
-16216
-13768
-13144
-12446
-9152
-7014
-7094
-4825
-1224
488
735
3066
5777
6044
6432
8425
9737
9335
9529
10561
11181
10324
9707
11406
11291
8735
9761
11598
9536
9153
11018
10676
9189
9756
11157
10081
9731
11108
10700
9467
9744
9801
8300
7559
6951
5441
3968
2749
939
-1071
-2508
-4645
-6762
-8394
-9867
-11669
-13662
-15011
-16735
-18117
-19025
-19029
-18401
-19835
-19666
-16951
-17878
-18417
-14167
-12690
-13575
-10622
-7432
-6834
-5671
-2703
115
1200
2123
4602
6530
6568
7255
9286
10118
9259
9482
11294
11125
9249
10225
11833
9726
8395
10429
10203
7996
9367
10887
8665
8493
10656
9721
9208
11174
10977
10044
10564
10011
9185
8945
7969
6679
5487
4059
2463
488
-1234
-2467
-5204
-7561
-8534
-10947
-12922
-14124
-16277
-17618
-18278
-19811
-19714
-18335
-19942
-19421
-16020
-17696
-18041
-12829
-11671
-12951
-9428
-5574
-5884
-5428
-1130
1503
1021
2453
5936
7044
6025
7806
10288
9799
9302
10260
11231
10651
9453
10286
11396
9353
8029
10358
10050
7420
8620
10624
8829
7663
10381
10690
8529
9893
11406
10128
9242
9779
9820
8163
7175
7049
5634
4033
2754
1124
-166
-2089
-5005
-6335
-7347
-10215
-12118
-12963
-15270
-17077
-17663
-18982
-19239
-18684
-19722
-19213
-17219
-17689
-17370
-14397
-12708
-12079
-10228
-7225
-5358
-5140
-2253
1463
1313
2310
5710
6455
6282
7704
9272
9397
8526
9128
10142
9297
8394
9014
9523
7941
7217
9080
8373
7130
8976
9365
8783
9131
9818
11005
10538
10490
12571
11226
9808
11874
10087
8343
9412
6998
5285
5161
2651
758
-301
-2780
-4903
-6637
-8878
-10277
-11857
-13946
-15278
-16586
-18040
-19131
-19013
-18072
-19055
-19318
-16565
-16931
-18300
-14190
-11546
-12929
-10426
-6261
-6153
-5784
-2159
619
956
2256
5301
6456
5797
7219
9276
9086
8988
9900
10118
9740
8960
9016
10028
8801
7389
9013
8922
7000
8632
10103
8349
8718
10637
10127
9981
11252
11421
10896
10796
10701
9985
9063
8745
7560
5648
4944
3171
766
-226
-2200
-4813
-6654
-8489
-10379
-12012
-14087
-15486
-16228
-18269
-19425
-19265
-18615
-19068
-20285
-17222
-15689
-18504
-15451
-10928
-12475
-11357
-6519
-5202
-5555
-2958
832
1648
2208
4709
6443
6883
6875
8635
10001
8912
9487
9924
9764
9492
8310
9629
9341
7157
8330
9393
7542
8037
10281
8622
8791
10817
9957
10428
11792
11469
11029
11189
11064
10398
9251
8908
8168
5497
4418
3707
1052
-571
-1819
-4230
-6580
-8512
-9995
-11585
-13552
-14916
-15962
-17627
-19021
-19528
-18931
-18548
-19984
-18771
-16385
-18225
-17269
-12615
-12451
-12411
-8335
-6162
-6072
-4173
-857
981
1387
3551
5868
6098
6603
8274
9165
9060
9167
9376
9639
9387
8883
9310
9475
8336
8011
9226
8870
8168
9828
10328
9372
10316
11207
11051
11713
12162
12036
11898
11281
10939
10455
9155
8398
7367
5263
4028
2517
390
-791
-2895
-5421
-6926
-8851
-10684
-11771
-13584
-15184
-16080
-17902
-18694
-18589
-18804
-18397
-19085
-18250
-15884
-17622
-16668
-11247
-12294
-12624
-6896
-6211
-6740
-3113
-803
781
1959
2807
5845
6718
5660
8118
9734
8721
8846
9485
9828
9169
8634
9748
9530
8101
8731
9558
8820
9063
10298
10352
10014
10698
11513
11574
11568
12056
12138
11411
11029
10713
9909
8955
7907
6427
4761
3626
1930
-275
-1663
-3100
-5818
-7990
-8928
-10871
-12470
-13632
-15272
-16493
-17783
-18630
-18891
-18414
-18471
-19173
-17496
-16332
-17873
-15980
-11997
-12164
-11547
-7691
-5840
-6138
-4091
-211
1025
1638
3967
5961
6255
6467
8333
9521
9193
9244
10026
10061
9015
8998
10095
9981
8566
8452
9681
9434
8435
9818
11180
9874
9987
11682
11255
11020
12025
11808
11169
10898
10406
9623
8629
7626
6535
4952
3193
1510
-94
-1869
-3772
-5470
-8261
-9736
-10229
-13058
-14259
-14443
-16634
-18122
-18308
-19104
-18835
-18240
-19508
-17824
-16210
-18063
-16357
-12671
-12657
-12125
-8304
-6671
-6781
-4176
-810
851
1738
3628
5842
6563
6770
8435
10148
10007
9533
10242
10765
9901
9648
10655
10217
8849
8957
9251
8662
8712
9739
10086
9302
9514
10466
10041
10240
11648
11371
10784
11182
10314
9447
9664
8550
6992
6322
4836
2957
1580
276
-1131
-3460
-5655
-6885
-8971
-10889
-11885
-13534
-14924
-16353
-18293
-18795
-18789
-19372
-19357
-18708
-18079
-18285
-18034
-15634
-13785
-13198
-10869
-8226
-7401
-6052
-3357
-1158
538
2467
4183
5503
6471
7268
8467
9399
9589
9682
9965
9847
9484
9557
9742
9618
8725
8606
9431
8780
8355
10071
10398
8994
10457
11278
10057
11449
11714
10907
11858
10892
9637
10151
8987
7265
6977
5749
3734
2309
929
-439
-2360
-4430
-5772
-7417
-9426
-10890
-11959
-13514
-15067
-16375
-17536
-18348
-19157
-18715
-18717
-19291
-17810
-17473
-18105
-15819
-13343
-13175
-11382
-8005
-6957
-6072
-3003
-52
1252
2523
5034
6745
6677
7617
9856
10484
9944
10218
10635
10252
9651
9503
10078
9758
7742
8018
9562
7583
7433
10425
8975
7521
10136
10005
9092
11007
11218
10681
11284
10601
10066
10186
9216
8427
7550
5818
4659
3109
1151
433
-1380
-4206
-5444
-7156
-9774
-10913
-12126
-14076
-15121
-16879
-18529
-18750
-19503
-19626
-19312
-19471
-18822
-18328
-17935
-16154
-13958
-12987
-11503
-8445
-6705
-5860
-3128
295
1941
2102
5164
8241
6181
7882
11546
9760
9983
11384
10656
10413
9727
9373
9989
9026
7304
8199
8956
7163
6917
9281
9497
7282
8872
11320
9482
9859
12180
11521
10814
10971
10968
10628
9468
8665
8433
6883
4704
3713
2658
660
-1298
-2707
-4535
-6966
-9085
-10312
-11496
-13525
-14832
-16087
-17781
-18674
-19654
-19207
-18782
-20283
-18757
-17131
-19168
-17709
-13608
-14046
-13727
-9197
-7598
-7715
-4875
-1350
62
894
3780
6126
6225
6739
9033
9876
9106
9750
9816
9388
9437
8556
8695
9469
7637
7076
9219
7809
6337
9601
10122
7413
9800
11993
9209
10406
13304
11712
11287
12527
11782
10490
10138
9926
8665
6976
5579
4253
2453
678
-656
-2462
-4209
-6059
-8233
-9649
-10466
-12192
-14089
-14438
-15961
-17941
-18130
-18704
-18619
-18670
-19483
-17905
-17667
-19052
-16151
-13257
-13984
-12117
-8129
-7384
-6969
-3387
248
746
1769
5764
7175
6212
8093
10553
10564
9940
10320
10945
10229
8794
8905
9831
8793
6843
7827
9027
6820
6800
10049
9281
7279
10434
11637
9294
11141
13095
11830
11433
11740
11704
10687
9373
9130
7906
5672
4185
2551
976
-688
-3001
-4299
-5708
-8633
-10259
-10592
-12490
-14308
-14384
-15847
-17934
-18245
-18874
-18710
-18289
-19466
-18594
-17372
-18536
-17517
-14321
-13673
-13027
-9431
-7283
-7174
-4792
-938
1055
2087
4319
6653
7220
7704
9875
11290
10772
10790
11280
10684
9744
9352
9765
9993
8229
6969
8669
7992
5880
8475
9890
7615
8481
10898
9869
9739
12164
12595
11331
11804
12926
10421
10063
10912
7835
7241
6327
3534
2507
1114
-1204
-2713
-4206
-6765
-8141
-9719
-11431
-12315
-13614
-15019
-16590
-17219
-18511
-19764
-18329
-18720
-20338
-18121
-17605
-19604
-17012
-13838
-14011
-12944
-9328
-7389
-7381
-4561
-344
1297
2207
5066
7396
7261
8252
10790
11304
10779
11248
11320
10890
10300
9443
9903
9774
7326
7089
8660
6943
6349
9085
8596
6923
8713
9745
8860
10211
11489
11114
11562
11405
10797
10773
10695
9964
8672
8113
6950
4571
3266
2831
924
-1199
-2243
-4160
-6532
-8151
-9241
-10508
-12346
-13879
-15229
-16732
-18246
-19529
-18831
-18456
-20691
-19771
-17332
-19632
-19145
-14049
-14104
-14929
-10171
-7736
-8441
-5446
-1118
611
1276
3688
6740
6636
6929
9704
10435
10207
9877
9855
11206
8710
6780
10200
8695
5014
7426
7842
5562
6263
7385
8499
7841
7334
10549
9987
8962
12326
12538
11202
11950
12306
11401
10832
10906
10201
8944
7505
5896
4562
3502
1921
-68
-1308
-2634
-5490
-7750
-8060
-9697
-12345
-13112
-14279
-16825
-18008
-18791
-19847
-19339
-19678
-20717
-19030
-18694
-19942
-16669
-13756
-14869
-12741
-8462
-7815
-7076
-3185
198
1051
2480
5903
7188
6323
8367
10848
10024
9772
10536
9802
9318
8850
8229
8864
8065
6146
6548
7011
5856
6098
8077
8295
7013
8279
9978
8776
9218
11929
11647
10324
11180
11245
9985
9865
9916
8930
7915
6538
4652
3870
3145
1061
-294
-802
-3120
-5574
-6327
-7938
-9853
-10434
-11896
-14340
-15454
-16933
-18752
-18645
-18828
-19784
-19925
-18921
-18801
-19303
-17263
-14381
-13512
-13156
-8956
-6251
-7328
-3376
1209
1456
3039
6334
7486
7144
8415
10364
10476
9663
9855
9830
8672
7600
7565
7877
6725
5276
5705
6191
5038
5186
7541
7883
6566
7985
9840
8835
9286
12019
11787
10370
11369
11210
9568
9860
10067
8830
7796
6913
5611
4054
2947
2112
799
-792
-2243
-4026
-5825
-7014
-8381
-9459
-10838
-12900
-13941
-15628
-17642
-18018
-18359
-18714
-19222
-19438
-18536
-18751
-18570
-15710
-13877
-13842
-11198
-7917
-7390
-5403
-1295
843
2042
4267
6081
6890
7563
8766
10141
10225
9586
9490
8956
7812
7548
7383
6797
6442
5502
5273
5887
5451
5724
7588
7597
6798
8728
9425
8852
10602
11408
10799
11158
11140
10508
10386
9927
9430
8595
7533
6562
5199
4455
2887
1631
851
-1186
-2552
-4079
-5657
-7008
-8555
-9587
-11273
-12919
-14016
-15956
-17566
-18042
-18519
-18742
-19260
-19338
-18313
-18801
-18342
-15127
-13917
-13554
-10430
-7885
-7119
-4865
-1288
1189
2386
4215
6653
7462
7456
9281
10970
10143
9641
10346
9666
8510
8697
8694
7942
7165
6248
6419
6747
6015
6620
8049
7348
6314
8053
8978
7673
8802
10374
9390
8636
9274
9694
8410
8040
9090
7729
6101
6415
5715
3912
3387
3118
1338
-81
-806
-2621
-4246
-5362
-7159
-8436
-9923
-11983
-13071
-15031
-16987
-17478
-19148
-19822
-18997
-20280
-20010
-17979
-18957
-18215
-14428
-13855
-13180
-9056
-6757
-5890
-2899
437
2565
3949
5969
8251
8850
9487
10784
11332
11550
10633
10170
10929
9214
7851
8980
7942
6327
6338
6300
6214
5692
5956
7148
6395
5666
7607
7963
6877
8176
9059
8271
7810
8453
8580
7373
7197
7333
6299
5427
5342
4687
3591
3064
2337
1526
790
-354
-1605
-2934
-4445
-6044
-7592
-8773
-10278
-12720
-14456
-15303
-17431
-19617
-19176
-18824
-20693
-20401
-18159
-18819
-18978
-15292
-13002
-13023
-10440
-6250
-4786
-3958
126
3849
4163
5621
8902
9523
8760
9985
11562
11046
9808
9683
9479
8202
6810
6696
7123
5759
4088
5073
5457
3821
4940
6777
5840
5519
7157
7565
6751
7934
9146
8664
8368
8860
8935
7762
7801
8066
6865
6698
6514
5015
4618
4431
2950
2376
2224
707
-872
-1584
-3188
-5328
-6151
-7642
-9660
-10812
-12963
-15115
-15750
-18045
-20022
-18345
-19210
-21253
-18764
-17443
-18855
-17436
-13715
-12414
-11885
-8047
-4662
-3713
-1556
2313
4836
5166
7257
9959
9609
9650
11470
11613
10184
9960
9830
8668
7692
6744
6342
5973
4226
3608
4746
4136
3238
4687
5314
4365
4856
6307
6598
6391
7460
8292
7469
7337
8401
8153
7235
7903
7706
6459
6459
6180
5371
5006
4758
3337
2305
2413
881
-659
-663
-2036
-4794
-5893
-7063
-9353
-10644
-12072
-13835
-15865
-17714
-18475
-19125
-19161
-19376
-19452
-17886
-17781
-17897
-14508
-11816
-11435
-8359
-4370
-3716
-2133
2043
4304
4949
7011
9297
9570
9349
10255
11022
10369
9227
9053
8779
7167
6027
6382
5952
4479
4292
4848
4378
3630
4362
5938
5193
4379
6934
6818
4540
7076
8080
5628
6817
7399
5641
6061
6000
5176
5273
4598
4241
4210
3508
3404
3135
2474
2371
1838
1213
814
-546
-1731
-2397
-4242
-5933
-6772
-8932
-11135
-12124
-14207
-16480
-17401
-18345
-18903
-19328
-19559
-17921
-17675
-18231
-14598
-11999
-12190
-8467
-4436
-3876
-1761
2058
4536
5831
7494
9906
10380
9402
10498
11708
10324
9233
9760
8491
6270
6210
5825
4237
4193
3771
2531
3067
2576
2083
3969
3909
2841
4481
5154
3621
4983
6365
5070
5612
6257
5873
6156
5987
6024
6337
6181
6459
6586
6340
6613
6299
5715
5810
5464
4462
3494
2725
1328
-692
-2263
-3671
-5745
-7994
-9861
-11897
-14450
-16483
-17475
-19086
-20198
-19672
-19687
-19786
-18550
-17491
-16768
-13684
-11569
-10361
-6236
-3975
-2818
164
3131
5011
5880
7746
9575
9215
8535
10084
10420
8332
8242
8386
6550
5353
5290
4719
3994
3334
2404
2628
2927
1698
2136
3811
2616
2072
3999
3592
2770
4411
4794
3964
4828
5520
4789
5106
6269
6085
6074
7214
7362
7121
7804
8194
8021
7855
7774
7323
6241
5590
4793
2964
1297
-703
-3185
-5180
-7601
-9733
-11431
-14366
-16760
-17839
-19573
-20908
-20011
-19012
-20031
-19212
-16229
-16670
-15839
-10528
-9079
-8717
-3929
-1587
-1643
1357
4653
5472
5982
8115
9236
7971
8198
9329
8439
7504
7294
6525
5868
4844
3817
4267
3954
2476
2499
3299
2229
1498
3187
3658
2248
2674
4528
3188
2578
4848
4102
4046
5039
4217
5333
5513
4700
6885
6873
6196
8370
7600
7940
9514
7736
8867
9707
7086
6947
7133
4979
3442
2360
258
-2477
-4996
-7078
-9305
-11166
-13486
-15856
-17005
-19009
-20806
-20055
-19077
-20237
-19766
-16296
-16653
-17492
-12329
-9561
-10495
-6705
-2202
-2472
-1428
2784
4280
4335
6423
8018
7684
7402
8031
8310
7724
6839
6390
6167
5197
4199
4122
4019
3056
2170
2663
3282
1948
1969
4195
3489
2096
4131
4763
2781
4124
6045
4715
4916
6585
6081
5524
7410
8095
7330
8824
9557
8847
9599
10351
10018
9920
10267
9603
8242
7520
6701
4929
3056
1628
-763
-3595
-5851
-8459
-10356
-12403
-15351
-16815
-18216
-20252
-21010
-20651
-19917
-20241
-20011
-17347
-16727
-17597
-13553
-9604
-10620
-8024
-2748
-3078
-2825
2343
3882
3256
6312
7400
7179
7325
7028
8746
7907
6345
7720
6605
4619
5013
4829
4127
4109
3698
3422
3372
2924
3035
3948
4107
3324
3993
4661
3456
4224
5814
5063
4742
6091
6431
5150
6541
8556
7078
7443
9873
8772
7765
10159
10312
8676
9443
9468
7627
6465
5866
4707
2840
696
-1153
-3289
-6419
-8914
-10157
-12264
-14920
-16332
-17544
-19231
-20326
-20486
-19701
-19144
-19446
-17965
-15755
-15875
-14788
-10707
-8796
-8467
-5042
-2289
-2119
-466
2566
4047
4292
5870
7299
7095
6773
7869
8635
7302
7476
8092
6483
5900
6474
5831
5394
5464
4603
4387
4365
3812
4311
4706
4471
4121
4301
4738
3863
4475
5545
4378
4874
5786
4233
5086
6962
4861
6038
8245
5898
6768
8107
7064
7291
7180
6827
6686
5239
4087
4180
2473
560
-159
-1464
-3722
-6051
-7033
-8871
-11332
-12161
-13182
-15435
-17114
-17702
-18242
-19284
-19062
-16937
-17871
-18341
-14506
-14362
-14816
-9776
-7223
-8136
-4741
-1010
-1492
133
4231
5483
5565
7622
9199
8482
8513
9929
9868
9190
9289
8618
7785
7421
6413
6086
6352
4972
3932
4761
4420
2969
3792
4792
3330
2898
4325
3778
2345
3934
4425
2591
3507
4285
3041
3147
4436
4247
3630
5088
5904
4800
5474
7313
6187
5975
8081
7185
5915
6653
6275
4566
3582
3098
1554
-845
-3071
-4275
-6250
-9473
-10502
-11171
-14480
-16422
-16595
-18077
-19282
-19029
-17798
-17836
-18638
-16173
-14002
-14770
-12249
-7622
-7449
-6668
-1988
-46
-812
2341
6352
5048
5674
8848
8165
7540
8066
8676
8691
6925
6824
7527
5664
4577
5594
5033
3836
3710
3605
3847
3189
2763
4290
3822
2038
3196
4134
2112
2764
4364
2613
2587
3368
2891
2776
3485
4293
3972
4783
5718
5289
5763
7242
7360
6751
8227
8798
6924
7062
7946
5640
4096
4610
2625
241
-445
-2676
-5247
-6725
-9324
-11044
-11670
-14243
-15831
-15775
-17330
-18593
-18071
-17065
-16793
-17287
-15138
-12488
-13743
-12166
-6908
-6799
-7005
-2026
-212
-1534
1165
4127
3950
4479
6033
6744
6531
5848
6582
7471
5873
5313
6583
5448
4063
4818
4753
4012
3799
3980
4328
3639
3337
4251
4221
3502
3846
4408
3820
2999
3796
4050
3056
4378
4330
3753
5354
4605
4997
6778
6463
6797
8002
8172
8038
8517
8743
9090
8720
7848
7694
6740
5185
3885
3040
1874
-510
-2781
-4338
-6232
-8923
-10743
-11271
-13130
-15760
-16667
-17024
-18647
-19297
-18130
-17749
-17986
-17736
-15945
-14710
-15284
-12842
-9320
-9448
-8702
-4684
-3216
-3755
-941
2156
2335
2883
5091
6203
5738
6130
7642
7806
7114
7851
8165
7291
7282
7425
7267
7459
6723
6399
7290
6381
5619
6827
6738
5184
5078
6005
4973
4186
5199
4762
4032
3963
3467
3633
3634
3396
4030
4301
3895
4130
4823
4989
5243
5895
6384
6581
6286
6226
6390
6093
5487
4707
4064
2778
1096
-398
-2026
-3783
-6441
-8186
-9243
-11947
-13989
-14147
-15752
-18624
-18150
-17908
-20112
-18425
-16854
-18598
-16342
-13960
-15302
-12518
-8528
-8683
-6947
-2811
-1570
-1545
1751
4851
4246
5625
8847
8316
7914
9837
10119
9552
9875
10384
9842
8968
9384
8952
8024
8449
7701
6662
7436
6351
4832
5940
5318
3343
3597
4157
1874
903
2469
568
-758
625
45
-1447
-809
187
-1154
-653
1316
957
1292
3217
3618
3467
5116
6075
5667
6424
7140
6147
5646
5844
4646
3351
2500
804
-1072
-2914
-5009
-6656
-8580
-10904
-12081
-13340
-15334
-16145
-16619
-17493
-17769
-17588
-16378
-15695
-15822
-12984
-11249
-12377
-8638
-4841
-5987
-3046
1477
731
1894
6077
6967
7049
9275
10721
10379
10650
11378
11514
11376
10837
10837
10382
9208
8892
8302
7435
7266
5338
4608
5766
2072
2018
3995
-196
-448
470
-1745
-2484
-1971
-2497
-3438
-3186
-3641
-3345
-2918
-2796
-1683
-960
-377
387
1667
2742
3749
5027
6048
6993
7287
7634
8538
8367
7823
8365
7565
5863
5378
3962
2020
1090
-979
-3276
-4285
-6874
-9288
-9628
-11363
-13395
-13719
-14437
-15670
-16033
-15671
-14492
-14451
-14586
-11247
-10355
-11621
-7500
-4285
-5619
-3051
1624
909
1054
5159
6060
5504
7356
8591
8440
8110
8069
8858
8310
6826
7391
7180
5030
4493
4514
3255
2086
1236
755
299
-1304
-2120
-1335
-2489
-4143
-2943
-2721
-4606
-3932
-2683
-3907
-3467
-2110
-2108
-1321
-242
679
1744
2929
4176
5525
6850
8122
9608
10236
11238
12553
12244
12568
13673
12837
11860
11976
10570
8803
7803
5969
4234
2208
-645
-2054
-3944
-7474
-8464
-9179
-12294
-13446
-13388
-15232
-16431
-16076
-15830
-15457
-15937
-15068
-12451
-13305
-13034
-8853
-7938
-8588
-5265
-2700
-3514
-2078
836
1676
2021
3257
4725
4514
3851
5456
6273
4781
5177
6000
4404
3895
4546
3942
3552
3445
2620
2290
2175
1384
1384
1991
1157
232
767
388
-715
65
558
-623
-299
666
-127
78
1636
1780
2121
3857
4699
4891
6365
8029
8361
9364
11554
11700
11164
12854
13208
11710
12260
12663
10635
9416
8976
6634
4391
3363
1220
-1491
-3111
-5339
-8293
-9705
-11349
-13839
-15087
-15989
-17748
-19024
-19184
-19371
-18696
-18247
-18064
-16127
-15876
-15768
-12361
-10334
-10246
-7583
-3743
-3905
-3769
1153
2614
1451
4946
7080
5576
6819
8027
7826
9035
8050
8438
9166
6622
7330
7802
6293
6594
5801
4785
4960
3800
3029
3503
2566
1565
1555
1335
309
134
767
-117
-633
-86
-127
-289
850
1437
1211
3200
3918
3388
5844
7290
6659
8361
10267
9779
10019
11442
11467
10646
10980
10901
9313
8257
7194
5293
3559
1499
-739
-2408
-5076
-7946
-9396
-11509
-14051
-15508
-16367
-17596
-19000
-19158
-18487
-18840
-19154
-16688
-15771
-16577
-13176
-11368
-12341
-8614
-5314
-5979
-3047
851
224
1456
5067
5772
6173
8267
9387
9040
8958
9910
10255
9433
9614
9844
8271
7342
7370
6427
5886
5578
4405
3777
3021
1462
1411
1575
61
-661
-334
-1263
-3050
-2029
-1585
-3773
-2420
-1995
-3842
-2238
-1581
-2235
-167
485
410
2477
2283
3312
5457
4804
6736
8166
7057
8207
8819
7928
8273
8383
7574
6792
5619
4432
3104
1490
380
-846
-2704
-4349
-5855
-7682
-9008
-9944
-10812
-11259
-12112
-13021
-12889
-13101
-13630
-12203
-10651
-11250
-10115
-7377
-7797
-7112
-3173
-2283
-2274
915
2535
2352
3805
5698
6800
6770
7509
8822
7914
7063
7951
7910
6508
6396
6084
4398
3749
2992
2292
2187
947
-45
-169
-991
-2103
-1969
-1499
-2470
-3379
-2979
-3239
-4618
-4038
-2983
-4426
-4652
-3815
-4722
-5317
-4189
-3306
-3677
-2691
-1363
-1508
-413
1621
2625
4088
6288
7349
8096
9758
11026
11467
12587
13544
13040
12931
12769
11566
10934
9902
8181
6803
4781
2824
942
-1099
-2400
-4702
-6476
-6737
-9115
-10385
-9645
-11586
-12495
-11499
-11852
-11719
-11259
-10480
-9545
-9985
-8982
-6685
-6787
-6426
-3767
-3311
-4098
-2149
-276
-815
-203
1929
1793
987
2309
3333
2993
3185
4022
3825
3119
3544
3564
2913
3018
2641
1643
1416
877
-407
-602
-749
-2263
-2975
-2903
-4223
-4986
-4353
-5053
-5661
-4938
-5085
-5397
-4492
-3425
-3445
-2661
-198
192
514
3916
5102
4753
7770
10026
9848
11708
14171
14283
14714
16191
16414
16219
16650
16374
15509
15058
13683
11751
10827
9180
6851
5149
3481
1048
-1774
-3392
-5061
-7900
-9430
-10094
-12338
-14193
-14463
-15774
-17360
-16685
-16250
-17457
-16326
-14912
-16175
-14863
-12014
-12151
-11169
-7992
-7332
-7275
-4821
-2900
-2345
-1153
880
1732
1294
2554
4052
3795
4455
5266
4789
4845
4835
4417
5008
4880
3746
3979
3955
2569
2071
2852
2342
830
1253
1513
-270
-895
314
-522
-1734
-567
-1076
-2144
-1367
-1089
-1249
-412
1172
875
1390
4220
3810
4421
7972
8182
8365
10775
11708
11698
12906
14127
14165
14036
14139
13862
12635
11745
11121
9197
7511
6004
3311
1402
-201
-3050
-4851
-6251
-9188
-11445
-12235
-13695
-15546
-15837
-16332
-18134
-18251
-17755
-18146
-16916
-15928
-15908
-14125
-13141
-12922
-10210
-8056
-7660
-5475
-2626
-2144
-1451
1714
3417
3164
5241
7376
6814
7105
8744
8952
8489
8983
9490
8791
7838
7934
7663
6472
6088
5690
4493
4017
3147
1935
2017
753
-463
-379
-1796
-2482
-2868
-3900
-3758
-4678
-5736
-4563
-5410
-6236
-4309
-5485
-5043
-3030
-4241
-1956
-55
-828
1777
3682
3777
6040
8228
8944
10221
11869
12574
12852
13937
14151
13385
13694
12868
11296
11124
9592
7257
6328
4704
2003
291
-873
-3234
-5377
-6432
-8220
-10105
-10796
-11676
-13004
-13407
-13787
-14815
-15005
-14070
-13700
-14061
-12589
-11184
-12246
-10752
-7617
-7984
-7185
-3743
-3223
-3410
-751
1073
1206
2632
4339
4673
4782
5632
6423
6278
6243
6610
6185
5511
5211
4567
4024
3698
2557
1836
1617
327
-446
-559
-1587
-2525
-2689
-3221
-4197
-4507
-4657
-5469
-5779
-5184
-5509
-5844
-4937
-4740
-4955
-3712
-2331
-2240
-765
1534
1782
3210
5945
6830
8320
11073
12240
13365
15135
16000
16946
17667
18174
18492
17721
17209
16531
14987
13981
12594
10212
8294
6162
3158
1123
-761
-3828
-5885
-7588
-10487
-12444
-13429
-15167
-16449
-16789
-17416
-18101
-18458
-17855
-17481
-17166
-15693
-15327
-14581
-13059
-12863
-11459
-8733
-7924
-7101
-4198
-3184
-3173
-714
1226
1479
2694
4526
4857
4756
5824
6872
6680
6900
7661
7227
6832
6921
6427
6148
6458
5577
4977
5407
4055
3208
3884
3314
2125
2262
2364
743
315
822
-294
-912
-623
-1347
-2200
-1866
-1969
-2671
-2041
-1555
-1990
-1149
167
37
717
3062
3307
3816
6923
7216
7107
9923
10397
9827
11643
12337
10993
11102
11459
9450
8259
8257
6486
4365
3525
1777
-1135
-2572
-3691
-6149
-7658
-8271
-10585
-12227
-12629
-14280
-15157
-15069
-15575
-16148
-15946
-15889
-15808
-15210
-14374
-12874
-12821
-11415
-9250
-9529
-7360
-4645
-4016
-2173
425
1796
3021
5344
7303
8535
10021
11485
12271
12928
13547
14030
14364
13922
13512
13283
12205
10940
10321
9225
7707
6633
5250
3889
2556
896
48
-812
-2330
-3222
-3865
-5137
-6161
-6409
-7048
-7882
-8055
-8615
-9309
-9278
-9464
-9841
-9406
-8895
-9067
-8584
-7418
-7026
-6348
-4505
-3341
-2560
-766
885
2100
3680
5367
6825
7865
9133
10542
11059
11825
12855
12728
12883
13378
12543
12007
11942
10651
9593
9032
7480
5847
4797
3063
1220
358
-1192
-3116
-4086
-5412
-7280
-8328
-8782
-9812
-10885
-10993
-11337
-12411
-12230
-11601
-11617
-10846
-10212
-9507
-8291
-7943
-6605
-4516
-3881
-2766
-690
148
609
2318
3612
3931
4746
5755
5993
5546
6019
6584
5647
5497
5902
4899
3905
3990
3605
2382
2296
2278
865
434
470
-589
-942
-893
-1619
-2183
-2446
-3177
-3866
-3989
-4670
-5306
-5311
-6099
-6969
-6956
-7160
-7715
-7160
-6449
-6705
-6140
-4795
-4272
-3385
-962
530
1301
3929
5618
6213
8901
10914
11492
13461
14877
14705
15521
16360
15780
15761
15784
14363
13052
12099
10335
8512
7320
5543
3215
1374
-530
-2743
-4514
-5861
-7250
-8862
-10209
-11023
-12286
-13432
-13316
-13536
-14329
-13936
-13714
-14382
-13696
-12940
-12681
-11123
-10340
-9715
-7877
-7261
-6198
-3649
-2377
-1145
1233
2550
3280
5166
6840
7660
8938
10198
10520
10570
10897
11061
10662
10236
10037
9232
7673
6955
6283
4232
3750
3265
1037
618
-161
-2127
-2465
-3026
-4316
-4627
-5003
-6213
-6743
-7066
-8003
-8205
-8186
-8814
-9106
-9227
-9805
-10101
-9802
-9497
-9207
-8624
-8027
-7646
-7033
-5675
-4233
-2665
-376
1222
2526
4953
6582
8016
11006
12817
13639
15655
16632
16492
17450
18248
17946
17608
17205
16021
14427
13199
11978
10299
8586
6944
4974
2852
1008
-645
-2365
-3811
-4956
-6560
-7898
-8785
-10092
-10959
-11192
-11655
-12264
-12556
-12923
-13473
-13316
-13140
-12871
-11859
-11762
-11417
-9814
-9467
-8853
-6245
-4853
-4371
-2043
-209
103
1826
4067
5041
6028
7471
8310
8109
8348
9041
8825
8470
8465
7870
6510
5750
5166
3962
3294
2681
1511
428
-417
-1350
-2009
-2558
-3225
-3656
-4450
-5085
-5462
-6068
-6343
-6692
-7038
-7251
-7861
-7999
-7797
-8282
-8087
-7183
-7192
-7142
-5960
-4988
-4752
-3234
-1136
-327
936
3190
4649
5697
7777
9759
10615
11803
13341
13876
14104
14966
15289
14795
14685
14397
13237
12188
11369
10109
8805
7680
6291
4606
3080
1723
220
-1036
-2044
-3413
-4602
-5511
-6811
-7785
-8298
-9251
-9979
-10294
-11173
-11906
-11992
-12344
-12553
-12159
-12028
-12039
-11586
-11014
-10515
-9568
-8153
-7144
-6242
-4539
-3263
-2553
-611
1376
2084
3513
5509
6037
6563
8299
9126
9101
10054
10603
9847
9696
9858
9082
8462
8216
7283
6109
5314
4232
3068
2428
1568
273
-419
-1118
-2596
-3223
-3418
-4551
-5277
-5347
-6127
-7081
-6986
-7278
-8081
-7896
-8091
-8695
-8667
-8629
-8642
-8570
-8123
-7900
-7744
-6903
-6394
-5619
-4453
-3550
-2556
-1447
35
1248
2690
4771
5882
7154
9200
10077
11032
13072
13861
14030
15296
15626
14953
15287
15341
14376
13696
13047
11766
10329
9220
7969
6376
5002
3631
1935
497
-767
-2202
-3519
-4638
-5780
-6899
-7752
-8580
-9456
-10009
-10734
-11488
-11519
-11858
-12526
-12309
-12245
-12710
-12329
-11543
-11203
-10699
-9610
-8515
-7812
-6697
-4819
-3290
-2109
-298
1444
2368
3634
5432
6449
7169
8306
8799
8783
9008
8933
8714
8461
7680
6960
6253
4999
4063
3449
2374
1434
805
-177
-1097
-1642
-2285
-2913
-3315
-3761
-4262
-4696
-5022
-5360
-5757
-5965
-6230
-6624
-6852
-7026
-7185
-7367
-7202
-6901
-7015
-6485
-5732
-5656
-4519
-3390
-3077
-1199
-129
429
2735
3552
4352
6548
7201
7930
9682
10021
10389
11633
11623
11657
12150
11905
11524
11286
10979
10321
9698
9190
8436
7593
6865
6132
5238
4404
3669
2788
1809
1038
168
-848
-1622
-2455
-3489
-4401
-5156
-6226
-7144
-7676
-8569
-9301
-9777
-10391
-10851
-11270
-11332
-11270
-11491
-11260
-10847
-10773
-10399
-9433
-8687
-8196
-7104
-5931
-5292
-4379
-2886
-1713
-891
371
1697
2467
3159
4338
5316
5704
6419
7245
7332
7373
7749
7808
7641
7493
7226
6830
6187
5460
5012
4450
3538
2896
2463
1512
540
172
-388
-1353
-1773
-2004
-2844
-3442
-3553
-4089
-4603
-4636
-4802
-5092
-5213
-5251
-5271
-5301
-5093
-4719
-4504
-4116
-3660
-3213
-2672
-2043
-1148
-425
397
1508
2158
2919
4238
4949
5727
7244
7715
8280
9417
9657
10190
10788
10931
11174
11019
10697
10426
9869
9185
8534
7765
6661
5460
4378
3146
1772
611
-546
-1961
-3278
-4424
-5576
-6705
-7715
-8494
-9405
-10369
-10917
-11478
-12150
-12422
-12653
-13012
-13109
-13071
-13023
-12769
-12300
-11921
-11315
-10529
-9862
-8871
-7757
-6602
-5356
-4107
-2591
-1301
-44
1681
3083
4179
5788
7166
7909
9053
10194
10588
11084
11725
11789
11620
11526
11257
10715
10078
9526
8802
7809
7014
6174
5124
4364
3540
2526
1885
1133
145
-323
-897
-1786
-2053
-2463
-3229
-3443
-3742
-4411
-4616
-4734
-5234
-5456
-5545
-5886
-6107
-6114
-6104
-6124
-6043
-5823
-5626
-5455
-4962
-4448
-4026
-3365
-2732
-2044
-1335
-533
393
1146
1847
2774
3528
3873
4744
5392
5452
6041
6407
6293
6350
6468
6265
5950
5791
5448
4913
4410
4015
3448
2697
2255
1785
917
462
157
-711
-1168
-1356
-2100
-2521
-2621
-3189
-3579
-3613
-4072
-4448
-4427
-4785
-5091
-5034
-5288
-5537
-5495
-5546
-5590
-5439
-5212
-5078
-4860
-4434
-4072
-3647
-2923
-2318
-1780
-965
-174
489
1382
2409
3113
3835
4793
5377
5792
6530
7054
7116
7438
7731
7390
7204
7272
6793
6219
6044
5424
4476
4022
3362
2409
1876
1282
430
-265
-860
-1540
-2208
-2658
-3092
-3664
-4076
-4400
-4900
-5245
-5382
-5742
-6007
-6032
-6329
-6619
-6565
-6667
-6800
-6588
-6467
-6425
-6189
-5912
-5592
-5160
-4614
-3963
-3442
-2805
-1970
-1447
-631
411
1011
1909
2873
3447
4190
5013
5597
6178
6860
7248
7516
7929
8043
8075
8338
8264
8003
8003
7656
7078
6907
6464
5789
5443
4862
4077
3497
2876
2170
1541
918
267
-397
-1122
-1683
-2222
-2927
-3378
-3787
-4491
-4889
-5181
-5753
-6016
-6216
-6594
-6739
-6879
-7026
-7007
-7041
-6942
-6651
-6546
-6275
-5720
-5409
-4920
-4074
-3430
-2773
-1856
-1010
-247
651
1615
2427
3179
3984
4626
5097
5584
5951
6149
6294
6301
6149
5910
5535
5085
4599
4011
3400
2763
2079
1416
737
136
-375
-953
-1394
-1732
-2243
-2595
-2758
-3103
-3323
-3354
-3589
-3749
-3713
-3843
-3911
-3784
-3829
-3837
-3628
-3573
-3502
-3179
-3002
-2803
-2348
-2035
-1727
-1188
-745
-365
261
837
1243
1786
2306
2675
3070
3562
3885
4115
4464
4588
4667
4829
4764
4711
4692
4479
4290
4123
3791
3497
3207
2815
2463
2079
1644
1274
835
373
46
-395
-834
-1106
-1481
-1858
-2066
-2279
-2545
-2656
-2684
-2834
-2859
-2741
-2764
-2707
-2492
-2447
-2368
-2167
-2122
-2031
-1892
-1865
-1824
-1817
-1846
-1885
-1951
-1939
-1984
-2041
-1935
-1950
-1957
-1711
-1589
-1447
-1026
-755
-518
-13
366
705
1280
1736
2110
2606
2989
3295
3618
3865
4039
4105
4131
4109
3915
3751
3590
3243
2954
2715
2315
1945
1677
1312
921
679
397
11
-211
-430
-783
-981
-1148
-1449
-1664
-1849
-2108
-2362
-2574
-2774
-3050
-3258
-3406
-3652
-3784
-3884
-4055
-4079
-4144
-4223
-4098
-4085
-4032
-3738
-3621
-3403
-3003
-2782
-2431
-2009
-1704
-1273
-861
-500
-12
377
749
1278
1631
1977
2505
2826
3132
3611
3856
4067
4438
4602
4720
4947
5024
5053
5128
5105
5059
4998
4880
4755
4567
4367
4184
3899
3654
3440
3090
2797
2551
2164
1820
1511
1089
679
292
-147
-588
-1021
-1459
-1918
-2393
-2815
-3243
-3701
-4064
-4401
-4782
-5050
-5249
-5465
-5571
-5614
-5657
-5573
-5450
-5301
-4990
-4675
-4367
-3886
-3434
-3019
-2434
-1890
-1410
-790
-218
264
826
1343
1742
2157
2552
2821
3043
3270
3375
3376
3389
3333
3157
2962
2769
2465
2083
1786
1428
958
655
313
-159
-418
-694
-1100
-1263
-1431
-1711
-1762
-1801
-1943
-1908
-1845
-1872
-1793
-1671
-1599
-1495
-1363
-1238
-1111
-983
-823
-652
-489
-285
-64
143
380
648
922
1209
1540
1860
2166
2517
2823
3091
3411
3630
3801
4025
4094
4113
4183
4073
3926
3826
3561
3257
2995
2625
2207
1843
1432
967
572
173
-294
-681
-1079
-1526
-1867
-2237
-2606
-2870
-3211
-3496
-3685
-3977
-4155
-4249
-4472
-4552
-4552
-4665
-4626
-4502
-4483
-4341
-4112
-3975
-3726
-3419
-3169
-2842
-2486
-2152
-1798
-1407
-1044
-707
-320
28
334
691
1032
1315
1673
2045
2339
2719
3119
3427
3797
4199
4495
4793
5140
5369
5541
5771
5887
5869
5884
5804
5539
5271
4952
4457
3917
3389
2741
2017
1365
671
-116
-779
-1412
-2123
-2697
-3148
-3678
-4077
-4306
-4622
-4833
-4882
-4982
-5050
-4990
-4926
-4921
-4806
-4637
-4564
-4421
-4197
-4061
-3920
-3654
-3449
-3281
-2954
-2637
-2402
-1984
-1543
-1237
-754
-232
124
641
1197
1559
2043
2553
2843
3185
3531
3668
3820
3968
3951
3895
3805
3639
3434
3161
2916
2657
2296
2033
1796
1434
1210
1062
790
629
580
417
321
376
354
336
460
517
502
616
694
659
731
800
719
708
732
598
486
438
248
50
-70
-289
-523
-682
-894
-1101
-1232
-1383
-1504
-1564
-1635
-1657
-1625
-1594
-1514
-1385
-1257
-1100
-896
-683
-501
-276
-32
116
309
545
650
764
936
975
968
1021
996
864
793
704
453
294
171
-168
-372
-506
-880
-1125
-1280
-1617
-1864
-2051
-2304
-2500
-2677
-2821
-2949
-3074
-3113
-3151
-3173
-3115
-3060
-2946
-2775
-2596
-2334
-2056
-1769
-1393
-1033
-670
-231
172
566
1026
1432
1805
2220
2560
2850
3170
3419
3607
3793
3921
4003
4066
4106
4124
4088
4017
3945
3810
3624
3459
3259
2984
2748
2515
2199
1919
1662
1320
1015
740
389
86
-189
-534
-816
-1066
-1371
-1604
-1795
-2025
-2193
-2319
-2465
-2552
-2616
-2684
-2692
-2685
-2676
-2606
-2518
-2427
-2299
-2155
-1998
-1825
-1654
-1461
-1261
-1076
-867
-654
-476
-295
-123
16
148
272
379
465
535
599
625
640
652
623
597
572
514
476
435
375
327
268
227
180
112
94
44
-49
-69
-119
-221
-261
-321
-418
-491
-561
-634
-702
-748
-768
-789
-780
-750
-726
-676
-601
-524
-426
-293
-149
-9
167
363
528
715
917
1072
1235
1403
1519
1639
1758
1825
1891
1952
1955
1947
1932
1863
1785
1702
1569
1424
1278
1092
906
719
499
287
84
-146
-362
-555
-770
-970
-1125
-1282
-1413
-1504
-1591
-1665
-1709
-1745
-1762
-1752
-1729
-1693
-1637
-1573
-1496
-1400
-1286
-1172
-1030
-866
-708
-530
-329
-138
71
304
519
741
972
1174
1359
1546
1699
1813
1905
1962
1973
1950
1898
1803
1662
1489
1284
1043
781
514
221
-82
-360
-649
-931
-1160
-1387
-1596
-1743
-1871
-1985
-2051
-2089
-2127
-2139
-2100
-2063
-2019
-1910
-1809
-1707
-1538
-1382
-1233
-1035
-846
-660
-438
-217
7
242
493
740
975
1224
1461
1665
1863
2028
2146
2241
2291
2298
2290
2231
2136
2025
1860
1674
1494
1279
1061
866
644
435
259
75
-86
-205
-323
-420
-473
-517
-557
-565
-560
-563
-556
-542
-548
-553
-545
-561
-584
-584
-598
-614
-605
-615
-621
-604
-593
-577
-542
-498
-448
-397
-336
-280
-233
-168
-108
-63
0
47
70
92
92
82
70
33
-15
-67
-128
-188
-248
-301
-346
-383
-414
-440
-455
-458
-457
-443
-415
-373
-318
-246
-164
-83
-5
66
128
182
232
275
312
347
374
386
391
385
368
359
341
319
308
290
285
297
296
307
326
335
362
401
427
458
491
514
534
552
564
567
565
552
517
474
428
379
317
241
163
82
1
-63
-122
-185
-236
-279
-325
-357
-382
-402
-410
-417
-425
-418
-418
-425
-430
-446
-467
-484
-498
-505
-506
-505
-499
-490
-474
-461
-452
-439
-420
-402
-378
-345
-315
-275
-235
-203
-176
-153
-145
-143
-148
-158
-166
-169
-168
-162
-155
-141
-124
-100
-69
-38
6
65
126
192
260
321
378
430
477
522
561
592
618
628
622
614
605
586
563
551
540
532
537
552
565
585
611
636
657
668
671
668
651
632
612
578
557
534
488
453
422
371
325
271
207
139
66
-5
-67
-127
-173
-211
-253
-291
-331
-376
-432
-495
-566
-646
-734
-820
-907
-999
-1089
-1181
-1276
-1365
-1444
-1508
-1557
-1586
-1596
-1589
-1571
-1538
-1487
-1425
-1360
-1282
-1192
-1093
-990
-877
-762
-654
-542
-419
-295
-174
-49
81
206
331
456
577
689
799
915
1029
1140
1249
1356
1452
1536
1611
1673
1719
1758
1791
1811
1816
1810
1793
1762
1717
1664
1599
1525
1448
1370
1280
1179
1073
962
841
720
594
460
317
171
25
-121
-262
-397
-528
-652
-762
-862
-950
-1020
-1078
-1125
-1163
-1185
-1195
-1195
-1184
-1159
-1130
-1100
-1068
-1029
-987
-947
-905
-851
-805
-770
-736
-694
-659
-624
-574
-522
-479
-432
-376
-326
-289
-250
-214
-183
-157
-138
-129
-131
-142
-153
-164
-182
-205
-230
-262
-304
-345
-382
-411
-425
-421
-404
-380
-349
-307
-262
-211
-155
-95
-27
53
143
240
334
422
501
576
653
728
799
867
928
983
1036
1088
1134
1173
1205
1231
1251
1266
1272
1266
1248
1224
1186
1136
1078
1007
922
827
730
629
524
422
323
223
126
36
-49
-137
-219
-290
-358
-423
-479
-530
-584
-638
-682
-717
-749
-775
-792
-808
-825
-830
-823
-813
-803
-783
-759
-735
-704
-661
-611
-560
-503
-442
-382
-325
-263
-198
-138
-93
-49
-15
4
16
28
26
10
-8
-21
-46
-74
-93
-114
-140
-158
-176
-196
-218
-242
-264
-288
-311
-331
-347
-360
-367
-368
-361
-350
-332
-307
-281
-248
-213
-174
-133
-88
-40
10
68
132
198
267
332
393
445
494
540
585
626
665
700
730
758
785
807
820
824
823
814
800
783
762
735
702
664
621
574
522
468
411
353
297
242
188
134
80
27
-24
-76
-126
-172
-214
-251
-277
-297
-310
-321
-332
-340
-346
-347
-344
-341
-338
-338
-336
-338
-340
-342
-345
-348
-350
-349
-345
-343
-339
-337
-335
-332
-328
-327
-326
-323
-318
-311
-307
-306
-307
-303
-301
-300
-306
-319
-331
-338
-341
-344
-352
-363
-376
-388
-397
-402
-404
-402
-394
-384
-371
-358
-342
-321
-292
-255
-208
-156
-96
-31
39
113
189
265
338
410
480
551
620
687
750
805
852
891
928
960
990
1016
1037
1053
1063
1065
1057
1040
1009
965
912
856
797
736
673
605
532
451
363
270
172
72
-24
-115
-200
-279
-353
-422
-489
-550
-602
-646
-680
-704
-723
-738
-747
-750
-745
-733
-717
-698
-679
-657
-631
-603
-573
-540
-508
-476
-444
-413
-383
-355
-331
-309
-289
-270
-250
-235
-219
-204
-191
-180
-172
-167
-169
-172
-174
-173
-168
-157
-145
-133
-120
-105
-87
-65
-35
-2
30
65
104
146
193
244
294
338
379
415
447
482
512
543
571
595
618
638
656
672
685
694
697
697
693
687
678
668
654
633
607
573
530
480
427
374
321
264
199
122
39
-47
-131
-212
-288
-362
-431
-497
-560
-616
-668
-712
-751
-785
-815
-845
-873
-897
-916
-930
-935
-930
-916
-896
-871
-842
-811
-771
-727
-677
-623
-569
-514
-455
-394
-331
-266
-199
-134
-68
-6
53
109
164
215
266
314
359
403
447
491
531
571
612
655
697
738
771
797
816
827
834
838
839
838
831
821
806
787
763
735
700
657
611
568
525
485
440
389
338
289
245
203
158
105
54
3
-40
-79
-120
-163
-211
-256
-302
-346
-388
-429
-468
-501
-530
-556
-581
-606
-628
-647
-662
-672
-673
-671
-663
-653
-636
-614
-590
-564
-543
-521
-501
-480
-458
-438
-420
-402
-386
-369
-353
-340
-330
-321
-312
-302
-288
-272
-254
-234
-213
-191
-170
-148
-126
-103
-78
-51
-25
5
37
73
108
144
177
208
240
273
310
347
383
417
452
488
528
566
605
640
673
708
745
780
813
841
859
874
881
882
873
851
820
784
747
710
670
623
567
507
440
374
305
238
173
107
41
-27
-98
-170
-242
-312
-380
-445
-503
-554
-598
-639
-678
-713
-744
-768
-781
-786
-784
-775
-760
-739
-714
-682
-646
-605
-559
-512
-466
-423
-381
-341
-299
-255
-210
-168
-127
-90
-56
-27
-2
26
52
75
96
118
137
149
161
171
175
174
172
168
154
136
121
105
89
71
58
41
21
4
-13
-31
-47
-61
-67
-69
-70
-69
-66
-64
-60
-54
-45
-41
-34
-22
-12
-3
9
21
31
41
58
74
87
102
121
139
156
178
199
215
230
249
270
287
303
323
339
347
351
354
354
348
340
329
314
298
284
267
247
227
207
186
167
150
134
118
105
94
84
73
58
43
29
18
8
-3
-16
-31
-46
-58
-69
-84
-100
-117
-132
-144
-153
-161
-169
-178
-186
-195
-203
-212
-222
-231
-242
-252
-262
-272
-281
-290
-301
-314
-329
-345
-359
-375
-390
-403
-417
-429
-438
-444
-446
-446
-445
-443
-436
-431
-423
-413
-400
-384
-365
-343
-320
-295
-264
-230
-192
-150
-106
-60
-13
36
81
127
172
218
263
309
354
397
437
477
515
554
594
635
674
712
744
772
798
821
839
849
852
846
831
811
785
757
722
684
643
597
550
503
454
405
351
294
235
173
113
56
3
-47
-98
-147
-192
-235
-275
-313
-347
-371
-392
-410
-430
-453
-475
-488
-496
-502
-512
-522
-533
-539
-544
-548
-554
-560
-562
-559
-548
-534
-517
-498
-480
-459
-438
-415
-390
-364
-340
-315
-291
-263
-236
-210
-185
-162
-140
-121
-104
-87
-73
-58
-45
-32
-17
1
18
39
57
75
92
112
131
155
179
204
226
245
263
280
297
314
329
341
349
353
356
358
364
370
377
384
388
388
386
380
373
366
361
353
345
334
323
309
291
270
247
221
196
171
142
112
80
45
12
-20
-52
-82
-113
-142
-169
-192
-212
-229
-244
-259
-272
-283
-290
-295
-300
-303
-307
-308
-309
-305
-299
-290
-278
-266
-256
-243
-230
-215
-196
-176
-156
-138
-125
-111
-98
-82
-66
-53
-42
-33
-22
-10
0
12
21
28
33
35
38
42
48
55
64
70
75
79
80
80
81
84
89
96
105
111
116
120
125
132
136
140
143
146
151
159
167
173
175
173
171
165
162
155
150
145
139
129
118
102
84
64
43
21
-2
-22
-44
-64
-83
-103
-125
-150
-172
-192
-211
-228
-243
-254
-264
-273
-280
-288
-296
-302
-307
-310
-306
-300
-291
-278
-261
-245
-225
-204
-182
-157
-131
-105
-79
-52
-24
4
33
66
100
135
170
204
235
264
291
313
335
354
371
386
398
408
413
414
409
402
392
381
368
353
337
317
295
272
245
216
185
154
122
89
56
22
-12
-45
-76
-104
-134
-163
-190
-214
-235
-252
-267
-280
-288
-295
-297
-296
-293
-289
-283
-278
-269
-260
-249
-236
-220
-205
-187
-170
-155
-141
-128
-115
-106
-93
-81
-67
-54
-42
-31
-25
-20
-17
-15
-13
-11
-6
-2
5
12
18
21
22
23
25
28
29
32
33
34
38
40
43
46
51
55
59
61
61
61
61
63
66
71
76
82
85
88
88
87
88
89
90
95
100
106
110
115
118
119
117
114
109
106
98
94
86
79
72
65
56
46
33
24
16
9
0
-11
-23
-32
-38
-43
-49
-56
-63
-67
-71
-73
-75
-74
-74
-73
-71
-69
-68
-66
-64
-62
-60
-58
-53
-47
-39
-33
-27
-23
-19
-17
-15
-11
-6
2
9
15
17
20
22
23
25
28
28
28
26
25
23
20
16
11
8
4
-2
-6
-13
-19
-24
-30
-36
-42
-47
-52
-56
-59
-60
-62
-62
-63
-64
-64
-66
-65
-67
-69
-69
-69
-67
-64
-59
-53
-47
-40
-33
-25
-15
-7
0
7
11
17
24
32
40
46
52
58
63
69
72
75
77
80
81
82
80
76
73
70
70
69
68
68
67
64
61
58
54
51
51
50
47
44
40
36
34
29
28
25
25
27
26
26
25
22
20
16
11
8
3
-1
-3
-6
-7
-8
-9
-9
-10
-11
-11
-11
-12
-15
-19
-22
-26
-32
-35
-40
-42
-45
-49
-54
-63
-70
-76
-82
-90
-96
-102
-107
-107
-107
-108
-109
-110
-114
-116
-118
-120
-121
-117
-111
-105
-97
-88
-81
-71
-64
-55
-48
-38
-29
-16
-2
11
23
37
50
62
76
89
103
116
128
138
146
153
159
164
169
173
177
179
181
180
178
175
171
168
162
156
149
142
133
123
111
99
86
74
61
49
36
24
12
0
-12
-26
-39
-51
-61
-72
-83
-95
-108
-121
-130
-138
-143
-149
-153
-156
-157
-159
-162
-161
-160
-157
-153
-147
-141
-136
-128
-121
-113
-103
-92
-81
-71
-60
-50
-41
-32
-25
-16
-10
-6
-3
-1
-1
0
1
3
7
11
16
22
27
31
34
38
40
40
40
40
40
41
42
45
48
51
54
58
59
62
64
67
69
76
80
86
92
98
104
111
115
119
122
124
126
127
127
123
119
114
110
103
98
88
80
71
62
51
38
22
5
-11
-26
-39
-51
-62
-72
-81
-90
-99
-109
-118
-129
-139
-149
-159
-167
-176
-183
-189
-194
-197
-196
-196
-191
-186
-177
-168
-157
-146
-134
-123
-110
-98
-84
-69
-55
-41
-25
-8
7
24
45
64
76
90
105
115
126
139
147
153
160
165
171
172
171
169
165
161
155
148
141
133
126
120
114
106
97
87
79
72
63
53
42
30
20
13
6
-1
-9
-17
-25
-29
-34
-36
-40
-42
-46
-49
-52
-54
-57
-58
-60
-60
-61
-62
-62
-61
-60
-60
-57
-56
-54
-55
-55
-56
-59
-63
-68
-70
-74
-75
-75
-76
-75
-74
-72
-69
-67
-63
-61
-59
-57
-56
-55
-54
-53
-49
-44
-40
-34
-28
-21
-14
-9
-4
-1
4
10
18
27
36
43
50
57
66
76
86
94
103
109
117
123
129
133
136
138
138
139
139
137
135
131
128
120
113
104
93
84
74
65
53
44
33
22
9
-3
-14
-26
-38
-49
-61
-71
-81
-89
-96
-103
-109
-116
-120
-124
-127
-129
-129
-129
-128
-126
-123
-121
-117
-111
-107
-101
-96
-90
-84
-78
-70
-64
-54
-47
-38
-29
-20
-14
-7
-3
3
10
18
24
30
34
38
44
50
53
56
58
61
60
61
60
60
58
59
57
55
54
55
54
55
55
53
51
49
46
44
42
43
42
40
37
34
28
25
22
20
18
16
12
8
5
0
-4
-5
-7
-8
-9
-8
-8
-5
-5
-3
-4
-4
-5
-7
-7
-10
-11
-12
-14
-17
-21
-25
-29
-32
-34
-35
-35
-34
-33
-32
-33
-33
-34
-36
-37
-37
-37
-36
-33
-31
-28
-26
-24
-22
-21
-18
-15
-13
-11
-8
-6
-4
-3
-1
2
5
9
13
18
23
27
29
33
35
39
42
43
46
47
48
48
46
46
44
42
38
33
27
22
14
8
3
0
-2
-2
-4
-5
-8
-11
-15
-20
-23
-27
-27
-31
-31
-34
-35
-37
-39
-41
-42
-41
-41
-40
-39
-38
-37
-35
-32
-30
-26
-23
-20
-17
-13
-9
-4
1
6
10
15
19
22
25
27
29
33
36
39
42
44
45
46
45
44
44
41
41
41
38
36
35
31
28
25
22
21
20
19
18
16
14
12
6
4
0
-1
-2
-3
-3
-4
-6
-7
-9
-9
-11
-13
-15
-17
-17
-21
-24
-27
-29
-29
-30
-31
-34
-35
-36
-36
-35
-36
-37
-40
-41
-43
-44
-44
-44
-43
-43
-40
-39
-36
-35
-33
-30
-26
-23
-18
-14
-10
-6
-3
-2
0
2
4
7
10
15
18
22
26
29
33
34
