SAMPLES:	8646
BITSPERSAMPLE:	16
CHANNELS:	1
SAMPLERATE:	16000
NORMALIZED:	FALSE
-2
-3
-6
-7
-7
-7
-4
-1
2
3
3
2
1
0
1
2
4
5
6
4
4
6
8
15
19
23
23
18
13
9
7
7
8
7
6
3
1
2
2
3
2
2
1
0
0
0
-2
-7
-10
-14
-13
-12
-8
-5
-2
0
-3
-6
-13
-20
-26
-28
-26
-22
-16
-10
-4
2
5
7
6
3
1
0
2
4
5
7
12
16
20
22
19
13
6
0
-4
-8
-10
-8
-2
2
4
4
5
0
-7
-11
-12
-10
-8
-10
-10
-9
-7
-3
2
5
7
9
9
7
3
-1
-3
-1
4
12
17
20
20
23
23
23
20
17
11
5
1
-4
-8
-10
-10
-9
-7
-8
-10
-13
-16
-17
-18
-19
-21
-22
-23
-19
-15
-10
-4
0
4
7
7
8
7
6
6
5
3
2
0
1
3
5
6
4
4
1
1
2
2
4
3
3
2
0
-2
-5
-8
-9
-9
-8
-4
1
6
11
11
11
9
7
6
3
0
-2
-2
-2
1
2
2
1
0
0
0
-1
-4
-9
-13
-13
-9
-2
3
10
13
14
12
9
3
-2
-5
-5
-3
0
0
0
-2
-2
-1
2
-2
-6
-13
-18
-20
-19
-16
-12
-9
-5
-4
-1
2
6
9
13
13
14
13
10
8
6
6
7
9
11
12
12
13
12
9
6
4
1
-4
-7
-13
-16
-17
-16
-14
-13
-12
-11
-9
-8
-9
-9
-9
-8
-5
-3
-1
0
1
2
6
8
11
13
14
12
12
8
6
4
0
-3
-3
-2
2
6
10
10
10
10
10
9
8
5
-3
-7
-11
-12
-10
-8
-3
1
3
3
4
2
-4
-7
-14
-16
-17
-15
-14
-9
-5
3
6
7
5
0
-4
-5
-4
-2
-3
-5
-5
-2
5
10
13
17
16
12
5
-3
-5
-9
-12
-13
-12
-7
1
11
20
24
23
16
6
-2
-6
-5
-2
1
3
5
8
12
13
7
0
-9
-15
-17
-15
-10
-6
-1
1
0
-2
-5
-8
-8
-9
-8
-7
-5
-2
0
0
-1
-1
-3
-2
-4
-6
-7
-5
-1
3
8
10
9
5
1
-3
-4
-4
-4
-1
3
9
14
15
15
12
9
8
5
4
5
6
7
6
4
0
-3
-5
-3
-1
-1
-2
-4
-6
-6
-5
-2
2
4
3
0
-5
-11
-15
-16
-14
-8
-4
1
6
8
10
10
7
2
-4
-5
-5
-10
-12
-10
-4
-2
-1
2
8
14
13
11
10
9
4
-1
-3
-3
-2
-2
-4
-7
-9
-10
-8
-5
-4
-2
1
0
-1
-2
-3
-2
1
4
6
6
7
8
9
8
6
3
2
0
-2
-3
-6
-7
-7
-5
-4
-3
0
3
7
9
9
6
4
2
2
4
8
8
8
6
3
-1
-2
-6
-7
-8
-4
-4
-3
-2
-2
-3
-5
-7
-8
-7
-8
-5
-5
-3
-1
1
1
2
5
5
8
10
11
13
13
11
6
3
-1
-4
-6
-8
-7
-5
-2
3
3
3
-1
-6
-9
-12
-11
-10
-8
-7
-5
-2
0
2
3
4
4
4
5
6
8
7
5
4
3
1
1
1
2
2
2
2
0
-3
-3
-3
-3
-2
-2
-2
-3
-3
-2
-1
1
2
4
4
3
0
-1
-3
-3
-3
-2
0
2
3
4
3
2
0
0
0
0
-1
1
0
1
0
-1
-2
-3
-3
-3
-4
-1
0
3
4
6
8
8
9
6
2
-3
-7
-9
-14
-14
-14
-12
-8
-4
1
5
9
10
10
8
6
3
3
0
1
2
2
3
4
4
4
3
3
0
-3
-6
-10
-12
-12
-13
-11
-9
-9
-9
-9
-7
-6
-3
0
3
5
6
7
7
7
7
6
7
9
11
12
10
9
6
4
4
3
2
0
-1
-1
-1
-2
-3
-6
-5
-4
0
2
7
11
11
9
5
-1
-7
-10
-12
-13
-13
-14
-15
-16
-14
-11
-9
-9
-9
-9
-9
-8
-7
-6
-4
-1
2
6
10
14
18
22
26
26
25
20
15
8
3
-3
-5
-5
0
3
7
13
15
15
14
10
5
-1
-8
-12
-15
-17
-17
-14
-12
-8
-4
0
1
1
0
-6
-9
-11
-12
-14
-15
-17
-17
-13
-8
-5
-4
-2
0
-1
1
2
4
6
11
14
14
9
5
4
1
-3
-5
-5
-3
1
5
10
15
17
12
7
3
2
0
-1
0
2
5
8
11
12
13
11
7
5
3
-1
-1
-2
-1
1
1
3
2
0
-2
-6
-9
-14
-15
-17
-18
-17
-14
-9
-6
-3
-1
-3
-3
-5
-9
-11
-11
-10
-8
-5
-2
0
1
2
0
2
0
1
3
4
5
7
9
10
10
10
9
6
2
-1
-5
-7
-7
-4
1
5
10
13
14
12
12
7
3
0
-1
-1
1
3
4
5
5
4
1
-3
-4
-7
-9
-12
-13
-13
-11
-10
-11
-10
-9
-8
-8
-6
-4
-4
-2
4
8
11
11
8
7
6
4
2
0
-3
-4
-3
-2
0
1
3
2
0
-3
-5
-7
-5
-2
3
7
10
12
13
14
16
14
9
6
1
-4
-6
-9
-11
-12
-11
-9
-6
-3
-2
-2
-2
-1
-2
-1
0
2
4
8
10
8
5
0
-3
-5
-4
-3
-2
-1
1
1
-1
-2
-3
-4
-4
-3
-1
0
3
6
6
5
3
1
3
3
4
4
3
4
3
2
0
-4
-8
-14
-19
-26
-31
-34
-31
-27
-21
-14
-5
3
8
11
10
10
11
15
17
19
19
18
18
20
22
27
28
26
22
14
5
-5
-10
-12
-13
-11
-10
-7
-7
-4
0
3
4
1
-3
-10
-13
-15
-14
-10
-7
-2
5
10
12
13
13
11
11
7
3
-3
-7
-11
-11
-9
-6
-3
-1
1
-1
-3
-5
-6
-6
-5
-5
-3
-4
-7
-12
-15
-14
-8
-2
4
6
6
2
0
-5
-11
-15
-15
-14
-8
-3
0
3
6
11
19
28
35
42
42
40
38
36
34
31
30
27
27
29
31
32
33
32
27
18
5
-5
-13
-16
-17
-14
-12
-12
-16
-23
-31
-38
-40
-40
-37
-37
-38
-43
-51
-61
-69
-75
-76
-72
-63
-53
-38
-21
-2
18
34
43
48
47
46
40
32
20
13
12
22
30
35
31
20
5
-7
-16
-22
-28
-34
-38
-38
-34
-26
-15
-2
13
27
39
48
51
53
53
50
47
46
45
52
60
70
78
79
75
67
57
46
34
23
13
9
7
9
7
4
-6
-20
-37
-55
-74
-95
-119
-146
-170
-187
-195
-195
-192
-189
-186
-180
-170
-154
-129
-99
-64
-25
15
53
84
109
125
132
133
126
114
98
81
64
47
33
16
-2
-19
-32
-41
-46
-47
-44
-37
-23
-6
12
33
55
78
100
122
145
169
198
235
275
313
334
336
314
280
240
203
175
152
128
99
60
13
-40
-92
-140
-182
-219
-252
-284
-308
-321
-319
-304
-286
-271
-264
-264
-262
-251
-230
-209
-190
-170
-147
-115
-76
-37
-7
12
26
38
55
81
117
160
202
235
254
259
253
241
222
193
159
123
88
46
-4
-64
-126
-187
-242
-301
-378
-476
-587
-696
-789
-855
-894
-904
-886
-843
-775
-692
-606
-515
-434
-353
-252
-123
27
195
359
519
673
821
979
1172
1424
1742
2106
2508
2949
3399
3902
4341
4595
4786
4921
4965
4931
4780
4552
4202
3746
3190
2503
1729
857
-107
-1139
-2240
-3365
-4495
-5568
-6534
-7373
-8069
-8631
-9038
-9265
-9318
-9174
-8828
-8364
-7790
-7041
-6160
-5212
-4149
-2974
-1800
-653
525
1665
2708
3706
4655
5457
6115
6683
7149
7497
7745
7898
7941
7853
7614
7252
6801
6246
5586
4844
4035
3165
2213
1204
177
-874
-1905
-2886
-3842
-4727
-5513
-6198
-6737
-7165
-7488
-7652
-7658
-7469
-7066
-6507
-5770
-4925
-3996
-2936
-1840
-730
410
1480
2510
3524
4430
5243
5948
6498
6937
7242
7467
7574
7614
7596
7405
7143
6730
6239
5774
5266
4758
4207
3595
2918
2156
1327
419
-529
-1542
-2587
-3664
-4756
-5819
-6869
-7833
-8771
-9619
-10307
-10900
-11286
-11483
-11471
-11230
-10810
-10176
-9386
-8382
-7224
-5945
-4519
-3014
-1465
108
1665
3155
4546
5792
6834
7711
8420
8972
9374
9638
9749
9671
9452
9059
8543
7918
7189
6404
5525
4633
3683
2694
1728
692
-312
-1340
-2389
-3388
-4374
-5246
-6021
-6640
-7058
-7344
-7446
-7428
-7256
-6910
-6426
-5756
-4956
-4016
-2975
-1859
-691
492
1690
2865
4003
5079
6076
6976
7759
8412
8936
9334
9607
9754
9754
9583
9251
8765
8125
7353
6461
5442
4293
2990
1601
125
-1415
-2991
-4630
-6272
-7871
-9420
-10908
-12238
-13419
-14414
-15105
-15629
-15871
-15761
-15479
-14735
-13624
-12387
-10759
-8984
-7228
-5226
-3240
-1313
690
2559
4308
5938
7423
8766
9843
10810
11537
11963
12359
12488
12411
12275
11846
11287
10677
9802
8830
7822
6622
5309
3948
2489
976
-523
-2031
-3557
-4965
-6311
-7598
-8660
-9608
-10334
-10833
-11178
-11257
-11159
-10760
-10184
-9387
-8309
-7171
-5779
-4305
-2772
-1118
497
2116
3740
5313
6798
8247
9591
10782
11878
12764
13486
14072
14432
14622
14590
14326
13878
13219
12373
11363
10069
8714
7172
5351
3736
1724
-467
-2384
-4819
-7040
-9161
-11556
-13497
-15506
-17450
-19057
-20612
-21526
-21941
-21869
-21084
-20519
-19522
-17868
-16661
-14784
-12278
-10135
-7408
-4454
-1699
1321
4126
6710
9051
11047
12916
14189
15297
16276
16515
16816
16826
16234
15881
15139
14101
13291
12030
10709
9431
7800
6271
4628
2882
1151
-721
-2463
-4369
-6187
-7789
-9481
-10899
-12076
-13194
-14024
-14454
-14798
-14798
-14349
-13885
-13027
-11836
-10685
-9152
-7367
-5665
-3600
-1398
635
2964
5191
7226
9374
11220
12756
14236
15358
16309
17054
17355
17578
17387
17096
16610
15826
15191
13926
12597
11378
9642
7842
6113
4059
1776
-244
-2678
-5048
-7101
-9547
-11680
-13715
-15918
-17788
-19348
-20610
-21520
-21898
-22031
-21925
-21192
-20525
-19604
-17916
-16487
-14677
-11813
-9560
-6990
-3494
-983
1927
5218
7529
10043
12331
14042
15529
16600
17324
17541
17549
17418
16652
15916
15076
13475
12332
11066
9245
7990
6546
4794
3387
1795
-18
-1587
-3220
-5026
-6575
-8126
-9694
-11038
-12135
-12985
-13827
-14225
-14257
-14406
-13961
-13206
-12562
-11344
-10021
-8737
-6870
-5133
-3386
-1079
777
2822
5097
6732
8767
10598
11886
13568
14747
15569
16540
16970
17185
17274
17037
16605
15803
15108
14069
12588
11607
10060
8173
6887
4872
2632
1131
-1326
-3582
-5080
-7600
-9499
-10955
-13104
-14806
-15949
-17609
-18848
-19164
-20233
-20389
-20062
-20164
-19530
-18735
-17520
-16580
-14775
-12425
-10926
-8000
-5014
-2857
500
3531
5779
8670
11109
12832
14577
15948
16767
17066
17243
17081
16223
15601
14713
13233
12252
10851
9142
8078
6445
4869
3836
2239
714
-438
-1982
-3677
-4954
-6365
-8062
-9298
-10424
-11775
-12789
-13387
-14107
-14536
-14420
-14293
-13833
-12952
-11956
-10715
-9121
-7634
-5894
-3861
-2084
-6
2193
4245
6334
8435
10393
12059
13801
15182
16212
17279
17880
18136
18389
18213
17678
17227
16301
15075
14026
12469
10787
9340
7456
5606
3975
1988
24
-1666
-3676
-5600
-7243
-9186
-10806
-12327
-14170
-15438
-16845
-18234
-18945
-19816
-20198
-20417
-20642
-20085
-19876
-19446
-17822
-17161
-15920
-12900
-11801
-9331
-5362
-3722
-321
3556
5832
8944
11986
14070
15958
17564
18533
19030
18885
18764
18051
16820
16042
14552
13045
11799
10046
8597
7226
5548
4341
3101
1463
283
-947
-2610
-4121
-5278
-6925
-8599
-9622
-11101
-12412
-13234
-14137
-14791
-15105
-15173
-15127
-14646
-13904
-13041
-11780
-10322
-8721
-6877
-4873
-2788
-539
1710
4073
6344
8547
10789
12684
14512
16059
17234
18204
18695
18992
18886
18533
18099
17121
16198
15124
13653
12148
10596
9028
7068
5343
3835
1707
69
-1346
-3373
-4766
-6071
-7766
-8784
-10108
-11326
-12320
-13720
-14418
-15509
-16702
-17193
-18203
-18972
-19268
-19552
-19354
-19313
-18724
-17305
-16819
-15111
-12130
-10759
-8000
-4044
-1819
1324
5356
8072
10706
13695
15899
17149
18330
19278
19061
18541
18335
17140
15550
14597
12826
10925
9582
7755
6158
4790
3219
2062
822
-583
-1538
-2730
-4124
-5169
-6377
-7754
-8939
-9928
-11111
-12119
-12662
-13350
-13854
-13882
-13771
-13561
-12958
-12010
-10999
-9752
-8175
-6456
-4656
-2660
-420
1723
3912
6246
8381
10358
12300
13978
15324
16600
17426
17904
18404
18184
17762
17382
16309
15134
14025
12614
11032
9569
8234
6562
4925
3809
2144
505
-494
-2144
-3549
-4566
-6164
-7297
-8351
-9878
-10815
-11856
-13291
-14086
-15143
-16305
-16983
-17826
-18454
-19091
-19304
-18946
-19266
-18768
-17084
-16797
-15629
-12359
-10964
-9093
-4756
-2310
-83
4284
7233
9263
12546
15037
16279
17666
18937
19072
18600
18622
17766
16167
15367
13835
12054
10805
9152
7654
6305
4914
3341
2602
1074
-687
-636
-2589
-4276
-4223
-5984
-7779
-8084
-9174
-10987
-11237
-11799
-12865
-13005
-12945
-13014
-13016
-12087
-11442
-10812
-9134
-7847
-6399
-4353
-2574
-424
1817
3747
6114
8200
9839
11893
13505
14588
15757
16486
16860
16920
16777
16466
15592
14824
13848
12489
11373
9790
8380
7221
5303
4145
3130
1182
291
-749
-2451
-3318
-4528
-5834
-6840
-8121
-9063
-10151
-11350
-12162
-13192
-14221
-15119
-15931
-16615
-17488
-17915
-17991
-18443
-18424
-17568
-17038
-16496
-14327
-12379
-11253
-7970
-4869
-3329
137
3536
5333
7985
10821
12512
13715
15268
16309
16144
16290
16560
15656
14867
14345
13172
12082
10929
9861
9065
7678
6691
6127
4617
3268
2659
1144
-596
-1146
-2614
-4636
-5368
-6852
-8664
-9573
-10682
-11983
-12611
-13239
-13851
-13531
-13818
-13371
-12342
-11951
-10285
-8953
-7366
-4872
-3172
-634
2151
4092
6749
9206
10856
12934
14481
15468
16455
16940
17138
16893
16522
15999
14910
14023
13060
11757
10658
9456
8354
7083
5641
4811
3409
1858
1196
-322
-1895
-2696
-4122
-5514
-6703
-7925
-9104
-10906
-11965
-12840
-14861
-15784
-16452
-18100
-18836
-19356
-19903
-19975
-20207
-19394
-18506
-18329
-16315
-14081
-13072
-10202
-6784
-4914
-1852
2019
4393
6975
10163
12249
13828
15554
16789
17270
17409
17566
17177
16256
15542
14679
13539
12372
11324
10424
9060
7766
7082
5694
4015
3377
2053
-104
-928
-2258
-4596
-5687
-6990
-8842
-10002
-11152
-12066
-12966
-13640
-13571
-13954
-13843
-13021
-12583
-11405
-10017
-8683
-6557
-4778
-2674
42
2000
4363
6960
8707
10873
12762
13892
15371
16138
16342
16850
16546
15937
15563
14668
13625
12608
11566
10312
8790
7822
6536
4718
3963
2687
830
241
-1061
-2692
-3354
-4662
-5969
-7035
-8318
-9429
-10979
-12146
-13014
-14703
-15722
-16556
-18129
-19059
-19579
-20071
-20619
-20400
-19430
-19594
-18483
-15971
-15193
-12981
-9123
-7083
-4311
-139
2609
5150
8600
11323
13045
14851
16680
17282
17418
18110
17632
16723
16420
15196
14099
13236
11652
10682
9545
7817
6964
5662
3929
2939
1494
-131
-1522
-3027
-4449
-6161
-7538
-8574
-10145
-11141
-11559
-12506
-12880
-12621
-12689
-12261
-11378
-10505
-9194
-7778
-6122
-4089
-2298
-105
2254
4219
6542
8651
10423
12264
13534
14818
15554
15835
16505
15836
15544
15442
13731
13244
12276
10246
9604
8074
6196
5508
3805
2074
1377
-332
-1863
-2652
-4063
-5377
-6329
-7459
-8766
-9962
-11075
-12284
-13528
-14475
-15403
-16562
-17348
-18075
-18578
-18818
-19140
-18496
-17991
-17902
-16017
-14292
-13315
-10235
-7351
-5472
-1986
1360
3875
6903
9763
12124
13830
15458
16953
17199
17471
17778
17027
16308
15644
14543
13368
12066
10938
9694
7994
6833
5684
3761
2507
1327
-705
-2108
-3491
-5420
-6894
-8355
-9784
-11037
-12242
-12782
-13363
-14013
-13582
-13233
-13082
-11894
-10694
-9557
-7797
-5956
-4039
-1829
352
2550
4950
7175
9227
11416
13263
14803
16229
17198
17758
18055
18040
17428
16830
16109
14606
13462
12223
10290
8815
7279
5364
3937
2166
573
-679
-2697
-3839
-5147
-6840
-7934
-9140
-10274
-11717
-12551
-13667
-15027
-15782
-16959
-17715
-18463
-19159
-19314
-19463
-19613
-19197
-18304
-18019
-16732
-14577
-13476
-11175
-7768
-5674
-2749
1151
3849
6575
9766
12341
14135
15791
17561
18166
18151
18691
18271
17159
16512
15521
14213
12750
11418
10344
8420
6829
5956
3963
2324
1367
-519
-2130
-3485
-5178
-6701
-8313
-9662
-10844
-12222
-13064
-13558
-14176
-14317
-13928
-13522
-12824
-11595
-10215
-8626
-6757
-4646
-2303
-119
2294
5061
7191
9407
11979
13667
15181
16773
17720
18195
18430
18584
17918
17081
16531
14997
13587
12499
10592
8970
7573
5676
4258
2758
1064
0
-1525
-3066
-3871
-5313
-6701
-7390
-8747
-9930
-10677
-12107
-13080
-13945
-15232
-15900
-16861
-17682
-18453
-19196
-18860
-19689
-19383
-17966
-18530
-16996
-14581
-13986
-11636
-8013
-6323
-3447
843
3041
6054
9374
11511
13677
15170
16740
17430
17486
18103
17588
16843
16428
15262
14217
13021
11735
10707
9113
7886
6806
5167
3724
2474
917
-916
-2313
-3829
-5859
-7331
-8710
-10451
-11664
-12549
-13489
-13945
-14106
-14121
-13632
-13097
-12363
-11012
-9735
-8369
-6244
-4198
-2295
265
2805
4930
7319
9768
11678
13321
15084
16373
16999
17723
18135
17713
17385
16889
15619
14527
13387
11642
10234
8820
6904
5661
4238
2452
1524
178
-1390
-2262
-3597
-5086
-6062
-7451
-8771
-9759
-11279
-12273
-13365
-14892
-15636
-16824
-18090
-18889
-19718
-19976
-20528
-20339
-19171
-19399
-18297
-15725
-15166
-13171
-9238
-7661
-5166
-779
1735
4132
7876
10763
11990
14360
16425
16350
17242
17878
17154
16640
16454
15249
14181
13711
11917
11226
10332
8329
7865
6661
4665
3822
2510
427
-953
-2372
-4195
-5777
-7169
-8374
-9790
-10981
-11575
-12381
-13036
-13009
-12860
-12662
-12131
-11005
-9883
-8920
-6864
-4934
-3471
-911
1481
3277
5674
8097
9883
11693
13671
14925
15918
16949
17173
17189
17127
16255
15432
14662
13163
11865
10897
9266
7635
6797
5306
3489
2927
1719
-102
-567
-1723
-3476
-4215
-5562
-7040
-8106
-9744
-10970
-12353
-14184
-15325
-16700
-18346
-19365
-20077
-20798
-21176
-20729
-20275
-20158
-18699
-17057
-16238
-13541
-10586
-8863
-5475
-2018
253
3363
6302
8399
10426
12177
13574
14359
14945
15459
15111
14881
14666
13674
13250
12571
11404
11145
10082
8891
8674
7324
5976
5526
3968
2336
1446
-208
-1926
-3333
-4782
-6220
-7903
-8862
-9702
-11005
-11444
-11480
-11821
-11657
-10916
-10074
-9148
-7955
-6113
-4652
-3285
-938
851
2398
4697
6579
8090
9813
11288
12409
13233
13875
14424
14344
14269
14110
13325
12702
11710
10650
9787
8239
7249
6398
4551
3656
2896
1079
228
-497
-2090
-3059
-3914
-5179
-6280
-7432
-8584
-9876
-11433
-12631
-13914
-15445
-16803
-17930
-18594
-19591
-19958
-19075
-19325
-19122
-16885
-16080
-15178
-11709
-9656
-7894
-4052
-1347
934
4004
6510
8668
10418
12025
13466
13870
14391
14896
14337
14106
13702
12837
12384
11289
10571
10099
8519
7891
7333
5689
4797
4049
2568
1102
63
-1266
-3086
-4411
-5414
-7058
-8352
-8821
-9837
-10558
-10557
-10572
-10538
-9974
-9045
-8191
-6789
-5427
-3525
-1601
-94
2474
4371
5958
8251
9848
11169
12560
13521
14198
14655
14725
14666
14230
13570
12847
11756
10803
9424
7887
6975
5312
3821
3226
1623
336
-238
-1620
-2568
-3314
-4427
-5120
-6283
-7290
-7943
-9519
-10420
-11199
-13154
-14001
-15083
-17182
-17704
-18422
-19747
-19365
-18912
-19284
-18236
-16576
-15818
-13972
-11054
-9057
-6821
-3361
-767
1342
4528
6878
8438
10394
11939
12822
13291
13967
14216
13585
13424
13090
12127
11501
10839
10058
9222
8281
7601
6644
5448
4678
3421
1921
964
-578
-2053
-3039
-4622
-5696
-6636
-7926
-8310
-8951
-9606
-9337
-9354
-9032
-8132
-7360
-5942
-4672
-3430
-1194
259
1800
4199
5655
7250
8977
10274
11519
12138
13105
13736
13211
13777
13705
12245
12394
11621
9784
9521
8275
6645
6007
4649
3476
2539
1321
468
-742
-1845
-2649
-4085
-5080
-5918
-7339
-8252
-9161
-10588
-11729
-12790
-14081
-15457
-16578
-17265
-18464
-19112
-18477
-18966
-18899
-16936
-16337
-15291
-12109
-10269
-8413
-4858
-2394
-56
2911
5187
7307
8974
10566
11888
12222
12995
13402
12786
12897
12673
11655
11327
10646
9671
9086
7988
7218
6434
5015
4328
3266
1686
867
-532
-1974
-2953
-4472
-5473
-6378
-7624
-8126
-8592
-9206
-9238
-8998
-8656
-8076
-7121
-5685
-4543
-3135
-946
448
2058
4421
5915
7475
9518
10819
11992
13235
13908
14455
14582
14652
14458
13693
13437
12525
11335
10733
9357
7965
7111
5520
4268
3164
1533
717
-1148
-2333
-3115
-5479
-5999
-7065
-9080
-9563
-10658
-12474
-13236
-14344
-16260
-16908
-18127
-19242
-19303
-20000
-19729
-19113
-19056
-17811
-16229
-15323
-13002
-10314
-8526
-5458
-2331
-2
2946
5626
7706
9712
11233
12440
13338
13739
13958
13947
13636
13018
12407
11878
10833
9955
9442
8276
7201
6674
5491
4112
3310
2085
457
-540
-1574
-3118
-4145
-4951
-6190
-7014
-7499
-8181
-8566
-8700
-8671
-8349
-7948
-7101
-5968
-5011
-3553
-1863
-437
1443
3404
5010
6958
8670
9884
11378
12457
12972
13787
14127
13940
13990
13559
12779
12174
11262
10202
9152
8080
6941
5524
4487
3463
1939
952
-41
-1513
-2543
-3663
-4945
-5940
-7188
-8281
-9208
-10591
-11703
-12770
-14257
-15450
-16610
-17814
-18415
-19046
-19369
-18688
-18750
-18338
-16532
-15711
-14197
-11342
-9312
-7034
-3950
-1287
1090
3771
6244
8145
9792
11407
12579
12959
13553
13881
13203
12906
12451
11457
10738
9900
9067
8086
6935
6097
5005
3575
2730
1641
-21
-888
-2008
-3609
-4337
-5339
-6561
-6990
-7690
-8336
-8248
-8346
-8276
-7660
-7121
-6433
-5365
-4150
-2855
-1402
302
2024
3625
5514
7427
8880
10442
12074
13054
13904
14842
15127
15080
15077
14633
13826
12931
11904
10751
9367
8034
6851
5316
3817
2728
1270
-269
-1365
-2707
-4128
-5122
-6238
-7452
-8400
-9536
-10724
-11720
-12857
-13976
-14883
-15732
-16713
-17371
-17691
-18214
-18367
-17863
-17542
-17188
-15675
-14248
-13178
-10568
-8113
-6411
-3437
-643
1387
3973
6489
8400
9984
11497
12715
13125
13441
13945
13501
12998
12791
11817
10984
10050
8974
8129
6701
5747
4820
3161
2118
956
-791
-2004
-3246
-4872
-6050
-7163
-8442
-9196
-9825
-10362
-10368
-10324
-10029
-9395
-8608
-7492
-6228
-4630
-2832
-1073
1121
3243
5223
7548
9519
11310
13167
14549
15827
16781
17291
17771
17628
17201
16833
15824
14701
13630
12094
10592
9045
7359
5889
4259
2667
1437
-78
-1539
-2581
-3912
-5182
-6159
-7472
-8623
-9608
-10860
-11852
-12822
-13997
-14823
-15770
-16664
-17095
-17883
-18260
-18190
-18521
-18189
-17360
-16913
-15824
-13915
-12557
-10775
-7895
-5897
-3750
-541
1727
3832
6635
8723
10294
11910
13181
13802
13965
14276
14060
13162
12701
11872
10563
9739
8619
7363
6245
4931
3637
2353
1022
-400
-1588
-2909
-4459
-5446
-6571
-7983
-8631
-9336
-10360
-10535
-10700
-10899
-10421
-9909
-9091
-7980
-6766
-5170
-3380
-1620
316
2626
4699
6679
9156
11220
12880
14842
16255
17126
17990
18335
18376
18147
17612
17104
16009
14760
13783
12089
10356
9039
7152
5300
3763
2065
458
-1069
-2344
-3604
-5095
-6029
-7087
-8484
-9208
-10203
-11459
-12155
-13177
-14254
-15021
-16021
-16868
-17561
-18181
-18595
-18749
-18483
-18439
-17859
-16555
-16092
-14672
-12254
-11004
-8698
-5406
-3374
-654
2704
4928
7302
9867
11682
13211
14413
15379
15714
15375
15393
14614
13314
12665
11301
9828
8865
7324
5954
4731
3107
1997
684
-838
-1585
-2951
-4289
-4880
-6262
-7288
-7841
-8887
-9420
-9855
-10248
-10295
-10328
-9936
-9298
-8704
-7554
-6114
-4903
-2920
-991
854
3233
5293
7540
9581
11655
13519
14840
16470
17364
17851
18394
18409
17939
17390
16787
15442
14049
12791
10890
8995
7343
5503
3662
2005
543
-1053
-2626
-3724
-4978
-6395
-7111
-8080
-9194
-9676
-10500
-11192
-11721
-12480
-13038
-13798
-14598
-15341
-16153
-16837
-17532
-17896
-17916
-18135
-17715
-16714
-16284
-14856
-12646
-11251
-8801
-5704
-3464
-558
2638
5155
7634
10050
12067
13541
14655
15631
15881
15579
15502
14742
13570
12768
11408
9844
8563
7020
5443
4020
2553
1288
-18
-1320
-2115
-3262
-4363
-4897
-5906
-6744
-7227
-8092
-8731
-9115
-9543
-9843
-9848
-9647
-9464
-8929
-7958
-6954
-5786
-4008
-2310
-630
1663
3684
5620
7895
9894
11725
13599
15227
16560
17418
18150
18542
18099
18157
17478
16358
15742
14038
12675
11063
8938
7341
5302
3327
1708
-49
-1789
-2994
-4308
-5579
-6232
-7156
-7855
-8268
-8916
-9313
-9796
-10516
-11018
-11835
-12788
-13562
-14669
-15514
-16338
-17334
-17542
-17986
-18310
-17350
-17092
-16560
-14444
-13230
-11669
-8658
-6473
-4029
-816
1752
4382
7019
9250
11291
12829
14119
15029
15215
15207
14971
14121
13144
12210
10881
9488
8198
6866
5506
4131
3036
1943
736
4
-796
-1895
-2547
-3252
-4293
-4916
-5605
-6570
-7067
-7588
-8157
-8359
-8463
-8282
-8030
-7573
-6512
-5652
-4606
-2851
-1447
-4
2063
3823
5545
7611
9420
11040
12619
13984
15019
15689
16315
16515
16084
15850
15264
13873
12833
11721
9794
8151
6900
5132
3230
2200
994
-930
-1621
-2261
-3960
-4281
-4575
-6036
-6176
-6531
-7917
-8080
-8897
-10359
-10975
-12244
-13552
-14568
-15755
-16760
-17836
-18346
-18558
-19097
-18656
-17970
-17825
-16425
-14725
-13534
-11266
-8660
-6467
-3837
-833
1780
4194
6834
9242
10910
12501
14105
14645
15008
15551
15154
14506
14027
13086
12001
10969
9814
8700
7368
6195
5348
3929
2890
2297
946
-58
-730
-1994
-3053
-3961
-5042
-6017
-6935
-7734
-8497
-9158
-9448
-9735
-9709
-9123
-8857
-8132
-6739
-5883
-4513
-2437
-895
952
3328
5231
7078
9164
10954
12378
13692
14903
15525
15799
16030
15749
15087
14355
13347
12001
10525
9010
7509
5895
4412
3361
2111
941
396
-473
-1320
-1720
-2372
-2946
-3357
-3922
-4453
-5118
-6030
-6868
-8082
-9446
-10563
-12199
-13624
-14814
-16347
-17612
-18304
-18917
-19602
-19159
-18656
-18499
-17188
-15704
-14478
-12374
-9716
-7512
-4901
-1714
870
3438
6293
8561
10334
12014
13276
13970
14282
14436
14187
13400
12831
12061
10896
10201
9345
8323
7692
6774
6070
5457
4458
4042
3280
2084
1661
641
-651
-1297
-2523
-3808
-4794
-6036
-7077
-8126
-8968
-9472
-10182
-10288
-10137
-10168
-9431
-8502
-7622
-6010
-4202
-2509
-317
1933
4074
6414
8499
10630
12367
13550
14924
15599
15664
15880
15477
14588
13736
12551
11105
9616
8242
6854
5393
4481
3434
2114
1669
944
-155
-391
-988
-1842
-2136
-2784
-3390
-3932
-4881
-5661
-6790
-8232
-9464
-11117
-12764
-14287
-15886
-17275
-18628
-19304
-19771
-20315
-19785
-19170
-18998
-17604
-15902
-14925
-12646
-9882
-8045
-5246
-1903
473
3131
6225
8249
10009
11998
13215
13962
14808
15359
15163
15155
15175
14376
13948
13531
12499
11828
10970
9916
9130
8117
7175
6307
5084
3968
2852
1351
40
-1378
-3079
-4457
-6039
-7564
-8790
-10111
-10944
-11793
-12546
-12558
-12813
-12775
-11915
-11305
-10395
-8772
-7378
-5746
-3633
-1688
534
2807
5024
7240
9051
10929
12486
13578
14697
15239
15539
15710
15243
14857
14173
12942
12146
11043
9612
8737
7457
6129
5303
4118
3053
2193
1173
317
-442
-1125
-1849
-2599
-3280
-4123
-5202
-6149
-7337
-8943
-10231
-11744
-13480
-14785
-16237
-17487
-18391
-19270
-19613
-19837
-19851
-19156
-18650
-17938
-16266
-14885
-13326
-10724
-8610
-6413
-3348
-948
1708
4560
6882
9453
11293
13061
14857
15757
16560
17556
17666
17361
17717
16830
16104
15669
14179
13410
12045
10604
9493
7815
6570
5231
3617
2350
937
-705
-2016
-3578
-5102
-6426
-7948
-9053
-10226
-11277
-11893
-12671
-13104
-13239
-13462
-13173
-12630
-12119
-11088
-9882
-8699
-7170
-5410
-3680
-1838
260
2263
4146
6243
8133
9722
11403
12809
13780
14667
15234
15347
15257
14896
14234
13340
12244
11145
9909
8527
7479
6351
5032
4187
3274
2120
1401
622
-271
-954
-1710
-2459
-3322
-4282
-5148
-6365
-7606
-8725
-10189
-11540
-12776
-14131
-15286
-16390
-17310
-17982
-18625
-18770
-18728
-18708
-18033
-17229
-16494
-14923
-13191
-11586
-9140
-6573
-4233
-1283
1630
4188
7009
9597
11779
13834
15412
16801
17755
18233
18637
18532
18119
17743
17088
16026
15349
14266
12820
11908
10444
9057
7743
6316
5025
3398
2126
732
-851
-2264
-3666
-5096
-6578
-7869
-9090
-10298
-11455
-12329
-13100
-13903
-14291
-14519
-14748
-14526
-14115
-13637
-12638
-11513
-10276
-8606
-6795
-4847
-2719
-447
1750
3883
6010
8018
9742
11332
12792
13667
14474
15036
14959
14986
14675
13957
13316
12459
11438
10257
9126
8084
6676
5602
4843
3632
2846
2284
1436
844
177
-498
-1137
-2023
-2579
-3303
-4350
-4906
-5928
-7185
-7927
-9368
-10805
-11783
-13241
-14538
-15401
-16324
-17240
-17746
-17895
-17981
-17927
-17162
-16151
-15366
-13515
-11381
-9773
-7025
-4245
-2144
858
3695
5879
8392
10653
12559
14024
15345
16705
17045
17383
17902
17316
16939
16880
15947
15166
14538
13512
12375
11174
10281
8839
7347
6509
4876
3335
2212
546
-1172
-2593
-4237
-6000
-7436
-9044
-10517
-11833
-13111
-13971
-14912
-15549
-15756
-16075
-15965
-15416
-14893
-14129
-12948
-11621
-10193
-8465
-6501
-4575
-2616
-414
1681
3515
5571
7433
8870
10428
11747
12605
13449
14047
14194
14201
14121
13687
13010
12449
11664
10537
9661
8763
7544
6597
5762
4725
3897
3189
2328
1559
808
1
-730
-1497
-2254
-2917
-3706
-4518
-5313
-6213
-7131
-8129
-9142
-10193
-11380
-12365
-13378
-14449
-15018
-15736
-16422
-16347
-16454
-16426
-15464
-14626
-13718
-12022
-10279
-8554
-6324
-3874
-1634
731
3477
5728
7852
10346
12165
13747
15413
16454
17241
17794
17971
17896
17545
17119
16374
15456
14550
13366
12198
11030
9580
8357
7032
5393
4292
2814
1050
-27
-1656
-3321
-4507
-6138
-7687
-8979
-10493
-11833
-12977
-14168
-15046
-15749
-16242
-16502
-16588
-16296
-15880
-15246
-14201
-13008
-11728
-10082
-8382
-6651
-4594
-2692
-617
1470
3357
5409
7172
8840
10494
11747
12957
13973
14624
15222
15432
15410
15240
14668
14148
13370
12443
11575
10441
9361
8227
7086
5989
4870
3888
2958
2073
1291
552
-202
-946
-1683
-2472
-3275
-4102
-4972
-5907
-6860
-7837
-8876
-9943
-10992
-12056
-13115
-14059
-14951
-15790
-16429
-16816
-16973
-16873
-16410
-15629
-14671
-13322
-11661
-9894
-7726
-5310
-2921
-286
2321
4742
7204
9468
11541
13417
14865
16118
17003
17378
17637
17602
17252
16934
16405
15644
14873
13892
12753
11570
10254
8867
7403
5899
4461
2831
1194
-248
-1958
-3667
-5075
-6763
-8443
-9850
-11458
-12949
-14197
-15478
-16416
-17070
-17619
-17748
-17619
-17389
-16863
-16058
-15050
-13790
-12266
-10564
-8781
-6847
-4826
-2761
-591
1574
3656
5725
7681
9442
11067
12531
13725
14691
15485
16007
16292
16472
16443
16181
15806
15242
14470
13585
12580
11434
10203
8889
7552
6300
5136
3970
2841
1766
693
-384
-1363
-2306
-3318
-4284
-5220
-6265
-7258
-8199
-9223
-10186
-11120
-12075
-12939
-13763
-14553
-15243
-15853
-16327
-16677
-16819
-16651
-16264
-15558
-14508
-13253
-11687
-9822
-7719
-5387
-2853
-276
2337
4914
7351
9722
11827
13724
15393
16584
17491
17979
18111
18075
17669
17179
16522
15634
14669
13437
12120
10753
9212
7651
6038
4317
2579
874
-853
-2583
-4253
-5836
-7496
-8945
-10290
-11729
-12903
-14016
-15015
-15782
-16356
-16732
-16944
-16886
-16664
-16186
-15432
-14483
-13246
-11789
-10128
-8267
-6259
-4178
-1982
227
2363
4454
6428
8246
9953
11497
12852
14057
15059
15852
16469
16854
17012
16973
16724
16288
15712
14968
14066
13039
11858
10582
9188
7738
6273
4763
3262
1755
273
-1107
-2426
-3591
-4626
-5595
-6477
-7303
-8079
-8804
-9465
-10061
-10633
-11154
-11617
-12065
-12492
-12867
-13181
-13429
-13543
-13518
-13359
-13070
-12662
-12138
-11464
-10638
-9645
-8489
-7169
-5691
-4082
-2355
-512
1383
3334
5290
7206
9056
10738
12233
13463
14405
15087
15451
15538
15341
14855
14152
13224
12139
10938
9595
8178
6701
5196
3767
2346
1011
-231
-1461
-2637
-3768
-4891
-5969
-7007
-8009
-8893
-9641
-10296
-10833
-11280
-11634
-11805
-11826
-11733
-11481
-11033
-10417
-9653
-8750
-7702
-6557
-5296
-3922
-2475
-972
588
2171
3747
5250
6660
7958
9116
10117
10965
11631
12113
12432
12607
12637
12510
12247
11864
11327
10650
9867
8980
8059
7084
6030
4974
3908
2818
1787
760
-263
-1232
-2201
-3149
-3996
-4767
-5462
-6073
-6594
-7039
-7450
-7822
-8137
-8416
-8661
-8865
-9035
-9157
-9232
-9265
-9254
-9151
-8974
-8737
-8431
-8063
-7663
-7213
-6681
-6059
-5356
-4550
-3655
-2692
-1650
-523
663
1898
3168
4448
5706
6917
8049
9044
9853
10444
10811
10968
10944
10740
10354
9802
9118
8309
7417
6462
5444
4394
3344
2283
1243
248
-710
-1644
-2537
-3356
-4136
-4865
-5471
-6024
-6523
-6866
-7124
-7282
-7297
-7288
-7177
-6936
-6703
-6357
-5893
-5426
-4841
-4165
-3474
-2687
-1813
-870
130
1149
2191
3224
4203
5110
5905
6579
7138
7577
7912
8130
8208
8138
7930
7614
7214
6743
6222
5669
5092
4477
3814
3109
2391
1676
956
234
-482
-1196
-1884
-2508
-3048
-3527
-3968
-4372
-4716
-4998
-5211
-5354
-5447
-5521
-5571
-5565
-5512
-5443
-5355
-5240
-5123
-5002
-4847
-4676
-4516
-4343
-4158
-3971
-3773
-3548
-3303
-3024
-2699
-2322
-1911
-1462
-959
-410
167
758
1329
1885
2447
2986
3495
3994
4462
4870
5202
5436
5585
5651
5629
5520
5330
5062
4734
4350
3920
3453
2977
2509
2035
1535
1019
485
-51
-564
-1027
-1437
-1802
-2122
-2363
-2551
-2713
-2825
-2898
-2940
-2963
-2978
-2939
-2840
-2722
-2550
-2332
-2104
-1811
-1441
-1034
-587
-113
374
857
1329
1809
2273
2677
3010
3257
3425
3547
3659
3745
3774
3742
3669
3551
3388
3191
2941
2629
2293
1961
1598
1193
762
324
-97
-498
-915
-1355
-1803
-2250
-2702
-3141
-3561
-3980
-4376
-4706
-4967
-5142
-5225
-5281
-5330
-5351
-5365
-5353
-5250
-5086
-4864
-4557
-4196
-3788
-3324
-2850
-2361
-1831
-1280
-708
-103
492
1042
1531
1969
2378
2772
3147
3494
3798
4073
4329
4553
4745
4916
5058
5144
5162
5118
5010
4827
4583
4286
3961
3642
3333
3010
2648
2236
1769
1254
729
222
-267
-715
-1095
-1419
-1707
-1964
-2208
-2442
-2653
-2801
-2846
-2785
-2662
-2475
-2231
-1944
-1652
-1372
-1067
-744
-453
-146
168
443
708
965
1192
1414
1619
1764
1843
1875
1881
1855
1789
1667
1480
1228
927
601
280
-58
-430
-849
-1321
-1814
-2292
-2751
-3170
-3536
-3854
-4111
-4292
-4442
-4575
-4674
-4744
-4773
-4729
-4616
-4446
-4205
-3893
-3528
-3128
-2702
-2249
-1769
-1271
-763
-261
229
716
1216
1717
2195
2639
3036
3371
3634
3850
4049
4227
4386
4533
4656
4716
4705
4633
4501
4329
4151
3953
3700
3389
3032
2632
2217
1811
1402
977
572
211
-103
-371
-583
-731
-833
-899
-928
-952
-982
-1013
-1054
-1067
-1032
-964
-861
-750
-652
-546
-439
-326
-194
-78
23
103
145
167
154
87
-12
-145
-303
-442
-556
-676
-804
-952
-1118
-1291
-1488
-1699
-1886
-2045
-2170
-2262
-2354
-2430
-2494
-2550
-2553
-2498
-2417
-2288
-2129
-1977
-1808
-1607
-1392
-1167
-937
-723
-504
-277
-63
143
341
508
653
792
904
993
1088
1170
1237
1314
1399
1492
1585
1652
1686
1680
1624
1529
1400
1266
1147
1052
991
953
939
952
963
963
935
873
829
813
832
898
970
1040
1123
1200
1274
1352
1426
1497
1540
1569
1595
1568
1487
1355
1185
1013
843
668
480
271
59
-168
-401
-627
-861
-1078
-1275
-1485
-1672
-1847
-2023
-2168
-2313
-2458
-2557
-2634
-2685
-2703
-2700
-2672
-2607
-2484
-2311
-2126
-1939
-1751
-1561
-1353
-1133
-891
-619
-355
-104
153
402
648
911
1178
1425
1618
1725
1753
1745
1704
1632
1528
1403
1264
1114
972
846
725
595
456
291
97
-112
-314
-496
-662
-803
-906
-960
-966
-933
-866
-787
-712
-645
-574
-476
-346
-187
-3
192
375
559
738
916
1092
1244
1389
1550
1689
1782
1843
1862
1839
1785
1720
1652
1567
1464
1351
1206
1035
862
689
510
331
149
-23
-193
-366
-526
-673
-846
-1024
-1185
-1306
-1371
-1400
-1430
-1469
-1513
-1539
-1544
-1534
-1509
-1489
-1472
-1422
-1338
-1234
-1092
-921
-761
-610
-476
-378
-299
-227
-170
-112
-46
20
100
185
244
271
282
292
315
343
370
378
351
304
277
282
305
341
394
449
465
429
368
316
279
246
215
186
144
88
27
-34
-105
-187
-260
-311
-343
-355
-341
-290
-205
-107
-16
66
143
210
265
320
405
506
605
718
822
902
999
1117
1218
1305
1357
1357
1319
1261
1199
1127
1058
1011
979
960
928
849
743
597
398
199
8
-176
-346
-521
-716
-937
-1165
-1366
-1549
-1713
-1846
-1938
-2003
-2071
-2159
-2251
-2327
-2362
-2345
-2278
-2161
-2029
-1898
-1753
-1596
-1410
-1167
-897
-620
-354
-133
44
210
396
615
851
1090
1319
1540
1737
1893
2002
2069
2095
2095
2081
2042
1979
1910
1844
1792
1735
1637
1500
1326
1120
918
730
525
306
78
-157
-392
-600
-761
-899
-1009
-1087
-1174
-1285
-1388
-1469
-1505
-1488
-1442
-1369
-1275
-1147
-986
-815
-650
-514
-390
-235
-49
159
393
604
775
912
1001
1061
1126
1178
1212
1251
1298
1330
1336
1293
1208
1095
977
864
757
644
508
336
152
-33
-234
-434
-610
-783
-977
-1179
-1372
-1546
-1683
-1772
-1835
-1893
-1950
-2002
-2040
-2053
-2032
-1971
-1884
-1798
-1706
-1580
-1415
-1226
-1011
-785
-591
-428
-275
-106
104
334
568
811
1041
1254
1466
1658
1816
1937
2015
2061
2075
2062
2045
2035
2020
1997
1972
1945
1876
1742
1555
1343
1126
910
718
566
433
305
178
51
-75
-199
-318
-427
-533
-639
-729
-825
-926
-993
-1064
-1151
-1194
-1206
-1205
-1152
-1077
-995
-903
-826
-739
-629
-512
-360
-190
-47
96
249
366
456
553
651
737
818
857
842
809
771
713
624
506
397
295
191
100
12
-106
-220
-319
-422
-536
-667
-818
-965
-1105
-1247
-1388
-1516
-1599
-1633
-1634
-1617
-1596
-1576
-1552
-1538
-1509
-1445
-1369
-1284
-1173
-1045
-898
-724
-536
-332
-112
113
330
546
775
1009
1242
1457
1630
1785
1923
2037
2136
2204
2250
2296
2330
2342
2330
2278
2213
2149
2069
1968
1845
1679
1477
1257
1043
832
614
400
189
-43
-288
-516
-723
-885
-1005
-1130
-1276
-1420
-1548
-1643
-1701
-1722
-1700
-1651
-1595
-1537
-1481
-1424
-1351
-1267
-1164
-1044
-925
-807
-679
-542
-409
-296
-179
-31
124
273
428
562
655
720
747
736
725
725
708
686
676
653
605
563
512
444
371
297
206
110
5
-129
-294
-462
-609
-705
-762
-819
-895
-985
-1089
-1172
-1213
-1250
-1286
-1313
-1334
-1352
-1343
-1289
-1197
-1081
-954
-813
-656
-502
-366
-230
-73
106
308
521
748
994
1220
1415
1587
1713
1788
1845
1910
2004
2127
2253
2341
2371
2356
2298
2188
2059
1937
1818
1697
1572
1421
1228
1010
776
531
306
103
-100
-285
-432
-581
-736
-901
-1099
-1304
-1486
-1649
-1768
-1849
-1923
-1984
-2032
-2065
-2049
-2002
-1941
-1844
-1722
-1596
-1476
-1358
-1236
-1097
-931
-736
-572
-442
-301
-197
-116
33
209
354
511
668
790
882
939
967
966
940
923
910
863
774
662
571
517
471
427
380
306
212
124
46
-31
-111
-199
-309
-410
-481
-526
-538
-524
-521
-526
-517
-498
-480
-461
-443
-419
-360
-282
-219
-152
-69
20
130
260
380
484
562
610
657
713
762
813
869
919
973
1041
1107
1154
1171
1168
1162
1152
1130
1102
1062
1002
903
774
641
527
436
367
296
210
118
15
-107
-240
-383
-541
-710
-861
-994
-1125
-1256
-1370
-1461
-1504
-1523
-1546
-1552
-1553
-1562
-1557
-1536
-1512
-1479
-1453
-1449
-1443
-1388
-1266
-1090
-873
-626
-387
-173
20
164
287
443
593
708
816
920
1042
1177
1290
1402
1498
1535
1541
1506
1424
1325
1226
1127
1035
938
834
725
606
475
339
201
55
-87
-206
-298
-363
-391
-412
-467
-556
-646
-711
-754
-785
-795
-775
-726
-679
-657
-643
-602
-535
-458
-388
-321
-248
-167
-84
2
95
211
344
480
627
769
889
995
1080
1115
1121
1108
1074
1045
1029
1014
995
950
872
773
652
514
382
246
95
-59
-212
-369
-516
-642
-753
-851
-934
-1009
-1083
-1155
-1219
-1275
-1317
-1339
-1334
-1311
-1286
-1265
-1242
-1219
-1200
-1165
-1106
-1035
-967
-886
-786
-671
-545
-416
-300
-185
-64
56
177
319
479
633
784
931
1030
1077
1150
1252
1328
1385
1455
1509
1520
1523
1523
1485
1418
1341
1243
1121
1003
899
786
660
536
426
328
239
142
15
-124
-274
-434
-572
-676
-763
-818
-842
-854
-848
-829
-813
-793
-775
-761
-733
-696
-672
-641
-593
-540
-489
-424
-339
-244
-154
-65
21
97
164
217
254
278
293
306
333
369
391
395
392
380
352
316
282
251
216
173
112
40
-35
-110
-188
-267
-341
-399
-445
-491
-535
-567
-587
-599
-600
-594
-595
-613
-630
-624
-592
-553
-507
-449
-385
-334
-305
-276
-230
-168
-84
22
132
238
333
415
497
547
564
582
597
613
647
686
732
800
883
936
950
956
938
870
814
777
709
642
591
534
466
397
315
208
102
30
-31
-95
-140
-160
-164
-165
-187
-238
-315
-421
-534
-624
-675
-693
-686
-648
-581
-501
-439
-420
-431
-459
-493
-529
-550
-543
-522
-484
-433
-381
-336
-281
-213
-147
-80
-3
73
129
168
186
178
162
155
151
153
178
219
252
278
308
328
315
272
212
143
75
14
-46
-104
-147
-179
-207
-222
-218
-203
-189
-182
-179
-175
-155
-118
-84
-69
-68
-67
-64
-59
-45
-13
32
79
123
157
179
191
193
188
193
215
236
243
250
260
272
287
300
304
306
314
322
331
334
324
298
257
210
168
142
119
86
47
17
-1
-13
-17
-14
-10
-12
-24
-50
-94
-148
-203
-245
-272
-286
-292
-296
-301
-303
-297
-280
-267
-264
-266
-265
-260
-246
-224
-205
-202
-211
-218
-215
-198
-171
-140
-116
-104
-93
-73
-47
-20
4
22
37
57
77
92
105
119
134
152
176
196
204
205
188
150
107
76
52
31
17
11
10
11
15
23
34
50
63
75
85
93
92
84
65
43
25
11
4
2
6
9
12
18
27
37
42
50
59
62
58
48
38
34
43
66
95
124
143
151
151
150
151
142
121
84
40
4
-13
-19
-26
-33
-37
-38
-34
-24
-16
-22
-38
-62
-94
-130
-156
-166
-170
-173
-175
-177
-182
-191
-204
-219
-229
-230
-218
-195
-172
-152
-137
-129
-123
-118
-114
-111
-107
-100
-87
-65
-31
15
69
121
160
174
163
141
123
122
138
162
183
197
208
215
213
205
194
187
186
189
182
163
131
90
51
25
17
14
7
-6
-19
-28
-28
-21
-10
-3
-10
-31
-52
-72
-86
-102
-117
-131
-143
-152
-155
-154
-150
-144
-136
-125
-116
-113
-113
-114
-112
-105
-93
-80
-68
-55
-34
-5
27
61
98
134
157
164
152
131
102
72
50
43
54
72
83
77
60
41
38
45
49
42
25
5
-12
-21
-24
-23
-27
-37
-52
-66
-77
-81
-74
-67
-63
-67
-80
-97
-112
-121
-120
-109
-89
-62
-33
-8
6
12
12
14
26
46
73
101
124
144
158
168
173
171
159
141
121
104
90
79
70
62
54
48
41
32
20
3
-15
-34
-46
-50
-44
-33
-19
-8
-3
-8
-23
-47
-72
-92
-102
-100
-95
-87
-80
-74
-72
-77
-90
-106
-115
-115
-106
-93
-84
-78
-70
-56
-35
-9
17
42
63
79
89
93
93
90
83
73
61
47
34
27
22
17
8
-9
-32
-54
-71
-82
-87
-88
-83
-70
-50
-30
-12
3
16
29
42
49
48
37
26
23
31
44
53
54
45
32
27
24
23
21
17
13
12
15
21
31
43
58
69
73
68
61
56
56
58
57
54
50
48
50
54
55
50
36
17
-3
-21
-33
-42
-49
-59
-69
-75
-76
-72
-69
-73
-84
-98
-108
-110
-100
-82
-59
-40
-27
-26
-31
-38
-41
-36
-25
-11
-3
3
5
-1
-5
-8
-10
-8
-6
-7
-11
-18
-23
-27
-29
-31
-32
-34
-30
-20
-5
12
26
32
36
38
41
42
36
24
5
-11
-22
-25
-23
-22
-23
-24
-22
-16
-10
-10
-15
-20
-17
-10
-1
1
7
23
48
72
79
71
56
49
54
62
64
60
57
58
63
62
58
53
54
58
56
51
41
35
35
38
44
49
50
47
38
27
14
6
5
8
13
19
19
16
9
2
-11
-24
-39
-56
-73
-87
-96
-103
-104
-105
-102
-100
-95
-90
-82
-74
-69
-68
-71
-75
-79
-79
-71
-59
-44
-30
-19
-13
-12
-15
-15
-17
-16
-12
-6
2
13
24
35
36
29
16
6
2
8
21
35
47
48
43
30
17
10
6
6
8
13
22
36
52
64
66
58
47
30
16
1
-9
-13
-7
8
28
46
56
62
64
61
58
50
40
30
24
22
19
17
9
-1
-7
-6
1
11
20
28
35
38
37
29
16
0
-14
-23
-24
-22
-17
-8
2
12
20
19
7
-12
-33
-48
-57
-60
-59
-58
-55
-52
-47
-46
-46
-48
-51
-53
-55
-55
-50
-44
-35
-29
-29
-33
-36
-40
-39
-32
-21
-13
-6
-7
-14
-25
-34
-37
-36
-32
-30
-31
-32
-30
-21
-9
3
10
13
14
18
23
29
34
37
37
44
51
57
62
60
55
46
35
24
16
13
15
20
27
32
36
39
39
36
33
29
25
21
18
19
26
36
46
51
49
44
43
41
33
18
4
-5
-1
9
17
18
12
3
1
-2
-4
-10
-16
-21
-25
-32
-41
-49
-51
-48
-39
-27
-19
-17
-19
-28
-37
-42
-44
-39
-33
-28
-25
-23
-23
-25
-27
-26
-23
-18
-14
-13
-18
-23
-29
-31
-34
-36
-38
-39
-34
-24
-16
-10
-8
-6
-6
-3
4
7
8
6
1
0
1
7
13
18
20
17
13
9
9
13
18
22
22
21
18
16
15
17
26
36
45
50
49
45
40
38
40
42
47
46
44
41
37
34
31
27
22
11
1
-10
-17
-19
-15
-4
4
9
10
8
2
-8
-20
-29
-34
-32
-28
-18
-6
10
27
34
28
12
-8
-22
-28
-28
-30
-35
-38
-38
-34
-27
-24
-22
-25
-29
-34
-38
-41
-39
-35
-30
-27
-26
-22
-17
-12
-7
-3
-4
-5
-7
-6
-4
0
0
1
-1
-3
-6
-13
-18
-19
-18
-11
-2
5
8
10
11
15
20
23
21
14
9
4
5
12
22
33
42
48
49
45
37
25
17
11
12
17
26
35
42
44
42
35
24
15
7
2
1
0
-1
-2
-4
-8
-12
-16
-14
-11
-9
-5
-7
-14
-24
-33
-39
-42
-41
-38
-34
-28
-21
-14
-9
-4
-1
0
-2
-4
-6
-7
-9
-14
-19
-25
-26
-23
-18
-14
-15
-13
-10
-4
1
0
-6
-11
-14
-15
-11
-8
-5
1
9
21
34
45
51
48
39
23
8
-1
-3
-2
2
4
6
10
16
21
23
23
19
13
6
1
-5
-11
-16
-20
-20
-17
-9
-2
6
10
12
10
9
9
7
6
5
6
8
11
14
15
15
15
16
18
19
20
18
16
12
8
4
0
-6
-14
-21
-27
-27
-21
-12
-3
2
3
0
-4
-11
-14
-15
-17
-18
-19
-19
-16
-15
-14
-11
-11
-12
-14
-15
-16
-19
-24
-29
-31
-31
-26
-18
-7
0
6
6
3
-2
-6
-5
-3
-3
-2
-3
-2
2
8
16
23
29
32
35
36
37
37
35
31
26
22
14
9
5
5
8
15
21
21
18
11
4
-1
-4
-5
-7
-10
-14
-15
-16
-13
-5
3
8
10
7
4
-2
-6
-8
-9
-8
-6
-2
0
-1
-2
-7
-12
-18
-18
-18
-15
-10
-5
1
5
7
7
4
0
-4
-6
-5
-3
1
2
4
5
4
2
-3
-10
-16
-20
-22
-22
-22
-19
-15
-12
-10
-10
-10
-8
-6
-6
-7
-10
-14
-13
-8
1
9
15
18
18
16
13
10
6
3
1
2
5
7
6
5
4
7
10
14
18
24
30
34
31
25
18
14
16
21
24
23
20
16
13
8
7
5
3
0
-4
-9
-11
-9
-6
-7
-11
-14
-14
-13
-10
-8
-8
-10
-12
-14
-16
-16
-17
-17
-17
-16
-17
-15
-12
-8
-5
-6
-8
-10
-10
-6
-3
-2
-3
-4
-5
-4
-1
0
2
2
3
6
10
11
12
8
4
2
-1
-1
-4
-6
-8
-9
-6
-1
3
5
4
0
-3
-5
-4
-1
2
3
3
3
6
8
8
5
0
-6
-7
-7
-1
5
10
12
11
7
2
2
2
2
0
-3
-5
-6
-4
-1
1
1
2
6
9
7
3
4
9
10
7
8
15
20
19
15
11
6
1
-3
-2
1
4
7
10
11
9
4
-1
-8
-10
-8
-5
-3
-3
-9
-13
-15
-15
-13
-13
-14
-16
-17
-15
-13
-11
-9
-6
-3
0
3
3
1
-4
-7
-12
-13
-11
-4
1
3
1
-4
-9
-12
-11
-7
-1
3
6
6
4
3
4
6
6
5
2
0
-2
-2
-1
0
1
3
2
3
1
0
-1
-3
-2
-1
2
7
11
13
13
12
12
12
14
18
20
23
22
19
14
8
0
-9
-17
-20
-21
-18
-15
-12
-11
-10
-12
-13
-13
-12
-10
-8
-6
-3
1
3
7
11
13
14
12
6
-2
-9
-13
-12
-7
-1
4
3
-1
-4
-6
-4
0
5
7
9
10
12
14
15
15
12
8
2
-5
-6
-9
-6
-5
-7
-10
-11
-10
-9
-10
-13
-18
-19
-18
-13
-7
0
2
7
9
9
8
5
3
1
0
1
2
3
5
6
6
6
7
6
4
4
2
0
-3
-4
-5
-2
2
8
12
12
9
4
0
-2
-1
0
1
1
0
-1
0
0
0
0
-1
-2
-1
-2
-1
0
-3
-4
-4
-4
-1
-1
0
-2
-1
1
6
12
17
17
10
5
-3
-14
-22
-23
-17
-12
-11
-7
4
9
6
3
-2
-3
-7
-10
-11
-8
-6
-1
-1
0
1
0
0
-1
-1
2
4
7
8
5
3
-1
-3
-2
-3
-1
0
1
3
3
4
5
3
2
1
1
1
0
1
1
2
3
4
5
7
9
10
10
8
6
4
-1
-3
-7
-9
-7
-5
-2
0
3
5
6
6
6
6
7
7
8
8
6
4
0
-3
-5
-4
-3
0
2
2
2
0
-4
-12
-18
-24
-25
-23
-18
-14
-11
-10
-11
-10
-9
-7
-5
-6
-6
-6
-5
-2
-2
-2
-1
0
2
4
5
6
5
4
5
6
7
9
11
11
8
5
3
5
8
11
13
14
13
12
10
6
5
1
-1
