SAMPLES:	16695
BITSPERSAMPLE:	16
CHANNELS:	1
SAMPLERATE:	16000
NORMALIZED:	FALSE
0
-2
-3
-3
-3
-2
0
4
7
8
7
4
2
0
-3
-3
-2
1
3
5
7
7
5
4
2
0
-1
-1
-2
-2
-2
-1
-1
-2
-1
0
0
1
1
1
0
-1
-1
0
1
1
1
2
-1
-3
-2
-3
-1
0
2
3
5
5
6
5
5
4
2
-1
-4
-5
-7
-8
-7
-5
-4
-3
0
1
1
-1
-3
-3
-3
-3
-2
0
1
3
3
2
3
3
3
2
3
0
1
1
1
3
4
4
3
1
-1
-4
-7
-7
-6
-4
-2
2
2
2
1
-2
-4
-5
-5
-4
-2
0
0
0
-1
-1
-1
1
1
3
5
6
5
3
-1
-4
-7
-7
-6
-4
0
4
6
8
7
6
2
-1
-3
-4
-2
1
5
8
12
12
11
8
3
-1
-4
-8
-7
-6
-4
-1
2
2
2
2
0
0
0
1
0
1
0
0
-2
-5
-5
-7
-7
-4
-1
2
5
7
5
3
1
-2
-4
-5
-5
-4
-2
-1
1
2
1
1
-2
-4
-5
-4
-3
-1
2
4
4
3
0
-2
-5
-5
-3
-1
3
6
7
9
8
4
2
-1
-3
-4
-2
0
1
1
2
1
2
-1
0
-1
-1
-1
-1
-1
1
1
4
4
4
4
3
2
1
0
-1
-1
-2
-2
0
-1
0
-1
0
0
-1
-3
-4
-5
-5
-4
-2
-1
0
1
0
-1
-3
-3
-3
-1
1
2
2
0
-3
-6
-9
-10
-7
-1
4
9
13
13
11
5
0
-4
-5
-4
-1
4
8
10
11
10
7
2
-2
-6
-8
-7
-3
1
5
8
7
4
-1
-6
-8
-8
-2
2
7
9
9
7
4
1
-1
-2
-2
-1
0
1
0
0
0
-2
-3
-4
-5
-3
-4
-3
-3
-4
-4
-6
-8
-10
-9
-9
-6
-4
-2
2
3
6
4
2
1
-2
-3
-2
-1
0
0
2
4
2
2
2
1
2
0
1
-2
-1
1
2
6
9
11
13
12
11
9
6
4
4
3
4
5
5
4
-1
-4
-7
-8
-9
-8
-6
-3
-2
-4
-4
-7
-7
-7
-7
-5
-4
-2
0
2
3
5
6
5
6
5
4
4
6
5
5
5
4
1
0
-1
-4
-4
-4
-4
0
1
3
1
1
-3
-4
-6
-6
-7
-5
-4
-3
-3
-4
-4
-4
-4
-3
-2
-2
-2
-2
-1
0
0
1
1
0
-1
-2
-2
1
2
4
6
8
8
7
5
3
1
-1
-2
-2
-2
-1
0
1
1
1
0
-1
0
-2
-2
-1
-1
-2
-2
-3
-3
-5
-4
-1
3
7
9
11
11
9
6
4
2
0
2
3
3
5
5
3
0
-1
-2
-2
-1
0
2
3
2
1
-1
-3
-5
-6
-6
-6
-5
-3
0
2
4
3
2
-1
-4
-9
-10
-12
-10
-9
-5
-2
0
2
3
3
2
3
3
3
5
4
3
2
0
-1
-1
-2
-1
0
1
1
-1
-2
-5
-7
-8
-9
-8
-6
-5
-2
-2
-2
-2
-3
-3
-3
-1
0
2
4
5
5
6
6
7
9
11
12
14
14
12
10
7
4
2
1
0
1
0
0
-3
-4
-6
-5
-5
-3
-3
0
0
2
2
2
4
2
0
-3
-4
-3
2
3
4
4
2
0
1
-1
-3
-5
-7
-6
-7
-7
-6
-4
-3
-1
0
2
2
1
0
-1
-1
-2
-1
-1
-1
-1
-2
-4
-7
-9
-10
-10
-8
-5
-1
1
3
0
-1
-5
-6
-7
-4
2
9
15
22
24
25
20
14
7
2
-1
-3
0
1
4
4
5
3
0
-2
-5
-4
-4
-1
2
3
4
3
1
-1
-2
-1
-1
-1
0
2
4
6
5
4
-1
-7
-13
-16
-15
-12
-7
-2
2
7
10
10
9
7
4
1
-2
-4
-6
-6
-5
-2
-1
2
2
0
-3
-7
-10
-11
-9
-5
-2
2
3
3
-1
-5
-8
-11
-9
-5
1
6
11
14
16
13
8
1
-5
-7
-5
1
7
11
12
10
5
-1
-8
-11
-10
-6
1
8
12
13
10
4
-3
-8
-11
-12
-10
-6
-1
3
5
4
0
-3
-9
-13
-14
-11
-8
-1
3
6
7
6
4
1
-2
-4
-3
-1
-1
0
1
1
-1
-1
-1
0
2
7
10
10
10
9
7
6
7
8
9
9
8
6
3
3
2
3
5
7
6
4
1
-4
-9
-13
-16
-16
-12
-10
-7
-3
-2
-2
-3
-2
-3
1
2
4
4
4
2
0
-2
-6
-7
-8
-7
-6
-3
0
2
4
5
4
2
-1
-4
-6
-9
-8
-6
-3
0
5
7
9
10
10
9
6
4
1
-3
-4
-5
-6
-6
-4
-2
1
2
2
3
1
-1
-3
-4
-5
-5
-4
-2
0
3
4
3
3
3
2
2
2
3
3
2
0
-2
-4
-3
-4
-3
0
2
4
6
5
3
1
0
-1
0
1
1
3
0
0
-3
-3
-3
-2
0
1
3
3
2
1
0
-2
-3
-4
-4
-3
-4
-3
-1
1
2
4
5
5
4
3
2
1
-1
-2
-4
-5
-5
-6
-5
-6
-5
-5
-4
-5
-4
-5
-5
-4
-6
-8
-8
-9
-7
-4
1
7
12
15
16
14
11
8
2
1
0
3
6
9
13
14
14
12
9
8
6
4
4
2
2
-1
-3
-4
-4
-4
-3
-2
-2
0
0
0
-1
-1
-2
-5
-6
-8
-9
-10
-9
-7
-6
-3
-2
0
0
-1
-3
-3
-5
-5
-4
-3
-1
0
1
1
1
1
2
3
4
4
4
4
2
1
-2
-5
-5
-4
-3
-2
0
1
1
0
-1
-3
-3
-1
0
1
2
1
0
1
1
1
3
4
5
4
4
3
2
0
-2
-3
-3
-3
-1
1
2
3
4
4
4
2
0
-1
0
0
-1
-1
0
0
1
1
3
3
5
4
4
4
5
4
4
4
1
1
-2
-6
-9
-9
-8
-6
-2
1
4
6
6
6
4
3
2
-1
-2
-4
-5
-5
-5
-4
-4
-2
0
0
0
-1
0
-2
-1
-1
-2
0
0
1
1
1
1
0
0
0
0
0
0
-1
-2
-3
-3
-4
-3
-2
0
2
3
3
2
0
-1
-2
0
2
5
7
8
8
5
3
1
-1
-3
-3
-2
-1
-1
1
0
0
-2
-4
-5
-6
-6
-6
-5
-4
-3
-1
0
0
1
1
1
2
2
4
5
7
5
6
5
3
1
0
-2
-2
-1
-2
-2
-1
0
0
-1
0
0
0
0
0
0
-1
-1
-1
-1
-1
-1
-1
-1
0
-1
-1
-1
-1
-1
0
2
2
2
3
1
1
-1
-3
-6
-5
-4
-2
1
3
5
6
6
4
1
-1
-3
-4
-4
-3
-1
0
2
3
3
0
-2
-4
-5
-6
-5
-3
-1
1
3
3
3
1
0
-1
-1
0
2
4
5
5
4
2
0
-4
-5
-5
-4
-1
2
5
8
8
7
5
2
-1
-2
-2
-2
0
2
3
4
4
2
0
-1
-3
-3
-3
-2
0
2
3
4
1
-1
-4
-9
-9
-8
-6
-2
2
4
6
6
4
1
-1
-2
-4
-4
-1
0
2
5
7
7
6
5
3
2
0
-1
-2
-3
-3
-3
-2
-1
0
2
1
1
0
-2
-4
-4
-5
-5
-5
-3
-2
0
1
2
1
-1
-2
-3
-5
-5
-4
-2
0
1
1
0
0
0
-2
-2
-1
0
1
4
4
5
6
5
3
1
-1
-3
-4
-4
-3
-2
0
0
0
1
1
-1
0
-2
0
1
1
2
2
2
2
3
4
5
7
8
8
7
6
3
1
0
0
0
2
4
6
7
6
5
3
1
-2
-1
-4
-4
-7
-10
-11
-13
-12
-10
-6
-2
1
0
0
-2
-5
-7
-8
-7
-7
-6
-5
-3
-2
-1
-1
1
1
1
3
1
0
1
0
0
0
1
2
3
4
3
2
0
-2
-2
-1
1
4
6
8
9
8
7
3
0
-1
0
2
5
7
9
9
8
5
2
-3
-5
-7
-9
-11
-13
-12
-12
-12
-12
-11
-11
-10
-9
-6
-3
0
3
6
8
8
9
9
9
8
8
8
8
7
7
6
4
2
2
1
0
0
1
2
3
2
1
-3
-7
-13
-17
-21
-22
-21
-19
-15
-12
-10
-7
-5
-4
-3
-1
2
5
9
13
16
17
18
17
17
14
12
9
7
6
5
4
4
2
1
0
-1
-4
-7
-9
-10
-12
-9
-9
-9
-8
-8
-8
-7
-6
-5
-2
-1
2
4
7
7
7
6
6
7
7
11
13
14
15
14
11
8
5
3
1
-1
-1
-1
-1
-3
-5
-8
-12
-12
-13
-12
-10
-9
-8
-8
-8
-8
-8
-9
-8
-9
-8
-7
-6
-3
1
6
7
11
13
10
10
9
8
7
6
5
4
1
0
-2
-3
-5
-4
-5
-3
-2
-1
0
-1
-3
-4
-6
-7
-8
-8
-7
-6
-3
-1
1
1
1
2
2
4
5
7
10
12
12
11
10
10
7
6
4
2
0
-3
-5
-7
-8
-9
-9
-8
-6
-4
-3
0
0
1
0
0
1
-1
1
0
0
1
0
0
1
0
0
-1
-1
-1
0
0
0
-1
-1
-2
-3
-4
-4
-5
-4
-2
0
1
2
4
3
4
3
4
4
4
4
3
3
1
0
-1
0
0
0
1
2
2
2
1
0
-1
-3
-2
-2
-1
0
2
3
5
6
8
8
9
8
8
6
4
0
-3
-4
-5
-4
-4
-4
-3
-3
-3
-4
-5
-6
-7
-6
-4
-4
-4
-3
-4
-4
-6
-7
-6
-5
-3
-1
1
1
1
1
-1
0
1
1
1
1
2
-1
-1
-3
-4
-5
-5
-4
-3
-2
0
3
3
4
4
5
4
4
4
5
6
6
7
7
6
5
4
2
1
0
0
1
1
3
2
2
0
1
-1
-2
-3
-3
-2
-1
-2
-1
-4
-4
-4
-3
-2
2
2
3
2
1
-3
-3
-3
-2
-1
0
1
1
0
0
0
1
1
3
4
4
4
3
1
0
-2
-3
-3
-2
-4
-3
-3
-5
-3
-4
-4
-3
-1
0
1
0
0
-2
-3
-5
-6
-6
-6
-6
-3
-1
2
3
4
4
2
-1
-2
-3
-4
-6
-4
-3
-3
-2
0
1
1
2
3
5
6
5
6
5
7
7
9
12
17
23
30
37
44
47
46
40
32
21
12
-1
-15
-28
-45
-61
-80
-101
-123
-139
-148
-148
-138
-123
-102
-77
-51
-22
2
27
47
69
91
113
134
148
158
163
160
152
137
121
99
78
60
38
16
-5
-26
-43
-57
-68
-80
-91
-105
-122
-142
-164
-183
-191
-186
-167
-138
-101
-64
-29
3
29
55
75
92
105
114
117
116
109
100
89
83
76
73
73
71
67
59
47
33
16
4
-7
-16
-23
-30
-36
-47
-60
-76
-90
-104
-117
-126
-129
-124
-109
-89
-62
-38
-11
20
46
66
81
95
111
124
130
129
120
108
90
73
58
41
27
12
1
-9
-17
-26
-33
-40
-47
-53
-59
-63
-67
-72
-77
-79
-79
-74
-64
-46
-27
-6
10
25
33
38
43
46
53
61
67
71
70
64
53
37
19
2
-13
-23
-28
-33
-32
-34
-33
-31
-31
-30
-28
-26
-24
-23
-25
-31
-38
-47
-54
-61
-64
-62
-56
-46
-32
-19
-6
6
16
27
37
47
55
61
66
69
69
64
58
47
32
20
7
-5
-13
-16
-15
-10
-6
-2
5
16
31
46
59
71
81
92
103
111
113
106
90
65
36
3
-30
-62
-95
-128
-166
-200
-231
-257
-280
-299
-311
-307
-285
-249
-201
-151
-99
-44
13
74
134
187
231
268
301
330
356
374
379
371
353
324
288
247
201
152
101
50
-3
-60
-123
-188
-251
-306
-347
-373
-383
-381
-367
-345
-314
-277
-234
-185
-129
-65
4
75
142
196
233
254
264
266
264
257
244
228
211
195
180
164
144
118
87
55
24
-7
-39
-72
-105
-136
-164
-187
-206
-222
-237
-246
-251
-245
-231
-213
-191
-168
-140
-107
-72
-36
3
41
78
114
145
170
186
194
194
189
178
164
150
137
121
107
92
70
43
11
-21
-52
-76
-92
-102
-109
-119
-135
-143
-141
-128
-85
-26
26
87
155
210
262
307
325
321
306
277
248
206
145
84
8
-74
-142
-210
-283
-345
-419
-505
-583
-656
-701
-702
-672
-617
-528
-414
-296
-162
-12
118
230
336
434
529
610
669
703
711
699
676
643
597
545
480
415
346
266
173
73
-29
-132
-230
-318
-394
-459
-517
-567
-601
-631
-645
-634
-609
-568
-508
-434
-335
-219
-109
7
123
224
325
421
496
569
623
644
663
667
643
618
570
489
403
306
195
92
-12
-127
-245
-360
-478
-596
-703
-821
-949
-1075
-1194
-1281
-1321
-1334
-1302
-1207
-1080
-941
-760
-528
-260
18
287
547
780
979
1156
1315
1457
1552
1613
1672
1662
1634
1665
1652
1630
1683
1656
1584
1596
1505
1389
1410
1261
1009
834
464
141
-26
-465
-834
-1124
-1705
-2121
-2443
-2946
-3245
-3464
-3815
-3868
-3788
-3778
-3510
-3250
-3132
-2953
-2714
-2414
-2021
-1415
-828
-364
235
908
1620
2578
3482
4094
4772
5290
5594
6086
6283
6069
5844
5240
4422
3764
2849
1861
957
-222
-1341
-2257
-3176
-3779
-4220
-4755
-5062
-5319
-5478
-5175
-4914
-4679
-4214
-4021
-3702
-2992
-2523
-1932
-1183
-829
-259
581
1181
2011
2967
3489
4008
4599
4848
5078
5358
5246
4856
4425
3794
3002
2329
1578
530
-446
-1339
-2369
-3048
-3444
-4103
-4493
-4652
-5002
-4912
-4487
-4264
-3800
-3205
-2933
-2255
-1377
-827
126
937
1372
2262
3017
3633
4594
5151
5450
5939
6088
6167
6395
6249
5852
5390
4655
3812
3070
2197
1099
36
-1030
-2200
-3153
-3919
-4813
-5615
-6199
-6842
-7308
-7370
-7515
-7659
-7406
-7346
-7323
-6704
-6282
-5961
-4975
-4245
-3550
-2092
-932
211
2039
3390
4662
6493
7662
8616
9940
10476
10716
11168
10788
10108
9531
8240
6859
5614
3826
2077
513
-1289
-2827
-4075
-5333
-6321
-7084
-7769
-8234
-8505
-8576
-8518
-8417
-8144
-7823
-7423
-6687
-5938
-5208
-4191
-3246
-2269
-849
496
1748
3253
4432
5422
6674
7538
8200
8950
9105
9028
8961
8479
7914
7193
6206
5068
3705
2608
1440
120
-581
-1665
-2948
-3306
-4086
-4878
-4701
-5148
-5616
-5232
-5422
-5406
-4625
-4490
-4201
-3358
-3121
-2575
-1540
-1015
-209
711
1128
1883
2599
2980
3663
3952
3838
3900
3491
2917
2577
1702
701
-101
-1325
-2428
-3200
-4232
-4917
-5276
-5872
-5922
-5592
-5512
-4837
-3840
-3213
-2182
-1016
-198
944
1971
2594
3425
3936
4102
4574
4704
4555
4725
4523
4182
4233
3879
3500
3477
2985
2598
2521
1962
1544
1252
569
152
-166
-698
-1045
-1367
-1701
-1790
-1686
-1570
-1492
-1182
-839
-506
227
807
1171
1733
1820
1782
1983
1538
988
600
-524
-1799
-2802
-4170
-5495
-6363
-7573
-8884
-9340
-9833
-10029
-8779
-8063
-7424
-5131
-3734
-2300
1098
3156
4686
7379
8415
9413
11465
11528
11628
12481
11038
9824
9768
7956
6466
5813
3738
2118
964
-969
-1919
-2654
-4217
-5338
-6616
-8089
-8897
-9712
-10324
-10780
-11685
-11970
-11729
-11478
-10301
-9118
-8234
-6451
-4875
-3005
32
2261
4326
6799
8266
9924
11786
12629
13560
13950
13207
12909
12320
11241
10548
9232
7641
6249
4590
3476
2535
1165
257
-985
-2432
-2941
-3874
-4922
-5324
-6513
-7559
-7694
-8375
-8734
-8428
-8871
-8879
-8158
-7863
-7063
-5925
-5383
-4689
-3769
-3090
-2185
-1208
-589
-52
379
766
1363
1995
2606
3140
3549
4066
4572
5224
6219
6755
6903
7263
7155
6717
6685
6257
5085
3880
2362
585
-729
-2207
-3947
-5173
-6592
-7968
-8384
-8909
-9090
-8724
-8737
-7978
-7250
-6868
-5241
-4072
-3287
-1328
-538
81
2139
2828
3943
5869
6210
7275
8564
8954
9871
10531
10704
10977
10936
10651
10202
9465
8545
7381
6129
4626
2803
1248
-242
-1831
-3092
-4333
-5889
-7180
-8019
-8727
-9160
-9340
-9677
-10327
-10949
-11293
-11408
-11203
-11271
-11995
-12059
-11775
-11829
-10194
-7834
-7034
-5257
-2229
-141
3266
7737
10577
13714
16455
17242
19609
21845
21129
21196
20661
17085
14473
12294
8746
6103
2902
-1413
-4235
-7016
-9977
-11056
-12249
-14263
-15399
-16279
-16767
-16367
-15933
-15241
-14797
-14811
-13794
-12282
-10702
-8323
-6384
-4666
-1971
378
3015
7050
10105
12366
15170
16806
17998
19613
20113
20082
19464
17782
16379
14950
13052
10932
8686
6179
2918
639
-1011
-3425
-4236
-5651
-8187
-7851
-8892
-10729
-8923
-9719
-11745
-10370
-11180
-12287
-11022
-12158
-13250
-12522
-13308
-13665
-12655
-12411
-12230
-11371
-9495
-6333
-3805
-1671
2171
5493
7625
11802
15789
17586
19514
19949
19881
21019
19068
17060
17293
13566
9569
8388
4765
1587
-139
-3691
-5742
-7533
-11036
-11815
-11827
-13744
-14402
-14768
-15908
-15926
-15795
-15176
-13848
-13975
-13557
-11567
-9984
-7483
-4463
-2069
1114
3841
6308
10246
13424
15522
17868
19154
19482
19697
19502
19147
18045
16049
14172
11777
9255
7541
5297
3040
1157
-1475
-2958
-3830
-5660
-6148
-6686
-8297
-8337
-8690
-9811
-9603
-10102
-10985
-10541
-10794
-11622
-11737
-12213
-12484
-11774
-11540
-11514
-10569
-9803
-9130
-6670
-3467
-1963
-76
3755
6223
8634
13059
15527
17101
18961
18365
19194
20217
17320
16651
16436
11802
9429
8273
4209
2051
8
-4094
-5803
-7808
-11330
-11734
-12276
-14910
-15682
-16242
-17485
-17374
-17291
-16806
-15621
-15476
-14435
-11961
-9863
-7202
-4252
-1615
1721
4605
7330
11397
14387
15930
18126
19446
19515
19960
19981
19380
18432
16582
14796
13222
10936
8821
7211
4990
2406
449
-1012
-2683
-4268
-5259
-6687
-8514
-9267
-9997
-10968
-11047
-11901
-13022
-12951
-13441
-13850
-13771
-14402
-14124
-13463
-13527
-12710
-11507
-10809
-9953
-7627
-3910
-1925
-152
4292
7279
9148
13715
17098
18445
20381
20549
20750
21951
19689
17970
18278
14285
10384
9334
5603
2006
-277
-4348
-6771
-8689
-12551
-13587
-13709
-16414
-17529
-17712
-18734
-18414
-18110
-17125
-15531
-15518
-13659
-11618
-10311
-5596
-3343
-1979
3707
5214
6416
12277
13994
15169
18309
18413
19234
19888
18743
19114
18192
15939
14717
12766
10766
9068
6979
5280
3188
785
-732
-2124
-3744
-4856
-5992
-7631
-8499
-9120
-10403
-10470
-10673
-12339
-12348
-12278
-13467
-13008
-13159
-14041
-12983
-12781
-12810
-11281
-10820
-10475
-8695
-5973
-2801
-893
1499
5477
7764
10255
14716
17281
18654
19955
19713
20477
20540
17905
17550
16213
11278
9234
7096
2858
798
-2714
-6328
-7489
-11204
-13831
-13407
-15444
-17165
-17186
-18408
-18591
-17984
-17669
-15750
-14418
-14346
-12401
-9866
-7663
-4430
-1447
1470
4555
6676
9864
13485
15237
17170
19139
19486
19445
19490
19368
18702
17232
15648
13847
11780
9704
7767
6130
3824
1040
-980
-2457
-3765
-5478
-6730
-7099
-8873
-10149
-9426
-10150
-11148
-11052
-11591
-11785
-12154
-12370
-11555
-12550
-13378
-12101
-11978
-11712
-10374
-9942
-9179
-7697
-5378
-2062
16
2178
5943
8579
10922
14802
17757
19209
20033
20088
20455
20097
18263
17278
15683
12025
9119
6665
3536
687
-2499
-5467
-7824
-11121
-13720
-14449
-15614
-17107
-17982
-18785
-19071
-19059
-18561
-16681
-15490
-15223
-13450
-11172
-8838
-5445
-2569
63
3164
5275
8202
12411
14500
15921
18234
18790
18889
19897
19638
19040
18541
16560
14735
13613
11736
9879
8380
6260
3866
1917
190
-1407
-2681
-4326
-6213
-7390
-8574
-9761
-10062
-10571
-11591
-12204
-12795
-13266
-13189
-13228
-13617
-14015
-14288
-14106
-13492
-12871
-11933
-10761
-10291
-8959
-5348
-2208
-19
3512
6717
8962
12561
16470
19254
20855
20794
20955
21714
20501
18902
18333
15782
11814
9205
6524
3047
29
-3296
-6546
-8855
-11890
-14413
-14686
-15782
-17835
-18284
-18545
-19151
-18689
-17287
-15575
-14618
-14000
-12401
-10290
-7546
-4488
-1994
955
3543
5351
8907
12675
14342
16223
18134
18465
19000
19659
19287
18984
18058
16008
14664
13433
11386
9762
8109
5523
3117
1374
-202
-1777
-3444
-5207
-6920
-8231
-9097
-9966
-10582
-11172
-12376
-13093
-13211
-13640
-13615
-13722
-14572
-14491
-14030
-13869
-12665
-11503
-10938
-9782
-8841
-6639
-2255
289
2251
6459
8996
10948
15412
18632
20275
21267
20364
20470
20745
18521
17439
16561
12692
9070
6386
3148
344
-2829
-6067
-8333
-11619
-14712
-15335
-16001
-17275
-17981
-19052
-19115
-18182
-18122
-16103
-13280
-13864
-13179
-9768
-7986
-4997
-569
1829
4504
6939
8874
13287
16601
17788
20034
20460
19266
19794
19778
18791
18141
15983
13088
10993
8556
6411
4838
2468
-250
-2771
-4829
-6206
-7441
-8013
-8676
-10195
-10881
-11266
-11705
-11124
-11228
-11740
-11423
-11923
-12186
-11233
-11108
-10880
-9609
-9180
-8950
-7636
-6335
-5351
-3638
-678
1857
2799
5067
8686
10554
12655
15726
17195
17918
18057
17873
18864
17846
14986
14258
12303
7958
5779
3758
149
-2521
-5583
-8418
-9673
-12585
-15050
-14491
-15382
-17374
-17291
-17187
-17584
-17036
-15769
-14184
-13269
-12688
-10743
-8132
-5613
-2722
69
2955
5622
7561
10698
14011
15365
17235
19168
19076
19293
19703
18982
18536
17643
15559
13824
11916
8912
6957
5704
2139
-459
-919
-4378
-6875
-5771
-7969
-10534
-9866
-11152
-12489
-12024
-12862
-13148
-12706
-13335
-13390
-13171
-13723
-13750
-12619
-11686
-11522
-10348
-8922
-8791
-6583
-2097
328
1986
5435
8301
10315
13801
17577
19907
20828
20243
20263
21297
19630
17285
16906
13788
8734
6166
3451
37
-2506
-5911
-8577
-10267
-13809
-15588
-14590
-15897
-17554
-17331
-18050
-18283
-17286
-16367
-14445
-13467
-13408
-11157
-8560
-6160
-2940
-303
2763
5590
7255
10971
14975
16398
18286
20276
20135
20135
20724
20394
19654
18120
15678
13659
11533
9017
7115
5108
2201
-651
-2705
-4425
-6092
-7206
-8342
-9942
-11151
-12196
-12763
-12443
-13095
-13993
-13464
-13890
-15089
-14469
-13877
-13998
-12795
-11968
-11846
-10078
-8842
-7992
-3654
103
581
3772
8375
9907
12831
17626
19766
20763
21220
20676
21739
21477
18151
16976
15670
10602
7193
5652
1939
-1858
-4954
-8024
-10010
-12808
-15703
-15664
-16127
-18510
-18999
-18736
-19367
-19141
-17736
-15791
-14896
-14400
-11984
-9577
-7021
-3276
-862
2087
5596
7105
10676
15106
16262
18203
20547
20374
20818
21619
21012
20583
19356
16629
14621
12782
9775
7342
5323
2054
-921
-3040
-5602
-7291
-8010
-9760
-11515
-12242
-13376
-14363
-13959
-13861
-14664
-14482
-14116
-14680
-14139
-13034
-12872
-11933
-10770
-10205
-8698
-7644
-6276
-2066
709
1337
4988
8810
10334
13854
17828
19466
20444
20345
20522
21738
20002
17347
16680
13774
9190
6562
3899
488
-2586
-5780
-8132
-10252
-13374
-15099
-15242
-15974
-17152
-17943
-17637
-17711
-17846
-15310
-14357
-14903
-11759
-10695
-10348
-4367
-1861
-2266
2882
6220
6518
10646
14769
16225
17695
19012
19771
20205
20094
19867
19521
17812
15005
13102
11390
8650
6469
4632
1392
-1810
-3474
-5179
-7162
-7893
-8968
-11280
-12296
-12702
-13706
-13468
-13362
-14382
-14100
-14132
-15280
-14076
-12517
-12936
-11903
-10452
-10464
-9363
-7810
-4988
-554
461
1839
6829
8834
10821
16005
18508
19577
20421
19871
21330
21561
18562
17687
16237
11549
8353
6164
3108
162
-3582
-6583
-8335
-11742
-14283
-14286
-15156
-16596
-17642
-18387
-18020
-18046
-17474
-14903
-14155
-14508
-12501
-10178
-7669
-4259
-1957
802
4028
5651
9009
13718
15594
17090
19309
19921
20462
21252
21081
20795
19619
17213
15130
13006
10642
8305
5587
2859
-654
-3600
-4429
-7258
-9519
-8143
-11143
-14657
-12249
-13337
-15869
-13665
-13962
-15487
-15037
-15992
-15266
-13321
-13698
-12898
-11076
-10930
-10340
-7776
-3778
-484
925
3547
7371
9724
12898
17210
19795
21096
20873
20407
22086
21547
18409
17664
15636
10418
7359
5300
1907
-1107
-4687
-7904
-9510
-12537
-15088
-14390
-14767
-16979
-17655
-17663
-17973
-17650
-16261
-14239
-13698
-13955
-12115
-9662
-7273
-3722
-1149
1107
4545
6980
10126
14583
16676
18041
20020
20732
21612
22167
21013
20299
19020
15757
13241
11291
8220
5451
2959
-204
-3064
-5522
-7404
-8061
-8812
-10393
-11837
-12827
-13529
-13742
-13437
-13369
-13877
-14476
-14881
-14438
-13315
-12652
-12091
-11249
-10619
-10019
-8431
-4767
-905
847
3155
7006
9305
11781
16337
19329
20311
20624
19952
20586
20817
18350
17265
15213
10094
7436
4800
857
-545
-3837
-8122
-9018
-11695
-14668
-13770
-14102
-15704
-15895
-16881
-17248
-16153
-15451
-13869
-12636
-12834
-11559
-9716
-7512
-3737
-1769
69
4209
6101
8143
13469
16031
16612
19428
20695
20362
21385
21223
19858
18881
16165
12946
11217
8613
5735
3874
740
-2584
-4336
-6307
-7749
-7923
-9257
-11326
-12317
-12956
-13545
-13434
-13333
-14171
-14932
-15157
-15382
-14213
-13008
-13827
-12962
-11133
-11747
-9637
-4386
-2091
-334
3712
6761
8977
12786
17200
20385
21617
21053
21157
22275
20774
18633
18430
15167
9845
7304
4545
1103
-1390
-5080
-8085
-9904
-13358
-15205
-14315
-15000
-16519
-16802
-17133
-17355
-16679
-15349
-13594
-12636
-12694
-11632
-8917
-6047
-3480
-928
1821
4296
6412
10105
14132
15903
18197
20232
19750
21143
22205
19985
19902
19112
14802
12542
10632
7314
5044
2198
-841
-3334
-6300
-8141
-8842
-9489
-10596
-12256
-12871
-13338
-14044
-13191
-13045
-14233
-14319
-14561
-14659
-13053
-12484
-12897
-11633
-11064
-11038
-7205
-2854
-1510
1567
5920
7688
10533
15363
18658
21002
21848
21075
22014
22103
19372
18766
17906
12568
8345
6273
2650
-501
-3282
-6662
-8850
-11799
-14831
-14451
-14166
-16104
-16573
-15967
-16657
-16888
-15122
-13104
-12423
-12049
-11012
-9634
-7337
-4699
-2496
1156
4241
4827
8017
12751
14230
16417
19618
19929
20077
20672
20243
20523
19582
16301
14051
11663
7718
5424
3757
37
-3314
-5387
-7739
-9380
-9697
-10621
-12295
-12815
-13415
-14515
-13643
-13556
-14909
-13767
-13766
-15329
-13530
-12197
-12966
-12287
-11193
-10432
-9111
-5929
-1861
202
3054
7266
9852
13284
17685
20847
22286
21747
22740
23569
20584
19573
19348
14485
10407
8081
3889
547
-2334
-6279
-8614
-10925
-14799
-16064
-15118
-16268
-17503
-16631
-16669
-17467
-16095
-13718
-12428
-11698
-10745
-9306
-7140
-4800
-2542
743
3951
5216
7769
12335
14377
15803
19042
20265
20327
21231
20983
20630
19928
17202
14883
12534
8559
5654
3582
107
-3218
-5557
-8008
-9899
-10646
-11470
-12692
-13425
-13987
-14522
-13963
-13407
-14027
-13724
-12912
-13417
-12777
-11382
-11869
-11333
-10056
-10589
-8306
-4046
-3268
-983
4138
6076
8314
13328
16590
19241
21396
21062
22169
23311
20674
19434
19171
14769
10481
7803
3983
767
-2847
-6929
-9222
-11895
-14886
-16629
-16639
-15781
-18039
-19024
-15926
-16654
-17268
-13174
-11774
-11589
-9880
-8713
-5832
-3408
-2185
1608
4355
5158
8519
12258
14043
16387
18895
19590
20134
21212
20963
20241
19750
17753
14957
12478
9443
6439
3929
533
-3073
-5417
-7877
-10483
-11422
-12257
-14099
-14914
-15007
-15497
-15218
-14626
-14909
-14557
-13719
-13973
-13137
-11338
-11270
-10642
-9763
-9706
-6220
-2950
-2791
1144
5491
5993
9479
14544
17166
19766
20932
21393
23239
22542
20462
20552
18862
14312
10921
8155
4272
208
-3773
-6797
-9081
-13141
-16435
-16349
-17090
-18963
-18829
-18345
-18405
-17843
-16158
-13545
-11880
-10871
-9293
-7516
-4574
-1949
-357
3372
6401
6874
10022
13988
15173
17263
19512
19893
20849
20785
19929
20371
18478
15800
14375
10305
6727
4856
949
-2337
-4821
-7427
-9512
-12629
-12927
-12388
-16138
-16166
-13884
-16618
-16323
-13514
-14986
-14465
-12244
-12989
-11800
-9671
-10071
-9019
-7547
-6974
-3637
-947
-97
3985
7361
7981
11548
15617
17435
19436
20167
20741
21937
20115
18609
18868
15642
11411
8930
5516
2047
-1699
-6034
-8110
-10684
-14970
-16247
-16320
-17818
-18263
-18184
-17773
-16802
-16600
-14469
-11290
-10676
-9347
-6993
-5427
-2134
568
2094
6121
8492
8678
12273
15381
15846
18028
19464
19291
20230
19813
18994
19177
16691
13716
12244
8742
5168
3210
-164
-3483
-5460
-8313
-10919
-12214
-13451
-14526
-15413
-15989
-16162
-16328
-15800
-15391
-15148
-13653
-13124
-13091
-11299
-10601
-10665
-9431
-7948
-5100
-2418
-1372
1992
6008
7535
10637
15665
18517
19718
21304
22667
22966
22178
20736
19616
17732
13663
9917
7162
3239
-990
-4989
-8359
-10809
-14625
-17313
-17062
-18330
-19794
-19188
-19028
-18517
-17424
-15962
-13254
-11942
-10984
-7934
-5548
-3310
-202
1972
4983
8138
9499
12655
16319
17006
18778
21351
20965
20842
21397
20252
19407
17942
14661
12082
9332
5554
2652
-193
-3796
-6884
-9311
-11486
-13549
-15107
-15902
-17030
-17740
-16933
-16901
-17387
-16344
-15601
-15080
-13448
-12667
-11947
-10270
-10041
-9248
-5660
-3076
-1769
1380
4834
7404
10494
13846
17329
20468
21610
22135
23616
23741
22004
20907
19568
16033
12042
8609
4914
1262
-2899
-7400
-10307
-13173
-17048
-18528
-18411
-19923
-20841
-20092
-19627
-18933
-17424
-15066
-12275
-10941
-9517
-6181
-3497
-1109
2475
5042
7642
10739
11642
14496
19255
19012
19336
23009
21945
20208
21407
20273
18491
16065
12416
10611
7098
2593
669
-2667
-6674
-9057
-11708
-13436
-14611
-16272
-16821
-17339
-18210
-17903
-17236
-16879
-16075
-14824
-13626
-12572
-11448
-10091
-8869
-8193
-6807
-3739
-1014
438
3156
7156
9488
11468
15377
18583
19913
21068
22050
22693
22123
20115
18820
17094
13109
9262
6279
2623
-1641
-5714
-8899
-11836
-15278
-17714
-18588
-19288
-20087
-20310
-19490
-18293
-17535
-15600
-12286
-10569
-9526
-6510
-3530
-1415
1608
4462
6709
9254
11256
13747
16974
18290
19208
21076
21083
20413
20764
20004
18459
16687
13749
10795
7880
4319
1297
-1482
-4858
-7807
-10208
-12636
-14411
-15412
-16376
-17269
-17720
-17737
-17458
-16797
-16060
-15238
-13484
-12270
-11964
-10012
-8644
-8743
-6555
-3962
-2071
674
2540
5428
9202
10808
13883
18059
19451
20236
21430
22418
22348
20401
19189
17750
13732
9958
6888
3169
-727
-5173
-8960
-11572
-15157
-18247
-18857
-19356
-20491
-20721
-20135
-19195
-18197
-16483
-13419
-11224
-10051
-7448
-4319
-1714
1013
3659
6718
9421
10727
13159
16464
17716
18820
20792
21161
20742
20571
19893
19149
17425
14474
12006
9147
5406
2333
-355
-3512
-6902
-9715
-11708
-13812
-15548
-16215
-17053
-17911
-17964
-17828
-17239
-16381
-15923
-14461
-12693
-12347
-11104
-9071
-8970
-8164
-4892
-2312
-788
1567
4623
7689
10478
13453
17110
19896
20662
21345
22882
23083
21512
20172
18635
15151
11168
8040
4423
428
-3498
-7728
-11067
-14119
-17418
-18764
-19160
-20312
-21068
-20596
-19261
-18897
-17597
-13198
-11400
-11331
-7127
-3946
-3086
749
4646
6381
8486
11101
13657
15963
17913
19376
20394
20909
20316
20173
20292
18285
16350
14735
11131
8159
5815
2037
-917
-3448
-6941
-9450
-11440
-13727
-14900
-15711
-16865
-17187
-17050
-16928
-16282
-15582
-14906
-13734
-12543
-11538
-10239
-8737
-7880
-7317
-5083
-2021
-496
1279
4722
7482
9561
12708
16217
18916
20197
20734
22142
22681
20812
19453
18519
14996
10705
7601
3998
-189
-4124
-8043
-11445
-14452
-17459
-19009
-19173
-19996
-20692
-19881
-19088
-18387
-16159
-13376
-11377
-9389
-6830
-4206
-1497
1720
4522
6800
9548
11577
13374
16362
18011
18812
20601
20576
19866
20456
19558
17987
16799
14017
10832
7966
4472
1393
-1192
-4466
-7640
-9793
-12359
-14534
-14689
-16029
-17419
-15952
-16759
-18013
-15115
-14488
-15506
-12733
-10711
-11028
-10090
-8204
-7617
-7448
-4457
-1466
-931
1618
4992
7071
10563
13632
16282
19689
20262
20476
22867
22461
20302
19949
17905
13675
10489
7042
2822
-560
-4753
-9330
-12011
-15103
-18685
-19475
-19702
-21300
-21228
-20158
-20059
-18303
-15275
-13562
-11315
-8591
-7034
-4209
-321
2190
4871
7975
9965
12071
14723
16718
18537
20284
20682
20526
20863
20217
18981
18262
16148
13003
10331
6823
3457
1129
-2272
-5916
-8527
-11363
-13816
-15057
-16124
-17201
-17757
-17923
-17795
-17093
-16181
-15375
-13969
-12271
-11376
-10429
-8641
-7528
-7179
-5406
-2498
-504
932
3388
6647
9137
11533
15256
18404
19990
21160
22132
22998
22354
20502
19344
16773
12866
9199
5351
2247
-2814
-8171
-9414
-13712
-19149
-18354
-19682
-22625
-21041
-20854
-21225
-19302
-17589
-14850
-12260
-10374
-7430
-4987
-2152
1473
4142
6752
9183
11372
13769
15670
17937
19951
20428
20829
21096
20425
19614
18544
16769
14374
11298
8021
4988
1839
-1427
-4424
-7437
-10445
-12924
-14974
-16415
-17156
-18031
-18665
-18260
-17702
-17209
-16101
-14783
-13292
-11563
-10400
-9122
-7290
-6537
-5867
-3170
-593
579
2729
5792
8139
10549
13662
16832
19346
20532
21145
22216
22355
20868
19537
17970
14576
10675
7118
3178
-698
-4713
-9013
-12394
-15638
-18987
-20396
-20733
-21585
-21659
-20965
-20158
-18374
-16026
-13495
-10370
-7918
-5987
-2841
593
3318
6078
8842
11248
13109
14799
17157
19202
20046
20663
20933
20304
19560
18743
17343
15674
13234
9597
6503
3924
198
-3081
-5497
-9017
-12288
-14480
-16456
-17468
-18308
-19239
-19085
-19033
-18865
-17453
-16049
-14520
-12664
-11417
-9947
-8179
-7186
-6065
-3643
-936
744
2504
5432
8025
10078
13146
16405
18679
20315
21187
21955
22743
21808
20207
19136
16323
12240
8893
5261
1099
-3109
-7408
-10924
-14225
-17837
-19901
-20565
-21528
-22183
-21801
-20860
-19590
-17823
-15077
-11943
-9634
-7338
-4308
-1224
1807
4589
7237
10161
12248
13764
16204
18415
19480
20404
20945
20651
20200
19491
18166
16601
14383
11202
8096
5079
1658
-1438
-4465
-7777
-10473
-13070
-15830
-17282
-18061
-19309
-19746
-19332
-19207
-18731
-17550
-16078
-14105
-12417
-11367
-9480
-7666
-7338
-5610
-1773
490
1671
4483
7604
9916
12570
15766
18807
20791
21283
21708
23127
23277
20906
19114
18179
14510
9480
6518
3756
-1027
-5903
-9065
-12114
-16304
-19254
-19858
-20612
-21916
-21901
-20900
-20069
-18762
-16212
-13232
-10892
-8773
-6043
-2894
275
3215
5859
8569
10911
12698
15111
17538
18786
19969
21022
20905
20571
20266
19236
17788
15824
12958
9828
6724
3442
279
-2901
-6473
-9649
-12269
-15139
-17216
-17975
-19154
-20224
-19812
-19518
-19542
-18337
-16780
-15334
-13548
-12388
-11124
-9178
-8180
-6543
-2957
-614
776
3834
6812
9090
12249
15436
18184
20409
21169
22069
23533
22931
21304
20476
18257
14518
11235
7868
4042
26
-4388
-8247
-11561
-15270
-18101
-19355
-20399
-21380
-21569
-21096
-20241
-18797
-16369
-13643
-11689
-9558
-6492
-3527
-588
2537
5248
7791
9803
11704
14517
16525
17639
19418
20355
20104
20029
20040
19715
18130
15907
14225
11224
7272
4719
2054
-1755
-5159
-8007
-10967
-13947
-16063
-17071
-18308
-19586
-19723
-19737
-19806
-18813
-17612
-16343
-14549
-13398
-12159
-10217
-9133
-7255
-3575
-1388
14
3278
6294
8531
11915
15483
18295
20255
21070
22329
23789
23103
21758
21094
18718
14821
11737
8770
4804
633
-3401
-7253
-10804
-14447
-17242
-18531
-19991
-21410
-21377
-20998
-20620
-19038
-16380
-13776
-11899
-9785
-6750
-3917
-1267
1797
4657
7071
8954
10940
13880
16184
17228
18740
20026
19877
19727
19873
19183
17892
16126
13562
10861
8038
4843
2025
-972
-4654
-7706
-10409
-13271
-15107
-16466
-18036
-18873
-19301
-19699
-19449
-18674
-17534
-16276
-15236
-13870
-12382
-11351
-9740
-7057
-4407
-2379
-377
2683
6139
8602
11764
16108
18691
19834
21604
23162
23545
22824
21817
20799
18160
14444
11570
8496
4466
444
-3377
-7007
-10649
-14197
-16383
-17578
-19224
-20402
-20390
-20219
-19590
-17776
-15410
-13138
-11239
-9261
-6446
-3542
-1065
1829
4704
6605
8410
10877
13335
15346
16990
18162
18729
18837
18882
18789
18019
16648
14808
12217
9345
6735
4088
1207
-1932
-5100
-7923
-10642
-12878
-14193
-15568
-17017
-17649
-17989
-18351
-18147
-17225
-15907
-14767
-13912
-12679
-11246
-10377
-9035
-6160
-3653
-2269
163
3278
5616
8434
11899
14804
17153
18682
19918
21750
22361
21296
20655
19456
16363
13207
10459
7168
3400
-689
-4342
-7433
-11190
-14566
-16029
-17222
-18928
-19513
-19141
-18996
-18332
-16346
-14003
-12151
-10210
-7812
-5141
-2105
562
2757
5535
7703
9048
11643
14093
15125
16579
18060
18597
18818
18767
18557
17915
16391
14515
12043
8925
6101
3345
174
-2989
-5899
-8662
-11315
-13453
-14908
-16312
-17618
-18187
-18339
-18352
-17920
-17152
-15949
-14427
-13468
-12558
-11032
-9921
-8482
-5535
-3162
-1668
947
3750
6187
9506
12994
15923
18181
19432
20882
22422
22204
21204
20582
18829
15712
12595
9563
6033
2126
-1687
-5159
-8592
-12169
-14940
-16328
-17570
-19067
-19466
-18937
-18625
-17577
-15088
-12847
-11292
-9098
-6639
-4297
-1368
1361
3672
6168
7900
9647
12471
14467
15644
17174
17927
17964
18079
17842
17276
16260
14443
12144
9610
6891
4101
1398
-1349
-4410
-7290
-9731
-11969
-13528
-14600
-15934
-16840
-17001
-17271
-17298
-16482
-15309
-14111
-13116
-12121
-10721
-9884
-9287
-6968
-4243
-3014
-1313
1703
4108
6300
9717
13093
15295
17074
18700
20208
21345
21066
20156
19471
17439
14130
11189
8212
4559
759
-2775
-6091
-9498
-12712
-14922
-16193
-17317
-18272
-18289
-17783
-17397
-16076
-13660
-11579
-9737
-7489
-5178
-2681
6
2447
4975
7372
8893
10398
12557
14373
15593
16810
17709
17918
17740
17429
16877
15835
14112
11890
9451
6678
3783
1221
-1598
-4839
-7611
-10106
-12478
-14048
-15281
-16490
-17073
-17405
-17723
-17424
-16640
-15680
-14422
-13240
-12276
-11122
-10132
-9151
-6913
-4166
-2381
-513
2135
4652
7191
10283
13593
16296
17725
18884
20667
21511
20900
20386
19485
16931
13687
10703
7552
3811
-256
-3960
-7349
-10962
-14219
-16268
-17476
-18623
-19464
-19344
-18780
-18077
-16240
-13576
-11383
-9467
-7267
-4658
-1708
958
3479
6306
8353
9622
11729
14016
15293
16674
18126
18457
18465
18565
18048
17298
16114
14006
11577
8675
5477
2925
227
-3134
-6157
-8911
-11788
-14047
-15378
-16503
-17736
-18531
-18749
-18697
-18273
-17403
-16111
-14659
-13724
-12788
-11150
-9947
-8765
-5817
-2858
-1408
740
3868
6502
9389
12790
15877
18310
19508
20443
22263
22837
21538
20571
19125
15884
12434
9286
5814
2082
-2130
-6086
-9116
-12536
-15948
-17422
-18190
-19676
-20254
-19579
-19088
-18161
-15863
-13259
-11070
-8897
-6505
-3639
-575
1964
4554
7342
9142
10741
13267
15322
16548
17932
18796
18902
18992
18706
18079
17235
15419
13136
10724
7478
4415
1979
-1150
-4532
-7368
-10268
-13016
-14992
-16465
-17669
-18536
-19020
-19169
-18982
-18398
-17525
-16173
-14459
-13374
-12391
-10711
-9676
-8278
-4940
-2481
-1160
1661
4607
7075
10466
13894
17079
19695
20676
21807
23488
23183
21714
20898
19032
15367
11731
8554
5038
1023
-3169
-6801
-10021
-13766
-16885
-18045
-18914
-20394
-20727
-19902
-19320
-18137
-15518
-12863
-10743
-8428
-5865
-2952
86
2529
5088
7949
9883
11728
14321
16141
17322
18865
19642
19644
19821
19393
18370
17415
15738
13331
10713
7502
4314
1609
-1681
-5227
-8043
-10904
-13766
-15461
-16614
-18035
-19002
-19344
-19503
-19205
-18315
-17215
-15742
-14155
-13205
-12026
-10449
-9525
-7530
-4085
-1880
40
3001
5443
8013
11478
14795
17827
19799
20611
21987
23103
22372
21278
20431
18104
14397
11001
7844
3892
-409
-4269
-8025
-11718
-15076
-17753
-18850
-19614
-21179
-21167
-19957
-19776
-18302
-15012
-12587
-10450
-7771
-5064
-1857
1179
3568
6527
9319
10735
12407
14965
16629
17569
18858
19644
19635
19495
19081
18464
17467
15396
12864
10313
7037
3724
1106
-1949
-5453
-8397
-11244
-13901
-15560
-16935
-18337
-19074
-19560
-19986
-19589
-18588
-17398
-15831
-14340
-13071
-11563
-10335
-9143
-6525
-3389
-1556
231
3190
6033
8651
12081
15658
18376
20056
21194
22657
23530
22619
21374
20363
17948
14375
10966
7529
3660
-634
-4890
-8438
-11912
-15553
-17876
-18969
-20318
-21515
-21403
-20493
-19651
-18136
-15383
-12775
-10724
-8096
-5092
-2128
941
3613
6131
8892
11072
12964
15308
17247
18485
19512
20060
20227
20082
19216
18277
17223
14838
11951
9203
5853
2957
233
-3564
-6581
-9081
-12434
-14563
-15869
-17817
-18948
-19387
-19781
-19745
-19537
-18666
-17156
-15729
-14243
-12878
-11587
-10378
-9184
-6457
-3043
-1160
1042
4481
7100
9878
13780
17056
19552
21224
21958
23195
23686
22276
21353
20267
16980
13367
10231
6516
2604
-1573
-5776
-9287
-13091
-16631
-18271
-19383
-20939
-21646
-21198
-20427
-19560
-17533
-14417
-12079
-10211
-7521
-4490
-1468
1302
3953
7080
9437
10745
12987
15522
16884
18239
19629
19870
19596
19330
18799
18043
16580
14366
12040
9331
6179
3226
301
-2920
-6086
-8997
-11740
-14143
-15868
-17157
-18344
-19007
-19203
-19471
-19225
-18133
-16757
-15193
-13735
-12560
-11138
-9897
-8725
-6077
-3014
-1368
686
3823
6306
8924
12353
15660
18394
19845
20895
22378
22870
22331
21119
19629
17743
13544
9702
7728
3274
-1781
-4870
-8859
-12685
-15551
-18051
-18893
-20112
-21644
-20902
-20023
-19628
-17712
-15012
-12643
-10593
-8248
-5253
-2202
681
3521
6358
8852
10735
12905
15291
16926
18363
19789
20451
20471
20250
19847
18966
17339
15228
12669
9598
6482
3529
360
-3170
-6476
-9297
-12151
-14691
-16240
-17525
-18935
-19643
-19784
-19885
-19614
-18839
-17497
-15797
-14571
-13364
-11795
-10825
-9362
-6137
-3201
-1367
1206
4480
7284
10227
13969
17534
19910
21147
22198
23571
23742
22309
21341
20064
16621
12823
9766
6258
2169
-2030
-5861
-9383
-13312
-16640
-18235
-19375
-20860
-21470
-20928
-20388
-19599
-17341
-14406
-12236
-10216
-7534
-4681
-1837
1072
3955
6887
9174
10877
13317
15908
17450
18547
19748
20372
19755
19358
19684
18190
15723
14263
11498
7707
5141
2545
-678
-3890
-6959
-9480
-12046
-14415
-15531
-16582
-18021
-18593
-18646
-18836
-18529
-17529
-16196
-14692
-13596
-12794
-11373
-10094
-8816
-5923
-3205
-1775
833
4100
6689
9910
13483
16657
19311
20600
21646
23185
23223
22085
21329
19705
16522
12953
9532
6212
2410
-2066
-5895
-9098
-12890
-16111
-17528
-18536
-19975
-20735
-20341
-19593
-18554
-16422
-13640
-11460
-9727
-7481
-4548
-1649
744
3465
6526
8434
9947
12519
14765
16148
17716
18820
19108
19220
18948
18552
18011
16339
14137
11936
8902
5813
3306
136
-3387
-6240
-9022
-11793
-13854
-15358
-16650
-17760
-18513
-18769
-18718
-18316
-17354
-16024
-14790
-13944
-12934
-11597
-10643
-8936
-5736
-3481
-2096
842
3984
6382
9729
13322
16415
19062
19990
21081
23308
22896
21343
21507
19499
15434
12802
9707
5591
1883
-2345
-6247
-9350
-13185
-16150
-17204
-18628
-20287
-20625
-20220
-19631
-18491
-16310
-13584
-11558
-9722
-7126
-4182
-1317
1185
3811
6707
8630
10342
12908
14928
16395
18059
19023
19337
19598
19339
18606
17830
16335
13815
11208
8440
5270
2588
-229
-3725
-6530
-9030
-11913
-13819
-15043
-16605
-17533
-17817
-18189
-18042
-17543
-17037
-15597
-14053
-13589
-12567
-10964
-10479
-9200
-6006
-3733
-2308
360
3211
5846
9231
12558
15820
18789
19935
21044
23091
23085
21808
21422
19720
16320
13149
9852
6297
2657
-1659
-5565
-8707
-12440
-15597
-16928
-18228
-19818
-20200
-19811
-19416
-18287
-16237
-14121
-12180
-10228
-7918
-4727
-1805
302
3291
6188
7761
9922
12505
14494
16345
17512
18516
19530
19275
18921
18928
17784
15996
14116
11635
8715
5762
3099
326
-2995
-6010
-8578
-11228
-13278
-14793
-16411
-17354
-17719
-18163
-17961
-17424
-16945
-15676
-14384
-13714
-12469
-10997
-10393
-9241
-6390
-3950
-2663
-254
2889
5406
8495
12058
15305
18287
19921
21034
22963
23277
21855
21328
20066
16765
13521
10270
6566
3003
-1271
-5421
-8347
-11858
-15399
-16884
-17931
-19675
-20345
-19833
-19413
-18533
-16461
-14057
-12000
-10134
-8030
-5087
-1960
263
2620
5689
7900
9546
12043
14532
16255
17716
18755
19411
19783
19343
18729
18179
16349
13930
11863
8917
5701
3110
-168
-3565
-6066
-8680
-11297
-13164
-14586
-15902
-17088
-17638
-17586
-17577
-17319
-16654
-15701
-14245
-13166
-12321
-10621
-9753
-9393
-6623
-3759
-2601
-154
2873
5093
8169
11273
14336
17917
19437
20098
22380
23134
21792
21322
20362
17413
14050
10551
6856
3325
-920
-5179
-8303
-11831
-15477
-17195
-18242
-19776
-20548
-20353
-19814
-18904
-17180
-14650
-12376
-10457
-8165
-5650
-2846
-1
2446
5181
7738
9425
11554
13973
15621
17337
18818
19208
19499
19597
19064
18542
17279
15093
12881
9936
6579
3946
1100
-2183
-5040
-7818
-10589
-12821
-14481
-15779
-16985
-17699
-17595
-17560
-17556
-16825
-15762
-14430
-13107
-12346
-11180
-10050
-9818
-8195
-5114
-3294
-1951
598
3646
6543
9335
12725
16691
19141
20135
21933
23456
22950
21942
21176
19377
16248
12658
9364
6019
1914
-2419
-6162
-9612
-13197
-16045
-17379
-18379
-19880
-20639
-20034
-19232
-18522
-16449
-13477
-11912
-10652
-7611
-4521
-2474
142
3425
6049
7908
10128
12989
15316
16823
18251
19494
20063
19944
19622
19326
18334
16374
14033
11378
8296
5266
2373
-822
-4117
-7018
-9661
-12100
-13984
-15389
-16644
-17594
-17942
-17835
-17594
-17247
-16432
-15067
-13889
-13079
-11955
-10880
-10344
-9233
-6760
-4192
-2619
-655
2557
5506
8150
11547
15126
18024
19659
20916
22879
23478
22269
21517
20345
17519
14044
10554
7349
3714
-890
-4935
-8180
-11805
-15173
-17113
-18179
-19505
-20609
-20512
-19766
-18883
-17264
-14911
-12653
-10758
-8583
-5811
-3056
-573
2122
4972
7363
9457
11850
14207
16023
17615
19053
19852
20149
20351
20067
19029
17615
15737
13131
10102
7039
4077
990
-2317
-5357
-7967
-10600
-13131
-14717
-15829
-17533
-18323
-17574
-17878
-18477
-16980
-15592
-15216
-13673
-11832
-11037
-10360
-9355
-7641
-5144
-3111
-1412
1212
4195
6736
9537
13047
16542
18833
20004
21654
23274
22877
21660
21075
19325
15911
12511
9250
5652
1710
-2672
-6569
-9836
-13639
-16769
-18090
-19317
-20680
-20974
-20648
-20056
-18804
-16792
-14381
-12288
-10268
-7638
-4777
-2006
759
3508
6327
8692
10550
12970
15485
17127
18694
20062
20460
20680
20568
19556
18591
17154
14373
11615
8972
5612
2474
-575
-4103
-7080
-9743
-12550
-14559
-16055
-17475
-18179
-18352
-18443
-18307
-17759
-16785
-15476
-14040
-12961
-12013
-10680
-9805
-8938
-6340
-3529
-2095
-61
3177
6012
8655
12029
15712
18738
20425
21506
23134
23919
22813
21813
20762
17851
14323
10958
7398
3859
-569
-5003
-8241
-11989
-15726
-17846
-19059
-20021
-21245
-21538
-20176
-19430
-18342
-15408
-13176
-11640
-9285
-6582
-3383
-495
1647
4766
7860
9491
11763
14849
16772
18193
19673
20478
20924
20789
20041
19543
18239
15551
13016
10267
6613
3459
642
-2937
-6257
-8955
-11826
-14245
-15892
-17311
-18228
-18741
-19159
-18890
-18223
-17656
-16399
-14626
-13385
-12248
-10782
-9790
-8941
-6845
-4096
-2231
-516
2252
5291
7977
10955
14389
17536
19602
20856
22354
23622
23288
22093
21094
19100
15690
12170
8704
4969
987
-3388
-7269
-10504
-14235
-17266
-18542
-19858
-21259
-21302
-20738
-20119
-18629
-16484
-14275
-11921
-9639
-7319
-4356
-1347
1183
4025
6849
8859
11010
13541
15515
17359
19020
19619
20005
20416
19947
19300
18434
16538
14388
11713
8114
5102
2467
-1066
-4553
-7079
-9714
-12887
-14941
-15835
-17383
-18737
-18669
-18455
-18424
-17827
-16610
-14938
-13537
-12626
-11272
-9857
-9275
-8220
-5550
-2880
-1323
565
3447
6212
8693
11768
15333
18166
19715
21039
22623
23196
22534
21861
20739
18076
14684
11405
7845
3884
-395
-4629
-8162
-11765
-15570
-17802
-19036
-20704
-21515
-21217
-20885
-19984
-18287
-16154
-13705
-11529
-9318
-6374
-3405
-679
2386
5319
7545
9670
12038
14251
16289
18158
19393
19870
20032
20191
19920
18921
17711
16031
13219
10081
7177
4127
957
-2348
-5572
-8394
-11206
-13677
-15359
-16804
-17951
-18482
-18625
-18459
-18111
-17492
-16218
-14593
-13340
-12325
-10965
-9745
-8865
-6943
-4066
-1965
-334
2082
4927
7625
10418
13676
16975
19029
20178
21964
23283
22924
22173
21160
19083
16109
12553
9259
6054
1884
-2394
-6169
-10062
-13762
-16537
-18301
-19775
-21050
-21322
-21048
-20475
-19057
-17167
-14926
-12576
-10409
-7648
-4602
-1843
1100
3922
6478
8885
10994
13388
15709
17251
18754
20010
20364
20525
20510
19742
18508
16848
14522
11810
8843
5694
2615
-670
-4114
-7096
-9859
-12687
-14954
-16565
-17939
-18825
-19106
-19157
-18934
-18344
-17474
-16046
-14463
-13399
-12139
-10597
-9723
-8308
-5417
-3044
-1457
1050
3879
6336
9227
12423
15639
18492
20052
21254
22839
23145
22321
21758
20353
17479
14229
10822
7261
3473
-881
-5056
-8766
-12598
-15868
-17909
-19387
-20710
-21566
-21600
-20983
-20049
-18321
-15776
-13556
-11580
-8914
-5935
-3048
-95
2814
5743
8418
10501
12796
15476
17314
18365
19875
21012
20535
20080
20234
19108
17037
15174
12866
9733
6321
3457
662
-3141
-6488
-8766
-11773
-14582
-15858
-17128
-18472
-18832
-18939
-18973
-18463
-17737
-16554
-14872
-13619
-12479
-10879
-9664
-8657
-6394
-3474
-1585
146
2966
5816
8381
11461
14691
17551
19564
20679
22061
23138
22484
21458
20643
18346
14974
11828
8510
4800
763
-3560
-7486
-11114
-14698
-17169
-18570
-20137
-21434
-21607
-21118
-20273
-18752
-16600
-14341
-12277
-10086
-7314
-3923
-686
1723
4315
7417
9624
11721
14816
17047
18120
19492
20443
20639
20807
20439
19652
18587
16291
13542
11088
7850
4378
1431
-1947
-5419
-8289
-11176
-13884
-15795
-17218
-18376
-19137
-19490
-19513
-19135
-18265
-17067
-15724
-14421
-13195
-11722
-10293
-9158
-7097
-4145
-2096
-271
2851
5962
8328
11295
14985
18089
19914
21315
23066
23783
22914
22244
21429
18861
15682
12724
9174
5324
1354
-3016
-7015
-10609
-14308
-17168
-18768
-20139
-21355
-21679
-21339
-20685
-19271
-17119
-14845
-12481
-10025
-7570
-4574
-1353
1331
4293
7492
9662
11693
14302
16312
17925
19516
20205
20393
20511
19961
19205
18222
16086
13488
10927
7822
4692
1774
-1547
-4808
-7629
-10450
-13018
-14927
-16469
-17709
-18373
-18603
-18618
-18359
-17816
-16917
-15430
-13866
-12770
-11464
-10032
-9193
-7570
-4706
-2524
-820
1645
4324
6989
9836
12814
15886
18133
19422
20903
22187
22275
21715
20923
19167
16272
13044
9824
6374
2520
-1689
-5623
-9074
-12633
-15717
-17523
-18953
-20531
-21348
-21088
-20432
-19350
-17411
-15170
-12992
-10843
-8608
-5309
-1780
492
3221
6447
8384
10535
13382
15469
17210
18605
19310
19908
20279
20161
19656
18711
16983
14448
11931
9293
6105
3030
-201
-3672
-6578
-9467
-12347
-14372
-16072
-17606
-18480
-19029
-19266
-18894
-18309
-17587
-16246
-14661
-13486
-12182
-10537
-9386
-8074
-5491
-3006
-1364
994
3970
6487
9203
12378
15524
18336
20095
21326
22842
23227
22260
21562
20351
17604
14465
11249
7636
3845
-405
-4692
-8293
-11876
-15387
-17711
-19172
-20682
-21709
-21558
-20896
-20127
-18599
-16316
-13860
-11535
-9227
-6293
-2996
-335
2363
5678
8309
10147
12420
14924
16889
18285
19324
20164
20430
20002
19560
18795
17021
14843
12451
9545
6658
3674
283
-2734
-5528
-8541
-11084
-13263
-15248
-16561
-17579
-18360
-18546
-18404
-18160
-17628
-16273
-14718
-13795
-12362
-10785
-10157
-8829
-6458
-4215
-2038
-5
2388
5333
7887
10668
14106
16976
18823
20194
21639
22595
22287
21530
20603
18549
15444
12144
9031
5589
1319
-2895
-6432
-10006
-13544
-16098
-17730
-19144
-20462
-21052
-20624
-19908
-18935
-16867
-14312
-12228
-10027
-7280
-4293
-1289
1507
4343
7271
9524
11435
13904
16181
17635
18953
20046
20360
20292
20090
19387
18082
16211
13811
11060
8094
5053
1950
-1367
-4661
-7649
-10501
-13152
-15134
-16561
-17904
-18870
-19140
-19213
-19145
-18497
-17376
-15965
-14638
-13575
-12150
-10707
-9655
-7608
-4683
-2513
-507
2252
5065
7734
10707
13987
17042
19115
20497
22099
23224
22875
21967
21069
19139
16123
12932
9701
6133
2018
-2330
-6231
-9818
-13353
-16265
-18040
-19349
-20972
-21753
-21005
-20383
-19573
-17127
-14672
-12954
-10422
-7474
-4728
-1682
1193
4000
6990
9243
11385
14057
16069
17596
19069
19809
20238
20357
19688
19017
17966
15735
13266
10798
7820
4764
1723
-1562
-4730
-7563
-10212
-12654
-14772
-16407
-17543
-18485
-19042
-18902
-18601
-18184
-17090
-15714
-14477
-13109
-11574
-10214
-9036
-7079
-4258
-2091
-262
2523
5429
8004
10951
14059
16987
19246
20506
21809
22890
22516
21773
20958
18778
15821
12593
9045
5737
1812
-2618
-6128
-9674
-13542
-16281
-18141
-19695
-20905
-21616
-21320
-20472
-19441
-17457
-14946
-12896
-10877
-8119
-4719
-1596
914
3835
7142
9513
11519
14297
16677
17993
19250
20292
20677
20671
20193
19512
18416
16266
13936
11520
8297
5108
2133
-1243
-4620
-7564
-10175
-12943
-15254
-16305
-17760
-19548
-19494
-19132
-19712
-19101
-17482
-16498
-15556
-13960
-12219
-10940
-9712
-7441
-4655
-2537
-322
2584
5385
8088
11046
14139
17224
19448
20665
22072
23136
22795
21995
20979
18978
16138
12792
9418
6035
1890
-2360
-5972
-9678
-13273
-16033
-18079
-19499
-20614
-21380
-21107
-20337
-19459
-17520
-14885
-12584
-10357
-7784
-4683
-1462
1246
4172
7353
9651
11646
14012
16076
17781
19065
19733
20188
20146
19520
18947
17786
15749
13597
10909
7779
5082
2183
-1146
-4207
-7072
-9718
-12091
-14213
-15691
-16901
-18057
-18392
-18250
-18303
-17937
-16822
-15474
-14242
-13083
-11667
-10155
-8990
-7289
-4522
-2222
-599
1800
4633
7241
10010
12842
15642
17947
19226
20540
21830
21717
21016
20269
18371
15671
12584
9068
5943
2288
-2331
-5872
-9030
-12876
-15567
-17424
-19250
-20287
-21130
-21234
-20039
-19102
-17725
-15123
-12923
-10988
-8363
-5141
-1597
1145
3393
6620
9403
11067
13719
16626
18051
19193
20285
20591
20698
20415
19591
18614
16603
13867
11557
8797
5520
2691
-447
-3964
-6918
-9619
-12197
-14319
-16105
-17503
-18557
-19289
-19374
-19084
-18644
-17700
-16433
-15269
-13989
-12407
-10891
-9635
-7767
-5014
-2724
-718
2209
5167
7820
10927
13938
16685
19094
20621
21989
22986
22650
21893
20846
18741
16127
12966
9255
5913
2177
-2273
-6011
-9341
-12810
-15631
-17835
-19411
-20380
-21270
-21260
-20186
-19234
-17828
-15292
-12819
-10804
-8343
-5170
-2011
625
3475
6650
9014
11138
13703
15705
17364
18874
19627
20058
20025
19447
18778
17684
16100
13551
10733
8683
5344
1585
-405
-3476
-7407
-9512
-11483
-13937
-15739
-16933
-17706
-18504
-18750
-18250
-18040
-17349
-15853
-14658
-13529
-12008
-10547
-9487
-7858
-5038
-2690
-973
1563
4265
6841
9796
12717
15772
18373
19586
20704
22054
22248
21633
20919
19394
16753
13471
10031
6820
3274
-1079
-5004
-8292
-11967
-15043
-16967
-18689
-19875
-20531
-20853
-20049
-18981
-17922
-15604
-13087
-11102
-8449
-5502
-2720
330
3235
5897
8400
10484
12731
15095
16754
18151
19347
19619
19491
19335
18678
17693
16275
14153
11842
9198
6080
3233
339
-3009
-5987
-8555
-11182
-13532
-15299
-16652
-17869
-18711
-18877
-18947
-18851
-17935
-16677
-15443
-14080
-12790
-11488
-10086
-8345
-5738
-3126
-1279
1022
4116
6898
9515
12669
15977
18393
19863
21490
22652
22252
21850
21552
19462
16701
14261
10814
7054
3833
-65
-4414
-8159
-11545
-14618
-17015
-18717
-19963
-20959
-21173
-20511
-19664
-18195
-15865
-13627
-11396
-8797
-6065
-2917
199
2794
5721
8528
10533
12912
15424
17131
18609
19575
19839
20097
19789
18954
18172
16551
14151
11783
9093
6205
3331
68
-3184
-6113
-8954
-11475
-13674
-15650
-17085
-18210
-19109
-19328
-19295
-19246
-18388
-17018
-15899
-14661
-13180
-11871
-10470
-8391
-5736
-3353
-1231
1522
4543
7277
10201
13317
16271
18673
20173
21507
22662
22527
21865
21288
19495
16720
13825
10489
7154
3543
-783
-4443
-7879
-11803
-14565
-16535
-18569
-19925
-20850
-20911
-20068
-19477
-17947
-15423
-13717
-11824
-8910
-5828
-2653
193
2915
6190
8664
10505
13685
16486
17313
18819
20695
20348
20050
20836
19992
18177
16655
14491
11802
8764
5789
3018
-592
-4004
-6605
-9633
-12384
-14442
-16378
-17923
-19309
-20190
-20273
-20267
-19696
-18603
-17715
-16428
-14850
-13464
-11882
-10101
-7702
-4756
-2534
-217
3151
6025
8589
11976
15048
17578
19945
21457
22573
23276
22764
21932
20845
18533
15650
12580
9050
5421
1541
-2484
-6075
-9721
-13312
-15868
-17674
-19240
-20452
-21132
-20934
-20291
-19395
-17267
-14619
-12709
-10428
-7380
-4513
-1546
1581
4495
7361
9692
11673
14232
16426
17719
19108
20005
19933
19964
19775
18831
17607
15743
13412
11097
8218
5167
2355
-881
-4136
-6967
-9722
-12264
-14381
-16046
-17428
-18533
-19064
-19465
-19693
-19031
-17902
-16766
-15505
-14159
-12693
-11330
-9618
-6882
-4315
-2331
371
3245
5712
8971
12415
14832
17245
19689
20927
21701
22634
22570
21369
19949
18060
15054
11591
8564
5166
821
-3159
-6613
-10441
-13811
-16133
-17993
-19459
-20628
-21178
-20680
-20047
-19014
-16543
-14162
-12503
-9928
-6816
-4109
-1203
1801
4646
7374
9602
11955
14579
16324
17692
19221
19777
19682
19840
19529
18561
17374
15535
13068
10507
7766
4825
1803
-1443
-4631
-7453
-10236
-12886
-14807
-16395
-18056
-19009
-19379
-19841
-19639
-18605
-17587
-16541
-15357
-14018
-12460
-10989
-8942
-6019
-3620
-1608
1233
4268
7058
10032
12978
15841
18212
19667
21166
22451
22438
21957
21293
19639
17164
14227
11176
8004
4136
100
-3524
-7235
-10841
-13745
-16099
-18083
-19706
-20776
-20936
-20548
-19960
-18596
-16464
-14531
-12773
-9824
-6174
-3904
-1415
2697
5284
6915
10409
13296
14733
16744
18487
19282
19636
19860
20129
19550
18229
16877
14896
12416
9828
6975
4112
1005
-2377
-5414
-8225
-10987
-13327
-15215
-17023
-18615
-19495
-19903
-20083
-19694
-18939
-18119
-17004
-15583
-14055
-12491
-10673
-8237
-5587
-3162
-437
2597
5385
8273
11447
14459
17191
19363
20938
22238
22766
22439
21925
20815
18711
16063
13061
9888
6483
2558
-1278
-4731
-8363
-11804
-14365
-16369
-18239
-19764
-20415
-20271
-20051
-19352
-17424
-15283
-13649
-11466
-8436
-5440
-2740
121
3335
6134
8227
10749
13512
15309
16780
18281
18982
19257
19493
19275
18629
17456
15742
13809
11454
8791
6226
3362
148
-2805
-5551
-8403
-11079
-13197
-14942
-16615
-17910
-18599
-19119
-19443
-19008
-18030
-17093
-16084
-14747
-13289
-11977
-10345
-7703
-4976
-3069
-681
2451
5130
7872
11035
14015
16675
18516
19971
21639
22152
21652
21416
20390
18115
15503
12633
9667
6392
2367
-1485
-4939
-8705
-12075
-14505
-16631
-18474
-19763
-20355
-20193
-19811
-18969
-17106
-15224
-13449
-10863
-8204
-5591
-2416
391
3007
6045
8488
10731
13345
15265
16855
18449
19134
19558
19981
19525
18841
18002
16203
14164
11973
9154
6440
3602
249
-2726
-5539
-8635
-11251
-13378
-15444
-17162
-18415
-19346
-19942
-20093
-19639
-18771
-17772
-16657
-15479
-14154
-12637
-10754
-8001
-5190
-3022
-228
2991
5605
8586
12024
15136
17866
19713
21131
22513
22707
22218
21895
20582
18166
15538
12730
9650
6070
2100
-1570
-5160
-8897
-11950
-14362
-16778
-18717
-19960
-20652
-20479
-20178
-19496
-17341
-15639
-14456
-11368
-8121
-5797
-2755
347
3284
6106
8422
11453
14144
15482
17368
19115
19667
20129
20288
20009
19426
17916
16051
14107
11525
8792
6013
2811
-279
-3218
-6403
-9340
-11786
-14050
-16102
-17808
-19047
-19852
-20363
-20361
-19931
-19322
-18335
-17013
-15573
-14119
-12574
-10220
-7299
-4999
-2544
772
3717
6549
9955
13153
16193
18758
20376
22080
23235
22909
22496
21900
20097
17686
14845
11759
8776
5027
889
-2534
-6114
-9921
-12770
-15047
-17250
-19020
-20098
-20323
-20267
-20009
-18630
-16617
-14896
-13008
-10493
-7608
-4772
-2000
928
3800
6371
8731
11229
13828
15761
17191
18674
19525
19760
20022
19815
18982
17779
15887
13596
11384
8804
5756
2759
-323
-3582
-6511
-9297
-12016
-14075
-15835
-17596
-18815
-19558
-19921
-19911
-19530
-18405
-17361
-16678
-15003
-13352
-12499
-10172
-7003
-5088
-2752
699
3641
6387
9534
12806
15987
18235
19852
21786
22841
22660
22455
21716
19925
17645
14961
12172
9062
5003
1084
-2310
-6355
-10278
-13023
-15479
-17750
-19452
-20811
-21090
-20449
-20079
-19050
-17049
-15505
-13825
-11151
-8122
-4998
-2322
125
3467
6481
8537
11488
14642
16236
17491
19107
20121
20637
20823
20444
19774
18347
16048
14058
11969
8908
5835
2761
-712
-3746
-6674
-9734
-12046
-14244
-16593
-18053
-19045
-20043
-20396
-20150
-19627
-18853
-18056
-16954
-15351
-14025
-12660
-9984
-6959
-4817
-2250
1186
4189
6969
10262
13604
16645
19140
20881
22318
23223
23044
22523
21788
20045
17631
14962
11815
8309
4710
913
-3220
-6947
-10043
-13469
-16261
-17516
-19106
-20951
-21158
-20576
-20338
-19441
-17268
-15018
-13430
-11146
-7829
-4990
-2396
817
3857
6438
9001
11553
14125
16245
17558
18813
19896
20088
20024
19882
18975
17634
15995
13722
11299
8712
5645
2601
-482
-3690
-6446
-9028
-11608
-13728
-15599
-17131
-18000
-18721
-19338
-19346
-18732
-17839
-17002
-15914
-14326
-13097
-12194
-10265
-7495
-5182
-3175
-598
2397
5150
7833
11135
14509
16800
18497
20463
21935
22258
22032
21594
20476
18268
15356
12542
9666
6026
2102
-1412
-5006
-8795
-11941
-14325
-16409
-18227
-19607
-20443
-20676
-20275
-19122
-17414
-15691
-13983
-11830
-9105
-6151
-3337
-560
2352
4998
7459
10186
12693
14815
16757
18066
18960
19703
19955
19920
19508
18456
16933
14873
12598
10274
7519
4483
1482
-1436
-4580
-7608
-9617
-11795
-14525
-15964
-16969
-18423
-18880
-18868
-18925
-18248
-17421
-16615
-15316
-13933
-12799
-11531
-9404
-6747
-4666
-2638
191
3193
5945
8795
11933
15011
17398
19259
21145
22374
22426
22181
21704
20155
17777
15091
12172
9042
5375
1402
-2205
-5872
-9651
-12594
-14961
-17322
-19069
-20106
-20863
-20945
-20207
-19062
-17607
-15893
-13944
-11674
-9078
-6103
-3134
-404
2506
5308
7802
10537
13154
15297
17101
18332
19376
20238
20266
20126
19829
18369
16564
14843
12341
9617
6999
3891
838
-2117
-5316
-7960
-10290
-12794
-14616
-16033
-17568
-18331
-18531
-18817
-18561
-17814
-17085
-16065
-14807
-13540
-12242
-10917
-8969
-6453
-4284
-2029
857
3674
6327
9333
12583
15589
18124
20009
21397
22666
22944
22157
21694
20333
17380
14694
11713
8130
4811
811
-3082
-6386
-10380
-13515
-15411
-17693
-19481
-20460
-21270
-21295
-20544
-19205
-17401
-15780
-14100
-11792
-9212
-6522
-3295
82
2753
5194
8114
10965
13485
15982
18026
19329
20276
20858
21154
21202
20410
18941
17160
14693
12097
9712
6721
3460
402
-2994
-6228
-8808
-11306
-13455
-15057
-16654
-17831
-18384
-18852
-18855
-18259
-17621
-16806
-15726
-14606
-13315
-11998
-10734
-8924
-6514
-4268
-2095
675
3676
6362
9207
12461
15453
17777
19712
21420
22487
22567
22194
21609
20005
17528
14947
11888
8336
4664
777
-3011
-6772
-10538
-13454
-15806
-18035
-19519
-20492
-21172
-21158
-20710
-19568
-17617
-15882
-14050
-11467
-9005
-6447
-3260
-249
2632
5554
8183
10854
13471
15862
17778
18863
20130
21204
20854
20566
20538
19051
16898
15048
12782
9818
6686
3816
764
-2671
-5700
-8275
-10761
-12922
-14735
-16235
-17252
-17902
-18262
-18198
-17886
-17433
-16518
-15303
-14229
-12939
-11404
-10264
-9061
-6987
-4644
-2635
-335
2493
5144
7634
10546
13584
16255
18435
20095
21457
22260
22113
21670
20893
18917
16248
13453
10218
6856
3281
-811
-4598
-8137
-11818
-14537
-16422
-18475
-19996
-20692
-21018
-20780
-20052
-18724
-16777
-15040
-13234
-10643
-7884
-5252
-2367
644
3593
6300
8812
11611
14364
16384
18032
19545
20478
20821
20809
20479
19686
18115
16014
13897
11466
8522
5496
2431
-810
-3929
-6792
-9372
-11404
-13213
-15077
-16373
-17078
-17594
-17656
-17403
-17079
-16497
-15664
-14551
-13274
-12009
-10678
-9608
-8532
-6614
-4290
-2175
26
2547
5276
7890
10495
13517
16410
18412
19831
21185
22030
21852
21218
20364
18542
15842
12817
9502
5986
2207
-1647
-5123
-8657
-12211
-14740
-16562
-18413
-19745
-20424
-20804
-20558
-19697
-18366
-16465
-14522
-12663
-10232
-7405
-4655
-1756
1310
4191
6886
9625
12357
14802
16883
18559
19742
20587
21075
21014
20557
19599
17921
15917
13638
10905
8101
5127
1822
-1200
-4067
-7085
-9563
-11469
-13270
-14714
-15889
-16828
-17066
-16980
-16878
-16350
-15637
-14921
-13811
-12531
-11351
-10122
-9031
-8144
-6739
-4543
-2435
-547
1893
4471
6713
9330
12377
15221
17528
19034
20190
21252
21286
20619
20176
18737
15805
12807
9709
6075
2545
-1112
-4927
-8306
-11765
-15000
-16912
-18364
-19943
-20731
-20876
-20799
-20148
-18893
-16975
-14753
-12943
-10820
-7935
-5315
-2719
583
3864
6682
9159
11441
14035
16535
18228
19649
20813
21053
20837
20628
19963
18570
16548
14176
11642
8770
5705
2771
-291
-3511
-6476
-9137
-11278
-12746
-14179
-15500
-16111
-16488
-16770
-16490
-16033
-15587
-14843
-13972
-12963
-11735
-10510
-9201
-7937
-6905
-5341
-2984
-722
1372
3854
6481
8927
11426
14166
16767
18595
19780
20775
21183
20729
19932
18738
16626
13776
10593
7189
3689
81
-3615
-7111
-10423
-13526
-15996
-17849
-19254
-20088
-20578
-20702
-20164
-19162
-17705
-15643
-13415
-11358
-9176
-6426
-3354
-473
2462
5446
8042
10546
13059
15286
17270
18791
19711
20247
20351
20052
19479
18465
16771
14547
12173
9607
6856
4055
1024
-1964
-4728
-7544
-9789
-11257
-12778
-14119
-14706
-15063
-15555
-15577
-14808
-14177
-13959
-13120
-11974
-11236
-10116
-8623
-7563
-6642
-5806
-4974
-3186
-858
869
2632
4917
7036
9140
11677
14311
16461
17741
18521
19275
19422
18728
17899
16606
14031
10884
7806
4537
1375
-1957
-5700
-8787
-11603
-14570
-16391
-17605
-18861
-19256
-19363
-19447
-18623
-17120
-15234
-13182
-11236
-9007
-6538
-3962
-1107
1599
4022
6552
9120
11370
13304
15210
16901
17975
18645
19100
19095
18635
17885
16678
14868
12714
10434
7967
5345
2693
-69
-2907
-5565
-7896
-9830
-11287
-12374
-13302
-14051
-14396
-14319
-14036
-13634
-13069
-12459
-11883
-11073
-9941
-8843
-7900
-6927
-6101
-5564
-4597
-2632
-501
1069
2696
4876
7118
9169
11559
14200
16050
16979
17821
18649
18782
18029
17098
15774
12989
9687
7001
3911
283
-3039
-6228
-9416
-12416
-14800
-16245
-17427
-18450
-18762
-18748
-18462
-17432
-15863
-13995
-12060
-10382
-8399
-5752
-3188
-844
1610
3755
5762
8217
10490
12241
14122
15798
16689
17350
17960
18147
17974
17308
16093
14594
12535
10182
8125
5666
2701
110
-2466
-5136
-7243
-9068
-10549
-11369
-12307
-13232
-13282
-12976
-12706
-12177
-11646
-11205
-10680
-10054
-9086
-8051
-7418
-6825
-6109
-5700
-5462
-4507
-2428
-484
509
2059
4623
6708
8635
11309
13725
15256
16284
17140
17934
17994
17183
16150
14325
11456
8585
5860
2871
-290
-3574
-6841
-9814
-12392
-14392
-15624
-16350
-17032
-17570
-17505
-16849
-15757
-14018
-12058
-10571
-9219
-7493
-5231
-2605
-499
1229
3378
5198
6664
9035
11593
13080
14310
15709
16171
16339
17426
17711
16625
15857
14569
12262
10475
8542
5881
3393
702
-2080
-4239
-6303
-7995
-8924
-10088
-11216
-11470
-11593
-11614
-11041
-10684
-10576
-10218
-10148
-9982
-9057
-8317
-8074
-7754
-7637
-7733
-7646
-7058
-5165
-2917
-2080
-863
2059
4525
6650
9740
12484
14465
15997
16879
18272
19412
18450
17427
16712
13843
10620
8557
5609
2140
-1241
-4893
-7542
-9906
-12649
-13885
-14445
-15757
-16566
-16566
-16275
-15618
-14494
-12879
-11472
-10708
-9707
-7766
-5430
-3687
-2224
-189
1888
3589
5716
8281
10360
11777
13137
14571
15739
16684
17418
17537
16935
15807
14352
12778
11100
9073
6447
3710
1360
-1027
-3243
-4840
-6457
-8061
-9184
-9856
-10104
-10154
-9961
-9900
-9932
-9437
-9687
-9805
-8606
-9101
-9560
-8007
-8490
-9141
-7732
-7814
-8247
-7305
-5669
-3370
-2220
-859
2479
4900
6925
10084
12771
15097
16828
17712
19044
19425
18181
17524
16421
13333
10461
8061
4677
1514
-1458
-5004
-7566
-9832
-12776
-14193
-14768
-16246
-16725
-16377
-16732
-16220
-14732
-13712
-12562
-11290
-10230
-8502
-6576
-5089
-3448
-1731
306
2785
4698
6635
9184
10912
12286
14447
16056
16905
18027
18660
18465
18036
17104
15847
14415
12058
9371
7138
4518
1746
-497
-2887
-5061
-6583
-8416
-9889
-10110
-10465
-11280
-11527
-11444
-11422
-11311
-11005
-10479
-10471
-10840
-10370
-9675
-9450
-9020
-8718
-8716
-8605
-8134
-5900
-2874
-1961
-702
3103
5859
7934
11970
15126
16708
18491
19405
20115
20658
19498
18330
16967
13871
10609
7576
4536
1473
-2337
-5862
-8666
-11429
-13692
-15191
-15876
-16664
-17892
-18003
-17636
-17233
-15599
-13960
-13003
-12005
-10997
-9352
-7205
-5262
-3429
-1759
256
2509
4541
7111
9713
11794
13744
14929
16029
17856
18926
19300
19636
18793
17313
16222
14554
12432
10384
7508
4311
1704
-1028
-3489
-4939
-6551
-8604
-9977
-10754
-11423
-11555
-11296
-11197
-10855
-10489
-10369
-9545
-8616
-8429
-8070
-7854
-7856
-7211
-6725
-6471
-5849
-5824
-6326
-5676
-3317
-1122
-192
1642
4539
6394
8508
11816
14518
16340
17374
17752
18478
18422
16981
16060
14572
10950
7660
5230
2020
-982
-3904
-7383
-9725
-11894
-14674
-15430
-15335
-16412
-16655
-16510
-16948
-16084
-14562
-13387
-11811
-11034
-10571
-8562
-6543
-4833
-2649
-1034
1098
3500
4914
8000
11179
11795
13589
15691
15676
16929
18557
18205
17729
16710
14900
13604
11910
9935
8214
5642
2904
885
-1329
-3169
-4131
-5660
-7502
-8467
-9210
-9722
-9370
-8949
-8822
-8336
-7748
-7365
-6413
-5361
-5142
-4803
-4454
-4898
-5095
-4935
-4709
-4322
-4749
-5453
-5538
-5901
-5946
-4224
-1831
-1088
-682
1958
4468
6012
8999
11333
12382
14003
14498
15087
16532
15343
13661
13153
10269
7247
6108
3376
202
-1790
-4967
-7633
-8619
-10848
-12611
-12452
-13595
-14884
-14618
-15182
-15198
-13556
-13023
-12613
-11366
-11055
-9941
-7375
-5747
-4249
-2130
-515
1411
4008
6412
8701
10723
12202
13531
14818
15875
16692
16934
16158
15037
13910
12172
10263
8806
7542
5369
2517
1204
-77
-2003
-1721
-2558
-4743
-4075
-4890
-6053
-3872
-4736
-6177
-4410
-5304
-5789
-3775
-4296
-4587
-3912
-5146
-5428
-4761
-5371
-5759
-5691
-6221
-6697
-6738
-6806
-6752
-6616
-7073
-7202
-5631
-3583
-2728
-1648
1136
3364
4449
7274
10612
12054
13401
14758
15359
16206
16204
15525
15338
13397
10414
8824
6527
3365
1072
-1772
-4855
-7246
-10327
-12698
-13366
-14772
-16386
-16833
-17522
-17816
-16660
-15473
-14473
-13203
-12071
-10464
-7909
-5372
-3296
-996
1514
3493
5422
7992
10301
11958
13504
14510
15038
15732
15915
15638
15373
14134
12244
10726
8923
6980
5297
2957
405
-1329
-2906
-4455
-5228
-5864
-6787
-7076
-6664
-6186
-5502
-4712
-4032
-3018
-1964
-1436
-483
759
871
1000
1790
1603
1218
1389
822
150
-397
-1881
-3161
-3566
-4595
-6114
-6490
-6885
-9118
-10611
-9712
-8729
-8153
-7568
-6704
-4628
-2478
-351
2667
5109
7176
9262
10701
12774
14366
14376
15190
15387
13469
12359
11522
9228
7254
5196
2115
-182
-2205
-4935
-6620
-7842
-10017
-11656
-12784
-14158
-14488
-14156
-14149
-13785
-13552
-13422
-11842
-9707
-8416
-7057
-5199
-3279
-1241
1014
3573
5920
7564
9171
10621
11480
12696
13869
13855
13637
13165
11577
10324
9417
7472
5623
3836
1213
-712
-2282
-4262
-4936
-5309
-6394
-6272
-5747
-5577
-4137
-2300
-1000
691
2122
3062
4476
5700
6159
6657
7023
6758
6285
5675
4744
3564
2048
122
-2007
-4066
-6188
-8381
-10135
-11779
-13616
-15197
-16614
-18063
-18998
-18227
-16104
-14917
-14068
-11633
-8195
-4537
-1050
3397
8424
10802
13469
18427
20665
21617
23447
23227
22281
21117
19299
18373
16222
12867
9972
6358
3001
-217
-3960
-6642
-9534
-12865
-15140
-17370
-18942
-19207
-19416
-19392
-19273
-19113
-17798
-15888
-14023
-11732
-9557
-7516
-4927
-2382
205
3242
5512
7206
9380
11133
12416
13913
14820
15038
15076
14418
13363
12637
11561
9859
8041
5769
3460
1815
-125
-2020
-2948
-4493
-6363
-6635
-6864
-7347
-6226
-5296
-5223
-3824
-2442
-1465
834
2363
2837
4426
5280
5333
6514
6885
6278
6134
5018
3663
3296
1822
-207
-1223
-3106
-5642
-6775
-7720
-9338
-10658
-11843
-13014
-13867
-14124
-13000
-11577
-11178
-10003
-7545
-5356
-2736
645
3605
6374
8885
10974
13481
15718
17034
18287
18631
17426
16791
16366
14178
12556
11177
6885
3610
2380
-1338
-4514
-5717
-8534
-11041
-12975
-15157
-15224
-15558
-16806
-16068
-15863
-16494
-14889
-12914
-11809
-10022
-8260
-6863
-4612
-2177
-78
2518
4491
5396
7073
8913
10053
11506
12333
12171
12184
11603
10678
10441
9472
7687
6195
4391
2715
1685
176
-1337
-2407
-4032
-5201
-5362
-5821
-5858
-5273
-5379
-4853
-3319
-2332
-809
1178
1925
2935
4530
5367
6667
8066
8182
8458
8727
7986
7615
7289
5991
4687
3097
904
-866
-2735
-5005
-7128
-9404
-11446
-13136
-14941
-15997
-16582
-17683
-18216
-17132
-15209
-13783
-12225
-9172
-6046
-3385
498
4686
8075
11413
14324
16895
19326
20254
20558
21125
19998
18256
17511
15489
12702
10563
7249
3797
1609
-1492
-5137
-7089
-8888
-12005
-13815
-14392
-16634
-17699
-16367
-16728
-17274
-16111
-15353
-14107
-12294
-10769
-8461
-6392
-4558
-1805
881
3406
5738
7747
9890
11253
12524
14417
15093
15198
15614
14862
13778
12993
11203
9302
7563
4921
2662
723
-2164
-4235
-5633
-8145
-9951
-10684
-12147
-13057
-13019
-13480
-13259
-11939
-11085
-9908
-7707
-5996
-4379
-1606
1224
3659
6711
9646
11746
14038
16352
17893
19283
20162
19844
19446
18776
16875
15035
13075
9647
6292
3214
-857
-4402
-7571
-11760
-15225
-17910
-20778
-22219
-22627
-23358
-23323
-22569
-22067
-20861
-18363
-16006
-14175
-11373
-7864
-4731
-1062
3104
6709
10273
13587
16102
18717
20764
21310
21778
21928
20753
19843
18958
16701
14644
12554
9060
6189
3694
-131
-3069
-5244
-8530
-10939
-12676
-15269
-16523
-16761
-17945
-18355
-17639
-17404
-16742
-14977
-13155
-11348
-9140
-6766
-4320
-1790
793
3496
6073
8223
10122
12041
13731
14865
15693
16211
16083
15590
14881
13680
12190
10457
8218
5853
3558
927
-1646
-3644
-5824
-8282
-10046
-11438
-12927
-13727
-14013
-14387
-14165
-13412
-12720
-11443
-9724
-8244
-6315
-4099
-2210
133
2629
4517
6580
8585
9943
11533
13042
13766
14591
15243
14973
14635
14221
13195
12183
10921
9007
7219
5322
2873
632
-1588
-4172
-6391
-8332
-10417
-12221
-13710
-15019
-16057
-16910
-17316
-17118
-16672
-16124
-15368
-14362
-13278
-12008
-9825
-7006
-4710
-2599
188
3007
5500
8427
11392
13726
15883
17553
18492
19452
19900
19574
19282
18199
16157
14500
12481
9711
7248
4134
552
-1893
-4714
-7902
-9676
-11727
-14080
-15300
-16699
-17444
-16899
-16996
-16649
-15379
-14711
-13302
-10786
-8717
-6732
-4431
-2117
303
2761
5253
7563
9472
11344
12941
13975
15086
15975
15978
15829
15422
14075
12775
11602
9607
7498
5408
2702
325
-1693
-4198
-6253
-7798
-9863
-11490
-12285
-13276
-13748
-13367
-13436
-13350
-12246
-11353
-10462
-8680
-7242
-6079
-4192
-2672
-1319
765
2279
3460
5260
6357
7075
8486
9252
9462
10203
10381
9933
9877
9489
8652
8089
7063
5521
4327
2996
1379
55
-1434
-3093
-4281
-5349
-6422
-7055
-7436
-7850
-7953
-7575
-7211
-6733
-5679
-4757
-3856
-2370
-1355
-577
862
1772
2386
3533
3928
3900
4303
4038
3618
3650
2944
2273
1977
816
-201
-917
-2034
-2132
-2008
-2854
-3142
-2908
-2676
-2012
-1090
-81
516
1111
2307
3160
3875
4553
4772
5112
4980
4717
4946
4266
3465
2938
1571
870
419
-1013
-1631
-2007
-3195
-3735
-4162
-5037
-5218
-5131
-5254
-5326
-5596
-5507
-4955
-4629
-3960
-3202
-2979
-2153
-1096
-613
457
1595
2070
3050
3879
4060
4939
5699
5580
5690
5523
4889
4729
4291
3372
2627
1477
191
-578
-1528
-2722
-3489
-4115
-4995
-5547
-5545
-5632
-5597
-5216
-5074
-4569
-3510
-3014
-2362
-1054
-535
-90
1129
1623
2020
3129
3401
3582
4522
4811
5095
5809
5684
5616
6023
5784
5579
5653
5052
4464
4221
3349
2219
1514
645
-455
-1362
-2519
-3733
-4436
-5104
-5904
-6419
-6630
-6967
-7109
-6744
-6592
-6353
-5498
-5177
-4880
-3470
-2984
-2424
-695
-606
-187
1306
1220
1818
3104
2825
3331
4260
3921
4360
4882
4682
5011
5267
5254
5228
5013
4821
4629
4225
3794
3293
2431
1579
770
-293
-1142
-1924
-3084
-3948
-4610
-5384
-5519
-5592
-5932
-5724
-5611
-5484
-4545
-3868
-3395
-2459
-1929
-1354
-268
319
775
1498
1751
1876
2193
2161
1977
1910
1817
1693
1396
1151
1147
1100
1078
1057
1001
1178
1175
1195
1585
1469
1348
1515
1162
1019
1052
741
681
602
108
-260
-235
-277
-328
-22
108
83
322
485
617
956
1157
1092
1140
1134
852
642
384
-143
-593
-867
-1346
-1897
-2175
-2648
-3086
-3063
-3321
-3495
-3242
-3322
-3326
-3073
-3067
-2694
-2300
-2289
-1835
-1550
-1247
-752
-454
146
430
717
1304
1647
2020
2598
2892
3032
3622
3797
3976
4323
3971
3925
4036
3578
3239
2843
1954
1517
1176
266
-258
-850
-1752
-2006
-2282
-2814
-2760
-2816
-3085
-2751
-2556
-2503
-1848
-1424
-1363
-914
-512
-221
226
369
497
827
815
794
989
875
714
757
658
578
562
440
472
437
139
188
348
134
60
62
-131
-67
26
-101
-108
-192
-283
-114
-75
-134
9
161
272
344
385
562
745
849
909
717
450
386
284
110
-109
-650
-1168
-1319
-1657
-2097
-2181
-2421
-2727
-2682
-2795
-2771
-2355
-2219
-1918
-1346
-1167
-859
-396
-151
212
371
343
567
664
656
699
649
706
806
833
900
990
1134
1263
1463
1823
2128
2464
2822
3139
3469
3799
4484
5050
4909
5210
5663
5518
5830
5908
5112
4718
4152
2864
1934
687
-1102
-2348
-3984
-5945
-7220
-8713
-10236
-11055
-11962
-12870
-13052
-13191
-13320
-12721
-12017
-10959
-8980
-7522
-6133
-3568
-1255
1138
4253
6250
8124
10746
12353
14028
15878
16231
16539
17033
16245
15270
14347
12418
10577
8767
5936
3421
1367
-1259
-3600
-5410
-7476
-9457
-10924
-12254
-13245
-13574
-13781
-13877
-13559
-13030
-12211
-10838
-9297
-7859
-6187
-4508
-2698
-557
1303
3215
5217
6672
8049
9335
10261
11271
11758
11676
11584
10912
10143
9401
7938
6527
5124
3171
1591
86
-1845
-3220
-4448
-6019
-7085
-7898
-8562
-8759
-8721
-8623
-8559
-7809
-6980
-6402
-5094
-4084
-3172
-1759
-655
410
1772
2818
3497
4358
5039
5595
6111
6332
6375
6163
5929
5697
5392
4860
4057
3198
2293
1399
393
-546
-1380
-2577
-3601
-4166
-4919
-5326
-5356
-5730
-5686
-5364
-5296
-4546
-3687
-3186
-2231
-1390
-667
524
1480
2157
3052
3611
3887
4450
4689
4679
4831
4647
4375
4184
3668
3206
2917
2310
1631
1041
322
-275
-779
-1371
-1863
-2325
-2821
-3182
-3509
-3820
-4067
-4315
-4341
-4248
-4258
-4004
-3621
-3298
-2636
-1982
-1487
-765
-183
321
1073
1627
2025
2446
2649
2787
2917
2920
2801
2611
2310
1853
1497
1112
616
358
155
-298
-576
-650
-964
-1036
-944
-1101
-1094
-1131
-1161
-934
-875
-751
-526
-580
-488
-316
-234
35
97
169
442
439
645
1179
1309
1421
1891
1918
1881
2378
2426
2284
2575
2313
1926
2056
1639
1268
1317
660
115
-44
-700
-1069
-1134
-1588
-1795
-1892
-2273
-2381
-2350
-2418
-2422
-2416
-2494
-2615
-2452
-2183
-2047
-1669
-1365
-1284
-865
-435
-120
477
899
1105
1485
1779
1991
2287
2445
2381
2241
2063
1729
1387
1145
700
196
-217
-788
-1185
-1394
-1747
-1929
-2049
-2265
-2255
-2191
-2039
-1772
-1694
-1409
-1039
-883
-433
-90
66
501
646
706
1114
1185
1192
1491
1505
1558
1766
1724
1770
1872
1765
1722
1815
1729
1583
1600
1422
1169
1145
909
612
567
157
-351
-346
-663
-1130
-947
-1190
-1690
-1358
-1449
-1722
-1138
-1173
-1356
-755
-762
-764
-132
-47
1
428
498
531
822
930
974
1152
1166
1060
1102
1152
1089
1081
987
707
455
184
-157
-459
-759
-1222
-1668
-2014
-2465
-2745
-2912
-3191
-3326
-3427
-3523
-3398
-3232
-2966
-2537
-2190
-1700
-1102
-588
97
780
1317
1938
2482
2861
3345
3742
3926
4161
4272
4151
4049
3881
3476
3129
2773
2138
1671
1214
451
-7
-462
-1175
-1532
-1981
-2612
-2837
-3190
-3592
-3595
-3730
-3861
-3647
-3454
-3186
-2677
-2140
-1599
-973
-285
371
1062
1831
2461
3029
3645
4023
4308
4624
4660
4628
4603
4279
3885
3501
2899
2285
1749
1085
366
-286
-915
-1635
-2170
-2580
-3156
-3431
-3666
-4035
-4061
-4024
-4132
-3904
-3626
-3611
-3151
-2805
-2551
-1911
-1572
-1161
-640
-260
214
664
1049
1351
1557
1682
1813
1890
1909
1878
1725
1508
1260
1002
775
528
165
-89
-359
-701
-747
-829
-1000
-919
-929
-1011
-772
-603
-496
-83
140
243
673
932
1065
1549
1753
1671
1963
1972
1783
1999
1891
1597
1635
1366
965
920
631
200
73
-262
-724
-811
-1025
-1374
-1339
-1479
-1748
-1639
-1642
-1675
-1461
-1367
-1339
-1119
-905
-707
-344
-1
202
512
845
968
1228
1453
1436
1577
1602
1451
1403
1264
1041
871
653
361
68
-227
-490
-760
-1001
-1179
-1415
-1560
-1610
-1720
-1679
-1562
-1560
-1411
-1214
-1152
-889
-597
-436
-43
214
337
670
806
938
1210
1301
1374
1431
1347
1319
1309
1207
1155
997
748
546
245
26
-133
-487
-735
-935
-1306
-1416
-1450
-1673
-1627
-1635
-1806
-1624
-1471
-1365
-959
-698
-491
-76
207
502
936
1240
1476
1731
1892
2009
2177
2313
2342
2336
2242
2035
1871
1707
1453
1190
884
488
109
-239
-611
-976
-1305
-1669
-2008
-2240
-2472
-2671
-2741
-2839
-2910
-2839
-2765
-2587
-2290
-1989
-1594
-1193
-777
-291
164
641
1157
1545
1940
2372
2614
2892
3135
3163
3247
3217
3014
2849
2573
2206
1871
1472
1016
526
36
-501
-1055
-1462
-1943
-2383
-2634
-3008
-3252
-3306
-3437
-3438
-3268
-3144
-2960
-2577
-2209
-1843
-1224
-654
-205
516
1088
1478
2203
2660
2904
3444
3605
3610
3883
3776
3594
3566
3163
2734
2396
1779
1195
694
12
-641
-1152
-1740
-2284
-2614
-2956
-3284
-3376
-3452
-3529
-3351
-3138
-2934
-2478
-2020
-1632
-1013
-426
28
693
1286
1670
2211
2632
2804
3127
3325
3265
3342
3273
2926
2702
2357
1798
1378
862
188
-346
-946
-1603
-2073
-2545
-3032
-3353
-3640
-3899
-3972
-3937
-3826
-3556
-3221
-2845
-2337
-1816
-1241
-565
14
611
1248
1705
2209
2730
3002
3300
3555
3502
3501
3479
3175
2935
2684
2167
1724
1300
679
188
-278
-880
-1327
-1740
-2200
-2526
-2767
-2988
-3126
-3147
-3127
-3038
-2807
-2513
-2197
-1796
-1373
-934
-474
-9
475
880
1328
1757
2019
2357
2640
2711
2876
2953
2773
2769
2625
2290
2195
1887
1555
1404
1008
729
522
129
-67
-276
-585
-694
-870
-1052
-1038
-1140
-1187
-1077
-1121
-1087
-962
-966
-837
-687
-667
-538
-436
-418
-291
-201
-158
-78
-49
-29
-9
6
17
6
-2
-21
-54
-62
-85
-152
-172
-225
-332
-362
-430
-537
-566
-661
-772
-777
-859
-945
-936
-1028
-1089
-1057
-1117
-1101
-1017
-1007
-911
-775
-685
-520
-337
-185
5
211
398
595
816
1017
1185
1388
1565
1695
1859
1962
1984
2041
2006
1881
1826
1690
1471
1328
1088
780
584
313
6
-182
-444
-716
-854
-1047
-1177
-1164
-1239
-1186
-1057
-1060
-838
-655
-609
-282
-132
-96
274
367
415
794
795
814
1062
950
920
1003
857
757
690
525
360
218
72
-115
-290
-435
-632
-797
-900
-1028
-1106
-1116
-1138
-1127
-1057
-992
-908
-780
-672
-566
-429
-319
-206
-81
1
65
104
96
56
3
-67
-174
-259
-356
-495
-583
-691
-815
-864
-933
-990
-958
-958
-912
-771
-676
-521
-311
-162
50
273
456
688
874
1037
1214
1331
1449
1550
1590
1634
1644
1600
1569
1499
1374
1262
1088
873
695
473
233
68
-105
-283
-386
-504
-616
-645
-698
-732
-684
-668
-613
-478
-372
-238
-80
42
184
302
372
451
498
535
580
584
589
571
509
479
412
304
247
149
38
-24
-134
-241
-305
-419
-524
-574
-649
-704
-708
-754
-780
-764
-772
-755
-694
-650
-593
-499
-447
-387
-305
-281
-238
-191
-195
-174
-158
-181
-180
-195
-232
-258
-297
-334
-360
-378
-379
-375
-346
-318
-305
-258
-234
-212
-144
-103
-44
43
92
165
232
259
336
375
402
498
516
554
648
644
685
749
713
757
806
766
827
836
768
817
777
682
717
668
598
639
591
546
613
579
534
583
501
429
443
298
182
135
-71
-224
-323
-568
-738
-850
-1067
-1182
-1248
-1393
-1407
-1392
-1424
-1319
-1222
-1143
-960
-813
-663
-464
-324
-161
12
134
299
444
536
670
744
796
898
914
939
997
941
904
870
709
575
444
212
27
-156
-433
-642
-841
-1118
-1297
-1458
-1685
-1780
-1827
-1923
-1881
-1797
-1755
-1571
-1373
-1234
-975
-722
-520
-217
72
313
632
929
1154
1436
1707
1889
2124
2370
2514
2707
2900
2917
2926
2883
2632
2398
2131
1659
1240
822
219
-256
-690
-1253
-1589
-1861
-2212
-2283
-2299
-2369
-2160
-1948
-1782
-1382
-1060
-790
-358
-67
186
535
734
919
1141
1207
1261
1306
1231
1177
1110
970
847
705
503
312
93
-177
-434
-723
-1006
-1250
-1501
-1697
-1839
-1957
-1989
-1949
-1874
-1702
-1478
-1244
-938
-650
-374
-47
207
434
667
790
896
981
946
934
908
787
712
621
473
394
288
162
97
5
-70
-97
-158
-208
-242
-288
-317
-359
-398
-424
-460
-467
-462
-446
-391
-330
-249
-138
-16
121
259
398
522
628
725
790
834
854
849
832
806
774
747
717
686
673
643
633
641
621
635
645
622
639
613
550
521
411
293
200
24
-117
-244
-423
-531
-632
-746
-785
-832
-873
-865
-871
-867
-848
-840
-830
-824
-821
-822
-821
-813
-796
-759
-698
-635
-552
-439
-320
-163
-8
147
330
483
641
792
898
989
1025
1007
959
867
744
605
434
254
70
-109
-278
-431
-554
-674
-760
-824
-895
-936
-970
-1019
-1024
-1015
-1022
-953
-904
-850
-723
-631
-497
-313
-154
32
257
433
621
836
966
1124
1271
1339
1437
1483
1463
1449
1377
1262
1154
1011
848
710
555
399
278
141
14
-82
-193
-282
-352
-427
-475
-509
-539
-533
-520
-488
-431
-381
-316
-243
-179
-105
-32
16
77
138
185
262
316
359
408
416
419
411
365
310
241
143
50
-45
-150
-232
-322
-404
-467
-537
-588
-630
-680
-703
-734
-763
-767
-778
-778
-754
-734
-696
-645
-596
-535
-469
-400
-323
-245
-159
-71
11
97
175
231
283
322
340
368
396
405
432
464
472
492
515
512
511
506
479
460
436
405
390
368
344
335
314
262
225
170
105
71
2
-45
-75
-126
-168
-207
-228
-264
-277
-278
-291
-276
-253
-225
-164
-99
-34
52
133
206
295
368
429
489
523
543
561
559
543
521
470
404
329
237
145
54
-42
-134
-226
-317
-406
-495
-580
-660
-728
-778
-814
-828
-822
-806
-772
-717
-658
-585
-500
-417
-322
-214
-107
6
123
229
331
429
509
576
625
653
664
660
639
599
545
475
384
290
180
58
-57
-176
-291
-386
-478
-552
-606
-653
-683
-691
-690
-668
-623
-567
-490
-398
-299
-190
-70
53
183
320
449
575
695
794
881
945
982
1002
994
961
914
838
747
641
512
379
236
83
-55
-198
-334
-447
-560
-656
-724
-785
-815
-822
-817
-793
-754
-702
-632
-544
-443
-330
-206
-79
41
150
248
330
398
450
487
509
514
510
494
470
431
375
306
230
154
82
12
-56
-119
-178
-234
-283
-324
-353
-370
-376
-371
-359
-336
-311
-285
-261
-235
-205
-172
-136
-99
-61
-24
12
43
66
83
100
116
134
148
157
169
178
181
178
170
163
159
156
150
143
136
131
121
108
95
89
79
67
53
41
31
16
-4
-23
-43
-57
-70
-83
-98
-106
-111
-111
-110
-106
-103
-97
-92
-86
-79
-73
-70
-66
-59
-47
-33
-13
11
37
57
76
102
131
152
164
172
181
185
181
170
159
141
114
86
53
20
-13
-47
-77
-106
-132
-157
-180
-203
-227
-251
-272
-289
-300
-300
-289
-267
-235
-199
-159
-116
-70
-18
33
82
127
171
211
245
273
293
303
304
299
288
274
255
230
205
173
138
98
55
12
-30
-73
-113
-152
-185
-214
-237
-254
-264
-270
-265
-256
-240
-218
-194
-165
-131
-92
-47
2
51
100
148
192
232
265
289
307
317
323
320
312
293
267
233
190
143
93
42
-6
-48
-83
-115
-140
-161
-184
-205
-224
-241
-250
-254
-248
-236
-218
-196
-173
-147
-119
-90
-61
-36
-13
10
36
58
73
78
74
69
63
55
44
32
21
11
3
-4
-14
-21
-29
-33
-35
-36
-34
-30
-26
-22
-22
-19
-18
-18
-18
-18
-11
-3
10
23
37
46
51
52
49
43
37
29
27
24
23
21
16
11
8
7
7
9
10
14
17
26
35
46
58
68
78
84
89
93
96
95
94
88
79
67
52
38
25
13
5
1
-5
-14
-25
-37
-51
-61
-72
-79
-87
-92
-95
-97
-97
-96
-97
-96
-91
-81
-64
-42
-19
4
26
46
66
84
101
111
118
120
119
115
109
99
84
65
44
20
0
-20
-38
-57
-75
-94
-112
-130
-144
-157
-167
-172
-178
-183
-184
-180
-168
-149
-125
-100
-75
-50
-20
9
36
65
91
116
139
159
174
183
187
185
178
165
148
128
106
87
67
48
31
15
0
-14
-28
-43
-57
-72
-84
-92
-98
-96
-91
-78
-60
-40
-19
0
15
33
49
64
80
92
101
108
109
109
104
96
85
72
58
40
21
3
-16
-34
-52
-71
-87
-102
-114
-126
-140
-152
-161
-163
-159
-150
-137
-119
-99
-76
-53
-30
-5
19
45
69
91
110
128
145
157
165
167
163
152
134
112
87
61
37
15
-3
-21
-39
-59
-80
-98
-113
-122
-127
-127
-124
-115
-103
-89
-74
-62
-49
-35
-19
-4
11
22
36
51
64
75
84
89
94
94
92
89
83
75
67
57
47
35
22
8
-5
-18
-31
-42
-51
-59
-63
-66
-65
-62
-57
-48
-41
-35
-28
-23
-19
-15
-13
-11
-9
-8
-6
-4
-3
-3
-3
-3
-2
-2
1
3
6
10
12
13
12
11
8
7
7
8
12
19
28
37
44
48
50
48
46
45
43
39
35
29
24
16
7
-2
-13
-24
-36
-45
-54
-62
-67
-70
-71
-71
-67
-64
-58
-52
-46
-39
-32
-25
-18
-10
0
10
22
34
44
55
62
68
70
70
68
66
63
60
58
54
50
41
31
18
5
-9
-22
-34
-43
-50
-56
-61
-64
-66
-65
-62
-59
-55
-51
-45
-36
-27
-20
-12
-5
3
9
16
22
27
31
35
37
38
37
36
35
35
35
36
34
34
32
27
22
17
14
11
10
10
9
8
8
6
5
3
2
0
-1
-3
-5
-8
-13
-16
-20
-25
-29
-33
-34
-35
-35
-34
-33
-31
-29
-28
-25
-22
-19
-15
-12
-8
-5
-2
0
1
1
4
6
8
10
12
15
16
18
20
23
25
28
31
32
33
32
27
21
15
7
1
-7
-11
-15
-19
-21
-22
-23
-24
-26
-27
-25
-25
-24
-23
-22
-19
-14
-8
-2
2
6
11
16
21
28
32
38
42
45
46
45
43
39
36
31
26
20
13
6
-3
-12
-21
-30
-39
-45
-49
-53
-56
-58
-58
-55
-53
-50
-47
-40
-32
-21
-9
0
8
16
23
31
39
45
51
57
61
62
60
57
51
46
40
31
21
11
1
-7
-15
-24
-34
-45
-57
-67
-75
-78
-79
-78
-74
-69
-64
-56
-44
-32
-17
-3
14
27
40
50
62
72
81
89
96
100
102
101
97
89
79
68
55
42
29
15
1
-15
-30
-47
-59
-71
-80
-87
-90
-91
-89
-86
-81
-74
-66
-55
-45
-34
-24
-15
-5
4
13
22
31
41
49
57
64
67
70
67
63
56
49
40
32
22
15
8
0
-8
-18
-28
-36
-46
-53
-60
-66
-70
-71
-69
-63
-56
-50
-42
-34
-26
-18
-10
-3
4
11
18
25
32
38
44
49
52
55
56
56
54
51
45
38
31
23
16
9
3
-3
-7
-11
-15
-15
-19
-20
-20
-20
-20
-20
-19
-17
-16
-14
-13
-10
-8
-4
1
7
9
13
16
18
17
16
16
17
15
12
11
9
8
4
1
1
2
0
-2
0
1
1
1
-1
-1
-2
-3
-6
-10
-15
-20
-21
-22
-22
-22
-23
-25
-27
-30
-34
-35
-35
-34
-31
-27
-24
-20
-17
-12
-7
-3
3
11
16
22
26
31
32
35
37
38
39
42
45
45
45
44
40
35
28
22
16
8
1
-3
-8
-14
-18
-24
-26
-29
-31
-33
-34
-35
-32
-31
-29
-25
-22
-19
-15
-10
-4
0
6
12
18
23
26
28
32
33
35
37
36
37
33
32
30
24
19
14
8
3
-4
-8
-13
-18
-23
-29
-34
-39
-43
-45
-47
-48
-45
-42
-40
-35
-32
-29
-23
-18
-11
-6
0
6
12
17
21
23
26
27
30
31
32
32
31
29
26
23
17
13
7
2
-3
-7
-12
-16
-18
-21
-23
-24
-24
-25
-23
-22
-20
-17
-14
-10
-6
-4
-1
1
3
7
9
12
15
19
22
24
26
27
27
26
26
26
24
23
21
19
17
14
11
9
6
3
1
-2
-4
-7
-10
-13
-13
-17
-18
-19
-21
-21
-22
-22
-21
-21
-21
-19
-18
-15
-13
-10
-8
-5
-3
-3
-1
0
2
3
7
9
13
16
18
19
19
18
17
15
13
11
8
6
3
2
-1
-4
-6
-8
-10
-12
-14
-15
-17
-18
-18
-19
-18
-18
-17
-15
-13
-11
-7
-6
-3
0
4
7
11
14
17
19
20
21
21
22
23
22
22
22
20
18
15
13
10
9
6
5
2
2
-1
-5
-9
-12
-16
-18
-20
-22
-21
-22
-20
-20
-19
-17
-13
-11
-9
-5
-4
0
2
2
4
4
5
4
6
7
7
7
7
6
5
3
2
-1
-1
-2
-2
-1
-2
-1
-2
-2
-2
-2
0
0
2
3
4
5
5
5
6
7
7
7
8
8
8
8
7
6
5
4
3
1
-2
-3
-5
-7
-8
-9
-9
-9
-9
-9
-9
-8
-8
-6
-5
-4
-4
-3
-2
-1
1
3
5
7
10
12
14
15
15
16
15
14
12
13
11
12
10
8
5
1
-2
-6
-10
-10
-14
-15
-17
-19
-19
-19
-18
-17
-18
-18
-17
-15
-15
-12
-9
-6
-2
1
4
7
9
11
12
14
15
16
18
17
19
19
18
16
14
11
7
3
0
-3
-4
-6
-7
-8
-9
-11
-11
-11
-14
-14
-15
-13
-13
-11
-8
-6
-3
-1
1
3
5
7
8
9
10
10
11
11
12
12
11
11
10
10
9
7
6
4
2
1
-2
-3
-5
-6
-9
-9
-9
-12
-13
-14
-15
-16
-15
-14
-12
-8
-5
-2
0
0
0
-1
-1
-1
1
3
5
7
8
9
9
9
9
9
10
10
11
12
10
10
7
4
2
1
-1
-2
-3
-1
-2
-3
-3
-4
-7
-7
-7
-8
-7
-7
-6
-5
-5
-5
-4
-5
-5
-4
-2
-2
-1
1
-1
0
0
0
0
1
1
1
3
5
4
4
4
5
3
3
3
3
1
2
1
0
-2
-1
-1
-1
-2
0
0
-1
0
0
0
-1
-1
-3
-3
-3
-1
-1
0
0
0
1
1
1
1
2
0
-1
0
1
0
2
2
3
3
2
2
1
0
0
0
1
2
5
5
5
5
4
4
1
0
-1
-2
-1
0
-1
-1
-1
-1
-1
-1
-2
-3
-3
-4
-6
-4
-6
-5
-3
-4
-4
-5
-5
-4
-3
-3
-2
-2
-2
-3
-4
-5
-5
-4
-2
-2
-1
-1
0
-1
1
1
1
2
2
3
3
4
4
5
6
6
6
5
6
5
5
3
4
4
5
5
4
4
3
3
1
1
2
0
-1
0
0
0
0
-1
0
0
0
0
0
-1
-1
0
0
0
0
1
0
0
0
-1
-2
-1
0
0
1
2
1
1
0
0
-2
-5
-5
-5
-6
-4
-4
-4
-5
-6
-6
-6
-5
-4
-5
-5
-4
-4
-3
-3
-3
-4
-3
-1
-1
1
2
2
1
2
2
2
2
4
4
2
3
3
2
1
2
1
0
0
0
-1
0
0
-1
1
-1
0
0
-1
0
1
1
1
1
1
1
2
1
2
2
4
5
5
5
4
4
3
2
1
1
1
3
2
2
2
1
1
0
-2
-2
-3
-4
-4
-4
-4
-5
-6
-5
-6
-6
-5
-4
-4
-4
-3
-2
-2
-1
0
-1
0
1
1
3
2
1
2
2
2
2
2
2
3
3
2
1
1
-1
-1
0
-1
-1
-1
1
0
0
-1
-2
-2
-1
-1
-1
-1
0
0
1
2
3
1
0
0
0
-1
1
1
1
1
2
1
2
1
1
2
2
1
0
0
-1
1
0
0
0
1
2
2
3
1
1
1
0
-1
-2
-2
-3
-3
-4
-4
-4
-4
-4
-3
-2
-1
-2
-2
-1
-1
0
-1
0
-1
-1
-1
-1
-1
0
0
0
0
0
-1
0
0
0
1
2
1
2
1
2
1
2
1
0
-1
1
0
0
0
0
-1
0
0
0
1
1
1
1
1
1
1
1
3
2
3
3
2
3
3
2
1
2
0
1
0
-1
0
0
-1
-1
-1
0
-1
-1
-3
-2
-4
-2
-3
-2
-2
-3
-3
-3
-3
-2
-1
-1
0
0
0
0
0
0
0
1
0
-1
0
0
0
0
1
1
0
2
2
1
2
1
1
0
0
-1
-1
0
0
0
0
0
0
0
0
0
-2
-1
-2
-1
-1
0
0
-1
-2
-1
-1
0
0
0
1
0
1
-1
0
0
-1
0
0
0
1
0
0
0
0
0
0
0
1
0
1
0
0
0
-1
-1
0
0
0
0
1
0
-1
0
0
0
0
1
1
0
1
1
1
1
2
1
1
1
0
1
0
1
1
0
1
0
0
2
-4
3
-3
1
-1
0
0
-1
-1
-2
-2
-2
-3
-3
-1
0
-1
0
-1
0
-2
-1
0
-1
0
0
0
0
0
0
0
0
0
0
0
0
0
0
0
0
0
-1
0
0
1
0
0
-1
1
-1
-1
-1
-1
-1
-1
0
0
0
0
-1
1
0
0
-1
0
0
0
2
1
0
1
1
2
2
2
2
2
3
1
2
1
1
0
0
0
0
0
1
0
0
0
0
0
1
0
-1
-2
-1
-1
-1
-1
-1
-1
0
-1
0
0
-1
2
0
-1
1
-1
1
1
-1
1
1
0
3
-3
4
-2
2
-1
-1
0
1
0
1
-1
-1
-1
-1
-2
-1
-1
-1
-2
-1
-1
-1
0
0
0
0
0
-1
0
-1
-1
0
-1
1
0
-1
0
1
0
0
-1
0
0
0
0
0
0
1
0
1
-1
-1
-1
-1
0
1
0
1
0
0
0
2
1
1
0
0
0
-1
0
0
1
1
1
1
1
1
1
-1
0
0
0
0
0
0
0
0
0
0
0
-1
0
-1
-1
1
0
0
1
0
0
1
0
0
1
0
0
0
1
0
1
0
0
1
-1
0
2
-1
1
-1
-1
3
-4
4
-3
2
-1
1
1
-1
-1
-1
-2
-2
-2
-2
-2
-2
-3
-1
-3
-2
-3
-1
-1
-1
-1
-1
0
1
0
0
1
1
1
0
1
1
1
1
1
1
1
1
0
0
0
0
0
-1
0
0
0
0
1
2
1
1
1
1
1
1
1
1
0
-1
0
-1
1
0
0
0
0
-1
0
-1
0
0
0
-1
-2
0
-1
-1
0
1
0
-1
0
1
1
0
-1
0
0
0
0
0
0
0
0
-1
0
0
-1
-1
0
-1
0
0
-1
0
0
0
0
0
1
1
0
0
0
-1
-1
0
1
1
2
1
1
1
1
1
1
2
1
1
-1
0
0
1
0
0
0
0
0
1
0
0
-1
-1
-1
-1
-1
-1
-1
-1
0
1
0
0
0
0
0
0
0
0
1
0
0
0
0
0
0
-1
0
0
0
0
1
0
0
1
0
0
0
1
-2
-1
-2
-1
-2
-2
-1
-2
-2
-2
-1
-1
0
1
0
0
0
0
0
0
1
1
2
1
3
3
3
3
2
2
1
2
1
1
1
0
0
0
0
0
0
0
1
0
1
0
-1
0
0
-1
0
0
0
-1
0
0
0
-1
0
-1
1
-1
1
0
0
0
0
0
1
0
1
0
0
0
0
0
0
0
0
0
0
0
1
-1
-1
-2
-1
-1
-1
-1
-1
0
0
0
0
0
-1
0
0
1
0
0
0
1
1
1
1
1
1
1
1
0
0
1
0
0
0
0
1
0
0
0
0
-1
-2
-1
-1
-2
-1
0
0
0
0
0
0
0
0
0
0
1
1
