SAMPLES:	19066
BITSPERSAMPLE:	16
CHANNELS:	1
SAMPLERATE:	16000
NORMALIZED:	FALSE
0
-1
0
0
0
0
0
0
1
0
0
0
0
0
1
0
0
0
0
0
0
0
-1
1
-1
0
-1
0
0
0
0
-1
0
0
0
0
0
0
0
1
-1
1
0
0
1
-1
0
1
-1
1
0
-1
3
-3
3
-3
1
-1
0
0
1
0
0
0
0
-1
0
-1
0
1
0
0
1
0
0
0
0
0
0
0
0
0
0
1
-1
0
-1
0
0
-1
0
0
0
0
-1
0
0
0
0
0
1
0
0
0
0
0
0
0
-1
0
0
0
0
0
0
-1
0
0
0
0
0
0
-1
0
-2
-1
-1
-1
0
1
0
0
0
0
0
0
0
0
0
0
0
0
1
0
0
0
0
1
0
-1
0
1
0
0
0
0
0
0
0
0
-2
1
0
0
2
0
-1
1
-1
0
0
-1
2
-4
3
-3
2
-1
0
0
0
0
0
1
0
0
0
0
1
0
0
0
1
1
0
0
0
0
0
0
1
0
1
0
0
0
1
0
0
0
-1
1
1
0
-1
0
0
0
0
0
0
-1
-1
-1
-1
-1
1
0
1
0
0
0
0
0
-1
0
1
0
0
-1
0
-1
0
0
-1
0
0
0
0
0
0
0
0
0
0
0
0
0
0
0
0
0
0
0
0
0
0
0
0
0
0
0
0
0
0
0
0
0
-1
1
-1
0
0
0
1
-1
-1
1
-1
1
0
-1
3
-3
3
-3
2
-1
0
0
0
0
0
0
0
0
0
0
0
1
-1
0
0
0
0
0
0
0
1
0
0
0
0
0
-1
0
0
0
0
0
0
0
0
0
0
-1
-1
-1
-1
0
-1
0
0
0
0
0
0
-1
-1
0
-1
0
0
0
-1
0
0
0
0
0
0
0
1
0
0
0
0
0
0
0
0
0
0
1
1
0
0
0
0
0
0
0
0
0
0
0
1
0
0
0
0
0
1
1
0
0
0
0
0
0
-1
0
0
0
1
-1
1
1
-1
2
0
-1
3
-2
3
-3
3
-1
1
1
0
0
0
0
0
0
0
0
0
0
1
0
1
1
-1
0
0
0
0
0
0
0
0
0
0
0
1
0
0
1
0
0
0
1
0
0
0
-1
0
0
0
0
0
0
0
0
0
0
1
0
0
0
-1
-1
0
0
0
0
0
0
0
0
0
0
-1
1
2
1
1
1
1
1
1
0
-1
0
1
0
0
0
0
-1
0
-1
-1
0
0
0
0
1
0
0
0
0
0
0
0
0
0
1
-2
0
-2
-1
0
-1
0
1
-1
1
0
-1
2
-3
3
-3
2
0
0
1
0
1
0
0
0
0
0
0
0
0
0
-2
1
0
1
0
0
1
0
0
0
0
-1
0
-2
-1
-1
-1
-1
-1
0
-1
-1
-2
-1
0
0
0
1
0
0
1
-1
-1
0
0
0
0
0
0
0
0
1
1
1
0
1
1
1
1
0
0
0
0
1
0
-1
-1
0
0
0
-1
0
0
0
0
0
-1
0
0
0
0
-1
0
0
0
0
0
0
0
0
0
0
0
0
0
0
-1
0
1
-1
0
0
0
1
-1
0
2
-1
0
0
-1
3
-3
3
-3
2
-1
0
0
0
0
0
0
0
0
0
0
0
-1
0
0
0
0
0
0
0
0
0
0
0
0
0
1
0
0
0
0
0
0
0
1
0
0
0
1
1
0
0
0
-1
1
1
0
1
1
1
0
0
0
1
0
0
0
1
0
0
0
0
0
-1
0
0
0
0
0
0
0
0
0
0
-1
-1
-1
0
0
0
0
-1
0
0
0
0
0
0
0
0
0
1
0
1
0
0
0
0
0
0
1
-1
1
0
-1
0
0
1
-1
0
1
-1
0
0
-1
3
-4
3
-4
2
-1
0
0
0
-1
0
0
0
0
0
0
-1
0
0
0
0
0
0
0
0
-1
-1
0
0
0
0
0
2
1
1
0
0
0
-1
0
0
0
1
1
1
0
0
0
1
0
1
0
0
1
-1
1
0
0
0
-1
-1
0
0
-1
-2
-1
-2
-1
-1
-1
-2
0
0
0
0
1
0
0
0
0
0
0
1
0
1
0
0
0
0
0
0
1
0
0
0
1
2
0
0
0
0
0
0
0
0
-1
1
1
-1
0
0
-1
0
-1
0
0
-2
-1
0
-1
3
-4
3
-3
2
0
0
-1
0
0
0
0
0
0
-1
-1
0
0
-1
1
0
1
0
0
0
0
0
0
1
0
0
0
-1
0
0
0
0
0
1
-1
0
0
0
0
0
0
0
0
0
1
0
0
0
0
0
0
-1
0
0
-1
0
0
-1
0
0
0
0
0
0
0
0
1
0
0
-1
1
0
0
-1
-1
0
0
-1
0
-2
0
0
0
-1
1
0
0
0
1
-1
0
0
0
0
0
0
0
0
0
0
0
-1
1
-1
0
0
0
1
-1
0
1
-1
2
-1
-1
3
-4
4
-3
2
-1
0
0
0
0
0
0
0
0
0
0
0
-1
0
0
0
0
0
0
0
-1
0
0
0
-1
0
0
-1
-1
0
0
0
0
0
1
1
-1
0
-1
0
0
0
0
0
0
0
0
1
0
0
0
0
-1
1
0
0
1
0
0
0
0
0
1
1
0
0
0
0
0
-1
0
-1
1
0
1
0
0
1
0
0
1
0
0
0
1
-1
-1
1
0
0
0
-1
0
0
1
0
0
0
0
0
0
-1
1
-1
0
-1
0
1
0
1
0
-1
1
0
-1
3
-3
3
-3
2
-2
1
0
0
1
0
0
0
0
1
-1
0
0
0
0
-1
1
0
0
-1
0
0
0
0
0
-1
0
-1
1
0
0
1
0
0
0
0
0
0
0
0
-1
0
0
0
1
0
1
0
0
1
1
0
1
1
1
1
0
0
0
-1
-1
0
0
0
-1
0
0
1
0
1
0
0
1
0
0
1
0
0
0
0
0
0
0
0
0
0
0
-1
1
0
0
0
0
0
0
0
0
0
0
-1
0
-1
1
-1
0
0
0
0
-1
0
1
0
1
0
-1
3
-3
3
-3
2
-1
-1
1
1
-1
0
0
0
0
0
0
0
0
0
0
0
0
0
-1
0
0
0
0
0
0
0
0
-1
0
0
0
0
-1
0
-1
0
0
0
0
0
-1
0
0
-1
0
0
0
1
0
0
0
0
0
0
1
0
0
0
0
0
1
0
0
0
2
3
2
3
3
3
3
2
2
1
2
1
1
-1
-1
-3
-2
-3
-3
-4
-4
-2
-2
-1
0
0
0
0
0
1
1
1
1
1
1
1
0
0
-1
-1
-1
-1
0
-1
0
-1
-1
1
1
1
2
3
4
5
3
2
2
1
0
0
0
1
-1
-2
-1
-1
-2
-2
-2
-2
-2
-2
-2
-1
-1
0
0
1
0
0
0
0
0
-1
1
1
0
0
0
0
1
1
1
1
1
1
0
0
-1
-2
-2
-2
-3
-1
-2
-1
0
0
1
1
3
2
3
4
5
6
7
7
6
5
3
2
0
-3
-3
-4
-5
-5
-6
-5
-4
-3
-2
-1
0
0
2
4
4
6
7
7
5
6
3
1
-1
-4
-6
-7
-9
-9
-9
-8
-7
-4
-2
-2
1
1
4
6
8
8
8
8
7
6
5
4
1
-1
-2
-2
-2
-1
0
0
1
1
1
2
1
1
1
1
0
0
-1
-1
-1
-2
-1
-2
-2
-2
-1
2
5
6
6
4
3
1
3
5
6
3
-6
-21
-33
-40
-39
-27
-7
15
32
37
27
6
-17
-30
-29
-11
25
77
136
188
211
193
135
48
-61
-188
-313
-390
-385
-288
-121
72
245
378
501
614
664
613
470
278
101
-57
-188
-261
-307
-334
-340
-315
-254
-198
-162
-224
-380
-471
-607
-848
-1056
-1370
-1781
-2028
-1827
-954
155
1159
2335
3511
4499
5198
4927
3829
2479
589
-1296
-2499
-3685
-4523
-4384
-4180
-3730
-2394
-1068
127
1397
2262
3014
3591
3651
3658
3438
2785
2076
1191
244
-503
-1287
-2060
-2641
-3077
-3259
-2782
-1657
-545
593
2047
3059
3357
3515
3388
2471
1036
-309
-1832
-3520
-4390
-4536
-4187
-2980
-1659
-346
1243
2314
3091
3590
3218
2669
1710
195
-722
-1688
-2968
-3265
-3177
-3445
-3185
-2427
-2003
-1629
-822
-278
-221
252
986
1309
1613
2023
2180
2313
2566
2493
1890
1014
107
-636
-1112
-1473
-1749
-1691
-1185
-369
526
1236
1677
2008
2390
2803
3121
3254
3196
3007
2772
2533
2225
1847
1401
790
-1
-709
-1004
-932
-645
-174
238
469
388
-296
-1238
-2507
-4636
-6904
-8303
-8793
-9048
-9050
-8649
-9465
-10624
-8669
-3602
3082
8826
11560
14324
17271
17541
16183
13057
8235
2460
-4595
-8935
-10657
-13618
-14225
-12499
-11881
-9059
-3613
1073
4451
7153
9793
11491
11738
11768
10696
7949
4656
1021
-1929
-4448
-7262
-8618
-8456
-8913
-8785
-6315
-3461
-232
2442
4312
7199
7887
7501
8067
6496
3603
657
-2333
-5244
-7060
-7339
-7767
-6242
-3583
-1930
1049
3841
5600
7110
7335
6732
5363
2940
570
-1352
-3433
-4741
-5019
-5611
-6155
-5509
-4685
-4423
-2851
-385
519
777
1987
3216
3861
4216
4038
3725
3641
2540
182
-1829
-3684
-5972
-7376
-7842
-8243
-7819
-6520
-4773
-1916
1410
4020
6184
7767
7979
7585
6688
5716
5860
5875
5250
3810
1617
-132
-1474
-3068
-3879
-4402
-3768
-1185
-708
2249
5533
4893
7153
8724
8374
7543
6059
5241
3210
933
-1036
-3057
-6261
-8983
-10750
-13179
-14623
-15139
-14038
-11401
-8584
-5830
-4047
-4239
-5367
-3909
1995
8542
11197
12575
14673
14548
13276
12251
8700
3092
-2789
-8547
-11503
-12180
-12862
-11694
-9272
-7548
-4303
524
4169
6909
9465
10641
10684
10545
9506
7505
5150
1884
-1316
-3107
-4884
-6374
-5720
-4963
-5751
-5342
-3237
-853
1936
3964
5229
6639
6715
5595
5340
4072
809
-2375
-5485
-8347
-10334
-10043
-8761
-6756
-2739
592
3921
6805
8486
9372
8322
6997
4772
907
-2504
-4707
-7187
-9293
-9454
-9202
-8464
-6955
-5546
-3927
-1792
952
2713
3619
5454
6280
5509
4354
2689
1581
1223
-769
-3254
-5080
-6088
-5420
-5710
-3525
-1179
-1003
2161
3326
4312
7102
9128
11742
12459
10749
8644
6556
2275
-1586
-3882
-6790
-7727
-6902
-5123
-2158
693
2723
4742
6972
8554
9561
9980
9572
8552
7643
6858
5060
1464
-3010
-7738
-13403
-18780
-22185
-23866
-23950
-22220
-18985
-14812
-10581
-6848
-3975
-925
5814
15458
21365
22468
22814
21623
17933
13579
7886
861
-6325
-13312
-17361
-18049
-17935
-15956
-12142
-8605
-4340
1081
6382
10813
13729
15513
16229
15205
13165
10552
6820
2179
-2488
-6316
-9231
-11386
-11780
-10261
-8605
-7005
-3923
591
4808
7425
9024
10094
9219
7181
6146
4082
-505
-4677
-7400
-10168
-12130
-11943
-10585
-8224
-3985
457
3892
7129
9464
10412
10330
8846
6615
3660
-408
-3675
-5894
-8352
-10165
-11100
-11367
-10232
-8881
-7650
-4656
-987
1373
3375
5363
6633
7391
7617
7231
6367
5223
4033
2158
-264
-2335
-4440
-6267
-6936
-6308
-3340
1301
4604
6646
8851
10167
10200
9866
8797
6689
4249
1996
762
570
-73
-943
-1128
-1345
-981
254
903
1796
3416
4327
4756
4616
2917
-287
-4646
-9390
-14222
-18535
-20581
-20832
-20371
-18824
-16495
-13946
-11061
-5410
4716
14308
19710
23436
25098
23583
21104
17253
11059
3746
-4641
-12500
-17070
-19436
-20159
-17825
-14280
-10815
-5481
1101
6477
10653
14084
15952
15925
14636
12553
9794
6424
2399
-1605
-4596
-7143
-9371
-9840
-9287
-8890
-7267
-4460
-1377
2221
5032
6874
8685
8826
7653
6757
4342
203
-3597
-6991
-10017
-11512
-10961
-9041
-6629
-3807
-313
3239
5667
7344
8975
8732
6530
4847
2597
-1285
-4101
-5700
-8064
-10312
-11029
-10623
-9883
-8898
-7137
-4205
-441
3184
6095
8436
10087
10964
11571
11955
11524
9880
6996
3174
-993
-4832
-7803
-9622
-10216
-9594
-7698
-4553
-407
4255
8847
12760
15519
16834
16545
14674
11355
7003
2246
-2253
-5875
-8226
-9077
-8516
-7222
-5821
-4398
-2964
-1834
-1481
-2006
-3391
-5601
-7920
-9714
-11031
-12144
-13183
-13804
-14571
-15524
-12122
-2400
6818
12018
16887
20966
22312
22482
20564
16187
10854
3167
-4515
-8500
-12637
-17440
-18304
-17739
-17564
-13664
-7066
-1089
4770
9971
13959
17292
18626
18099
16821
13215
7315
2150
-1927
-6758
-10555
-11645
-13070
-14296
-12035
-8780
-5224
58
3228
5548
10053
10466
8115
9614
7572
390
-2186
-3887
-9348
-11880
-11289
-10593
-8535
-5732
-2174
1466
3345
5684
8256
8559
8376
7335
4056
1386
-1195
-5159
-7394
-8307
-9989
-10287
-8698
-7020
-5178
-2039
1708
3720
5366
8705
10636
10538
10751
9869
8042
6746
4165
696
-1817
-4346
-6244
-6337
-6080
-5128
-2779
-334
2645
6420
9329
11038
11620
10818
9252
7218
4692
2041
-275
-2121
-3417
-3610
-3384
-3853
-4382
-4881
-6222
-8130
-9567
-10440
-12009
-13202
-12560
-12400
-12454
-10914
-10318
-11459
-10230
-2521
8062
13888
17857
22671
22828
21120
19983
14832
8543
2468
-5552
-10551
-12772
-16162
-16791
-15177
-15228
-12673
-6602
-1475
3644
9240
13173
15822
17800
18500
16535
13027
8769
2218
-2266
-4914
-10346
-12303
-11944
-14415
-13335
-10192
-6288
152
2228
4923
10106
8278
7460
9811
5488
397
-1656
-5275
-9371
-11865
-11995
-10750
-8408
-4516
-785
3370
6548
7501
9445
9892
7544
5384
1077
-3787
-6138
-8973
-11131
-10736
-9661
-7764
-4700
-1326
1194
3856
8238
10925
11415
12899
12860
10993
10178
8118
4671
2620
389
-2992
-5117
-5705
-6105
-5140
-2401
127
2712
5740
7904
9746
10776
9760
8103
5785
2417
-299
-2486
-4571
-5393
-5493
-5913
-6107
-6113
-6721
-8319
-10537
-12415
-13898
-14370
-13169
-12777
-12803
-10510
-9301
-10690
-9513
-2276
8378
15235
18390
22521
23424
21345
20627
16548
9634
3061
-5303
-11013
-13138
-16645
-18018
-15969
-14382
-11235
-4956
1991
7836
11929
15372
18429
19062
17872
16143
11822
5763
990
-4437
-10558
-13089
-13880
-16309
-16506
-13020
-10181
-6946
-458
4655
6390
9253
11698
10436
9014
7570
2621
-2826
-6375
-10855
-14373
-14249
-13693
-12011
-7214
-2856
1379
6326
9161
11420
12593
10991
9222
4881
-1581
-4768
-7512
-10423
-10140
-9573
-8963
-6363
-3521
-504
3469
7812
10893
11620
12261
13316
12723
11261
9318
6264
3498
898
-2310
-4308
-5063
-5805
-5255
-3631
-2049
876
4235
6278
8590
10401
9811
8911
8023
5528
3038
1278
-769
-2694
-4641
-6935
-9388
-12132
-14528
-16550
-18598
-19540
-18956
-17479
-15339
-12609
-9484
-7551
-7746
-6065
2965
14684
19289
20834
24496
23408
19865
18750
13426
4957
-2721
-10965
-14984
-15679
-17915
-16875
-13720
-12915
-8569
-257
5818
10362
14516
17382
19324
19301
18073
16190
11913
6344
-185
-5928
-9041
-13702
-16442
-14287
-15094
-14952
-8917
-3994
-229
3395
6228
10094
10784
9430
9744
6683
1259
-2652
-7191
-12038
-15203
-15918
-14959
-12951
-8504
-3488
529
5055
8833
10602
10736
9993
8435
4197
-240
-2481
-5714
-8229
-7529
-7070
-6672
-4598
-2433
-298
2959
6903
9068
9281
10499
11707
11229
10857
9412
6294
4615
3283
464
-1443
-2613
-4102
-3885
-2421
-1271
575
2534
3660
5038
6337
6590
5871
4197
2019
144
-1070
-1944
-3054
-4638
-7042
-9737
-11329
-12605
-14931
-17106
-17728
-17231
-16051
-13833
-11247
-9708
-9879
-8590
492
12904
17835
19949
24239
24200
21939
20343
15614
9165
266
-9378
-13198
-15997
-19912
-18820
-16651
-16087
-10894
-2158
4066
9412
15042
16607
18199
21766
18220
13099
13059
6653
-2797
-4693
-7532
-13563
-15396
-15228
-15611
-15124
-12350
-6052
-407
2024
6027
10340
10463
10370
11355
8527
2831
-1652
-5481
-10254
-13678
-14473
-14834
-13283
-9286
-5939
-1572
3267
5759
8061
9060
8173
7446
4518
1349
-42
-3233
-5173
-4021
-4210
-4033
-1776
-710
153
3959
8074
8497
7854
9322
10052
8789
7635
6279
4283
2934
2224
1108
-595
-2196
-3146
-3336
-2762
-1550
-5
1300
2339
3854
5434
6211
6359
5526
3804
2244
368
-2397
-5215
-7756
-10936
-14420
-16299
-18015
-20440
-20086
-18150
-16893
-13805
-9739
-7636
-8125
-5752
5596
16182
18936
22822
25734
22907
21765
19752
12508
5782
-1903
-10433
-13761
-16819
-20356
-17968
-15549
-15035
-9841
-1308
5874
8636
12832
20419
18860
16096
20563
16373
8957
6753
688
-4029
-7573
-13032
-12137
-13149
-17753
-14640
-10875
-8564
-3360
-311
2520
6953
7571
8095
11132
8509
3937
2088
-1897
-6911
-11061
-11897
-11371
-11256
-7624
-4270
-1401
2395
4621
6577
7002
7008
5714
2428
1573
-38
-2872
-3435
-3395
-3827
-2804
-329
650
1924
5651
8162
7735
7944
9311
9351
8757
7860
6199
5009
4483
3066
832
-1049
-2677
-3926
-4170
-3787
-3327
-2564
-1460
285
2844
5081
6348
6706
5976
4890
4036
2452
-298
-3123
-6138
-10533
-14395
-16726
-19766
-21301
-19641
-18371
-16695
-12852
-10016
-9120
-5738
4253
14715
18673
22110
25485
23376
21326
19466
13323
7502
1013
-7656
-12159
-14728
-18670
-18514
-15932
-15367
-10909
-2437
2402
7496
14038
14241
14790
18970
16098
11452
10668
5181
-1176
-2870
-5836
-9190
-9948
-10895
-12113
-12018
-10109
-6464
-3138
-1199
1590
5278
6243
5784
7229
6494
2277
223
-1190
-5870
-9315
-9673
-10039
-8998
-6165
-4072
-1977
602
2958
4842
5386
5426
4620
1774
-54
-453
-2174
-3303
-2554
-2202
-1723
612
2646
3184
5473
8301
7816
7403
8497
7599
6463
6205
4648
3702
4065
3177
1325
-301
-1926
-2927
-2853
-2848
-2760
-1677
-936
-216
1905
3183
3366
4218
4137
3280
2997
1949
-23
-2678
-6407
-10544
-14377
-17236
-19401
-20471
-19424
-18121
-16383
-12582
-9400
-8266
-5405
3377
14168
19070
21325
24648
23687
20469
18782
14220
7287
515
-6823
-11848
-15149
-18557
-17641
-15211
-14322
-9167
-2868
2937
11280
13568
13619
19302
18771
13820
13317
10215
3931
-1683
-4988
-6158
-10902
-13856
-11481
-12541
-13157
-9361
-6485
-2981
446
2170
5013
6017
4942
5886
5662
2168
-565
-2495
-5950
-8829
-9636
-9589
-8245
-5660
-3221
-1082
738
2589
4165
4560
5096
4931
2690
1930
2199
83
-1406
-863
-616
62
1783
3406
4343
5664
7727
7671
6446
7317
7520
6162
5799
5223
4332
4299
3439
1646
362
-983
-2607
-3193
-3223
-3873
-3699
-2734
-2145
-236
2305
3590
5222
6414
5489
4217
2546
-817
-5311
-10313
-15154
-18999
-21305
-21797
-21042
-19843
-17765
-14121
-10717
-8213
-1339
10899
19224
21085
23778
26049
23916
21644
18502
11407
3639
-4029
-10186
-13459
-17159
-18828
-17005
-15742
-13141
-6932
1032
6697
8911
13561
17741
16516
16697
16430
11243
6581
1815
-3027
-5378
-9329
-12007
-10522
-11579
-13265
-10423
-6891
-3961
-1155
194
2604
4835
4280
4915
5304
2050
-434
-1616
-4275
-6701
-7631
-7617
-7191
-5871
-3605
-2300
-1362
499
2329
3797
4423
4330
3696
2175
1652
1321
-414
-673
-311
-1007
155
1942
2137
3249
5373
6218
6214
6733
7425
7510
7495
7364
6382
5323
4462
2505
-399
-2705
-4037
-5287
-6283
-6127
-5327
-4718
-3306
-523
2018
3495
4753
5713
5076
3614
2178
-55
-3230
-6762
-10480
-15133
-18674
-20155
-20856
-18721
-13476
-8616
-6944
-5767
-1762
5261
13760
17390
17915
19963
19155
17857
16841
12063
6926
849
-6103
-9788
-12177
-13645
-12900
-12055
-11909
-7980
-1158
2706
6927
11255
11803
11395
13324
13175
9710
8946
4585
-1315
-3099
-6919
-8790
-8062
-9144
-10457
-9997
-7826
-5360
-2676
-1242
-24
2229
2375
2356
3340
1422
-627
-978
-2358
-4839
-6337
-5867
-6439
-5700
-2218
-966
154
2368
3620
4872
5750
6419
5973
3677
2119
1580
-100
-1677
-941
-738
-775
396
1408
3406
5596
7636
8159
7815
9450
10017
9074
8062
6209
3971
2112
-265
-2687
-4250
-6687
-8157
-7535
-7287
-6506
-4605
-3328
-2252
-600
1097
2190
2141
1818
1356
158
-808
-1682
-3523
-5793
-7435
-8257
-8701
-8814
-8415
-7934
-7438
-6351
-4465
-2031
-347
-98
151
2110
5937
9742
12513
13857
13047
11704
11032
9330
6599
3590
-182
-3695
-6435
-6355
-5480
-6397
-5773
-5534
-4853
-1400
800
1434
4109
4146
2129
5179
4445
2021
2485
-564
-2502
-3383
-3726
-2955
-4106
-4837
-5408
-7336
-7846
-6710
-6778
-7370
-7332
-6380
-4864
-3465
-1565
392
2081
3388
4265
5338
6372
6919
7245
7451
7366
7092
6708
6311
5929
5487
4984
4394
3742
3036
2461
2239
2314
2667
3335
4061
4576
4742
4590
4310
3965
3681
3543
3599
4015
4753
5560
5587
4548
3148
191
-5596
-12448
-19009
-24690
-27834
-28314
-26542
-22676
-19421
-18354
-18813
-19121
-11288
5159
15126
18264
25115
28775
26966
27101
23580
15127
7612
-1317
-8852
-12278
-17150
-19550
-17209
-18070
-17561
-9824
-2793
2064
7725
11620
14801
17861
18663
17651
15551
12610
7574
2772
725
-3872
-8211
-8247
-11713
-14632
-10899
-8600
-8175
-5176
-1440
248
9
3437
6990
3250
1797
4854
1549
-3626
-4148
-6136
-9966
-9362
-6265
-5411
-4589
-3198
-2600
-120
2385
3412
6154
6447
3371
3063
2251
-750
-287
1024
-177
48
1411
577
1078
4989
5966
4217
6344
9411
10370
12514
13635
12344
12421
12479
9691
5322
278
-4762
-8170
-10097
-11491
-11516
-9840
-7135
-2825
1900
4646
5707
4863
2097
-534
-3999
-9305
-13371
-15673
-17920
-19122
-20175
-23387
-25355
-20099
-8349
1904
7547
14162
20977
23448
25292
25931
20912
14283
7849
655
-4497
-8871
-13253
-15159
-16312
-16675
-13103
-7243
-2695
1002
5972
11007
14517
17198
18248
17103
14480
10154
6090
2936
-2004
-6339
-7809
-10637
-14062
-13207
-10107
-7668
-4843
-2346
-321
2250
3632
4752
6127
3766
1440
2142
-1753
-7112
-7306
-8947
-10905
-8007
-6305
-6133
-3570
-1149
1070
4449
7154
7985
7644
7271
6082
3822
2464
1460
-489
-1641
-1388
-1784
-2870
-2109
103
1090
2017
4973
8463
11144
13423
14735
14681
14289
13473
11064
7002
2009
-2808
-6437
-8893
-10482
-11110
-10420
-8594
-6082
-3103
-882
71
-9
-1557
-3225
-5069
-8264
-10236
-11378
-13710
-15196
-16141
-17466
-18582
-16791
-7476
2745
7344
13688
20322
21410
22519
22758
18102
12694
7076
267
-4989
-8816
-12760
-15231
-14862
-13715
-11724
-6474
-917
2250
6095
11032
14603
16955
18323
17862
14713
10113
5560
938
-3395
-7795
-10304
-10560
-12427
-14007
-11307
-8234
-6111
-3536
-907
3439
4063
4950
8109
5900
4681
1002
-3718
-3367
-9089
-13770
-8526
-8324
-11572
-6294
-3151
-3304
493
4201
7282
7898
7594
8412
7054
6120
5251
2791
2265
1104
-1338
-974
-1264
-2328
58
2480
2426
3844
7595
10033
11409
13250
13639
13114
13094
10843
6108
2078
-1589
-5515
-7860
-9064
-9576
-8490
-7237
-5749
-3118
-1486
-1374
-2724
-5821
-8879
-11980
-14893
-15760
-15763
-16035
-16555
-17951
-19725
-18634
-9727
2796
9237
13179
19521
22703
23318
24057
20348
13389
7118
475
-4579
-7724
-11667
-13727
-14246
-15344
-12601
-6670
-2115
1862
5831
9955
14198
17059
18579
18087
15476
11769
6878
2764
-817
-5631
-8523
-9995
-13001
-13949
-11872
-9432
-6334
-4318
-2560
1970
4029
3932
7005
6659
3208
3382
826
-4792
-7259
-9509
-11802
-11324
-8696
-7028
-7352
-3951
901
1680
4605
8836
8704
7431
6415
6052
5190
1824
969
1238
-1796
-2661
-990
-707
935
4041
5398
6293
9008
12351
14479
15325
14721
13294
12393
10225
5360
394
-3889
-8353
-10526
-10494
-10730
-9402
-6719
-4646
-1705
876
1662
1083
-2335
-6327
-9153
-12869
-15277
-15467
-16277
-18092
-20358
-22497
-21620
-12834
-298
5330
9083
16989
21218
23348
26056
22422
15807
10302
3507
-1193
-4698
-10134
-12939
-14495
-16986
-13951
-7333
-3452
306
4833
8897
13102
16148
18258
18249
15373
12343
8039
3796
846
-4495
-7934
-9012
-12909
-13893
-11699
-10501
-7037
-4208
-2788
783
2431
3277
6055
5623
2866
2252
1163
-3071
-7113
-9043
-10692
-10248
-8090
-6905
-4755
-2980
-319
4881
6356
8220
10506
5642
4979
7212
2014
1274
1775
-3200
-2306
-1103
-3195
-920
826
2005
4721
5684
8410
12065
13795
15473
15437
14724
14991
12570
7745
3174
-1638
-6281
-9607
-11567
-11814
-10791
-9642
-7709
-5029
-3416
-2498
-1947
-3724
-7151
-9288
-10589
-12485
-13317
-13229
-14720
-17174
-19593
-20091
-12956
-1344
4564
7923
14302
18411
20571
22618
19416
13551
8576
1843
-3281
-5756
-9561
-11736
-11962
-13635
-12007
-5276
258
3163
6065
9811
13768
16219
17262
17010
14501
11107
7118
3243
452
-4055
-7957
-9091
-11951
-13563
-11165
-9291
-7178
-4710
-2985
333
2319
2852
5200
4717
1941
2104
699
-3983
-7079
-9468
-11299
-10238
-9011
-8121
-5787
-4024
-1940
2081
5336
7365
8535
7200
5769
6179
5569
3467
1480
-25
-809
-1447
-2683
-1905
871
1839
2410
5375
8853
10150
12798
16256
15761
15305
15936
14405
9945
5079
1224
-3451
-7128
-9609
-11129
-10559
-9182
-7391
-4489
-1853
-1355
-1731
-3295
-6862
-10220
-12850
-15387
-17046
-17395
-17250
-18135
-20370
-21295
-16533
-5176
4561
8568
14478
20948
22617
23921
22948
16607
10403
3996
-2996
-6772
-10389
-14264
-14955
-15178
-14857
-10229
-4067
397
4677
9455
14027
17072
19242
20596
18494
14677
10767
6107
1811
-2699
-7225
-9431
-11745
-14458
-12732
-10330
-8609
-4734
-2965
-289
3120
2835
5208
6748
3874
3049
1706
-1942
-5345
-8516
-10618
-10828
-9881
-8872
-7386
-5421
-3565
-606
3285
5697
6864
6839
5625
5435
4918
3433
3113
2473
456
-168
-390
-1512
-453
2455
3728
3873
7158
10183
10893
13421
14988
14872
14479
13339
10631
5700
1045
-2760
-6464
-9717
-11006
-10769
-10113
-7830
-4914
-2990
-1515
326
172
-3133
-6463
-9602
-13032
-15005
-16314
-17277
-17746
-19816
-22399
-21779
-14327
-2454
4370
8333
16279
21370
22353
24783
23000
16072
10617
4873
-974
-4493
-9108
-12293
-12548
-14503
-13290
-7033
-2761
678
5066
8913
12941
15690
17326
17539
14972
11849
7600
3597
1199
-3722
-7293
-7890
-11446
-13370
-10806
-8577
-6474
-4614
-2675
458
1875
2482
4102
3971
2160
1027
-260
-3611
-7460
-9095
-9827
-10538
-9340
-7252
-6118
-4482
-1443
1716
4586
7160
8177
7406
6582
6270
5071
3123
2056
1148
-521
-1562
-2008
-2056
-311
2174
3664
5715
9586
12201
13231
16495
17580
14287
15356
16065
8315
2928
1790
-4388
-10128
-10047
-9820
-11227
-10647
-7242
-4452
-3663
-2652
-2259
-4243
-7037
-9470
-11722
-13502
-14350
-14678
-15944
-17959
-19516
-20175
-15171
-3309
4787
7763
14536
20736
21979
23405
22153
16314
11030
5025
-1568
-5307
-9220
-12774
-13007
-13676
-13170
-7806
-2402
1274
5019
8943
13710
17092
18421
18546
15910
12664
8800
3660
326
-4046
-8245
-9019
-12146
-14786
-13052
-11770
-8771
-4795
-3093
445
3199
3122
4543
4812
2729
1722
132
-3555
-7023
-9177
-10813
-11237
-9579
-7472
-5642
-3977
-2079
1734
5470
6972
7818
7436
6396
6394
5360
3632
2518
862
-116
-274
-895
-1040
-108
1995
3827
5187
8466
11338
12536
15028
16513
15683
15748
15245
10640
4451
1102
-2870
-8716
-9555
-9087
-11499
-9611
-6479
-6456
-4682
-3222
-3350
-4074
-7608
-10395
-11949
-15016
-16237
-15244
-14952
-16758
-19825
-20435
-15837
-5076
4956
8415
13574
19977
21072
22911
22900
16325
10873
5680
-924
-4076
-7648
-11983
-12516
-13600
-14486
-9134
-2674
477
4467
9185
12713
16542
19511
19459
17387
14400
9875
4968
1213
-3644
-8009
-9015
-11554
-14581
-12837
-10319
-8314
-5422
-3637
-1171
1366
2119
3645
4157
2449
1522
248
-2579
-5588
-8119
-9657
-10142
-9398
-7631
-6103
-4573
-2332
299
3344
6261
7440
6757
6124
6075
5193
4016
3547
2406
796
456
40
-836
640
3251
3926
5021
8354
11005
12944
16015
17367
16092
15834
14945
10374
5563
1928
-2987
-7199
-9128
-11277
-11342
-8492
-8168
-6698
-2393
-3372
-3976
-1836
-6853
-10935
-10524
-15043
-16999
-14995
-16808
-17439
-18515
-22001
-17441
-5631
2601
6744
12955
18773
20392
22676
22712
16577
11630
6639
-527
-4121
-7306
-11463
-12720
-13904
-14203
-9767
-3294
1287
4077
8208
13430
16742
18733
19228
16896
13535
9525
5015
1591
-2719
-7393
-9395
-12124
-14824
-13008
-10730
-8557
-5019
-3835
-1380
2535
2596
3695
5208
2502
1148
336
-3876
-7270
-9358
-11530
-11850
-10599
-8990
-7069
-4774
-1993
1409
4921
7383
8306
7431
6214
6739
6381
3885
2843
2151
-3
-346
-36
-1673
-1064
2603
4207
4846
8224
11392
12622
14947
16973
16139
15321
14796
11263
6330
2515
-1367
-5245
-8030
-10045
-10967
-10350
-8654
-6130
-4129
-3893
-3534
-3639
-6914
-10165
-11671
-13850
-15290
-16022
-16343
-15908
-19853
-23641
-17446
-7114
1097
8234
13238
16899
20186
22949
23141
18360
13279
8134
252
-4704
-7488
-11003
-12266
-13902
-15075
-11159
-4867
521
4265
8522
13557
16027
18455
20908
18818
15079
11084
5798
2176
-1830
-6204
-8285
-11459
-14867
-13343
-10015
-8509
-5999
-4237
-1450
2319
2251
4277
5726
3338
3207
1413
-3182
-6746
-8744
-10790
-12771
-11134
-9672
-8411
-4940
-2383
1123
3584
4733
7569
7934
6528
7167
6521
3713
3063
2743
680
473
958
-1300
-1226
2806
3130
3046
7936
10846
11979
15413
16533
15676
16123
15047
11069
6579
3406
-425
-5518
-8480
-9740
-9990
-9063
-8403
-6259
-4754
-5365
-4123
-4791
-7991
-9876
-13472
-15525
-14466
-14965
-14999
-15827
-18754
-20880
-17710
-3948
6488
6372
12630
19727
19500
22617
22407
16114
11846
4761
-1528
-3449
-8503
-11658
-11051
-14330
-15134
-8870
-3336
647
5247
8761
12361
16641
19150
18975
16804
14085
10618
5948
2037
-2737
-6708
-8106
-11387
-14424
-13298
-10733
-9230
-6351
-3990
-1438
1737
1987
4946
5606
2298
2257
309
-4221
-7264
-9417
-12005
-12317
-10468
-8638
-6242
-4338
-1248
2274
4014
6620
8997
7285
4921
5534
5463
3492
2424
1718
-84
-558
281
-723
-358
3403
4672
4697
8762
12038
13064
15870
16434
14615
15484
14590
9612
5662
2005
-2431
-5379
-8151
-9822
-9166
-9255
-8356
-5348
-4223
-4103
-3933
-5540
-8454
-12162
-15270
-16719
-16894
-16147
-16510
-18028
-21097
-22689
-13764
-840
5296
9640
14131
18780
22842
21846
21213
17720
7010
2763
1047
-6513
-9495
-10424
-13757
-14143
-12533
-7500
-859
2280
5912
10605
14252
17765
19896
20178
17354
12118
8451
5472
811
-4934
-8346
-9552
-13486
-15549
-12398
-10312
-8094
-5129
-2749
1851
3190
2476
5856
4257
230
2120
-40
-6598
-9388
-11612
-13676
-12160
-9833
-7363
-4735
-2542
612
3839
6556
8186
9376
7465
5731
7369
4397
1539
1668
358
-1329
-1825
-1571
-2696
-292
3416
3400
6097
11605
13229
13972
17647
17984
16041
16717
14765
8727
3895
1
-4072
-6461
-8959
-11210
-11109
-10291
-7878
-4402
-3923
-4346
-4142
-6169
-8595
-10832
-14314
-16216
-16281
-17070
-17636
-17524
-20123
-20894
-10727
1718
5426
9600
17146
19390
21595
24038
19065
12905
8116
637
-3216
-6029
-13657
-12491
-10947
-16953
-12077
-4637
-1938
2922
6437
10335
16502
19613
20365
21215
17553
12621
9259
5533
297
-6092
-8810
-11068
-15401
-16205
-12759
-10365
-7557
-4912
-2238
3551
3324
2900
6455
4148
1881
2421
-1561
-7589
-9489
-12075
-14294
-11966
-10400
-8301
-4755
-2613
1052
5220
5965
7629
9717
7299
5884
6947
4768
1554
1349
484
-1558
-1145
-339
-1370
606
4436
3513
6198
12256
12618
14073
16275
15668
16079
16382
12839
6238
2686
-626
-5336
-6690
-9068
-10908
-10167
-9227
-6445
-5395
-5442
-5087
-6818
-9187
-11726
-13792
-14649
-14835
-14356
-14781
-16730
-18953
-20873
-15463
-2011
5220
7175
13169
16918
18018
22292
21002
14446
10159
2860
-2286
-3298
-8860
-11559
-10429
-15016
-14252
-7308
-4023
1708
5318
8967
13760
17065
22574
19854
17233
16660
9341
5237
3357
-2480
-8095
-9715
-13081
-15029
-12476
-11506
-7696
-4580
-3747
2029
3764
2411
6125
5252
1639
1969
-550
-5614
-9115
-12035
-14518
-14076
-10823
-8463
-6251
-3105
-177
3880
6875
8106
9877
7584
5153
6582
5021
3023
1402
106
-247
-2154
-1049
197
697
3783
4627
5715
10620
12990
14316
17141
15640
15021
17062
14311
7764
3509
842
-3673
-5451
-7009
-9561
-9367
-9356
-7400
-5067
-5668
-6539
-9066
-12276
-13854
-16065
-16735
-15681
-14062
-13209
-16885
-18871
-18317
-11531
2653
6859
8756
16541
17360
18391
22145
17075
10189
6018
-976
-5305
-7283
-11204
-11714
-11679
-14812
-12131
-3997
336
3420
7811
10242
14342
20277
21663
20258
18899
14438
8674
5795
1472
-4872
-7937
-9939
-13899
-16047
-12922
-9612
-7653
-5197
-1852
3552
4430
4748
7744
4927
2372
2220
-1994
-6047
-8768
-12618
-14501
-13738
-10888
-8537
-7158
-3630
517
4374
6813
10159
11300
6718
6338
7139
4042
2654
1560
-61
-403
-720
-1074
-762
804
2923
3805
7029
11568
12628
14868
16991
14913
15677
18264
14280
7316
2741
-1495
-5030
-5979
-6972
-8780
-8865
-8153
-6653
-3372
-2609
-5127
-7091
-9863
-13341
-14822
-16460
-17375
-15646
-15859
-17671
-18684
-20440
-15681
-2772
4867
8187
15192
18992
19829
23041
20890
13790
8687
1874
-4147
-6236
-10927
-14114
-13130
-15408
-15356
-8257
-1844
2117
6297
10379
14316
18549
21614
21226
19515
16607
9986
5553
2128
-3792
-6834
-8845
-11855
-14856
-15577
-10298
-5434
-7131
-3471
4631
3246
4175
7419
4135
3174
2316
-786
-4285
-8814
-12114
-13380
-13037
-11611
-8707
-7006
-5940
-1587
2154
4158
7466
9100
6615
5565
7271
5175
2991
2651
593
886
626
-638
130
531
2293
2778
4608
9383
10364
12564
14937
13185
14159
16835
15405
11014
5911
985
-2432
-4862
-6817
-7386
-7354
-8389
-7677
-4212
-3593
-4226
-4252
-8712
-13081
-13423
-15204
-16878
-16018
-15727
-15872
-17224
-20775
-20359
-10266
1632
5673
9149
15836
18692
21110
22598
17266
11552
6400
-492
-4367
-8789
-13591
-12591
-12797
-15914
-12713
-5868
-1331
3301
7852
11527
15983
19234
20574
20717
18176
12935
8009
4730
398
-5256
-8131
-10261
-14609
-15077
-11901
-8168
-6755
-5628
839
2940
1927
5557
6201
1957
3654
3336
-4750
-5624
-10005
-14380
-11533
-13445
-10825
-7245
-7857
-4137
1764
4320
6222
9351
9504
7250
5741
6173
4881
2865
1978
605
-893
-1603
-546
-369
1312
2425
2645
7967
11007
11975
15890
16265
15082
16749
17095
14419
8434
3736
1514
-3006
-5850
-7969
-8981
-8112
-8548
-5334
-3448
-4989
-4791
-7547
-11098
-12501
-15510
-17075
-16457
-16960
-16373
-15835
-18154
-20685
-16488
-3972
4653
7239
13282
18632
20250
22604
20926
14230
8638
3064
-2535
-6396
-10727
-13074
-13313
-15297
-14196
-8916
-4146
1364
5888
8480
13750
18925
20785
21246
19596
15624
10624
7392
4015
-3016
-7641
-8602
-12270
-15544
-12492
-9603
-8209
-4607
-2571
1721
4980
3792
6302
5785
2286
2604
3
-4208
-8229
-12625
-12478
-11333
-12580
-10410
-6194
-5607
-3427
1285
4249
6967
7810
6969
6044
4325
3910
4108
3120
1785
194
-1166
-645
47
753
3725
4053
4744
9670
11333
12826
15271
14151
13814
15979
15912
10264
5935
3956
-1804
-5230
-5907
-7184
-7878
-8909
-6725
-3676
-3549
-2659
-2276
-5424
-8703
-11131
-15250
-17516
-17211
-17718
-17624
-16420
-17698
-22480
-20848
-6996
3389
4615
10944
17948
18041
20725
22773
17668
11998
6393
-274
-4682
-8387
-10993
-11492
-13862
-15337
-11693
-6156
-966
3159
6369
11211
15741
18032
20163
20071
16578
11082
7581
5965
-433
-6411
-7174
-10071
-15260
-13646
-9312
-7594
-5308
-4771
-941
2809
1828
4780
6000
2602
1797
506
-4198
-6958
-9125
-12045
-11626
-11111
-10197
-7990
-5597
-452
2022
2984
8028
9483
7067
7523
7948
5815
3241
1199
1410
598
-2492
-1178
-994
-1748
3013
4129
5165
10467
12214
13594
15374
15828
16726
17485
16463
11761
7158
3796
-165
-3177
-5213
-7120
-9097
-9062
-6800
-5902
-6217
-5986
-7630
-10840
-13208
-15666
-16869
-16567
-16528
-15562
-14052
-14999
-19274
-18847
-6657
4479
5942
9780
15931
17413
20091
21454
16518
11398
5449
-1844
-5048
-8696
-12586
-11355
-12891
-15464
-10348
-4648
-748
4334
7408
11378
16716
19701
21592
21133
18076
12655
7770
5768
-60
-6144
-7213
-10726
-15192
-13944
-11254
-8383
-5481
-5181
-448
3401
2095
6328
6419
970
2289
1498
-3654
-6281
-8693
-12497
-14526
-12154
-9493
-7758
-4812
-2317
765
4373
6688
8655
9503
5794
4127
7421
1862
-1573
3536
-634
-2432
1873
-680
-901
3860
3843
4410
9671
11466
13554
16562
14989
14711
17029
16179
11424
6730
3036
-689
-3500
-4920
-6747
-8635
-7785
-5920
-4996
-4530
-4757
-5291
-7507
-11471
-13917
-16155
-18196
-17011
-16220
-16295
-15261
-18686
-22332
-13927
-213
5199
7761
14427
18243
19098
22215
21055
13667
7363
1687
-4348
-7787
-10281
-12326
-13504
-15411
-14072
-7519
-1824
1907
6046
9629
14593
19913
20770
20438
20243
14998
9411
7756
3137
-3379
-6131
-9149
-13776
-14401
-12136
-9603
-6465
-5480
-3214
1624
2374
2124
4941
3262
902
2304
-1562
-5277
-8147
-11347
-11664
-13325
-10420
-8308
-8131
-3550
-1363
1705
5717
7172
8425
6423
5267
6803
3497
2198
2185
565
1572
-2525
-1807
3769
1294
1308
6410
7545
7476
12503
15043
13871
14550
15707
17259
13810
6453
4818
4249
-1686
-3745
-4489
-8819
-7858
-6011
-5321
-4417
-6346
-6277
-7340
-11888
-14950
-17150
-18587
-18219
-16466
-15337
-14179
-15797
-22075
-17307
-1452
5743
7347
13829
17697
17910
21019
20291
14525
9195
1748
-4201
-5775
-9342
-12403
-12304
-15040
-15566
-8884
-3194
626
6223
9541
12164
17761
21003
21177
20971
16951
10285
7147
4899
-1619
-6842
-8982
-13383
-15532
-11922
-9846
-8846
-5885
-2907
1603
2670
3353
7147
4340
1880
3189
387
-3909
-7726
-10842
-12968
-13434
-11016
-8241
-6775
-4929
-1256
2756
4720
7184
8697
6152
6150
6146
3344
2845
1329
-467
-89
-423
-1166
-1199
762
4512
4441
6794
10647
9835
14878
15828
14100
16540
16728
16416
7623
2710
3931
-1625
-5224
-4705
-5758
-8230
-6987
-5320
-3773
-2957
-5446
-7647
-11865
-15817
-16972
-17454
-17239
-17065
-17214
-16437
-17005
-20562
-17699
-4719
4803
7178
12962
18338
18897
21728
22003
15989
9975
3378
-2130
-5072
-10732
-14456
-13817
-16142
-16557
-10122
-4512
-369
5044
8074
11749
18766
21635
20244
20565
18636
12234
7887
4978
-1421
-6426
-7874
-12001
-15728
-13889
-10587
-7906
-6240
-4144
580
2699
3231
6261
5512
2952
3554
1041
-3554
-6289
-9555
-11859
-12060
-10675
-7649
-6583
-6265
-1444
2807
4453
7964
9478
7284
5910
6354
4451
2055
1119
-541
-1038
-2684
-2920
-565
740
2562
3255
5605
10490
12069
14271
17081
13867
14742
16619
12638
10363
3614
-881
-385
-4218
-7578
-5691
-6716
-10133
-4399
-4175
-5458
-2470
-7514
-10262
-12867
-15617
-15622
-16966
-15099
-14301
-16303
-17295
-19917
-16881
-3138
4770
6629
12808
16291
18316
22624
20871
14071
9306
3423
-2947
-6115
-9749
-12643
-13418
-16243
-16351
-9921
-4253
-138
4886
7770
12003
19317
22102
20938
20346
17387
11944
8397
5291
-874
-5427
-7644
-12959
-16302
-13702
-11216
-8402
-6018
-4419
1857
3257
2414
7121
5097
2705
4038
265
-3183
-6366
-10484
-11125
-10993
-10668
-8186
-6096
-5176
-2338
2338
4960
6934
8595
6195
5410
6467
3068
1825
2141
-268
-857
-1309
-1773
-767
1481
2770
2085
5332
9029
10066
13454
15275
13305
13748
16283
14495
9706
5710
1639
-732
-2302
-4393
-5766
-6288
-7155
-6775
-3586
-4228
-4633
-6970
-12951
-13860
-16366
-18191
-17733
-16307
-14669
-14677
-14142
-19059
-17014
-2438
5717
6867
12006
15971
16859
22107
21181
12734
8885
4294
-2805
-5802
-9494
-14112
-13860
-14173
-15536
-11335
-4629
39
3983
7144
10742
17613
22252
20740
19318
18158
12946
8092
4821
-1000
-5388
-7337
-12159
-14892
-13242
-11929
-8620
-5614
-3537
1337
2488
2751
7446
5325
1576
3709
379
-3569
-5499
-9880
-11167
-11238
-9798
-6878
-6035
-4756
-1422
2766
5207
7517
8743
5553
5149
6635
2695
625
1294
-928
-1728
-2031
-3794
-2409
1876
4123
2225
4620
11131
11825
13305
15339
12839
13330
16153
14239
7572
3919
2430
-1873
-3656
-3567
-4923
-4712
-4721
-4757
-1789
-1294
-4554
-8303
-11873
-14482
-17900
-18221
-16486
-18268
-16063
-15156
-21388
-19706
-11578
-3262
5461
7840
12922
20056
18985
21937
22560
12785
7902
2856
-4728
-6065
-10298
-15492
-15714
-17540
-15659
-8509
-4271
-995
4336
7942
11804
18929
21817
20607
20288
17387
11289
8144
6484
-1239
-6535
-8357
-14169
-14385
-11886
-12490
-8694
-5962
-4351
1459
2393
2940
6706
4349
3646
5439
985
-3024
-5624
-9827
-11422
-10672
-9114
-7390
-6321
-4946
-1952
1925
4138
6555
8137
5463
5365
7048
3192
1095
1189
-816
-1254
-2421
-3497
-1873
1744
3330
1619
4595
9468
11638
14315
14960
13170
14454
16922
13745
8228
5156
1826
-1748
-3027
-4312
-6257
-6418
-6481
-6005
-3388
-2475
-4295
-5911
-9479
-13828
-14348
-15651
-17802
-17054
-16754
-15452
-14395
-19943
-18758
-4936
2673
5646
11292
15466
18499
20890
21189
15444
9652
6280
430
-5382
-10303
-13208
-14108
-15027
-15577
-12294
-6587
-2208
3046
6984
10136
16688
21320
20717
20353
18852
12974
9206
7082
245
-5141
-5835
-10302
-15229
-14428
-11790
-8477
-7152
-5588
320
2127
2203
6891
5433
2350
4650
1563
-1969
-4291
-9650
-10995
-10337
-9031
-7184
-6773
-4875
-1319
1864
3241
5769
8130
5726
5414
6958
3280
1281
1655
-816
-1142
-502
-1963
-1519
1118
2889
2110
4854
10300
10169
12285
15860
13563
13287
15999
14657
9126
4691
1919
-745
-2814
-4298
-5134
-6324
-6362
-5012
-3998
-3403
-5103
-8402
-11645
-15236
-16309
-15688
-15795
-14832
-14577
-14737
-15805
-18958
-12449
981
5382
8287
14237
16304
18198
21320
19180
10376
4604
2775
-3627
-9122
-9227
-12930
-16308
-14624
-15200
-8938
-956
-1268
5165
9545
10076
19535
22752
19619
18768
16333
11900
7938
5487
-1843
-6449
-7439
-14091
-14991
-11994
-11126
-7673
-6947
-3754
2919
1825
4092
7673
3617
4697
5684
1216
-3101
-5951
-9328
-12294
-9981
-9192
-8675
-6397
-6135
-2346
1795
3441
6808
6857
3888
5881
6287
2921
3254
2067
-1547
-1117
-363
-2074
-675
3063
2900
2056
5972
9746
10675
13371
14930
12878
13667
15619
12420
8064
5205
1377
-1372
-2673
-4413
-5300
-5742
-5936
-3901
-1161
-189
-1417
-5124
-9347
-12061
-14531
-16728
-18095
-18979
-18422
-16572
-15975
-18555
-18962
-9304
2353
5155
9552
16134
16866
19928
21605
15661
10992
8210
915
-4268
-7595
-12456
-14851
-14843
-14179
-16654
-7460
69
-1940
6838
10526
14996
20759
20176
20930
18289
13997
9097
8262
2420
-5793
-5394
-8820
-14227
-13958
-11239
-9299
-7437
-5290
-1707
205
1112
5218
4812
2230
3942
2758
-1858
-3785
-6558
-10057
-9869
-8068
-6394
-6062
-5289
-2893
690
3095
3833
6306
5454
4019
5993
4434
2158
1645
1101
1124
-415
-1543
-621
783
2984
3411
4395
8570
9696
10825
14671
14300
13554
15553
15578
11311
5363
4145
2481
-2038
-3073
-4043
-6305
-6922
-5409
-4047
-4413
-4221
-5133
-8749
-12615
-14323
-15415
-16785
-15885
-16422
-16347
-14522
-17803
-18664
-11047
-571
5467
7427
13528
18100
18394
21039
18421
11851
9299
3088
-4033
-7091
-10948
-12373
-13145
-15846
-14045
-8746
-3797
721
4471
6875
12647
19557
18939
20509
20391
13632
11820
9310
4150
-1826
-5172
-7882
-13777
-14406
-13061
-10786
-8418
-7373
-3186
-43
1001
3890
5718
3858
3887
4219
356
-3390
-6124
-9491
-10687
-9217
-8270
-7628
-6608
-5082
-935
2308
2889
5465
6543
4374
5065
5948
3239
2305
1493
9
1240
99
-644
771
2787
3905
3621
9186
11355
10301
14446
14268
13914
15661
15564
12916
5677
3637
2755
-1796
-2845
-4629
-6727
-6904
-6346
-5278
-4978
-5434
-6731
-9432
-13660
-15433
-16108
-18184
-17564
-16174
-15886
-14361
-16228
-19154
-11283
777
5342
8703
14442
16598
17609
19968
16682
10486
7351
1844
-3896
-6652
-11159
-12650
-12171
-15334
-13880
-8442
-3493
3078
5984
8177
14617
19119
20692
20281
18789
15221
9788
9555
5245
-3898
-3126
-6913
-15430
-12006
-11459
-12429
-6792
-6848
-4665
440
-437
2913
5662
2798
4029
4453
752
-2543
-5781
-8298
-10174
-9943
-7151
-6525
-6549
-3788
-786
1221
3609
5943
5837
4105
3957
4204
3471
2849
1551
97
32
-567
-1490
457
2741
2078
3196
8158
11121
12059
14677
15501
13932
15413
17245
13300
7057
3825
1470
-1992
-3808
-4720
-6980
-7807
-6561
-4710
-2405
-2420
-4356
-6310
-10463
-14065
-15274
-17710
-19225
-18886
-18990
-17683
-17600
-20701
-18131
-6646
2945
6664
12500
18298
19624
22320
21688
14825
11377
6616
-1785
-5388
-9082
-13510
-14091
-15195
-15265
-11568
-5647
754
3441
5837
11992
17184
19939
19410
18341
17762
12434
8814
7354
497
-5034
-5082
-8792
-13768
-13437
-10532
-9371
-9486
-2867
-1650
-3057
3112
3758
1784
2181
5593
2268
-2581
-3125
-7413
-7674
-8313
-6980
-6396
-8001
-5525
-3618
-253
692
2279
4105
3024
4450
5565
3952
2942
3830
2177
583
1672
904
-510
1731
3445
2051
4357
7539
7651
10596
13798
13069
14371
17106
15497
11628
8303
5469
3045
596
-2555
-6024
-7674
-7095
-5798
-4281
-3135
-3187
-4817
-6883
-7704
-9741
-14209
-17099
-17877
-18428
-17708
-15945
-15867
-19069
-20770
-13077
-1302
4167
8687
15174
16471
18062
22510
20086
14816
10808
3233
-2019
-4238
-9397
-12037
-11871
-15336
-15845
-8804
-3017
-1079
3039
8443
11582
16502
20308
19307
17531
14682
11170
8902
5615
-1711
-3856
-4775
-12829
-12534
-9526
-9646
-7156
-7555
-4987
-611
-1167
-53
2843
1742
-197
1575
2340
-3590
-5290
-4445
-10630
-8736
-4895
-5998
-3905
-4010
-1703
522
431
4723
5232
2624
4263
4544
2268
2879
3237
1065
1117
1614
215
787
4462
4141
2465
6920
7583
9039
13661
13320
14188
15819
16242
12692
10503
8918
2506
224
-2234
-5270
-6469
-8194
-7514
-7056
-7663
-5986
-5003
-8198
-9833
-10835
-14426
-15751
-16100
-17478
-16752
-15230
-16412
-20009
-21581
-13405
-696
4019
7510
14688
16323
18003
23605
20568
14070
11347
3680
-2922
-4153
-8208
-10661
-11386
-15988
-15201
-7718
-3092
-633
2480
6222
10448
16374
20074
19036
17748
14725
10861
8228
5016
-469
-4102
-6475
-12743
-13902
-12290
-11511
-8281
-8514
-5766
-2662
-3151
2310
3009
-156
2996
2283
-1974
-2388
-4262
-8403
-8808
-7243
-5706
-6805
-3157
-167
-2839
3691
3419
3688
8102
2578
5228
4971
-4
2605
3309
1280
346
482
-139
930
4060
4702
3581
6861
9913
9860
13349
14848
13872
16350
16046
11534
9616
7591
2652
-950
-4011
-7406
-8272
-7563
-7429
-7630
-7830
-7829
-8573
-10590
-12153
-13901
-16203
-16245
-15510
-15935
-13696
-11283
-15943
-21148
-14684
-1507
4752
6999
12732
15166
16018
21767
20788
13195
10112
4727
-2214
-3028
-5006
-9357
-11934
-14833
-15486
-11041
-4585
-278
1326
4106
9652
16308
20335
20158
19432
16418
11582
10297
7256
-60
-3656
-6694
-13178
-15180
-13852
-12366
-10145
-8780
-6484
-2738
-1568
991
5711
1384
1917
5032
-1521
-2572
-3454
-7429
-9501
-7762
-5542
-4050
-1769
-1201
1655
2029
4982
8200
7363
4031
3121
5325
193
2474
2064
-1514
1711
-1021
317
1393
3319
5952
3767
9184
11844
11987
15773
14548
14229
15174
14145
11074
6621
4030
713
-1916
-3897
-6451
-8499
-9517
-9479
-10362
-10497
-10384
-11673
-14880
-17470
-16723
-16642
-15196
-11587
-10958
-12827
-15100
-15501
-8629
4726
9008
8599
14519
14477
17217
21975
15309
11385
5937
-3241
-4667
-6698
-10892
-12265
-12643
-15752
-15381
-6226
-987
-198
4329
9479
13565
19301
22859
19854
17677
16102
11075
8280
4592
-2847
-7033
-9215
-14859
-16387
-12822
-12740
-11524
-8851
-4350
970
1601
5081
5409
2829
5758
3470
534
-1066
-6559
-9048
-9272
-7716
-6067
-3702
-2580
-2640
2941
4658
5823
9319
4939
2087
5116
1741
-159
2598
-1273
-2155
-1611
-332
-64
967
7952
3041
4177
13480
13226
15064
16323
15344
13760
14900
15567
7966
3875
1151
-4008
-3110
-4071
-7598
-7018
-7396
-8542
-8181
-8124
-8473
-10524
-14857
-17711
-17921
-16456
-14059
-13632
-14630
-16361
-18182
-12230
1036
8266
9820
13996
17388
19590
22529
19938
12440
6626
1283
-3845
-6645
-10735
-15738
-17406
-18789
-18636
-11107
-3072
-603
2269
6338
10465
18670
23907
21450
19894
18015
12211
9954
7838
-1215
-6986
-9152
-14493
-17395
-15282
-13932
-13879
-10085
-6136
-1303
1432
3030
7058
5385
6297
6704
2297
-353
-4418
-6743
-7319
-6643
-4875
-3656
-3122
-1500
2476
3945
5229
7020
4757
2404
2760
2424
500
-178
-1472
-4964
-5250
-2965
-1512
449
4523
5469
6718
11251
11990
14516
15512
15488
13192
11232
13505
6798
4072
466
-5175
-3710
-6717
-6523
-7171
-9188
-5525
-4113
-5186
-4893
-6418
-11222
-14226
-15320
-15105
-14912
-14332
-13408
-16203
-19439
-16986
-4196
7756
8174
12397
16929
14713
20929
24577
16242
10002
4736
-3038
-6116
-8500
-13564
-15838
-18525
-20917
-16179
-7739
-3818
-794
4742
9250
15572
21718
23550
21289
18379
15811
11414
8994
3779
-4419
-7430
-12855
-18402
-14723
-12908
-13668
-11690
-9310
-2397
1347
2926
7351
5220
4358
6959
4567
1573
-1557
-6572
-8216
-6832
-4438
-1057
32
829
2898
4798
6017
7637
7660
2623
1004
1861
-634
-911
-2007
-4577
-4717
-3427
-1420
-262
3596
6160
4782
8322
12954
14478
15545
14719
11534
10254
11206
7836
1839
-836
-4897
-7795
-3693
-6605
-9332
-4763
-8715
-8470
-3580
-6919
-8713
-10739
-15046
-12729
-10401
-12411
-11431
-13140
-18167
-16844
-6078
6399
9367
11461
16442
16513
19636
22983
16747
10496
5445
-3001
-6939
-8719
-13842
-16866
-18871
-21151
-17272
-10021
-5707
-2690
981
6960
14345
19735
22868
22119
18285
14580
11431
10583
6494
-2331
-6608
-11185
-17615
-16519
-12795
-12154
-12523
-10946
-4951
-1173
2396
8699
5861
4366
8071
4143
2671
1871
-3864
-5848
-5462
-4181
-1528
459
1830
2569
4290
6886
8039
7331
2973
789
1994
-1083
-2688
-2818
-5978
-6822
-4856
-3570
-1341
3112
4308
4833
9755
13118
13416
15344
15917
11630
9980
11493
7811
2786
33
-4585
-8164
-7951
-7504
-8140
-9175
-9664
-7581
-5466
-4566
-4486
-8400
-12374
-12258
-10097
-9278
-8289
-9924
-18461
-19443
-8286
2740
7513
11052
14212
12640
17614
24416
19784
13581
7239
-2027
-5792
-7640
-13120
-15956
-18051
-21808
-20218
-12495
-5778
-2731
843
5650
11302
18108
21622
20943
19444
15582
11566
11319
7050
-1347
-5316
-10020
-16482
-15956
-14303
-14650
-11857
-9952
-5386
-1159
95
6850
7853
5324
8443
5690
1903
2010
-1864
-4687
-3856
-3393
-1683
219
1496
2758
4073
5438
6761
7699
4658
2136
1484
-1986
-2733
-1644
-3580
-5903
-5302
-3132
-2612
1428
5899
4417
6620
11337
12475
14496
15242
12808
9539
8184
7390
3544
-181
-4351
-7651
-8457
-9042
-7904
-9371
-10768
-7614
-6620
-5915
-4323
-7378
-10911
-10597
-8939
-7060
-6030
-7261
-12894
-16625
-7138
4428
6749
10232
13912
12280
15434
20312
17009
12662
8246
-204
-5022
-6362
-9711
-12819
-16975
-21409
-19953
-14127
-8317
-4102
-1087
3059
9095
15842
20152
20950
18707
14020
11848
12179
7351
645
-2439
-8960
-16174
-16612
-14143
-13489
-12464
-10150
-7922
-4175
-635
5916
7920
5719
8920
6025
2990
2703
-1005
-3684
-5134
-3870
-1299
1446
1906
2508
3812
2910
5156
7293
4886
2426
1615
-758
-2294
-832
-1461
-4076
-4671
-3923
-2286
1719
3849
2914
5230
9923
12467
14271
14404
11323
9773
9470
6377
3521
1198
-3778
-7467
-8429
-9470
-8915
-8687
-10350
-9973
-9020
-7283
-4391
-6522
-10783
-11288
-10310
-8183
-5581
-6582
-13013
-18298
-8811
5198
8665
12364
15392
12850
16055
22348
18773
12754
7913
244
-5835
-7240
-7698
-16255
-17169
-17531
-22706
-13388
-7677
-4163
-34
2446
8967
13867
18840
19155
19732
16077
9420
11178
8197
1000
-2772
-7728
-14362
-15918
-13516
-13769
-13608
-12064
-8396
-3691
-869
5843
7616
4233
8435
8075
5240
5178
-226
-3433
-4606
-3740
-94
1137
2067
2290
3557
4334
4878
7341
4728
466
824
187
-1808
-55
455
-1930
-2053
-1562
-108
3669
4617
2994
4626
7605
9320
11164
11699
9968
7748
6890
6265
3349
-254
-3353
-7067
-8558
-7053
-6689
-7958
-8472
-8665
-9720
-8858
-6525
-8657
-12410
-12110
-10541
-8625
-6064
-6060
-10252
-14477
-8691
3918
9390
12321
16963
15707
16549
22396
19551
11552
7460
1261
-5223
-7680
-11111
-13922
-15861
-19844
-19941
-13650
-8234
-3903
-1045
509
7156
14446
18663
19233
18822
15413
10186
12035
7947
659
-1831
-8293
-13847
-16481
-15313
-13188
-14075
-12762
-9358
-4468
-1159
3906
7623
4634
7569
8671
5702
5559
810
-2916
-3641
-3323
-752
1334
873
938
3627
4336
5319
7241
5432
1577
207
146
-1026
-1103
-845
-2292
-2716
-947
370
3489
6336
5295
6266
8715
9696
12495
13773
9042
6689
7567
5687
2651
-1110
-4271
-7912
-9135
-9773
-9686
-7384
-9409
-7736
-6402
-6783
-4347
-6720
-9565
-11636
-12651
-11340
-8379
-6382
-11248
-18013
-15495
-2428
8321
12518
15711
16740
17465
23116
26069
19688
12133
4749
-3474
-6122
-7495
-12754
-16452
-18901
-21040
-17578
-10368
-6011
-3713
199
5465
11141
17086
20455
19818
17806
13257
11015
11013
4736
-2459
-5849
-10562
-17313
-16431
-13602
-14774
-13440
-11106
-5872
-2440
2478
7281
4769
6012
6858
5770
5832
2140
-1972
-3191
-2767
-1141
1961
2825
1757
1503
2195
4281
6764
6155
2109
58
-253
-1476
-751
962
-1865
-4560
-1817
620
2921
6282
6138
5958
9229
10280
11382
13486
10732
7321
5370
5620
3832
-1008
-2712
-7700
-10778
-8877
-8221
-6481
-8296
-8729
-6442
-6153
-2345
-2602
-7347
-11183
-13642
-11345
-10091
-9186
-9394
-15374
-18611
-11858
1144
9897
12332
14314
15871
18664
24654
23829
16463
11091
2888
-3762
-4326
-8264
-13651
-15872
-19704
-20702
-14257
-7646
-4966
-3426
329
5666
12543
18468
20047
18254
14120
11875
10998
9355
3570
-3419
-7283
-13903
-15175
-12965
-14266
-13466
-12951
-9469
-4386
-1633
3753
5707
4696
7660
6036
5223
6319
-671
-3242
-2236
-2812
-847
1188
2254
872
1540
3580
4715
6441
4475
623
241
1121
-105
499
1091
-2193
-2744
485
2215
4056
5717
4382
5691
9230
9673
10486
11745
8747
5694
6542
5923
2923
-251
-3750
-7696
-9322
-7920
-7181
-7149
-8250
-7519
-5996
-4546
-1435
-4711
-9999
-12831
-14109
-11440
-10260
-8825
-10845
-16073
-15291
-11634
241
10451
9820
13499
16530
19065
25256
23055
16352
11522
3724
-2117
-2719
-7507
-13737
-15715
-19200
-20743
-14110
-7243
-5728
-3736
823
6006
12996
19666
19348
15629
15199
13717
11982
10131
2445
-3397
-6314
-12581
-14844
-14097
-14535
-13614
-13170
-9566
-3921
-1857
2404
4812
2819
6309
7860
5441
4756
1077
-2591
-2182
-1450
-1038
1643
-499
-2657
497
2276
4364
4015
3721
699
-2018
2017
1771
1474
1245
-1746
-665
2198
3684
5179
6030
4141
4110
7135
9078
9832
10237
8358
5574
6006
5732
2132
-515
-3142
-7633
-8517
-6293
-7110
-8633
-8722
-8628
-6458
-3564
-3226
-5263
-9247
-12447
-12173
-10700
-9623
-9093
-10136
-13169
-17139
-13940
475
10372
9545
11982
16389
18341
23798
23606
14991
10011
5220
-256
-1516
-6469
-12909
-14138
-17234
-19996
-15022
-9256
-7446
-4329
-253
3546
12031
19226
18009
16889
17896
14856
11947
9506
2891
-2597
-6218
-11791
-15894
-15114
-14309
-15016
-12730
-8684
-4601
-2445
2399
7012
4592
6321
7233
4028
3873
-688
-3001
-2666
-3866
-451
-163
-987
23
1643
4074
4616
5681
4469
575
69
4758
488
-1833
2916
-3001
-2272
2560
2024
2875
4462
2976
4370
10741
8560
10609
12571
8582
9168
8783
8382
3975
-1186
-4091
-7238
-7709
-7991
-9479
-10755
-10271
-8807
-5874
-3869
-4987
-7418
-10764
-12612
-11676
-10286
-8894
-7677
-10139
-15148
-16204
-7983
4720
9546
10118
14454
16906
19150
23068
19877
12943
8035
1992
-2075
-4393
-9635
-13025
-14578
-18933
-18472
-11008
-7535
-6854
-2094
2416
7494
16049
19834
18138
17881
16252
13239
13165
9204
45
-4621
-8007
-14558
-16850
-15632
-15845
-15349
-12355
-7614
-4705
-1786
4040
5346
4902
8363
7166
3697
2698
-1208
-3310
-2381
-2719
-1008
-300
-1592
601
2583
2517
4875
5462
2315
1362
2083
1609
734
1031
-455
-3240
-1950
1200
735
2457
5932
1465
5300
12164
8579
11628
13120
8787
8582
10027
7839
3348
103
-5318
-7947
-8311
-9113
-9044
-10310
-11083
-9568
-7014
-5565
-4629
-7100
-11276
-12685
-11847
-9882
-8818
-9709
-14081
-17107
-15993
-8319
5093
9868
9697
14409
17240
20646
24680
19856
13449
8149
1030
-1304
-4087
-9908
-13551
-16361
-19550
-18003
-10813
-7409
-6152
-1672
2675
7976
16487
21280
19566
18232
16862
14533
12845
8505
704
-4846
-8931
-15593
-16907
-14672
-15970
-15952
-12431
-6744
-3647
-821
4910
5586
6410
9105
6897
5286
2735
-2162
-3217
-2544
-2910
-1825
-849
-1825
-522
2199
3212
4387
4594
1883
574
1586
1079
1092
1350
-958
-2309
-570
844
1825
3674
4226
4146
6220
9201
9905
11824
11376
7720
9539
9629
6892
5497
1
-6812
-5975
-6436
-10749
-7313
-9560
-11449
-7358
-9108
-6026
-5711
-11901
-13130
-12452
-12015
-10342
-8135
-8756
-13406
-17242
-13151
-1519
8408
10423
12236
16091
16508
20953
24287
16969
10426
5287
-1721
-3304
-5928
-11786
-13756
-17289
-20654
-15404
-8687
-5993
-3125
119
3891
11275
19339
20927
18950
17267
14990
13514
11692
6662
-1500
-6074
-11233
-17935
-16681
-15557
-15891
-15230
-12706
-5464
-3487
544
7089
5043
6539
8468
5594
5078
2577
-1365
-2261
-2100
-2300
-239
302
-1076
818
1850
3146
5404
3796
1699
1382
305
274
1894
1074
-1638
-1931
-267
456
1915
4422
4142
4005
7550
9754
10636
12256
11243
8236
8046
8182
5155
2623
-1134
-5246
-7488
-7910
-7307
-7716
-10606
-10477
-6079
-9887
-6710
-5776
-16066
-13649
-13296
-12599
-7744
-7268
-10482
-16669
-15053
-7059
6437
12803
11809
15496
16372
18869
23223
19939
12986
6380
-2070
-5126
-5318
-9575
-11999
-16039
-20820
-18540
-11734
-6297
-3936
-988
4507
9965
17018
22347
20217
18609
17232
14047
12399
7650
1006
-4078
-9980
-16485
-16078
-15215
-16686
-14738
-14041
-9528
-5258
-1029
4381
3665
5143
7078
6794
6560
4058
48
-2302
-2431
-2910
-1400
-145
-1434
-833
1335
2046
3033
3742
1341
15
1097
660
360
1773
1048
-1144
-277
2166
3976
6280
6218
4173
5949
9695
10780
11588
11987
8985
7346
7297
5742
3503
766
-3749
-8231
-8271
-8182
-7723
-7957
-8688
-7180
-8113
-5686
-5440
-10065
-12165
-14081
-12411
-11019
-9599
-8692
-13980
-15937
-13436
-4231
7960
11804
12360
12626
17526
21968
20479
18186
11150
2957
-2300
-3482
-4797
-10542
-13480
-16049
-20622
-17451
-8227
-4528
-3398
126
4478
11434
19212
22524
20548
17782
15879
14188
12385
6618
-546
-4372
-10264
-16283
-16728
-16884
-16573
-14571
-12719
-7942
-3708
-355
5282
6723
6388
7993
6311
4743
3608
138
-1235
-1965
-2167
-116
-131
-549
106
-63
1762
3831
2281
-143
-384
-115
-852
924
2967
661
246
2541
2931
5324
7254
4672
4658
7715
9730
10609
10559
10143
8314
6641
6455
4827
847
-2197
-5364
-7570
-6983
-6948
-6847
-8941
-9289
-8250
-7486
-5254
-8489
-11715
-14251
-15053
-12434
-10736
-7926
-11082
-16705
-17377
-10221
4054
10263
11246
13711
14095
18194
23076
20630
14014
7427
-147
-2462
-3618
-9636
-10676
-15363
-20069
-17328
-13833
-6589
-4449
-3582
3046
8384
15053
21097
21154
19539
18097
15225
14466
11032
2702
-2390
-7109
-13748
-16109
-15970
-15995
-14830
-14346
-11611
-6647
-3065
1964
5024
5410
7890
7633
5869
5639
1976
-778
-657
-1853
-1461
-764
-1900
-1168
-484
-669
1644
3053
858
-594
572
-150
-435
2520
2659
869
865
1878
3294
6761
7630
5038
6303
7855
9804
11253
9933
9140
7547
7059
6339
3913
636
-3823
-6753
-6978
-6527
-6509
-6966
-7245
-5658
-4557
-2492
-2511
-7359
-9908
-12317
-13997
-13916
-13815
-11953
-12848
-14896
-16155
-15581
-3780
8166
7678
11364
17476
17400
21378
22746
16369
10351
5446
452
-1666
-4993
-10298
-12321
-17470
-20034
-13430
-8467
-7936
-4486
268
4333
13587
18925
18919
19867
18856
17667
14989
11943
7476
258
-5027
-10100
-15367
-16780
-16757
-16985
-15244
-12222
-7349
-4661
-1032
4334
3492
5663
8932
6754
6284
4062
275
-1333
-3106
-2355
-1890
-4034
-3129
-2694
-2971
-260
1655
1531
-35
144
1322
1262
3678
4921
2490
1529
3011
4054
4769
5882
4054
3746
6757
7849
9554
9359
7826
8342
8591
8913
5737
1606
-1384
-4616
-4067
-5405
-7439
-6247
-7210
-5627
-3310
-3897
-3452
-6499
-10865
-11814
-13426
-14544
-13971
-13914
-13769
-13599
-13887
-16386
-12836
377
6474
8495
15327
17335
18015
22923
21179
13039
9493
5606
-1439
-4619
-7134
-11274
-14465
-16854
-17369
-14954
-9805
-5593
-2899
1002
8058
15436
18713
20910
20471
19830
17299
14700
13138
2449
-2677
-4079
-12182
-16970
-15983
-15275
-17299
-14421
-9658
-6859
-5029
781
4717
3747
8077
8007
5902
5387
3681
1694
-1481
-1760
-3088
-4095
-4719
-5004
-3177
-3067
-1631
946
564
-44
2265
2912
2699
4626
4165
3257
4933
5000
4391
5909
5292
3516
4157
5127
6703
8274
7450
6451
7461
9012
8426
5475
2108
-840
-1788
-2151
-4852
-6385
-6206
-6269
-4080
-2187
-2418
-2557
-5209
-8948
-10643
-13084
-15270
-15526
-15822
-15482
-14403
-14376
-15750
-15707
-8220
3306
8713
11936
16744
17387
19701
23429
17867
11978
9529
2030
-2539
-3903
-10087
-13567
-14419
-17996
-17084
-11432
-7918
-5782
-299
5893
9753
15960
20953
20924
20510
18661
13771
11704
7760
-342
-4399
-9644
-15261
-17569
-16188
-15576
-15845
-9446
-7447
-5765
-320
3129
5055
5569
9308
7189
4120
4941
1062
-1543
-2918
-4296
-4984
-6250
-5629
-4184
-3579
-2888
-343
1757
1303
3806
6228
3816
3959
5678
4495
3524
3392
2364
2344
3860
3088
2220
3160
4451
6066
6682
7831
8636
9249
10569
8390
5600
3265
1169
-113
-4457
-5250
-3992
-5874
-4122
-3253
-4852
-3822
-4147
-7254
-9953
-11364
-13093
-15725
-16851
-16201
-15794
-13544
-12687
-17155
-14733
-1919
5716
8339
15111
18485
18111
22388
22238
14508
10462
6377
-946
-3687
-6400
-12196
-14438
-16153
-17896
-14318
-9472
-5713
-1563
2369
7427
14427
19299
20069
21491
21041
15236
11215
9136
2641
-2415
-3642
-11174
-17668
-15340
-15464
-15306
-11512
-7576
-4614
-4809
1073
5214
4308
8498
7231
4540
5330
2347
-1621
-3213
-4474
-5704
-5038
-6217
-6277
-3781
-3079
-1858
447
1769
2587
4206
4611
3661
3300
3295
3626
3523
2599
2212
3010
3753
3295
2307
2768
4309
5664
7160
7612
8300
10396
9866
7751
6482
3253
742
341
-2185
-4119
-3800
-4572
-4897
-4111
-4025
-4513
-6345
-8172
-9146
-12656
-16153
-16428
-17488
-17770
-14200
-11594
-13245
-17220
-15048
-2663
6678
9337
14986
18127
16847
20581
22149
15946
10753
4924
-1977
-4259
-6924
-10674
-11576
-15377
-18840
-13924
-7518
-3167
-77
2653
7020
13308
19890
21519
20231
17540
14075
10973
9125
4393
-3882
-6656
-12453
-17217
-15316
-13881
-10813
-11471
-8726
-4456
-4996
1778
5427
3593
5900
5333
3521
2106
-840
-1576
-3977
-7877
-3715
-3502
-7843
-1703
-2779
-4305
2814
2489
3866
5042
3090
3656
2678
3294
4232
2778
1808
1500
179
1012
3885
2421
1682
3500
4982
7708
7853
8773
10304
10535
11877
8713
6857
5418
1067
1007
-2185
-4402
-3327
-5681
-4636
-4248
-5986
-5396
-6224
-8407
-10553
-13886
-16262
-15249
-14755
-14447
-12390
-11304
-12367
-14758
-11445
28
7415
9028
14307
17338
16687
20377
19856
12339
8683
5074
-1642
-3978
-6117
-10835
-12510
-14124
-15384
-11576
-6685
-2903
744
3895
8691
14895
19005
19467
18757
17402
13345
11231
8788
113
-4341
-5413
-12913
-16266
-14022
-14435
-13177
-9589
-6101
-4505
-2578
2524
3544
2670
6335
5263
1685
2213
-1359
-4034
-4897
-6530
-6464
-5720
-3634
-3701
-1227
1248
2321
2016
3964
5369
627
5628
3647
978
4421
-1007
1397
2528
618
3707
4825
1819
1498
5220
7571
9428
9272
11717
10931
10727
11768
8270
8242
3491
618
1682
-2811
-3650
-3322
-7041
-7210
-5349
-6132
-6473
-8719
-12356
-14566
-16434
-16825
-16957
-16314
-14914
-14484
-12705
-12524
-14963
-8816
3739
9173
12423
17676
17722
18097
21523
18102
11755
8345
2070
-3891
-5823
-9178
-11648
-11846
-14865
-15085
-9014
-4552
-1629
2932
6213
10736
17648
19937
18567
19262
17573
11352
9341
7393
-593
-3972
-6827
-15092
-16586
-13177
-13602
-11495
-8340
-7276
-5340
-3067
3095
3344
2336
6312
2191
959
2031
-1710
-3627
-4672
-5130
-5223
-4516
-3451
-1735
-626
307
2472
2820
2710
2239
3910
3077
-477
4136
1938
-455
5882
1251
495
5296
2669
2824
5152
5493
8213
10640
9065
11732
14612
12779
11312
9013
6235
4179
3854
304
-5173
-4745
-5337
-7896
-6390
-6542
-8198
-8885
-12182
-13498
-14610
-19175
-18690
-16243
-17808
-15650
-11151
-12217
-15108
-12742
-2268
8834
12111
15118
18121
16366
20106
21964
13471
10393
7101
-2804
-3935
-4442
-10701
-11579
-13595
-18040
-14320
-6909
-3574
-1124
3112
6424
11328
19345
21698
19640
19390
15146
11423
11171
5546
-1188
-3658
-9595
-16783
-14441
-12551
-13972
-11353
-9878
-7816
-6015
-1649
3869
1837
3276
4495
1396
2564
597
-1551
-2392
-5558
-4037
-1837
-3019
-2531
-494
-1198
-319
4180
3033
1239
3123
1000
-407
1808
3982
3783
1523
921
3417
2749
4693
8957
-461
4315
12104
4020
10808
12862
9951
13637
12211
9358
9264
6632
464
3012
-1217
-6918
-3551
-6298
-8435
-8033
-8403
-9705
-11059
-12500
-15328
-18546
-19873
-18423
-18063
-15225
-11260
-11111
-13279
-15303
-8122
5945
10346
11232
17507
17423
17264
23043
20106
12332
8320
1962
-2538
-3238
-8365
-11738
-12530
-17591
-17237
-9778
-6359
-4669
156
3147
8602
17592
20425
20345
20672
17967
13496
12732
10865
1836
-2536
-4753
-13409
-16264
-14194
-15851
-15208
-12447
-10251
-8462
-5436
1160
1942
1883
5450
2447
1948
3861
-36
-1944
-2403
-3936
-2405
-1273
-2242
-1859
-1906
-1460
1469
2690
1537
1494
1714
881
1695
3609
3210
1733
1817
2929
3202
3649
5382
5043
3778
6795
11170
10637
10557
13280
11672
11878
14290
9227
3825
4529
1819
-2402
-1898
-5491
-7130
-5949
-10366
-9284
-7699
-11818
-13290
-15425
-18586
-20203
-19066
-16144
-14742
-12983
-11989
-12376
-13580
-8263
5230
10928
11610
16866
18400
18258
23081
20478
11772
8741
2501
-3740
-3385
-7922
-13772
-14158
-17254
-19425
-13337
-7050
-5074
-1924
3499
8071
14833
20844
20547
20303
19738
15823
13423
11151
4581
-724
-4869
-12763
-15992
-15434
-16192
-15299
-13624
-10341
-8341
-6974
-1123
2387
3564
7126
5511
3682
5545
2206
-471
-548
-1982
-2177
-1809
-1987
-1781
-1149
-1828
-99
2019
-475
-434
1454
-459
-208
2723
2146
1551
2099
3240
5038
4171
4135
5113
4975
6775
10233
9652
9446
11877
11464
12657
11715
8338
5770
3522
1788
-948
-1453
-4780
-7318
-6165
-8427
-10028
-6760
-8864
-14736
-12529
-16789
-20262
-16693
-18646
-15091
-11763
-12599
-12024
-14063
-9780
3483
10795
12001
16120
17517
18636
22557
20190
14457
10323
3307
-2663
-4080
-7994
-13000
-15226
-18132
-19846
-15429
-9102
-6730
-3456
3290
8755
14579
20457
21522
21416
21365
17649
14079
11330
5853
768
-4311
-11808
-15940
-16378
-17772
-16896
-13023
-10535
-9511
-7139
-2198
1915
4136
6607
5839
3555
4336
3075
254
-76
-1103
-2422
-2441
-1954
-585
-387
-533
1223
1498
660
1015
1248
619
430
1992
2731
1138
378
1880
2413
2401
3323
4903
6146
6054
9066
10657
10105
12028
12288
12835
10622
6759
4625
1136
893
-1194
-3932
-4359
-8527
-8226
-7536
-9222
-8475
-11752
-13732
-14554
-17676
-17236
-15502
-15038
-13127
-10552
-11505
-14310
-11359
-345
7965
9680
14869
18737
16737
20175
22510
15175
10588
6896
-1912
-5362
-6812
-11929
-14519
-17502
-19989
-16452
-11374
-8460
-4528
292
5479
13407
18140
20416
22415
21437
19730
16339
13307
7096
343
-1326
-8800
-15286
-16122
-17939
-17169
-16489
-12600
-9231
-9548
-3684
805
3266
7307
7165
6202
5461
4081
3989
2803
344
-468
-1099
-1725
-1274
-1162
-870
-607
-511
-743
-1053
101
-8
151
1863
1906
1402
1552
2434
3384
4952
3679
2528
6068
6560
7972
9258
7631
10383
11224
11092
10191
6010
3993
597
398
-377
-4819
-3843
-6247
-8566
-6643
-8014
-8068
-8314
-12791
-14045
-13381
-16341
-16237
-13830
-12662
-11631
-9447
-12065
-13296
-2109
5296
8216
13354
17114
16583
20740
23678
13970
13410
8383
177
-33
-8233
-11200
-13392
-18744
-19369
-18061
-14879
-10905
-6851
-3351
2903
10232
16647
20992
22053
22711
21022
18357
15646
9328
3753
265
-6769
-13781
-15422
-17411
-19123
-16876
-14747
-11221
-9704
-7266
-354
2163
5971
9593
6946
5869
6177
5620
4662
2247
506
343
-404
-873
7
-388
-685
-352
-1134
-749
-254
183
501
159
1326
832
1311
3057
1979
3586
3979
2668
5154
6559
8359
10104
8651
8673
10779
11620
10577
8126
4138
508
-151
469
-1982
-6012
-7391
-7654
-8148
-7509
-6930
-8743
-12179
-14531
-15399
-15784
-14799
-12880
-12139
-11380
-10432
-11847
-9866
327
8863
11066
14123
17001
17599
21178
20814
14291
10801
6125
-188
-3156
-6947
-13483
-16782
-18373
-19864
-17594
-14075
-8909
-7249
-4178
4575
10926
17496
20797
21105
22408
21705
18627
16776
9870
952
120
-7356
-14765
-15427
-18086
-18739
-17647
-13390
-11169
-9909
-4854
-1498
1553
6108
8740
8357
7834
6898
5775
5532
4918
3346
1118
-613
-1865
-2221
-1883
-2031
-2578
-3301
-3814
-3257
-1941
-827
580
1818
1575
1586
3714
5708
5720
5470
5545
5018
5624
8262
9542
8023
7033
8131
8888
8083
6627
3629
-538
-1985
-939
-1403
-4000
-6477
-7105
-6852
-6436
-6130
-8405
-11779
-13974
-15567
-15149
-14632
-13778
-11045
-11502
-11950
-11116
-9791
1033
9820
8245
12866
16753
15205
22157
22756
13495
10281
6130
-263
-2776
-6210
-10872
-14943
-20224
-18722
-15595
-13980
-7916
-8544
-5357
5299
10306
13586
21056
20317
16148
24596
18872
13990
14875
1009
-431
-4614
-15228
-14247
-16398
-19695
-17707
-14638
-11818
-9461
-5871
-858
1455
5791
9354
7918
8044
6585
5417
5959
4067
3638
2446
-437
-41
-635
-1656
-438
-2134
-3186
-2494
-2896
-1336
-189
-707
-656
-1404
-1597
1121
3519
4214
3729
4562
6630
6835
9760
10329
7610
7817
7792
9841
8362
4690
3683
-1343
-2154
-1381
-4388
-5211
-7871
-7839
-5798
-5228
-1834
-2243
-6851
-9170
-9725
-11323
-11516
-10821
-12439
-12414
-11122
-11476
-12938
-9638
-277
4540
6951
13354
15954
16829
20653
18843
14290
11890
6242
431
-2606
-7238
-12672
-15202
-16647
-17935
-16438
-12596
-9971
-7442
-1118
5157
9974
15294
18625
19336
20005
18217
15788
14534
6443
2673
321
-9559
-12690
-14541
-16800
-16476
-14477
-10969
-11199
-9219
-4105
-1067
1529
6032
5882
3861
6403
5912
5029
5093
2786
2127
1540
12
487
905
222
-281
-1385
-2345
-2554
-1233
185
-904
-773
1434
1779
2142
4436
4927
3414
3885
5457
5478
6184
7768
6853
5693
7372
9069
8693
7238
5057
2449
1130
1293
214
-2295
-4507
-6813
-7539
-6260
-6456
-7911
-10367
-14095
-15937
-16368
-15984
-13741
-13091
-12575
-9854
-10171
-11683
-6074
4408
9773
11240
15286
17829
18763
22177
19917
12773
10175
5173
-1795
-4257
-8184
-14452
-17605
-18619
-19693
-16186
-12566
-10301
-6632
-2583
6515
12569
15987
20212
20048
20166
19490
18044
14838
7117
3204
-300
-10043
-12444
-13737
-18549
-16994
-17004
-13575
-11563
-10914
-5199
-2253
2199
5943
8283
6101
6141
8730
5431
6251
5365
3149
2761
147
-688
-119
-923
-1276
-2004
-3747
-2388
-2047
-278
604
162
1452
621
3206
4330
5126
5537
3254
4411
5585
7917
8374
6314
5550
5785
7722
8212
6737
4621
2133
568
1004
618
-1960
-4805
-6841
-6667
-6243
-6050
-5792
-9647
-15079
-15906
-16363
-17919
-15327
-13095
-13282
-10900
-10610
-12099
-5300
5217
10397
13512
16176
17343
20275
22734
18524
11652
8507
4786
-1162
-4372
-8021
-14325
-17511
-18488
-19147
-16033
-12340
-10564
-6731
-1676
4817
13634
17614
18061
21109
21105
18396
18563
14352
5790
2264
-1762
-9228
-13068
-14663
-17988
-18586
-15573
-13723
-11765
-8966
-5149
-1770
2821
6926
7998
7871
6651
7720
5685
6471
4855
1375
4602
-1241
-1254
1630
-725
-998
-3641
-2731
-3212
-1486
788
-109
1310
999
663
3463
6144
6019
6032
4643
4412
5409
7720
9845
5431
4963
6660
7130
8872
6061
3844
214
-2720
32
-1133
-3326
-5391
-7384
-6139
-5837
-3518
-3193
-7955
-11545
-13532
-14698
-14631
-13464
-14006
-15073
-12795
-11971
-14044
-8131
3083
6993
9620
15023
17087
19993
23922
20356
14085
11180
6756
1557
-2378
-7820
-13347
-16894
-18423
-18419
-17359
-14042
-11279
-9368
-2856
4791
10313
15893
18474
19212
20434
19785
18743
15110
7932
3352
-1174
-8351
-12861
-15057
-17277
-17683
-15774
-13295
-11508
-9442
-6661
-3299
1417
5189
6419
6877
6685
6206
6045
5391
4779
4526
3830
2156
940
928
-872
-1631
211
-2927
-5483
-1161
-567
-2507
-154
1385
1037
941
3806
7996
5914
4000
6987
7266
7628
9225
7539
6279
6355
6185
5743
4508
3253
-20
-2557
-1274
-2432
-4706
-4670
-6124
-6715
-5412
-4654
-4331
-7552
-12401
-13893
-14024
-14102
-13556
-12809
-12588
-12856
-12393
-11897
-7079
3538
8628
9720
14788
16921
18400
23114
20484
13733
11206
6594
125
-3235
-7243
-12459
-16225
-18791
-18764
-16281
-13129
-10111
-8072
-2961
5767
11706
15804
18710
18503
18628
18461
17736
15401
7728
2433
-552
-8341
-12679
-13589
-17133
-18140
-16485
-13819
-11443
-10529
-5853
-1139
691
5114
7780
7011
7312
6329
5563
6518
5037
3654
2929
427
-1163
227
1301
-721
-2564
-3724
-4738
-3795
737
1806
541
2076
687
3194
7255
7823
6197
6205
6284
2110
8665
9590
3963
7101
3717
5176
8256
3220
1945
-609
-2297
-1132
-1652
-1969
-4996
-6518
-5860
-7354
-5313
-4335
-9613
-14042
-16220
-17777
-16578
-13240
-11560
-12291
-11524
-11612
-11811
-1422
9103
9543
13505
17663
16707
21472
23433
16134
11869
9260
3816
-136
-4257
-10043
-14943
-18408
-19396
-17190
-14133
-12219
-10803
-7497
-766
8053
15223
17211
17336
19826
19697
18190
19046
13241
4348
1675
-3580
-10402
-12145
-15499
-19023
-18215
-16186
-13957
-11725
-8454
-5048
-2473
2651
6636
7354
8839
8065
5845
6645
6743
5502
4598
2124
-326
-1334
-1345
-1191
-2569
-4238
-4552
-4499
-3267
-500
310
680
2187
2815
4371
8027
9558
6591
6336
7366
6576
10356
9887
4938
4874
5387
5863
4188
3581
505
-5765
-1647
-2274
-4568
-1838
-8457
-7358
-4197
-7852
-3582
-4250
-10901
-13906
-15913
-15104
-13821
-12337
-11969
-13451
-12337
-12709
-10760
853
8774
7877
12337
17190
16420
21555
23751
14832
10781
9895
3419
302
-1971
-9145
-14677
-17643
-18588
-16439
-13683
-11952
-10983
-7616
-56
8924
15953
18064
17919
19527
20062
19539
18091
11629
4766
996
-5425
-11298
-12695
-16523
-20423
-17866
-14719
-13614
-11313
-8780
-5404
-872
2816
5971
7810
7467
6593
6171
6572
6777
5411
3972
2438
-75
-483
510
-897
-2776
-3761
-3950
-2801
-1949
-48
1065
-755
1124
4031
4204
7138
7432
5200
7418
7734
8465
12159
9728
6780
7617
6156
6113
6589
2867
-814
-4106
-5251
-2714
-4767
-7472
-5772
-8769
-8802
-1775
-3081
-6837
-7462
-12764
-13562
-10830
-13168
-12515
-11484
-13001
-11193
-11732
-10631
-794
5655
6994
11912
15568
17021
21565
21943
14894
10534
8865
3994
-474
-4060
-9301
-13574
-16512
-17450
-14811
-12418
-11448
-9116
-5124
1029
8824
14626
16399
16878
18658
19253
18502
17036
10836
3803
304
-5561
-11506
-13135
-16006
-19022
-17528
-14222
-11928
-10491
-7848
-3916
-561
3307
6609
6643
6175
6945
6871
6722
6995
6432
4685
2408
856
293
-301
-816
-1636
-3878
-4955
-5364
-4046
25
1888
2250
2923
4411
6725
10078
10064
7199
8374
6359
7116
11824
7664
6061
6540
3813
4388
4108
3059
-558
-4183
-3598
-4607
-4253
-5074
-8182
-8229
-8937
-8001
-6652
-9880
-14559
-16765
-16897
-15786
-11003
-9981
-10991
-10829
-13230
-9610
-302
9869
12057
10632
15114
16666
20099
22606
16595
10304
6305
2397
-64
-2092
-7524
-12968
-17067
-19345
-15974
-11631
-10420
-9277
-6307
-465
8359
15652
18464
18772
18128
18727
19499
18375
14150
6412
825
-5599
-10836
-11747
-16459
-19259
-19228
-17916
-14589
-13183
-8081
-4983
-3072
3976
6102
7625
9827
8487
7575
6804
7887
7219
5073
4024
550
-1453
-166
-267
-2678
-4621
-5472
-5179
-3575
-1220
589
1305
1867
2121
4823
8670
8869
8430
7850
6799
9684
11663
9410
8048
6232
4722
5927
5581
2912
-835
-4218
-5259
-5470
-4788
-5223
-8752
-9527
-7777
-7356
-5461
-5646
-11305
-14833
-14218
-13777
-12384
-10448
-10418
-10967
-12307
-12398
-5044
6456
10898
8449
11244
17609
17641
19240
21855
13187
5325
5475
2502
-990
-4973
-11008
-13698
-17370
-18262
-11863
-9544
-11062
-8195
-3184
4567
12723
16772
18209
17603
18497
18200
17874
16091
7311
3210
-1551
-9600
-11027
-14847
-18994
-19542
-18347
-15057
-14274
-10694
-6523
-3966
1298
4113
6746
9570
9234
8058
8010
7576
7033
7183
4244
1431
617
-667
-1210
-1810
-5178
-6731
-6058
-6034
-2890
-561
1122
1999
2906
5223
7352
10983
9435
8390
7956
7576
11677
9924
7871
8060
5926
4891
5023
3982
169
-2602
-3131
-4304
-5242
-4972
-6862
-8856
-8775
-8855
-6890
-6648
-11055
-14412
-15582
-15568
-13300
-10889
-9883
-9553
-10988
-12955
-9634
1589
8861
8988
12090
14362
16201
21490
21092
13590
9650
5963
1918
369
-4274
-8056
-14133
-16674
-17894
-16597
-7858
-10532
-9447
-4092
-1091
8530
15245
18608
17216
19027
20642
17649
18016
11165
4818
2654
-6566
-11009
-12355
-18375
-19078
-17869
-16564
-14867
-13703
-8963
-5549
-1026
3391
5387
7744
8313
9930
9807
8085
7998
7479
5799
2949
456
-889
-1490
-3276
-5265
-6433
-6881
-7054
-5613
-2707
-179
3076
3608
4774
7849
11566
12601
10208
10898
8833
9895
11514
7587
7335
6237
4290
3530
2826
661
-2596
-3331
-4852
-6061
-4847
-5282
-7315
-7468
-7977
-7765
-6166
-9757
-15094
-16469
-16868
-16121
-12805
-10650
-9950
-9353
-10870
-9192
1139
9704
10868
13030
14904
15168
20019
21545
14617
9672
6469
1921
-796
-3753
-8057
-12079
-15338
-17368
-14983
-10632
-9411
-9404
-5493
-215
5650
15070
17103
16995
18537
18037
20116
17465
11767
6770
4371
-3693
-11660
-9812
-17186
-21642
-18109
-17968
-16263
-14809
-10890
-7536
-2846
4918
6374
7522
9255
9132
10873
10068
7899
6965
5818
3405
629
-1075
-3678
-4934
-4969
-6685
-7336
-6509
-6033
-3167
562
2182
3807
4063
5967
10823
11601
11199
11035
7654
8810
12316
9030
6528
7582
5898
4094
4525
2768
-1647
-3421
-3885
-5965
-5268
-4951
-8338
-8615
-7546
-7248
-4456
-5477
-10560
-12371
-12963
-13700
-12720
-11954
-11571
-9951
-9364
-12181
-11475
-1880
5991
7425
11247
14609
14610
19300
21492
14970
11778
9409
2204
-121
-2234
-8953
-11652
-14534
-18435
-15765
-12425
-11638
-8055
-4352
-611
7396
14659
17037
18457
20921
20251
19203
18335
11942
5113
2608
-3441
-13964
-13644
-14465
-21203
-16847
-15247
-16320
-12868
-10060
-5536
-331
2894
3871
6497
7792
8360
10194
8957
7657
6846
5414
3318
841
-490
-1401
-2702
-5012
-6093
-6588
-7262
-5758
-3703
-667
941
1855
4426
7119
11282
10740
10356
11887
8121
10705
13043
8168
7408
6965
5734
4300
3230
1687
-3760
-4323
-3083
-5346
-5853
-6519
-8628
-8564
-6915
-6203
-5392
-7969
-13224
-14326
-14207
-14898
-13319
-12858
-13427
-10417
-9321
-11628
-7798
1660
7185
9647
13852
15541
16189
20329
19392
12563
9680
6967
1079
-2034
-4790
-9503
-12589
-15308
-16857
-14610
-12315
-10618
-7297
-3701
1841
9547
14694
17619
19758
19618
19615
19660
15362
9519
5860
847
-6190
-11573
-14904
-17657
-18704
-17002
-15987
-15441
-12367
-10383
-5912
3154
4055
2354
8412
9361
6912
10241
10289
7028
5310
3370
2771
697
-2515
-1986
-2937
-6147
-6493
-6258
-6441
-4445
-1437
671
2666
4019
5393
8875
11116
9970
10357
10262
8159
11233
11756
7182
7258
7316
5626
4476
3340
796
-3515
-3297
-3052
-5239
-4434
-6988
-9833
-7478
-7032
-6265
-4930
-9240
-13458
-13281
-13974
-14498
-12854
-13312
-12324
-9353
-10565
-11503
-7154
1981
8854
9920
14358
17140
16743
21664
19634
12848
11579
6798
701
-2170
-7182
-11864
-13218
-16471
-18225
-14652
-12283
-10564
-6941
-1923
4844
11187
16003
18910
19520
20607
20065
17120
15172
9663
4097
155
-8381
-14217
-15834
-18392
-19011
-16359
-14979
-16145
-11944
-6202
-3288
3031
5603
4934
7341
9078
9353
9213
8546
6785
5546
3518
3077
1072
-1927
-305
-4793
-7227
-4125
-5772
-5205
-2858
-1969
-540
1341
2780
4091
8140
10627
8359
10559
10818
8098
13765
12410
7375
8833
7791
6863
4818
2229
-500
-4228
-4632
-5259
-6249
-6550
-9094
-9442
-7035
-7371
-5780
-4519
-10109
-13331
-12338
-13436
-13206
-11518
-12421
-11588
-8893
-10586
-12054
-5830
3265
7324
9697
13894
14581
16278
21433
17200
10350
10957
6264
-578
-2221
-7324
-11812
-13337
-16905
-16917
-13954
-12158
-9772
-6563
-1050
5678
11583
16683
18813
20298
21201
18461
16561
14019
7511
3167
-954
-9144
-14868
-16067
-17392
-18203
-16471
-15109
-14661
-11303
-6627
-2235
2902
4542
4589
7055
8538
9039
9073
6593
4896
4430
2767
1502
-839
-1144
-1879
-4384
-4703
-6640
-5643
-3897
-4452
-1603
3620
1450
1989
9209
7508
10519
10385
8997
12370
8367
11785
10438
6895
8207
5552
5791
3798
1610
-523
-3438
-4310
-5067
-4244
-5149
-8306
-6967
-5356
-6185
-3840
-4613
-8793
-11389
-12164
-14085
-15054
-12968
-14736
-12530
-9805
-12367
-11762
-6903
3018
8229
9978
14928
15138
16682
21308
17897
12596
10841
5082
239
-1241
-6299
-11457
-13498
-15565
-17387
-15912
-12277
-9545
-6790
-1781
5078
11887
16547
18797
21033
21945
18922
16806
14680
7891
3407
-27
-8735
-13998
-14267
-17964
-18578
-14806
-14827
-14812
-11822
-6853
-2698
1832
4903
4127
7569
9381
8476
9283
6802
5720
4655
1738
720
-1719
-3044
-3560
-5492
-5619
-6198
-6172
-4814
-4035
-989
1533
2325
5116
6056
9591
11162
8465
13079
8610
7127
13789
7726
7991
8912
4260
5641
5102
1891
-105
-2179
-3757
-2815
-3768
-4976
-5857
-6515
-4945
-5276
-3816
-3962
-9100
-11345
-12390
-15235
-15908
-15694
-16479
-14830
-11444
-11098
-13440
-10037
-96
6142
9606
14944
16162
16532
21725
20744
14121
12403
8368
995
-1337
-5017
-10986
-12287
-14537
-18260
-16331
-12905
-11112
-7274
-2534
2777
9618
14607
18248
22057
22066
19764
19585
17184
10490
5537
1369
-6843
-13440
-14644
-17150
-19581
-16256
-14440
-16426
-13268
-7681
-4649
833
5566
5015
6266
9856
9950
8385
7136
5278
3843
2142
-153
-1624
-3320
-4831
-5582
-5658
-5220
-5199
-4844
-3250
-1569
882
5191
5153
4778
8521
10187
9437
9831
9223
6164
9476
9419
7203
7695
5831
7843
4906
3840
2288
-781
-1915
-3735
-1313
-5100
-3463
-3371
-5127
-2392
-5115
-2216
-5871
-11128
-10018
-13769
-16235
-15395
-16189
-16795
-13052
-11297
-12721
-13540
-8783
1604
7534
10866
15530
16418
17347
21182
18578
13749
11641
5769
499
-2835
-7567
-10726
-14075
-17640
-17412
-15354
-12042
-8351
-5684
-915
4732
10887
16799
20097
21625
21242
19508
17585
14996
8941
4873
387
-9817
-12858
-13985
-18134
-17274
-16337
-15757
-15328
-11668
-5767
-3559
2267
4649
3761
8748
10338
10134
9648
6229
4169
2936
819
-1964
-4594
-6973
-8647
-9005
-8065
-7020
-5299
-3817
-3971
-1747
2528
5136
6929
9668
10983
10683
10961
11775
10258
7732
8297
6844
4837
5064
4857
4646
2536
2919
2280
-1213
1514
963
-2473
-2505
-1108
-539
-3710
1230
-1226
-8547
-2534
-5697
-10978
-12166
-15276
-16114
-18795
-18204
-14061
-12681
-12920
-12365
-13497
-6937
4325
7037
12155
16937
15058
17908
22148
18479
13557
10515
4833
-167
-3109
-6887
-10730
-14066
-17460
-17815
-13811
-9918
-7623
-4167
503
6370
14031
18703
20166
22452
21009
17158
16623
12821
6170
2831
-3831
-12420
-14220
-15156
-18090
-16706
-14800
-15767
-13376
-8318
-4884
-188
4588
5107
5159
7875
9708
8387
5553
3614
1646
-830
-1356
-2200
-5086
-6079
-6238
-6981
-4649
-2462
-2693
-1501
627
2194
4384
6569
6362
6057
6170
5724
6438
7977
6182
4286
7525
6158
5837
8912
7348
7000
6366
5299
2496
2511
3340
-1369
-2173
-2404
-2926
-1897
-2970
-4618
-4450
-5226
-5661
-4944
-8978
-11032
-12466
-16322
-16101
-13803
-15565
-14777
-11015
-15583
-13797
-5726
1528
9271
9118
12612
17276
17839
20993
18316
12657
9532
3603
-375
-1844
-7652
-11535
-13732
-17383
-15882
-11675
-8909
-5598
-1420
2351
7536
14880
18887
19160
19700
18088
15506
14115
9349
4236
907
-5813
-11605
-12773
-14119
-15509
-14710
-13651
-13505
-11425
-6600
-2823
408
3120
2935
4097
6353
5916
5709
3950
413
322
-95
-2178
-2884
-4392
-5332
-4310
-3470
-2562
-1673
-1547
-1458
-1113
1390
4543
5542
6688
6727
6512
7636
8796
8761
5353
4734
6364
5394
6597
7439
6662
6637
6768
7265
5325
4255
4004
848
-456
-129
-601
-1827
-3322
-4788
-6734
-7939
-8507
-10512
-14425
-17330
-18510
-18640
-17836
-16719
-14686
-11265
-11021
-13873
-9428
546
7569
10078
13435
17185
16124
19653
21840
14068
8839
6983
1627
-3828
-6281
-9485
-13152
-15898
-16340
-13448
-9926
-5636
-3016
-102
6856
13482
18778
21041
19384
18863
17408
15172
14117
8191
2473
-1602
-9687
-12871
-12775
-16307
-16429
-14072
-13441
-11836
-9160
-4899
-1552
913
4704
4001
4281
6737
5017
4774
3255
1077
1515
-972
-3472
-4617
-5802
-5522
-5606
-5556
-4375
-2878
-1070
-464
276
2094
2852
4324
7039
9193
9147
8234
9884
7645
4476
8976
8724
4244
5915
7270
6777
7319
8293
6336
3139
4358
3746
1375
680
-1677
-1733
-2167
-3567
-1887
-4287
-7993
-8199
-10315
-14225
-16548
-17693
-20509
-21192
-16940
-14583
-12391
-10494
-13736
-11853
-1341
7478
10600
14857
16758
14651
19737
20606
14088
10431
6593
222
-4777
-4518
-7690
-12295
-13600
-14828
-13267
-9381
-4586
-2509
-61
5096
10567
17572
20120
18578
19029
17104
14413
13902
7923
2738
457
-8894
-14054
-12010
-15201
-17106
-13978
-14340
-14912
-10589
-5884
-2910
625
2905
2353
4038
6186
4897
4221
3146
308
-1172
-1767
-2610
-3566
-5770
-5772
-4394
-4556
-2045
-852
-543
398
793
4049
4766
5803
7213
5576
6310
6119
7002
5936
3234
7822
7591
5530
9350
10051
10146
10976
11084
9510
7461
6822
3860
1043
-559
-3661
-5300
-5340
-6767
-7037
-7218
-8932
-8904
-9517
-11722
-13619
-16118
-17935
-18752
-18378
-15570
-12963
-12089
-13492
-14588
-8513
2121
7483
10149
13562
14102
16969
21373
19411
13424
10899
5632
-398
-1271
-6576
-9813
-11552
-14463
-15294
-9339
-3120
-6035
1042
3934
5347
16816
18087
18818
18906
15775
14445
13163
9928
4118
609
-4992
-10912
-10869
-10218
-13458
-13486
-10910
-11349
-9430
-5881
-4353
-2562
-661
-478
-247
1039
2191
2288
771
-23
243
-299
-26
-1042
-3689
-3408
-3288
-3997
-2635
-2621
-3259
-1621
-1372
63
2830
2933
5172
7029
8280
9542
9391
9827
6464
7155
10118
7583
9125
10264
9744
10684
10345
11305
8765
7266
7549
2891
549
-810
-3589
-4396
-4730
-6186
-7406
-8399
-10965
-12028
-12724
-15449
-17382
-18783
-20402
-20020
-17803
-15526
-12686
-11394
-13377
-11527
-1732
6474
9268
13336
16049
16060
20184
21655
15596
11843
8959
1884
-1649
-2735
-8098
-10884
-12308
-15506
-13183
-7116
-4638
-3032
1799
4772
10858
16743
17550
19587
17951
16405
15274
12536
7972
3131
1562
-6198
-11005
-9272
-12912
-14989
-11908
-11710
-13023
-10715
-8514
-6198
-3055
-2021
-1042
993
2163
2632
3211
3205
3134
2957
1720
-45
-1782
-3235
-4783
-6141
-6660
-6853
-5851
-4941
-3732
-1663
-1458
68
2940
4998
8069
10638
10734
11694
11767
9841
12800
11927
8347
10882
9198
8138
11117
10717
9263
7213
6519
4671
664
6
-2903
-6383
-5192
-5220
-5300
-5342
-7877
-9534
-8851
-9030
-11120
-12038
-16687
-21246
-18809
-18425
-16969
-12936
-14659
-17835
-18297
-11100
1419
6410
9337
14199
14210
18521
25288
22372
17380
12219
5445
2477
298
-2414
-7052
-12333
-14527
-15486
-11106
-5178
-3907
-2701
-264
6991
13705
16949
21255
18205
15308
17650
15226
11261
9594
3404
-4639
-6672
-10534
-11016
-10722
-15510
-12941
-11814
-14162
-9866
-6322
-8411
-4735
-1441
-2533
1427
2743
3764
3428
2865
5120
3587
2822
575
-2541
-3806
-4881
-5165
-5164
-4533
-5894
-6636
-4726
-3420
306
5446
5215
5293
9663
9851
11102
13489
8489
8306
9697
8436
11342
10729
10650
10327
9736
12796
10819
9314
7929
1701
-215
-2187
-6222
-5516
-8070
-9736
-8028
-9601
-8413
-8092
-8368
-7103
-8181
-10426
-13673
-15859
-16544
-15284
-14965
-15415
-15551
-19518
-19725
-10710
-757
4659
8834
12713
15794
21037
24359
21424
17143
12589
6048
2361
84
-4677
-8942
-12933
-15672
-13746
-9060
-5331
-3020
-684
3005
8544
15021
18601
18307
17913
15040
12982
13074
9311
5148
493
-5779
-10384
-10241
-10393
-11949
-11998
-12462
-11349
-12897
-9044
-5050
-7926
-3202
-2537
-4067
1847
2791
1199
3044
3204
2448
3121
2593
647
-2471
-3613
-5249
-7321
-6390
-7341
-7192
-5997
-5143
-1372
1492
3332
5290
8242
11547
12926
15366
14332
11255
12972
12797
9804
9507
10172
7842
7036
10105
9837
6754
6366
4755
544
-586
-2540
-4800
-5630
-7526
-6805
-5725
-6524
-7957
-7230
-7239
-9058
-8692
-12174
-16514
-17302
-18350
-17767
-15551
-14723
-15816
-18738
-18771
-10097
-263
4622
9669
13975
15995
20644
24704
21762
17387
14194
7769
2656
903
-3527
-9124
-12925
-15770
-14873
-10505
-6185
-3747
-2454
2688
10353
15213
18100
19403
17627
15012
14232
14179
10330
3635
774
-4102
-10827
-10098
-10142
-15521
-14036
-10356
-15567
-12383
-7145
-10077
-5050
-2013
-2661
-449
1459
3704
4246
3751
3574
5153
3945
1153
-600
-3538
-4665
-5360
-6171
-6789
-7603
-7203
-5846
-3132
51
2676
4611
6197
9423
11733
11756
13197
13596
9856
10556
13093
9174
8410
9457
8975
8108
8583
10552
7064
6073
4534
816
-312
-4330
-6222
-7197
-9532
-9680
-7898
-7756
-7541
-4896
-5125
-5356
-4409
-6387
-10202
-13581
-15257
-15956
-16593
-16834
-17589
-19901
-21155
-16444
-5407
2611
5566
10941
15186
17981
23922
24834
19436
15127
10473
5798
2900
-835
-5353
-10079
-13722
-13532
-10092
-6120
-4395
-3886
-905
4569
10213
14140
15092
14115
12818
11731
11955
10031
5365
2050
-1444
-6325
-7865
-6966
-10056
-11776
-11023
-11051
-11213
-9574
-7738
-8272
-5227
-4710
-2449
-357
-446
2714
-470
2323
3412
1431
3418
-602
-874
-2561
-4249
-3014
-4781
-5207
-4772
-4036
-2901
871
3578
3190
4729
8074
11140
12166
13321
13305
9483
10000
12535
10015
8750
8866
7597
7098
8432
10201
8185
5002
4469
1939
-235
-777
-3927
-6420
-8566
-8784
-7059
-7359
-7397
-7644
-7751
-7671
-7967
-8483
-11624
-15253
-16840
-17533
-17062
-15227
-14489
-16513
-18876
-14555
-3841
3356
7376
12305
14120
16261
22756
24291
19615
16451
12061
6409
4225
1774
-2851
-8089
-12919
-14167
-12675
-9823
-7025
-6553
-3162
3216
8368
14214
16545
15483
16014
14397
13478
12976
7113
2563
-1643
-8168
-8987
-8679
-11836
-13307
-13593
-13880
-13415
-10407
-6743
-6694
-4751
-1730
-3037
-978
2974
1692
874
1909
1981
2181
2202
1633
-15
-687
519
-720
-1895
-539
-1572
-2273
269
1450
2421
3899
2714
3895
7187
6631
7629
9697
7404
8384
12956
12273
11341
13304
12911
11842
12650
12782
8213
4435
3158
-1687
-4634
-6604
-9790
-10439
-12514
-12612
-9330
-8669
-9281
-8016
-6069
-7380
-7876
-7385
-11963
-15356
-15412
-15837
-15225
-13544
-13621
-17491
-17228
-7823
626
5356
10479
12358
13767
19810
22522
20436
17729
12448
7089
2786
70
-2783
-6983
-10296
-13404
-11815
-7797
-5144
-3200
-2157
1143
6203
12371
15577
15082
14873
12835
11288
11998
9108
3656
169
-5136
-9588
-8442
-8652
-11866
-12255
-11616
-13402
-12367
-8483
-7834
-7631
-4537
-3080
-2561
823
2241
963
522
1447
1581
2412
2992
-1249
-1893
133
-1198
-2002
305
-625
-4137
74
562
1259
6177
3896
5916
8917
6974
9001
12249
10570
8202
10685
11920
10671
10884
11309
10845
9767
10339
8988
5125
2609
-46
-1650
-4250
-6389
-6700
-8966
-10314
-10378
-9909
-10315
-10695
-9174
-9763
-11609
-12789
-15018
-16763
-16575
-15845
-14125
-12217
-11879
-13806
-14328
-6500
2701
6769
11769
13867
13082
18669
22521
19262
17075
13451
6961
3757
1404
-2904
-6644
-10684
-14756
-14596
-10371
-6707
-4930
-2664
1137
6750
13678
17697
17776
17658
15576
13078
13250
9101
2948
-200
-7032
-12556
-10534
-11965
-14642
-12127
-12931
-13895
-10767
-8196
-6816
-4033
-2307
-3454
-975
993
559
1625
790
590
1768
2684
3226
2274
2220
2754
2176
2035
3047
1302
769
2176
-2001
612
3374
-2130
776
2671
1619
5757
8586
8726
9889
13149
13522
15295
16267
13616
14603
13209
11167
9803
4184
1659
-1865
-6342
-6988
-11228
-12253
-11492
-13719
-11921
-10962
-10319
-9492
-9028
-8201
-10887
-12383
-13467
-15028
-14591
-13965
-12421
-11057
-11772
-13020
-9618
-1419
4570
7668
11837
13589
14215
19309
20271
15873
14010
9511
2830
660
-1622
-5511
-7928
-10483
-11974
-9750
-5452
-2953
-1377
2346
6034
10413
15864
17111
16155
15207
12048
9862
7887
3851
597
-3973
-9301
-10567
-10660
-11604
-10954
-10360
-11395
-11067
-8017
-5875
-5441
-3666
-2645
-3426
-1943
379
-649
-1922
-495
693
1136
2662
4006
3325
3888
5027
4424
4414
3989
2808
1044
129
-214
-183
-1320
-1212
304
23
3590
4569
7926
9716
9486
16090
14151
16166
18480
15178
15375
13523
12194
6715
3750
487
-5471
-6802
-9907
-11637
-12185
-13300
-12242
-11719
-12767
-11481
-10460
-12150
-12531
-13527
-15615
-15573
-14476
-13460
-10670
-9090
-9454
-9209
-7456
-409
6556
8893
11000
12571
14204
17276
17393
13522
9879
5488
863
-1007
-3632
-7100
-8958
-10622
-10891
-7978
-4091
-993
1620
4355
8394
13196
16353
17253
16807
14176
11147
9935
6937
2595
71
-4382
-10595
-11908
-11679
-13393
-11853
-9076
-9209
-9300
-6417
-4973
-4341
-2422
-3821
-3757
-2573
-3279
-2186
-2281
-2541
-286
1211
2427
4839
5359
4780
6073
6089
4167
3891
3477
885
-7
265
-1685
-2072
-1293
-1349
564
2214
4477
7297
8782
11190
14645
17163
17148
18147
18422
16190
13710
10746
5718
825
109
-4545
-8682
-9363
-13431
-13398
-12430
-13897
-13698
-13698
-14385
-14558
-14435
-15080
-15755
-16061
-15212
-12818
-9875
-7521
-7124
-8401
-6948
117
6226
8421
11177
12391
12140
15036
16165
11958
8396
5062
-1180
-4505
-5225
-7283
-8360
-9836
-9974
-5946
-1640
1751
4451
6363
9112
13205
16728
17660
17195
15470
12187
10203
7852
2803
-775
-4212
-10085
-12102
-12182
-13800
-12519
-10073
-8886
-7894
-5104
-2291
-1684
-511
-1030
-2756
-2690
-3075
-3241
-3809
-4197
-1834
-447
528
2724
3193
4368
5325
4087
4357
4535
3362
2748
1928
1011
1173
1400
4
214
2123
1443
2317
4604
4668
8374
12526
13535
15620
17012
18021
17358
15632
13403
8933
5560
1951
-1289
-4138
-8093
-10363
-10951
-12791
-13045
-11371
-14012
-14409
-13326
-15544
-15480
-15319
-15347
-14620
-13809
-11958
-9697
-8168
-8150
-6949
-1781
5110
9418
12105
14206
14720
16022
16666
13319
8973
4338
-2077
-6194
-8459
-11526
-12265
-11991
-12268
-8851
-3188
589
4189
8155
11008
13905
16962
18345
17403
14737
12273
10888
8623
5171
1673
-3255
-8949
-11674
-12271
-13649
-13148
-10148
-9112
-8197
-4421
-1050
1017
2818
2130
-251
-1229
-1535
-2251
-3534
-4100
-3742
-2793
-866
962
1611
1229
1449
-119
-347
1116
-158
345
-322
-1330
1029
2960
2978
3180
5146
4383
4540
7050
6257
5585
7600
8170
8591
11840
13644
13888
13054
12892
11410
8305
7026
3148
-124
-3880
-7498
-7601
-8209
-10217
-11319
-10826
-11933
-10327
-9224
-9948
-11027
-11989
-11065
-12924
-11102
-10577
-10978
-9611
-11376
-10086
-8967
-6083
-2412
-10
4137
7814
11370
13103
13230
12149
10414
7913
4382
603
-2674
-4886
-7537
-7770
-5679
-4243
-1614
1523
3347
6008
9184
11103
12532
12480
11314
10638
9242
7540
6300
3846
1079
-383
-2267
-4212
-4655
-5431
-6370
-5533
-4688
-4405
-3209
-2071
-1485
-1457
-2155
-2677
-4256
-6350
-6550
-7244
-8038
-6202
-4900
-4088
-1513
-169
609
2512
2892
2401
2310
1157
70
64
-122
366
1526
1938
2248
3277
4337
4799
5431
5682
6453
8343
9250
9949
10959
12532
13324
12608
13395
12744
10253
9086
6263
2704
85
-2623
-4545
-6338
-8316
-10051
-11673
-12869
-13134
-13467
-14741
-16116
-17043
-16790
-16323
-15288
-12845
-12498
-13202
-11919
-10044
-5273
2080
6677
10068
13328
15513
18892
19565
14982
10596
6127
-273
-4771
-8013
-12018
-13988
-13839
-12568
-8713
-3264
1589
4898
7418
10907
14136
15874
16642
15822
14386
13202
11865
10865
8632
5081
1978
-2007
-5629
-7230
-8951
-9761
-8745
-8139
-7087
-4731
-2893
-1715
-566
-427
-1304
-1490
-1475
-2918
-4130
-3682
-3108
-2272
-342
972
965
1039
483
-1804
-4516
-6742
-9093
-11604
-12829
-12396
-10982
-8999
-6034
-1996
2242
5741
8417
11164
11701
11792
13419
12603
10920
10612
9831
7623
6966
6531
3797
3620
3985
2932
2818
927
-1129
-578
-121
156
1039
964
890
1307
1602
1997
1607
582
-686
-1822
-1991
-2208
-2803
-3907
-5065
-6117
-7803
-8455
-9541
-12121
-13796
-15401
-17844
-17740
-16319
-16399
-13558
-10459
-8202
-4311
-2087
3073
10929
15198
18273
20691
20300
20574
20779
16811
11900
7575
2051
-2878
-5152
-7707
-10266
-10075
-10131
-8910
-5081
-1649
1113
3222
5473
8014
10734
12784
12360
12058
11737
9161
7703
5671
1094
-1678
-5386
-10558
-12192
-14130
-16228
-15132
-14693
-14147
-11352
-8239
-6191
-3234
326
1459
2863
4508
4621
5161
5373
5019
5596
5765
5053
4103
2301
1031
-942
-3457
-4796
-6829
-7442
-6721
-5696
-2565
638
3094
6008
9932
12787
13509
14797
14254
11656
10564
8305
4526
1249
-1501
-3852
-5858
-6429
-7968
-9596
-8932
-9938
-9782
-7290
-7417
-5992
-3161
-1907
756
3029
3497
3505
3442
1972
304
-330
-2429
-5271
-6011
-6019
-8254
-6776
-5262
-7173
-4237
-2184
-1271
2044
3892
4486
5441
6814
7085
7928
8009
6648
5863
5195
4497
3083
2049
734
-1282
-1898
-1882
-1686
-1371
-1149
-443
614
2248
3619
4131
4001
3345
2523
1472
912
-347
-2305
-3351
-4923
-5965
-5359
-5543
-5868
-5708
-6341
-5881
-4693
-4321
-3651
-3519
-3276
-1730
-671
304
1367
1110
930
1512
1882
2070
1721
880
241
92
548
1224
1438
1300
1892
2837
3392
4861
6423
5993
5997
7071
6675
6621
6868
5446
3885
2843
1879
500
-662
-1763
-3682
-4492
-4467
-4584
-4064
-4080
-4469
-3964
-3093
-2368
-1886
-1563
-1803
-2029
-1693
-1998
-2202
-2484
-3304
-3912
-4445
-3854
-3456
-3839
-3530
-2979
-2234
-789
651
1042
1709
2519
2872
3466
3937
3949
3502
3409
3175
3185
3241
2505
2425
2025
1330
1640
1651
1162
1555
2178
1789
1918
2912
2916
2599
2811
2339
1003
352
-395
-1798
-2434
-3148
-3797
-4208
-4089
-3861
-3909
-2959
-2986
-2688
-1880
-1994
-1483
-1415
-1411
-1238
-1288
-1199
-1036
-1092
-1691
-1703
-1419
-1532
-1089
-398
-592
-240
1174
1713
1939
2851
3559
3699
3923
4260
3922
3487
3671
3252
2398
2187
1696
1020
775
519
498
445
321
617
611
491
583
267
113
138
-185
-521
-1031
-1418
-1526
-2068
-2636
-2939
-3340
-3726
-4022
-4024
-3941
-3891
-3463
-3202
-2962
-2112
-1493
-1051
-298
335
1157
1866
1983
2319
2664
2583
2813
3097
2751
2336
2271
1969
1379
1164
967
454
199
116
133
390
594
913
1395
1739
2299
2740
2522
2189
1771
1225
430
-527
-1102
-1981
-2882
-3023
-3062
-3094
-2909
-2780
-2838
-2479
-1677
-1518
-1653
-1794
-2285
-2439
-2357
-2406
-2317
-2188
-2143
-1899
-1458
-882
-280
-104
183
730
1175
2111
2890
3015
3552
3814
3726
4240
4000
3363
2999
2220
2039
2099
2017
2221
2129
2319
2601
2380
2298
1942
1125
390
-308
-732
-1115
-1622
-1741
-1681
-1823
-1684
-1310
-1656
-1984
-2039
-2603
-2918
-3126
-3401
-3639
-3775
-3168
-2913
-2667
-1731
-1624
-1415
-671
-617
-261
266
223
572
1174
1407
1701
2220
2285
1829
1657
1410
763
334
86
-84
-344
-287
471
655
825
1623
1826
2083
2415
2898
3151
2564
2914
2677
1812
1901
1292
580
130
-621
-1311
-2013
-2500
-2945
-3337
-3397
-3494
-3678
-3593
-3379
-3187
-2795
-2287
-1951
-1685
-1374
-1111
-947
-815
-626
-707
-820
-433
-238
-207
363
703
664
1079
1605
1763
1898
2312
2551
2453
2901
3525
3331
3262
3633
3536
3540
3948
3859
3454
3112
2403
1502
742
-57
-900
-1763
-2435
-2676
-2716
-2529
-2141
-1878
-1661
-1414
-1110
-899
-973
-1018
-1189
-1476
-1396
-1415
-1439
-1332
-1708
-1763
-1562
-1955
-1842
-1595
-2078
-1950
-1399
-1155
-442
371
868
1355
1565
1912
2414
2141
1761
1780
1165
677
1016
755
275
597
551
131
460
685
475
441
446
460
413
561
875
895
696
975
1138
696
696
258
-422
-746
-1342
-1772
-2219
-2555
-2891
-3208
-3290
-3270
-2834
-2774
-2960
-2516
-2104
-1837
-1278
-825
-311
112
542
1528
2050
2346
2897
2982
2967
3082
3008
2884
2660
2083
1894
1938
1463
1400
1621
1208
1029
1513
1638
1421
1580
1580
1064
843
901
499
40
-168
-640
-1046
-1076
-1294
-1501
-1499
-1803
-1971
-1800
-1978
-2122
-1972
-2113
-2225
-1927
-1742
-1813
-1657
-1411
-1504
-1347
-900
-867
-721
-326
-188
200
707
978
1339
1529
1510
1579
1560
1388
1089
918
740
260
270
375
-86
-37
204
-209
-191
226
3
58
507
462
663
956
1028
1329
1289
1417
1420
1081
1073
460
38
-157
-845
-1423
-1555
-1978
-2771
-2645
-3193
-3592
-3301
-3706
-3246
-2811
-2658
-1754
-774
-280
539
1513
1713
2249
2519
2379
2560
2252
1983
1961
1507
1343
1465
1111
997
1037
851
838
821
890
1029
1152
1455
1725
2053
2439
2558
2747
2782
2355
2155
1840
868
121
-405
-1400
-2232
-2633
-3148
-3575
-3678
-3652
-3597
-3452
-3022
-2591
-2354
-1850
-1253
-791
-245
195
576
898
927
1054
1096
678
447
295
-258
-557
-601
-863
-944
-926
-989
-751
-548
-465
-64
235
377
770
1154
1362
1516
1730
1856
1667
1650
1778
1507
1299
1184
747
533
432
-9
-318
-478
-768
-892
-873
-987
-895
-713
-799
-793
-582
-661
-914
-988
-1327
-1645
-1936
-2218
-2183
-2438
-2326
-1847
-1748
-1472
-788
-348
-269
264
702
787
1209
1512
1630
1887
2101
2303
2431
2382
2543
2542
2148
2096
2019
1580
1452
1390
1121
1144
1165
1049
1167
1119
984
1034
775
452
311
-29
-356
-615
-881
-1006
-1259
-1456
-1438
-1617
-1747
-1758
-1949
-2029
-2016
-2060
-1972
-1898
-1777
-1470
-1318
-1137
-714
-509
-339
8
104
269
615
577
586
836
829
742
806
843
643
484
465
201
-19
25
-215
-374
-268
-335
-6
118
124
686
767
805
1134
1170
1053
1057
998
674
536
417
123
-109
-315
-530
-719
-832
-1087
-1318
-1436
-1748
-1955
-2058
-2114
-2198
-2211
-1964
-1859
-1546
-1070
-628
-295
180
687
795
1294
1324
1330
1630
1280
1412
1441
1213
1282
1228
1166
1113
1242
1395
1334
1493
1776
1653
1794
2096
1812
1743
1834
1410
1093
1005
511
62
-115
-524
-867
-987
-1221
-1415
-1397
-1460
-1462
-1340
-1319
-1318
-1285
-1221
-1341
-1296
-1277
-1440
-1350
-1393
-1312
-1190
-1052
-786
-628
-329
-103
79
314
480
485
611
708
539
650
629
523
539
484
489
360
388
361
201
323
201
141
294
160
241
352
338
431
462
561
467
451
529
244
266
232
-54
14
-124
-277
-293
-464
-540
-762
-952
-1085
-1403
-1581
-1695
-1861
-1915
-1760
-1585
-1332
-845
-506
-82
421
651
955
1174
1145
1043
1026
808
512
586
356
228
399
340
463
663
828
1001
1165
1324
1434
1489
1562
1500
1396
1381
1059
925
771
335
122
-167
-446
-689
-838
-840
-980
-980
-840
-891
-919
-825
-916
-1020
-1031
-1125
-1151
-1150
-1128
-921
-763
-595
-153
169
361
815
1088
1100
1267
1291
1102
897
732
506
83
-119
-227
-539
-681
-618
-620
-679
-506
-317
-343
-158
43
39
173
282
324
381
362
384
351
287
186
116
87
-95
-146
-170
-287
-399
-447
-464
-692
-723
-744
-976
-966
-1043
-1134
-1079
-1098
-1006
-856
-660
-473
-223
166
278
489
835
779
787
901
776
581
520
497
277
227
381
334
384
656
781
874
1125
1230
1304
1404
1340
1380
1275
1054
1050
772
477
364
11
-252
-468
-698
-825
-1055
-1053
-1055
-1200
-1020
-948
-957
-777
-706
-630
-578
-515
-386
-402
-319
-173
-130
6
165
283
419
493
534
594
540
424
392
264
50
-52
-115
-284
-380
-303
-324
-322
-189
-69
34
75
250
338
253
401
379
250
322
193
83
72
-96
-188
-238
-377
-418
-422
-485
-432
-410
-408
-296
-309
-300
-253
-364
-444
-515
-657
-749
-830
-906
-919
-914
-823
-670
-525
-305
-79
72
250
410
457
495
507
499
463
384
429
418
331
451
529
503
657
751
785
861
860
979
898
802
936
703
556
603
356
176
169
-9
-167
-127
-220
-242
-130
-129
-43
70
84
112
109
10
-88
-238
-400
-523
-679
-774
-799
-802
-747
-617
-469
-296
-138
9
182
211
259
293
192
150
83
-25
-121
-187
-203
-230
-235
-153
-58
-4
119
245
292
371
423
400
392
349
260
182
73
-34
-110
-177
-203
-199
-170
-119
-64
10
69
103
137
115
60
1
-118
-242
-355
-496
-597
-655
-704
-689
-629
-559
-436
-299
-186
-69
12
35
44
10
-65
-128
-208
-290
-314
-322
-300
-197
-94
41
231
376
542
715
807
888
938
923
896
819
747
666
501
436
325
168
136
46
-11
-21
-40
-17
-8
-6
14
16
-47
-63
-97
-218
-256
-295
-379
-369
-323
-301
-205
-84
10
128
224
284
305
279
226
125
-1
-131
-269
-382
-475
-525
-522
-512
-455
-360
-286
-179
-71
1
81
120
133
141
100
59
26
-40
-85
-113
-154
-165
-155
-131
-81
-27
40
112
162
207
238
231
213
171
105
41
-43
-125
-164
-209
-227
-191
-164
-125
-57
2
46
73
89
81
30
-16
-65
-128
-175
-201
-192
-163
-121
-22
84
166
286
389
431
484
507
459
413
344
233
143
42
-59
-130
-207
-249
-268
-284
-250
-228
-187
-100
-77
-6
82
75
135
185
143
172
173
112
119
99
62
75
77
83
104
129
161
167
180
184
152
124
84
24
-23
-81
-135
-163
-195
-217
-208
-200
-200
-178
-165
-176
-181
-191
-224
-256
-284
-319
-339
-353
-355
-332
-303
-265
-202
-143
-91
-26
31
80
133
173
198
217
209
195
178
133
89
52
-3
-48
-73
-85
-84
-59
-13
38
94
164
226
268
306
326
317
295
267
225
180
147
120
100
95
94
97
102
96
85
70
37
1
-31
-75
-114
-142
-168
-183
-183
-178
-167
-152
-140
-128
-116
-109
-97
-84
-67
-50
-29
-9
1
12
24
23
28
38
32
34
45
47
61
88
110
131
154
168
167
153
132
95
48
5
-37
-77
-104
-118
-125
-122
-110
-92
-80
-68
-62
-67
-76
-89
-110
-134
-155
-172
-192
-205
-209
-210
-212
-203
-189
-171
-149
-115
-75
-31
16
64
108
143
165
175
170
149
117
84
46
16
-3
-8
3
32
71
117
167
212
239
257
257
234
201
157
108
60
22
-6
-23
-27
-19
-6
10
27
40
45
44
36
20
-1
-24
-47
-70
-89
-100
-109
-112
-107
-98
-88
-72
-54
-37
-20
-4
9
19
24
24
19
6
-14
-34
-56
-70
-74
-67
-51
-22
15
48
77
108
127
129
124
112
80
44
10
-21
-46
-58
-55
-44
-28
-11
4
11
9
-1
-21
-47
-80
-117
-149
-178
-197
-207
-205
-195
-176
-149
-120
-88
-54
-21
12
45
77
103
125
143
149
146
133
111
85
54
25
-1
-19
-26
-23
-8
15
43
74
103
125
136
140
132
116
93
65
40
18
0
-12
-18
-21
-20
-17
-13
-10
-5
-3
-2
-1
-4
-7
-10
-12
-14
-20
-23
-29
-36
-42
-49
-51
-52
-49
-43
-33
-23
-14
-7
-2
-1
-2
-7
-9
-12
-12
-6
2
16
35
57
80
101
114
118
112
101
82
60
36
10
-12
-30
-39
-41
-38
-32
-22
-14
-8
-10
-21
-39
-63
-92
-122
-154
-186
-215
-237
-247
-248
-237
-218
-186
-148
-103
-55
-10
35
76
109
137
156
166
168
159
143
121
96
73
52
33
22
14
14
22
36
52
69
85
100
112
120
121
119
111
103
92
80
68
56
45
35
25
13
1
-14
-29
-44
-58
-70
-78
-83
-83
-80
-76
-65
-56
-49
-39
-31
-23
-16
-10
-4
2
7
12
16
18
19
18
15
11
5
-1
-6
-7
-3
6
20
37
56
74
88
96
97
92
79
63
41
18
-3
-20
-34
-39
-40
-39
-33
-27
-23
-23
-32
-44
-60
-78
-96
-115
-132
-148
-156
-158
-154
-145
-131
-115
-94
-71
-44
-17
9
34
55
71
81
85
82
74
62
47
31
15
3
-5
-6
-2
7
18
32
47
58
66
71
73
72
69
66
63
61
59
59
58
58
56
53
48
40
31
19
5
-7
-21
-33
-44
-53
-58
-62
-63
-62
-59
-54
-46
-40
-30
-18
-7
4
13
20
26
27
25
23
18
12
5
-1
-5
-8
-9
-9
-6
-1
6
14
22
29
38
46
53
56
54
53
48
43
38
34
28
24
18
15
11
6
-2
-12
-24
-39
-55
-74
-93
-111
-123
-132
-135
-133
-126
-115
-99
-77
-55
-33
-13
3
16
26
30
30
26
18
11
0
-9
-15
-18
-18
-14
-7
4
16
29
43
56
67
72
73
69
61
54
45
36
27
22
18
18
21
25
29
33
36
37
34
27
18
6
-7
-22
-35
-48
-57
-64
-67
-67
-63
-56
-46
-35
-23
-10
0
11
20
28
35
40
44
47
48
47
45
44
39
35
31
28
25
23
23
25
28
32
38
42
47
49
50
48
46
42
38
32
27
18
9
0
-10
-22
-36
-51
-63
-74
-86
-98
-109
-118
-124
-124
-119
-111
-101
-87
-73
-58
-43
-29
-17
-7
0
5
6
4
4
4
2
2
2
5
9
14
20
27
37
45
53
59
63
63
63
60
56
51
45
39
33
28
27
26
27
29
31
32
32
29
23
16
4
-8
-23
-37
-51
-61
-71
-76
-77
-75
-68
-61
-49
-38
-27
-17
-8
-1
6
11
15
20
23
28
33
38
42
47
51
54
57
58
58
58
55
55
51
49
45
40
35
28
22
13
7
-1
-8
-15
-21
-25
-29
-32
-35
-37
-39
-42
-46
-51
-57
-62
-67
-69
-72
-73
-73
-68
-63
-57
-50
-43
-36
-31
-27
-23
-17
-8
1
8
12
14
18
26
32
36
38
38
37
38
36
35
31
27
23
22
23
24
24
25
27
26
26
30
32
32
33
37
38
34
33
30
24
13
6
-2
-12
-25
-34
-39
-45
-50
-49
-45
-44
-42
-37
-33
-31
-28
-22
-20
-18
-17
-13
-11
-8
-4
2
8
16
21
27
32
37
42
46
49
51
50
51
49
46
42
38
34
28
23
19
13
10
6
3
1
-1
-2
-5
-9
-11
-16
-22
-28
-34
-40
-45
-50
-54
-56
-57
-57
-55
-52
-47
-41
-36
-29
-23
-18
-12
-6
-1
5
9
13
16
19
20
21
21
19
19
17
15
13
13
12
12
13
13
14
14
14
14
14
15
15
18
16
17
16
15
14
12
9
6
2
-1
-7
-11
-17
-21
-24
-25
-28
-27
-27
-26
-25
-25
-24
-23
-22
-21
-19
-17
-13
-9
-5
-1
4
8
11
16
19
24
28
32
36
39
42
44
45
45
43
41
37
33
29
24
20
16
12
8
6
3
0
-2
-4
-7
-9
-13
-16
-19
-24
-28
-30
-33
-35
-38
-38
-40
-40
-40
-40
-39
-36
-32
-31
-27
-24
-20
-17
-15
-11
-7
-6
-5
-1
2
3
7
8
12
14
18
18
19
19
21
20
19
20
18
17
17
17
18
18
19
20
21
22
21
19
18
15
13
10
6
3
-3
-5
-8
-11
-14
-16
-17
-17
-19
-18
-19
-19
-19
-19
-19
-18
-16
-14
-12
-10
-6
-1
1
6
9
12
17
21
24
25
26
26
26
25
24
21
20
16
15
12
10
9
9
8
8
8
5
5
2
1
-1
-3
-6
-10
-13
-17
-21
-24
-27
-30
-31
-32
-33
-32
-31
-30
-27
-26
-23
-20
-18
-15
-14
-12
-11
-10
-9
-8
-7
-6
-4
-4
-1
3
4
7
10
13
15
18
20
21
22
22
21
21
20
20
19
18
20
19
18
17
15
14
13
12
11
8
6
3
0
-1
-3
-5
-6
-6
-7
-9
-9
-11
-12
-14
-14
-16
-16
-16
-16
-16
-15
-14
-11
-8
-4
0
4
7
11
15
17
20
21
22
22
21
19
17
14
12
9
7
6
4
3
2
2
1
2
1
0
-1
-2
-5
-8
-11
-14
-16
-18
-19
-20
-19
-19
-19
-18
-16
-15
-13
-11
-9
-8
-5
-5
-4
-5
-3
-4
-5
-5
-4
-4
-4
-3
-2
1
1
3
3
4
5
7
7
7
8
7
9
9
8
9
10
11
10
12
13
13
13
13
12
12
10
10
6
4
2
0
-2
-4
-4
-5
-6
-7
-7
-6
-7
-7
-7
-7
-7
-8
-9
-9
-8
-7
-7
-6
-5
-3
-2
0
2
5
8
11
12
13
14
15
15
15
14
13
12
11
10
9
9
7
7
6
5
2
0
-2
-4
-6
-9
-11
-13
-14
-16
-17
-18
-20
-19
-19
-18
-18
-15
-14
-11
-9
-7
-5
-4
-2
-1
-2
1
0
1
1
1
1
2
4
4
4
3
5
6
5
7
7
8
8
9
9
10
10
10
11
10
10
10
10
8
9
8
8
7
6
5
4
1
0
-3
-3
-5
-7
-8
-9
-11
-11
-11
-12
-12
-13
-12
-13
-12
-12
-12
-11
-11
-10
-8
-7
-5
-2
0
2
4
7
8
10
11
11
12
13
14
14
13
12
11
9
7
5
5
4
4
1
1
1
0
0
0
-1
-2
-3
-4
-6
-6
-6
-7
-7
-7
-7
-7
-7
-7
-7
-7
-7
-6
-6
-6
-6
-6
-6
-6
-6
-6
-5
-3
-3
-2
-2
-1
-1
1
0
1
1
4
4
4
6
7
7
9
10
10
11
10
11
12
12
13
14
13
13
11
11
8
6
5
2
1
0
-1
-3
-5
-6
-9
-9
-9
-11
-12
-13
-12
-14
-13
-13
-12
-12
-10
-9
-8
-7
-4
-1
1
2
5
6
7
8
10
11
11
11
10
9
8
7
6
5
4
3
2
1
0
0
0
-1
-4
-4
-5
-6
-6
-8
-9
-10
-11
-10
-10
-10
-9
-9
-8
-8
-5
-5
-4
-3
-1
1
1
2
3
3
5
7
7
8
8
8
8
8
8
7
7
6
3
4
1
1
1
0
0
0
0
-1
-2
-2
-2
-2
-1
-1
-1
-1
-1
-1
0
-1
-1
-2
-2
-3
-1
-2
-2
-2
-1
-1
-1
-1
0
0
-1
-1
-1
-2
-1
-1
0
-1
0
-1
0
0
0
1
2
3
2
3
4
3
3
4
4
3
3
2
3
3
3
2
2
1
1
2
2
2
2
2
1
0
0
0
-2
-2
-3
-4
-5
-6
-7
-7
-7
-6
-7
-8
-7
-7
-7
-5
-4
-3
-2
-1
0
1
2
3
4
5
6
5
6
6
6
4
4
5
3
4
3
3
1
2
2
1
1
2
1
-1
0
0
-1
-1
-1
-1
-2
-1
-2
-3
-3
-3
-4
-3
-5
-4
-4
-5
-4
-4
-3
-3
-3
-3
-3
-2
-3
-2
-3
-1
-1
-2
-1
0
0
0
0
1
3
4
6
6
6
6
6
6
6
5
5
5
4
5
4
5
3
3
3
2
2
1
2
1
0
-1
-1
-2
-2
-2
-4
-4
-4
-4
-3
-4
-5
-4
-4
-3
-2
-2
-2
0
0
0
0
1
-1
-1
0
0
0
0
1
0
0
0
0
0
1
0
