3.150839
2.326830
3.464307
2.385667
1.570570
1.930796
1.497950
0.854111
0.562161
0.317062
0.150004
0.022442
....................
3.167953
2.389543
3.697074
2.457234
1.653756
1.972824
1.499859
0.863032
0.524548
0.316916
0.127871
0.030048
....................
3.098172
2.366983
3.623249
2.405212
1.560048
2.020033
1.581674
0.779365
0.522044
0.362399
0.123228
0.022212
....................
3.102642
2.335965
3.468156
2.441411
1.524475
1.990495
1.499927
0.781101
0.503677
0.315913
0.146283
0.019822
....................
3.105235
2.356623
3.574334
2.482784
1.500072
1.956877
1.545954
0.822201
0.487654
0.304620
0.154510
0.020716
....................
