SAMPLES:	16020
BITSPERSAMPLE:	16
CHANNELS:	1
SAMPLERATE:	16000
NORMALIZED:	FALSE
-1
0
0
0
-1
1
0
1
-1
0
0
0
1
1
-1
3
-3
3
-3
2
-1
0
1
0
1
2
1
1
0
1
1
1
0
1
0
0
0
0
0
-1
0
0
1
0
0
-1
0
0
0
0
0
0
0
0
-1
0
1
0
0
0
0
1
0
-1
-1
-1
-1
-2
-1
0
-1
0
0
0
0
-1
-1
-1
-1
-1
-1
0
1
1
1
1
0
0
-1
1
0
1
1
1
1
1
1
1
1
0
0
0
1
0
0
1
0
1
1
1
2
1
0
0
0
1
0
0
-1
0
0
1
2
-1
0
-1
-1
0
-2
0
1
-1
2
1
-1
2
-3
4
-3
2
-1
0
1
0
1
-1
0
1
0
0
0
-1
0
0
0
1
0
-1
0
-1
-1
0
0
1
0
0
0
1
1
0
0
1
1
-1
0
-1
0
0
0
1
0
0
0
0
-1
0
0
-1
0
0
-1
-1
1
0
0
0
0
-1
0
1
0
0
0
-1
1
0
1
0
1
-1
0
0
0
-1
0
0
0
0
0
0
0
0
0
0
0
0
0
0
0
0
0
1
0
0
0
0
1
0
0
0
0
-1
1
-1
1
0
0
1
-1
0
0
-1
1
0
-1
3
-3
4
-3
2
-1
0
-1
0
0
1
0
0
0
0
0
0
0
1
0
0
0
0
-1
0
0
-1
0
0
0
-1
0
0
0
0
-2
-1
-1
-1
-1
-1
-1
-1
0
0
0
0
0
0
0
0
-1
0
0
0
-1
0
-1
0
-1
0
0
0
0
1
0
0
0
0
-1
1
0
0
0
0
0
1
0
0
0
0
0
0
1
0
0
0
0
-1
0
-1
0
0
0
0
0
0
0
-1
-1
-2
-2
-2
-1
-1
-1
-1
0
0
0
1
0
1
0
0
1
-1
1
0
0
3
-2
4
-2
3
1
1
1
-1
0
0
1
0
-1
0
0
0
-1
-1
-1
1
0
0
1
0
0
1
0
0
0
-1
1
0
0
0
0
0
0
-1
0
0
0
0
0
0
0
0
0
0
0
0
0
0
0
0
0
0
0
0
-1
0
-1
0
-1
0
0
0
0
0
-1
0
-1
1
0
0
0
0
0
-1
0
-1
0
-1
0
0
0
0
-1
0
-1
0
1
0
0
0
0
0
0
1
0
0
0
0
0
0
-1
0
1
-1
0
0
0
1
0
1
1
0
2
0
-1
3
-3
4
-3
2
-1
-1
-1
-1
-1
0
-1
-1
-1
-1
-1
0
0
1
0
0
0
2
1
2
2
1
1
1
1
-1
0
0
1
0
0
0
0
0
0
0
0
0
0
0
0
0
-1
0
0
0
0
0
0
0
0
0
-1
0
1
0
0
0
0
0
0
0
-1
1
0
0
0
1
0
1
0
0
0
0
0
0
0
-1
0
1
0
0
0
1
0
0
0
0
-1
1
1
0
0
1
0
0
0
0
0
0
0
0
0
-1
1
0
-1
2
-1
0
1
-1
1
0
-3
1
-3
3
-3
2
-1
0
-1
0
-1
1
0
2
1
2
2
2
2
1
1
1
1
1
1
1
1
1
1
1
1
0
0
0
-1
0
0
0
0
1
0
0
0
0
0
0
0
0
-1
0
0
0
-1
-1
-1
0
-1
-2
-1
-1
-1
-1
0
0
0
-2
-2
-2
-1
0
-2
-1
-1
-1
0
-1
0
0
0
0
0
0
1
0
0
0
0
0
1
0
0
1
1
1
1
1
0
2
0
1
0
1
1
1
1
0
1
0
1
0
1
0
-1
1
-1
1
1
-1
1
0
-1
3
-3
3
-3
2
-1
0
0
0
-1
0
0
0
1
0
0
1
0
0
0
-1
0
1
0
0
1
0
0
0
0
0
0
0
0
0
-1
0
-2
-1
-2
-1
-1
-1
0
0
0
0
-1
0
0
0
0
0
1
0
0
0
0
0
0
0
-1
0
0
0
0
0
0
0
1
1
1
1
1
1
0
1
-1
0
0
0
0
1
0
0
0
0
0
0
0
0
-1
-1
0
0
1
0
0
0
0
1
0
-1
0
1
0
0
0
-1
0
-1
-1
-1
-3
-1
0
-2
1
-1
-3
2
-3
3
-2
2
0
0
1
1
2
1
1
1
1
1
0
2
0
1
0
0
1
0
0
0
1
1
0
0
0
0
0
0
1
0
1
0
0
0
1
0
0
0
-1
1
1
0
-1
0
0
0
0
0
0
0
0
0
0
0
1
0
1
0
0
0
0
0
-1
0
1
0
0
-1
0
-1
0
0
-1
0
0
0
0
0
0
0
0
0
0
0
0
0
0
0
-1
-1
-1
-1
0
1
0
-1
-1
-1
-1
-1
-1
-1
-1
-1
-1
-1
-2
-1
-1
0
0
0
0
1
0
1
1
2
2
2
3
3
3
3
2
2
2
2
2
2
2
3
3
3
3
2
2
2
0
0
0
0
0
0
1
1
2
0
0
-1
-2
-2
-4
-3
-4
-4
-4
-4
-3
-3
-3
-3
-3
-3
-3
-2
-2
0
-1
1
1
1
1
1
2
1
1
2
1
2
2
2
1
2
1
1
1
1
0
0
1
0
1
1
1
1
0
0
0
-1
-1
-1
-2
-4
-5
-6
-7
-9
-10
-12
-13
-15
-16
-17
-17
-18
-17
-16
-15
-14
-11
-10
-10
-10
-9
-8
-7
-7
-6
-5
-3
-2
-1
1
6
9
11
14
17
26
38
54
67
83
109
145
190
236
282
332
386
443
489
508
492
444
370
278
171
50
-75
-205
-345
-494
-657
-825
-988
-1152
-1317
-1476
-1604
-1677
-1684
-1631
-1527
-1381
-1201
-1017
-825
-616
-410
-196
19
233
453
646
844
1057
1234
1430
1652
1826
1989
2140
2232
2304
2325
2258
2144
1965
1721
1451
1143
776
382
-8
-420
-836
-1197
-1546
-1888
-2172
-2438
-2667
-2807
-2918
-2971
-2902
-2768
-2560
-2246
-1918
-1578
-1181
-792
-390
29
387
721
1025
1247
1473
1681
1764
1805
1837
1787
1724
1671
1518
1314
1125
861
577
347
58
-228
-440
-703
-943
-1084
-1250
-1392
-1451
-1527
-1544
-1401
-1181
-929
-611
-237
202
761
1381
1933
2457
2989
3484
3969
4415
4680
4769
4769
4680
4481
4191
3729
3061
2343
1600
740
-172
-1128
-2194
-3199
-4100
-5016
-5853
-6587
-7309
-7878
-8291
-8643
-8785
-8748
-8596
-8196
-7671
-6990
-5965
-4804
-3546
-2062
-578
1006
2851
4607
6217
7828
9212
10389
11540
12334
12680
12847
12635
12030
11363
10309
8790
7270
5504
3452
1605
-319
-2429
-4232
-5929
-7625
-8883
-9891
-10840
-11379
-11668
-11905
-11686
-11117
-10547
-9710
-8721
-7819
-6578
-5120
-3869
-2545
-1241
-168
1122
2474
3469
4420
5271
5858
6600
7307
7572
7743
7803
7574
7453
7275
6650
5958
5212
4227
3422
2657
1532
517
-346
-1390
-2059
-2343
-2846
-3084
-2929
-2906
-2433
-1529
-934
-193
761
1493
2466
3499
4079
4540
4927
5001
5041
5069
4607
3800
3082
2134
1036
90
-1258
-2744
-3959
-5430
-6792
-7834
-9163
-10312
-11188
-12200
-12791
-13033
-13296
-13105
-12641
-12105
-10908
-9232
-7456
-5292
-2975
-666
2159
5164
7804
10398
12783
14652
16495
18117
18884
19144
19004
18090
16990
15771
13642
11154
8713
5765
2954
468
-2465
-5183
-7375
-9678
-11530
-12708
-13891
-14741
-15000
-15188
-15023
-14224
-13365
-12425
-11121
-9883
-8585
-6862
-5224
-3777
-2241
-938
317
1908
3261
4289
5328
6085
6820
7774
8288
8561
8869
8749
8674
8791
8333
7779
7338
6417
5634
5115
4151
3333
2785
1840
1162
957
516
323
482
207
153
660
870
1122
1580
1511
1549
1946
1924
1808
1652
1035
582
271
-496
-1318
-2182
-3356
-4345
-5209
-6372
-7512
-8627
-9855
-10860
-11741
-12743
-13563
-14031
-14187
-14100
-13811
-13105
-11896
-10282
-8184
-5791
-3267
-293
2982
6161
9436
12546
15026
17471
19820
21133
21710
21718
20717
19542
18329
16248
13889
11484
8495
5563
2756
-495
-3458
-5866
-8415
-10685
-12280
-13751
-14811
-15090
-15360
-15542
-15013
-14244
-13319
-11926
-10726
-9758
-8310
-6682
-5171
-3630
-2434
-1371
30
1371
2677
3921
4584
5284
6376
7141
7813
8412
8415
8496
8837
8744
8577
8299
7478
6828
6372
5459
4738
4253
3168
2256
1886
1228
919
1049
567
358
788
998
1454
2019
2055
2108
2380
2820
3135
2886
2434
1946
1529
1240
532
-475
-1735
-3171
-3996
-4951
-6520
-7950
-9705
-11402
-12243
-13464
-14946
-15858
-16962
-17475
-16653
-16218
-15950
-14508
-13055
-11221
-7673
-4539
-2061
1811
5329
8352
12841
16231
17988
20534
21878
21878
22844
22495
20553
19623
18002
15274
13573
11168
7403
4543
1592
-1987
-4205
-6312
-9321
-11252
-12741
-14507
-14898
-14949
-15753
-15770
-15309
-14891
-13585
-12269
-11618
-10537
-9080
-7678
-5909
-4292
-3323
-2096
-495
928
2602
4077
4814
5950
7369
8253
9358
10145
10005
10417
11029
10766
10702
10457
9283
8767
8558
7257
6239
5560
3999
3154
3046
1775
776
638
-305
-629
-113
-769
-1128
-595
-920
-885
-49
-218
-535
74
54
-436
-26
-381
-1612
-1545
-2149
-3824
-4205
-5429
-7413
-8024
-9415
-11152
-11781
-13243
-14566
-14881
-15588
-15448
-14737
-14442
-13149
-11506
-9594
-6452
-3585
-908
2658
6026
9349
13167
16000
17837
19800
21094
21431
21589
20839
19066
17708
16166
13683
11389
8601
5117
2433
-78
-3035
-5501
-7632
-9887
-11376
-12349
-13398
-13835
-13878
-14047
-13906
-13100
-12354
-11585
-10386
-9716
-9095
-7688
-6395
-5265
-3813
-2924
-2151
-559
821
2043
3420
4118
4921
6292
7421
8356
8945
9130
9595
10061
10247
10339
10019
9471
9117
8578
7781
7138
6379
5450
4749
3882
2980
2647
2061
1348
1134
412
-230
-1
-295
-638
-566
-1249
-1668
-1279
-1523
-1985
-2334
-3227
-3849
-4112
-4819
-5799
-6889
-8138
-9281
-10418
-11504
-12525
-13915
-14825
-15525
-16405
-15991
-15206
-14910
-13886
-12236
-10637
-7729
-3932
-1408
1575
5363
8422
12358
16505
18441
19700
21286
21829
22113
22240
20571
18385
17103
15064
12327
10218
6982
2961
518
-2020
-5125
-7017
-9174
-11551
-12359
-13040
-13909
-13727
-13635
-13961
-13374
-12296
-11501
-10225
-8935
-8612
-7851
-6335
-5324
-4077
-2756
-2408
-1629
-167
986
2284
3250
3647
4687
5925
6978
8206
8578
8537
9264
9651
9895
10511
10018
9420
9688
8959
8081
8117
7236
6078
5688
4693
3765
3675
2826
1755
1480
618
-244
87
-198
-1097
-1240
-1750
-2300
-1877
-2167
-3087
-3299
-3756
-4367
-4367
-4944
-6223
-7119
-7919
-8937
-9904
-10898
-12073
-13303
-14148
-14794
-15602
-15577
-14879
-14612
-13677
-11892
-10135
-7124
-3640
-1426
1703
5738
8634
12450
16614
18076
19453
21655
21940
22008
22148
20051
18098
17131
14705
12041
9735
5846
2119
147
-2603
-5810
-7430
-9592
-12034
-12435
-13163
-14248
-13680
-13716
-14009
-12927
-12230
-11495
-10059
-9161
-8417
-7412
-6273
-5024
-3862
-2821
-2249
-1478
-138
943
2250
3260
3461
4567
5843
6729
8197
8556
8314
9336
9747
9872
10809
10283
9188
9405
8997
8393
8768
7641
5771
5591
4880
3681
3900
2766
797
953
515
-596
-42
-745
-2228
-1734
-1830
-2439
-1652
-1924
-3116
-2976
-3020
-3761
-3759
-4390
-6158
-6794
-7298
-8986
-9904
-10941
-12945
-13816
-14667
-15913
-16071
-16361
-16355
-15449
-14717
-12996
-10592
-8219
-4915
-1773
1388
5408
9217
13013
16403
18823
20777
21963
22844
22879
21761
20936
19164
16882
15543
12627
9169
6778
3232
4
-2122
-5163
-7736
-9366
-11258
-12580
-13124
-13631
-13901
-13606
-13297
-13086
-12132
-11047
-10331
-9157
-8281
-7803
-6420
-5052
-4272
-3158
-2410
-1992
-670
772
1684
2656
3372
4142
5416
6571
7665
8408
8630
9352
10047
10445
11138
10936
10291
10462
10115
9510
9502
8518
7062
6500
5570
4387
3998
2929
1259
644
-23
-992
-999
-1595
-2940
-3047
-3088
-3669
-3343
-3427
-4329
-4243
-4246
-4992
-5035
-5390
-6548
-6993
-7548
-8776
-9578
-10438
-11586
-12282
-12939
-13704
-14119
-13902
-13123
-12463
-11641
-10045
-8131
-5424
-2032
532
3137
6702
9881
13029
16491
18355
19277
20830
21279
20839
20807
19021
16606
15442
12761
9836
7859
3927
667
-1210
-4689
-7062
-8499
-11077
-12272
-12958
-14150
-14100
-13821
-13626
-13044
-12577
-11626
-10444
-9242
-7780
-7081
-6484
-5098
-4005
-2823
-1430
-1117
-617
789
1820
3016
3984
4073
5009
6207
7026
8383
8673
8391
9457
10152
10352
10927
10505
9902
10266
10176
9517
9068
8060
6722
6112
5409
4242
3424
2211
710
97
-545
-1506
-1978
-2773
-3667
-3735
-3944
-4329
-4208
-4517
-5166
-5267
-5419
-5689
-5810
-6509
-7603
-8328
-8882
-9576
-10467
-11490
-12570
-13337
-13445
-13685
-14155
-13598
-12699
-12044
-10215
-8062
-6370
-3272
32
2300
5933
9644
11921
15455
18604
19419
20837
21921
21230
21129
20556
18252
16394
14657
11745
9158
6710
2741
-482
-2419
-5748
-8212
-9472
-12106
-13220
-13739
-15349
-14560
-14298
-15194
-13401
-12761
-12884
-10626
-9442
-8782
-7390
-6604
-5260
-3940
-2837
-1386
-752
85
1279
2386
4014
4673
5130
6655
7527
8627
10008
9953
10437
11702
11787
12072
12551
11716
11479
11849
10605
9582
9324
7586
6275
5883
3870
2303
1887
-50
-1439
-1562
-3246
-4406
-4021
-5068
-5818
-5323
-6227
-6392
-5161
-5657
-5925
-5271
-5953
-5798
-5032
-6122
-6930
-7066
-8176
-8929
-9265
-10497
-11626
-11950
-12694
-13333
-12552
-11976
-11897
-10381
-8716
-7133
-3795
-852
1110
4565
7851
10248
13955
16923
18005
19720
20793
20333
20747
20340
17928
16391
14725
11688
9582
7009
2838
-19
-2308
-5632
-7814
-9477
-12020
-13192
-13532
-14670
-14615
-13903
-14020
-13331
-12213
-11402
-10026
-8659
-7474
-6535
-5618
-4025
-3141
-2239
-538
-191
386
1863
2366
3488
4520
4644
5709
6451
7180
8469
8343
8680
9876
10033
10701
11134
10347
10722
11186
10197
9784
9545
8145
7286
6783
5048
3834
3342
1693
381
-105
-1576
-2615
-2633
-3567
-4267
-4107
-5099
-5662
-4890
-5502
-6190
-5942
-7016
-7532
-7035
-8131
-9002
-9099
-10126
-10913
-11199
-11750
-12230
-12425
-12697
-13276
-12375
-10434
-9960
-8752
-6540
-5413
-2193
2125
3804
6390
9938
11496
14627
18489
18717
18943
20245
19082
18674
19544
16787
13506
12253
9182
6423
5459
1756
-2370
-3795
-6281
-8911
-9347
-10997
-13099
-13126
-13631
-14132
-12679
-11951
-12164
-11117
-10021
-9107
-7022
-5462
-5245
-4521
-3389
-2415
-1095
97
432
197
862
2241
2939
4288
4903
3789
5339
7155
6646
8024
8456
7392
9020
9514
9083
10135
9597
9287
9662
8922
9194
8817
7508
7326
5978
4777
4917
3182
1636
1488
-347
-1672
-1258
-2403
-3619
-3581
-4727
-5381
-4629
-5314
-6103
-5931
-6879
-7417
-6860
-7613
-8705
-9006
-9778
-10376
-10476
-11246
-12049
-12188
-12583
-13124
-12632
-11714
-11470
-10652
-9233
-8216
-5841
-2652
-710
1837
4930
7117
10340
13991
15927
17441
18955
19517
20078
20723
19682
17568
16160
14474
12336
10437
7184
3398
971
-1704
-4593
-6706
-9257
-11605
-12876
-14059
-14923
-15117
-15177
-14985
-14366
-13497
-12388
-11001
-9575
-8345
-7108
-5653
-4304
-3082
-1636
-498
180
1134
2115
3249
4503
5038
5622
6465
7283
8457
9053
9703
10383
10399
11790
12380
11719
13041
12436
11189
12803
11673
10218
10814
8404
6844
6914
4749
3487
2208
-244
-1168
-2068
-3323
-4171
-5204
-5929
-6754
-7006
-6618
-7143
-7395
-7317
-7781
-7601
-7413
-7908
-8367
-9070
-9783
-10189
-10734
-11520
-12517
-13484
-14439
-15326
-14930
-13946
-14086
-13673
-12070
-10637
-7461
-3375
-1528
1199
5625
8778
13112
17880
19244
20544
22852
23149
23513
24044
21698
19151
18253
16082
13281
11026
6874
2315
-191
-3231
-6876
-9064
-11544
-14268
-15456
-16397
-17162
-16656
-16314
-16442
-15533
-13960
-12425
-10405
-8653
-7889
-6618
-4607
-2987
-1415
-149
408
1322
2568
3928
5424
5879
5957
6961
7866
8842
9911
9703
9824
10980
11165
11473
12172
11368
11166
11945
10708
9714
9986
8118
6681
6497
3850
2600
2827
-234
-1527
-1361
-4329
-4681
-3689
-5892
-6060
-5551
-7148
-6477
-5348
-6256
-6187
-5662
-6167
-5920
-5096
-5766
-6860
-6865
-7384
-8317
-8677
-9926
-11440
-11794
-12597
-13897
-13994
-13531
-13395
-12743
-11463
-10011
-7615
-4269
-1339
1449
5036
8648
12152
16022
18799
20019
21339
22413
22508
22438
21412
19033
17074
15318
12748
10086
7005
3110
-136
-2724
-5714
-8418
-10548
-12773
-14388
-14976
-15466
-15754
-15290
-14751
-14266
-13153
-11746
-10454
-8972
-7633
-6602
-5218
-3689
-2471
-1203
-24
633
1370
2750
4260
5253
5796
6321
7057
8027
9043
9413
9367
9741
9952
10152
10926
10871
10270
10225
9579
8899
8880
8030
6727
5537
3994
2905
2121
833
-531
-1805
-3021
-3707
-3853
-4219
-4891
-5274
-5647
-5573
-4723
-4682
-5027
-4610
-4638
-4576
-3753
-3595
-3666
-3585
-3960
-3918
-3934
-4828
-5261
-5761
-7196
-8100
-8864
-10160
-10403
-10427
-11389
-11624
-11106
-10127
-7748
-5784
-4839
-2422
684
3296
7105
10564
11880
13994
16832
18217
19917
20623
18627
18031
18111
15777
14220
12495
7897
4941
3406
-322
-3171
-5222
-8822
-10661
-11496
-13808
-14138
-13530
-14438
-14268
-13357
-12785
-11198
-9423
-8933
-8146
-6845
-5668
-4176
-2974
-2246
-2186
-1269
-19
847
2459
2653
2456
3889
5152
6111
7727
7966
7800
9558
10661
11588
12673
12341
12037
12611
12799
12288
12158
10908
8932
8044
6763
5337
4351
2119
-312
-1119
-2111
-3492
-3837
-4980
-6340
-5983
-6026
-6220
-5479
-5765
-6375
-5927
-5735
-5347
-5195
-5985
-6276
-7064
-7024
-7177
-8554
-8761
-10530
-11952
-11833
-13052
-14052
-14056
-14151
-14353
-13687
-12414
-10298
-7960
-5603
-2374
558
4242
8573
11804
15090
18285
20008
21535
23061
22924
22165
21461
19705
17820
16365
13670
10260
7302
3854
620
-1850
-5084
-8204
-10050
-11918
-13566
-14229
-14914
-15361
-14929
-14463
-13884
-12650
-11411
-10229
-8737
-7536
-6636
-5328
-3904
-2887
-2005
-1158
-477
501
1865
2937
3747
4427
5077
6315
7574
8267
9063
9625
10086
11112
11688
11857
12240
11973
11503
11363
10658
9756
9023
7591
5798
4536
3272
1755
479
-1084
-2736
-3419
-4159
-5065
-4998
-5280
-5881
-5314
-4931
-4799
-3858
-3501
-3503
-2764
-2429
-2388
-2001
-2367
-3207
-3567
-4316
-5550
-6411
-7628
-9211
-10310
-11803
-13393
-13835
-14373
-15035
-14726
-14483
-13744
-11310
-8803
-6703
-3880
-588
2947
6931
10745
13775
16276
18550
20324
21478
21960
21334
20058
18886
17348
15230
12899
9936
6541
3560
704
-2173
-4705
-7127
-9277
-10936
-12245
-12845
-13000
-13194
-13014
-12651
-12159
-10912
-9577
-8668
-7638
-6833
-6143
-4743
-3558
-3131
-2572
-2182
-1857
-608
551
940
1527
2172
2865
4389
5808
6406
7208
8199
8907
10045
11228
11601
11709
11701
11573
11695
11449
10618
9489
7884
6466
5407
4095
2760
1084
-889
-2033
-2815
-3664
-4050
-4681
-5510
-5382
-4873
-4510
-3884
-3566
-3577
-3030
-2465
-2250
-1852
-1915
-2621
-3020
-3437
-4349
-5306
-6580
-8205
-9489
-10838
-12596
-13993
-15110
-15898
-15884
-15992
-15899
-14433
-12682
-10540
-7405
-4620
-1568
2344
6009
9998
13806
16378
18928
21049
21835
22346
22340
21057
19565
18356
16376
13685
11205
8175
4667
2074
-639
-3940
-6127
-7869
-10036
-11372
-12134
-12862
-12723
-12396
-12561
-12109
-11054
-10098
-9005
-8200
-7878
-7108
-5995
-5186
-4495
-3991
-3769
-3173
-2129
-1151
-211
536
972
2062
3771
4989
6112
7385
8186
9317
10928
11842
12475
13122
13104
13157
13306
12573
11788
11021
9262
7556
6293
4582
3176
1875
-265
-1921
-2812
-3925
-4401
-4628
-5669
-6047
-5451
-5123
-4578
-3935
-3990
-3787
-2978
-2496
-2285
-2230
-2755
-3362
-3680
-4419
-5549
-6514
-7773
-9312
-10507
-11813
-13347
-14225
-14669
-14982
-14675
-14218
-13449
-11329
-8824
-6548
-3612
-414
2877
6780
10559
13592
16131
18367
20042
21127
21848
21356
19877
18828
17413
15206
12941
9936
6731
4156
1313
-1546
-4128
-6686
-8400
-9638
-11047
-11804
-12043
-12165
-11802
-11494
-11342
-10523
-9466
-8675
-7833
-7333
-6994
-5995
-5095
-4760
-4353
-4130
-3874
-2813
-1766
-1181
-373
412
1309
2904
4313
5242
6527
7679
8487
9914
11106
11635
12290
12444
12154
12136
11965
11260
10391
9049
7196
5975
5004
3575
2207
637
-1160
-2081
-2487
-3236
-3602
-3936
-4481
-3991
-3153
-2915
-2486
-2169
-2226
-1818
-1345
-1472
-1880
-2396
-3279
-4258
-4995
-6157
-7689
-8890
-10587
-12573
-13790
-15080
-16320
-16581
-16841
-17041
-16222
-14905
-12971
-10081
-7366
-4777
-1265
2697
6585
10506
13873
16504
18935
20899
21935
22219
21850
20697
19388
18185
16247
13694
11045
8059
5027
2478
-131
-2883
-5140
-7082
-8576
-9732
-10726
-11088
-10982
-10872
-10967
-10694
-9966
-9372
-8628
-8041
-8030
-7660
-6847
-6366
-5994
-5709
-5631
-5154
-4158
-3165
-2369
-1543
-793
180
1880
3562
4796
6299
7680
8789
10372
11622
12450
13459
13805
13605
13672
13513
12712
11903
10653
8783
7470
6156
4304
2595
738
-1157
-2184
-2923
-3756
-4166
-4861
-5551
-5123
-4530
-4188
-3738
-3540
-3214
-2560
-2276
-2400
-2628
-3196
-3912
-4577
-5471
-6662
-8079
-9436
-10899
-12356
-13709
-15170
-15969
-16188
-16306
-15973
-15185
-14092
-12104
-9483
-6924
-3908
-600
2884
6826
10658
13891
16668
19044
20651
21671
21977
21317
20484
19470
17860
16009
13723
10862
8100
5435
2568
-136
-2717
-5091
-6812
-8116
-9358
-10495
-10912
-10998
-10921
-10579
-10863
-10684
-9746
-9159
-8613
-8174
-8149
-7970
-7330
-6890
-6570
-6259
-6065
-5247
-4056
-3119
-2234
-1271
-216
1368
3157
4639
6253
7861
9067
10367
11639
12444
13407
14126
14055
14073
14010
13367
12752
11914
10025
8358
7109
5424
4261
2789
732
-634
-1539
-2298
-2686
-3177
-4221
-4688
-4472
-4461
-4332
-4293
-4727
-4987
-4906
-5221
-5678
-6136
-7075
-7929
-8463
-9495
-10535
-11025
-12069
-13234
-14127
-15167
-15556
-14977
-14399
-14188
-13262
-11736
-9291
-5704
-3006
-712
2524
6085
9952
13933
16598
18186
19874
21024
21618
21910
20981
19373
18117
16484
14302
12031
9092
5875
3370
817
-2085
-4452
-6530
-8505
-9784
-10869
-11841
-11806
-11495
-11489
-11258
-10939
-10373
-9268
-8323
-8010
-7666
-7391
-6960
-6089
-5869
-5745
-5319
-4856
-3959
-2722
-1668
-1096
-271
1000
2510
4211
5502
6587
7903
9206
10378
11399
11937
12408
13043
13119
12861
12629
11962
11140
10228
8616
7127
6153
4751
3298
2057
392
-883
-1378
-2003
-2534
-2919
-3714
-3985
-3517
-3445
-3593
-3627
-3964
-4074
-3867
-4253
-4979
-5679
-6655
-7677
-8533
-9775
-11118
-12084
-13208
-14473
-15621
-16445
-16589
-16030
-15450
-15098
-13811
-11697
-8864
-5484
-2718
150
3714
7613
11577
15007
17534
19163
20707
21964
22336
22069
20643
18941
17667
15969
13733
10899
7701
4827
2315
-378
-3101
-5490
-7596
-9059
-10200
-11340
-11928
-11985
-11916
-11726
-11515
-11239
-10429
-9383
-8810
-8406
-8045
-7700
-6865
-6036
-5860
-5572
-5054
-4514
-3002
-1815
-1192
-36
919
2358
4352
5830
6810
8140
9311
10316
11908
12657
13012
13545
13724
13454
13186
12778
11650
10932
9560
7659
6670
5404
3851
2572
900
-893
-1590
-2045
-2707
-2946
-3653
-4299
-3969
-3697
-3739
-3632
-3963
-4246
-3912
-3951
-4465
-5150
-6193
-7232
-8038
-8947
-10056
-11216
-12371
-13597
-14703
-15594
-16269
-16271
-15798
-15428
-14620
-13051
-10840
-7842
-4735
-1993
1173
4923
8807
12693
15915
18085
19926
21554
22416
22525
21754
20226
18789
17393
15400
12960
10075
6878
4132
1665
-1080
-3670
-5946
-7956
-9302
-10323
-11366
-11791
-11661
-11568
-11411
-11180
-10875
-10025
-9011
-8549
-8215
-7765
-7264
-6465
-5860
-5776
-5539
-4989
-4118
-2739
-1581
-796
111
1238
2742
4441
5863
6919
8149
9409
10715
11880
12486
12916
13010
13102
13004
12623
12147
11082
9851
8517
7291
6073
4570
3158
1672
241
-858
-1605
-2173
-2652
-3285
-3952
-4137
-4095
-4050
-4034
-4198
-4306
-4180
-4161
-4386
-4852
-5698
-6605
-7358
-8175
-9022
-9978
-11150
-12275
-13371
-14551
-15386
-15705
-15619
-15141
-14470
-13508
-11707
-9137
-6339
-3521
-708
2350
6053
10052
13587
16423
18570
20162
21468
22234
21922
20780
19437
18019
16425
14535
11997
8920
5996
3311
601
-2005
-4549
-6806
-8361
-9656
-10877
-11509
-11801
-12016
-11913
-11807
-11677
-10990
-10099
-9422
-8807
-8417
-8089
-7333
-6535
-6075
-5669
-5289
-4661
-3376
-2034
-1148
-250
793
2106
3852
5424
6662
7996
9220
10284
11491
12464
13003
13390
13488
13271
13036
12675
11824
10852
9617
7919
6635
5358
3789
2424
918
-682
-1629
-2118
-2699
-3106
-3580
-4202
-4132
-3845
-3888
-3816
-3905
-4195
-3994
-3843
-4360
-5002
-5757
-6731
-7455
-8140
-9211
-10289
-11128
-12199
-13373
-14343
-15239
-15546
-15128
-14540
-14006
-12852
-11088
-8741
-5531
-2804
-200
3091
6450
10184
13913
16545
18263
20013
21318
21794
21785
20729
19089
17789
16288
14187
11776
8823
5719
3180
626
-2183
-4627
-6688
-8455
-9786
-10876
-11694
-11960
-11908
-11911
-12014
-11858
-11134
-10173
-9386
-8930
-8751
-8251
-7271
-6523
-6166
-5883
-5463
-4589
-3216
-1843
-905
-172
820
2182
3983
5684
6750
7903
9351
10547
11749
12676
13089
13551
13744
13536
13414
12982
12032
11023
9648
8039
6681
5230
3704
2295
827
-774
-1760
-2174
-2679
-3144
-4007
-4579
-4505
-4351
-4065
-4098
-4375
-4434
-4204
-4163
-4592
-5221
-6011
-6746
-7352
-8164
-9258
-10310
-11305
-12424
-13467
-14472
-15312
-15488
-15199
-14821
-14029
-12786
-10945
-8265
-5409
-2687
283
3546
7222
11150
14507
17021
19011
20567
21637
22113
21707
20517
19149
17772
16033
13833
11097
7983
5070
2419
-279
-2867
-5230
-7338
-8943
-10174
-11249
-11940
-12214
-12256
-12128
-12012
-11763
-10993
-10077
-9409
-8955
-8663
-8126
-7225
-6488
-6032
-5522
-4982
-4001
-2466
-1121
-108
951
2133
3513
5383
6899
8039
9481
10459
11538
12779
13463
13842
13872
13533
13148
12917
12192
11024
9698
7915
6296
5058
3635
2126
633
-1049
-2312
-2918
-3388
-3914
-4422
-4800
-5025
-4705
-4199
-3945
-3817
-3730
-3752
-3629
-3223
-3698
-4475
-5039
-5993
-6554
-7250
-8501
-9526
-10549
-11753
-12728
-13527
-14263
-14401
-14124
-13805
-13057
-11762
-10029
-7606
-4902
-2456
341
3644
7041
10545
13679
16030
18068
19738
20679
21059
20696
19573
18344
16975
15131
12982
10426
7457
4634
2039
-585
-3170
-5474
-7309
-8798
-10137
-11125
-11640
-11803
-11772
-11751
-11649
-11216
-10512
-9694
-8952
-8586
-8307
-7636
-6806
-6067
-5446
-5054
-4505
-3258
-1856
-739
250
1070
2146
3805
5682
7109
8420
9606
10500
11830
12829
13331
13678
13521
13230
12990
12623
11841
10787
9352
7597
6212
4942
3499
2065
501
-1169
-2188
-2730
-3328
-3759
-4228
-4784
-4766
-4368
-4215
-3964
-3877
-4047
-3968
-3857
-4021
-4442
-5071
-6170
-6903
-7545
-8436
-9175
-10593
-11683
-12560
-13604
-14394
-14993
-14794
-14517
-14063
-13017
-11603
-9442
-6676
-3935
-1287
1906
5387
8948
12591
15624
17826
19653
21030
21755
21923
21169
19706
18159
16649
14808
12491
9728
6586
3775
1211
-1447
-3944
-6147
-7902
-9348
-10500
-11300
-11688
-11708
-11751
-11862
-11695
-11145
-10421
-9628
-9057
-8854
-8477
-7764
-7054
-6366
-5858
-5589
-4977
-3774
-2448
-1140
54
1018
2259
4067
5792
7147
8614
9754
10654
11991
12931
13504
13971
13735
13290
13105
12561
11599
10573
8990
7246
5979
4617
3067
1573
-143
-1728
-2520
-2969
-3453
-3724
-4250
-4800
-4579
-4212
-4104
-3840
-3842
-3986
-3744
-3693
-4079
-4630
-5439
-6436
-7255
-7968
-8813
-9701
-10576
-11653
-12649
-13295
-14049
-14458
-14182
-13824
-13190
-12065
-10482
-8149
-5243
-2764
-327
2900
6133
9590
13145
15617
17635
19615
20780
21359
21400
20427
19125
17864
16085
13916
11552
8633
5518
2844
160
-2589
-4957
-7145
-8859
-9934
-11108
-12036
-12245
-12281
-12239
-12140
-12031
-11441
-10503
-9699
-9136
-8744
-8137
-7234
-6346
-5583
-4995
-4415
-3524
-2282
-887
342
1293
2207
3403
4982
6516
7666
8793
9721
10654
11776
12386
12756
13033
12804
12316
11943
11406
10576
9639
8111
6332
5019
3783
2567
1428
-27
-1405
-2082
-2519
-2884
-3147
-3721
-4166
-3965
-3682
-3454
-3207
-3352
-3557
-3397
-3429
-3819
-4304
-5058
-5998
-6791
-7666
-8847
-9882
-10921
-12235
-13313
-14298
-15265
-15465
-15050
-14620
-13984
-12969
-11381
-8816
-5829
-3041
-381
2609
6303
10058
13584
16484
18226
19897
21330
21763
21731
20754
19168
17829
16111
13972
11601
8721
5835
3188
449
-2149
-4372
-6334
-8046
-9521
-10754
-11556
-11790
-11760
-11801
-11918
-11874
-11365
-10468
-9656
-9231
-9077
-8681
-7777
-6824
-6130
-5607
-5128
-4266
-2811
-1339
-121
945
1928
3276
5149
6896
8189
9240
10190
11323
12613
13543
13910
13901
13698
13398
13084
12451
11433
10137
8581
7104
5657
4335
2958
1338
-253
-1655
-2516
-2948
-3381
-3951
-4579
-4871
-4759
-4479
-4323
-4440
-4583
-4533
-4402
-4320
-4618
-5383
-6124
-6762
-7343
-7990
-9034
-10074
-10746
-11516
-12418
-13277
-14005
-14016
-13420
-12925
-12271
-11058
-9256
-6710
-3884
-1452
1155
4311
7699
11183
14401
16811
18546
20127
21113
21425
21046
19913
18536
17017
15258
12808
10116
7313
4221
1651
-980
-3747
-6001
-7939
-9576
-10869
-11908
-12549
-12644
-12560
-12591
-12543
-12187
-11488
-10469
-9501
-9046
-8716
-8106
-7244
-6136
-5279
-4901
-4415
-3405
-1898
-320
842
1696
2607
3951
5697
7203
8358
9413
10309
11405
12401
12943
13276
13245
12940
12544
12130
11511
10586
9350
7705
6221
5011
3671
2322
914
-613
-1692
-2170
-2603
-2920
-3263
-3816
-3952
-3683
-3516
-3345
-3346
-3599
-3577
-3457
-3671
-4061
-4748
-5747
-6573
-7330
-8330
-9339
-10252
-11311
-12347
-13279
-14210
-14846
-14875
-14459
-13923
-13081
-11869
-10061
-7452
-4767
-2062
858
4008
7517
11108
14378
16991
19008
20462
21405
21795
21463
20477
19094
17501
15564
13242
10652
7991
5161
2235
-524
-3165
-5516
-7437
-8954
-10424
-11548
-12094
-12469
-12413
-12384
-12623
-12271
-11453
-10540
-9585
-9032
-8788
-8205
-7285
-6418
-5679
-5145
-4558
-3506
-1991
-553
488
1393
2309
3772
5578
7203
8557
9302
10302
11552
12650
13644
13912
13692
13542
13473
13116
12530
11530
9911
8483
7263
5907
4601
2974
996
-492
-1556
-2482
-2906
-3490
-4498
-4941
-4978
-5125
-4934
-4837
-5092
-4998
-4907
-4994
-4884
-5198
-5902
-6382
-6921
-7456
-7909
-8703
-9679
-10546
-11385
-12231
-13129
-13781
-13874
-13556
-12959
-12055
-10824
-9006
-6571
-3964
-1250
1768
4834
7961
11408
14589
17031
19004
20335
20917
21167
20849
19742
18478
17025
14900
12493
9854
6809
3850
1138
-1722
-4337
-6454
-8410
-10028
-11247
-12118
-12784
-12950
-12765
-12749
-12493
-12085
-11259
-10278
-9706
-9152
-8658
-7986
-7118
-6279
-5577
-5025
-4199
-2949
-1497
-202
871
1751
2699
4203
5876
7482
8824
9648
10661
11958
13125
13989
14264
14202
14107
13952
13652
13107
11998
10349
8805
7291
5808
4377
2532
720
-744
-2021
-2967
-3676
-4400
-5145
-5511
-5630
-5632
-5430
-5303
-5235
-5131
-5099
-4996
-4874
-5202
-5816
-6385
-6933
-7422
-8050
-9003
-9917
-10693
-11623
-12431
-13209
-13868
-13659
-13052
-12456
-11587
-10366
-8658
-6221
-3423
-877
1918
5007
8042
11503
14709
16948
18691
19960
20717
21110
20867
19675
18237
16710
14564
12285
9708
6654
3840
1101
-1782
-4280
-6272
-8027
-9541
-10848
-11848
-12332
-12324
-12279
-12360
-12203
-11715
-10877
-9889
-9174
-8821
-8321
-7545
-6680
-5730
-5104
-4659
-4042
-3038
-1562
-273
607
1357
2409
3951
5659
7128
8256
9299
10483
11821
13004
13719
13989
14017
14046
13976
13594
12872
11647
10165
8824
7347
5794
4272
2355
520
-874
-2153
-3096
-3863
-4837
-5552
-5957
-6240
-6231
-6111
-6098
-6128
-6094
-5851
-5555
-5534
-5827
-6282
-6664
-6922
-7323
-7998
-8803
-9617
-10288
-10889
-11655
-12589
-13291
-13193
-12495
-11906
-11217
-10137
-8577
-5987
-3046
-635
2070
5044
7864
11325
14622
16622
18271
19639
20258
20868
20869
19589
18153
16587
14419
12288
9873
6865
4033
1291
-1690
-4328
-6373
-8115
-9709
-11129
-12215
-12752
-12724
-12522
-12562
-12566
-12180
-11456
-10333
-9369
-9125
-8802
-8018
-7104
-6078
-5442
-5057
-4374
-3560
-2183
-531
266
938
2103
3474
5355
7210
8361
9385
10637
12096
13640
14677
14886
14827
14892
14725
14443
14023
12689
10899
9362
7633
6077
4679
2597
646
-698
-2172
-3158
-3602
-4517
-5307
-5488
-5739
-5722
-5387
-5487
-5562
-5414
-5588
-5444
-5009
-5411
-6170
-6612
-7155
-7621
-8047
-9108
-10147
-10708
-11559
-12426
-13073
-14046
-14261
-13408
-12865
-12082
-10674
-9454
-7267
-3978
-1315
1326
4599
7641
11100
14973
17518
19074
20562
21225
21426
21628
20602
18859
17514
15517
12970
10746
7841
4543
1935
-914
-3931
-5953
-7697
-9590
-10968
-12090
-12871
-12764
-12580
-12816
-12832
-12592
-12033
-10815
-9776
-9440
-9010
-8311
-7459
-6278
-5411
-5077
-4426
-3314
-1998
-497
725
1317
2206
3894
5500
7124
8719
9256
10157
12036
12980
13622
14415
14313
14382
14520
13969
13537
12404
10500
9160
7665
5917
4567
2746
636
-866
-2111
-3196
-3874
-4675
-5545
-5856
-5962
-6075
-5791
-5630
-5769
-5641
-5517
-5387
-4993
-5107
-5771
-6271
-6726
-7095
-7463
-8458
-9658
-10378
-10972
-11605
-12354
-13368
-13823
-13229
-12478
-11806
-10791
-9551
-7659
-4774
-1814
930
3822
6651
9782
13407
16393
18269
19562
20412
20989
21318
20776
19261
17506
15626
13390
11027
8363
5217
2254
-497
-3284
-5548
-7363
-9193
-10738
-11978
-12905
-13104
-12898
-12861
-12869
-12699
-12192
-11200
-10143
-9475
-8977
-8384
-7612
-6522
-5497
-4919
-4382
-3549
-2340
-735
590
1360
2285
3643
5347
7280
8721
9627
10776
12136
13494
14765
15311
15275
15288
15138
14856
14309
12919
11189
9645
8005
6336
4672
2758
699
-1038
-2361
-3610
-4631
-5346
-6108
-6569
-6763
-7002
-6833
-6516
-6421
-6229
-6130
-5939
-5477
-5453
-5871
-6306
-6683
-6924
-7271
-8004
-8901
-9618
-10086
-10631
-11333
-12116
-12729
-12510
-11681
-11008
-10227
-9116
-7512
-4901
-1913
697
3306
6057
9012
12441
15597
17684
19112
20187
20768
21097
20792
19421
17842
16138
13834
11637
9178
5982
3166
501
-2466
-4722
-6617
-8583
-9982
-11213
-12328
-12610
-12540
-12654
-12656
-12536
-12261
-11413
-10331
-9675
-9173
-8650
-8097
-6979
-5714
-4971
-4323
-3640
-2691
-1112
368
1419
2444
3500
4906
6688
8261
9448
10389
11290
12292
13223
13916
14198
14006
13527
12928
12294
11460
10229
8662
6932
5377
3973
2456
1118
-254
-1871
-3000
-3599
-4054
-4290
-4754
-5337
-5285
-4868
-4586
-4398
-4369
-4429
-4282
-3967
-3893
-4218
-4730
-5325
-5862
-6352
-7105
-8131
-9132
-10095
-10909
-11498
-12300
-13325
-13845
-13689
-13261
-12602
-11850
-10966
-9158
-6463
-3656
-927
1993
4919
8110
11893
15041
17394
19410
20614
21335
21847
21445
20160
18801
17165
15113
13099
10646
7626
4737
1993
-840
-3305
-5378
-7428
-9226
-10659
-11853
-12530
-12720
-13026
-13366
-13333
-13106
-12538
-11581
-11002
-10709
-10028
-9166
-8200
-7109
-6406
-5903
-4991
-3663
-2108
-612
516
1569
2956
4775
6755
8273
9371
10602
11948
13441
14828
15362
15406
15504
15360
15098
14599
13342
11703
10083
8420
6803
5226
3359
1289
-535
-1924
-3028
-3917
-4795
-5736
-6268
-6555
-6752
-6523
-6261
-6189
-5989
-5615
-5458
-5187
-4918
-5274
-5575
-5781
-6059
-6198
-6736
-7577
-8226
-8784
-9257
-9801
-10587
-11416
-11974
-11731
-10982
-10545
-10033
-9122
-7637
-5126
-2352
-25
2390
5128
8154
11559
14734
16870
18222
19396
20159
20512
20449
19350
17737
16170
14106
11955
9732
6711
3735
1150
-1675
-4094
-5946
-7866
-9581
-11055
-12361
-12917
-12966
-13144
-13292
-13279
-12971
-12080
-11052
-10413
-9966
-9448
-8639
-7487
-6352
-5547
-4969
-4213
-2942
-1382
10
1009
1823
2990
4746
6667
8212
9254
10197
11400
12791
14024
14673
14729
14698
14693
14459
14037
13208
11735
10214
8819
7120
5546
4045
2057
365
-851
-2315
-3358
-4046
-5049
-5564
-5739
-6225
-6241
-6017
-6081
-5852
-5714
-5914
-5592
-5311
-5806
-6155
-6165
-6470
-6831
-7229
-8115
-9076
-9577
-9954
-10513
-11164
-12130
-12957
-12703
-11968
-11435
-10688
-9977
-8863
-6255
-3169
-555
2120
4717
7472
11015
14412
16892
18766
19931
20524
21066
21081
20173
18877
17317
15327
13222
10965
8256
5364
2566
-291
-3002
-5215
-7167
-9056
-10651
-11984
-13028
-13485
-13594
-13856
-14092
-13928
-13392
-12571
-11656
-11046
-10569
-9659
-8423
-7268
-6263
-5393
-4523
-3320
-1755
-152
1196
2349
3533
5058
6939
8550
9682
10760
11821
13048
14398
15021
15033
15049
14802
14413
14060
13100
11592
10117
8512
6794
5351
3789
1845
95
-1297
-2564
-3481
-4098
-4871
-5533
-5685
-5858
-5984
-5642
-5503
-5572
-5340
-5192
-4948
-4574
-4666
-5071
-5500
-5588
-5599
-6218
-6905
-7775
-8865
-9050
-9295
-10265
-11110
-12150
-12644
-12008
-11523
-11004
-10296
-9580
-7649
-4850
-2284
253
2720
5334
8571
11927
14785
16936
18450
19582
20423
20793
20464
19472
18056
16377
14524
12365
9837
7073
4199
1374
-1340
-3894
-6020
-7883
-9800
-11496
-12751
-13514
-13712
-13817
-14151
-14290
-13975
-13287
-12345
-11490
-10954
-10359
-9350
-8108
-6833
-5705
-4880
-3857
-2324
-706
879
2435
3725
5084
6781
8464
9943
11225
12185
12960
13794
14553
14970
15017
14660
13894
13025
12163
11067
9718
8158
6346
4557
3043
1657
209
-1217
-2590
-3792
-4466
-4745
-5130
-5493
-5743
-5903
-5596
-5067
-4916
-4878
-4670
-4352
-3856
-3442
-3519
-3877
-4089
-4269
-4608
-5096
-5915
-6938
-7751
-8482
-9246
-10119
-11315
-12429
-12914
-12838
-12513
-12266
-11833
-10717
-8861
-6346
-3758
-1427
1315
4480
7729
11157
14209
16633
18746
20226
21072
21629
21459
20465
19169
17640
15808
13780
11332
8413
5453
2587
-264
-2825
-5063
-7269
-9368
-11119
-12442
-13279
-13765
-14258
-14818
-15002
-14610
-13922
-13105
-12471
-12123
-11404
-10189
-8923
-7691
-6745
-5909
-4622
-2982
-1246
327
1572
2941
4574
6397
8350
9864
10963
12225
13545
14785
15793
16166
16129
16047
15768
15239
14466
13170
11456
9761
8066
6334
4697
2772
627
-1067
-2453
-3780
-4780
-5740
-6660
-7073
-7290
-7477
-7239
-6938
-6802
-6471
-6066
-5585
-4876
-4470
-4462
-4412
-4406
-4407
-4368
-4746
-5563
-6323
-6909
-7421
-8030
-8982
-10181
-11019
-11228
-11076
-10773
-10554
-10403
-9475
-7347
-4821
-2638
-629
1731
4772
8254
11393
13876
16065
17949
19307
20323
20809
20454
19508
18182
16568
14854
12778
10149
7248
4260
1312
-1365
-3803
-6124
-8295
-10317
-12121
-13351
-13885
-14207
-14700
-15122
-15154
-14655
-13628
-12624
-12096
-11603
-10725
-9534
-8072
-6729
-5863
-4988
-3673
-2056
-265
1289
2355
3521
5106
6924
8802
10194
11078
12125
13374
14561
15417
15576
15397
15254
14891
14332
13574
12300
10666
8990
7242
5542
3925
2061
137
-1427
-2901
-4176
-4966
-5746
-6465
-6778
-7048
-7058
-6617
-6296
-6051
-5665
-5316
-4713
-3953
-3679
-3757
-3784
-3771
-3784
-4022
-4773
-5849
-6804
-7515
-8167
-9010
-10242
-11607
-12574
-12809
-12522
-12323
-12323
-11936
-10754
-8636
-5993
-3617
-1351
1389
4579
8129
11794
14848
17086
18934
20483
21510
21985
21728
20521
19015
17638
15930
13820
11238
8113
4949
2133
-694
-3328
-5605
-8082
-10310
-11952
-13153
-13901
-14457
-14999
-15423
-15330
-14808
-14049
-13154
-12529
-11934
-10907
-9624
-8313
-7040
-6061
-5097
-3705
-2116
-486
1112
2379
3622
5302
7165
8873
10271
11351
12492
13824
15031
15741
15894
15885
15807
15410
14747
13699
12213
10677
9038
7176
5374
3576
1626
-226
-1862
-3362
-4568
-5352
-6023
-6594
-6829
-6883
-6732
-6271
-5902
-5630
-5157
-4518
-3780
-3171
-2956
-3052
-3176
-3062
-2952
-3386
-4256
-5258
-6200
-6873
-7576
-8753
-10151
-11459
-12422
-12652
-12432
-12456
-12500
-12078
-11112
-9145
-6434
-4228
-2146
685
3853
7454
11160
13985
16277
18355
19948
21086
21611
21398
20332
18933
17699
15854
13661
11423
8221
5081
2444
-653
-3174
-5242
-7912
-10093
-11725
-13190
-13836
-14332
-15145
-15581
-15610
-15241
-14383
-13639
-13302
-12827
-11835
-10483
-9037
-7845
-6941
-5868
-4328
-2418
-555
921
2294
3790
5528
7735
9765
10959
12014
13329
14578
15881
16777
16650
16366
16317
15734
14890
14002
12334
10357
8666
6632
4699
3207
1074
-1143
-2542
-4041
-5303
-5791
-6575
-7293
-7256
-7316
-7161
-6307
-5758
-5550
-4940
-4272
-3635
-2806
-2513
-2793
-2737
-2569
-2716
-2991
-3749
-4935
-5903
-6733
-7644
-8624
-9881
-11275
-12383
-12851
-12706
-12559
-12662
-12426
-11329
-9326
-6831
-4429
-2188
328
3450
6986
10437
13446
15876
17787
19408
20736
21502
21393
20404
18974
17612
16234
14275
11638
8850
6013
3002
175
-2255
-4580
-6973
-9224
-11046
-12429
-13359
-13867
-14477
-15211
-15370
-14984
-14449
-13799
-13238
-12772
-11935
-10662
-9375
-8136
-6858
-5708
-4449
-2744
-950
723
2311
3756
5414
7449
9317
10749
11935
13198
14557
15643
16305
16580
16571
16512
16103
15101
13911
12552
10821
8929
6927
4822
2843
946
-1027
-2829
-4227
-5436
-6409
-6966
-7352
-7596
-7479
-7163
-6616
-5858
-5292
-4865
-4226
-3434
-2704
-2290
-2257
-2271
-2186
-2251
-2651
-3440
-4467
-5422
-6287
-7182
-8269
-9566
-10771
-11793
-12595
-12790
-12706
-12818
-12581
-11627
-10088
-7896
-5514
-3325
-729
2360
5524
8902
12116
14607
16829
18762
19943
20784
21178
20510
19410
18279
16656
14822
12845
10101
7071
4325
1500
-1170
-3476
-5954
-8326
-10224
-11948
-13195
-13852
-14608
-15445
-15814
-15670
-15226
-14646
-14083
-13550
-12777
-11596
-10249
-8951
-7715
-6504
-5145
-3485
-1603
217
1814
3370
5157
7204
9229
10845
12162
13533
14976
16201
16901
17198
17318
17138
16680
15821
14413
12927
11310
9352
7421
5237
2826
877
-917
-2701
-4209
-5664
-6790
-7311
-7628
-7786
-7774
-7638
-7184
-6455
-5721
-5072
-4413
-3641
-2929
-2458
-2221
-2177
-2146
-2140
-2560
-3336
-4070
-4966
-5940
-6753
-7904
-9296
-10351
-11457
-12395
-12502
-12539
-12838
-12477
-11504
-10137
-7955
-5665
-3686
-1007
2098
5062
8589
11895
14151
16451
18551
19774
20888
21321
20485
19535
18536
16938
15251
13224
10368
7433
4765
1925
-720
-3070
-5681
-8094
-10028
-11837
-13108
-13946
-14732
-15259
-15856
-16055
-15253
-14574
-14256
-13656
-12912
-11728
-10242
-9016
-7750
-6420
-5043
-3303
-1458
337
2086
3688
5347
7287
9341
11022
12332
13731
14972
15919
16776
17125
17152
17244
16552
15126
13988
12673
10779
8955
6870
4425
2579
848
-1342
-2996
-4259
-5794
-6694
-6967
-7425
-7512
-7197
-7138
-6713
-5816
-5267
-4790
-4049
-3467
-2842
-2187
-2182
-2420
-2312
-2523
-3119
-3675
-4708
-5899
-6639
-7574
-8802
-9989
-11367
-12503
-13016
-13180
-13153
-13123
-12883
-11855
-10089
-7887
-5524
-3231
-681
2352
5687
9170
12300
14719
16846
18688
19996
20985
21294
20588
19576
18386
16787
15165
13186
10399
7467
4635
1776
-743
-3120
-5757
-8254
-10369
-12148
-13384
-14251
-15137
-15952
-16447
-16358
-15766
-15152
-14576
-14096
-13463
-11945
-10245
-9098
-7772
-6322
-4868
-3040
-1230
541
2270
3792
5773
7880
9550
11224
12648
13877
15348
16337
16785
17188
17251
17039
16558
15357
13869
12528
10890
8940
6961
4763
2652
997
-733
-2498
-3874
-5199
-6260
-6640
-6898
-7115
-7073
-6991
-6591
-5834
-5277
-4832
-4253
-3615
-2982
-2533
-2462
-2595
-2535
-2566
-3152
-3961
-4778
-5732
-6621
-7543
-8660
-9931
-11230
-12244
-12941
-13213
-13060
-13118
-12839
-11563
-10017
-7975
-5433
-3355
-869
2483
5600
8845
12283
14844
16926
18956
20255
21096
21616
20958
19682
18747
17428
15597
13710
11027
7792
5087
2366
-560
-2964
-5400
-8141
-10297
-11921
-13323
-14232
-15046
-16005
-16405
-16133
-15667
-15099
-14468
-13761
-12812
-11600
-10218
-8853
-7554
-6084
-4571
-3071
-1236
633
2104
3772
5751
7433
9119
10925
12248
13509
14821
15557
16218
16814
16712
16553
16167
14882
13643
12566
10823
8922
7144
4968
2896
1339
-431
-2232
-3472
-4887
-6122
-6356
-6666
-7098
-6894
-6880
-6740
-5876
-5329
-4985
-4324
-3900
-3482
-2985
-2966
-3026
-2935
-3196
-3768
-4395
-5218
-6147
-7035
-8070
-9243
-10352
-11459
-12416
-13042
-13321
-13274
-13182
-12874
-11853
-10296
-8229
-5793
-3505
-894
2290
5507
8881
12185
14865
17182
19111
20504
21500
21810
21291
20287
19078
17750
16090
13887
11203
8261
5330
2503
-251
-2913
-5518
-8043
-10327
-12152
-13456
-14469
-15368
-16098
-16494
-16406
-15944
-15357
-14727
-13967
-12954
-11751
-10411
-8938
-7565
-6259
-4735
-3146
-1435
460
2051
3525
5322
6985
8564
10266
11601
12813
14127
14893
15450
16138
16302
16181
15893
14882
13822
12899
11321
9614
7958
5751
3778
2285
439
-1278
-2662
-4243
-5323
-5716
-6276
-6635
-6598
-6722
-6529
-5838
-5434
-5113
-4535
-4111
-3749
-3283
-3124
-3184
-3164
-3356
-3838
-4385
-5089
-5992
-6877
-7747
-8730
-9808
-10846
-11868
-12600
-12722
-12714
-12754
-12350
-11537
-10100
-7954
-5819
-3599
-987
1794
5046
8533
11587
14332
16715
18647
20310
21396
21650
21226
20316
19189
17901
16276
14140
11480
8571
5675
2840
71
-2652
-5309
-7836
-10100
-11936
-13296
-14353
-15332
-16186
-16628
-16492
-15964
-15370
-14776
-14041
-13042
-11745
-10338
-8938
-7588
-6263
-4745
-3042
-1281
408
1807
3297
5079
6854
8653
10112
11223
12672
14038
15069
15868
16022
16194
16452
15897
15125
14273
12901
11534
9965
8023
6129
4150
2265
611
-1083
-2624
-4008
-5214
-5966
-6393
-6711
-6982
-7101
-6818
-6277
-5752
-5349
-4961
-4410
-3835
-3474
-3341
-3324
-3287
-3357
-3662
-4203
-5001
-5785
-6561
-7546
-8537
-9559
-10691
-11584
-12333
-12885
-12951
-12918
-12714
-11888
-10796
-9155
-6692
-4444
-2118
1029
4042
7123
10793
13783
16166
18542
20122
21164
21980
21761
20825
19777
18449
16895
15105
12662
9637
6701
4010
1171
-1618
-4216
-6933
-9364
-11174
-12825
-14160
-14962
-15814
-16505
-16464
-16122
-15653
-14915
-14235
-13434
-12179
-10797
-9429
-8012
-6675
-5310
-3842
-2254
-510
1097
2517
4040
5605
7341
9127
10407
11546
12832
13881
14869
15581
15688
15754
15701
15209
14603
13548
11981
10704
9356
7390
5579
4035
2130
354
-993
-2366
-3572
-4510
-5398
-5888
-6115
-6406
-6423
-6234
-6047
-5656
-5269
-4951
-4446
-3993
-3834
-3793
-3728
-3695
-3759
-3998
-4547
-5248
-5820
-6545
-7442
-8205
-9195
-10405
-11232
-11973
-12526
-12360
-12280
-12356
-11599
-10398
-8726
-6258
-4082
-1899
1104
4174
7509
11186
14008
16283
18610
20285
21309
22058
21866
20741
19706
18559
16816
14954
12489
9307
6522
3767
652
-2044
-4748
-7627
-9866
-11785
-13611
-14785
-15557
-16392
-16930
-16862
-16468
-15840
-14911
-14098
-13319
-11957
-10359
-8989
-7464
-5976
-4787
-3264
-1459
119
1724
3174
4351
5925
7791
9334
10571
11558
12510
13687
14767
15361
15530
15466
15270
14903
14240
13149
11681
10114
8474
6733
5092
3292
1237
-358
-1702
-3304
-4450
-5129
-6001
-6530
-6610
-6818
-6814
-6391
-5955
-5494
-5067
-4741
-4133
-3381
-3039
-3009
-3012
-3059
-3074
-3150
-3615
-4460
-5267
-6054
-6976
-7865
-8885
-10160
-11247
-12160
-12833
-12857
-12727
-12751
-12237
-11134
-9511
-7107
-4617
-2299
630
3887
7131
10779
14152
16663
18833
20555
21613
22350
22367
21378
20103
18830
17224
15261
12834
9862
6821
3986
1033
-1963
-4675
-7288
-9811
-11845
-13514
-14939
-15795
-16312
-16828
-16970
-16640
-16049
-15088
-14084
-13265
-12073
-10530
-9054
-7506
-5991
-4622
-3197
-1675
84
1913
3320
4529
5926
7565
9299
10561
11325
12322
13466
14349
15017
15180
14908
14801
14578
13819
12768
11415
9877
8445
6872
5142
3493
1729
-14
-1465
-2753
-3806
-4677
-5606
-6164
-6275
-6427
-6364
-5969
-5718
-5374
-4836
-4461
-3897
-3079
-2683
-2611
-2460
-2367
-2248
-2181
-2671
-3552
-4287
-5029
-5921
-6738
-7714
-9107
-10316
-11173
-12100
-12565
-12385
-12540
-12571
-11641
-10433
-8616
-5858
-3696
-1649
1619
4802
7890
11679
14467
16333
18702
20278
20998
21964
21629
20024
19106
17933
15937
14170
11580
8066
5365
2674
-646
-3263
-5720
-8580
-10672
-12423
-14295
-15155
-15519
-16402
-16853
-16520
-16040
-15162
-14022
-13341
-12565
-11127
-9615
-8093
-6424
-5071
-3874
-2370
-706
1010
2593
3783
4922
6412
8112
9672
10789
11584
12399
13226
14029
14656
14610
14176
13952
13526
12777
11973
10614
8899
7484
5921
4213
2900
1369
-555
-1918
-3037
-4260
-4795
-5402
-6363
-6322
-6290
-6529
-5775
-5495
-5540
-4719
-4581
-4217
-2937
-2857
-2910
-2400
-2688
-2607
-2166
-2802
-3585
-4119
-4902
-5619
-6390
-7413
-8490
-9643
-10629
-11382
-11940
-12002
-11986
-12075
-11444
-10264
-8633
-6105
-3726
-1651
1269
4425
7597
11350
14436
16523
18680
20360
21327
22118
21855
20556
19414
18153
16440
14574
12058
8851
5769
2918
-44
-2897
-5573
-8329
-10804
-12795
-14495
-15578
-16282
-17089
-17484
-17337
-16820
-15785
-14702
-13832
-12788
-11441
-9775
-7961
-6282
-4908
-3714
-2202
-382
1405
3022
4118
5108
6516
8009
9560
10759
11218
11837
12624
13235
13992
14115
13529
13252
12803
12019
11472
10362
8622
7228
5764
4089
2906
1547
-276
-1594
-2619
-3712
-4301
-4771
-5408
-5634
-5676
-5746
-5436
-4933
-4500
-4201
-3917
-3353
-2714
-2151
-1763
-1814
-1730
-1419
-1511
-1742
-2196
-2979
-3544
-4274
-5391
-6396
-7527
-8898
-10085
-11020
-11972
-12668
-12663
-12544
-12440
-11603
-10418
-8737
-6157
-3768
-1451
1568
4674
7915
11590
14449
16600
18837
20325
21299
21960
21415
20120
19061
17794
15836
13718
10973
7595
4666
1829
-1324
-4170
-6800
-9432
-11576
-13376
-15064
-16078
-16540
-17053
-17318
-16956
-16265
-15347
-14126
-12925
-11843
-10331
-8432
-6765
-5065
-3423
-2227
-694
1122
2599
4061
5133
5908
7222
8696
9951
10798
11173
11801
12499
13037
13469
13087
12580
12496
11867
11173
10555
9026
7437
6248
4704
3362
2382
800
-884
-1957
-3062
-4058
-4560
-5239
-5837
-5858
-6001
-6076
-5471
-5099
-4972
-4383
-4045
-3678
-2537
-2011
-1948
-1184
-1206
-1283
-500
-1015
-1800
-1940
-3007
-3956
-4424
-5892
-7408
-8416
-9954
-11121
-11861
-12921
-13305
-13140
-13123
-12451
-11134
-9574
-7103
-4346
-2022
922
4324
7594
11307
14560
16672
18818
20646
21513
22158
21911
20445
19252
18165
16233
14006
11413
7985
4789
2194
-887
-4053
-6619
-9332
-11732
-13266
-14858
-16065
-16462
-17020
-17349
-16936
-16301
-15320
-13959
-12711
-11628
-10209
-8356
-6588
-4756
-3090
-2089
-726
1091
2694
4332
5284
5854
7063
8181
9382
10402
10372
10736
11469
11723
12321
12416
11674
11378
10952
10216
9800
8881
7323
6113
5035
3563
2394
1395
-230
-1454
-2129
-3338
-3994
-4036
-4725
-5087
-5048
-5388
-4999
-4157
-3994
-3772
-3205
-2845
-2192
-1237
-936
-923
-535
-524
-737
-568
-1121
-2104
-2557
-3547
-4936
-5765
-6976
-8635
-9694
-10858
-12164
-12897
-13538
-13510
-13021
-12821
-11916
-10235
-8154
-5444
-2945
-655
2548
5932
9271
12865
15501
17570
19762
21065
21650
21883
21097
19741
18647
17195
15061
12796
10006
6616
3733
926
-2318
-4981
-7459
-10205
-12190
-13702
-15200
-15999
-16338
-16734
-16788
-16289
-15472
-14376
-13017
-11775
-10620
-9013
-7169
-5464
-3767
-2345
-1265
198
1936
3243
4286
5264
5992
6947
8313
9329
9785
10209
10620
10924
11482
11910
11521
11057
10910
10319
9669
9214
8074
6750
5848
4521
3087
2187
904
-678
-1687
-2654
-3571
-3934
-4474
-5187
-5267
-5233
-5299
-4802
-4226
-4054
-3593
-2909
-2438
-1665
-808
-611
-433
-89
15
68
-280
-1068
-1787
-2570
-3601
-4668
-5975
-7437
-8724
-9951
-10940
-11968
-13100
-13762
-13740
-13197
-12786
-11915
-10330
-8638
-5952
-2977
-736
2369
5825
8602
12196
15461
17205
19226
20941
21268
21579
21457
19962
18703
17697
15458
13157
10981
7479
4294
1941
-1467
-4564
-6768
-9633
-11841
-13186
-15118
-16288
-16375
-16863
-17153
-16583
-15903
-15007
-13431
-12139
-11270
-9561
-7668
-6260
-4369
-2788
-1916
-329
1465
2748
4143
5101
5606
6675
7872
8734
9486
9761
9889
10441
10938
11242
11304
10828
10435
10258
9813
9396
8818
7672
6457
5345
4231
3334
2281
825
-452
-1446
-2419
-3065
-3587
-4344
-4809
-5006
-5171
-4803
-4293
-4173
-3971
-3606
-3119
-2302
-1660
-1437
-1169
-955
-700
-295
-520
-1006
-1407
-2374
-2829
-3367
-5140
-6027
-6926
-8778
-9198
-10093
-11851
-12163
-12775
-12878
-11792
-11810
-11037
-9213
-7542
-4545
-1929
85
3409
6360
9379
13275
15732
17451
19552
20615
21102
21702
21064
19568
18561
16935
14480
12527
9861
6251
3482
548
-2952
-5468
-7936
-10774
-12729
-14446
-16159
-16766
-16856
-17262
-17299
-16687
-15844
-14415
-12646
-11583
-10523
-8685
-6788
-4856
-3018
-1839
-585
1000
2491
3968
5032
5649
6449
7264
8130
9079
9406
9477
9952
10268
10558
11033
10832
10381
10362
9963
9383
9116
8283
7170
6423
5235
3850
2964
1790
387
-638
-1880
-3053
-3514
-4149
-4951
-5340
-5849
-6061
-5531
-5250
-5042
-4526
-4200
-3562
-2629
-2197
-1764
-1215
-989
-636
-334
-700
-1156
-1371
-2047
-2968
-3705
-5021
-6471
-7240
-8500
-9914
-10516
-11646
-12877
-12708
-12306
-12204
-11535
-10508
-9194
-6787
-3760
-1483
838
4077
7103
10454
14278
16521
18266
20523
21353
21680
22296
21249
19640
18692
16747
14370
12466
9382
5697
2984
-132
-3646
-6078
-8667
-11541
-13337
-15105
-16668
-16822
-17018
-17520
-17233
-16620
-15500
-13704
-12245
-11112
-9661
-7881
-5984
-4073
-2408
-1333
-228
1283
2675
4018
4967
5299
5997
6849
7588
8510
8778
8788
9346
9611
9877
10381
10164
9894
10023
9571
9040
8910
8138
7016
6273
5099
3859
3240
1916
226
-634
-1836
-3081
-3398
-4190
-5105
-5160
-5509
-5730
-5122
-4849
-4714
-4103
-3572
-2956
-1950
-1328
-1174
-590
159
417
596
480
-91
-395
-816
-1677
-2667
-3914
-5173
-6486
-7757
-8601
-9893
-11314
-12152
-12954
-12823
-12025
-12035
-11484
-10179
-8694
-5826
-2934
-1037
1797
5124
8010
11768
15074
16925
19015
20539
21013
21702
21661
20192
18861
17533
15301
13200
10704
7122
3792
904
-2426
-5388
-7802
-10738
-13061
-14605
-16276
-17103
-17184
-17517
-17538
-16897
-16006
-14559
-12951
-11578
-10154
-8542
-6528
-4620
-2945
-1398
-186
1106
2507
3861
4921
5434
6063
6857
7541
8412
8993
9056
9398
9831
9952
10304
10408
9987
9970
9796
8979
8511
8139
7134
6150
5131
3592
2492
1766
329
-1112
-2118
-3365
-4155
-4412
-5226
-5882
-5871
-6066
-5909
-5152
-4828
-4453
-3507
-2788
-2039
-946
-326
44
736
1161
1250
1282
883
313
-121
-845
-1802
-2929
-4123
-5407
-7013
-8131
-9242
-10841
-11711
-12667
-13836
-13209
-12611
-12855
-11512
-10258
-8881
-5401
-2746
-672
2816
5738
8617
12740
15753
17529
19717
20976
21353
22243
21948
20129
18896
17446
15046
13037
10437
6597
3397
550
-2943
-5769
-8100
-10964
-13161
-14678
-16313
-17019
-16981
-17202
-17120
-16470
-15453
-14015
-12268
-10652
-9488
-7910
-5810
-4151
-2320
-579
279
1528
3021
4084
5285
6008
6335
6993
7584
8287
8771
8736
9001
9176
9138
9493
9488
9115
9008
8523
7702
7295
6786
5756
4855
3839
2410
1529
815
-575
-1696
-2638
-3760
-4058
-4246
-5007
-5219
-5215
-5232
-4498
-3829
-3539
-2786
-2038
-1413
-322
536
853
1445
2020
2188
2559
2657
2020
1559
1044
48
-786
-1912
-3488
-4976
-6600
-8081
-9412
-10784
-11750
-13055
-14289
-14167
-13740
-13368
-12564
-11722
-10263
-7807
-4749
-1747
664
3473
6751
10020
13819
16663
18078
19814
20984
21428
22064
21202
19272
18106
16406
14052
12061
9056
5225
2348
-496
-3794
-6303
-8775
-11586
-13395
-14773
-16182
-16563
-16546
-16766
-16390
-15595
-14606
-12965
-11230
-9956
-8610
-6845
-5060
-3393
-1656
-312
572
1721
2982
4121
5092
5475
5727
6253
6814
7550
7905
7727
7885
8065
8105
8478
8482
8111
8050
7704
7052
6778
6298
5330
4503
3462
2221
1575
825
-415
-1271
-2182
-3148
-3290
-3519
-4035
-3988
-4093
-4064
-3144
-2527
-2267
-1545
-994
-424
626
1159
1214
1672
2013
2018
2159
1946
1210
545
-215
-1318
-2343
-3472
-5089
-6610
-7877
-9330
-10494
-11492
-12861
-13860
-14390
-14561
-13829
-13091
-12526
-11167
-9370
-6757
-3377
-803
1704
4958
7980
11341
14969
17273
18846
20442
21178
21479
21723
20722
19006
17670
15787
13518
11411
8212
4561
1863
-1041
-4227
-6652
-9022
-11392
-13069
-14543
-15734
-15954
-15745
-15800
-15612
-14729
-13526
-12074
-10362
-9032
-7959
-6363
-4641
-3121
-1470
-334
220
1356
2734
3621
4359
4790
4916
5375
6091
6613
6774
6815
6873
6914
7258
7530
7265
7133
6971
6403
6218
6117
5502
5021
4354
3146
2547
2333
1355
409
-157
-1147
-1626
-1446
-2018
-2448
-2252
-2621
-2415
-1399
-1355
-1355
-711
-571
-50
956
905
725
1199
1253
1313
1620
1095
371
25
-828
-1706
-2229
-3457
-4976
-6213
-7801
-9141
-9923
-11228
-12544
-13383
-14433
-14652
-13729
-13435
-13107
-11751
-10507
-8393
-4734
-1989
113
3279
6282
9489
13680
16409
17769
19681
20831
21327
22262
21595
19648
18662
17217
14878
13053
10332
6562
3754
942
-2437
-4816
-7158
-10103
-11997
-13554
-15311
-15663
-15571
-16164
-16087
-15505
-14889
-13355
-11572
-10494
-9389
-7867
-6377
-4651
-2690
-1586
-936
243
1258
2382
3583
3662
3848
4625
4978
5756
6339
6050
6455
7013
7118
7664
7834
7545
7760
7844
7582
7567
7311
6560
6059
5578
4640
3969
3308
2069
1171
386
-777
-1282
-1652
-2576
-3030
-3408
-3925
-3466
-2967
-3110
-2765
-2384
-2119
-1043
-270
-330
135
696
781
1263
1505
934
653
290
-542
-1141
-2122
-3408
-4676
-6182
-7243
-8611
-9985
-10396
-12087
-13545
-13251
-13876
-13435
-12088
-12480
-11377
-9331
-7543
-3908
-1490
146
3733
6602
9907
14172
16138
17815
20076
20886
21723
22425
21181
19633
18670
16856
14782
12965
9819
6235
3594
429
-2805
-5091
-7914
-10697
-12346
-14106
-15624
-15949
-16167
-16571
-16371
-15757
-14956
-13490
-11847
-10851
-9677
-7952
-6421
-4727
-3046
-2178
-1303
-136
836
1903
2719
2971
3286
3886
4748
5547
5870
6115
6601
7195
7881
8423
8668
8896
9104
9130
9250
9340
8932
8392
7811
6814
5931
5139
3886
2773
1653
91
-932
-1655
-2812
-3516
-4034
-4930
-5054
-4710
-4833
-4592
-4117
-3827
-2820
-1617
-1160
-581
273
819
1505
2085
1954
1786
1637
1123
615
-45
-1031
-2421
-3959
-5124
-6806
-8382
-9166
-11257
-13017
-13254
-14404
-14384
-13265
-13749
-13036
-11268
-9584
-6102
-3365
-1457
2140
5297
8557
12920
15735
17620
19738
21081
22067
22669
21835
20299
19151
17547
15264
13173
10190
6380
3434
347
-3063
-5605
-8391
-11213
-13012
-14748
-16172
-16519
-16661
-16907
-16679
-15866
-14805
-13392
-11643
-10328
-9101
-7320
-5685
-4022
-2157
-1123
-403
803
1908
2947
3827
3972
4150
4865
5549
6151
6530
6505
6839
7505
7861
8254
8618
8636
8834
9034
8873
8784
8458
7679
7000
6080
4782
3743
2551
1022
-177
-1457
-2833
-3559
-4307
-5244
-5601
-5925
-6166
-5656
-5253
-4990
-4201
-3407
-2461
-1077
-38
744
1682
2500
3265
3979
4204
4010
3724
3225
2580
1823
469
-1264
-2954
-4823
-6389
-7820
-9887
-11608
-12840
-14487
-15415
-15351
-15453
-15370
-14703
-13617
-11595
-8566
-5601
-3060
68
3585
6983
11241
15166
17323
19433
21418
22246
23117
23127
21333
19852
18665
16550
14502
11987
8033
4495
1720
-1723
-4932
-7525
-10568
-13045
-14449
-16013
-17007
-16945
-17163
-17198
-16272
-15274
-14023
-12085
-10517
-9377
-7628
-5678
-4031
-2153
-704
-81
978
2280
3182
4137
4512
4438
4961
5556
6107
6708
6677
6657
7028
7351
7903
8191
7940
7959
7964
7739
7749
7364
6427
5746
4950
3729
2788
1747
300
-720
-1794
-3232
-3975
-4611
-5527
-5721
-5924
-6245
-5439
-4500
-3987
-2987
-2076
-1181
478
1814
2632
3792
4634
5129
5873
6048
5676
5518
4943
3824
2886
1776
47
-1778
-3618
-5829
-7694
-9023
-11007
-13004
-14169
-15742
-16977
-16455
-15925
-15871
-14866
-13455
-11524
-8173
-5010
-2562
680
4140
7548
11888
15572
17495
19322
21043
21794
22389
22323
20726
19086
17627
15287
13019
10574
6733
3187
465
-2811
-5773
-8204
-10993
-13106
-14469
-15944
-16621
-16352
-16261
-16105
-15335
-14318
-12831
-10717
-9094
-8058
-6568
-4908
-3359
-1585
-338
179
973
1927
2743
3699
4114
3907
4192
4813
5346
5940
6117
6089
6532
7074
7671
8362
8560
8586
8858
8867
8655
8504
7958
6950
5907
4748
3540
2465
1018
-656
-1966
-3159
-4109
-4751
-5531
-6017
-6168
-6221
-5649
-4820
-4123
-3211
-2367
-1302
266
1477
2280
3143
3797
4390
4976
5032
4683
4004
3001
2135
986
-544
-2281
-4643
-6474
-8034
-10323
-11541
-12897
-15358
-16061
-16307
-16607
-15413
-15120
-14664
-12356
-10152
-6953
-3479
-1257
2038
5610
8955
13386
16550
18242
20185
21260
21785
22406
21579
19704
18211
16350
13977
11946
9095
5187
2058
-779
-3993
-6396
-8634
-11218
-12909
-14121
-15238
-15310
-14894
-14893
-14646
-13699
-12501
-10986
-9149
-7916
-6927
-5341
-3967
-2656
-1095
-453
-163
597
1074
1654
2291
2158
2136
2600
2966
3564
4127
4236
4579
5184
5740
6445
6929
7164
7548
7678
7669
7891
7726
7131
6478
5563
4720
4060
2933
1616
574
-525
-1489
-2059
-2772
-3536
-3837
-3948
-3828
-3267
-2758
-2277
-1449
-536
526
1752
2563
3044
3626
4091
4422
4618
4269
3583
2924
1981
751
-481
-1971
-3841
-5685
-7367
-9055
-10536
-11801
-13253
-14506
-15239
-16002
-16161
-15105
-14273
-13815
-12385
-10449
-8061
-4588
-1641
499
3553
6941
10239
13998
16585
17823
19422
20717
21229
21578
20827
19085
17751
16195
13865
11685
9013
5374
2439
-10
-3143
-5702
-7748
-10295
-12123
-13247
-14522
-14843
-14466
-14630
-14582
-13742
-12682
-11324
-9624
-8455
-7703
-6432
-5030
-3681
-2176
-1529
-1353
-590
160
1035
1866
1706
1628
2121
2626
3511
4118
3996
4246
4944
5679
6536
7142
7334
7645
8039
8065
8167
8347
7780
7022
6455
5481
4708
4046
2677
1499
627
-533
-1203
-1556
-2237
-2648
-2819
-2925
-2417
-1739
-1377
-930
-394
341
1471
2277
2563
2835
3137
3464
3583
3112
2459
1860
969
-106
-1180
-2493
-4110
-5751
-7368
-9074
-10620
-11875
-13167
-14370
-15308
-16213
-16480
-15690
-14976
-14450
-13165
-11654
-9690
-6234
-3037
-871
2259
5653
8615
12635
15943
17344
19166
20859
21357
22017
21907
20166
18704
17535
15417
13252
11066
7495
3925
1521
-1353
-4250
-6316
-8967
-11230
-12188
-13439
-14375
-14259
-14331
-14383
-13742
-12785
-11669
-10186
-8853
-8251
-7277
-5730
-4692
-3537
-2576
-2528
-2022
-1222
-609
287
569
536
1020
1615
2716
3634
3690
4244
5055
5661
6823
7557
7582
8166
8626
8450
8744
8976
8287
7730
7226
6079
5394
4775
3166
1956
1095
-387
-1143
-1401
-2357
-2875
-3003
-3442
-2987
-2044
-1883
-1497
-767
-336
750
2100
2486
2768
3245
3374
3711
3984
3393
2679
2138
999
-154
-957
-2512
-4189
-5372
-7351
-9071
-9879
-11477
-12944
-13754
-14970
-15558
-15666
-15655
-14725
-14031
-13414
-11703
-9663
-6932
-3739
-1396
1283
4705
7907
11429
14733
16696
18375
20146
21079
21600
21746
20567
19026
17933
16257
14196
12078
8946
5614
3161
522
-2460
-4868
-7186
-9588
-11281
-12566
-13709
-14039
-14090
-14533
-14451
-13694
-12951
-11858
-10661
-10069
-9227
-7818
-6701
-5635
-4529
-4043
-3536
-2462
-1424
-516
199
476
977
2056
3224
4077
4659
5384
6240
7062
8089
8896
9232
9644
9920
9918
10021
9841
9150
8346
7398
6216
5212
4310
2934
1510
402
-898
-1792
-2088
-2842
-3493
-3583
-3757
-3368
-2492
-2149
-1700
-859
-200
679
1809
2403
2599
2907
3229
3500
3665
3248
2370
1719
1090
39
-1047
-2267
-3988
-5361
-6356
-7909
-9525
-10795
-12030
-13002
-13867
-14635
-15090
-15415
-15011
-13969
-13202
-12081
-10385
-8289
-5388
-2632
-304
2767
6061
9027
12465
15279
16926
18844
20367
20921
21427
21268
19865
18706
17665
15523
13507
11296
8015
5235
2615
-656
-3270
-5544
-8157
-10063
-11596
-13268
-14042
-14188
-14592
-14734
-14368
-13808
-12778
-11524
-10770
-10051
-8923
-7745
-6523
-5353
-4609
-4064
-3202
-2248
-1222
-216
193
707
1481
2333
3604
4492
4900
5744
6651
7344
8343
8921
9085
9736
10025
9793
9834
9583
8814
8155
7253
5894
4939
4127
2725
1490
467
-891
-1624
-1875
-2619
-3077
-3231
-3542
-3079
-2311
-2110
-1663
-973
-549
291
1362
1803
2245
2869
3017
3152
3426
3046
2455
2223
1364
332
-514
-1853
-3169
-4567
-6232
-7684
-8855
-10492
-11944
-12618
-13806
-14674
-14932
-15426
-14879
-13778
-13306
-12162
-10284
-8408
-5540
-2464
-112
2897
6207
9037
12440
15611
17309
18926
20486
20922
21204
21101
19660
18237
17018
14981
12818
10412
7174
4236
1815
-924
-3654
-5936
-8026
-9851
-11157
-12179
-12925
-13066
-13119
-13335
-12913
-12023
-11262
-10272
-9388
-8984
-8169
-7032
-6192
-5211
-4518
-4455
-3927
-2895
-1980
-1233
-852
-452
436
1633
2963
3795
4228
5134
6186
7274
8462
8860
8956
9562
9866
9822
9823
9162
8169
7671
6781
5385
4478
3318
1855
1150
63
-1550
-2027
-2278
-2981
-2905
-2912
-3384
-2590
-1531
-1351
-577
151
449
1761
2873
3149
3444
3546
4072
4268
3790
3788
2661
1518
1856
477
-1282
-1913
-3871
-5276
-5996
-7973
-9256
-10418
-12141
-12735
-13443
-14509
-14865
-15351
-15536
-14750
-13903
-13025
-11713
-10211
-8140
-5136
-2323
37
2972
5918
8669
12091
15085
17036
18929
20193
20671
21339
21374
20291
19178
17854
15976
14280
12271
9295
6455
3940
1114
-1261
-3285
-5795
-7915
-9512
-11153
-12090
-12580
-13312
-13752
-13933
-13876
-13237
-12575
-12224
-11830
-11160
-10272
-9355
-8412
-7580
-6834
-5828
-4778
-3644
-2323
-1375
-530
652
1887
3329
4630
5334
6170
7323
8368
9344
9874
9871
10061
10353
10291
10077
9520
8498
7662
6914
5803
4650
3414
2001
969
179
-881
-1793
-2278
-2677
-2872
-2871
-2950
-2609
-1839
-1210
-498
144
743
1738
2564
3235
3687
3451
3895
4629
4108
3644
3280
2255
1768
1295
-60
-1625
-3082
-4144
-5145
-6625
-8216
-9777
-11038
-11806
-12625
-13503
-14342
-15070
-15214
-14747
-13955
-13340
-12723
-11403
-9583
-7159
-4371
-2131
192
3225
6053
9012
12348
14660
16512
18340
19450
20451
21241
20887
19860
18953
17697
16267
14852
12431
9474
6983
4429
1738
-520
-3137
-5986
-8053
-10006
-11665
-12609
-13746
-14837
-15495
-15676
-15358
-14947
-14569
-14208
-13443
-12194
-10897
-9598
-8312
-7165
-5869
-4340
-2884
-1248
132
1250
2683
3798
4959
6470
7345
7883
8779
9322
9656
10333
10421
10119
10090
9584
8938
8708
7921
6704
5826
4695
3409
2608
1541
82
-884
-1745
-2734
-3183
-3588
-4097
-3943
-3785
-3740
-2976
-2171
-1609
-723
146
851
1895
2831
3433
3991
4279
4595
4999
4923
4333
3707
3172
2279
1414
468
-1094
-2463
-3598
-4904
-6096
-7354
-8787
-9971
-10825
-11662
-12197
-12570
-13137
-13287
-13178
-12700
-11609
-10709
-9709
-8255
-6715
-4571
-2027
160
2506
5009
7361
10009
12618
14648
16327
17744
18771
19569
20005
19591
18655
17681
16384
14872
13207
10747
7942
5526
2949
184
-2339
-5031
-7656
-9780
-11858
-13545
-14525
-15595
-16567
-16944
-17103
-16882
-16176
-15375
-14468
-13425
-12198
-10699
-9009
-7203
-5696
-4509
-3069
-1326
462
1981
3023
3940
5052
6456
7733
8337
8786
9307
9669
10316
10764
10449
10204
10043
9588
9334
8958
7928
6964
6263
5327
4411
3490
2186
1022
186
-927
-1816
-2312
-3028
-3486
-3645
-4032
-4161
-3576
-3201
-2770
-1995
-1828
-1064
238
817
1269
1739
2066
2619
3319
3341
2992
2752
2361
2116
1670
474
-884
-1827
-2676
-3657
-4889
-6590
-8258
-9224
-9841
-10840
-12089
-13228
-14034
-13881
-13141
-12899
-12666
-11758
-10353
-7996
-5091
-2906
-726
2332
5502
8767
12235
14768
16610
18741
20307
21079
21742
21368
20104
19278
17943
15758
13893
11386
7997
5247
2315
-1190
-3763
-6352
-9473
-11622
-13637
-15696
-16286
-16739
-17749
-17855
-17472
-16891
-15438
-14038
-13290
-12099
-10195
-8433
-6653
-4826
-3718
-2421
-517
907
2393
3812
4281
5093
6357
7247
8226
8703
8582
8990
9579
9825
9920
9840
9577
9266
8995
8387
7611
7096
6101
4835
3913
2756
1712
705
-772
-1873
-2784
-3651
-4048
-4648
-5077
-5164
-5394
-4958
-4267
-3744
-2780
-2265
-1674
-131
1054
1855
2668
3105
3775
4697
4969
4882
4776
4563
4419
4031
3337
2386
1467
601
-555
-1702
-2984
-4283
-5430
-6753
-8098
-9326
-10450
-11295
-11994
-12723
-13310
-13807
-13661
-12704
-11973
-11078
-9826
-8421
-5779
-2739
-336
2167
4835
7738
11034
13999
15997
17522
18966
20095
20737
20661
19695
18189
16922
15366
13110
10626
7552
4305
1540
-1277
-4301
-7052
-9682
-12108
-13784
-15145
-16321
-16876
-16999
-16862
-16378
-15581
-14438
-12888
-11190
-9701
-8170
-6376
-4654
-2859
-1136
-46
1021
2331
3497
4750
5530
5732
6206
6795
7424
7988
7904
7637
7787
7964
8203
8184
7437
6974
6731
6210
5759
4999
3982
3186
2343
1291
351
-653
-1675
-2365
-3057
-3769
-4277
-4535
-4404
-4085
-3874
-3626
-3027
-2075
-1049
-159
500
1147
2348
3750
4481
4819
5143
5375
5954
6483
6058
5432
5090
4440
3906
3366
1997
569
-441
-1696
-2993
-4197
-5749
-7274
-8523
-9820
-11012
-11806
-12584
-13350
-13690
-13915
-14070
-13530
-12451
-11675
-10617
-8954
-7298
-4564
-1527
466
2924
5778
8354
11756
14652
15828
17371
18816
19279
19948
19798
18196
16656
15389
13487
11524
9224
5671
2528
189
-2703
-5412
-7713
-10435
-12286
-13354
-14877
-15516
-15515
-15895
-15410
-14571
-14010
-12552
-10762
-9538
-8152
-6624
-5295
-3424
-1461
-326
547
1618
2671
3850
5062
5331
5313
5858
6278
6872
7333
6907
6518
6746
6831
6885
6853
6064
5480
5482
5216
4633
4058
3107
2206
2009
1265
203
-316
-1182
-1903
-2103
-2790
-3288
-3176
-3394
-3348
-2836
-2662
-2132
-1084
-318
582
1686
2346
3209
4517
5256
5684
6245
6444
6710
6953
6322
5612
5199
4319
3326
2224
580
-874
-2115
-3593
-5049
-6455
-8054
-9532
-10588
-11819
-12871
-13303
-13733
-14427
-14819
-14765
-14336
-12907
-11746
-11104
-9611
-7941
-5618
-2484
-121
1692
3962
6534
9603
12873
14681
15501
16664
17713
18567
19139
18280
16449
15112
13926
12304
10372
7655
4368
1756
-442
-2952
-5097
-7134
-9547
-11174
-11998
-12860
-13175
-13136
-13502
-13426
-12475
-11428
-10184
-8655
-7742
-7022
-5531
-4002
-2619
-1036
-355
-54
1168
2358
3279
4129
4114
3993
4726
5477
5995
6170
5673
5449
5845
6305
6191
5726
5169
4632
4588
4327
3813
2961
1905
1241
570
-89
-917
-1719
-2389
-2975
-3286
-3486
-3549
-3574
-3375
-2993
-2360
-1349
-484
418
1664
2794
3809
4963
5878
6666
7449
7760
7882
8147
8102
7540
6822
5908
4749
3703
2501
949
-340
-1601
-3089
-4176
-5341
-6794
-7717
-8645
-9722
-10148
-10681
-11621
-11889
-12001
-12503
-12514
-12462
-12776
-12133
-10800
-10255
-9379
-8043
-7066
-4754
-1961
-403
1564
4139
6369
9230
12147
13598
14941
16578
17417
18148
18622
17778
16514
15512
13979
12231
10359
7396
4201
1843
-505
-2997
-5181
-7560
-9744
-11036
-12173
-13178
-13410
-13531
-13662
-13083
-12252
-11252
-9715
-8434
-7540
-6203
-4518
-2938
-1369
-81
676
1536
2665
3484
4248
4793
4566
4707
5142
5233
5475
4970
4189
4259
4263
4077
3755
2841
2327
2457
2142
1688
1190
451
149
0
-438
-797
-943
-1135
-1341
-1412
-1553
-1444
-881
-549
-250
362
838
1734
3052
3688
4176
4915
5348
6195
7371
7495
7113
7112
7116
7325
7286
6140
4915
4332
3617
2790
1814
327
-1007
-1921
-2982
-4312
-5457
-6581
-7839
-8761
-9868
-11110
-11983
-13059
-13911
-14390
-15175
-15766
-16025
-15938
-15066
-14319
-13860
-12699
-10920
-8542
-5795
-3504
-1215
1711
4968
8240
11312
13795
15839
17986
19657
20560
21004
20512
19441
18429
17019
15351
13600
10930
7886
5347
2563
-177
-2450
-5008
-7341
-9121
-10928
-12041
-12254
-12651
-13135
-13105
-12680
-11686
-10421
-9545
-8742
-7573
-6141
-4643
-3154
-2080
-1310
-440
443
1337
2252
3007
2990
2946
3356
3634
4010
3836
3273
3112
3165
3335
3358
2888
2309
2172
2219
2263
1987
1472
1098
1001
1169
932
494
55
-297
-118
63
-107
-190
-127
85
710
1133
1382
1976
2531
3241
4055
4579
5052
5736
6368
6651
6822
6741
6670
6956
6654
5806
5176
4499
3864
3189
1923
489
-523
-1565
-2823
-4162
-5802
-7377
-8624
-9863
-11168
-12464
-13717
-14738
-15329
-15666
-16160
-16676
-16875
-16517
-15310
-13947
-13147
-12047
-10084
-7521
-4597
-2040
107
2813
6089
9284
12211
14705
16570
18163
19609
20412
20705
20604
19663
18558
17673
16084
14141
12154
9403
6589
4168
1440
-1120
-3334
-5917
-8220
-9955
-11624
-12573
-12886
-13475
-13922
-13657
-13065
-11851
-10311
-9613
-8908
-7565
-6081
-4436
-2900
-2078
-1652
-654
573
1508
2208
2318
2230
2560
2952
3301
3522
3035
2523
2495
2509
2508
2287
1881
1735
1861
1823
1762
1880
1671
1489
1569
1426
1480
1567
1114
940
1004
856
1058
1145
922
1134
1484
1883
2584
3127
3561
4162
4771
5454
6176
6650
6750
6861
7197
7354
7315
6862
6041
5464
4927
4072
2985
1700
324
-843
-1903
-3196
-4653
-6159
-7517
-8625
-9640
-10638
-11705
-12717
-13524
-14251
-14792
-15013
-15151
-15186
-15104
-14893
-14157
-12957
-11766
-10473
-8921
-7256
-5140
-2399
184
2373
4707
7216
10033
13043
15169
16553
18083
19321
20134
20590
20014
18963
18267
17093
15396
13654
11228
8449
5995
3347
414
-2182
-4659
-7098
-9068
-10873
-12279
-13180
-13763
-13917
-13944
-13677
-12865
-11694
-10458
-9373
-8228
-6763
-5114
-3666
-2550
-1627
-695
289
1150
1753
2001
2113
2378
2626
2753
2819
2540
2267
2429
2468
2324
2251
1974
1876
2208
2301
2146
2188
2256
2269
2386
2368
2190
2178
1994
1496
1352
1331
991
896
904
706
939
1391
1545
1886
2442
2938
3691
4461
4852
5419
6183
6452
6583
6799
6627
6557
6526
5672
4822
4380
3441
2382
1403
-133
-1594
-2692
-4066
-5401
-6460
-7807
-9199
-10131
-10973
-11850
-12579
-13421
-14073
-14135
-14214
-14335
-14136
-13895
-13451
-12714
-11997
-10853
-9249
-7769
-6182
-4322
-2262
326
2962
5094
7282
9680
12180
14883
17051
18425
19484
20123
20545
20780
20199
19025
17590
15849
14074
12113
9570
6441
3282
617
-1972
-4608
-7052
-9510
-11406
-12546
-13582
-14243
-14502
-14614
-14198
-13425
-12541
-11452
-10142
-8662
-7357
-6043
-4623
-3449
-2076
-846
-293
446
1237
1865
2687
2888
2645
2755
2886
3254
3586
3193
2795
2785
2932
3205
3140
2664
2331
2412
2662
2721
2522
2065
1719
1790
1731
1518
1310
791
493
527
432
544
581
376
604
1034
1474
2126
2614
3061
3703
4303
4919
5519
5929
6166
6253
6335
6428
6331
5956
5300
4523
3763
2959
2013
855
-420
-1726
-3041
-4160
-5245
-6577
-7851
-8918
-9790
-10326
-10807
-11424
-11804
-11875
-11809
-11560
-11217
-10974
-10606
-9908
-9117
-8374
-7694
-7140
-6295
-4964
-3652
-2479
-1298
-40
1744
3962
5860
7474
9341
11394
13348
15165
16596
17462
18032
18258
17993
17572
16757
15217
13461
11528
9215
6973
4557
1683
-957
-3445
-6039
-8040
-9709
-11499
-12856
-13927
-14712
-14552
-14131
-14024
-13628
-12804
-11494
-9671
-8111
-7033
-5772
-4176
-2480
-871
318
1091
1905
2803
3559
4184
4535
4550
4618
4780
4826
4838
4738
4451
4291
4214
3978
3774
3576
3214
2890
2491
1914
1512
1141
557
-3
-644
-1325
-1569
-1657
-1957
-2113
-2128
-2063
-1544
-928
-593
-52
585
1088
1956
2805
3226
3811
4391
4778
5410
5877
5952
6101
6228
6171
6012
5646
4972
4107
3278
2286
1073
-60
-1313
-2656
-3722
-4805
-5860
-6634
-7389
-8077
-8514
-8726
-8734
-8699
-8634
-8516
-8361
-7925
-7420
-7193
-7009
-6747
-6382
-5744
-5144
-4846
-4564
-4105
-3417
-2390
-1420
-856
-172
1011
2509
4193
5597
6518
7717
9331
10879
12252
13054
13313
13798
14293
14337
14090
13276
11989
10855
9548
7889
6154
3954
1491
-588
-2703
-4922
-6863
-8855
-10645
-11779
-12775
-13543
-13642
-13556
-13276
-12555
-11777
-10739
-9259
-7860
-6581
-5284
-3973
-2469
-882
468
1444
2255
3286
4391
5342
6040
6231
6327
6765
7027
6882
6466
5708
5037
4706
4118
3157
2212
1303
581
133
-484
-1324
-1987
-2435
-2748
-2950
-3243
-3635
-3733
-3539
-3398
-3216
-2947
-2649
-2037
-1310
-804
-205
498
1199
1965
2559
3088
3750
4317
4842
5250
5344
5458
5523
5301
5141
4824
4110
3601
3121
2288
1664
1110
265
-308
-706
-1325
-1825
-2134
-2507
-2872
-3170
-3538
-3879
-4025
-4296
-4676
-4752
-4830
-5002
-4931
-4923
-4985
-4793
-4701
-4782
-4726
-4688
-4771
-4849
-4965
-5037
-4925
-4676
-4339
-3897
-3232
-2240
-1030
357
1904
3413
4985
6695
8318
9839
11178
12046
12685
13280
13519
13348
12842
11852
10616
9371
7811
5892
3849
1598
-626
-2547
-4496
-6441
-8113
-9616
-10746
-11473
-12056
-12311
-12200
-11818
-11118
-10223
-9015
-7489
-5991
-4518
-3060
-1557
161
1729
2885
3809
4621
5481
6234
6548
6529
6367
6193
6082
5880
5470
4890
4263
3761
3361
2856
2093
1163
319
-317
-929
-1739
-2705
-3594
-4227
-4665
-5126
-5629
-5964
-5967
-5771
-5630
-5465
-5124
-4647
-4052
-3441
-2856
-2165
-1429
-620
260
971
1621
2375
3164
4025
4811
5410
6016
6643
7212
7595
7625
7529
7489
7319
6917
6276
5471
4704
4063
3365
2447
1476
686
65
-424
-978
-1731
-2366
-2712
-2995
-3370
-3943
-4597
-5013
-5250
-5616
-6129
-6652
-7110
-7372
-7495
-7686
-7916
-7986
-7847
-7531
-7104
-6707
-6292
-5556
-4554
-3535
-2448
-1295
31
1725
3386
4813
6286
7742
9169
10568
11532
12117
12605
12755
12560
12113
11153
9847
8448
6825
5137
3384
1306
-735
-2433
-4000
-5446
-6775
-7977
-8750
-9098
-9278
-9284
-9071
-8637
-7966
-7217
-6442
-5487
-4379
-3239
-2113
-1010
121
1319
2454
3349
4016
4615
5161
5611
5902
5808
5449
5144
4795
4321
3694
2675
1558
779
20
-871
-1721
-2725
-3637
-4101
-4568
-5212
-5805
-6437
-6836
-6887
-7072
-7252
-7086
-6877
-6544
-5835
-5093
-4323
-3248
-2168
-1058
374
1691
2792
4069
5271
6331
7436
8223
8790
9506
9991
10122
10208
10176
10034
9867
9445
8838
8349
7805
6989
6013
4916
3759
2688
1469
46
-1230
-2373
-3469
-4385
-5276
-6138
-6757
-7221
-7594
-7810
-7955
-8072
-8039
-7845
-7706
-7658
-7598
-7542
-7334
-7080
-7097
-7103
-6855
-6543
-6082
-5607
-5275
-4621
-3564
-2517
-1461
-396
611
1893
3451
4792
5938
7133
8261
9431
10650
11438
11836
12191
12288
12162
11961
11283
10168
9025
7675
6103
4522
2677
615
-1227
-2972
-4703
-6163
-7501
-8699
-9396
-9816
-10060
-9910
-9609
-9122
-8338
-7634
-6819
-5743
-4780
-3811
-2809
-1984
-1053
5
898
1552
2051
2573
3123
3575
3849
3861
3781
3773
3733
3616
3257
2574
1871
1261
621
-74
-940
-1907
-2637
-3085
-3456
-3833
-4235
-4569
-4624
-4478
-4370
-4232
-3977
-3588
-2944
-2166
-1367
-414
604
1609
2696
3791
4865
5922
6846
7617
8255
8824
9278
9465
9447
9190
8631
8049
7394
6480
5507
4425
3199
2194
1315
291
-693
-1612
-2440
-2959
-3411
-4026
-4537
-4932
-5278
-5413
-5479
-5643
-5657
-5460
-5207
-4862
-4529
-4390
-4224
-3858
-3529
-3280
-3056
-2944
-2760
-2400
-2216
-2223
-2237
-2350
-2429
-2350
-2416
-2562
-2510
-2357
-2054
-1531
-1072
-651
-75
546
1224
1976
2628
3253
4024
4851
5689
6481
7106
7607
8063
8385
8510
8383
7948
7345
6734
5989
5020
3910
2627
1247
-13
-1325
-2807
-4163
-5376
-6457
-7215
-7810
-8308
-8468
-8392
-8189
-7749
-7244
-6678
-5830
-4932
-4175
-3386
-2565
-1659
-592
301
869
1435
2116
2779
3289
3458
3366
3382
3526
3523
3307
2910
2447
2132
1872
1423
810
103
-565
-948
-1152
-1425
-1681
-1800
-1733
-1434
-1112
-957
-829
-622
-362
18
439
812
1278
1838
2364
2879
3310
3617
3907
4108
4178
4247
4263
4219
4175
4002
3689
3327
2872
2380
1883
1231
503
-142
-714
-1186
-1641
-2197
-2668
-2932
-3105
-3256
-3499
-3855
-4082
-4168
-4281
-4378
-4459
-4455
-4185
-3791
-3405
-2971
-2567
-2144
-1587
-985
-411
112
654
1297
1967
2592
3027
3240
3451
3584
3469
3225
2891
2557
2322
2084
1813
1519
1160
807
440
-34
-615
-1246
-1810
-2229
-2553
-2836
-3090
-3238
-3232
-3153
-3113
-3140
-3165
-3082
-2878
-2627
-2406
-2191
-1886
-1463
-1021
-683
-464
-268
-36
212
423
593
811
1127
1506
1942
2353
2683
2989
3225
3322
3300
3151
2955
2784
2558
2285
2035
1814
1636
1441
1162
813
458
120
-205
-476
-678
-792
-727
-522
-343
-210
-103
-27
49
84
78
178
432
788
1240
1719
2156
2549
2824
2928
2935
2841
2641
2404
2159
1890
1623
1344
1010
631
227
-248
-781
-1309
-1824
-2326
-2775
-3197
-3560
-3807
-4045
-4313
-4506
-4685
-4882
-5036
-5234
-5373
-5319
-5228
-5093
-4775
-4325
-3745
-3121
-2566
-1958
-1299
-709
-127
486
1164
1991
2898
3800
4715
5589
6327
6897
7263
7411
7377
7191
6874
6446
5932
5339
4610
3712
2655
1447
134
-1211
-2570
-3833
-4886
-5723
-6320
-6668
-6817
-6770
-6569
-6296
-5927
-5457
-4891
-4209
-3431
-2530
-1494
-400
689
1703
2607
3408
4038
4483
4787
4951
5034
5077
5042
4972
4863
4629
4321
3949
3419
2774
2052
1288
629
35
-581
-1108
-1513
-1855
-2169
-2582
-3090
-3521
-3896
-4278
-4601
-4828
-4856
-4614
-4265
-3893
-3453
-2977
-2464
-1895
-1368
-862
-297
321
1025
1778
2440
2993
3465
3817
4032
4048
3830
3528
3258
2987
2679
2308
1942
1687
1468
1153
736
276
-144
-507
-891
-1255
-1500
-1597
-1532
-1387
-1242
-1086
-949
-847
-770
-746
-761
-749
-662
-471
-225
-3
171
331
484
568
522
390
296
311
367
371
342
359
429
458
369
190
-11
-206
-423
-696
-966
-1190
-1380
-1499
-1569
-1632
-1668
-1714
-1752
-1723
-1741
-1853
-1950
-1990
-1922
-1739
-1554
-1328
-966
-562
-209
32
139
253
443
626
841
1130
1480
1896
2292
2566
2708
2702
2578
2426
2268
2101
1952
1855
1828
1815
1730
1525
1207
848
494
125
-243
-579
-846
-959
-975
-1004
-1005
-990
-958
-886
-884
-958
-1012
-1048
-1046
-1000
-952
-869
-744
-612
-503
-454
-504
-660
-825
-934
-1016
-1032
-975
-842
-553
-213
42
202
266
310
361
322
259
301
451
687
963
1201
1380
1505
1571
1558
1475
1361
1251
1232
1323
1456
1602
1728
1800
1829
1767
1562
1250
886
535
260
39
-173
-339
-430
-518
-687
-987
-1404
-1836
-2234
-2620
-2938
-3109
-3110
-2941
-2682
-2427
-2173
-1952
-1804
-1687
-1569
-1432
-1209
-888
-480
3
460
807
1045
1162
1149
1024
807
590
449
373
332
307
289
264
187
33
-182
-417
-636
-828
-980
-1052
-1023
-917
-740
-502
-232
41
300
537
746
917
1071
1247
1455
1697
1985
2277
2529
2732
2853
2854
2750
2550
2269
1980
1737
1545
1400
1279
1157
1019
810
468
20
-479
-984
-1442
-1827
-2109
-2254
-2283
-2264
-2230
-2180
-2149
-2152
-2159
-2146
-2081
-1947
-1751
-1481
-1144
-798
-465
-177
63
273
435
551
670
812
981
1169
1360
1557
1749
1903
1979
1963
1870
1704
1459
1176
920
728
595
509
465
434
373
250
47
-227
-527
-818
-1082
-1283
-1378
-1367
-1309
-1264
-1242
-1257
-1340
-1491
-1664
-1801
-1852
-1806
-1657
-1408
-1108
-806
-572
-449
-418
-471
-602
-758
-877
-916
-863
-754
-617
-454
-302
-219
-207
-236
-272
-279
-240
-165
-21
188
399
599
774
891
967
1005
1011
1042
1110
1202
1332
1493
1673
1855
1988
2047
2034
1955
1811
1631
1463
1334
1243
1202
1214
1257
1298
1311
1268
1156
993
797
568
329
124
-42
-179
-284
-393
-549
-738
-937
-1162
-1395
-1567
-1644
-1622
-1499
-1301
-1071
-854
-689
-606
-612
-691
-821
-952
-1017
-995
-902
-754
-580
-392
-221
-127
-114
-137
-169
-177
-160
-107
16
176
312
404
453
454
408
322
212
110
50
32
34
47
67
59
6
-97
-247
-449
-673
-871
-1026
-1142
-1215
-1230
-1181
-1087
-991
-923
-874
-823
-772
-732
-695
-631
-503
-318
-115
80
260
413
530
614
665
693
732
823
961
1133
1317
1480
1597
1647
1609
1474
1264
1015
777
579
434
337
285
268
264
248
201
137
74
36
36
82
174
309
465
608
725
800
825
812
781
755
752
769
792
825
868
879
820
731
644
529
351
135
-85
-307
-536
-765
-982
-1167
-1310
-1423
-1523
-1610
-1676
-1715
-1744
-1775
-1794
-1774
-1693
-1549
-1372
-1190
-995
-776
-567
-422
-336
-262
-166
-39
105
246
383
536
674
713
609
405
156
-112
-380
-611
-776
-853
-831
-744
-656
-597
-546
-484
-411
-325
-223
-75
146
429
712
921
1034
1078
1063
974
828
678
564
501
490
508
529
546
557
540
477
385
279
165
66
7
-12
3
60
167
304
443
567
664
732
764
755
699
621
566
562
586
605
600
572
508
384
189
-53
-285
-446
-514
-491
-397
-269
-131
-16
26
-38
-204
-429
-622
-720
-753
-757
-676
-482
-263
-114
-50
-37
-53
-80
-130
-196
-231
-200
-126
-52
-12
-33
-107
-209
-325
-453
-571
-629
-576
-406
-175
51
243
411
546
611
571
446
302
194
134
89
46
17
23
47
33
-60
-223
-392
-524
-624
-711
-785
-802
-735
-617
-518
-478
-471
-444
-391
-344
-323
-288
-177
30
277
489
641
752
831
844
740
537
315
156
73
21
-30
-62
-41
15
36
-31
-157
-259
-292
-279
-264
-242
-163
-14
145
243
265
268
307
378
449
513
615
793
1025
1240
1377
1431
1433
1398
1305
1126
885
660
500
384
255
95
-57
-188
-313
-460
-631
-807
-956
-1041
-1062
-1074
-1114
-1148
-1115
-1047
-1036
-1105
-1169
-1162
-1102
-1048
-1004
-924
-769
-561
-358
-211
-122
-42
60
157
199
196
214
297
420
529
609
679
760
833
852
793
682
578
507
445
357
253
173
128
77
-24
-172
-314
-413
-475
-520
-542
-505
-380
-196
-12
123
207
260
289
281
229
160
114
118
154
193
224
254
287
304
281
214
128
58
18
2
1
21
51
81
83
41
-46
-163
-290
-409
-504
-563
-574
-538
-463
-367
-287
-253
-271
-326
-398
-474
-525
-529
-463
-329
-152
34
200
331
426
488
511
510
515
563
658
774
881
967
1025
1041
994
870
687
494
328
204
111
40
-1
-11
-19
-70
-193
-368
-558
-732
-895
-1036
-1131
-1145
-1073
-948
-817
-703
-611
-527
-458
-410
-369
-304
-196
-48
112
259
374
457
498
487
420
318
219
163
166
222
314
427
547
654
717
717
657
567
479
410
358
324
314
334
360
358
296
179
40
-92
-202
-288
-341
-343
-289
-204
-134
-108
-122
-154
-197
-261
-340
-404
-418
-380
-318
-263
-229
-213
-218
-263
-365
-514
-662
-766
-819
-849
-862
-838
-761
-652
-550
-476
-415
-338
-239
-134
-30
78
216
378
537
656
717
733
727
705
655
586
542
555
609
664
713
756
784
771
717
650
567
458
346
276
241
193
123
61
23
-28
-122
-237
-339
-409
-458
-486
-496
-483
-440
-375
-309
-272
-272
-278
-274
-264
-268
-272
-249
-185
-92
-8
46
83
125
168
179
141
76
31
27
39
34
18
19
54
90
88
37
-26
-66
-89
-125
-188
-244
-254
-218
-183
-182
-204
-211
-190
-164
-164
-167
-123
-13
134
268
374
477
586
676
696
641
552
471
408
332
240
154
106
84
52
-19
-118
-214
-288
-356
-426
-490
-514
-484
-429
-386
-374
-384
-400
-431
-491
-574
-645
-662
-620
-541
-445
-337
-208
-82
15
70
99
127
174
243
334
437
547
675
816
940
1003
985
905
797
675
548
429
342
287
249
196
114
5
-116
-238
-360
-479
-568
-596
-551
-454
-337
-228
-135
-64
-29
-44
-105
-174
-217
-211
-172
-122
-66
5
79
126
119
63
-6
-52
-70
-65
-44
3
82
169
216
195
115
14
-86
-188
-293
-378
-409
-372
-295
-216
-156
-110
-72
-47
-54
-89
-112
-97
-34
58
156
248
330
394
420
399
345
289
256
248
264
296
345
402
445
449
403
317
216
124
46
-17
-56
-60
-31
0
15
0
-43
-109
-194
-290
-380
-449
-484
-477
-447
-411
-377
-350
-336
-343
-367
-388
-394
-380
-345
-280
-196
-113
-43
12
40
35
6
-23
-39
-40
-25
16
88
177
265
342
403
444
457
444
412
370
326
289
257
228
202
183
162
126
70
0
-67
-120
-153
-164
-149
-109
-52
6
49
68
62
36
-6
-60
-112
-145
-150
-127
-91
-54
-23
-6
-10
-48
-110
-180
-237
-270
-274
-252
-200
-126
-49
13
48
55
41
12
-22
-46
-51
-24
29
92
145
179
190
175
135
74
7
-41
-54
-35
10
68
132
192
233
243
214
158
98
47
8
-16
-23
-2
36
71
84
76
58
39
17
-11
-34
-35
-3
44
85
104
103
90
59
4
-74
-152
-206
-230
-230
-218
-199
-175
-148
-129
-138
-180
-234
-267
-270
-254
-228
-186
-116
-29
46
84
82
57
27
0
-27
-46
-40
0
66
132
178
194
192
182
159
117
68
38
44
76
111
137
157
175
177
150
91
25
-29
-62
-79
-82
-69
-39
1
37
50
32
-3
-39
-69
-92
-104
-92
-47
17
76
111
118
100
63
10
-54
-111
-142
-137
-101
-55
-12
25
53
65
47
7
-38
-65
-65
-48
-21
15
56
97
117
105
66
16
-31
-67
-94
-111
-102
-65
-11
37
60
58
39
9
-30
-80
-126
-148
-134
-92
-42
2
38
64
76
69
43
12
-3
4
28
52
77
106
133
147
132
91
42
1
-30
-54
-69
-71
-55
-29
-8
-4
-17
-37
-58
-79
-101
-120
-122
-100
-58
-13
27
56
80
95
92
69
36
5
-9
-9
-3
9
23
43
56
56
40
14
-13
-31
-36
-28
-5
27
68
108
135
145
138
118
89
54
16
-18
-41
-51
-50
-48
-46
-50
-64
-91
-126
-162
-190
-205
-208
-197
-172
-138
-102
-72
-50
-39
-38
-44
-51
-55
-51
-37
-11
23
60
91
112
123
123
110
89
71
62
62
66
74
83
90
90
78
53
19
-16
-50
-80
-106
-117
-113
-100
-88
-79
-73
-71
-75
-81
-81
-71
-50
-19
26
78
124
163
198
226
237
227
206
187
176
169
164
155
151
145
133
103
61
16
-21
-48
-69
-85
-90
-80
-61
-49
-53
-73
-97
-115
-129
-147
-161
-160
-130
-86
-48
-28
-16
-2
13
12
-7
-33
-45
-38
-24
-18
-20
-21
-10
-1
-7
-32
-58
-66
-59
-46
-37
-28
-6
25
50
53
36
18
11
10
6
-3
-5
8
29
38
30
10
-6
-18
-36
-63
-91
-106
-102
-89
-84
-85
-83
-69
-50
-39
-36
-30
-6
31
67
91
108
128
151
164
158
137
120
115
114
108
100
98
103
112
113
95
62
31
13
-4
-34
-79
-109
-120
-125
-144
-173
-193
-196
-192
-195
-208
-213
-199
-160
-115
-76
-42
7
66
116
141
146
150
166
185
195
193
194
213
244
264
257
232
208
190
169
131
86
51
32
20
2
-26
-55
-74
-86
-104
-133
-166
-188
-191
-187
-184
-184
-180
-173
-166
-169
-182
-195
-197
-184
-160
-134
-101
-60
-14
29
60
72
74
72
71
65
59
54
56
64
71
72
61
49
35
21
6
-8
-16
-18
-15
-8
0
2
-4
-15
-35
-59
-86
-105
-116
-113
-99
-72
-43
-10
24
54
74
84
93
108
120
126
133
152
175
184
176
169
163
150
122
89
64
43
25
11
-2
-13
-30
-50
-73
-103
-135
-167
-192
-207
-212
-209
-199
-184
-168
-154
-146
-143
-140
-134
-119
-100
-79
-52
-20
15
47
74
96
117
140
162
180
196
210
232
254
268
268
257
238
213
181
139
99
64
38
18
0
-15
-24
-26
-29
-35
-43
-50
-57
-65
-80
-99
-117
-130
-140
-151
-163
-169
-168
-162
-156
-152
-142
-124
-100
-76
-57
-40
-20
2
18
26
26
25
30
36
35
29
25
27
31
28
18
9
4
1
-6
-19
-35
-41
-40
-35
-33
-35
-28
-9
11
23
28
39
58
71
75
73
71
68
63
58
52
47
42
44
52
60
63
68
77
86
91
88
81
72
61
46
25
-1
-30
-58
-82
-107
-129
-145
-153
-154
-152
-147
-138
-126
-111
-97
-85
-73
-62
-52
-45
-38
-30
-17
-5
8
19
32
46
64
80
93
104
116
127
132
133
131
130
130
129
121
113
106
100
92
79
59
41
25
15
1
-16
-35
-49
-60
-70
-83
-98
-106
-106
-99
-94
-90
-86
-76
-64
-53
-45
-41
-33
-25
-20
-19
-25
-32
-39
-43
-50
-55
-57
-53
-43
-33
-23
-12
-4
7
16
21
20
15
12
9
3
-7
-16
-14
-6
4
12
21
35
51
62
67
72
76
77
76
70
63
57
52
46
39
33
28
22
16
11
5
0
-5
-10
-14
-18
-23
-28
-34
-39
-49
-56
-64
-71
-75
-75
-70
-62
-52
-41
-31
-22
-14
-8
-3
1
4
10
16
23
27
32
35
41
47
54
61
65
67
67
64
63
55
48
38
29
21
12
6
-1
-7
-11
-12
-12
-14
-12
-11
-10
-11
-12
-14
-17
-19
-22
-24
-25
-25
-22
-15
-11
-4
-1
2
4
7
10
11
10
8
3
-3
-11
-22
-32
-40
-47
-51
-55
-59
-60
-56
-49
-41
-33
-26
-21
-17
-13
-9
-6
-4
-2
-1
1
3
6
12
16
24
32
39
46
51
55
56
56
55
54
51
48
42
38
32
27
18
13
9
3
-1
-5
-8
-11
-14
-18
-23
-26
-31
-35
-38
-38
-37
-34
-30
-26
-21
-17
-14
-11
-9
-7
-5
-3
-2
-1
-1
-1
-1
0
0
3
6
11
17
24
28
31
32
34
32
28
24
17
9
2
-6
-12
-18
-22
-24
-24
-23
-22
-19
-18
-15
-11
-6
-3
0
4
5
9
10
10
8
6
6
7
11
15
17
19
20
21
18
16
13
8
3
-1
-6
-11
-17
-19
-21
-23
-24
-22
-21
-21
-20
-19
-19
-18
-16
-13
-9
-5
0
3
6
7
7
7
7
7
8
11
12
13
15
16
12
10
4
-2
-8
-15
-18
-21
-23
-22
-21
-18
-16
-10
-8
-5
-4
-3
-1
-2
-1
1
2
6
10
11
14
15
16
16
17
18
20
22
24
25
27
24
22
19
13
8
4
1
0
0
1
2
3
4
3
2
1
-1
-3
-4
-8
-10
-12
-14
-17
-16
-17
-16
-15
-13
-11
-9
-7
-6
-4
-4
-3
-4
-6
-7
-10
-13
-17
-18
-18
-15
-11
-6
1
7
12
13
16
17
15
14
15
16
16
17
16
17
16
14
12
10
6
4
2
0
-3
-5
-6
-8
-9
-10
-11
-13
-13
-14
-14
-14
-13
-11
-8
-4
0
1
2
3
3
1
2
1
1
2
2
2
1
-1
-4
-7
-9
-10
-12
-11
-9
-7
-6
-4
-2
-4
-4
-5
-6
-7
-6
-4
-1
2
6
10
11
14
16
16
16
16
15
13
12
10
8
8
7
6
8
5
6
5
3
3
2
2
2
1
1
0
0
-3
-4
-7
-6
-7
-8
-8
-7
-6
-6
-6
-6
-8
-10
-11
-14
-15
-15
-14
-13
-11
-10
-7
-5
-4
-1
0
3
2
3
5
4
6
7
10
10
10
9
8
6
4
4
2
4
6
8
10
9
9
9
8
6
4
2
1
2
1
1
1
1
0
-2
-3
-7
-8
-9
-9
-10
-9
-7
-5
-4
-4
-7
-10
-12
-13
-14
-14
-13
-8
-4
0
3
5
5
8
8
5
1
0
-2
0
0
0
2
4
5
5
4
0
1
0
0
0
-1
1
2
6
6
3
2
3
5
7
8
8
11
15
20
20
18
17
19
19
16
8
3
0
0
0
-4
-7
-8
-6
-6
-8
-12
-13
-11
-9
-10
-14
-19
-18
-14
-11
-14
-18
-18
-12
-10
-11
-13
-9
-4
0
-2
-2
-4
-3
-2
-3
-7
-7
-5
-2
0
0
1
3
6
7
5
2
4
7
10
11
8
9
13
15
16
15
10
10
9
9
10
10
11
12
11
9
5
3
1
1
-4
-5
-7
-5
-3
-5
-8
-10
-9
-8
-8
-10
-11
-9
-4
0
0
0
1
4
5
2
1
-1
-1
1
2
1
-1
0
0
-1
0
-2
-3
-4
-6
-8
-11
-11
-9
-7
-4
-2
-2
-2
-1
0
-1
0
0
1
3
6
8
9
11
13
13
12
8
7
9
8
6
2
6
9
6
2
1
4
4
-4
-9
-9
-8
-10
-12
-11
-8
-7
-6
-7
-8
-8
-9
-9
-6
-5
-3
0
3
3
2
2
0
-2
-3
-4
-5
-6
-4
-3
-2
-1
-1
0
-1
-1
-2
-2
-2
-1
0
1
3
5
8
9
11
12
13
13
13
13
13
13
13
13
12
11
9
7
6
4
2
0
-2
-4
-7
-7
-8
-9
-9
-9
-9
-9
-9
-9
-9
-8
-7
-6
-5
-3
-2
-2
-1
-1
-1
-2
0
1
3
3
3
2
2
-1
-3
-5
-6
-7
-7
-6
-5
-4
-3
-3
-1
-2
-2
-2
-1
0
1
3
3
4
7
8
9
9
10
10
9
9
5
5
4
6
5
4
3
2
1
0
-2
-3
-4
-4
-4
-2
-3
-4
-4
-3
-4
-4
-5
-4
-4
-3
-5
-4
-5
-3
-1
-1
-1
-1
0
1
1
1
2
