SAMPLES:	14299
BITSPERSAMPLE:	16
CHANNELS:	1
SAMPLERATE:	16000
NORMALIZED:	FALSE
-1
0
0
0
0
0
0
0
1
0
0
-1
1
0
0
-1
-1
0
0
0
1
-1
0
0
0
-1
1
0
0
0
1
-1
0
0
0
0
0
0
0
0
0
0
0
-1
0
0
0
0
0
0
0
0
0
0
1
-1
0
0
-1
1
0
0
0
0
0
0
1
1
1
1
1
0
0
0
-1
0
0
0
0
0
0
0
-1
0
-1
0
-2
1
0
-1
0
-1
0
0
-1
1
1
0
2
-3
2
-3
2
-1
0
0
0
0
0
1
0
0
0
0
-1
1
1
0
2
1
1
1
1
1
2
1
0
0
0
0
0
-1
0
-1
1
0
1
0
0
1
0
0
1
0
0
0
1
-1
-1
1
0
0
0
-1
0
0
1
0
0
0
0
0
0
-1
0
0
0
-2
-1
-1
0
0
-2
0
0
0
0
0
0
0
0
0
-1
1
0
0
1
0
0
0
0
1
-1
0
0
0
-1
-2
0
-1
-1
-2
0
0
0
1
-1
-1
0
-2
2
-1
0
2
-1
1
0
-1
3
-3
4
-2
2
0
1
1
2
1
2
1
1
1
1
0
1
0
2
1
0
0
0
-1
-1
0
0
0
-1
0
0
1
0
1
0
0
1
0
0
1
0
0
0
0
0
0
0
0
0
0
0
-1
1
0
0
0
0
0
0
0
0
0
0
-1
0
-1
0
0
0
0
0
-1
0
0
0
1
0
0
0
0
0
0
0
0
0
-1
1
1
-1
0
0
0
0
0
0
0
0
0
0
0
0
0
-1
1
1
1
1
2
0
1
0
-1
1
-1
0
1
-2
1
-1
-1
3
-3
4
-3
1
-1
0
-1
0
0
0
1
0
0
0
0
0
0
1
0
0
0
0
0
1
0
0
0
1
1
0
0
0
0
0
0
0
0
1
1
1
0
0
-1
0
0
0
-1
-1
0
0
0
0
0
0
0
0
0
0
0
0
0
0
0
1
1
1
1
1
1
2
2
1
0
-1
0
0
0
0
0
0
1
-1
-1
0
0
0
0
0
1
0
-1
0
0
0
0
0
0
0
0
-1
0
0
0
0
1
-1
0
-1
0
0
-1
2
0
0
1
-1
1
1
-1
3
-3
3
-3
2
-1
0
0
0
0
0
1
0
0
0
0
0
0
1
0
0
0
0
0
0
0
0
0
0
1
0
-1
0
0
0
0
-1
0
0
0
0
0
0
-1
0
0
-1
0
0
0
-1
1
0
0
0
0
0
0
0
0
0
0
0
0
0
-1
0
-1
0
0
0
0
0
0
0
0
0
1
0
0
0
0
0
0
0
0
0
0
0
1
0
0
0
0
0
0
0
0
0
-1
0
0
1
0
0
1
0
1
-1
1
1
0
1
0
0
1
-1
0
1
1
3
-3
4
-2
2
-1
0
0
-1
0
0
0
0
0
0
0
0
1
1
-1
0
1
0
0
-1
0
0
0
0
-1
0
0
0
0
0
-1
-1
-1
-1
-1
0
0
0
-1
0
0
0
0
0
0
0
0
0
1
0
0
0
0
0
1
0
0
1
0
1
-1
0
0
0
0
0
0
0
0
-1
0
-1
-1
0
0
0
0
0
0
1
1
1
0
-1
0
-1
0
0
0
0
0
0
-1
0
0
0
0
0
0
0
0
-1
0
-2
-1
-1
-2
0
-1
-1
1
0
1
-1
-1
3
-3
3
-3
1
-1
0
0
0
0
0
0
0
0
0
1
1
0
1
0
0
1
0
0
0
0
0
0
0
-1
-1
0
0
0
0
0
-1
-1
0
0
0
-1
1
0
0
-1
0
0
0
0
0
0
0
0
0
0
0
0
0
0
0
0
1
0
0
-1
0
0
0
0
0
0
1
0
0
-1
-1
0
0
0
0
-1
0
0
0
0
0
1
0
0
1
0
1
0
0
0
0
0
0
-1
-1
-1
-1
-1
-1
-1
0
0
-1
0
0
0
1
-2
-1
1
-2
1
0
-1
3
-3
3
-3
2
-1
0
0
0
0
0
-1
0
0
0
0
1
0
0
0
0
0
0
0
0
0
0
-1
1
-1
0
0
0
0
0
0
0
0
1
0
1
0
0
0
1
-1
-1
-1
-1
-1
-1
-1
-1
0
0
0
-1
0
0
0
0
1
1
0
1
0
1
1
1
1
1
1
1
1
1
0
0
0
0
1
1
1
1
1
-1
0
0
0
0
0
-1
0
-1
0
1
0
0
1
0
0
-1
0
-1
0
0
0
-1
1
0
-1
0
0
1
-1
-1
1
0
1
-1
0
4
-3
5
-4
2
-1
1
0
-1
-1
1
0
-1
0
-1
-1
-1
-2
0
-1
0
0
0
0
-1
-2
-1
-2
-1
0
0
1
-1
0
1
0
0
0
0
0
-1
0
1
1
2
2
2
3
3
4
5
5
7
10
9
11
10
10
11
11
12
10
10
8
6
5
3
1
1
-1
-2
-3
-4
-5
-7
-9
-11
-12
-15
-17
-21
-22
-27
-29
-27
-31
-32
-26
-27
-28
-22
-21
-21
-18
-12
-14
-15
-3
-5
-11
3
2
-5
6
9
5
10
22
18
16
47
36
21
76
69
32
101
114
62
119
147
97
121
143
96
92
107
64
26
38
21
-58
-80
-40
-109
-218
-140
-115
-303
-255
-110
-304
-328
-112
-240
-332
-103
-122
-287
-96
32
-209
-129
163
-100
-191
205
13
-221
155
84
-206
66
101
-176
-19
98
-133
-82
109
-51
-98
130
66
-65
144
176
-2
149
261
71
155
346
174
188
445
321
272
546
477
364
580
611
469
521
661
531
357
611
516
106
351
315
-166
41
71
-410
-384
-270
-596
-880
-603
-687
-1333
-964
-728
-1613
-1389
-630
-1486
-1534
-427
-1100
-1389
-336
-490
-1027
-349
89
-643
-424
423
-225
-588
473
156
-713
356
328
-718
194
361
-635
6
335
-435
-76
393
-71
-73
477
394
149
620
854
566
784
1235
1054
1002
1549
1711
1359
1649
2317
1765
1609
2665
2358
1488
2297
2750
1307
1436
2519
1128
425
1468
862
-631
-155
409
-1594
-1850
-252
-2446
-3376
-1167
-2944
-4157
-2093
-2986
-4051
-2801
-2629
-3240
-3114
-2098
-2090
-2900
-1552
-981
-2186
-1051
-231
-1239
-632
-14
-481
-203
53
-52
-38
-54
56
-61
-193
7
-72
-232
-63
75
-150
-70
434
207
157
821
647
627
1302
1226
1332
1688
1744
2109
2010
2363
2799
2240
2776
3212
2545
2921
3330
2751
2841
3077
2734
2498
2314
2432
2006
1220
1534
1215
-173
441
183
-1748
-489
-1423
-3216
-1313
-3055
-4119
-2197
-4053
-4485
-2940
-4148
-4243
-3245
-3486
-3560
-3216
-2333
-2688
-2918
-1038
-1726
-2430
-63
-875
-1935
393
-190
-1398
391
316
-809
80
476
-374
-182
565
13
-155
525
126
143
657
435
733
787
739
1356
1107
1233
1954
1589
1766
2268
2315
2360
2268
3228
2963
2111
3889
3566
1988
3980
4167
2067
3515
4251
2314
2674
3557
2398
1507
2260
2025
208
124
701
-1161
-2156
-704
-2421
-4451
-2350
-3219
-5947
-3798
-3568
-6440
-4538
-3442
-5875
-4825
-2787
-4018
-4361
-1940
-2410
-3823
-1027
-645
-2637
-442
173
-1791
-93
571
-987
117
344
-434
-55
-162
-14
-402
152
289
-796
436
50
-363
1195
645
181
1307
1365
730
1799
2449
1632
2036
3084
2312
2099
3540
3080
3078
3879
3214
3688
3789
3415
4900
4214
3032
5067
4275
2594
4853
4277
1929
3386
3498
1157
990
1637
263
-1627
-822
-825
-4379
-3901
-2072
-5696
-5954
-3405
-6002
-7069
-4572
-5032
-6704
-5358
-3758
-4998
-5006
-2606
-3138
-4194
-1744
-1181
-2452
-1136
-617
-1158
-643
-616
-127
-139
-912
-117
-87
-1198
-582
399
-771
-1105
469
-452
-1186
831
707
-304
812
1215
769
1000
2130
2572
1509
2482
3481
2308
2875
4259
3783
3173
4212
4820
3829
4147
5831
4836
3680
5769
5369
3570
5136
5436
3341
3243
4264
2834
1172
2387
1695
-1595
-487
-231
-3955
-2956
-2578
-5803
-5260
-5098
-6536
-6254
-6425
-6551
-6601
-6744
-6089
-5672
-5156
-4729
-4565
-3360
-3321
-3674
-1036
-1429
-3061
199
-460
-2641
574
522
-1723
-71
662
-964
-1044
647
228
-1303
566
1035
-1064
535
1734
176
978
2111
1424
1577
2631
2971
2607
3029
3775
3562
3578
4219
4619
4133
3974
5405
5007
4124
6068
5268
3697
5934
5449
3981
5394
4769
3467
3570
3483
2818
1498
1895
1168
-1664
-857
-1509
-4303
-2627
-3597
-6872
-5459
-6017
-8299
-6607
-5994
-8040
-8019
-6399
-6919
-7581
-5022
-4145
-6094
-4430
-2419
-4268
-3383
-353
-1333
-2042
59
-384
-1572
258
882
-149
116
144
-565
-372
55
319
224
-263
461
107
80
1296
948
1964
2175
1658
3148
2687
2353
4587
4323
2967
5125
5085
3360
5354
5907
4445
5367
6326
5299
4754
5464
5879
5355
5369
6200
4932
3288
4451
4372
2288
2816
3044
-36
-1145
-35
-1971
-4066
-2625
-3318
-6943
-6656
-5455
-8269
-8579
-5697
-7233
-9775
-7422
-6422
-8746
-6862
-3835
-5707
-6256
-3393
-3472
-4390
-2284
-750
-1508
-2227
-703
-663
-2183
-140
744
-978
-1161
-634
-632
-1609
-995
737
-757
-1705
459
419
-1198
395
2598
1124
504
3664
3188
899
4297
5838
3140
4465
6922
4978
3846
7349
7461
4799
7508
8605
5488
5926
8000
6965
5915
7351
6907
4025
4091
5371
3556
2356
3379
1628
-1461
-957
-360
-3747
-4488
-1667
-6046
-9187
-4982
-7584
-10790
-6644
-6587
-10696
-9272
-7052
-9137
-8327
-5215
-5504
-6951
-5231
-3655
-4780
-3671
-1110
-1405
-2561
-1271
-513
-1620
-1116
406
608
-985
-1285
506
-645
-1850
1087
1172
-1555
-87
1767
-168
-409
3233
3144
194
3236
5192
1426
3168
7247
4824
3720
7063
7243
4445
5905
9266
6762
5648
9487
8092
4980
7329
9025
6574
5807
7962
6112
2720
4920
5490
1456
1822
2753
-1250
-2743
-1290
-3551
-5923
-4184
-5405
-9328
-8210
-7458
-10657
-9410
-6919
-9962
-10618
-7989
-8560
-8905
-6571
-5336
-6550
-6096
-3655
-4143
-4225
-1504
-1556
-2148
-821
-1089
-904
-460
-1054
637
646
-1806
-56
1025
-1642
-415
2030
259
-443
1912
2011
104
2075
4337
1975
3017
6122
3069
2919
7086
5521
4721
8082
7214
4947
6840
8335
7206
7789
9033
7723
6645
7561
7905
7087
7256
7208
5286
4065
4480
3435
1859
2534
978
-2354
-1827
-2586
-5737
-4740
-4538
-8214
-8822
-7593
-9705
-11189
-8658
-8473
-11604
-9890
-7608
-10340
-9504
-5931
-6509
-7194
-5390
-3856
-4549
-4707
-1767
-1082
-3188
-1687
-41
-1989
-2102
-205
54
-1616
-1747
555
-963
-2922
551
1115
-1873
53
2311
77
-279
3136
3652
1429
3798
6008
3353
3901
7179
6733
5670
7831
8837
6912
7433
9761
8927
8110
10050
9864
8088
8200
9097
8497
7107
7665
7374
4658
3176
4132
3237
303
316
-79
-3819
-5347
-3664
-5417
-8306
-7430
-7725
-10453
-10979
-8871
-9745
-11189
-9512
-8626
-9585
-10151
-7163
-6033
-8141
-6056
-3120
-5350
-6442
-1584
-1714
-5274
-1256
385
-4137
-2709
743
-1928
-3004
-127
-284
-2511
-1474
348
-903
-1215
601
1114
586
369
2153
3421
1705
3442
6175
3578
4006
7932
6645
5887
8721
8696
7679
8886
10463
9642
9168
10329
10202
9995
9163
9363
9560
7305
7156
8031
5409
3181
4298
2673
-199
-320
-863
-3727
-5808
-4492
-6274
-9646
-8820
-8686
-11267
-11766
-9813
-10869
-12729
-11123
-9392
-10516
-10913
-7730
-6898
-9129
-7027
-3745
-5858
-6232
-2023
-2520
-5061
-2218
-707
-3330
-2404
97
-1270
-2349
-771
2
-1005
-975
803
939
-364
893
2684
1625
1324
3891
4726
2984
4668
6655
4803
5933
8443
7953
8096
8658
8611
9678
9612
10066
11841
9343
9282
11587
8975
8889
10514
8592
6686
6837
6787
3950
2589
4360
1769
-2376
-810
-1860
-6913
-5766
-4138
-8970
-10811
-8337
-10622
-13442
-10897
-9732
-12437
-12782
-10159
-10111
-11950
-9686
-6427
-8375
-9159
-4952
-4781
-7409
-3820
-1082
-4440
-3959
-694
-2285
-3427
-1172
-304
-1909
-2669
-385
-37
-2620
-835
1681
-465
-675
1947
2054
511
1914
5030
3789
2802
6479
6395
4250
7832
9488
6918
8257
10747
9403
8349
11418
11693
8836
10816
12045
9405
9045
10925
9637
7119
8598
8197
4424
4431
5314
2086
444
927
-1786
-4133
-4244
-4698
-6468
-8992
-8435
-8610
-11844
-10758
-8980
-11738
-12383
-9598
-9801
-10901
-9778
-7708
-7323
-9128
-5624
-3902
-7635
-5178
-1633
-4635
-5049
-485
-2929
-4947
-1081
-1538
-3216
-2357
-1244
-2266
-2538
-1326
-1035
-778
-1189
-323
1370
502
210
3776
3495
1886
5819
6027
4245
7088
8735
7130
8021
10279
9180
8644
10437
11106
9860
9961
11453
10566
9145
10273
10820
8427
7976
9134
6410
4216
5890
4222
572
1424
675
-3667
-4539
-2987
-5654
-9229
-7620
-8125
-12081
-11387
-9196
-10897
-12934
-11253
-9472
-11174
-11506
-8143
-7082
-9495
-8244
-4078
-6001
-8117
-2518
-2145
-6817
-2688
-260
-5120
-3717
70
-2295
-3736
-1424
-1042
-2841
-2361
-373
-240
-1264
-918
1674
1915
-286
2892
5447
2221
4302
7951
5186
5548
9088
8344
7687
10157
10591
8530
9982
12044
10303
10298
11634
11212
9998
8800
10968
10509
5819
8715
8967
2067
4821
5907
-555
338
1246
-3354
-5374
-4310
-5250
-9281
-9761
-7763
-11189
-13776
-10457
-10547
-14001
-12871
-9943
-10643
-12406
-9994
-6567
-8741
-9716
-4004
-3889
-8388
-3864
-281
-5155
-4132
700
-2442
-4566
-217
-13
-3366
-1834
318
-1615
-2374
-397
599
-807
-1188
1803
2344
-268
1818
5467
2846
2596
7604
6066
4171
8632
9065
7015
9457
10949
8765
9725
12197
10316
10408
11899
10724
10684
10367
9938
10234
8794
7159
7721
6626
3848
3663
3257
999
-1436
-1606
-2829
-5824
-5602
-6741
-9504
-9335
-9630
-12107
-11208
-10193
-12590
-12283
-10706
-10418
-11110
-9953
-7294
-8555
-9048
-5296
-4891
-6933
-3910
-2540
-4435
-3249
-2032
-2161
-2825
-2050
-1037
-2455
-2357
-1354
-1480
-1791
-1830
-280
-492
-1927
745
2402
8
1441
4811
3143
3346
7058
6478
5623
8448
9111
8157
10463
11422
9320
10766
12628
10893
11115
12624
11335
10241
10959
10796
9625
8710
8226
7178
5064
4785
4260
1320
760
-370
-4065
-3672
-3576
-7780
-8517
-7799
-10576
-12197
-11118
-10750
-12676
-13269
-11411
-11587
-12353
-10823
-9312
-8747
-9234
-8426
-5273
-6353
-7387
-2558
-3309
-6286
-1977
-1775
-5002
-2239
-598
-3004
-2648
-814
-1958
-2530
-1327
-781
107
-456
-988
1635
1658
77
3769
5903
2917
4603
7595
5945
7237
10099
9605
9118
10719
10871
9915
12605
12950
10893
12373
11586
10593
12222
10543
10134
11260
7569
6467
8152
5003
3413
3960
1728
-585
-2691
-3425
-4141
-6092
-7419
-9506
-9794
-10779
-13832
-11830
-10376
-14272
-13965
-10349
-12499
-14024
-9706
-8564
-10558
-9190
-6368
-7069
-8326
-4407
-3008
-5711
-3975
-1795
-3541
-3794
-1282
-1225
-2454
-2118
-1212
-793
-2225
-2021
962
334
-2010
1259
3193
-195
1739
6656
4416
3277
8263
7702
5836
10013
11315
9384
10664
12709
11216
11433
13875
13015
11925
12320
12629
11877
10470
10995
11588
8437
6424
8247
5858
2469
4278
2593
-2026
-1806
-2781
-6286
-5746
-6249
-10422
-10603
-9469
-13195
-13704
-9841
-12516
-15405
-11040
-10876
-14157
-10907
-8081
-9988
-9534
-6957
-6919
-7611
-5645
-3611
-4007
-4369
-3834
-3037
-3083
-3661
-1644
-910
-3901
-3011
-569
-2769
-3195
134
589
-2296
-606
3075
112
742
6162
4263
3474
7393
6460
7188
10201
9392
11044
11131
10292
13051
12251
12992
14560
11751
12339
13766
11740
11097
12088
11405
8620
7421
8120
5854
3429
4387
2383
-1267
-1314
-3265
-5622
-4816
-6827
-9822
-9950
-10419
-12522
-12921
-11079
-12789
-14519
-12167
-12043
-13372
-11708
-9687
-10181
-9793
-7928
-7411
-7471
-6511
-4471
-4282
-4578
-3706
-3376
-2910
-3482
-2872
-730
-2787
-3782
-164
-1222
-3918
-317
1706
-1436
-857
3199
2234
442
4890
6814
4019
5764
8971
8471
8352
11270
11944
9721
11806
14339
12389
12129
14480
13462
11041
12750
14236
11036
9138
11689
10091
4951
7125
8469
2111
1949
4146
-1872
-3916
-1957
-4672
-6196
-7415
-9861
-9789
-11452
-13292
-10674
-11258
-15346
-13480
-10190
-13928
-14970
-7973
-9086
-13748
-7725
-5815
-11020
-7738
-2458
-6183
-6762
-2311
-4497
-5571
-2450
-2771
-3077
-2156
-3461
-2867
-882
-2693
-2221
1391
-296
-1981
2367
2991
286
4193
7119
4315
5554
8778
7807
9106
11815
10782
11089
12585
12262
13204
14698
12815
12360
14218
12491
11958
12711
10969
9912
9449
8354
6635
5333
4728
2906
527
161
-1756
-5299
-4245
-4640
-9035
-9425
-8881
-11487
-12931
-11402
-10460
-13572
-14802
-10811
-11225
-13921
-10937
-8962
-10813
-10675
-7818
-6854
-8829
-7697
-3855
-5078
-6900
-3849
-3050
-5214
-4433
-1505
-2574
-4924
-2531
-1025
-2580
-2751
-68
506
-1697
968
4018
1816
2462
6633
5826
5191
9275
10060
8798
10539
12434
12009
11976
14378
14900
12734
13666
14797
12581
12710
13959
12923
9966
9149
10855
7216
4834
7271
4320
40
1356
438
-4740
-5353
-3558
-5837
-9794
-9918
-9041
-12423
-13744
-10045
-10454
-15579
-14338
-10217
-12687
-14902
-10140
-7841
-13088
-11402
-5472
-8969
-10684
-4699
-4082
-7868
-5218
-2887
-5469
-4778
-2515
-2791
-3129
-3279
-2865
-1415
-2044
-2209
726
469
-1152
2226
3923
1815
4233
7430
5875
6762
10629
10695
9732
11913
13891
13386
13094
15306
16483
13696
13284
16541
14684
11374
14572
14763
8541
8685
11761
6367
3250
7524
3860
-2747
605
-61
-7554
-5959
-3200
-8957
-11531
-9298
-10815
-13860
-13264
-10737
-11748
-15577
-14378
-10176
-12445
-14842
-9210
-7999
-13419
-9973
-5087
-9742
-9748
-4081
-5394
-7266
-4428
-4201
-5926
-4602
-2673
-3027
-3396
-3167
-2587
-1509
-2583
-2121
1910
308
-1753
4060
4437
851
5718
8770
6055
8205
11460
10388
11975
13850
12605
14220
16287
14787
14921
17156
14451
13386
16051
13927
12678
13049
10368
8542
8215
6283
4642
3605
1480
-611
-3261
-4316
-5624
-7757
-7249
-9041
-12047
-11899
-12843
-14585
-12390
-11440
-15128
-14813
-11508
-12981
-14662
-10698
-8014
-11981
-10826
-5641
-8605
-9261
-4693
-5216
-6076
-3898
-4766
-5834
-3489
-3687
-4319
-2519
-3149
-4203
-2609
-2070
-2566
-687
166
-933
1156
3504
1962
3145
7329
6701
6550
10375
10762
10511
12740
13399
14478
15411
14890
16374
16595
15085
15984
15789
14367
14939
14072
11307
10283
9956
7235
5487
6056
2722
-925
-536
-3054
-6954
-5678
-5599
-10357
-12587
-10204
-12123
-17464
-11691
-9527
-18043
-15070
-11005
-14432
-13953
-11024
-9181
-10249
-11575
-7771
-5766
-9428
-7005
-3227
-5949
-5893
-3721
-3894
-4968
-4759
-2602
-2874
-5253
-3872
-1641
-3789
-4151
236
-129
-4019
159
4716
897
1652
7628
6551
5489
10530
12121
10717
12565
14363
15023
16570
17290
17684
17599
16249
17101
17643
15189
16136
16641
11006
10279
12286
7204
5043
7279
3455
-1363
-1213
-3346
-7131
-6951
-6488
-9643
-13306
-12434
-13542
-17064
-13853
-11612
-16235
-17623
-13300
-12943
-15872
-12977
-8282
-10936
-13798
-8109
-6077
-10537
-7506
-3095
-5797
-6112
-3663
-4051
-4588
-4195
-2576
-2062
-4134
-3628
-1348
-2690
-3886
-332
803
-1932
306
4462
2235
1972
8069
7889
6522
11093
11453
10655
14056
15229
14004
17269
19300
14113
15962
20252
14399
15331
19208
13378
12546
13373
9347
9512
8853
5530
3961
1954
70
-2924
-5461
-5038
-6842
-9405
-10803
-12916
-13000
-14817
-16776
-12516
-12921
-17948
-15770
-13044
-14427
-14849
-11692
-8605
-12315
-11921
-5241
-8115
-9437
-3293
-4310
-5741
-2597
-3357
-4833
-2713
-1715
-2146
-1585
-2283
-2831
-1343
-1554
-1849
1021
380
-1939
1885
4291
1610
3446
7482
5987
7450
11191
9712
11032
13521
11940
14168
18566
15328
13175
18253
16478
13896
18113
16054
13338
13987
10907
9998
9545
7273
6495
3910
2107
258
-4150
-4752
-4229
-6609
-8592
-11137
-12354
-12379
-15935
-14921
-10743
-15172
-17536
-13488
-13797
-15419
-14079
-10179
-9074
-12911
-9878
-5807
-9968
-8426
-2890
-5007
-5919
-3310
-4012
-4167
-3159
-1982
-866
-2320
-2798
-861
-1199
-3427
-144
3412
-270
-956
4516
4067
181
5849
9764
5536
7371
11284
10538
10747
13026
14731
15314
15366
15510
17202
16554
13916
17282
17633
12235
15289
15276
7197
9794
12638
5067
3991
6395
152
-3829
-2054
-4778
-7385
-6664
-10249
-13135
-12545
-15389
-17387
-13467
-12930
-18145
-16611
-13837
-17253
-15265
-11740
-12558
-11832
-11957
-10962
-8283
-8878
-7931
-4943
-4653
-5073
-4705
-3685
-2708
-3779
-1894
869
-2835
-3346
1227
-364
-2606
2548
3832
-228
2187
5759
3897
3698
8040
9031
8348
10197
10958
12534
12637
12867
16356
16491
14593
16088
17855
15129
14974
18598
14740
11959
16105
11990
6271
11079
10607
2160
3639
5783
-3783
-5576
-612
-7119
-8898
-5578
-13998
-13769
-10371
-19229
-15061
-9904
-19372
-17831
-12058
-17100
-17101
-11637
-11525
-13029
-11888
-9646
-10258
-10105
-6837
-7111
-6712
-3834
-5719
-6231
-2617
-3967
-4611
373
-418
-3960
-699
898
-1963
143
4699
2870
693
5324
6360
2684
6552
10774
9165
10384
12132
11863
12178
12331
15307
17957
15379
15045
16792
14229
13890
17511
16357
12522
14088
13305
7254
8618
11644
5760
2487
6033
624
-5599
-2117
-4732
-7542
-5697
-10066
-13434
-11892
-14777
-17353
-11606
-12025
-18638
-16241
-13390
-16882
-15693
-10395
-11520
-13659
-10599
-10019
-11735
-8441
-6258
-8532
-6312
-4300
-7426
-5933
-3215
-4794
-3118
-1200
-2976
-2376
-743
-1496
-525
2734
3073
1637
4095
5849
3759
6162
9489
9675
9556
10631
13571
11835
11533
16485
16268
13661
17974
17780
12115
16363
16971
15160
15580
12760
14560
9419
5760
12134
7696
1561
5528
2453
-4790
-2626
-3086
-7423
-6421
-8256
-12851
-12111
-13396
-17290
-13246
-11506
-17733
-16775
-13471
-16625
-16938
-12373
-10695
-14103
-12961
-8706
-11425
-11893
-6739
-6835
-8018
-5636
-6143
-5919
-4636
-6028
-2970
-631
-4450
-3093
1011
-1843
-2889
3023
4110
833
3894
7479
4879
4430
10219
12284
9825
11598
14672
13996
12036
15633
20098
15727
13893
19562
17262
11238
16237
18933
11589
11322
16220
10166
3122
9553
10273
-529
2265
6084
-6018
-7622
-1048
-6946
-9398
-7152
-12169
-13336
-12805
-16634
-13234
-10374
-17171
-16897
-11211
-15425
-17805
-10532
-9116
-14145
-11653
-7597
-11218
-10599
-5449
-7548
-7503
-3453
-6046
-6188
-2908
-5384
-4388
-358
-3052
-3414
544
-1722
-3357
2051
3163
193
3415
6442
3498
4853
10240
9793
9186
12807
13038
12514
14413
14825
17559
17722
14609
18339
18092
12423
16008
18804
12299
11638
14724
9803
5356
7897
8815
1613
758
4418
-3852
-6949
-2810
-6950
-8851
-7910
-12040
-13099
-12759
-16403
-13495
-10120
-16685
-16809
-11809
-15228
-17217
-11484
-8926
-13837
-12628
-7552
-10456
-11503
-6751
-5992
-7692
-5778
-5655
-6532
-4492
-5250
-4603
-964
-3025
-4779
-132
-369
-4486
914
4681
-695
1629
7271
4204
3888
10007
10713
8280
11884
14796
12892
12963
16346
18332
15663
15917
20129
16676
12488
17483
18452
11478
12897
16159
8703
5541
9981
7682
648
2182
3579
-4685
-5996
-3535
-7267
-8155
-9822
-12378
-11246
-14216
-17247
-11881
-10902
-18183
-15221
-10427
-16610
-16833
-9489
-9706
-13819
-10244
-7820
-10667
-9608
-7302
-6427
-6009
-6080
-6457
-5064
-4364
-6690
-3666
-749
-4895
-3911
519
-2186
-3594
2177
3459
-591
2730
7465
4185
4386
11036
11077
7608
12053
16374
13242
13033
18346
18537
14468
16644
20857
17085
13751
18400
17875
11220
13592
16464
8643
6274
10995
5902
553
4178
1403
-5586
-4364
-4294
-8587
-8799
-10214
-13086
-12286
-14810
-17322
-12334
-12921
-19333
-14683
-11354
-17692
-15617
-8869
-11502
-14184
-9045
-8552
-11177
-8198
-6767
-6892
-5806
-6007
-6801
-4940
-3699
-6247
-3535
-408
-5210
-4284
994
-2015
-2959
3085
2864
-77
4157
6731
4433
6331
11364
10559
9279
14070
14552
12962
15740
16704
17394
17585
16662
18234
16874
14713
17753
16708
11980
14501
14151
6666
8110
10652
3347
1677
4541
-1422
-5781
-3531
-5768
-8526
-8322
-11639
-13179
-12522
-16244
-16128
-11879
-15328
-18659
-13516
-13075
-17817
-14255
-8905
-12115
-13591
-8575
-8727
-11034
-8244
-6184
-6225
-5950
-5894
-6101
-4717
-5066
-5979
-2384
-2473
-5620
-2637
-580
-3426
-1295
3037
1053
1118
5330
4442
4033
9633
10957
8611
11543
14228
13042
13824
17123
17989
15768
16690
19551
17313
15597
18002
17358
14488
14095
14376
11248
7822
9845
8678
2653
3506
3058
-3777
-4002
-3157
-7284
-7684
-8653
-12000
-11565
-13684
-16671
-12443
-12316
-17587
-14642
-12191
-16201
-15417
-10748
-10343
-12858
-11007
-8700
-9898
-8658
-8267
-7324
-4034
-7159
-7383
-2878
-6706
-7359
-2285
-3749
-4884
-3919
-3510
-1903
-3287
-892
3841
-886
477
7731
3257
4029
11885
9722
8194
13193
14775
12697
14234
18255
17527
15127
18205
19965
15508
15878
19479
15891
12879
15326
13768
8568
8173
9581
5393
2028
3990
57
-5491
-4069
-5358
-7955
-8008
-11306
-12833
-11874
-17007
-16624
-9964
-15515
-19118
-11916
-12618
-18027
-13759
-8078
-11956
-13124
-7500
-8054
-10706
-7974
-6201
-6116
-5663
-6600
-5677
-4077
-6106
-5949
-1316
-2568
-6080
-1880
-618
-4304
-1511
3449
1607
144
4921
5479
3032
7500
11579
9955
10373
13169
13878
14408
15488
17689
19000
16052
16246
19716
16834
14971
18485
16101
11951
13828
12434
7408
7721
8189
4185
1710
1739
-1173
-6244
-5862
-3467
-8811
-11615
-9621
-13968
-13867
-14380
-15863
-9616
-16422
-19882
-9192
-13904
-19692
-9435
-8144
-14982
-10558
-7421
-9824
-9629
-7590
-4892
-5701
-6489
-5317
-5206
-4873
-4822
-3891
-2160
-3706
-4555
-1360
-1247
-2801
738
2889
141
1899
5924
4450
6007
10619
9122
9433
13739
13221
13695
17409
16463
15897
19002
18616
16763
17873
17676
15770
16101
16324
13663
10981
10573
9090
6509
6338
4683
581
-1133
-2063
-5138
-6402
-6393
-9524
-12023
-11862
-12842
-16322
-15306
-11530
-16558
-18166
-11825
-14420
-17506
-12410
-10418
-12863
-12571
-9511
-9119
-9767
-8598
-6888
-5604
-6584
-7234
-4904
-4265
-6671
-4821
-1844
-4472
-5461
-2263
-2112
-3823
-892
1337
-523
369
3953
4043
3920
8304
9385
8883
11388
12616
13230
15157
16961
16423
17953
19381
16726
17462
19940
16570
15284
18649
14530
12036
13703
8934
7888
8438
4945
3360
847
-2130
-4214
-5665
-4651
-7743
-12446
-11115
-12068
-16546
-15716
-11433
-14641
-20016
-14455
-12338
-18591
-15721
-9773
-12752
-14462
-10386
-9573
-10889
-9514
-7330
-6665
-6958
-6604
-5799
-4967
-5655
-5617
-2400
-2542
-5003
-2400
-990
-3607
-1484
2488
1166
493
3926
4746
3937
7477
10105
9256
10833
12531
13145
15764
16735
16394
18152
18473
17427
18805
18704
16713
17192
16917
14935
13279
11483
10236
8448
7320
5983
2716
527
-1680
-3669
-5479
-6159
-6948
-11499
-12790
-11296
-14480
-17754
-13306
-11980
-18976
-16727
-11535
-16575
-18119
-10854
-9491
-15306
-12381
-7289
-11338
-11485
-6814
-6368
-7452
-6820
-6046
-5427
-5694
-6381
-2672
-2036
-4989
-3665
-1704
-1459
-2541
963
3803
-10
1580
6681
5021
5073
10357
10622
9838
11836
13866
15405
14780
16077
19061
17937
15802
19336
19808
14652
16452
18587
13991
12456
13766
10134
6747
8358
7155
2548
1339
399
-3899
-5594
-4473
-6217
-10044
-11959
-11188
-12834
-16418
-14182
-11352
-16390
-17999
-12012
-13365
-18585
-13253
-7822
-13715
-14035
-7039
-9697
-12413
-7528
-5920
-7966
-7355
-6253
-6477
-5792
-5937
-4882
-2766
-4143
-4551
-1761
-1799
-2851
211
2155
957
2290
4638
5130
6264
7669
9315
12387
12183
10802
15511
17160
12906
16339
21279
16587
14957
19851
17441
14053
16694
16186
13455
11415
10097
9127
6542
5338
5314
2189
-1737
-2688
-4497
-6229
-5934
-8894
-11284
-10846
-14050
-15685
-12407
-13600
-16595
-14956
-13501
-14488
-15702
-13384
-10392
-12762
-12857
-8742
-9559
-11052
-8607
-6441
-6099
-8015
-7227
-4119
-6182
-7185
-2719
-2337
-5792
-3546
-386
-2074
-2607
1005
2916
646
2774
6266
4993
6002
9085
10209
11192
11626
12200
16194
16135
13781
18297
19282
15056
16837
20311
16552
13931
17298
15968
11899
12275
11487
7403
6610
7255
3317
587
560
-2905
-6237
-5373
-5162
-9762
-12718
-10809
-11854
-16446
-15291
-10764
-15780
-18815
-12631
-13406
-17505
-14748
-9953
-11933
-14938
-9795
-8208
-12462
-9631
-5243
-7781
-8170
-5520
-6479
-6021
-4805
-4879
-3027
-3414
-4246
-2063
-1214
-1825
86
2418
1477
2413
4981
5687
7745
9265
8542
11506
14789
11703
14283
20009
14588
14322
21576
18487
15355
18882
18267
15105
15073
16214
14664
10478
9960
10442
5604
4748
5416
922
-1086
-2032
-4506
-6061
-6744
-8900
-11334
-11235
-12487
-15943
-14908
-11917
-16412
-18044
-12588
-14479
-17734
-13732
-10570
-12906
-13973
-9487
-9039
-11599
-9638
-6938
-6165
-7884
-7452
-4975
-5632
-6389
-4307
-2163
-4397
-5130
-1341
-1256
-2761
476
2537
482
2109
5438
5089
6289
9010
9812
10908
11845
12432
15489
16692
14415
17555
19844
15441
16759
20647
16789
13729
17784
16443
11418
13559
12515
7049
7516
8521
3350
1406
2251
-2996
-5876
-4225
-5345
-8985
-11674
-10811
-10729
-15342
-15529
-9989
-13612
-18765
-12299
-10717
-16991
-14908
-8518
-10675
-14723
-9395
-7113
-12155
-10353
-6041
-7088
-8502
-7126
-6114
-6778
-6487
-5691
-3995
-4098
-5683
-2777
-1664
-3247
-962
1770
178
990
4870
3702
6222
8390
6785
11421
12707
10527
14313
17605
14069
14609
20232
18024
14981
19134
19071
13642
16190
17799
12457
12559
13011
8499
7193
7748
4405
2230
1455
-1582
-4542
-5735
-4954
-7601
-11550
-10060
-10609
-15456
-14626
-10100
-13742
-18419
-12773
-10518
-16793
-15486
-8255
-11333
-15733
-8968
-7676
-11978
-9717
-7477
-6985
-7754
-8391
-6185
-5796
-7422
-5985
-2686
-4546
-6560
-2263
-1652
-3992
-464
2022
101
1251
4462
4632
5537
8319
9742
10838
11559
11905
14525
17000
16030
17040
19582
16814
16063
20368
18240
14748
17999
16593
11831
13914
12757
6836
7764
8367
3395
2042
1971
-2454
-4921
-4795
-5233
-6501
-11114
-12179
-9460
-13620
-17209
-10952
-11107
-18916
-15244
-10388
-14705
-17384
-10742
-7922
-15509
-12107
-6280
-11155
-11100
-6265
-6279
-7980
-6556
-6338
-6664
-5415
-5353
-3828
-2677
-4740
-3997
-1061
-1952
-1897
1869
1846
684
3704
5839
5984
6945
8388
10470
12824
11116
12431
17908
14211
13085
20498
19005
13272
17559
20404
13718
14423
18759
13406
10876
13304
9700
5581
7566
6507
1198
1074
744
-3868
-6795
-4422
-4326
-11026
-11335
-8646
-12828
-16638
-12226
-9893
-17508
-16880
-10344
-13583
-17558
-12091
-8638
-14253
-12527
-7142
-10061
-11183
-7911
-5699
-7145
-7938
-5853
-6129
-6165
-5553
-4356
-3516
-5003
-4537
-2607
-2170
-2445
203
952
-54
2788
3787
4561
7326
8198
8713
11493
12277
10872
15470
17436
13192
16868
20295
15356
15931
20386
16199
13197
17864
15809
11064
12651
11461
7293
6549
7053
4335
663
-197
-1369
-5068
-6372
-3836
-7488
-13674
-10243
-9586
-16551
-15251
-8955
-14270
-19532
-11795
-10986
-17409
-14764
-8930
-10995
-15317
-10310
-7102
-11935
-11128
-5926
-6745
-8893
-6847
-5960
-6314
-5787
-5113
-3524
-3846
-5008
-2723
-1472
-2604
-573
1659
688
1640
3807
4458
6050
7805
8304
10373
12527
10027
13492
18813
13332
14938
21414
16575
13847
20134
19547
13439
16624
18472
12541
11756
13955
9813
6328
8298
5815
959
1273
102
-4788
-6238
-3872
-5995
-11837
-11773
-9117
-13604
-18092
-11653
-10513
-18820
-16594
-10996
-14322
-18024
-12766
-8729
-14142
-13991
-7960
-9262
-12505
-8681
-5810
-7789
-7533
-6414
-5803
-5391
-6146
-4295
-2392
-4552
-4365
-1281
-2034
-2012
446
1109
2776
1718
2629
7430
5897
6967
11240
10951
10926
12687
15479
16171
14810
17338
19791
16466
17040
20411
16018
15124
18213
14647
12649
13160
10637
7890
7435
7140
3941
1355
537
-1512
-5120
-5986
-3945
-7983
-12787
-10450
-10555
-15695
-15674
-10486
-13807
-18671
-13593
-12311
-16499
-15640
-10720
-10653
-13701
-11403
-8792
-9258
-9958
-7820
-5683
-7110
-7835
-6639
-4749
-5772
-7090
-3521
-2877
-6274
-4906
-718
-1932
-3361
1344
2136
-191
2326
5432
5986
5928
8045
10888
11051
9596
13505
17623
13258
14063
20517
16925
13135
19661
20321
13828
15987
18648
13414
11213
14244
11861
5685
8189
8853
1313
1162
2129
-3232
-5801
-4066
-4872
-9209
-11196
-10295
-10675
-15383
-14753
-9653
-13980
-18027
-13002
-11427
-16848
-15154
-8504
-10667
-14539
-10108
-7163
-10951
-9833
-6332
-7232
-7174
-6685
-6392
-5014
-6034
-6544
-3124
-2965
-5576
-3585
-926
-2778
-2409
1713
1114
421
2941
4688
6138
5995
7470
11315
11167
9240
14218
17809
12487
14520
21425
16868
13466
20103
19790
12937
16257
19327
11985
10723
15221
10424
4982
8573
7453
972
1586
1669
-3027
-6066
-5753
-4629
-8319
-12733
-10748
-10444
-16854
-15335
-8498
-14617
-19610
-12526
-11035
-16860
-15041
-7754
-11121
-15801
-8746
-6539
-11915
-9906
-4580
-6479
-8096
-5637
-5661
-5354
-5007
-4698
-2551
-3185
-4426
-2403
-650
-2116
-1193
2580
1563
1285
4077
4980
5696
7071
8714
10265
10966
10179
14183
16766
12258
15454
19585
15608
15391
20095
17839
12608
16974
18042
10768
12241
15059
7513
5448
9337
4929
681
1316
310
-2788
-7234
-6850
-4055
-9379
-14069
-9247
-9654
-18569
-15095
-7634
-15939
-19742
-11330
-11346
-17783
-14557
-7306
-11717
-15399
-8550
-6147
-10211
-9844
-4827
-6014
-7572
-4948
-5160
-4724
-5658
-4958
-1592
-3169
-4802
-2083
-228
-2449
-1106
2645
1692
1756
3745
5431
6230
6688
8652
10424
11216
9973
13750
16662
11704
15000
19335
14831
14573
19548
17847
12158
16149
18295
11371
11626
15010
9465
4705
9633
7406
-513
2756
2239
-3919
-6045
-5176
-3817
-9647
-12810
-8111
-10197
-18131
-15192
-7862
-14632
-19703
-11799
-10743
-18147
-15220
-7563
-12311
-14923
-8394
-8396
-11102
-9698
-7471
-6960
-6306
-6738
-7441
-4272
-5641
-6841
-2600
-2810
-4594
-3971
-1098
-1115
-3439
1191
2996
13
2493
5719
4775
6165
9118
8489
10991
11408
11510
16345
14436
13915
17565
17213
16432
17722
18760
15354
15649
18314
14619
13064
13596
11473
7784
8240
8217
2364
2240
2175
-1818
-5428
-6158
-3682
-8561
-12719
-10113
-10778
-16131
-16927
-10291
-13652
-20693
-14479
-11455
-17322
-16887
-10020
-11462
-16092
-11443
-7645
-9912
-11233
-7563
-6222
-7957
-6460
-6152
-5369
-5173
-6693
-3637
-1749
-5320
-5280
-516
-1012
-2899
324
2035
1562
1465
4427
6975
5518
7444
10565
11372
10562
12659
16641
14758
14200
18815
19390
14296
17999
22113
14067
15046
20355
13843
10812
15669
12511
5708
9057
9388
1502
1877
3877
-1874
-4576
-5201
-5668
-6525
-10639
-11629
-10621
-13493
-17906
-12122
-9876
-18875
-17033
-10798
-13870
-17752
-10891
-9599
-14472
-11175
-9666
-8276
-9793
-9264
-6020
-6709
-6235
-7337
-4737
-4061
-6990
-4102
-1358
-4129
-5740
-964
-120
-2943
-542
2254
1394
474
3963
6284
4647
6717
9414
9675
9769
11478
15181
14438
13733
17424
17584
15042
17599
20960
15916
14635
19879
15401
11430
15681
13969
7695
8453
10196
3620
1488
4190
-689
-3957
-4122
-5934
-6223
-8305
-11522
-11120
-11244
-16902
-15496
-9429
-16008
-19502
-12779
-13626
-17831
-13983
-10423
-12718
-13174
-10392
-8634
-9195
-9179
-6727
-5675
-7080
-6939
-4996
-4772
-6083
-5587
-3201
-3473
-5134
-2883
-656
-2199
-2241
1182
2155
151
2564
6582
4984
4627
8650
10322
9766
9615
13406
16585
12287
13569
19750
15600
13080
20341
19660
11791
14742
20865
12236
8168
19460
11323
1420
13802
9092
-2562
4856
5439
-4021
-3686
-3538
-7012
-5814
-9906
-11823
-9248
-14180
-17175
-12031
-11067
-18026
-16792
-10977
-14992
-16158
-10558
-11575
-13916
-10574
-9309
-9716
-7555
-7765
-8933
-5768
-4932
-7698
-5768
-2821
-5378
-6595
-2246
-1901
-5770
-2700
1121
-2324
-2685
2483
2721
-287
3601
7118
4368
5909
9518
10382
10352
10399
14056
15569
13265
15279
18535
16562
15291
19612
18461
13813
17791
18516
12445
13479
15699
9021
6637
10517
4909
724
4031
336
-4385
-4527
-6569
-7409
-7448
-11260
-12673
-11702
-15105
-17028
-12892
-13291
-18675
-16225
-12215
-15243
-15818
-12661
-12123
-12164
-11020
-9788
-8429
-8701
-9127
-6925
-5234
-6154
-7428
-4720
-3126
-7218
-4314
290
-5002
-4651
-469
-305
-547
-2943
4315
4951
-3644
7725
10298
1122
9089
12336
7717
11848
13665
14944
17307
12370
16922
21473
14117
17207
22247
15773
13565
19121
16576
10476
14562
14701
5964
6790
10437
2534
-128
4162
-1220
-5416
-4459
-7277
-7588
-8317
-12653
-12216
-11403
-16350
-16815
-11109
-14106
-19360
-14676
-12466
-15815
-15484
-11970
-11423
-13123
-11534
-9685
-8719
-9144
-9453
-6121
-4844
-6630
-6581
-3278
-3976
-6572
-2368
-846
-4335
-3848
-482
-320
-2447
-10
3761
1268
588
6246
6716
4097
7199
10702
10989
9768
11671
16472
14952
12468
17255
19158
14756
16752
20804
15201
14027
18737
14829
12075
15144
12290
7628
9284
8074
2786
3706
3033
-2122
-2428
-4509
-8350
-6327
-7035
-12787
-12828
-10588
-15226
-17279
-11188
-12407
-19065
-15368
-12568
-15132
-13748
-13451
-11923
-10619
-13333
-10055
-6264
-10429
-10695
-5145
-4839
-7891
-6816
-3060
-4454
-6880
-2311
-751
-5135
-4333
654
439
-3307
-178
4681
781
198
7136
6693
4166
8450
10477
9912
10875
11874
15681
17009
13044
16247
20542
15578
16424
21549
16673
14482
18961
16151
12141
14485
13207
8197
8432
8583
3863
1770
1868
-997
-3010
-4924
-8010
-7087
-7808
-12583
-12936
-11345
-15126
-17676
-12397
-12495
-19025
-16675
-12798
-15108
-15352
-13398
-11397
-11157
-13622
-10311
-6038
-10138
-10926
-5052
-4504
-7698
-6054
-3613
-4649
-5288
-3538
-781
-2575
-5545
-56
2266
-3834
-792
5768
873
-321
8172
7545
2964
8338
11482
9973
11009
11540
15424
16826
11898
17055
21284
13152
16058
22301
14820
14106
18495
14925
13484
12127
11117
11248
5838
6340
6337
-17
626
39
-3679
-5111
-7876
-8384
-7497
-11254
-13267
-11625
-14839
-16885
-13706
-13045
-16066
-17072
-14681
-13050
-13439
-15057
-11997
-8532
-13164
-11243
-4320
-8801
-11470
-5141
-3950
-6900
-5508
-3906
-3716
-3830
-4413
-989
-1121
-5386
-1129
3111
-2231
-2182
5654
2221
-1793
7231
8090
2117
7616
11128
7760
10620
12782
12637
15517
14208
13545
18740
17820
13935
19085
19963
12878
15311
19113
13165
10601
14060
12037
6307
7267
7649
1630
711
2081
-1440
-4231
-5920
-8080
-8062
-8824
-11567
-12336
-13273
-15017
-15493
-14322
-13288
-16508
-17541
-12509
-12000
-16028
-13907
-9097
-11771
-13280
-6274
-6590
-12150
-7366
-4174
-7405
-6073
-4162
-4909
-4337
-3940
-3549
-1693
-3480
-3300
1768
-830
-2868
2817
2349
70
5004
6500
3907
6498
9430
9043
10168
12027
11979
14913
16366
13279
16500
19247
14869
16581
22180
15447
11990
20015
16317
10211
14139
14182
6765
6346
10197
2412
-850
3960
-696
-5829
-3930
-6539
-11942
-8317
-7611
-14609
-14428
-12885
-15734
-17033
-14206
-13389
-18430
-16662
-11634
-13799
-16723
-12786
-8607
-12941
-11893
-5921
-8590
-10986
-6675
-4239
-6731
-5984
-3646
-4158
-3642
-3593
-2157
-455
-2641
-1297
1970
322
-351
3254
3823
2823
5627
6346
6154
7974
8147
10336
13355
10466
10990
17369
14690
11674
18864
18271
12043
17842
20364
11821
13612
19221
13044
10135
14076
10705
5140
7575
6804
597
1127
406
-3559
-3772
-5458
-8152
-10823
-8597
-7848
-16379
-13022
-11414
-20390
-14697
-11619
-17558
-16349
-15101
-15621
-12188
-14448
-15011
-6804
-11818
-12610
-3691
-8336
-10496
-5720
-4384
-4838
-4568
-4149
-3479
-2335
-4083
-1600
1443
-2621
-1202
2626
309
-712
3165
4144
1557
5852
7209
3630
8111
10431
8217
11283
13883
11483
12914
16997
14349
14191
18079
16243
16452
18171
15057
14302
15598
14203
13317
12891
10288
7987
6910
5495
3332
1379
-563
-1559
-2503
-6419
-9191
-9050
-9018
-10387
-11969
-14016
-14671
-14520
-17660
-14233
-10924
-18596
-18455
-10499
-13210
-17407
-11034
-9042
-13305
-10122
-6259
-8504
-9876
-7512
-4935
-4204
-5187
-4954
-3036
-3516
-4426
-1753
234
-2427
-2077
2402
987
-2264
1876
4805
2341
4497
6986
5339
5183
8392
10671
10663
12077
11979
13521
14267
13621
15697
17032
16396
14346
18682
15515
10767
18708
15672
10724
13857
11926
7624
7314
8129
3610
358
2449
120
-4842
-4314
-6334
-10718
-9815
-8112
-9996
-15508
-15348
-11982
-17873
-18175
-10205
-15016
-20569
-13414
-11555
-17675
-16450
-9401
-9805
-13064
-7922
-6017
-11341
-8732
-3746
-5097
-3828
-2492
-4812
-3320
-2463
-3749
302
1284
-2277
1146
3186
-1605
-113
5123
4283
3971
7045
6076
4580
8340
9930
9177
12746
13404
10749
14274
15594
12007
15736
18136
14144
16921
17099
11205
14926
16699
11593
13338
12448
7154
7781
7027
4002
2614
490
209
-1176
-4986
-6535
-7803
-10694
-10509
-7808
-11457
-16864
-14633
-13240
-19097
-16998
-8963
-16155
-20119
-10860
-13006
-17831
-13707
-9045
-7319
-11859
-11295
-3952
-8113
-12193
-880
-444
-7879
-1279
-2361
-2973
31
-5094
2794
4769
-4844
1586
6299
-2415
-513
8529
5828
2353
7156
8105
3558
6905
12085
11556
10224
9916
13141
12382
10356
14664
16240
13287
13867
17033
13434
10824
15609
14924
11478
12697
11522
7215
6557
8199
4430
1277
3605
42
-3801
-2364
-5026
-8322
-9919
-9228
-7220
-12444
-17127
-12907
-13485
-19960
-14594
-8850
-17990
-20474
-10746
-11395
-18443
-12735
-5721
-11225
-13127
-5646
-6251
-11576
-6684
-1547
-3718
-4140
-3067
-3151
-3191
-3417
-41
2347
-1574
-1371
2357
678
-433
2516
4913
4581
3540
5527
6445
4435
6787
10831
10287
9291
10281
11584
11515
11118
14030
15968
13011
13559
17570
13376
10374
16526
15605
9652
13331
13371
4757
7258
9758
3171
2210
3000
171
-2411
-2889
-5618
-7515
-8967
-10197
-7210
-12614
-17150
-12531
-14568
-19708
-14794
-10357
-17943
-19186
-11558
-12673
-16936
-12808
-8287
-10140
-10253
-8530
-8640
-7684
-6484
-5240
-1853
-1744
-5653
-3479
806
-2095
-2637
3138
2383
-2046
1102
3275
-414
861
5528
4389
3323
5900
5604
4497
6391
9370
11373
10453
8818
11216
12412
10313
13147
17151
14442
10917
15988
16721
9373
14574
18467
10189
10896
15245
7975
4792
10989
6885
470
3352
2185
-2915
-3623
-3522
-5747
-8997
-10870
-8369
-9001
-16737
-16114
-10769
-16770
-19877
-11635
-12266
-20544
-15287
-9415
-15595
-15742
-8635
-7466
-11437
-9145
-5372
-8181
-6525
-2835
-3122
-2388
-1898
-2816
-1564
1097
-1361
-1212
5597
1091
-3356
5600
2517
-3134
5061
5740
956
3806
6616
3889
4018
6866
8317
9385
8333
10196
11022
9281
10624
14076
15504
11228
12968
16343
10815
12036
17769
13083
9318
13389
11562
5795
7879
9835
3121
598
4161
53
-4205
-2175
-3727
-7288
-9117
-10105
-8341
-11131
-17103
-12859
-11080
-20096
-17456
-9150
-16271
-20559
-11909
-10423
-16638
-14549
-6827
-8382
-13337
-7553
-3435
-8132
-7288
-2338
-1930
-3642
-3337
-401
-579
-2612
-133
1861
777
-469
-245
2211
489
-1887
3646
4938
123
3695
7363
2589
2950
9411
9955
7372
9356
11734
9968
8858
12820
15781
11911
11256
16983
15096
9470
15118
17990
9569
11286
16569
9100
5379
10900
7803
1279
4720
2759
-2740
-553
-3283
-5748
-5445
-11110
-9823
-5314
-13287
-16884
-9383
-14690
-20674
-11820
-11308
-16894
-16380
-11972
-11716
-16301
-11643
-6861
-9161
-10348
-7644
-5016
-7213
-6840
-2464
-1694
-3539
-2384
-1612
-2017
-1493
-1596
1386
1901
-1964
84
2637
-1224
-957
4359
3345
557
4339
5718
1616
4255
10264
8400
6621
10203
11378
10450
11089
13177
15554
12588
11114
18615
16264
8077
16579
19017
7654
12245
17778
6897
5713
12828
7043
710
4670
4090
-2999
-2824
-435
-5284
-9166
-8503
-7771
-8714
-13331
-15063
-10971
-14047
-19461
-13063
-10467
-18688
-16909
-9575
-13475
-16447
-10598
-7717
-9624
-9615
-6911
-5410
-6786
-6115
-2121
-1558
-4151
-3503
-1033
-1369
-2951
-1384
1427
-276
-2857
560
2121
-2735
-1203
4486
1764
-145
5201
4654
1162
5321
8784
8113
8120
9488
9772
10191
11046
11526
15952
14449
10360
16226
15715
9812
15956
18884
10183
11310
16284
9631
6588
11728
8082
1124
4567
4489
-1751
-2269
-706
-4252
-8232
-7522
-8417
-8793
-10304
-14201
-12372
-13311
-17686
-14546
-10537
-15250
-17615
-11346
-12483
-15516
-10353
-7872
-8482
-9312
-7309
-5471
-7062
-5469
-3778
-2685
-2097
-3656
-3667
-1721
-2244
-4064
202
1372
-4058
-2089
1763
-2509
-3430
3188
2792
-1591
2962
5091
1264
4077
7798
7805
8622
8353
10276
13172
9697
10732
18230
14270
10564
18745
16235
9666
17097
18090
10206
13333
17160
10215
7222
11758
9057
2516
6014
6886
-1493
-1276
1211
-4135
-6132
-6372
-8283
-7133
-9998
-13695
-11038
-13639
-17137
-12798
-10905
-14763
-16332
-12408
-12834
-14385
-9870
-10069
-9442
-7595
-10948
-6781
-4278
-8942
-5190
-1381
-4960
-4928
-2969
-4022
-3662
-3583
-1681
782
-3723
-4048
911
-1284
-3357
1891
3912
-1130
1541
6379
1191
1998
8367
8484
7835
9182
9965
9963
10478
11941
16477
16424
10786
15877
18195
9896
14359
20592
12345
9933
17686
12842
4334
11922
12527
2211
5776
9459
-794
-2873
3599
-2229
-7374
-2839
-6825
-10945
-7324
-10847
-13239
-11832
-14632
-14151
-12781
-13621
-14206
-13939
-14950
-13188
-9337
-13291
-11533
-5895
-10435
-11299
-4484
-5382
-10568
-4497
-561
-6709
-6844
-2338
-2913
-4913
-2950
-35
-1435
-5345
-2089
2061
-2737
-3164
3269
1070
-2067
4532
4521
1306
5879
7718
6960
8853
10240
9709
12550
13004
11666
15994
15275
13155
16759
16519
13184
16355
17055
12343
14641
15555
9714
8559
12894
8056
2405
7760
4414
-2341
1401
864
-5325
-5668
-6235
-8972
-7826
-10073
-13154
-12224
-13833
-15989
-14619
-12989
-15465
-15740
-13364
-15000
-12909
-11950
-13656
-8304
-8541
-11945
-7178
-5573
-9600
-8096
-2589
-4644
-7154
-3791
-3209
-4781
-6025
-1613
1605
-5258
-4150
3380
-909
-5322
3186
4473
-2528
3655
6857
1373
4777
8120
6717
9750
11806
8989
11027
14671
11628
13683
18263
13318
13566
18466
14596
13426
17329
15059
12040
14982
13825
8694
10690
10339
5879
7345
5718
1231
1358
605
-2216
-3514
-4444
-7997
-9027
-6953
-9915
-12836
-12874
-13394
-13873
-14550
-12202
-13178
-16825
-15720
-12174
-11629
-16307
-10894
-6608
-14517
-11650
-4548
-9010
-11040
-5291
-4939
-5654
-7051
-6235
-1671
-7167
-6168
1590
-2614
-6807
-638
1397
-5003
-1469
4294
-108
250
6066
3478
1657
7345
7066
6994
12508
10348
8373
14244
13364
11398
17761
17332
12510
16844
18537
13031
15824
18297
12477
14786
16766
9733
10170
12354
6846
6794
9031
2354
-225
3429
-959
-4459
-2055
-5806
-10669
-7903
-7558
-13547
-13936
-12914
-15418
-15859
-15747
-13377
-14297
-19548
-15211
-9223
-16192
-16689
-5707
-10729
-16782
-5548
-4958
-13450
-7819
-1768
-6724
-6962
-3500
-5340
-4072
-3522
-2843
1700
-2768
-5532
1939
1720
-3842
1684
5805
-224
2503
7483
3679
4456
7535
8018
11297
11374
8125
12523
14607
9078
15271
19947
10707
13014
19935
12726
11065
19563
14833
8860
16881
14512
5249
11201
12877
3657
6702
8092
-453
681
1616
-2686
-2831
-4045
-7448
-9069
-8919
-10023
-12314
-13875
-14049
-13011
-16026
-16883
-12095
-15815
-19555
-11174
-9886
-18352
-13404
-5253
-13185
-13853
-3666
-8068
-13457
-5351
-2683
-7827
-5565
-3240
-4896
-2894
-3395
-1623
1408
-3494
-2909
3388
550
-3050
3568
5216
-136
4189
7908
3703
4999
9623
9394
8987
10669
10756
13250
12930
10504
16326
15681
10584
16113
18503
11060
12783
19591
11688
10784
18689
10883
7267
13747
9841
3505
7667
7999
-1097
695
3539
-3562
-4809
-3121
-6512
-9786
-7079
-8328
-13695
-13023
-12048
-13568
-16226
-13289
-11116
-18184
-16865
-9647
-13556
-18178
-9817
-6988
-16689
-11050
-3294
-11930
-11906
-3579
-5292
-8532
-4493
-4166
-4990
-4446
-4292
1614
-2181
-4637
3073
-1308
-771
2539
-343
5328
2869
891
8802
4387
1553
10962
10196
6921
11716
10076
11342
12280
10513
17831
14141
9135
18043
15759
8785
16394
18140
8784
13340
18328
8026
7488
13838
8317
4001
9790
7141
-1987
2188
3666
-3440
-3331
-2158
-7544
-9618
-6443
-9485
-13245
-13529
-13693
-14203
-16911
-14243
-13179
-19208
-17156
-11937
-15217
-17416
-10353
-9859
-15964
-9735
-6015
-11284
-9495
-4716
-5929
-7473
-3995
-4117
-4609
-2191
-3468
-626
940
-3586
-67
4040
-961
-450
5992
2993
1583
7445
6191
4497
7121
8541
9004
9115
10004
11104
11839
10987
12169
14731
12292
12618
16505
14280
11603
15907
15960
10135
14767
16681
8602
10414
13216
6747
5621
9743
4154
-354
3790
557
-3400
-1915
-4550
-8331
-8288
-7809
-11052
-13671
-14300
-14601
-15916
-18644
-14046
-13699
-20903
-15943
-10561
-16782
-17829
-8531
-9332
-16254
-8776
-5009
-11993
-9804
-3387
-5467
-7277
-3033
-3479
-3730
-1511
-2881
1139
2023
-2308
1501
4600
-518
40
7168
3242
1061
7643
6130
3704
6297
8717
9288
8295
8119
10356
12578
8876
10804
16803
10216
9135
17741
14816
8387
15354
17829
8322
12607
18149
9498
7986
13768
9984
4295
8704
6850
-534
2459
2945
-1831
-3293
-4167
-7062
-9038
-7345
-9633
-13488
-14080
-13788
-15146
-17625
-13949
-14493
-19424
-15812
-12485
-16073
-16953
-10135
-9494
-14064
-9665
-6101
-9619
-9250
-3735
-3609
-6448
-3496
-1958
-2360
-2209
-2149
1902
1073
-2801
2001
3988
-1806
311
5760
2054
935
5773
6234
2849
3202
8701
8389
5313
9574
10119
7316
10104
11458
12154
12879
10597
14336
16117
9917
14500
18079
10225
13946
17980
11073
10264
12895
11088
6792
8531
8720
760
1146
3410
-1586
-3960
-3315
-7171
-10567
-7788
-10184
-14333
-13973
-15353
-15815
-16766
-16713
-15372
-18451
-17894
-13695
-14583
-17066
-13486
-9266
-12417
-12311
-6236
-7291
-10951
-5271
-1888
-6393
-4758
-1036
-2529
-3088
-999
1469
1015
-1378
938
3647
64
-313
4959
3516
-456
4722
7266
1401
3340
8794
6010
6100
10155
8648
8316
10525
10359
12875
14030
11393
14453
16258
11105
13830
18356
12615
12581
17745
13258
8849
13003
13150
7019
8109
9491
2827
1098
2479
439
-2924
-4965
-4817
-9001
-11249
-10531
-11117
-15184
-18279
-12425
-16817
-21837
-12967
-13804
-21645
-14682
-9785
-18992
-14187
-6767
-11389
-12057
-7972
-4760
-9261
-7115
-217
-5270
-4575
-229
-2926
-1220
-174
-1496
2160
1807
-1913
1785
3482
-1840
1586
5932
109
1786
6708
2254
2592
7103
5163
6653
9889
6173
8648
13134
7764
9930
17359
10978
9115
19400
14564
7856
18620
18008
8026
14593
18982
8475
8182
16914
9371
2458
11226
8037
-2641
2492
4702
-4931
-5467
-1377
-7738
-12501
-9145
-8650
-13917
-17325
-12885
-12818
-20757
-16078
-8847
-17844
-20034
-9545
-11738
-18826
-10492
-4842
-13449
-11898
-2246
-6807
-10104
-2421
-2753
-6215
-1414
-777
-3781
-484
-971
-2114
2444
-481
-1933
3037
196
-1593
2949
1504
-1049
3686
4483
1223
4867
5608
2298
7666
9075
4199
10874
13457
4708
10963
18727
7728
10233
21690
10955
8883
19854
13951
9562
15848
15411
10376
10608
12937
8937
5096
8084
6075
507
1373
1020
-2818
-4867
-4680
-7118
-11159
-9746
-8915
-13118
-15596
-13198
-14522
-18438
-13162
-11868
-18056
-15566
-11996
-13735
-13765
-9779
-7454
-10881
-10343
-5218
-5362
-7964
-4675
-1424
-4851
-3914
-601
-2616
-2750
-2157
-645
1472
-2077
-2311
1893
-453
-2084
3012
2535
-1546
2563
4844
1776
3674
5599
5134
6977
8483
8864
9676
10073
9377
12008
15479
11554
12403
18325
12536
11078
19245
15225
10140
16612
16733
9452
10587
13379
8045
5886
8860
6049
80
-391
723
-3244
-5226
-4150
-8521
-12190
-10522
-10255
-13261
-16130
-14393
-14402
-19068
-15020
-11494
-18268
-17131
-12165
-13074
-13067
-12782
-8125
-8718
-13890
-4152
-3260
-12379
-3893
-1064
-7740
-2225
-1020
-4747
-1133
-2241
-2760
1703
-1168
-2711
2261
1052
-2244
2018
3600
-636
2068
6538
3233
2759
6799
5647
5996
11274
9854
7700
11765
11062
10337
16562
15314
9731
16142
16782
10389
16565
17359
11165
13970
15827
11561
10115
12183
10051
6016
7389
8034
362
-1591
3267
-2435
-6793
-2350
-5537
-13211
-12223
-7635
-10949
-17561
-14794
-11138
-18203
-19670
-10594
-12408
-20712
-15243
-7853
-13893
-17342
-7968
-5790
-14906
-10689
-909
-8124
-11512
-2417
-3114
-7257
-3960
-1815
-2436
-3961
-3202
294
-1107
-3417
-8
1823
-970
-1131
2239
1856
-538
2276
5534
3520
3646
6466
6027
7564
8452
8227
13107
11672
7615
15673
14812
8073
17777
17250
10642
15479
16003
14167
12414
15166
16369
9817
11046
14138
7657
5927
10506
4005
-87
4135
266
-3654
-2575
-4219
-8254
-10669
-10124
-8785
-11951
-15724
-12825
-13632
-19487
-15111
-9739
-16616
-18154
-10956
-12685
-16324
-10907
-7431
-11187
-10986
-5381
-5700
-9197
-5852
-3340
-5809
-3656
-1446
-3548
-2875
-2100
-3210
-91
1144
-2984
-390
2293
-1601
-835
2774
1469
-691
3907
5778
1735
3498
6029
5995
7723
9784
10222
9523
9787
10567
13765
14890
11249
14847
16529
10428
15022
17602
10934
14224
17072
11414
11251
13378
9305
7432
10047
7680
3311
2691
1208
-2010
-1912
-2177
-6646
-7718
-8985
-13041
-10091
-9492
-16304
-15962
-12864
-17015
-17483
-12139
-14564
-18918
-14436
-10593
-12865
-14344
-8357
-7887
-14193
-5384
-3643
-10954
-3829
-4760
-6869
-1295
-5225
-4650
347
-4587
-4112
2600
-1622
-4443
926
1628
-1598
-579
3778
1020
-2614
4694
6634
125
4676
8837
3766
6984
11663
8442
10174
13473
10594
12821
15718
11382
14187
18873
13503
12743
18131
14976
11523
16335
16487
10779
10994
13386
8630
6156
9349
6369
1228
1180
1121
-2317
-4110
-4028
-6001
-9376
-12227
-9567
-8987
-15460
-14925
-11993
-16761
-18022
-13155
-13246
-17344
-16277
-12320
-12813
-15355
-12166
-7761
-11214
-11932
-5501
-6493
-11075
-6583
-3353
-7023
-5552
-2947
-4975
-4747
-3578
-2452
-733
-1925
-3485
-370
1558
-2815
-7
4653
-1411
109
7462
4017
1575
7588
7669
4645
10338
11952
8782
11334
12459
11791
13840
14629
13782
15910
14969
12526
18152
15369
10954
18363
14940
9230
14429
13753
7206
8444
11270
5447
3117
5217
1166
-2709
-1067
-1428
-5668
-5952
-7269
-11630
-9886
-9465
-12776
-13168
-14476
-15299
-15300
-16097
-13830
-13957
-17734
-14505
-10357
-14479
-14421
-8217
-9943
-13371
-7240
-4966
-10535
-8494
-3999
-5803
-6609
-4333
-2662
-4246
-4315
-1245
-910
-2351
-2499
1134
1707
-1854
1961
3955
-955
2068
7906
3867
2998
9832
7126
4511
11870
11573
8093
12158
14027
11491
12021
15433
14624
12763
15046
15671
13984
13869
14226
14488
13087
11488
13583
12516
7272
8607
10584
4531
3677
7005
690
-2614
733
-2268
-5222
-5198
-7527
-9493
-10572
-10770
-10393
-13371
-16967
-13641
-13376
-19584
-14357
-10614
-19781
-17607
-8358
-13931
-18310
-8522
-8061
-16169
-9576
-3379
-10787
-10175
-3449
-6159
-6447
-3072
-4254
-3372
-2249
-3530
-406
1464
-2402
-273
4365
538
315
5504
3674
1571
6266
8131
4728
6753
9247
7536
8619
9690
12018
12939
9805
11024
13649
11449
9978
15990
15445
7575
13993
16634
7154
11489
17573
9824
7235
15028
11469
2990
10857
11410
583
5254
9150
-367
-2272
2993
-1516
-5804
-2497
-5320
-9376
-10277
-10319
-8094
-13172
-17484
-11648
-12528
-20300
-15980
-9599
-18732
-20036
-8377
-13101
-20140
-10225
-6859
-15528
-12555
-3670
-9274
-11789
-3410
-4901
-7703
-3215
-3478
-3403
-1405
-3352
-801
2256
-2128
-1197
4622
2684
98
3902
5401
1647
2733
8493
6765
3124
7177
8929
5552
7341
11737
9642
7190
10784
12214
9481
10379
12813
11647
10232
11129
14251
11193
6997
13916
13110
6101
12039
14058
4489
6707
13025
4659
3105
8879
3600
-2074
1397
1829
-4294
-3531
-2801
-7341
-9242
-9921
-9121
-10197
-13979
-13797
-11974
-15740
-18603
-12492
-12939
-20060
-13991
-9309
-16617
-15465
-7683
-10223
-14316
-7027
-4781
-10394
-6511
-3188
-5527
-4927
-2509
-1084
-1529
-790
-100
1194
1912
485
2734
4664
3322
2899
5169
5856
2053
4210
9292
5057
3626
9668
8592
3620
6969
12017
8639
7042
11447
10190
6282
8128
12256
10697
7048
11090
12053
5559
8205
13917
8527
5663
12849
11001
2973
8691
11833
1898
3171
10890
2450
-2871
4426
-223
-6841
-936
-1782
-8539
-7837
-8575
-12246
-10521
-11602
-15641
-12832
-13548
-19018
-15128
-11381
-18234
-16900
-8872
-15044
-15657
-7977
-11343
-11687
-7803
-6961
-5835
-5469
-5791
-3750
-1378
-4131
-1686
2979
-1531
-1187
3702
2167
576
3031
5462
4050
3210
5673
5559
2949
3555
7445
6107
3596
7849
7459
3934
6480
8331
7690
7931
9373
8983
6586
7489
9627
9273
8721
9564
10535
8701
6719
10288
11784
7799
9255
12721
8030
5053
11005
9390
2968
8225
9314
553
587
4582
-680
-4006
243
-3086
-8601
-6163
-8673
-12232
-9456
-11911
-14896
-12910
-14784
-17923
-15641
-13990
-16749
-15023
-12160
-13993
-13239
-11436
-10133
-9392
-9457
-6016
-4591
-6368
-5824
-3261
-2177
-4274
-1891
2214
-495
-1689
2411
3432
-547
1012
6428
2961
615
5393
5037
706
2425
7460
4675
2005
7182
7429
2956
4226
8560
6595
4629
10623
9686
3326
7316
9708
6934
10224
10482
8185
9782
7844
8651
12445
9276
8845
12436
9682
7650
9944
8714
6524
7783
8001
5628
3506
1551
111
-528
-1792
-2518
-3770
-7377
-9399
-9745
-11176
-11446
-11792
-13919
-14156
-14448
-17150
-16104
-12629
-14854
-16686
-11555
-10436
-14759
-11106
-6255
-10886
-10328
-1913
-3288
-8306
-3685
-1320
-4696
-1967
1797
-794
-2137
653
1592
813
1018
2366
3230
2925
3498
4131
3343
1528
4046
6863
3867
4862
7081
3857
3124
7486
7576
4363
9100
9988
4005
7126
9729
6010
7179
11026
9225
6413
9098
9308
7849
9514
10848
11365
9283
9112
10850
8463
7377
9573
8728
5956
5585
4537
1531
-138
-647
-1353
-2115
-4310
-6744
-7497
-11359
-13860
-9187
-10461
-16079
-13584
-13435
-18878
-17174
-12231
-14207
-16167
-12852
-10671
-13486
-14332
-8340
-8595
-11777
-5127
-2726
-8071
-7188
-2402
-3509
-4527
869
1264
-2377
-110
1453
939
2278
3285
4320
5251
4986
4315
5171
4959
4022
7974
8947
4819
5916
7862
4523
4879
10599
8063
3948
9683
8784
2513
6580
9134
4878
6418
9959
6912
4552
7151
8729
7725
7783
10772
10483
5820
7740
11710
6909
5528
11611
8403
2549
7341
7835
-74
588
4306
-876
-3089
-627
-4402
-9176
-8530
-8822
-10186
-8997
-11546
-14299
-13872
-16517
-17045
-13565
-13552
-16137
-14775
-12865
-15370
-14276
-10500
-9726
-9697
-8947
-5009
-5534
-8781
-4445
-1112
-2786
-1443
3022
647
-2242
2594
3135
1981
5775
4810
3835
6189
2956
5194
7569
1749
6109
9741
2639
2656
7669
4033
1506
8001
7315
1554
4166
6636
3038
1881
6046
5718
2859
4714
5158
4486
3466
5070
9961
7090
4830
10659
10337
5255
10420
14647
6676
6725
14208
8277
3040
10588
8471
-432
4276
5659
-3560
-2356
1014
-6118
-7968
-5984
-10645
-11985
-10103
-12943
-15554
-15589
-15643
-15997
-16790
-15972
-14661
-16571
-16433
-11628
-11562
-14421
-9572
-5948
-10130
-7227
-304
-4571
-6189
2052
1157
-2866
3652
4828
-117
3378
6177
3875
4509
4932
5162
6146
3966
4870
7937
4007
2793
8474
5708
564
6621
7702
84
3513
8002
875
1147
6963
1937
159
5748
3391
1255
5353
4508
3526
6344
5046
5605
9002
6068
6913
12162
7849
7296
13972
9759
6803
12601
9946
5651
8567
8770
5178
2491
3232
2041
-2840
-2074
-1764
-6567
-7910
-8407
-11288
-13304
-12800
-11562
-14389
-17456
-15103
-15074
-18929
-14915
-10652
-16650
-15660
-7754
-11256
-13958
-5585
-3904
-9074
-4287
2037
-2951
-4637
3291
3150
-1724
3676
6720
1215
2041
5973
3994
2646
4479
5097
4209
2749
3247
5015
1736
463
5461
4501
-282
3018
5816
-545
165
6443
2105
-867
4814
4372
-1687
2311
6912
728
1120
6754
3703
2464
6501
6395
5284
6919
7830
8140
8242
8123
9845
10126
8270
9388
10259
7724
6981
8522
6999
4057
4312
4233
1187
-1038
-1176
-2501
-4668
-5192
-6478
-8932
-11013
-11988
-10751
-11413
-13856
-13645
-13084
-14232
-14437
-10488
-10904
-14160
-9336
-7716
-9389
-8111
-5336
-3670
-7023
-2403
2317
-3384
-2369
2325
308
-636
3053
3549
232
1124
3984
1829
67
2368
3614
1616
477
3385
2647
-912
1457
4886
2218
-543
4511
4010
-2566
3179
6178
-893
1536
6300
998
-1857
4734
4553
-1008
4029
6160
816
2333
5959
4716
3179
6040
7605
5611
6556
8032
7771
6566
7913
11515
8516
5569
8831
8148
4304
7025
8682
1324
770
5821
-441
-3921
936
-3014
-7699
-3994
-5246
-11414
-11256
-8717
-9591
-11784
-12682
-10835
-12248
-15485
-10139
-6851
-13390
-12038
-3669
-7798
-12811
-2922
-1010
-10586
-3481
4828
-5582
-6019
5089
432
-4975
3971
4888
-2780
1296
6422
266
-296
5404
3424
1169
3349
4865
2067
77
3931
3276
1480
3166
2506
2978
914
-457
4494
942
-1941
6900
1865
-5572
4719
3343
-4569
3623
4812
-2434
1334
4366
1836
1896
3508
5506
5318
4905
6837
7912
6620
6725
11174
10871
6937
9625
10931
7194
7028
10387
7818
2529
5961
6284
-511
-232
1760
-2301
-4717
-2272
-4499
-10081
-9570
-8340
-9871
-11028
-10888
-10603
-13332
-14003
-10325
-10370
-13409
-10719
-6434
-9696
-10463
-5124
-5728
-7491
-3618
-357
-2395
-3948
-133
419
-1563
936
3322
1681
132
3158
3059
-736
1793
4093
1558
1728
2930
1420
606
537
1024
2931
864
-373
3217
230
-3540
1329
2212
-2971
338
4635
-2534
-4137
3159
449
-3849
4250
4796
-3972
1355
6282
-827
1018
8678
4723
1967
8343
8375
4047
6974
11586
9430
7856
10798
12168
8312
6933
12661
9081
5498
11257
7825
2080
4864
4699
-1111
266
2329
-2968
-4732
-4503
-6910
-9250
-9224
-7771
-8922
-11663
-12453
-11334
-12238
-13457
-9275
-8252
-12958
-9236
-5375
-10994
-9502
-2316
-5440
-7760
284
112
-6459
-1790
1902
-2016
-116
5028
2172
-2444
1624
3343
-863
1383
4260
1489
-316
1588
2470
-301
-438
2556
3420
941
-76
3075
591
-3040
2955
3855
-2838
86
4673
-2308
-4480
3150
1017
-4426
1580
4411
-2534
-2489
3634
1086
-1512
5119
6924
1499
2871
7541
5764
4972
9633
11456
8216
8055
12847
11710
7614
11654
13271
7445
8631
12795
5773
2777
8579
3818
-935
3487
592
-5586
-3160
-3428
-9443
-8863
-7816
-12837
-10751
-7949
-15500
-14165
-10740
-16311
-12407
-7679
-12079
-12779
-8442
-9813
-10545
-4515
-4266
-6814
-4715
-1065
-1791
-3839
-74
1431
-1082
842
4306
1344
-216
4383
3654
403
3747
4957
1189
2231
3897
2117
1802
2150
2386
2740
1740
463
2364
2467
-1145
1360
3150
-2147
-600
4047
-1888
-5038
3088
1136
-5698
2340
2870
-6035
194
5598
-1137
-753
5389
2667
757
7008
7205
3632
6468
9411
8424
7983
10368
10453
8542
9886
12485
10696
6741
9322
10904
5719
5922
7715
1717
732
4771
-370
-4523
-2076
-4605
-7498
-5014
-6673
-10511
-9908
-10491
-9988
-8914
-11998
-11729
-9833
-11948
-10737
-6452
-8986
-11631
-5015
-3821
-9217
-4377
-5
-6111
-5288
3633
357
-5697
1908
3260
-4677
532
6706
-1661
-1986
5317
1112
-1652
2643
3254
316
196
3350
2730
-954
703
3391
461
313
3060
2080
-487
-35
2771
671
-1382
2767
2813
-2631
-931
3147
-1856
-2936
2943
527
-2936
956
1154
-2774
-10
3922
409
107
4363
2545
1105
5259
6892
4739
5324
8247
8145
6765
8220
10085
8115
7563
11000
8576
5116
8135
7480
3957
4977
5067
1656
829
1237
-1760
-3326
-2953
-4945
-5808
-5253
-7032
-9508
-9914
-8741
-8894
-9503
-9638
-9872
-9372
-10166
-8679
-6578
-9513
-8145
-4082
-6064
-6601
-2936
-3170
-5564
-1291
1743
-2461
-1259
2487
151
-283
2881
3431
987
1941
4871
1719
142
4170
4064
1525
3184
4380
1118
520
3068
2129
1000
1935
2737
1207
-765
1549
836
-1619
1785
2387
-1914
-1658
1118
-2067
-2880
1145
-982
-3899
-979
131
-3087
-2807
-596
-1091
-589
1757
1673
-677
464
2768
3668
4401
5014
6335
5237
4571
7601
8687
6961
7551
10777
9181
5521
8751
8948
4096
7066
9240
3559
2447
4939
1283
-1552
1025
-1047
-4505
-3150
-4019
-6292
-7127
-8748
-9327
-8160
-7852
-8542
-9321
-10396
-10872
-9832
-7664
-6894
-7724
-6829
-5503
-6406
-5379
-2432
-3393
-3583
319
1331
-1533
-954
2489
403
-255
4987
3457
-399
2621
3106
-235
1769
4590
1405
678
3471
1956
1183
2500
1445
2099
3517
1903
2310
3267
-288
359
3894
563
210
3471
-1154
-3344
1643
-539
-5043
-461
140
-5891
-2834
-533
-5541
-4497
-1758
-2869
-3682
-2134
-1512
-2777
-1535
561
1439
-146
1516
5301
3088
4082
7710
6260
5343
8211
10593
7979
7407
10913
8826
7321
10444
8790
5789
7020
7184
4370
3966
4037
1127
734
502
-2052
-2943
-3330
-4234
-5241
-6127
-7904
-8627
-7158
-8046
-8872
-7827
-9161
-10701
-8204
-5711
-8360
-8813
-4037
-5199
-7906
-3324
-1819
-5073
-3038
1496
-628
-3000
1761
2124
-1626
2159
4979
497
831
5746
2895
76
4511
4054
877
3559
4979
2121
1571
3306
2251
1441
2169
2352
2680
775
-142
1594
-268
-2003
1620
1188
-4046
-2377
-51
-4674
-4206
519
-4050
-6795
-1742
-4215
-7473
-3291
-2974
-6087
-3878
-1456
-4231
-4305
-713
-593
-1278
1202
2659
1840
2864
5599
4868
5577
9129
6981
9002
10932
7726
11154
10202
8964
12450
9534
8532
10342
7455
5811
7247
4843
3325
4462
1617
-133
-363
-2847
-3325
-3203
-4782
-5743
-6884
-8552
-9732
-8733
-7991
-9486
-8758
-8913
-10805
-9973
-8454
-7420
-7376
-6701
-5532
-6238
-5536
-3810
-3264
-3790
-2957
622
-571
-2580
1500
869
-1875
2516
4511
754
1225
4388
1330
574
5474
3903
1354
4147
4386
1995
2471
3877
2873
2731
3357
2768
2768
1307
472
2445
511
-664
2465
-361
-3842
-545
-605
-4816
-2435
-788
-5828
-4510
-1958
-5501
-5771
-3862
-3981
-4790
-3771
-2743
-4729
-3789
-1243
-1693
-1263
-55
739
1495
2083
2690
3723
4635
4799
7009
7775
6127
7636
8319
7849
9432
9578
9365
8221
8429
9844
6433
7996
8316
3966
6795
5331
2149
3674
2118
-248
320
-797
-4056
-2359
-3024
-5607
-4605
-6673
-8483
-8104
-7302
-7043
-8282
-8433
-9440
-10279
-8812
-7168
-6473
-7795
-7239
-5902
-7297
-5544
-2797
-3790
-4117
-1670
-765
-2474
-717
1517
-554
223
3479
2252
847
3587
3663
1128
3456
5132
2576
3583
5270
2849
2977
4524
3021
3050
3944
2877
2624
2859
1887
1287
1667
1499
1097
1365
160
-1280
-402
-996
-2076
-620
-1780
-3985
-2543
-2815
-4822
-3692
-3299
-5101
-4638
-3545
-4564
-4787
-3657
-3627
-3618
-2736
-2345
-1800
-842
-463
518
1772
1527
2647
5101
4797
5298
7639
6705
6721
9996
9314
7916
10242
9925
8291
9664
10274
8129
7390
8075
6122
4961
5237
3990
2816
1236
173
-491
-2344
-2885
-3030
-4763
-6480
-6655
-6446
-8523
-9316
-7846
-9059
-9621
-8151
-8893
-10545
-9280
-7414
-8389
-7571
-6067
-6873
-6774
-5642
-4255
-4416
-4301
-1772
-1307
-2848
-1203
392
-1146
174
3024
1948
936
3610
3268
1167
3925
4894
3114
4188
5775
3908
2804
5076
4539
3392
4774
4521
3241
3019
2915
2479
1905
1554
2088
1740
-53
-145
17
-1655
-1772
-363
-1717
-3315
-1445
-2394
-4852
-3044
-2429
-3772
-2846
-1648
-3707
-4349
-2222
-2626
-2133
-605
-1362
-1346
-386
-563
-15
1321
1262
1833
3029
2530
2611
3926
3933
4367
5961
5696
5627
6727
6014
5953
7050
6517
6863
7621
6216
5632
6086
4911
4635
5453
4317
2647
2318
1976
335
230
-177
-2314
-2560
-3109
-4375
-5099
-5460
-6773
-8261
-7593
-7394
-8272
-9196
-9249
-9426
-10211
-9640
-7603
-7492
-9426
-7411
-6322
-8266
-5991
-3158
-4694
-5023
-1355
-1717
-3792
-16
1712
-856
1357
4416
1674
1595
5319
4080
2653
5886
6188
3835
5456
6632
4161
4420
6505
5401
4469
5582
4723
3493
4618
3978
3186
3524
2490
2352
2348
1278
382
683
253
-784
10
-907
-2420
-1683
-1741
-2815
-2561
-2205
-3114
-3033
-2307
-2718
-2856
-2308
-2307
-2138
-1392
-1442
-1496
-855
-786
-293
758
784
573
1429
1907
1758
2800
3198
2946
3311
3932
4212
3689
4478
4728
3993
4416
4530
3919
3184
3836
3786
2290
2861
2503
697
664
1061
-7
-1213
-678
-1701
-3377
-3494
-3456
-4590
-5825
-4601
-6156
-7173
-6188
-8110
-7573
-6972
-7586
-6661
-6912
-7549
-6845
-6341
-6212
-4824
-4175
-4373
-3389
-2520
-2710
-1760
-218
-256
621
2057
1709
1927
3430
3404
3568
5196
5268
4846
5734
6395
5427
5884
7064
6169
6517
6960
6443
6029
6011
6302
5684
5825
5755
4808
4372
3978
3176
2714
2499
1826
1281
517
-187
-1094
-1729
-2224
-2613
-2909
-4303
-4235
-4572
-5714
-5238
-5490
-6140
-6026
-5597
-5904
-5956
-5330
-5576
-5386
-4464
-4122
-3827
-3101
-2917
-2775
-2010
-1276
-512
20
254
822
1100
973
2105
3293
2618
2905
4276
3243
2696
4829
4705
3282
5009
5487
3257
3994
5080
3201
3375
4497
3246
2694
2509
1822
1576
718
1040
1371
-577
-900
-849
-2384
-2030
-1851
-2975
-3094
-3603
-4012
-3870
-4368
-4362
-4351
-4458
-3672
-3682
-4242
-3822
-3565
-3550
-2487
-1427
-1682
-1589
-651
-728
-586
803
1217
1349
2082
1832
1884
2777
2634
2792
3901
3389
3058
4362
4106
3074
3768
4170
3138
3569
4172
2977
2209
2325
2275
1368
1669
2160
706
7
58
-439
-1390
-1348
-1029
-2380
-3026
-2914
-3653
-4502
-4573
-4016
-4645
-5249
-4524
-5034
-5884
-5122
-4585
-4839
-4397
-3795
-3955
-3781
-3018
-2304
-1844
-1478
-781
-154
71
749
1688
1775
2037
3142
3600
3469
4163
4570
3979
4419
5338
5082
4895
5474
5041
4326
4803
4968
4468
4166
4269
3457
2757
3041
2845
2280
1788
1886
732
317
675
-355
-404
-1081
-1201
-1130
-2276
-2208
-2354
-3402
-3285
-2300
-3371
-4081
-3363
-4017
-4222
-3112
-3035
-4001
-3673
-3356
-3598
-2819
-2329
-2615
-2603
-2255
-2126
-1448
-730
-1112
-983
-402
-720
-217
1074
548
15
1010
922
456
1643
2137
1111
1315
2055
1424
1331
2332
2093
1363
1755
1713
1166
1318
1575
1257
891
930
599
343
514
311
195
103
-422
-726
-646
-718
-987
-905
-802
-1507
-1584
-920
-1476
-1585
-801
-1215
-1418
-696
-825
-1172
-481
-257
-525
237
523
52
479
809
734
1180
1584
1537
1334
1504
1632
1684
2025
1923
1944
1768
1389
1768
1816
1626
1465
1464
1374
837
1544
1724
400
734
1053
44
584
1029
-30
153
47
-687
-99
-536
-658
-279
-1275
-1097
-1186
-1827
-1334
-1549
-1723
-1622
-2219
-2293
-2049
-2187
-2127
-1905
-2115
-2327
-2013
-1906
-1852
-1490
-1508
-1515
-1110
-1042
-1021
-370
-159
-378
171
330
106
760
991
874
1305
1294
1057
1245
1540
1469
1342
1677
1600
1068
1225
1566
1051
882
1460
982
270
818
850
-1
235
568
-306
-543
202
-47
-790
-437
-426
-1268
-1083
-368
-750
-1228
-852
-1125
-1580
-963
-739
-847
-664
-791
-923
-931
-636
-343
-317
-87
-19
22
35
257
779
443
528
1264
1037
966
1499
1487
905
1368
2206
1611
1724
2393
1609
1314
2066
1865
1426
1976
1906
1228
1398
1249
608
734
707
415
392
173
-316
-868
-702
-743
-1246
-1087
-1399
-1931
-1848
-1828
-2101
-2314
-2190
-2342
-2314
-1871
-2028
-2174
-2072
-2132
-1881
-1382
-1107
-1138
-1036
-966
-1053
-646
-152
65
327
373
407
559
458
820
1326
1060
1212
1566
1083
1030
1398
1179
1203
1409
1159
1137
1082
666
694
735
356
378
406
-46
-216
-185
-470
-704
-816
-983
-1111
-1209
-1222
-1302
-1523
-1697
-1785
-1792
-1573
-1440
-1486
-1291
-1452
-1606
-1144
-794
-638
-268
165
-55
-17
576
749
1120
1626
1816
1894
1890
1911
2158
2481
2625
2889
3013
2680
2469
2585
2633
2762
2861
2504
2239
2144
1839
1871
2103
1584
1228
1374
831
584
921
463
-96
132
-196
-839
-585
-732
-1287
-1479
-1588
-2002
-2467
-2107
-2123
-2688
-2647
-2918
-3484
-3396
-3121
-3001
-3093
-3472
-3452
-3392
-3618
-3003
-2376
-2917
-2946
-2178
-2414
-2607
-1560
-1128
-1516
-1018
-312
-549
-588
194
591
456
865
1481
1286
1009
1627
2109
1840
2136
2773
2292
1830
2453
2603
2228
2704
3022
2352
2051
2321
2218
2066
2311
2388
1902
1494
1638
1617
1310
1427
1474
887
582
787
611
305
458
398
-196
-259
52
-158
-277
-19
-278
-855
-569
-290
-497
-294
-210
-681
-971
-533
-386
-411
-108
-479
-922
-956
-810
-472
-359
-506
-759
-1117
-1255
-947
-730
-809
-1069
-1305
-1365
-1447
-1261
-873
-1217
-1621
-1271
-1663
-1630
-759
-1313
-1508
-1199
-1862
-1702
-923
-998
-1066
-1008
-1443
-1524
-1198
-693
-252
-427
-523
-583
-826
-374
463
679
591
651
469
406
1056
1674
1789
1904
1865
1659
1825
2184
2465
2656
2593
2367
2185
2114
2239
2411
2379
2112
1710
1407
1322
1326
1346
1172
697
341
191
67
176
179
-225
-450
-580
-853
-683
-364
-578
-744
-688
-887
-914
-604
-448
-474
-517
-603
-536
-450
-453
-300
-306
-417
-385
-189
-276
-517
-280
-479
-622
-141
-224
-522
-530
-648
-830
-580
-358
-673
-733
-878
-1008
-636
-587
-469
-448
-857
-842
-588
-491
-389
-272
-445
-657
-622
-443
-272
-327
-249
-235
-599
-594
-274
-321
-296
5
-148
-423
-221
-114
-157
111
241
41
49
190
238
388
449
440
483
400
561
819
746
719
741
678
722
873
978
915
753
670
702
634
633
760
573
409
452
409
426
338
238
262
93
-18
168
219
-2
132
220
-128
72
370
182
209
257
56
4
177
325
424
420
183
138
169
42
337
506
98
10
86
-230
-298
53
-46
-318
-188
-374
-672
-564
-482
-461
-550
-693
-704
-868
-921
-658
-733
-1001
-886
-826
-929
-753
-619
-797
-920
-793
-637
-598
-422
-262
-507
-568
-316
-326
-202
136
6
-143
83
13
56
365
262
140
219
145
128
407
377
279
374
170
220
413
410
429
410
308
221
444
577
505
550
452
259
264
486
569
452
503
434
150
201
381
247
130
273
246
2
49
183
-96
-194
183
135
-24
226
68
-206
18
148
182
321
288
215
85
-1
227
331
288
472
428
121
151
274
214
297
374
240
146
97
6
-19
-55
-146
-168
-207
-384
-483
-427
-476
-516
-427
-549
-779
-741
-647
-596
-447
-446
-643
-743
-738
-629
-343
-163
-241
-348
-407
-431
-262
49
144
18
-23
-51
-131
42
289
193
97
158
36
27
269
257
106
68
-39
-14
202
345
339
202
28
-73
49
299
381
340
259
7
-97
147
221
263
382
187
34
77
98
131
125
132
87
-5
91
153
20
-21
-9
-90
-61
106
125
6
-51
-102
-150
-73
89
188
116
15
26
-77
-128
123
181
58
176
122
-116
-40
43
-26
81
173
85
26
0
-57
-85
-48
21
-11
-61
-27
-111
-178
-67
-87
-148
-51
-51
-106
-63
-50
-105
-187
-161
-65
-80
-34
61
-73
-212
-126
-31
20
155
234
103
-43
16
116
142
267
375
205
63
169
170
105
257
296
101
106
221
134
75
131
38
-133
-87
26
-63
-146
-146
-298
-433
-316
-211
-230
-243
-288
-388
-471
-380
-291
-300
-231
-273
-337
-308
-302
-270
-221
-218
-216
-159
-172
-185
-129
-180
-209
-109
-68
-77
-6
-8
-94
-61
3
19
98
182
189
208
230
215
218
247
289
361
421
438
413
354
316
322
371
464
498
439
394
325
215
254
353
303
295
348
221
112
195
163
70
174
199
82
128
159
36
51
143
117
127
199
175
99
98
115
76
76
131
122
97
121
92
11
-20
-30
-52
-26
-6
-78
-197
-292
-366
-380
-337
-306
-317
-394
-506
-549
-552
-553
-505
-470
-530
-581
-597
-617
-600
-555
-538
-511
-490
-494
-462
-444
-454
-396
-354
-341
-265
-253
-292
-256
-235
-207
-152
-121
-70
-82
-77
42
45
43
158
134
122
266
301
297
376
346
293
371
434
457
514
512
442
430
481
531
587
636
605
522
499
503
507
568
599
559
555
543
516
557
583
550
572
580
517
519
529
434
392
407
329
273
296
214
96
74
10
-99
-114
-132
-234
-302
-344
-441
-511
-531
-568
-613
-667
-723
-761
-841
-888
-858
-900
-932
-880
-907
-952
-901
-869
-860
-794
-726
-701
-653
-588
-554
-511
-452
-427
-360
-270
-263
-211
-123
-163
-137
-14
-60
-80
50
15
-33
99
103
48
160
196
143
202
235
175
206
270
249
290
374
359
381
419
372
384
421
416
467
507
497
517
525
523
531
526
544
547
520
551
551
497
527
545
487
508
529
463
450
450
384
361
360
323
324
320
283
259
208
144
109
59
32
21
-28
-65
-104
-189
-230
-262
-331
-340
-356
-426
-439
-466
-540
-539
-548
-590
-552
-556
-607
-567
-578
-636
-559
-519
-559
-471
-413
-479
-435
-372
-424
-387
-293
-310
-296
-218
-220
-225
-158
-118
-120
-82
-38
-47
-56
-19
-13
-46
-14
18
-28
-12
36
-3
0
56
32
24
74
69
72
114
122
129
142
141
167
176
189
246
244
251
307
274
280
331
296
320
363
323
345
348
297
321
310
271
296
277
224
225
206
163
175
182
152
161
162
108
102
108
59
66
94
63
60
75
44
27
33
18
8
18
19
17
17
10
2
-15
-39
-48
-72
-109
-114
-138
-191
-196
-214
-262
-252
-242
-275
-265
-260
-301
-305
-305
-330
-315
-297
-303
-281
-274
-290
-258
-234
-227
-168
-130
-132
-92
-67
-86
-62
-39
-53
-40
-25
-46
-52
-48
-55
-42
-21
-11
6
11
-4
-6
-13
-37
-26
-10
-31
-29
-9
-28
-21
24
31
45
95
109
120
163
173
178
215
231
241
270
278
277
287
289
292
300
300
306
305
295
299
292
273
276
266
241
240
229
196
184
163
119
103
91
53
32
20
-18
-41
-47
-71
-95
-106
-134
-165
-182
-202
-221
-230
-225
-215
-207
-187
-166
-171
-165
-151
-172
-177
-160
-180
-188
-163
-181
-195
-169
-185
-208
-185
-199
-227
-208
-217
-242
-216
-213
-233
-210
-207
-228
-212
-207
-227
-202
-183
-184
-141
-113
-112
-73
-53
-52
-5
28
47
104
136
153
194
209
218
252
266
279
315
330
339
370
374
371
390
382
367
374
355
329
327
307
283
296
285
265
277
261
227
229
206
163
159
137
94
86
67
21
4
-21
-65
-91
-110
-147
-172
-190
-225
-251
-266
-293
-313
-321
-345
-360
-358
-363
-358
-341
-330
-323
-312
-298
-292
-282
-261
-249
-240
-221
-208
-203
-189
-175
-168
-159
-137
-125
-115
-96
-87
-89
-74
-57
-47
-26
-5
-3
10
27
28
39
63
74
92
123
140
155
177
187
192
205
214
223
239
256
264
272
283
286
290
298
293
281
271
256
238
227
218
214
206
195
188
170
154
148
138
133
144
141
139
144
125
107
105
82
65
66
43
17
9
-24
-55
-61
-89
-121
-127
-151
-186
-194
-213
-244
-253
-260
-282
-287
-282
-297
-298
-288
-294
-291
-271
-276
-274
-259
-269
-268
-256
-259
-252
-238
-240
-237
-230
-229
-218
-197
-176
-153
-130
-111
-98
-85
-74
-63
-50
-30
-10
11
37
57
73
98
125
149
183
215
230
245
260
262
265
276
279
280
289
293
287
288
286
272
268
270
255
246
242
217
195
184
159
139
140
131
125
137
137
130
138
136
124
125
118
99
89
76
51
38
27
8
-2
-8
-31
-52
-68
-92
-113
-122
-139
-161
-174
-192
-212
-220
-226
-237
-230
-222
-222
-214
-199
-198
-192
-180
-182
-181
-168
-163
-153
-134
-126
-117
-102
-93
-87
-79
-72
-72
-69
-61
-60
-61
-55
-61
-66
-64
-69
-72
-71
-76
-71
-66
-60
-48
-37
-21
-3
11
33
50
60
83
96
104
125
136
142
156
161
157
163
160
151
153
152
146
152
152
146
148
143
130
127
119
106
107
103
92
93
88
72
70
62
47
45
43
34
36
39
30
29
27
16
11
10
1
1
4
2
3
8
4
2
2
-5
-12
-14
-23
-30
-31
-37
-43
-39
-46
-50
-48
-55
-63
-65
-73
-84
-86
-92
-103
-102
-109
-116
-116
-120
-127
-126
-128
-128
-123
-119
-114
-109
-106
-106
-104
-105
-101
-93
-86
-77
-63
-57
-50
-37
-34
-23
-9
-7
2
7
0
3
2
-3
2
4
4
10
13
15
20
24
29
34
41
48
53
60
66
72
81
88
98
108
115
122
129
132
135
136
140
142
147
150
152
152
153
153
151
151
150
147
143
134
126
116
104
92
82
70
55
40
22
6
-9
-21
-34
-43
-53
-61
-73
-85
-96
-109
-120
-129
-134
-135
-136
-133
-130
-126
-121
-118
-117
-113
-112
-108
-104
-101
-96
-94
-89
-84
-81
-78
-76
-74
-72
-71
-68
-66
-64
-62
-61
-61
-62
-63
-64
-65
-65
-64
-61
-60
-56
-53
-50
-45
-39
-30
-19
-5
9
22
34
45
54
66
75
85
93
101
110
120
130
138
144
144
145
143
143
144
146
147
144
141
135
127
119
112
104
97
86
73
58
43
29
19
9
2
-6
-16
-24
-34
-42
-48
-51
-54
-56
-59
-62
-64
-65
-62
-56
-51
-46
-41
-38
-38
-38
-40
-42
-43
-45
-46
-47
-48
-51
-54
-59
-61
-66
-70
-73
-77
-80
-83
-85
-86
-87
-86
-85
-84
-80
-78
-75
-70
-62
-53
-44
-30
-19
-6
4
15
24
35
45
56
68
80
92
102
110
116
121
124
126
129
132
131
129
124
117
108
99
91
83
75
65
54
43
32
21
11
1
-8
-17
-25
-37
-47
-54
-55
-54
-50
-47
-45
-43
-42
-41
-40
-38
-36
-34
-31
-29
-32
-34
-35
-33
-29
-24
-21
-19
-19
-17
-21
-27
-33
-38
-42
-45
-47
-49
-50
-53
-54
-55
-55
-55
-55
-57
-60
-61
-64
-61
-57
-52
-44
-36
-30
-26
-20
-15
-9
-2
7
17
28
39
50
56
64
70
78
85
91
97
98
96
93
90
89
86
83
80
76
71
66
61
55
51
47
43
40
36
32
27
22
17
14
11
9
5
0
-4
-9
-13
-15
-15
-14
-14
-14
-13
-11
-7
-6
-4
-4
-3
-3
-2
-2
-3
-7
-11
-15
-17
-19
-24
-30
-38
-48
-54
-59
-62
-64
-63
-63
-61
-62
-64
-66
-67
-66
-63
-59
-53
-49
-44
-40
-34
-26
-18
-9
-2
2
4
6
7
5
6
5
5
4
4
4
5
5
6
6
6
5
4
3
-1
-1
-3
-4
-4
-4
-3
-2
0
3
6
10
13
16
19
24
30
39
48
54
58
61
62
61
62
65
69
74
78
80
81
81
80
78
75
72
66
61
52
45
37
29
22
16
11
4
-4
-13
-22
-31
-39
-46
-49
-51
-51
-52
-50
-49
-49
-49
-49
-50
-50
-50
-49
-49
-48
-48
-45
-40
-34
-30
-29
-29
-29
-27
-25
-25
-28
-32
-34
-33
-32
-32
-32
-34
-36
-38
-39
-43
-43
-46
-47
-47
-47
-48
-46
-44
-36
-30
-23
-14
-7
-2
3
6
8
10
12
16
21
28
35
44
50
56
60
64
64
65
65
63
62
61
59
57
53
50
45
41
38
32
28
23
19
12
8
4
2
1
4
7
12
15
19
21
21
20
21
23
26
30
36
39
42
43
43
42
41
41
39
37
35
32
28
24
19
13
7
-1
-10
-16
-22
-29
-33
-38
-41
-44
-48
-50
-54
-60
-65
-70
-74
-78
-79
-82
-82
-81
-78
-74
-72
-68
-63
-58
-52
-47
-48
-48
-48
-45
-42
-37
-33
-28
-25
-22
-22
-21
-24
-24
-23
-23
-23
-23
-24
-26
-29
-30
-29
-25
-18
-10
-2
5
11
16
21
25
30
36
44
51
63
73
84
95
106
114
120
124
127
129
132
135
138
139
139
135
128
119
112
104
99
93
88
83
76
68
57
46
36
24
13
7
0
-6
-14
-24
-33
-43
-52
-59
-65
-70
-73
-74
-76
-77
-79
-79
-78
-75
-71
-67
-68
-70
-76
-82
-87
-89
-89
-88
-86
-80
-76
-73
-70
-71
-74
-75
-77
-79
-80
-80
-77
-71
-65
-61
-59
-56
-50
-44
-37
-31
-26
-22
-17
-13
-13
-13
-15
-14
-11
-3
6
17
27
38
46
49
54
57
60
65
73
80
87
95
100
102
104
104
103
106
104
106
107
105
103
97
90
81
73
65
59
56
51
46
39
34
26
17
12
9
8
7
6
3
-3
-9
-14
-19
-21
-21
-19
-17
-16
-17
-18
-21
-26
-28
-31
-32
-35
-35
-35
-38
-42
-48
-53
-61
-65
-67
-67
-65
-61
-57
-57
-55
-57
-62
-66
-71
-72
-67
-60
-53
-47
-42
-38
-31
-24
-17
-10
-3
2
7
12
14
17
20
23
25
27
29
31
33
36
35
34
33
34
36
38
38
37
32
28
24
20
14
11
8
5
5
6
6
8
8
9
11
13
12
11
11
12
18
23
28
31
34
38
40
44
44
44
44
42
37
31
23
14
5
-4
-10
-16
-20
-24
-24
-25
-26
-29
-32
-35
-38
-39
-42
-41
-41
-40
-38
-36
-35
-32
-29
-26
-23
-19
-16
-12
-9
-7
-5
-5
-6
-6
-7
-5
-5
-4
-5
-6
-8
-7
-8
-7
-7
-6
-6
-4
-3
-2
-1
0
3
7
11
16
21
26
30
31
32
32
29
28
26
22
19
17
11
9
5
3
3
3
4
6
9
12
14
16
16
17
16
16
13
12
9
4
1
-2
-5
-7
-8
-8
-7
-6
-4
-3
-4
-7
-12
-18
-26
-34
-39
-42
-41
-38
-33
-26
-20
-12
-7
-3
2
6
9
12
15
17
19
20
20
18
17
17
18
20
22
23
21
19
15
9
1
-7
-15
-20
-22
-20
-19
-18
-17
-15
-10
-7
-4
-6
-7
-9
-13
-16
-20
-25
-27
-29
-28
-25
-20
-14
-6
3
13
20
27
32
36
37
37
36
35
33
29
25
21
16
11
9
7
7
7
7
4
0
-3
-9
-15
-21
-25
-27
-28
-27
-23
-20
-16
-12
-9
-7
-5
-4
-2
-2
-1
-1
0
0
1
2
4
7
10
13
15
15
12
9
6
1
-3
-7
-10
-12
-15
-16
-17
-17
-14
-10
-6
-1
4
8
12
14
16
16
14
11
7
3
-1
