SAMPLES:	8904
BITSPERSAMPLE:	16
CHANNELS:	1
SAMPLERATE:	16000
NORMALIZED:	FALSE
0
-1
0
0
0
1
0
0
0
0
0
0
1
0
0
0
0
0
1
0
0
0
1
1
0
0
0
0
0
0
0
0
1
1
1
0
0
-1
1
-1
0
-1
-1
1
-1
0
1
-1
1
0
-1
3
-3
3
-3
2
-1
0
0
0
0
0
0
0
1
1
1
0
-1
0
0
0
0
0
0
1
-1
-1
0
0
0
0
0
1
0
-1
0
0
0
0
0
1
1
1
-1
0
0
0
0
1
0
0
0
0
0
-1
1
1
0
0
0
0
1
0
0
0
0
0
0
0
0
0
0
0
0
1
0
0
0
0
0
0
1
0
0
0
0
0
0
0
0
0
0
1
0
-1
0
0
0
0
-1
0
0
0
0
0
0
-1
1
-1
-1
0
0
1
-2
1
1
-1
1
0
-1
3
-3
3
-3
2
-1
0
0
-1
0
-1
0
0
0
0
0
0
0
0
0
1
0
0
0
0
0
0
0
0
0
0
0
1
0
0
0
0
0
0
0
0
0
-1
0
0
1
0
0
0
0
0
0
0
1
0
0
0
0
0
1
0
1
2
1
0
0
0
0
0
0
0
-1
0
0
0
0
0
0
0
0
1
0
-1
0
1
0
0
-1
0
0
0
0
-1
0
0
0
0
1
0
0
0
0
0
0
0
0
-1
1
-1
0
0
0
1
-1
0
1
0
1
0
-1
3
-3
4
-3
2
0
0
1
-1
0
0
0
0
0
0
0
0
-1
0
-1
-1
0
0
0
0
0
0
0
0
0
0
-1
0
-1
0
0
0
0
0
0
-1
0
0
0
0
0
0
0
0
0
0
0
0
0
0
0
0
0
1
1
0
-1
1
1
1
1
1
0
0
0
0
0
0
0
0
0
0
0
1
0
0
0
0
0
1
0
0
0
0
0
0
0
-1
-1
0
0
0
0
0
-1
-1
0
0
0
-1
1
0
1
-2
1
0
0
1
-1
0
1
-1
1
0
-2
2
-3
3
-3
2
1
0
1
-1
0
0
0
0
0
0
1
0
0
-1
-1
0
0
0
0
-1
0
0
0
0
0
1
0
0
1
0
1
0
0
0
0
0
0
-1
0
0
0
0
0
0
1
0
0
0
0
0
0
-1
-1
0
-1
0
0
0
0
0
0
0
0
0
-1
-1
-1
-1
-1
-2
-1
-1
-1
-1
0
0
0
0
0
0
0
0
0
0
0
-1
1
-1
0
0
1
1
1
1
1
1
2
1
1
0
0
-1
1
-2
0
0
-1
1
-1
0
1
-1
1
0
-2
2
-3
3
-3
3
0
0
1
0
0
0
0
0
0
0
0
0
0
-1
-1
-1
-1
0
0
0
0
0
-1
0
0
0
0
0
-1
0
-1
0
1
0
0
1
1
1
0
1
0
0
0
0
-1
0
1
-1
0
0
0
0
-1
0
1
0
-1
1
1
-1
0
-2
-1
-1
1
0
0
-1
1
0
0
1
0
0
0
0
1
0
0
0
0
1
0
-1
0
-1
0
1
0
1
-1
0
1
0
0
0
0
0
-1
0
0
0
1
-1
0
0
0
1
-1
-1
1
0
1
1
-1
2
-3
3
-2
2
-1
0
0
0
0
-1
0
-1
0
0
0
0
0
0
0
1
0
1
0
0
0
0
0
-1
0
0
0
0
0
-1
0
0
0
0
0
0
1
0
0
0
0
1
0
0
0
0
0
0
0
0
0
-1
0
1
0
0
0
0
0
0
0
0
0
0
0
0
0
1
1
1
4
3
3
4
4
6
6
6
5
3
3
4
4
4
2
1
1
2
3
3
4
2
1
0
2
3
5
5
3
2
2
4
7
7
5
2
1
2
3
4
0
-4
-6
-6
-6
-6
-6
-7
-6
-5
-3
-3
-2
-1
0
0
0
0
1
-1
-1
-1
0
-1
-1
-1
-1
-2
-2
-2
-2
0
1
1
2
4
3
2
1
-1
-4
-5
-6
-5
-3
2
7
14
23
32
37
41
44
44
36
17
-5
-25
-38
-54
-75
-93
-107
-114
-125
-146
-163
-161
-133
-96
-102
-148
-193
-202
-155
-95
-56
-85
-129
-153
-155
-56
72
41
-82
-156
-89
57
101
110
39
-27
41
316
618
387
446
765
412
1058
1795
1504
2047
1581
1984
3689
3109
3466
3565
2630
3324
3417
3205
3268
1920
1453
1562
300
712
-101
-1094
-1357
-3097
-2404
-3240
-4331
-4428
-5229
-4746
-5357
-5413
-5851
-6504
-5848
-5604
-5303
-5227
-5145
-4875
-4326
-3914
-3616
-3086
-2437
-1547
-948
-595
-368
47
830
1639
2195
2460
2674
2972
3350
3585
3677
3787
3991
4218
4257
3961
3500
3219
3205
3256
3038
2524
1977
1508
1176
905
649
371
-298
-936
-1033
-1158
-1313
-1461
-1432
-1069
-1085
-1058
-799
-606
197
433
431
2013
2170
2096
3670
3384
3203
3937
3918
5039
5878
4160
3665
3177
2125
3945
3527
2284
634
-1455
-1315
-2338
-1719
-2443
-6100
-7252
-4026
-4382
-9085
-5423
-6827
-12286
-4863
-3863
-7659
-4027
-9163
-7965
-889
-6674
-1567
947
-6253
-782
305
-1333
3223
1773
451
5045
2448
1413
6872
3594
3497
6604
4445
4840
5748
5442
4255
4902
5390
3530
5171
4478
2937
4079
1826
1955
3159
1542
1769
1301
-1324
-1850
-1945
-2779
-1351
-3254
-5864
-4021
-5531
-6616
-3845
-6446
-6931
-4231
-7395
-5618
-5686
-8341
-4294
-6097
-5096
-2148
-5753
-3510
-2340
-2819
492
300
2032
3393
2094
5798
5690
5004
9635
7959
8604
11662
9085
11972
11620
9561
13017
10364
11115
12338
9303
10337
6465
5147
6723
3731
4471
1837
-1760
-2212
-5157
-5079
-4413
-8349
-11828
-11286
-8996
-9809
-14613
-12229
-13096
-19464
-9152
-7944
-14807
-9131
-14918
-13026
-3356
-10893
-6432
-1465
-9908
-3788
1088
-2861
1646
2503
821
5764
4494
4984
9540
5861
5745
10744
6459
7332
14422
5028
7495
11566
3205
10686
9117
4646
7578
5268
2787
4508
6335
270
2160
1783
-3157
-656
-1632
-2716
-2048
-4923
-8047
-5128
-6511
-7564
-4253
-9417
-8923
-6667
-8860
-4687
-6992
-9177
-3748
-4683
-3560
-63
-2243
-1911
1256
2836
4402
6109
5877
7915
9638
9061
11620
11048
11280
13064
12283
14251
13110
10653
8702
8034
9528
8306
7393
3476
652
-109
-3220
-1173
-1737
-7915
-10430
-8571
-6993
-12790
-12703
-9071
-18865
-16073
-7106
-13457
-12182
-13245
-18066
-8573
-8324
-12547
-3229
-5724
-11942
-2532
-2450
-4195
2132
-565
746
4063
-247
3286
7574
3919
4815
7451
5596
6991
9513
7096
6376
8078
7360
7768
8601
7002
6383
5082
3471
5944
5564
3259
3572
947
-2102
-790
590
-1493
-861
-3994
-7189
-3160
-5990
-5147
-2703
-7559
-6751
-5297
-5622
-3885
-4498
-4509
-1386
-3157
-1911
2922
-140
2061
4964
1918
6791
9132
6053
9669
9323
6385
10733
11429
10281
12074
9071
7357
8507
5948
6737
8318
4050
1896
983
-2785
-3663
-3099
-4602
-8071
-11773
-8369
-7734
-15171
-13215
-10220
-18016
-13859
-4824
-13166
-12850
-10819
-15550
-5247
-6215
-9923
196
-4853
-8955
1176
-608
-3000
4722
1399
1122
5985
1107
4009
7693
2654
5289
7888
3739
6920
8727
3096
4978
7641
5458
7589
6855
3000
4722
3948
1944
5297
4014
688
1465
-1404
-2626
-532
-1111
-750
-2576
-6127
-5005
-4770
-5807
-3361
-4365
-6678
-4056
-4068
-4566
-2518
-3672
-2754
-465
3255
1310
552
8412
-2042
4976
16142
1273
12635
15218
3351
12875
13825
7389
14492
15850
7472
11841
9617
4752
7280
5974
6442
1052
-1108
-811
-6902
-5996
-6011
-10847
-11073
-13772
-12685
-9735
-18708
-17705
-13593
-21052
-14093
-8783
-17590
-14420
-13917
-16591
-6331
-8386
-9770
-274
-6838
-7063
3613
-433
-1155
6842
3645
2759
8024
4253
6849
10200
4470
8943
11438
5211
9616
11639
4460
8294
11532
5846
8463
8911
2755
5381
6310
2417
4936
4073
-484
-188
-2118
-3378
-1429
-2993
-3335
-4837
-8287
-6919
-6212
-6335
-4561
-6084
-7787
-4547
-4686
-4692
-1223
-3932
-1670
2587
734
4201
4614
2659
6159
8325
10073
11779
12549
10517
9792
13205
12298
14294
16727
11338
11055
10706
6465
7881
8457
4840
2943
933
-3639
-4093
-6121
-8040
-7466
-13993
-14974
-10209
-11921
-19845
-17255
-13435
-23759
-13838
-7101
-20022
-13683
-12734
-17383
-6016
-7714
-11721
-2353
-4956
-7525
1154
-503
-1582
4692
2786
3995
7230
3543
6935
10502
5612
7591
11722
6327
7593
12697
6001
6019
12477
7473
5809
8452
4466
5025
5547
3019
5738
3511
-410
225
-2642
-2621
-556
-2739
-2147
-4715
-9945
-7114
-6005
-6975
-4288
-6259
-8913
-5225
-4252
-5630
-2370
-2815
-2748
955
1664
3376
3440
3762
5581
7260
10942
11798
10990
11151
10309
10862
13684
15376
15808
12630
10221
10118
7901
10115
8172
3955
4867
-585
-1927
-2166
-8095
-6580
-9885
-15222
-11589
-10262
-13808
-20029
-17385
-15006
-22247
-13148
-7551
-19459
-14740
-12430
-17248
-4652
-6529
-14059
-598
-2766
-11281
4737
4626
-8117
6291
7214
-952
10923
6724
3036
11233
5418
6453
12793
6311
7410
11132
4582
6754
10558
6274
7120
6621
2789
4766
4945
3521
4212
1123
-586
-621
-3025
-1315
-1274
-4563
-2912
-4929
-7826
-4102
-4090
-6102
-3810
-5753
-7091
-1760
-3600
-3629
-638
-2940
1070
3503
2937
4126
4005
4670
7264
10607
10876
11157
10537
9887
11336
12812
14955
14592
13094
11829
9394
8234
10147
9615
5394
4784
2959
-3128
-3071
-2087
-7436
-8797
-12273
-16356
-8704
-10414
-21704
-17098
-15101
-25057
-14435
-6033
-19974
-17053
-14031
-18768
-5988
-7050
-13731
-3396
-6148
-9693
2099
2822
-2143
3423
3142
2541
9218
5450
6101
12160
5324
5499
13721
7856
5859
12865
5467
4519
13226
7900
4716
8964
3671
1828
8002
3319
3603
4108
-3655
452
-1751
-5371
299
-4192
-6048
-4398
-9292
-7012
-4921
-9027
-4782
-4557
-11357
-4262
-658
-6902
-3007
-1564
-2771
2175
2930
2941
4057
4347
6108
9629
12080
10665
12406
11670
10486
15516
15263
16576
16929
11501
13179
12389
8136
11899
9352
3830
5754
-325
-3585
-2162
-6854
-6322
-11030
-18039
-9402
-6713
-21520
-20082
-11317
-24377
-20944
-4704
-15938
-20399
-12739
-19369
-11771
-3979
-13936
-6970
-3259
-12259
-3484
3920
-3242
-866
4897
1943
6017
7240
3865
10268
7802
3258
11451
10149
6777
13164
7604
3102
12229
9811
5167
10709
6345
1762
6693
4975
3363
4939
-146
-800
142
-3866
-1457
-3143
-4029
-3271
-10810
-5398
-4166
-12059
-3413
-3664
-14548
-3172
-2342
-10825
3611
-4793
-8399
7364
-1989
87
7626
2263
4334
8376
10852
10759
10204
12496
10873
11417
16462
14281
15515
16255
10390
10856
9871
10034
10458
6288
7031
2938
-2786
-1984
-4718
-5375
-6125
-13548
-14469
-7755
-12032
-22322
-14675
-14977
-27357
-11165
-5434
-21647
-14966
-14939
-18606
-4657
-9909
-14045
-636
-6961
-11832
2486
474
-6227
4166
4397
683
8315
4452
3983
12071
4767
5942
13715
6060
8001
14368
3189
5282
15946
5884
7217
12364
1925
4374
7492
3149
5665
3630
-376
2095
-2364
-4740
113
-3527
-3218
-3100
-10430
-5651
-4645
-11119
-3938
-5805
-12550
-2979
-3515
-8589
-3124
-4536
-4118
2056
1441
2021
3921
2045
3791
9577
9941
12388
10476
7728
17095
7528
12216
23230
8109
15626
16480
5383
11385
12647
4743
8912
12180
-2016
1640
7
-9103
-904
-5936
-14078
-11666
-8036
-13727
-22665
-13826
-13052
-25445
-13422
-5974
-20935
-17772
-13111
-18119
-8686
-8971
-14466
-3205
-6925
-12623
1231
483
-5866
2639
4199
1266
5458
5518
5435
8570
5146
7086
13474
7354
8174
14271
3462
5077
15894
6128
7245
14289
3574
5081
8758
2110
5685
5725
1208
3003
-1922
-5168
-604
-2405
-3704
-4458
-9992
-6600
-5350
-8866
-3407
-7776
-12326
-4410
-5017
-5936
-4486
-6332
-2036
-821
-1603
3553
2836
1228
4216
7326
11228
10023
11001
12559
10178
12218
12850
15474
16896
12635
13169
12145
9868
10837
6958
8665
10799
1244
1864
306
-7569
-2006
-5388
-13064
-10941
-9031
-11723
-20162
-16677
-13094
-24897
-16234
-5625
-20320
-18641
-12840
-19176
-11233
-9401
-13724
-4806
-6172
-12744
-1994
376
-7056
1247
4922
121
4262
5968
4756
7889
6016
5860
12500
8638
6756
12650
5264
5345
16172
8676
5930
13280
4936
3637
9757
4171
4094
6385
1476
109
-450
-3976
-2535
-493
-1981
-5420
-8666
-5428
-7315
-9855
-2709
-5634
-10857
-5182
-3970
-5577
-4850
-5445
-2878
-139
672
2630
2206
1778
3559
6571
10286
10363
10713
11566
10022
12829
14449
13210
16052
16402
12170
11156
12240
9425
7514
9512
8686
2594
1070
-1183
-6414
-2175
-6228
-13435
-10478
-9631
-10052
-16597
-18199
-14398
-22467
-18366
-5542
-15158
-20497
-14161
-17451
-13046
-9082
-12945
-6951
-4700
-11166
-6543
1855
-4347
-3677
6145
842
1546
8937
3328
5832
10029
4287
9540
11863
5546
11341
9533
3270
12790
10924
5800
11149
5974
4360
8489
3764
3920
6781
1695
578
747
-5004
-3878
-127
-2379
-4671
-6991
-7163
-6467
-8443
-6278
-5531
-8932
-6306
-4743
-6619
-5066
-5557
-4201
54
-15
1420
3390
2771
2774
5986
10622
9062
10333
14573
10807
11217
14336
13361
16093
16158
13606
14119
11863
9013
8606
8776
9223
6195
2916
799
-4789
-4257
-2608
-7762
-10409
-14905
-11787
-7413
-20944
-18491
-11129
-25753
-16892
-4388
-19874
-17516
-11922
-20358
-10724
-6530
-13669
-5794
-5599
-11521
-1752
164
-5450
2181
4366
301
5941
5528
3525
10249
7409
5634
13176
8745
6313
14202
7538
4182
16005
10210
3068
14838
8287
-594
12343
3765
-1177
13983
436
-3929
6748
-7540
-6001
4902
-5812
-6897
-5186
-10596
-6326
-7258
-8873
-6180
-9393
-6655
-4894
-6516
-3675
-5556
-3992
1128
293
2392
4263
2863
4643
6763
9387
12131
12493
12958
11669
12279
14448
13780
17401
16579
13165
14349
9186
8902
10443
7068
9074
5256
401
-773
-5881
-4874
-4092
-9384
-13528
-14101
-9012
-12001
-21553
-16454
-16075
-25589
-12803
-6739
-21055
-16656
-14523
-19254
-7822
-8650
-13865
-3086
-5408
-10709
-489
-473
-4171
2992
3095
1327
6428
4719
4894
10912
6514
5966
11942
6933
9408
13830
3100
7953
15839
3678
7494
14839
3276
3476
7204
2218
4653
5201
965
-188
-3139
-4299
-2533
-1263
-2107
-7769
-8417
-6193
-7613
-8746
-7562
-6250
-9835
-7916
-3248
-5317
-8101
-4137
-1190
-3030
3942
3007
995
5626
2072
7897
11635
8750
13964
12687
9558
13846
12466
13067
17229
14071
14772
13851
10818
10072
6594
8202
9322
6196
3602
-806
-5980
-5292
-3928
-6369
-11061
-16228
-10276
-9272
-20058
-16804
-13283
-25017
-18523
-5600
-17294
-17196
-13752
-20726
-9734
-7500
-14055
-4295
-3721
-11269
-2739
731
-4581
3000
5111
382
5764
5618
3852
11219
7904
4587
12177
8418
8392
14592
4763
6018
15156
5299
6831
14657
3831
3480
7788
-139
4045
8215
-182
545
-615
-8179
-3068
312
-4132
-4498
-8385
-10085
-5936
-8061
-6807
-4400
-10677
-8469
-2567
-6466
-6304
-2886
-3901
-1794
2154
2979
3420
4239
4720
7182
10189
11345
13980
13652
11049
14831
13882
11561
18419
15100
11339
18354
12280
6586
9742
6178
8480
9199
1141
688
-3952
-9378
-3540
-5118
-11809
-15964
-16073
-9466
-15070
-23355
-14677
-17584
-27031
-10612
-7973
-22138
-13190
-14068
-19238
-6072
-8321
-11319
-900
-5673
-9836
154
683
-366
5438
4011
2721
7358
7020
8836
11624
5762
9732
12181
6729
13895
11190
4021
11923
9638
5164
12328
8109
2456
7701
2938
291
7254
2619
-171
774
-6215
-5595
-1850
-3203
-3743
-8287
-11610
-6019
-7457
-10132
-5361
-9835
-9398
-4643
-6169
-4600
-6193
-4892
-888
-425
2148
3407
3262
4732
6154
8259
10541
11091
12286
13042
13663
14121
13639
14816
14324
15081
17358
14261
11698
9145
5441
10020
10214
4374
4454
-1896
-5858
-4518
-8041
-4434
-9845
-18851
-12965
-13849
-14783
-16515
-20537
-15975
-21977
-18475
-6947
-16624
-18041
-13605
-16862
-9809
-7795
-10254
-2116
-5221
-11189
909
2065
-2633
6310
4217
1850
8162
5642
7264
13043
7545
5182
12257
8176
7816
16301
6568
4350
13062
6107
7017
12363
5161
2887
4846
3008
2832
3322
689
-1396
-3838
-5535
-3673
-3275
-4201
-8016
-10215
-5973
-7201
-10032
-6548
-8629
-10935
-4788
-3742
-6979
-4900
-3568
-3830
467
3518
1936
4069
5995
4426
9340
11870
9099
13995
15035
11348
14985
14563
11913
16084
15826
14181
14438
11041
10524
8196
6802
7896
4414
3628
539
-3004
-4617
-9132
-7399
-6479
-14469
-18634
-13126
-10215
-18803
-20707
-12561
-22478
-24028
-5957
-13675
-19514
-10248
-16869
-13864
-3888
-11281
-6737
493
-9048
-2525
2501
-1078
3960
2686
5635
7740
3867
8377
11712
6446
6980
12192
9030
8322
12687
9722
3331
11188
11398
2430
12207
8963
249
6476
3454
1359
4822
1127
208
-1041
-7047
-3124
-2955
-5729
-2393
-8903
-9794
-4128
-10019
-9708
-3337
-9673
-8806
-1218
-6622
-6184
-2256
-3821
-649
1092
2106
3957
4099
5149
6611
9116
8948
10703
14115
12547
13235
13144
13172
14664
12267
14725
15773
10884
12146
9566
3705
8463
7763
2573
4172
-720
-6185
-5270
-6102
-6903
-9383
-14661
-16872
-13055
-10905
-18025
-18556
-15699
-23852
-17844
-6972
-16214
-16971
-12395
-17275
-10532
-6154
-10149
-2946
-2936
-9048
-632
2433
-1499
4730
5875
2658
7162
6583
6142
11781
8826
5652
10037
10448
7599
9196
11220
4759
4587
13116
4749
2387
13689
1878
-2618
8665
-1370
-523
9119
-4033
-6095
-148
-7638
-5220
898
-6400
-10734
-6398
-5724
-9134
-5831
-3753
-9898
-6694
-2627
-4799
-3399
-4134
-1078
963
-1386
3207
5695
4211
5793
7962
8826
9530
11802
12855
12714
13892
12387
12673
14703
11474
12782
14827
10879
10782
8277
4008
6383
6759
4868
2383
-2466
-5786
-8377
-7622
-6373
-10839
-15764
-18258
-13191
-10343
-20090
-17396
-13097
-25792
-17393
-3851
-16498
-16654
-10680
-17501
-9719
-4534
-10035
-2212
-1847
-8538
-35
3735
28
4163
6228
4301
6034
6657
8244
12087
7659
5323
11731
8424
6193
13682
6708
3350
12102
4451
3486
11674
4144
727
4100
1242
1010
3663
1237
-1087
-3006
-5205
-3779
-3135
-2193
-5440
-9688
-4811
-6570
-9383
-2265
-6865
-10661
-2075
-3968
-5087
-947
-4048
-1394
2254
895
4344
5710
4591
6123
7924
10717
11384
11409
12775
12322
13056
13741
13953
13486
10872
13411
13478
9565
12128
6920
1642
7609
3649
1375
4504
-4568
-6908
-5887
-11201
-7568
-8315
-15947
-17246
-15482
-12367
-17130
-19496
-13151
-21593
-21951
-6367
-12119
-17275
-9845
-14711
-12467
-3644
-7557
-4839
656
-5215
-3183
4555
2097
2490
7671
4943
4380
8104
7153
9751
9929
4779
9228
8811
4639
12867
8248
397
10336
6480
221
9807
5550
-257
4685
532
-499
3671
-209
-1458
-1144
-4990
-5114
-2192
-2061
-5589
-7577
-5836
-5496
-6707
-5486
-4983
-7404
-6420
-1795
-2073
-3599
-1307
-2690
1296
4472
918
7622
5948
1244
11653
10407
5316
16601
12055
4783
19983
12745
8266
20704
8277
8446
16923
9729
11304
9277
4522
4778
2284
5600
3968
-3672
-2157
-5287
-12150
-6883
-6651
-12557
-13554
-19382
-16087
-9150
-18434
-18533
-12055
-24629
-20484
-2562
-14387
-16496
-8884
-17578
-9026
-1967
-9570
-2425
821
-8865
-603
7794
-624
3673
8341
1142
6016
10051
5846
11388
9166
2045
9756
9347
7214
13259
4482
2494
11170
3464
4120
11465
2034
949
5001
-438
2150
3978
-1552
-887
-2059
-5536
-1986
-1069
-3900
-6006
-8647
-5771
-4030
-7273
-4690
-5124
-10366
-5130
-1714
-4701
-2658
-3426
-2812
-947
-6
4553
3859
4394
5575
5309
8866
9755
10591
11099
9483
12103
13524
12621
14858
10245
9951
13344
11255
14117
9595
5743
6808
5313
3064
4193
3813
-4203
-1590
-6994
-10522
-4829
-11110
-9850
-15493
-21523
-10401
-9632
-19780
-16189
-13366
-25084
-15303
-3635
-16785
-15137
-9244
-14795
-6409
-3226
-9802
-2439
-507
-5555
2329
4214
-1259
4972
6020
1911
7755
7883
6324
11315
5485
3618
11589
5400
6294
13750
932
2013
13701
2596
2927
12111
1702
1368
7482
890
2339
4896
-404
136
-1451
-3773
493
-1947
-4166
-2966
-8236
-5187
-1323
-8248
-5794
-4760
-11724
-3762
572
-6204
-4017
-4129
-3446
1092
-89
2652
4758
1621
3021
8379
8692
7186
10714
9942
9268
13558
12200
12666
14139
9068
9821
13123
12121
13342
9846
6549
8434
2657
2781
8052
1623
-804
-646
-5952
-6762
-6585
-7839
-9534
-11699
-18749
-13873
-2952
-21918
-18753
-7618
-27196
-14564
-3304
-16956
-14185
-10537
-16008
-8043
-1239
-12691
-5630
522
-10189
-1814
6010
-2695
292
7238
-1068
3463
11097
2481
7128
9898
-387
7048
11486
3782
9945
7477
137
9713
7965
2135
10021
7388
1305
5716
5243
4146
6202
2851
1025
-21
-2467
708
1218
-2036
-3211
-7974
-7018
-1153
-5926
-7467
-4185
-9916
-8826
-2237
-5330
-5480
-3496
-6554
-3053
765
-1421
1374
2601
-354
3905
6881
5473
9066
8524
5478
10635
11826
10401
14419
11283
8802
13228
10487
10808
13994
8778
9211
9788
3986
5967
6073
2508
4323
997
-3264
-4317
-6372
-6543
-7253
-9653
-14616
-14182
-7866
-13359
-20494
-12700
-14929
-22987
-9529
-7061
-17499
-13153
-10978
-14007
-9917
-5329
-8827
-6805
-779
-7822
-5693
7156
-3612
-4974
10778
-2592
-311
12243
-64
5997
6910
659
10297
5792
6698
11895
1427
8140
12622
3328
11706
11077
4829
10217
5563
5187
9774
6322
5030
3633
293
-654
1269
2490
-199
-3860
-6458
-4433
-4108
-7630
-4635
-6916
-11361
-5968
-5947
-8265
-7348
-7074
-6009
-5324
-2170
-1163
-2450
-671
501
2029
5095
5953
6414
7049
6670
8487
9891
11509
13173
12453
13315
11824
12049
13829
11307
15201
15267
9709
10119
7571
6160
6022
6768
7105
687
-1378
-2175
-5625
-5956
-5626
-9673
-15699
-11077
-6499
-17287
-17455
-12622
-25221
-17796
-6308
-17993
-15144
-13475
-21012
-12758
-10412
-13795
-7033
-7023
-11345
-6741
-3915
-5651
-2422
672
-1368
123
3086
2917
7121
5581
1799
10630
7482
6173
16849
7197
5677
14873
8415
11169
16880
8813
9195
11474
4958
9583
11966
6032
7782
4065
-1849
1600
2816
1288
-534
-6283
-5792
-4222
-8707
-6010
-6315
-12710
-8712
-6521
-10396
-8049
-9201
-10281
-5377
-6177
-5723
-3107
-3425
-3977
-2580
1127
1390
4617
5943
2938
7972
8494
7374
13445
12057
11954
16336
13231
13794
15255
12883
17012
17187
13975
14727
10355
7973
8988
8091
8578
5492
1047
-1644
-3753
-5213
-5120
-6279
-14503
-15978
-8882
-13503
-20485
-14630
-18738
-27752
-15018
-10731
-20473
-16612
-17941
-21913
-12773
-13618
-15471
-5526
-8869
-14356
-5514
-4282
-6852
592
2375
-1136
1781
4226
5710
8958
7149
7150
11121
10247
12597
15699
10755
9700
15803
12569
12342
19946
10343
7409
15516
7826
5988
16266
7079
-530
9936
-2104
-3312
8773
-5263
-5001
-1529
-8733
-6310
-7968
-9891
-10910
-11264
-7718
-11463
-12701
-10147
-13347
-10443
-6859
-9248
-7498
-5443
-6856
-5309
-1859
-2016
712
4973
2465
4665
8910
6011
10214
13910
10594
16785
17878
13262
17392
15155
14618
19672
17896
16818
15464
11644
10586
10377
8750
8581
6539
1984
-210
-4531
-7003
-5387
-7963
-13383
-16842
-14880
-13450
-20035
-21082
-17957
-24813
-23181
-13089
-17796
-21796
-17094
-19651
-18777
-11857
-13308
-12557
-7497
-9938
-8812
-2707
-3376
-2461
2030
2266
3130
5579
7824
10195
8911
9539
13424
11675
12745
17992
13367
10526
16468
14495
11038
16131
13720
9410
12984
9147
6638
10666
7422
4252
4173
147
482
-315
-1940
766
-10590
-8727
-1373
-14219
-10574
-6798
-14428
-13241
-9811
-11398
-13221
-12532
-14054
-10045
-8702
-10456
-6090
-5763
-8022
-5069
105
286
2141
5600
3830
6247
10563
10562
13170
14697
13162
16304
18895
17338
17891
17505
16716
17707
17358
18119
15426
12150
10161
7410
8082
7089
5210
902
-3267
-5715
-8151
-6473
-9060
-13980
-17686
-17943
-14025
-17972
-21540
-18646
-22809
-24135
-15329
-15922
-19822
-17096
-18327
-16336
-11184
-13286
-11266
-5553
-8476
-7987
-1009
-1079
-712
4131
3534
3897
8300
9052
11052
12652
9560
11420
14489
14029
16817
15665
11802
14815
14732
12459
15762
14571
10809
10935
9421
8968
9717
7257
5364
3210
-157
778
474
-2487
-3329
-7124
-8603
-6091
-9432
-12226
-8831
-13561
-15813
-8525
-12855
-14633
-11139
-14450
-14208
-8546
-9029
-10890
-3609
-8432
-7985
1939
-3121
1307
5298
1295
7424
9007
7656
13723
13186
11025
16701
16273
15831
18134
15267
16145
16844
14652
16439
15377
11602
10679
8454
6372
6259
4315
1783
-371
-4910
-6978
-6381
-10464
-12604
-12186
-16978
-19080
-15839
-16410
-21134
-20966
-17886
-21487
-19940
-13236
-17517
-18799
-14083
-15372
-12890
-8241
-9689
-8261
-4443
-5724
-2784
2675
595
1821
6069
4768
7286
11294
9552
10948
12449
10611
13598
14618
13129
15784
13911
11920
15795
13906
11546
14468
11574
8733
10818
8278
6473
7626
4006
2086
2117
-1238
-1484
-1309
-4268
-6066
-8124
-7773
-7540
-10872
-9607
-10548
-14334
-10852
-10760
-12968
-10704
-11802
-12100
-9719
-8962
-8101
-7957
-5364
-5270
-6233
1486
-259
-1978
6668
1815
3534
12165
6194
9577
14721
8731
13414
17036
12371
15594
16239
13431
15288
14443
13334
13541
12310
10651
8671
7516
4925
2729
2686
295
-1882
-3553
-6915
-8875
-9837
-11504
-13003
-14388
-16704
-16579
-14806
-18178
-19579
-16525
-19674
-18598
-12060
-15951
-16590
-11670
-14299
-11604
-6266
-8978
-6550
-1834
-4087
-1428
3069
1189
3407
7181
6160
8232
10379
9344
12195
12714
10880
14324
13260
12096
16928
13589
11369
15987
11687
10335
14374
10033
9464
10138
5832
6807
6564
3961
4292
1843
-1130
-505
-889
-2812
-3485
-6060
-7607
-6045
-8536
-9283
-8096
-11991
-11267
-9492
-12562
-11135
-10663
-12954
-10512
-10266
-11672
-8522
-8210
-9755
-6155
-4657
-5835
-1707
-506
-2503
1931
3159
2711
7982
7299
6769
11353
9801
10168
13954
12908
13702
14933
12292
13174
13551
11210
13079
12285
9546
9371
7549
5833
4675
3269
1838
600
-1776
-4089
-4929
-7792
-9237
-9334
-11777
-13443
-13976
-12533
-13362
-17843
-15442
-14904
-19367
-12819
-9754
-15875
-12766
-12002
-13612
-7074
-7493
-8121
-3079
-4654
-4379
615
998
1441
4727
4291
5046
8156
7487
9614
11627
8797
11082
12914
10348
14432
14673
9384
13328
13444
9539
13878
12468
8713
11098
8531
7356
9253
6275
6378
5934
1710
2230
1226
-1327
336
-1941
-4886
-3564
-6666
-8813
-6407
-8940
-10664
-8924
-11484
-12421
-11422
-14409
-13177
-10996
-13769
-11763
-10318
-14020
-11903
-8605
-10308
-8382
-5197
-6658
-5238
-2031
-2236
-712
1049
3477
4294
5150
10052
5638
8689
15160
8288
13680
16982
11339
15919
17421
12087
14313
17364
13190
14714
15374
10356
9456
9676
7702
6306
5845
3163
732
-1519
-3729
-5175
-6400
-7340
-10439
-12986
-13428
-12451
-14458
-17291
-15265
-17908
-20142
-13829
-14280
-17764
-14514
-15710
-14652
-10358
-12305
-8991
-6261
-9138
-4860
-1958
-3450
918
2598
1351
6307
6886
6522
12084
10661
9929
14618
13111
13565
17427
15432
14860
17631
15282
14193
16987
14448
13642
14230
10047
10806
11145
8168
8260
5006
2524
2799
433
294
-1374
-6155
-6336
-6390
-9964
-10142
-9203
-13829
-14745
-12559
-16088
-15694
-14876
-17737
-15522
-15853
-17887
-14606
-14486
-16039
-13721
-13182
-12697
-10396
-9256
-8530
-6911
-5141
-4759
-1386
414
1481
4877
4959
7486
9120
9740
14049
15671
14580
17361
17781
16341
21501
18807
18234
21814
16674
18308
18387
14589
15757
14204
11989
11469
8873
5930
5378
2801
-351
-1139
-3733
-6314
-7593
-10165
-12124
-13854
-15757
-16139
-18184
-19635
-17724
-19127
-20901
-18371
-19944
-20492
-15161
-16031
-16425
-12166
-14250
-12351
-6553
-8444
-5571
-924
-2961
531
4427
3808
6943
8675
8776
11441
12213
13680
15399
14294
15353
15930
14966
16764
17081
15209
15531
14683
12249
13628
13098
10270
11323
8557
5259
6851
3723
1795
3305
-1429
-3868
-2837
-6525
-7442
-6827
-11093
-11782
-10732
-14350
-14166
-13369
-16688
-15252
-14270
-16272
-14783
-15005
-15090
-12323
-12390
-11784
-9562
-9210
-7993
-5842
-4547
-2903
-1137
-142
1647
3197
3778
6548
7953
7002
11014
11352
8542
14981
12856
9729
17805
12915
11176
17786
11119
10966
15846
9266
10022
12860
6330
7039
8119
4052
4420
3499
872
344
-839
-2445
-2408
-3613
-5459
-5738
-7014
-7287
-7043
-8684
-8544
-8421
-10516
-9129
-8422
-10364
-8888
-8969
-9367
-7973
-8392
-7380
-6401
-8107
-8038
-3990
-2674
-4385
-2688
-2988
-5236
-864
2151
1173
3421
1669
572
4726
4166
4917
8198
7198
6441
6657
6590
7780
7233
7124
8626
5840
5122
6981
3933
3718
5004
1829
1804
2435
-656
-896
-277
-2099
-1993
-1900
-3891
-3831
-3945
-5831
-4915
-4210
-4838
-4107
-4690
-5400
-5374
-4728
-2961
-2172
-2445
-2751
-2311
-2400
-1675
351
548
1221
2256
1042
1674
2811
2054
4676
5145
3381
4849
4768
3123
4393
6819
3712
4831
5814
988
3543
3072
1109
3362
1919
-402
319
184
-2169
-728
-1314
-2390
-1705
-3148
-3558
-4506
-3556
-3081
-4474
-3031
-3665
-5850
-3965
-3483
-4564
-2587
-2667
-3413
-2686
-2960
-2275
-1333
-1036
-770
-461
-305
-582
95
773
1016
1783
1929
2154
1811
1242
2178
2687
3107
3340
2479
2475
2019
1661
3415
2831
1945
3008
1314
561
1845
1271
1046
2208
1263
-473
704
-13
-977
1312
656
-142
189
-1214
-645
-440
-592
334
-623
-790
-441
-1090
-560
-362
-1072
-710
-361
-892
-773
-411
-1078
-1506
-1470
-1328
117
-393
-1666
-905
-2057
-2046
34
424
-105
-618
-865
-754
-96
468
1251
792
144
880
406
147
1831
1402
-106
2250
750
-427
2194
-348
127
1468
-276
715
967
-1000
-1184
369
-586
-78
1181
-450
-1027
-594
-355
-33
676
526
-108
-54
-443
-374
593
629
148
81
-603
-757
-252
-292
-256
-229
-725
-959
-812
-1394
-1135
-732
-1055
-560
-1248
-1738
-1374
-1514
-559
-615
-668
-102
-1640
-1525
-216
-590
-57
549
-253
-303
2
-398
565
1044
376
1398
1331
268
1153
1361
954
2171
2470
1833
2142
1706
1407
2233
2410
2642
2929
2242
1802
1530
1484
2387
2583
2126
1907
940
353
986
896
325
571
89
-1007
-759
-888
-1880
-1357
-1268
-2472
-2127
-2164
-3121
-2605
-2754
-3182
-2249
-2622
-3435
-2648
-2867
-3101
-1659
-1522
-2586
-2187
-1328
-2224
-1117
394
-1280
-375
384
-813
382
509
176
1529
1200
509
1151
786
872
1649
1526
1818
1465
1010
1527
1258
1289
1667
1459
1292
1050
810
550
886
858
492
981
179
-397
407
-112
-185
614
-221
-723
-218
-716
-869
-68
-226
-664
-246
-775
-1072
-213
-411
-208
250
-283
-460
-417
-294
33
434
539
433
270
-45
455
803
700
1634
1301
554
1539
719
708
2122
1011
1366
1934
363
746
1360
218
736
1462
-238
-75
495
-1260
-623
203
-1275
-955
-659
-1931
-1708
-1336
-1942
-1650
-1113
-1667
-1919
-1447
-1784
-1614
-807
-875
-932
-850
-927
-993
-803
-152
205
-248
-220
-236
-1072
-56
737
-442
207
548
-1092
-222
545
-786
543
854
-735
297
154
-502
738
559
266
757
276
317
707
487
731
1099
945
612
599
533
666
1020
715
976
935
115
550
698
534
1139
977
795
642
88
743
1149
726
1067
663
-92
590
817
519
954
355
-213
757
479
-58
674
-32
-616
376
47
-387
132
-610
-993
-191
-367
-602
-481
-933
-1167
-1120
-914
-691
-929
-1257
-1353
-1342
-1459
-1197
-901
-1371
-1490
-1283
-1349
-1109
-1007
-1049
-798
-948
-1055
-398
-164
-510
-173
181
-76
177
590
417
523
663
570
1103
1164
830
1177
909
762
1199
990
1150
900
325
996
502
208
1242
187
-241
500
-256
-64
416
-364
-369
-250
-581
-51
-322
-687
-90
-733
-589
197
-525
-258
408
-98
36
399
281
691
845
473
749
1119
924
1164
1324
816
1043
1215
1080
1314
784
603
928
469
451
597
157
-150
-550
-640
-548
-951
-968
-1116
-1749
-1611
-1215
-1618
-1840
-1591
-1933
-1834
-1308
-1385
-1494
-1512
-1155
-1167
-1256
-268
-288
-742
60
-112
-254
800
636
694
1444
915
964
1671
1280
1248
1901
1723
1484
1668
1372
1178
1416
1395
1210
1187
889
331
398
392
-38
213
88
-495
-521
-947
-1110
-864
-1165
-1133
-1203
-1627
-1544
-1750
-1817
-1437
-1665
-1755
-1527
-1526
-1679
-1586
-1187
-928
-1016
-732
-195
-763
-145
549
72
1175
1105
728
1758
1680
1705
2582
2629
2120
2629
2874
2499
2966
3208
2580
2422
2724
2254
2029
2258
1623
1225
1098
551
532
135
-567
-570
-1192
-1545
-1380
-2343
-2613
-2360
-3164
-3026
-2716
-3623
-3786
-3322
-3390
-3472
-3090
-2956
-3264
-2914
-2437
-2437
-2122
-1616
-1432
-1300
-600
-399
-473
523
587
454
1629
1689
1607
2270
1949
2148
3089
3043
3111
3363
2749
2729
3341
3253
3300
3247
2503
2221
2205
1953
1858
1699
1240
641
376
155
-430
-423
-527
-1263
-1138
-1359
-2232
-2047
-2157
-2534
-1964
-2035
-2481
-2372
-2628
-2570
-1964
-1729
-1663
-1502
-1545
-1619
-1164
-678
-326
48
205
318
516
601
1043
1678
1393
1944
2373
1375
2061
2424
1709
2559
2728
1814
1911
1835
1345
1653
1681
1231
871
397
84
-6
-25
-440
-862
-1064
-1740
-1830
-1676
-2229
-2349
-2620
-3035
-2862
-3070
-3180
-2987
-3211
-3240
-2982
-2878
-2856
-2758
-2411
-2126
-1861
-1368
-1236
-1192
-679
-221
187
773
1135
1151
1447
1965
2156
2780
3331
3152
3323
3438
3350
3738
3975
3845
3767
3518
3291
3275
2989
2876
2820
2149
1762
1695
1088
738
640
33
-316
-501
-872
-1193
-1528
-1761
-2088
-2167
-2052
-2331
-2532
-2530
-2568
-2589
-2425
-2220
-2285
-2084
-1881
-1883
-1492
-1305
-1110
-674
-618
-460
-100
72
334
532
651
857
947
1233
1304
1409
1548
1447
1420
1355
1722
1298
1360
1661
696
982
1029
494
629
573
140
-188
-27
-549
-831
-642
-1001
-1179
-1274
-1572
-1856
-1929
-2022
-2141
-1956
-2092
-2466
-2183
-2295
-2555
-1841
-1686
-1871
-1501
-1428
-1472
-1036
-534
-336
10
272
297
676
1085
1295
1734
2155
2097
2167
2557
2594
2713
3142
3081
2880
3010
2917
2778
2829
2684
2444
2209
1924
1675
1431
1197
984
709
337
-38
-248
-465
-770
-889
-1100
-1544
-1720
-1763
-1959
-2011
-1983
-2102
-2168
-2125
-2153
-2121
-1927
-1796
-1650
-1469
-1479
-1391
-1202
-1036
-594
-357
-340
-19
-64
-96
554
727
712
1228
1105
883
1399
1388
1276
1731
1563
1337
1519
1271
1261
1254
930
1117
779
311
642
67
-413
16
-628
-1025
-675
-1380
-1707
-1445
-2003
-2130
-1918
-2345
-2389
-2284
-2510
-2352
-2304
-2329
-1964
-1999
-1888
-1338
-1417
-1217
-547
-618
-347
382
333
583
1205
1199
1523
2027
2048
2371
2554
2529
2917
2923
2953
3293
3044
3022
3182
2852
2853
2807
2434
2332
2094
1726
1568
1246
819
647
350
-70
-211
-541
-984
-1095
-1320
-1589
-1620
-1837
-2060
-2063
-2217
-2281
-2199
-2292
-2288
-2174
-2136
-2053
-1965
-1877
-1711
-1537
-1370
-1115
-921
-852
-595
-313
-187
123
378
410
596
820
905
1099
1287
1247
1314
1448
1329
1358
1440
1271
1227
1191
1089
938
693
660
458
147
127
-96
-400
-537
-744
-918
-1196
-1338
-1339
-1758
-1743
-1720
-2168
-1928
-1949
-2233
-1810
-1839
-2032
-1541
-1557
-1633
-1019
-1007
-909
-395
-387
-115
236
405
763
969
1228
1483
1637
1922
2078
2263
2458
2474
2616
2686
2622
2727
2659
2499
2520
2342
2239
2172
1862
1768
1512
1112
1143
857
410
479
93
-412
-226
-584
-1031
-810
-1193
-1519
-1348
-1720
-1829
-1720
-1995
-1920
-1898
-2095
-1978
-2029
-2062
-1846
-1848
-1735
-1610
-1662
-1411
-1295
-1271
-864
-801
-836
-414
-329
-334
30
129
165
430
517
606
810
799
849
1055
984
1011
1238
1074
1021
1194
961
937
1057
803
796
775
489
486
400
189
183
115
-78
-188
-221
-432
-465
-458
-638
-552
-730
-819
-625
-852
-718
-488
-760
-622
-440
-650
-384
-175
-311
-45
27
-32
247
303
400
613
604
667
782
798
836
1011
1056
965
1131
1057
906
1096
977
907
1011
816
758
718
562
587
491
343
366
178
19
49
-96
-175
-212
-295
-353
-509
-543
-558
-727
-723
-694
-901
-921
-851
-1093
-1064
-935
-1161
-1094
-1018
-1198
-1173
-1161
-1199
-1162
-1081
-1030
-1027
-938
-954
-909
-754
-692
-538
-475
-435
-342
-319
-121
80
166
344
433
380
546
713
740
986
1085
984
1095
1145
1091
1241
1350
1262
1261
1273
1119
1051
1163
1091
1001
1069
871
632
675
608
414
491
414
92
27
14
-174
-273
-100
-343
-530
-386
-653
-665
-589
-612
-647
-679
-627
-796
-675
-590
-658
-489
-464
-513
-453
-359
-314
-251
-125
-58
-105
-12
111
48
201
336
226
333
423
305
400
483
376
428
460
350
370
355
255
238
167
73
52
-44
-156
-172
-348
-468
-439
-646
-693
-675
-907
-900
-906
-1084
-973
-945
-1129
-987
-969
-1142
-928
-830
-892
-663
-568
-598
-413
-319
-245
-9
118
245
398
431
563
701
788
1019
1120
1113
1249
1218
1177
1367
1373
1332
1479
1389
1208
1287
1238
1078
1164
1120
856
786
682
434
416
412
213
125
18
-249
-364
-367
-491
-546
-544
-719
-873
-858
-911
-961
-826
-866
-988
-923
-981
-997
-813
-731
-717
-603
-590
-644
-465
-350
-317
-104
-61
-121
18
64
84
284
340
335
403
335
322
390
388
454
470
354
305
238
121
154
175
38
7
-72
-290
-293
-277
-395
-360
-398
-577
-611
-631
-663
-600
-575
-568
-599
-618
-542
-522
-448
-301
-310
-261
-142
-158
-55
116
156
269
385
382
446
568
627
737
853
835
868
937
875
951
1042
914
960
966
762
825
810
616
690
604
392
426
300
123
141
20
-120
-143
-238
-345
-388
-417
-488
-539
-536
-604
-643
-597
-632
-631
-571
-605
-573
-496
-503
-424
-348
-362
-276
-228
-236
-105
-67
-70
63
58
40
155
147
129
212
185
138
182
147
101
118
89
42
17
-1
-55
-111
-114
-173
-228
-208
-270
-315
-288
-354
-385
-343
-390
-408
-363
-397
-397
-334
-338
-311
-242
-247
-209
-144
-135
-65
1
28
94
132
169
233
258
321
397
408
466
523
513
566
633
631
664
703
655
655
693
661
661
678
623
569
547
507
447
427
395
295
248
204
74
42
15
-125
-149
-192
-341
-355
-392
-509
-489
-530
-638
-605
-651
-724
-654
-674
-718
-635
-650
-671
-557
-549
-537
-403
-397
-374
-247
-240
-180
-65
-56
23
78
87
181
187
217
311
250
287
362
262
317
369
245
281
291
171
181
187
88
70
71
-10
-51
-39
-103
-158
-138
-188
-237
-196
-228
-249
-198
-222
-220
-178
-196
-176
-137
-138
-109
-71
-50
-19
21
61
91
133
177
201
246
295
312
353
394
394
419
454
446
458
480
464
460
460
439
423
399
369
344
298
266
231
173
136
94
26
-9
-46
-118
-142
-168
-238
-256
-275
-345
-369
-378
-446
-466
-455
-520
-521
-494
-543
-515
-481
-517
-473
-448
-465
-401
-388
-374
-289
-287
-237
-138
-154
-78
15
-24
63
137
81
176
232
175
265
294
245
310
319
306
324
332
333
283
308
306
211
276
258
152
242
206
105
186
129
48
98
41
-8
7
-29
-45
-58
-64
-62
-89
-71
-69
-99
-76
-72
-93
-65
-50
-58
-35
-16
-19
-13
11
16
9
45
60
43
91
101
80
136
128
105
163
130
108
162
111
97
142
85
74
106
43
31
47
-9
-29
-24
-70
-95
-96
-124
-158
-162
-178
-212
-218
-227
-258
-265
-264
-290
-295
-283
-306
-303
-276
-296
-286
-250
-266
-246
-204
-209
-182
-129
-126
-91
-34
-30
4
59
60
91
143
143
177
223
221
256
290
279
309
325
306
333
332
309
335
321
292
317
292
254
280
235
202
220
158
134
142
82
62
65
21
-3
2
-29
-48
-48
-65
-80
-85
-88
-108
-107
-108
-131
-120
-126
-139
-121
-131
-131
-111
-127
-116
-106
-126
-111
-113
-132
-114
-122
-134
-117
-126
-132
-116
-125
-125
-109
-115
-114
-97
-104
-104
-88
-99
-101
-82
-93
-93
-70
-81
-79
-57
-66
-61
-38
-40
-30
-2
1
17
41
41
54
68
63
75
79
79
94
93
98
110
102
110
115
104
115
115
111
121
116
117
123
114
118
115
105
108
98
89
88
72
67
66
51
54
53
39
47
44
27
38
33
15
33
29
11
35
31
10
39
27
2
37
13
-6
30
-3
-11
22
-20
-14
10
-34
-16
-5
-45
-22
-20
-52
-26
-31
-59
-34
-45
-76
-54
-67
-101
-77
-88
-125
-99
-108
-143
-114
-121
-151
-120
-125
-149
-120
-126
-143
-116
-120
-128
-99
-103
-99
-73
-81
-71
-52
-68
-49
-33
-46
-16
-5
-14
17
20
16
43
48
47
73
77
78
96
101
99
110
114
109
121
125
118
129
129
117
125
121
109
119
118
107
117
115
101
107
101
85
88
85
69
77
76
61
70
66
50
59
49
39
46
31
27
33
8
11
12
-15
-3
-7
-33
-16
-23
-49
-31
-42
-64
-47
-60
-80
-63
-74
-91
-76
-87
-102
-90
-104
-115
-102
-110
-114
-98
-103
-106
-93
-99
-106
-96
-102
-108
-95
-97
-101
-89
-87
-93
-81
-82
-86
-74
-73
-74
-59
-55
-53
-35
-34
-32
-17
-18
-15
-1
0
5
17
20
25
34
38
43
50
57
61
69
76
81
88
95
101
109
116
121
125
130
130
131
133
132
132
138
138
138
142
137
131
130
120
111
111
103
98
100
94
86
85
70
57
48
34
20
13
2
-11
-15
-27
-43
-47
-61
-76
-79
-94
-108
-111
-126
-141
-140
-154
-164
-156
-167
-167
-154
-162
-155
-142
-150
-136
-123
-126
-104
-96
-94
-71
-69
-61
-41
-40
-28
-13
-14
-1
7
4
18
24
21
35
39
34
49
51
45
59
59
49
62
58
50
64
59
51
63
58
49
57
47
40
46
38
34
40
33
32
37
29
26
27
19
17
21
16
16
22
20
19
26
27
30
36
39
41
45
46
47
49
48
48
47
45
42
35
29
23
16
10
4
-3
-8
-12
-17
-22
-23
-27
-30
-31
-37
-41
-42
-51
-55
-57
-66
-67
-67
-74
-75
-73
-77
-74
-71
-73
-69
-65
-64
-58
-52
-50
-41
-34
-29
-20
-11
-7
4
13
15
27
34
34
42
44
43
47
47
44
46
45
42
43
40
35
34
29
24
22
16
10
7
0
-5
-9
-15
-18
-22
-26
-29
-32
-34
-36
-37
-36
-34
-32
-28
-24
-19
-14
-7
0
8
18
28
38
48
56
63
68
71
74
76
76
76
74
71
67
61
54
46
38
29
20
11
2
-6
-13
-20
-27
-34
-41
-48
-53
-61
-65
-68
-70
-72
-73
-74
-75
-74
-74
-72
-69
-65
-60
-56
-49
-42
-35
-26
-17
-8
1
10
18
26
32
39
46
53
61
67
74
80
84
87
88
87
83
78
73
66
60
52
44
35
27
17
7
-5
-17
-28
-40
-49
-58
-65
-71
-75
-79
-82
-85
-87
-88
-87
-84
-80
-75
-69
-62
-54
-45
-36
-26
-15
-4
7
18
29
37
46
54
61
67
73
78
82
87
91
95
98
98
98
95
90
84
77
68
60
50
39
29
17
5
-7
-18
-31
-42
-52
-64
-73
-83
-93
-102
-110
-116
-121
-123
-123
-121
-117
-112
-104
-98
-88
-79
-71
-59
-47
-34
-20
-6
9
23
37
49
61
71
82
90
99
108
115
121
125
128
127
126
123
117
112
105
96
86
75
63
50
37
24
11
-1
-16
-29
-42
-56
-68
-78
-88
-96
-103
-109
-113
-116
-118
-119
-118
-117
-113
-106
-100
-90
-80
-68
-56
-43
-29
-17
-1
15
29
44
57
69
77
86
91
96
102
105
107
109
110
108
107
105
101
96
88
78
66
54
40
26
14
-1
-14
-28
-42
-56
-69
-80
-90
-98
-105
-111
-116
-120
-122
-122
-120
-117
-111
-104
-96
-87
-77
-67
-56
-45
-33
-19
-5
10
23
39
51
64
74
83
92
98
105
110
114
117
119
117
117
114
109
104
98
91
80
69
56
44
31
18
6
-5
-18
-29
-39
-52
-61
-69
-76
-82
-88
-92
-96
-99
-100
-100
-99
-95
-91
-82
-74
-65
-55
-47
-38
-29
-20
-8
2
12
23
34
44
53
61
70
77
83
87
90
90
92
91
90
87
81
76
67
57
46
35
25
16
6
-4
-14
-26
-37
-48
-59
-69
-76
-83
-89
-94
-97
-100
-101
-101
-100
-97
-96
-94
-89
-84
-78
-70
-61
-51
-39
-26
-14
-2
11
23
35
45
54
63
72
83
94
102
110
116
121
125
128
128
124
119
112
104
96
86
75
63
50
36
22
9
-3
-15
-26
-35
-47
-57
-66
-74
-82
-89
-94
-97
-100
-99
-99
-99
-98
-95
-91
-85
-78
-69
-57
-47
-35
-23
-9
2
13
24
35
44
51
59
65
70
75
78
81
83
84
83
81
76
70
62
55
46
37
29
19
12
3
-6
-15
-25
-35
-44
-54
-62
-69
-78
-83
-90
-95
-99
-102
-104
-105
-102
-101
-95
-88
-81
-71
-60
-49
-37
-25
-12
1
13
27
40
52
62
74
84
95
104
114
124
134
141
147
150
148
143
136
127
116
106
95
83
69
55
39
22
6
-11
-26
-39
-52
-64
-75
-85
-94
-104
-112
-118
-123
-125
-127
-124
-120
-115
-109
-102
-94
-85
-75
-64
-51
-40
-26
-15
-3
9
18
30
39
49
59
66
73
80
85
88
89
91
89
88
87
83
76
68
58
47
38
30
19
8
-3
-14
-25
-35
-44
-55
-64
-73
-80
-86
-91
-95
-97
-96
-96
-93
-88
-82
-75
-68
-59
-50
-40
-30
-20
-10
-1
7
18
26
36
47
57
68
78
88
97
103
108
111
113
113
110
106
102
97
92
87
79
71
63
54
42
30
16
3
-12
-24
-34
-45
-57
-65
-77
-86
-96
-103
-108
-110
-110
-109
-105
-103
-99
-93
-86
-76
-67
-57
-47
-37
-27
-19
-9
0
9
18
26
33
40
47
54
63
69
75
80
83
84
83
79
75
70
64
59
54
47
42
36
28
20
11
1
-9
-19
-27
-37
-45
-53
-59
-68
-75
-81
-85
-85
-84
-80
-74
-70
-62
-56
-50
-45
-37
-32
-25
-17
-7
-1
8
15
22
28
35
42
49
56
61
66
69
71
73
74
74
73
71
67
63
59
54
50
46
40
36
31
23
18
9
1
-8
-17
-25
-33
-41
-47
-52
-56
-58
-60
-61
-61
-62
-61
-60
-59
-57
-55
-53
-50
-48
-43
-38
-32
-27
-19
-13
-7
0
7
13
19
25
31
37
41
42
45
45
46
46
45
44
42
41
38
35
32
27
22
17
12
6
3
-3
-9
-14
-21
-26
-29
-32
-34
-34
-34
-36
-36
-36
-35
-34
-33
-28
-26
-20
-17
-12
-10
-7
-3
0
5
11
15
19
23
27
28
30
35
37
40
42
43
45
45
46
45
45
44
42
39
36
32
29
26
24
20
18
13
9
3
-6
-13
-20
-27
-33
-39
-44
-48
-52
-54
-57
-56
-58
-57
-55
-55
-53
-51
-49
-46
-46
-42
-40
-36
-32
-28
-20
-15
-9
-5
1
6
11
15
20
23
28
30
35
36
37
39
39
39
40
40
41
41
40
39
36
34
30
26
22
16
12
6
2
-2
-6
-10
-12
-15
-16
-18
-21
-23
-26
-29
-31
-32
-32
-32
-31
-27
-23
-17
-14
-8
-5
-2
3
5
9
14
17
22
26
29
32
34
35
37
38
39
40
39
41
39
37
35
31
28
24
19
15
12
8
3
0
-6
-11
-18
-25
-32
-37
-43
-46
-49
-51
-53
-57
-58
-59
-59
-57
-55
-53
-50
-48
-46
-41
-36
-33
-26
-20
-14
-9
-3
2
7
12
18
23
27
31
35
37
42
44
47
48
49
49
48
46
44
43
41
39
36
32
29
23
18
12
6
1
-4
-9
-11
-14
-18
-20
-22
-25
-26
-29
-31
-32
-32
-32
-31
-28
-26
-23
-19
-15
-12
-7
-5
-2
1
5
8
10
12
14
15
17
19
21
23
25
26
27
26
26
25
25
25
23
21
18
16
13
10
7
4
1
-2
-5
-8
-11
-14
-17
-20
-23
-26
-29
-31
-33
-34
-35
-36
-35
-35
-34
-34
-34
-31
-29
-26
-23
-21
-18
-15
-14
-12
-9
-6
-3
0
4
9
12
15
20
23
26
29
31
33
35
36
36
37
37
37
36
36
33
31
29
26
23
18
17
13
9
5
2
-1
-3
-6
-8
-10
-11
-13
-14
-16
-17
-17
-18
-18
-19
-18
-19
-20
-19
-19
-18
-17
-15
-15
-14
-12
-10
-8
-5
-2
0
1
2
4
4
5
8
10
12
13
12
13
13
12
12
12
11
10
10
9
7
6
5
3
1
2
0
-2
-4
-6
-9
-12
-13
-15
-15
-16
-16
-17
-18
-20
-20
-21
-19
-19
-18
-17
-16
-16
-15
-13
-11
-8
-6
-3
0
3
6
9
12
15
17
19
21
23
23
24
24
24
24
24
24
24
24
22
22
20
19
15
13
10
8
7
5
3
2
-1
-4
-6
-9
-11
-14
-16
-17
-17
-19
-21
-21
-22
-22
-22
-21
-20
-20
-17
-15
-13
-10
-8
-6
-4
-3
0
0
1
3
5
6
7
7
8
9
10
10
10
12
12
12
12
12
10
8
7
5
4
3
2
1
-1
-2
-3
-5
-7
-9
-9
-10
-10
-10
-9
-10
-10
-10
-11
-11
-10
-10
-9
-6
-6
-3
-3
0
2
4
5
6
6
7
7
7
9
9
11
12
13
13
13
13
13
14
14
14
14
13
13
11
12
11
10
8
6
4
1
0
-1
-3
-4
-5
-7
-9
-11
-13
-15
-17
-18
-20
-20
-21
-21
-20
-19
-17
-17
-17
-15
-14
-13
-11
-10
-8
-6
-5
-3
-1
0
3
5
8
10
12
15
14
14
14
14
14
15
13
13
13
12
11
10
8
6
5
5
3
2
1
-1
-3
-5
-5
-6
-7
-8
-6
-8
-8
-10
-9
-9
-9
-9
-8
-7
-6
-4
-3
-2
-2
-1
0
1
2
3
5
5
7
7
9
10
12
13
14
15
17
16
15
14
12
12
11
9
8
5
5
3
2
1
0
0
-2
-3
-4
-6
-7
-10
-12
-13
-14
-15
-15
-17
-16
-17
-17
-17
-17
-17
-16
-16
-16
-15
-15
-14
-13
-12
-11
-8
-6
-3
-1
1
3
5
6
8
9
10
11
13
14
15
15
15
15
15
14
13
14
12
12
12
11
10
9
7
5
3
1
-1
1
-2
-1
-1
-2
-3
-4
-5
-5
-5
-4
-5
-4
-4
-4
-4
-2
-4
-4
-4
-4
-4
-4
-4
-4
-4
-2
-1
-1
0
0
0
1
3
4
4
5
5
5
6
6
6
6
5
4
3
3
1
1
0
0
0
-1
-2
-3
-4
-7
-7
-8
-9
-10
-10
-12
-11
-12
-10
-9
-9
-7
-5
-5
-4
-4
-2
-2
-1
0
1
2
4
6
6
8
9
9
9
8
9
10
9
8
9
9
8
9
6
6
5
4
2
2
0
2
1
1
2
1
1
0
0
0
-2
-3
-3
-4
-3
-4
-5
-4
-5
-4
-3
-4
-3
-5
-4
-3
-4
-3
-2
-1
0
-1
0
0
-1
-1
-1
-2
-3
-3
-3
-2
-3
-2
-1
-3
-2
-3
-3
-1
0
1
0
0
0
1
1
1
0
1
0
1
1
1
1
1
1
1
1
0
1
1
1
1
1
1
0
2
2
2
2
2
0
1
0
0
0
0
0
1
0
0
0
0
1
0
0
1
1
1
2
2
2
2
2
2
3
2
1
