SAMPLES:	14587
BITSPERSAMPLE:	16
CHANNELS:	1
SAMPLERATE:	16000
NORMALIZED:	FALSE
1
1
0
0
-1
0
0
0
0
0
0
1
0
0
0
0
0
0
-1
-1
0
-1
0
0
0
0
0
0
0
0
0
0
0
0
0
0
-1
0
0
0
0
1
0
0
0
0
0
0
0
0
0
0
-1
1
-1
0
0
0
0
0
0
0
0
1
0
1
0
0
0
2
-2
0
0
-1
0
-2
-1
0
-2
0
-1
-3
2
-4
3
-3
2
0
0
1
0
0
0
0
0
0
0
0
0
-1
-1
-1
-1
-1
0
0
0
0
0
-1
0
0
0
0
0
-1
0
0
1
2
1
1
1
0
0
-1
0
-1
0
0
0
-1
0
1
-1
0
0
0
0
-1
0
1
0
-1
1
1
0
1
-1
0
0
0
-1
-1
-2
0
-1
-1
0
-1
-1
-1
-1
1
0
0
0
0
1
0
0
1
1
2
3
2
3
0
0
1
0
0
0
0
0
-1
0
0
0
1
0
1
1
0
1
-1
-1
0
0
1
1
-1
1
-4
3
-2
2
-1
0
0
0
0
-1
0
-1
0
0
0
0
0
0
0
1
0
1
0
0
0
0
0
-1
0
0
0
0
0
-1
0
0
0
0
0
0
1
0
0
0
0
1
0
0
0
0
0
0
0
0
0
-1
-1
0
-1
0
0
0
0
0
0
0
0
0
0
0
0
0
0
-1
2
1
1
1
0
1
1
1
2
1
1
0
-1
0
0
0
0
1
1
0
1
0
0
-1
0
-1
0
0
0
0
0
0
1
-1
1
0
0
1
-1
1
1
-1
1
0
-2
2
-4
3
-3
1
-1
0
0
0
0
0
0
0
1
0
0
0
1
0
0
0
0
0
0
0
0
1
1
0
0
1
0
0
0
0
-1
1
0
0
-1
1
0
0
0
1
0
0
0
0
1
0
1
0
0
0
1
0
-1
0
-1
0
0
-1
0
0
0
-1
0
0
0
0
0
0
0
0
1
-1
0
0
0
0
-1
0
0
0
0
0
1
0
0
0
0
0
0
0
0
1
1
0
0
0
0
0
0
0
0
-1
1
-1
-1
0
-1
1
-1
0
1
-1
1
0
-1
3
-3
4
-2
3
0
1
1
1
1
1
1
1
1
1
0
0
-1
0
0
0
-1
0
-2
-1
-1
-1
-1
0
0
0
-1
1
0
1
0
0
0
0
1
1
0
-1
0
1
-1
0
0
0
0
0
0
0
0
0
0
0
0
0
1
-1
0
0
0
0
0
0
0
-1
0
-1
0
0
0
0
0
-1
0
1
0
0
0
2
1
1
1
1
1
1
1
1
0
0
0
0
0
0
1
0
1
0
-1
-1
-1
0
0
0
1
-1
0
0
-1
1
-1
1
0
-1
2
0
-1
3
-3
3
-3
2
-2
0
0
0
0
0
0
0
0
0
0
1
0
1
0
1
0
0
0
0
0
0
0
1
0
1
0
0
0
1
0
0
-2
0
-1
-2
-1
-1
-2
-1
0
0
0
-1
0
0
0
0
1
0
0
0
1
0
0
1
-1
0
0
0
0
0
0
-1
0
1
0
0
0
1
-1
0
0
0
-1
0
0
0
-1
0
1
0
-1
0
0
-1
-1
0
0
0
-1
-2
-2
-2
0
0
0
0
0
0
0
0
1
1
1
-1
0
2
-1
1
0
-1
1
-1
-1
3
-3
3
-3
2
-2
1
0
0
0
0
1
0
0
0
-1
0
1
0
0
0
0
0
0
0
0
0
0
-1
1
-1
0
1
0
0
0
0
0
0
0
1
1
1
0
0
0
0
0
1
0
0
0
0
-1
1
0
0
0
0
0
0
0
0
0
0
0
0
-1
0
0
0
-1
0
0
1
1
-1
-1
-1
-1
-2
-1
0
-1
-1
0
0
0
0
-1
0
0
0
0
0
-1
0
1
1
1
0
1
0
0
0
0
-1
1
-1
0
0
0
1
0
0
2
-1
0
0
-1
2
-3
3
-3
2
-1
0
0
0
0
0
0
1
0
0
0
0
-1
-1
0
-1
0
0
0
-1
0
0
0
0
1
1
-1
0
0
-1
-1
0
0
-1
0
0
-1
0
0
-1
1
-1
0
0
-1
0
0
-1
-1
-1
0
0
1
0
0
-1
1
1
0
0
0
0
0
0
0
0
0
1
0
0
0
0
0
0
-1
0
0
-1
1
1
2
0
0
1
0
0
0
1
0
0
0
-1
-1
-1
0
-2
-1
-1
-1
0
-1
-3
0
-1
0
0
0
0
-1
0
1
-1
2
0
-1
3
-3
3
-3
3
-1
0
0
0
0
1
0
0
0
0
0
0
0
1
0
0
0
0
-1
0
0
-1
-1
0
-1
0
0
0
1
1
0
0
0
-1
1
0
0
0
0
1
0
1
0
0
1
1
0
0
0
0
0
-1
0
0
0
-1
0
0
1
0
0
0
1
2
1
2
1
1
1
0
-1
0
0
0
-1
-1
-2
-1
-1
-1
0
0
-1
-1
-2
-1
-1
0
0
0
-1
1
0
0
0
0
-1
0
0
0
0
0
1
-1
0
0
0
1
1
1
2
0
1
1
1
4
-2
5
-3
3
-1
-1
1
0
0
0
0
0
0
0
-1
0
-1
1
-1
1
1
0
0
0
0
-1
-1
-1
-1
-1
-1
0
0
0
0
1
0
-1
0
0
0
0
0
0
-1
0
0
-1
0
0
0
0
0
0
0
1
1
0
0
0
0
0
0
0
-1
0
0
0
0
0
0
-1
-1
0
0
0
0
0
1
0
1
-1
-1
-1
-2
-1
-1
-1
0
-1
-1
-1
-1
0
0
0
1
0
1
0
0
1
0
0
1
1
1
1
3
2
2
3
3
3
2
3
1
0
1
1
1
1
1
2
0
0
0
0
0
0
0
0
0
0
1
0
0
0
0
0
0
0
0
0
0
0
0
0
-1
-1
0
0
0
0
0
0
-1
0
0
-1
0
0
0
-1
-1
-1
0
0
1
2
3
4
5
5
6
5
5
3
3
1
0
-2
-4
-8
-8
-10
-13
-15
-16
-18
-21
-24
-30
-32
-34
-42
-43
-46
-49
-49
-50
-55
-52
-45
-49
-58
-47
-43
-53
-26
-4
-23
-11
15
18
36
67
114
104
81
170
245
287
393
427
461
578
678
856
988
944
930
981
1029
994
938
884
629
541
564
207
53
-15
-424
-533
-481
-573
-903
-1448
-1407
-1539
-2093
-1694
-1721
-2516
-2324
-2381
-2603
-1887
-2184
-2669
-1733
-1674
-2133
-1491
-1429
-1597
-921
-837
-887
-546
-833
-659
13
-98
177
549
33
291
860
706
1210
1465
887
1322
1673
1241
1762
2020
1451
1730
1916
1529
1652
1623
1395
1480
1164
1190
1322
633
736
1113
547
515
928
420
568
1182
489
751
1506
1126
1239
1503
1531
1723
1983
2223
1979
1924
2237
2071
1944
1945
1628
1185
638
563
402
-518
-721
-1314
-2454
-2434
-3410
-3541
-2255
-4654
-5996
-3972
-5504
-5889
-3172
-5012
-6047
-4179
-5450
-4505
-3096
-4545
-2782
-2516
-3394
-2161
-2562
-1702
-841
-853
9
-539
-897
127
664
920
1468
1682
1357
541
1772
2958
1754
3115
3517
1461
2865
3432
2224
3803
3749
2204
3250
3065
1991
2484
2165
2032
2289
1145
1101
1222
-126
905
1644
107
763
1224
17
1109
2298
1442
2339
2940
2174
3304
3886
4194
4624
4126
4491
4593
4229
4686
4594
3246
3047
3254
992
169
1520
-810
-2032
-701
-4102
-5629
-4588
-5743
-4751
-6078
-8581
-7210
-8443
-9275
-5771
-6507
-8798
-6787
-7140
-7580
-4620
-5225
-5700
-2640
-4006
-5354
-1809
-2201
-3279
106
-350
-2013
-15
-426
-616
1660
1357
1298
2063
622
1516
3234
2215
3374
4143
2227
2994
4289
3035
4113
4981
2472
3462
4138
2445
3065
3510
2285
1657
2800
1510
1507
2411
891
2073
1599
1175
3512
2641
1558
3395
3552
3109
4925
5108
4317
4797
5326
5043
5803
5851
4191
4962
4430
3311
3488
1362
261
324
-869
-1160
-2242
-5354
-5845
-6385
-7656
-4909
-6548
-11477
-9059
-8791
-12227
-7816
-6225
-10912
-8605
-7436
-10053
-6157
-5094
-7550
-3762
-2967
-5659
-3090
-2127
-3492
-786
816
-607
-72
187
-762
1304
2863
1903
2953
2745
1080
3117
3817
3096
5298
4547
2893
5128
4599
3453
5939
5272
3587
5257
4646
3081
4041
3860
3231
3505
3016
2898
2373
1574
2994
3054
1776
3844
3609
864
3742
4819
2103
4883
5617
2982
5031
5389
4101
4779
5044
5325
3006
3379
4884
-614
810
3254
-3897
-1414
186
-7322
-4827
-5158
-10965
-8007
-6703
-9677
-12056
-11923
-10458
-13544
-11614
-6600
-12186
-12593
-7190
-11263
-9456
-4698
-8270
-5836
-2255
-5319
-4300
-1623
-2864
-848
1745
102
889
1597
220
2884
4218
2479
4587
4717
2104
4566
5197
3001
6095
6761
3247
5807
7440
4001
5903
7660
4093
5127
7462
4540
4056
5630
4174
3932
4881
4002
2356
2549
4125
3600
2737
3496
3371
2306
3714
5589
3885
3741
5498
4399
4939
6481
5096
4749
5328
4490
4011
3620
3040
2553
898
77
-1200
-3302
-2860
-3963
-6066
-6614
-8581
-11150
-10069
-7646
-12083
-14670
-10192
-12956
-15585
-9087
-9894
-14063
-9927
-9510
-11517
-7529
-6299
-8144
-4600
-2554
-6400
-3871
-532
-4148
197
3850
-1765
1642
2935
-1720
4968
5393
1345
6536
3707
1541
7104
4956
4561
8364
5411
4166
7203
5905
4799
7485
7055
5153
6216
6092
4351
4880
5724
4880
4928
4330
2820
3396
3547
3654
3497
1940
3326
3498
1746
4294
5001
2394
3932
6031
4512
4615
5816
4811
4735
5301
4695
3595
2922
3039
1337
-337
-564
-3028
-4336
-3231
-5151
-7916
-8172
-10450
-13272
-9911
-7169
-13144
-16067
-10963
-14215
-17314
-7809
-8618
-15606
-10360
-9914
-12514
-6806
-6402
-7447
-3070
-4182
-5849
-2274
-1692
-1921
1179
2424
1429
1727
1561
1579
4671
5005
4369
6887
4620
3022
6986
6000
5004
9423
6868
3405
7986
6425
3897
8580
6774
4069
7447
6038
3850
4819
4933
5530
3642
3923
5106
1061
2840
5792
1285
1370
5097
2443
2117
6300
4245
2145
4838
5153
4504
5752
5488
4176
4438
4592
3847
3136
3141
2958
876
-820
-788
-2281
-4220
-2999
-4038
-8618
-8988
-10591
-14790
-9273
-6469
-16094
-15996
-10741
-17575
-16708
-7007
-10853
-15254
-10319
-11531
-12574
-6859
-7151
-8271
-3798
-4317
-6726
-3902
-2393
-2432
361
2049
1234
965
525
1572
4625
4411
4611
6657
3436
3077
7051
4328
5203
10025
5267
4569
9698
5050
3904
10041
6972
4362
9209
7266
2910
6040
7693
4757
4694
6961
4973
2139
5338
6460
2220
4005
7659
3824
4139
8126
3962
3783
8396
6060
5977
7812
5094
4838
5925
4978
4534
3965
3164
2795
178
-1777
-1367
-4209
-5055
-3201
-7253
-10514
-8715
-13107
-17068
-8383
-8151
-18836
-15517
-11689
-20158
-17864
-7324
-12040
-17078
-10087
-11993
-14414
-6882
-7892
-8786
-2288
-3700
-6652
-2610
-1504
-2963
1524
4352
1622
1700
1725
1363
5206
5566
5359
7886
3822
3779
8221
3830
6302
11877
4897
5808
10873
4562
5486
10816
6458
5366
9511
7859
3569
4792
7446
4721
4931
7705
4321
2089
3869
4659
4052
4922
6085
3916
3464
5864
5160
3949
7050
7266
4230
5972
6109
3522
4555
4914
3354
3072
2819
1077
-1027
-1564
-2731
-5017
-4857
-5078
-8087
-10601
-11124
-12558
-16758
-13217
-6513
-16691
-21711
-11005
-16903
-22667
-8297
-8374
-18954
-11915
-9386
-15080
-8640
-5801
-8021
-3505
-2481
-5343
-4387
-1260
-501
251
4877
5116
879
2552
3324
3196
8348
8121
6638
7736
4910
6256
7372
6219
11446
9154
4836
10683
7767
4071
10291
8543
4948
9475
9701
4222
4660
7220
5111
5004
7808
6800
2312
2127
4683
4099
4544
6673
5391
2607
3679
5133
3633
4666
7445
6011
4223
5330
3961
2399
5054
5362
3163
3586
2212
-1240
-1545
-1565
-4193
-5265
-4368
-5787
-9549
-10764
-12179
-17224
-13560
-6844
-13760
-19461
-14051
-15610
-21107
-11966
-7485
-16266
-14014
-10061
-13780
-10720
-8294
-9594
-4816
-2440
-5686
-5023
-2641
-3217
-1340
3983
4540
1778
1656
572
2363
6720
5982
7024
6883
3242
5200
6239
5523
9100
9530
6479
8305
8487
4490
7139
9264
5512
7881
10555
5233
3622
6861
4913
4287
8841
8568
3785
2263
5443
4729
3529
8684
7235
2814
5714
6767
3023
5506
9777
5148
4928
8141
3630
2299
5663
4935
3749
4776
3157
-293
-1172
-253
-2675
-5491
-3798
-4632
-8671
-9446
-10157
-15103
-17401
-11153
-7003
-14496
-19011
-13534
-16134
-20153
-10716
-6747
-15434
-14794
-10014
-14033
-10882
-6745
-8412
-4774
-1603
-5345
-6557
-1033
-2912
-684
7054
2847
1647
2425
-756
3600
8518
6174
6771
7432
3200
5857
7619
4840
9236
10375
5652
7933
8483
4115
6963
9181
6781
9179
9581
4260
3978
6496
5193
6176
9340
7061
2175
2154
4800
4727
4933
7499
6642
3531
4211
5777
4410
4432
7542
7194
5421
6116
4214
1927
4307
5174
3417
3323
1381
-1588
-3762
-1375
-2301
-8318
-5040
-4828
-11142
-11162
-8759
-16426
-18421
-8829
-9980
-14564
-19194
-14908
-14483
-21978
-7634
-6245
-18417
-12334
-10036
-14507
-9939
-6028
-7713
-4517
-2572
-6031
-5999
-2747
-2019
1020
4851
2378
1663
296
-728
6630
7271
4383
9435
5513
572
7488
7202
4824
10436
9982
6627
8091
7808
6237
8105
10254
9254
9286
9892
6476
5707
9435
9635
8321
9210
8797
6238
5725
8849
9030
6026
8270
9644
5165
6832
9764
4673
6046
10977
5939
4663
7652
3366
2515
4616
2012
2047
1490
-2250
-3026
-4942
-6685
-5992
-9118
-10084
-8188
-12904
-16742
-16727
-17054
-12223
-13011
-21137
-16324
-13724
-22877
-16670
-8148
-16217
-16381
-10242
-13791
-13369
-9406
-10685
-6472
-1892
-6826
-5989
-1531
-5597
-2572
3961
1725
4576
3265
-3417
5202
7434
1615
10795
10466
1917
7740
7613
4440
11082
9736
7208
11752
8268
5185
10406
9691
6705
11197
13459
8928
7016
9834
8486
5493
10930
13415
6803
7537
10019
4367
5595
10947
8247
6644
8217
5954
3982
5355
6368
5585
5046
6128
4304
273
949
1327
-983
272
198
-4669
-7090
-7470
-9250
-9774
-8857
-9443
-13503
-15724
-15683
-19376
-15024
-9381
-19592
-19043
-10048
-19984
-21250
-8007
-12323
-17684
-8069
-9059
-14045
-7840
-7446
-8892
-2218
-881
-4035
-925
-609
-2168
2384
3854
4192
5731
2889
3348
7091
4811
5885
11237
6928
5490
10444
6099
4603
11179
9170
5871
11088
10090
4797
8928
9474
4136
10177
13754
5423
7435
11531
3427
5261
12758
7808
6526
9014
6593
5296
4215
9593
9090
1846
9815
8051
-1759
6728
7228
-492
5560
6813
37
221
507
-1170
-2146
-1238
-7
-6678
-9556
-6250
-10445
-11571
-7984
-11304
-15716
-15346
-16827
-16553
-10607
-16822
-21542
-10804
-15247
-22916
-10108
-9366
-20153
-11294
-6415
-13916
-9257
-6513
-9707
-4290
-1703
-4366
-1613
-173
-2221
1282
4176
2120
4839
6063
2172
6454
7756
2560
8508
10189
4362
9142
8862
3740
9315
10076
6462
10244
10608
7042
8175
9072
6789
8877
12582
8443
7023
11200
6543
4467
11727
9797
5551
9984
9062
3749
6255
9614
6978
6361
8783
6571
3705
5266
5534
4025
4408
4607
2625
332
-128
-383
-1790
-1929
-1946
-5292
-7177
-7234
-10798
-10601
-7910
-11689
-13155
-13795
-18854
-14651
-9900
-17679
-18101
-12151
-16760
-17087
-13090
-12966
-12036
-15292
-10287
-6205
-12626
-8421
-5836
-5886
-1517
-3758
-2142
740
-2530
1140
4480
1801
4874
4689
1952
7205
6584
2012
7037
8997
4862
8054
9034
4104
7367
9971
5983
9210
12156
6530
7164
10838
6381
6911
12985
9464
6257
10649
7822
3936
10557
11531
5709
8912
10260
3785
5861
10427
6120
5635
9319
5941
3158
5284
4445
2952
4286
4621
2620
-203
-499
-9
-2616
-2103
-448
-5517
-8481
-6886
-9427
-11758
-9311
-9796
-14211
-14242
-14647
-18835
-13510
-10054
-20587
-16949
-8890
-20407
-18408
-5484
-13882
-17931
-6480
-9334
-12884
-5576
-7017
-7155
-1568
-1948
-3380
260
500
-968
3182
3383
3548
5694
3594
3841
8005
4693
3423
10820
6157
5059
11274
5966
4267
10801
7696
3898
13375
9395
3465
11290
7569
4659
10951
11116
6497
8621
10916
4838
6276
12261
7266
5680
12005
7318
2517
8323
8026
4768
8381
8873
3772
3384
5781
4044
3108
5314
4261
357
-467
601
-1149
-3233
-1618
-2265
-7005
-7637
-7669
-11345
-9810
-8080
-13055
-13819
-13867
-19205
-15211
-9255
-18070
-19746
-10540
-16630
-22014
-9608
-8785
-19328
-11980
-6253
-12733
-9994
-5905
-7491
-5785
-1736
-2441
-2974
-123
-432
-111
3220
4843
3633
3095
3339
5505
6160
3686
8028
7569
2929
9057
8260
2792
8392
9113
4429
9353
12108
5522
6277
10103
6059
7881
12809
8319
6185
10193
7379
3950
10178
11273
5006
7758
10172
3935
4837
9521
6319
6063
8458
5906
4395
3551
5071
5379
2697
5346
3496
-1665
131
818
-2116
-1577
-908
-4840
-6281
-6476
-9130
-9269
-7639
-9811
-12328
-10901
-14953
-19284
-11149
-9037
-18994
-15276
-8312
-18742
-19105
-6185
-10957
-17152
-7516
-7106
-12533
-7083
-6250
-8349
-1993
-576
-2974
-92
-437
-1815
1366
3502
4767
4863
3387
5082
5607
2989
5590
9005
5486
5436
9666
5195
2793
9477
7365
4302
11710
9812
3383
8192
7700
2897
8905
11689
6952
7801
7903
3891
5648
9119
8005
6927
7380
6918
4909
4309
6854
7133
5729
7857
6879
1734
2994
6118
3107
3101
6420
2414
-1476
1074
-302
-2945
-135
-809
-4881
-5188
-6408
-9587
-9043
-7728
-10220
-11587
-10993
-15890
-18317
-10329
-10581
-19433
-14049
-9333
-19673
-17363
-6242
-12693
-16762
-8090
-8370
-11044
-7460
-7953
-7008
-2334
-2704
-2824
287
-226
-1478
1564
3805
3903
4743
3832
4580
6481
3017
5149
10274
4535
5271
11313
4524
4349
11099
5877
6239
13034
8128
5863
10479
6655
4446
10770
10170
5763
8840
8734
3277
5514
10123
7713
6468
8832
6899
3920
5774
7207
5776
6621
8783
6213
2594
4932
5880
2163
4414
6934
1206
-531
1906
-1069
-1869
514
-1987
-4468
-4412
-6818
-9227
-8488
-8200
-10776
-11845
-11420
-17014
-19174
-9207
-10044
-21031
-13872
-8732
-21476
-16599
-3955
-14234
-16403
-5334
-11027
-12863
-4373
-8765
-8834
-1301
-4388
-4615
-192
-1701
-1632
893
2603
3562
3515
3482
3297
4179
3766
5517
8167
3222
7281
10717
131
8564
11850
-1519
12084
12333
-1648
14136
9907
-1928
12331
8582
4745
11211
5607
8132
7613
3274
10876
7794
3736
10588
7634
4014
6881
6353
5987
5958
7938
7046
2513
6265
5992
1635
6479
5687
584
3214
2532
-866
-106
-420
-1944
-3341
-3647
-5088
-9971
-8756
-5853
-11193
-12070
-10459
-17288
-16369
-8216
-13876
-20204
-11578
-11303
-21763
-14076
-4611
-15249
-15897
-5988
-10917
-12601
-5502
-6821
-6735
-2292
-3228
-3363
-807
-1113
-1219
1945
4065
3862
3456
2834
4472
5533
4086
7387
8511
4190
8159
8729
2912
9562
10860
3609
9322
11917
4567
7442
11313
4145
5699
12949
7562
4257
9705
8204
3244
7199
10214
4846
5316
9528
6011
3771
6298
6670
4399
5456
8525
3547
919
8043
3474
68
8961
1528
-339
5683
-2392
755
1641
-4671
-132
-2268
-6858
-4792
-9091
-9575
-4426
-11390
-12733
-9953
-18913
-16039
-6526
-14079
-19620
-10438
-13097
-22515
-11534
-5446
-16835
-13611
-5582
-12265
-11569
-4764
-7303
-6882
-1898
-2247
-2750
-893
-1686
-1605
2326
4525
3588
2679
2530
3592
4543
5343
7351
6448
5057
8031
6998
4048
8302
8604
4554
9545
12013
6181
7779
9938
4322
6843
13451
9128
6140
9571
6788
3734
8515
10743
7350
6844
8498
6280
4160
7523
8596
4762
6932
9901
4013
2522
7437
4764
2606
7363
5443
322
2570
2286
-1951
394
2120
-2503
-3913
-3554
-7726
-9709
-6735
-7280
-11195
-10664
-11724
-18656
-16405
-7530
-13002
-20175
-11112
-11332
-22642
-12157
-4749
-18739
-13506
-4732
-14167
-8924
-5067
-12102
-3711
-1658
-5888
520
-1978
-4135
533
-520
3023
5626
1775
2249
3173
3487
4408
5402
6447
3979
6162
8778
3361
5097
8159
3935
7902
11177
5901
6866
8323
4268
6696
11591
8193
5899
10289
8614
3456
7835
11103
6147
6867
10830
6768
3690
6717
6783
5586
8039
8448
5415
4460
5743
4990
3556
5212
5824
3175
2004
990
-649
618
460
-2324
-3150
-4036
-7216
-8702
-7048
-8218
-11435
-10591
-11236
-17725
-16070
-9068
-15906
-18968
-10027
-15215
-22412
-10899
-7293
-17471
-12659
-6565
-13689
-10454
-4533
-9200
-6008
-1202
-5461
-2945
801
-3104
-1026
3227
1960
3088
4651
2944
3241
5212
4871
5800
7099
4772
6421
7973
4604
7363
9228
4910
7838
11032
6757
7892
10411
6014
6311
11220
8463
6195
10835
7655
2540
8281
10143
5421
7169
9122
5317
4471
6532
6589
5390
5669
7353
4647
2499
5552
4128
2160
5295
4198
1273
1678
522
-1194
-765
-199
-1747
-4315
-4872
-6942
-10039
-7765
-7307
-11452
-12016
-13178
-18108
-15139
-8966
-15534
-18313
-11260
-16553
-22141
-10324
-7535
-18201
-12580
-7847
-14360
-9411
-5968
-9409
-5846
-3236
-4872
-2211
-746
-2773
18
2453
2120
4551
4172
1923
4957
5640
3683
6928
6750
4292
8317
7416
3736
8373
8979
4269
8578
11994
6158
7412
10157
5066
6602
12223
9155
6014
10331
7151
3114
10011
10082
5665
7762
8592
5356
4734
7367
6851
4883
6885
7655
3355
2509
5434
4665
2334
5203
5968
-108
1131
2466
-3261
-92
2544
-4924
-3702
-2806
-11660
-8179
-5528
-11297
-8967
-9879
-15013
-17056
-14668
-9431
-14028
-17882
-10494
-14258
-21483
-10172
-7505
-17771
-11720
-5904
-12790
-10229
-5754
-9542
-6379
-1789
-4008
-2814
-55
-1974
-1944
2384
3806
3141
4257
3733
3539
4545
4186
6672
7027
4774
8579
7457
3315
9096
8676
3503
10095
11977
5883
8488
9803
3547
5726
12496
8805
6423
11351
7114
1788
8674
10479
5256
8455
10975
5621
3615
6998
6565
4605
8000
8531
3735
3127
5699
2840
2093
6505
4500
1703
1345
0
-1088
-1743
-520
-1563
-4638
-6396
-7855
-9223
-8558
-8191
-11759
-12640
-12526
-17057
-14738
-9452
-17136
-18708
-8930
-15754
-21901
-8695
-8802
-18705
-10309
-7279
-14556
-8383
-4911
-8852
-4543
-2633
-5501
-1363
-292
-2607
1270
1949
2809
4515
2266
3775
6033
5807
6117
7925
7380
6001
8661
7419
5893
10960
8575
4164
10998
11228
6203
10650
9920
4637
9026
12341
7815
7614
11048
6494
3590
10445
10019
4807
8516
8613
3595
4658
6792
5800
4398
6082
6607
1916
3316
6129
1205
2398
5588
1891
1341
1196
-620
-700
-1729
-817
-1669
-5059
-5686
-9499
-10950
-6186
-8536
-12403
-11323
-15535
-18404
-11252
-9048
-18913
-17962
-8844
-17687
-20631
-5626
-9051
-19681
-9131
-6063
-13959
-7574
-5333
-9307
-4915
-2516
-3211
-952
-256
-2956
-653
3432
3155
3771
3615
2488
3924
4365
5203
7372
4843
4931
8515
5031
4564
9423
6723
4901
11018
10546
5528
8905
9167
3042
9756
15171
4917
8923
13490
1595
6052
12682
6789
7904
9112
7093
6860
4236
6028
8494
3828
6438
8531
1718
3305
6556
2603
3066
6104
2956
284
1515
602
-1227
-623
-597
-2990
-3450
-4376
-8885
-9267
-6572
-8882
-11909
-10442
-13064
-18837
-12570
-8379
-18524
-16431
-8475
-18506
-19633
-6121
-10827
-17889
-8204
-8119
-13630
-6999
-5344
-8905
-4915
-2655
-3356
-852
-846
-2412
-73
2192
2584
3974
4019
3247
4790
4470
4573
7806
6269
5457
9080
6208
5494
10829
6939
4693
12297
10950
5992
10375
9492
4097
9831
13912
7221
7423
11221
4845
3719
11369
9534
4823
8118
8493
3945
4231
7190
5246
4027
7666
5453
808
3531
4267
1352
2757
5169
2448
-1734
485
-125
-5170
110
-15
-7820
-2361
-5027
-14112
-5840
-7822
-14414
-6935
-12475
-18510
-14043
-13075
-12820
-18163
-14614
-8879
-21474
-16967
-3424
-15439
-16952
-4541
-10652
-12336
-3233
-6338
-8055
-1668
-3071
-3940
1540
-297
-2345
2360
2638
2477
5336
3862
3592
5639
4282
5925
8316
5246
6482
9056
4708
6743
11133
5187
6597
13728
8277
6895
12622
6773
4024
13689
13927
6667
10156
12191
3733
6098
15363
9346
4679
11080
7863
2454
8008
8984
4422
6857
8915
4303
2281
4774
4014
1370
3801
5893
1074
-1319
970
-1868
-4051
-540
-1453
-5959
-6950
-7818
-10345
-9727
-8192
-11743
-13320
-12385
-17174
-14625
-8287
-17992
-19841
-8040
-15565
-21476
-6973
-9573
-20667
-10000
-5483
-13505
-8533
-4212
-8537
-5767
-1523
-2484
-1925
572
-358
-1372
3067
2907
679
5621
3414
1312
7454
3703
3277
8818
3833
6467
9916
2953
7337
9771
3681
9508
12053
6005
8521
9931
4721
7629
14210
9819
6623
11878
7432
2839
12322
12425
4353
9318
10803
2657
4951
9444
4838
4982
8911
5742
2402
3734
4291
2524
2699
4963
3404
76
133
-561
-2306
-1631
-1208
-2871
-6009
-7303
-8381
-9846
-7445
-9546
-14098
-11451
-13500
-18596
-9633
-9396
-22913
-13651
-7365
-21633
-14814
-3656
-16181
-17640
-4870
-9100
-12780
-5102
-6316
-8283
-3044
-1867
-2785
-124
-46
-1349
1529
3395
3269
3877
3382
5064
6858
3719
5381
9185
4886
6023
11516
6039
4862
11714
6827
4769
13775
10422
4748
10425
9946
6134
10627
12071
7669
7804
10596
6674
5035
12651
8681
3458
10929
7437
2228
6877
6910
4916
5519
5275
3872
1801
2190
4315
1698
1402
3786
165
-651
743
-2085
-2375
-1141
-3245
-5383
-5473
-7613
-10611
-8515
-7876
-12134
-12009
-11121
-16689
-17131
-8512
-11005
-19670
-12028
-10015
-21419
-13694
-3363
-14542
-15651
-4577
-9346
-12208
-4051
-5557
-7231
-1303
-1580
-3588
-334
48
-1768
779
3648
3759
3758
3262
3619
4512
2955
5677
8834
4740
6313
9706
4309
5113
9974
6090
7303
13135
9093
6546
9232
6516
5528
12115
13570
6950
7379
10056
3977
5797
13955
8921
4927
9965
7180
3319
7123
7329
5501
7946
8537
4200
1948
4219
3091
1757
5671
5463
626
28
-252
-2856
-798
303
-3557
-4465
-5299
-8679
-9310
-7991
-8618
-10781
-11729
-13334
-16124
-14191
-9101
-14288
-20250
-9545
-11513
-23277
-9524
-5401
-20015
-12451
-3425
-12413
-10914
-3604
-7964
-7191
-877
-3169
-3742
740
-963
-2197
1667
2204
2053
3073
3151
4929
4352
2583
5961
6398
3923
8174
8809
3989
7620
9459
4663
8844
12690
7819
8432
10445
6559
7383
12809
11748
7131
9674
10779
4347
7630
13491
6502
5906
11360
5707
3001
7660
6193
4108
7129
6740
2126
2181
4372
1713
1645
5084
2195
-1486
-9
-879
-3489
-2173
-1483
-4479
-5687
-5211
-8720
-11810
-9024
-8267
-11261
-10556
-13160
-19565
-13718
-7515
-16695
-17161
-7967
-16674
-21658
-6203
-6608
-18042
-9550
-4711
-12787
-8291
-3078
-7537
-4162
-409
-4397
-1807
1931
-1862
-567
3177
2108
5721
5673
-394
5472
8111
1572
7688
9972
3532
8360
8326
4158
10089
8062
3923
10966
11439
6161
8199
9275
5539
8239
13842
9362
6139
10613
6839
3203
10372
10279
4504
7464
8370
3259
3939
6873
5061
4390
6454
5217
1541
1740
3873
2249
1860
4493
2143
-1538
-1130
-1726
-1603
615
-1450
-5583
-5638
-4699
-7592
-9505
-7436
-9181
-11783
-8821
-11988
-19255
-13769
-7835
-15788
-16992
-7866
-14890
-23044
-8569
-5303
-18174
-10684
-4065
-14515
-10370
-2649
-8724
-6309
-212
-4097
-3295
1451
-1115
-3150
79
2685
3873
4281
3650
3243
2030
2780
7239
7371
5443
8045
6074
2563
7834
9033
4139
8001
12082
7586
6884
8970
5001
5983
13238
10387
6081
10879
7751
1665
8751
12384
6630
6413
8844
6478
3219
4585
7578
5889
5308
7209
4037
2329
4720
2881
2053
5306
4112
989
1097
-425
-2767
-910
810
-1728
-4496
-5566
-7829
-9479
-6868
-6291
-10834
-11080
-9983
-15740
-15763
-8290
-12146
-18313
-10313
-10073
-21608
-14715
-4592
-14687
-14998
-4143
-9505
-12143
-4328
-7092
-8607
-1357
-1906
-3931
857
90
-4051
226
4313
1972
3307
6202
3578
2358
4239
4736
5687
7257
8017
7319
5231
6010
7709
5850
7497
11980
9061
6189
9077
6185
3610
11493
12951
6330
8974
9297
807
4522
12953
7791
4896
9616
6084
1480
5812
7141
3594
5754
8313
4281
2151
3823
2790
2170
4699
5598
2725
-442
-124
292
-1209
-698
-773
-2433
-2942
-5873
-9613
-8960
-6401
-8480
-12184
-8063
-10627
-22357
-13638
-4771
-19328
-18204
-6584
-16425
-20568
-9926
-9517
-15366
-13017
-6896
-8145
-10640
-6915
-7082
-7447
-1847
-1329
-1447
1198
-3357
-4024
3846
3857
2072
6515
4729
1569
5426
5299
3946
8056
7903
6415
9043
7495
5602
7356
7168
9526
12137
9067
8309
8146
5557
8305
11720
10525
9196
8310
6919
5241
6887
9881
7083
6596
9535
5006
2284
6006
4877
3239
7113
7599
2203
1393
4781
1888
555
6306
4893
-493
832
693
-2314
-1072
539
-2726
-5390
-2981
-4622
-10924
-9329
-6393
-10164
-9106
-7715
-16430
-18443
-8867
-9664
-18154
-14226
-9343
-17805
-18556
-6112
-8353
-18583
-11018
-4278
-10930
-8989
-3861
-8544
-7129
-1533
-2994
-920
764
-4059
-1729
2321
1407
4328
3552
856
4655
3346
2418
7748
5981
4282
7410
5980
5587
6871
5970
7078
8881
9426
8637
6912
5918
5858
8585
11995
10048
8080
8467
5712
5719
9492
10412
7531
7133
8673
5543
5620
7187
5024
6175
8537
7076
4341
4385
3644
2029
4593
6390
3595
1438
1551
-1016
-1722
1271
-859
-1730
-1918
-7235
-9182
-8796
-7281
-7320
-11118
-11198
-12314
-18433
-15533
-7418
-14687
-19713
-10309
-14200
-22697
-10987
-5360
-17817
-15383
-4468
-9541
-11616
-5113
-7228
-8053
-1898
-1132
-1300
-207
-3229
-1755
3438
3438
4040
5121
2601
4629
7036
3294
5548
9917
4961
5599
12086
7178
3048
8208
7886
6743
12272
11978
6675
6345
7062
6415
10328
12987
7841
6513
7812
3587
5044
11367
7493
4548
8063
4313
2445
4618
4730
4302
5004
5288
2690
2945
339
1594
5262
2325
3365
2197
-29
-723
-1626
66
-315
-964
-2283
-5434
-7993
-9416
-7056
-4767
-9744
-11378
-9426
-15012
-15777
-9403
-10543
-17793
-15229
-7699
-14794
-20236
-8939
-8168
-18192
-9211
-2195
-12617
-9644
-3284
-9825
-5629
2503
-2204
-2650
970
-2615
-1453
3933
2964
2708
4247
3056
4543
4779
2208
5349
6680
5426
9566
7229
2122
6518
6616
4563
11020
12104
7090
6409
6479
6431
9182
12046
10497
7448
8334
7162
4101
8267
10796
6475
7819
10080
4544
2479
7013
6146
4184
8745
8095
1676
1137
4561
3423
2882
5521
3471
1310
960
418
-210
-429
-91
-2637
-2364
-3243
-8647
-8065
-6360
-8458
-9608
-8905
-8698
-16339
-19687
-7347
-8927
-19889
-11508
-10643
-21197
-15133
-7719
-12846
-15640
-8881
-5861
-11941
-9087
-4916
-10968
-5496
1771
-3975
-2122
636
-4805
-1986
3194
2537
3768
4694
2947
2631
3506
4269
5130
6033
7316
8215
6729
4249
4990
7689
7670
8372
11400
8677
5145
8176
7605
7122
13453
11245
5689
9517
7545
3294
10296
10982
4294
8334
10227
2699
3907
8439
4456
4426
9520
6373
718
2473
4228
1750
2451
4788
2577
661
907
-2
-2425
-2928
-480
-831
-1644
-3113
-8836
-10035
-6047
-8330
-9040
-3687
-11384
-20350
-15046
-9172
-9092
-14789
-14775
-10082
-17844
-18709
-4148
-9411
-20717
-7006
-3506
-13617
-6095
-4680
-12379
-3076
2052
-3819
12
813
-5033
-970
4502
3447
4294
4927
2374
2830
4618
5593
7518
5986
5380
10042
7690
2773
7895
9191
4974
10638
13730
6158
5575
8354
4663
8150
14556
8828
5642
9524
4708
2435
10103
8607
3577
8106
7495
1526
3826
5695
2253
4512
8818
5129
842
2085
2203
1802
4130
5099
3466
554
-1261
-520
-644
-219
1170
-1632
-3465
-4063
-7447
-7094
-5661
-8219
-8470
-6847
-11173
-15610
-15022
-11420
-9921
-16078
-13236
-8792
-20710
-19499
-5467
-12392
-18813
-6207
-7609
-15572
-7077
-6475
-12145
-3799
813
-4804
-2145
1321
-4433
-3595
3824
3348
1457
5162
5379
1585
1731
4765
5290
4997
8228
9353
4492
3963
8150
5960
5242
12077
11174
5373
8034
8265
3854
9153
13688
7635
7218
10225
4379
3275
10814
9378
4747
9114
9146
1646
3186
8798
2939
3882
11932
4654
188
5020
3991
1651
3273
6525
5426
-2
25
2159
-2390
-1135
3258
-1800
-2265
-1033
-8860
-9743
-3039
-5048
-9369
-7238
-8483
-15573
-16987
-9943
-7309
-13984
-15543
-10779
-15710
-19905
-9563
-7432
-16591
-11941
-5342
-11268
-10583
-6174
-10181
-6833
844
-2452
-3216
350
-4544
-4411
4467
4004
971
5321
5035
1578
3554
4837
4776
6727
8185
8636
6888
4989
5948
5532
6497
11734
11751
6744
6013
6593
4339
6543
12212
9830
5919
8347
4828
856
8441
9527
3105
7691
9182
1017
3181
7016
1669
3564
9475
6444
2559
3455
3690
921
2221
8818
6407
-251
4141
3682
-5435
-568
7781
-298
-5291
580
-3999
-11033
-5124
-1886
-10846
-11127
-1911
-12535
-21520
-9527
-10430
-13793
-9473
-15872
-14160
-13629
-22004
-9850
-5791
-18785
-8578
-3826
-15730
-8257
-6003
-12636
-995
1888
-6510
-351
1663
-6896
-1053
6852
722
3043
9586
1531
-172
7437
3659
2567
10742
9392
5191
7115
5079
3561
8116
9580
9282
9791
7658
5864
3981
4882
11510
11508
5377
7136
7612
1482
3645
9880
7078
3218
8254
7705
520
3012
5497
3180
5702
9353
5214
1462
5336
3904
1370
6878
7766
3049
4599
5069
-764
595
4486
387
-453
4296
721
-7634
-7210
-3326
-5110
-6396
-3716
-7356
-15736
-15397
-11429
-10349
-8456
-12939
-17354
-12183
-16120
-19564
-7292
-9074
-17844
-9058
-6610
-12463
-9445
-9229
-10067
-2955
-233
-3657
-1878
-1903
-8215
-781
5815
-462
6739
5798
-4699
6191
6527
-2489
10743
8786
624
14770
5611
-2763
10090
4685
4859
13683
9106
4886
4844
3873
4039
8920
12554
7127
4354
8177
3175
1270
10395
8006
2537
9137
7723
354
4963
6359
2661
8286
10218
4469
3875
4761
3199
4249
7165
7832
5880
3926
2862
1736
956
1693
3254
2256
-417
-968
-3481
-8440
-6864
-2974
-4994
-5540
-6153
-13754
-17120
-12710
-8894
-7927
-12630
-15892
-12936
-16547
-18188
-8739
-9659
-15632
-8577
-7153
-12861
-8903
-8751
-11751
-2288
1675
-4158
-1608
-2252
-8094
-540
6316
2117
3668
5484
340
2317
5863
2838
5559
9022
6395
8113
6954
1581
5754
7571
5363
12129
11538
3975
6773
5827
1651
9886
12843
4736
6308
8960
329
1413
10176
4930
3315
10358
3789
-302
6123
2400
-38
7215
8277
4382
2800
3140
2578
1791
6153
8578
4850
3524
2730
753
1216
2923
4848
2576
-1089
48
-2716
-6769
-3024
-2509
-6440
-4810
-4896
-11184
-14043
-13994
-13922
-7073
-5670
-16396
-14344
-11045
-23194
-15492
-1592
-14216
-14592
-3012
-12339
-14991
-6491
-9388
-7397
-182
-2433
-2999
-1737
-6003
-4192
2508
2374
3385
6522
1873
-157
3853
2555
3615
9257
7495
4996
6466
3970
3253
6850
6805
7575
9658
6491
5388
5825
1221
3634
11379
8181
4258
7695
3699
-1874
5611
9762
3414
6106
9905
1440
763
6576
2606
4078
10861
7032
3998
6007
3808
2169
5520
9742
8571
4687
5298
3866
-381
2789
7772
3472
-157
5449
395
-8522
90
-4871
-12601
5725
-691
-16381
-4384
-14696
-23567
-4869
-6632
-11183
-9145
-17501
-16681
-17241
-14864
-3869
-11628
-13774
-5438
-13792
-14006
-6520
-9842
-6595
-898
-2738
-2398
-2388
-5980
-4767
1966
5401
5107
4345
1530
744
2093
2006
5881
9535
6801
6261
6940
3623
3436
5222
5471
9692
11379
6175
5221
4273
-816
4490
12451
7901
5295
7613
932
-2895
5728
8825
4356
6914
8365
1534
123
3345
2902
5840
9897
7293
4539
3850
2457
4129
7620
8015
6351
5719
5870
3201
91
3053
6480
4297
3827
3806
-2778
-4946
-418
-4082
-7831
-1611
-1699
-8733
-9923
-12581
-17643
-12803
-4195
-6007
-13048
-14460
-15970
-20292
-14800
-5527
-9937
-13838
-7797
-11697
-15977
-7692
-7854
-8331
67
-1829
-3226
-2099
-7523
-3390
426
1825
10178
3938
-1700
4331
-1909
134
11696
7374
5814
9365
4198
719
4091
7439
4551
6282
13315
7018
2356
6463
1222
2141
11485
9216
6346
7360
1988
-1430
3870
8141
5697
6211
8588
1971
-1521
4595
5520
4222
8210
8684
4198
2554
4332
4235
3837
8022
10148
6294
4890
4951
1154
787
5585
6082
3232
2634
-441
-4842
-3162
-2024
-4907
-2330
-142
-7501
-11926
-10248
-14387
-15099
-4783
-4364
-14770
-13698
-11942
-21553
-18753
-5719
-8387
-13483
-8219
-10849
-16907
-11732
-7953
-8528
-2934
19
-4556
-5765
-4644
-6107
-3370
4099
6221
2404
940
702
-1739
-65
5691
7411
6933
7916
5394
945
2870
6197
4615
7379
12200
7010
2643
5594
3062
805
8322
11659
6016
4827
5743
-296
-856
7880
8444
4966
7480
4276
-733
3460
5377
4009
8180
9512
5436
4214
4106
3221
4860
8264
10092
7534
4407
4730
2655
509
4972
7418
4759
3712
1831
-2696
-4960
-3128
-1679
-3119
-2716
-3279
-8790
-10409
-10313
-15266
-12927
-3916
-6647
-14629
-13683
-15964
-22629
-14516
-4010
-9302
-12050
-9344
-15505
-16195
-7781
-6797
-5847
-341
-2882
-7251
-4906
-4201
-4228
1139
5018
4006
3074
1705
-791
-754
2450
6463
8165
7222
6281
3717
781
3636
7650
7382
8254
9233
5639
3193
4111
3177
4109
10306
11269
5952
4860
2919
-1400
2944
8490
7601
7664
6019
1691
1326
2724
4515
6976
8431
8989
5757
1523
2749
5534
6629
8640
9273
5257
2856
3843
816
2779
9590
3421
921
7318
-2009
-7959
-952
-3578
-3297
1067
-4756
-7156
-8282
-14504
-15142
-12046
-6971
-4006
-11022
-16438
-15901
-18740
-17819
-8619
-5955
-11745
-12005
-10856
-15519
-14120
-7426
-6108
-3508
496
-2942
-6640
-5558
-5281
-2621
3816
5833
3474
1435
-700
-800
2519
5473
7078
8198
7444
4510
1788
1829
4196
6698
8543
9139
7888
5675
3171
1437
3724
9330
11455
8515
5807
3290
-209
1201
7053
8841
7213
7173
5067
1137
1785
4538
5521
8012
10624
7393
2925
3058
4395
4654
6995
10068
8133
4665
2604
2863
4569
4672
4980
3920
3785
2586
-1997
-4593
-4889
-3228
-1868
-297
-2039
-9394
-12831
-14085
-16251
-10563
-3645
-7381
-12897
-15624
-19138
-19336
-12815
-7607
-9793
-9886
-9996
-15295
-14403
-9163
-10720
-7222
2380
-368
-5315
-5155
-6126
-4958
-700
6093
6520
1249
241
-115
-6
3438
5998
7902
9203
5929
3141
3304
2822
4728
8160
9561
10253
7486
2530
2596
3408
4234
10624
12619
7030
4709
3241
293
3430
8521
7879
6149
5960
3129
544
2522
4445
5137
8230
9733
6166
2619
2146
2725
4874
9288
10694
6672
3617
2996
967
1662
6019
6193
3865
3123
-838
-4528
-2694
-2987
-4798
-1183
-473
-6343
-9686
-11689
-15208
-14161
-8283
-4261
-7664
-15051
-17641
-18979
-20077
-11731
-4947
-10259
-12367
-10762
-15101
-13821
-7408
-7343
-4541
781
-2522
-5587
-4636
-6513
-4110
3971
6963
5199
4080
1910
-1300
-28
5376
8520
9140
8532
5233
2488
2950
4497
6401
9049
10638
8778
6006
4981
2612
2038
7837
11209
8282
6816
5365
530
169
5660
7582
6322
7274
5472
767
1088
3790
4705
7001
8561
6470
3987
3040
3097
3897
5947
8530
8421
5875
3875
1907
302
1978
5348
5921
4162
1854
-2244
-5416
-5020
-4727
-3404
461
-1364
-8823
-12291
-13196
-14665
-11247
-5436
-6384
-12474
-16485
-18152
-18775
-15334
-9517
-8573
-11036
-11228
-12292
-14429
-12128
-8876
-7250
-2752
70
-3207
-5762
-6358
-6531
-1200
5697
6087
3974
2186
-1300
-1417
3566
6644
7291
9071
8598
4611
2754
3413
3291
5913
11560
11907
7395
5226
3444
1222
4436
10023
10354
7549
5340
2128
-273
2231
6625
7859
7186
6099
2626
140
2218
3523
4281
7952
7978
5021
4488
2887
1864
4318
8126
10669
7441
4540
5178
529
-551
6402
6820
4297
5096
2320
-2287
-4176
-3647
-2574
-1338
550
-3023
-9777
-10406
-11302
-14513
-10770
-5553
-7332
-11917
-15544
-18126
-18171
-14850
-9862
-7132
-9462
-13038
-13502
-13722
-13374
-8636
-4473
-3804
-2537
-3310
-6871
-6628
-3695
-779
3945
5686
3063
1869
-118
-1666
3179
7246
7502
9266
7573
2895
2780
3680
4717
9368
11611
8745
6228
4702
2507
2265
5451
9335
10672
8168
4438
2059
-56
802
6137
8347
6475
5623
2843
-495
1541
4359
5012
7590
8763
5000
2329
3019
3181
4710
8910
9665
6612
5217
3697
826
1997
5921
6934
6207
4447
-199
-3990
-3692
-1550
764
646
-3243
-5707
-6579
-10360
-12787
-11306
-9810
-7386
-5859
-10492
-16462
-17715
-17330
-15739
-9301
-5207
-10008
-13622
-13136
-15324
-13094
-5927
-4670
-4224
-1622
-4278
-6511
-4529
-4091
-1468
4367
5860
4040
1715
-1261
-448
3443
5892
8720
10091
6631
3324
2468
2889
6549
9641
8068
7192
7569
4362
2139
4267
5415
6483
9658
8173
2695
1134
900
509
5106
8697
5767
3841
3098
-320
553
4919
4936
5386
7781
5608
2728
2815
3162
5051
8110
9813
9043
5523
3354
3231
3066
5717
8242
6795
5510
3277
-1108
-1805
386
1290
1110
-803
-3577
-5940
-8613
-9061
-8001
-9319
-10058
-8831
-8671
-10986
-15906
-17244
-13599
-13361
-12020
-6545
-9538
-15810
-13622
-12299
-11857
-5457
-3999
-6671
-3883
-4371
-8098
-4823
-799
-1261
300
3907
2187
-1665
781
2297
1099
6379
8828
4650
4168
3160
1512
4795
6654
6856
7269
5425
4678
4230
3809
4889
4030
4730
8535
7352
2708
2669
2550
1062
4962
7787
5124
3288
2161
528
2046
5262
5760
5168
5915
5632
3495
3337
5231
5754
6916
9137
7847
4634
3942
4342
4462
6382
7805
5884
3935
2471
51
-686
1077
1556
-243
-647
-2311
-7038
-8052
-7095
-8962
-9844
-9056
-9318
-10664
-12948
-15674
-15705
-13119
-12537
-12189
-10396
-11978
-14432
-12854
-11103
-10316
-7293
-5090
-5148
-4659
-5027
-5002
-2871
-1598
-175
1683
2045
2083
1685
981
1530
3367
5332
6340
6060
4660
3804
4450
5261
6082
7584
7218
5058
5577
5654
3271
4230
5474
4078
5748
6584
2681
1655
3234
2411
3063
5560
4701
2347
2006
1825
1961
3586
4661
5197
5668
4857
3667
3111
4013
6385
6956
6702
7699
5850
2972
4471
6324
5902
6637
6646
4489
3198
2427
1132
723
1505
995
-704
-1741
-3878
-7518
-8548
-6231
-6885
-9605
-10121
-11199
-11514
-11844
-15041
-14603
-11958
-14249
-13079
-8618
-12283
-14358
-10269
-11059
-10044
-4747
-6275
-7529
-3677
-4542
-5504
-1553
-736
-1146
1313
1089
286
2442
2033
1034
4081
5599
4470
4945
4995
3823
3714
4247
5722
7388
6514
5143
5017
4312
4560
5343
4186
4962
7478
5266
2498
3837
2971
1553
4959
6182
2438
1876
2620
370
1939
4879
3041
2671
5467
4832
2219
3685
5101
4549
6728
7836
6929
5474
3594
5232
5604
5223
8046
5549
2330
4609
2124
440
4181
809
-2104
245
-2414
-4798
-5078
-7059
-8992
-9231
-7144
-9650
-12372
-9312
-12113
-15753
-10923
-10025
-14528
-11904
-8805
-12256
-11447
-8699
-10322
-9237
-6265
-6462
-5322
-2998
-4321
-4629
-1887
-1005
-1073
473
1313
778
1215
2108
2564
3539
4396
4104
4033
5239
5682
4310
3897
5326
6203
6241
6070
5452
4752
4514
4859
4752
4853
5962
4326
1847
3368
3116
1068
3963
5133
2174
2907
2965
396
2772
4732
2175
3565
6240
4021
2968
4145
3599
4283
6675
7126
6005
5052
4152
3723
5039
6512
5349
3498
4112
4544
1470
-324
2322
1636
-2427
-1428
-1143
-5491
-5993
-4915
-6945
-7102
-7090
-11593
-12478
-7258
-9049
-14550
-10429
-9927
-16843
-11459
-5767
-10936
-11135
-9373
-10806
-8763
-5530
-5616
-5727
-4154
-3831
-3672
-2226
-1228
-1289
534
2363
1286
1867
3181
1977
2372
5053
5536
4778
4995
4935
4604
4845
5850
6559
6193
5692
5795
5066
5113
6151
3386
2736
6731
5576
2481
3690
2310
-494
2695
4693
1938
1914
2204
-577
-256
3022
2686
1442
3595
3762
1216
2149
4494
3777
3867
6309
6056
4605
5066
4648
3657
5538
7913
5773
3758
4559
2432
465
3036
3522
-288
-921
-319
-3701
-4668
-3128
-5639
-7417
-5997
-8129
-11012
-9196
-8236
-10991
-12078
-10643
-11504
-13235
-10967
-8928
-10906
-10891
-8414
-8991
-9374
-6631
-5747
-5917
-3476
-2560
-3837
-2492
-922
-1227
746
2571
1416
1214
2738
2894
2131
3990
5133
3325
4029
6300
4691
3846
6073
4447
4303
6871
5350
4705
5122
3776
2942
4003
5864
4541
2249
3160
2441
284
2837
4006
894
1606
3200
979
1233
3360
2030
1406
3688
4573
3688
3095
3084
3344
4416
6125
5885
4445
4537
4708
4379
5662
6021
3697
3646
4418
2828
2249
1936
-7
-1031
337
-231
-2972
-3071
-4438
-7136
-6469
-6563
-8684
-9844
-8761
-7753
-10134
-12236
-12292
-12570
-11196
-8168
-8402
-10715
-10445
-9997
-9559
-6797
-5383
-5981
-4632
-3046
-3655
-2672
-411
-1334
-1392
1999
2253
1258
3207
2393
784
3596
5329
4530
5079
5174
3744
3527
4715
4855
4296
5393
6088
4473
4227
4688
2326
2132
5618
5653
3486
3478
2211
-249
887
4020
3630
1866
2876
1536
-1156
1750
3503
1766
3673
4520
2347
2811
3308
2938
4221
5206
5510
5505
4885
4627
4164
4240
5810
5669
4359
5197
4518
1220
864
1700
467
966
1397
-1996
-4355
-4672
-6544
-6315
-3369
-4854
-9914
-11766
-10363
-8857
-8907
-10326
-11439
-12435
-12176
-9326
-8439
-10095
-9899
-9555
-8898
-5499
-4421
-6012
-4578
-3158
-3992
-1785
1032
-622
-1097
1544
1714
2030
4085
2870
1784
4133
5216
4728
4674
4242
3583
3868
5367
5517
4286
4676
4212
2841
4429
5185
3021
2263
3060
3477
3378
2499
1534
675
312
1791
2729
1926
1463
642
-324
1217
2600
2227
3080
3037
2540
2799
2984
4005
4408
5737
6078
4451
5313
5764
3944
4794
7071
5621
4475
4865
3505
3208
3597
1685
726
2503
1169
-2681
-3263
-2830
-4295
-4813
-4638
-6521
-8437
-10582
-10836
-7297
-7726
-11414
-11375
-11290
-12794
-10380
-7654
-9156
-9583
-8597
-8813
-7425
-5753
-6326
-5246
-2251
-1308
-1045
-840
-2413
-1924
1722
2768
2167
3382
2986
1564
2715
3828
4055
4916
4402
3588
4634
4232
2390
3061
4269
3835
4247
4666
3575
2813
2048
1989
3872
3882
2131
1930
881
-325
1393
2414
1523
1631
1500
465
927
2170
2196
2284
3323
3844
3283
2581
2368
3410
5209
5707
5755
5696
4667
4286
4515
4458
5430
6741
5306
3295
3738
3158
1798
1675
910
1302
1478
-1655
-3480
-3649
-4649
-4456
-5710
-7856
-7514
-8692
-8410
-7138
-11356
-11599
-10047
-12680
-8608
-7443
-11492
-8469
-8962
-9811
-5212
-6427
-6441
-2958
-3940
-3041
-1123
-1972
-1420
-952
473
2604
2027
1555
1399
1945
3204
2593
2949
4035
3178
2981
3251
2884
3360
3463
3033
3548
4084
3749
3141
2585
2142
2723
3943
3743
2245
1628
849
-43
2416
4325
1966
742
1535
317
867
3871
3505
3129
3962
2694
2857
4280
4169
4534
5726
5610
5421
5819
4634
4013
5449
5939
5391
5376
4983
3306
2483
3045
2806
1898
1070
182
-1056
-1713
-2706
-4119
-4013
-5006
-5637
-5575
-9463
-10825
-7113
-7275
-9156
-8796
-10721
-11898
-9515
-8417
-8151
-7223
-8057
-8506
-6529
-5879
-6228
-4341
-2963
-2855
-1436
-1148
-2208
-1059
331
160
1561
2766
1691
1670
1782
1166
2219
3680
3412
2832
2538
2780
3386
2362
3023
4036
2692
3031
3783
3042
1426
1078
2933
4058
3614
2184
521
183
1035
1093
1895
3378
2020
143
614
1432
1793
2908
3599
3083
3195
3229
2557
3675
5401
5197
5084
5422
4922
5058
5341
4867
5501
6281
5495
4807
4380
3378
3406
3389
1906
1919
2222
166
-1237
-1226
-3162
-5288
-3622
-2550
-5433
-8820
-10304
-7934
-6037
-8883
-9492
-8299
-11223
-11569
-7153
-7014
-9325
-8084
-8104
-8660
-5858
-5316
-6286
-3623
-2395
-3845
-1999
-276
-2465
-2694
-134
576
1157
2666
1241
-624
1047
2487
2318
2980
3248
2271
1337
1826
3586
3404
2247
3084
3372
3338
4242
2516
577
2866
4139
2459
2432
2614
1060
733
2359
2649
2015
2552
2268
928
1459
2891
1827
2771
5441
3442
2533
4539
4051
3980
5617
5449
5507
6033
4639
4223
5466
5888
5291
5473
5081
4271
3919
2678
3391
3005
918
1575
881
-1696
-2209
-2381
-3770
-3328
-3583
-6877
-8425
-8336
-7755
-6468
-7590
-9357
-9603
-11634
-11257
-6897
-7564
-9624
-7382
-7987
-8937
-5542
-5672
-7375
-4080
-2773
-4136
-1868
-1252
-3967
-2619
243
59
688
1601
1
-356
1344
1451
1238
2388
2692
2215
2029
2126
2814
2460
2229
4342
4601
3184
3616
2373
826
3285
5104
4071
3440
2615
573
372
2952
3655
2180
2495
2001
273
1616
2594
1330
2471
4004
3067
2710
2798
2131
2989
4938
5913
6002
5063
4026
4226
4670
5518
6795
6245
5216
4949
3334
3132
5152
3796
1393
2584
2095
-279
33
-1386
-4377
-3223
-1774
-4137
-5677
-6672
-9027
-7690
-6160
-7854
-7890
-8824
-11873
-10723
-7673
-8314
-8324
-7461
-9025
-8213
-5972
-6732
-6092
-3830
-4045
-3239
-1661
-3210
-3536
-1587
-1250
-274
1575
778
-105
392
-152
454
2801
3275
2833
2787
1521
1515
2952
2786
3347
4519
3602
3192
3920
2381
1429
3337
3973
3508
3289
2263
497
158
1473
1587
2050
2667
1071
261
1003
925
976
2394
3679
3588
3046
3020
2425
2372
4665
6179
5665
5531
5109
3937
4386
6253
6764
5976
5845
5304
4075
4637
4914
2890
2880
4042
1904
597
1442
-1117
-3410
-887
-1471
-4650
-4115
-7235
-10600
-6013
-5191
-9260
-7653
-8674
-13487
-11018
-7795
-8187
-8994
-9701
-8844
-8359
-7543
-6844
-7252
-5730
-3912
-3844
-3053
-2286
-3734
-3589
-987
458
566
711
629
0
361
1478
2065
2656
3173
2809
2070
2219
2858
2839
3245
4596
4630
3795
3822
2640
1236
2831
3966
2966
3335
2683
-138
-238
1337
2173
3167
2141
-46
15
178
477
2556
3050
2440
2858
2230
1886
3104
3255
4144
6085
5413
5320
6212
4886
4778
6796
7398
7109
7708
6473
4433
5128
6229
5774
4662
4466
4216
2595
1713
999
-828
-1080
-692
-2524
-3524
-4342
-8195
-9363
-6267
-6140
-8566
-9355
-10279
-12267
-12631
-10172
-8193
-9195
-9902
-9636
-10005
-8606
-7493
-8197
-6131
-3678
-4628
-4722
-3844
-5028
-3882
-641
-9
76
182
-1025
-1394
413
1608
2157
3423
3040
2443
2715
2283
2522
3772
4621
5133
4944
4492
4435
2602
1678
3887
4643
3842
4421
2956
-646
297
1979
1291
3470
3772
138
-169
992
150
1378
3136
2787
3150
2922
1999
2762
3642
4471
5245
5292
5638
5001
3517
4470
6031
5648
6540
7443
5927
5254
5302
4538
4496
5691
5476
4024
3474
1607
-967
-1167
624
1225
-1408
-3864
-4723
-6607
-8316
-7329
-5127
-5918
-9445
-10683
-10650
-12530
-11076
-7025
-8526
-9778
-7823
-10170
-10608
-7067
-8312
-8078
-3041
-3127
-5356
-4368
-5089
-5296
-1471
656
-199
249
20
-1542
-367
1443
1878
3376
4089
3607
4174
2650
1465
4216
4245
5095
7789
3669
3087
4209
-595
2626
6313
3298
4554
3649
-525
12
1332
1892
2627
2667
2456
327
-440
1359
831
1533
3893
3316
3047
2752
1106
2253
4498
5059
5742
6525
5761
4176
4210
5405
6095
7161
8520
7997
5302
3722
5124
6384
5761
5661
5404
3546
2068
594
-607
-119
324
-1016
-2779
-3308
-5240
-7651
-8215
-8731
-6857
-5096
-8976
-11649
-10797
-13497
-13676
-7705
-7523
-10282
-8538
-10526
-12306
-8249
-8202
-8543
-3584
-3198
-6061
-5081
-5428
-6464
-3059
-232
-317
873
485
-2885
-2255
922
1959
3085
3861
3267
2549
1602
1643
3606
4625
4761
5736
4564
2606
3126
2361
1392
4529
5393
2745
3171
1714
-2191
-275
2312
901
1991
3454
274
-1447
1257
1198
-18
4631
5299
1307
3640
3201
549
4878
6558
5534
7752
6666
4419
5702
6273
6953
8316
8671
8287
6559
5993
6594
6340
6892
7428
6620
4887
2188
873
1657
1476
158
-580
-1519
-3862
-5596
-5782
-7801
-9998
-7774
-6167
-9389
-11505
-12020
-14939
-14346
-9090
-8937
-11142
-9400
-11201
-14142
-9868
-7758
-9246
-4864
-2990
-6904
-5620
-4306
-7180
-3960
1222
419
665
1703
-1379
-1979
973
2242
4221
6008
4069
2407
2212
2215
4138
5349
4995
5750
4568
2293
3180
2878
1180
3678
5158
2003
1577
2441
-835
-1166
2727
1948
190
2852
2062
-1689
-131
1412
215
3191
5192
2542
2794
3208
1489
3702
6368
6038
6069
6315
5948
5226
5738
7749
8329
8788
9290
7648
6510
6305
6504
7116
6475
7393
7355
2458
782
1907
-60
948
2630
-1560
-4163
-3702
-6252
-8037
-7999
-10135
-9352
-6417
-10129
-14003
-12936
-15268
-15701
-9198
-8214
-11761
-11250
-12482
-14117
-10490
-8330
-7792
-4678
-4953
-7268
-5269
-3984
-4655
-2092
629
840
1194
1093
122
349
1414
2612
4525
5431
4305
3458
2742
2256
4294
5552
4840
5705
4652
2069
3547
3379
693
3567
5647
2066
2048
3074
-778
-780
3042
2325
1836
3492
1093
-994
1160
1543
963
3757
5118
3219
2828
3212
3067
4300
5814
7103
7661
6215
5530
5570
5404
7974
9635
8184
8573
7561
4263
6254
8761
6218
6194
7827
4636
2111
2877
1429
-152
1144
683
-1906
-2958
-4144
-6711
-8082
-8782
-10297
-8770
-5368
-9794
-16208
-13317
-12680
-15800
-9918
-7376
-13682
-13156
-10921
-12569
-9730
-7800
-8580
-5750
-3787
-5349
-5611
-4536
-4846
-3245
705
2466
1257
-498
-804
-476
992
3823
4746
3562
2933
2733
1835
1980
3829
4392
4047
5415
4757
2097
2669
2495
1207
4460
6120
3069
2164
1919
-132
817
3658
3391
2392
3117
1905
-81
1447
2800
2340
4075
5318
3555
3002
3676
3749
5093
6654
7066
7685
7300
5807
5441
5869
7366
9463
9201
7915
7192
5189
4180
5837
6799
6914
6828
4636
1874
169
-974
-69
1491
-48
-3251
-5342
-6637
-7626
-8208
-8916
-10394
-10922
-9255
-9761
-13510
-15071
-14846
-14912
-12156
-9314
-10709
-12043
-12366
-13054
-10363
-7313
-7690
-5673
-3269
-5563
-4948
-3010
-4584
-2026
1836
1596
1632
1452
-358
-322
1609
3572
5193
4845
3779
3281
1919
1568
4020
5798
4885
4824
4739
2538
2720
3908
2592
3786
5997
3746
2106
2390
648
914
3472
2945
2205
3405
2447
620
945
1919
2851
3918
4501
4303
3323
3052
3802
4127
5294
7345
6986
5584
6175
6007
4951
6616
8699
7969
7340
7646
5858
4544
5761
6534
6191
6106
4950
2126
1283
1332
406
437
-43
-1827
-3763
-5292
-6490
-7138
-7004
-8471
-11297
-11197
-9271
-10834
-14100
-13908
-12817
-14035
-12188
-8559
-11448
-13779
-10295
-10000
-10081
-6272
-6283
-7033
-3951
-3759
-4710
-2927
-2434
-2174
455
1410
515
931
149
-653
1279
3244
3302
3210
2925
1661
2494
2656
2304
4295
4358
2951
3230
3878
2909
3335
3441
2625
4787
4155
2145
2995
2242
1617
3234
3439
3049
3897
3245
1821
2295
3828
4588
4672
4779
4530
4326
4533
5212
6081
6214
6314
6750
6526
6230
5921
5438
6764
8126
7038
6388
6626
5063
3774
5040
5507
4496
4367
3603
922
-319
234
-841
-1433
-1667
-3603
-5360
-5993
-6718
-8622
-8643
-9541
-12780
-11559
-8645
-10835
-14658
-13790
-12982
-14702
-11633
-7710
-10240
-12267
-10067
-9788
-9123
-6034
-5932
-5510
-2400
-2927
-4152
-1715
-1696
-2506
1224
3316
1307
1112
1690
381
1496
4508
4190
3189
4222
3579
2189
3434
4754
4324
4220
4736
4507
4023
4143
3348
1994
3627
5723
3870
3102
4387
1639
436
4334
4418
2616
4407
3627
977
2219
3672
3255
3798
4783
4421
3613
3898
4322
4172
5182
6722
5888
5100
5746
4846
4446
6612
7060
4839
5646
6193
2923
2326
4254
4444
3584
4070
2550
-429
284
-374
-2064
-548
-1026
-3954
-4553
-5438
-7851
-7133
-6373
-9433
-11516
-10333
-9264
-10229
-12093
-12612
-12470
-13494
-11898
-8236
-9307
-11432
-9661
-9404
-9545
-6023
-4943
-5751
-3071
-2582
-4373
-2243
-1179
-2029
868
2462
863
1392
1334
-228
1327
3491
2953
2906
3864
2810
1894
3037
3229
3532
4947
4307
3774
4657
4057
3304
3110
3453
4988
4750
3192
2890
2596
2572
3179
3704
4009
3020
2732
3114
2372
2647
2797
3105
5155
5392
3413
2984
4205
5275
5015
6295
7464
3762
5235
6187
2374
6734
7525
3647
5404
5498
3147
3647
4010
3069
4132
3538
2404
918
-958
243
-1355
-2441
-936
-3368
-5010
-5317
-7107
-7272
-7517
-8782
-9897
-10618
-9225
-9144
-12341
-11963
-10180
-13054
-11572
-6595
-8943
-10477
-7529
-8661
-8558
-4740
-4879
-4864
-1797
-2417
-3917
-1154
-32
-1345
697
2294
1272
1959
1795
344
2167
4043
3299
2930
3340
3574
2781
2340
3701
4295
3869
4562
4825
3381
3496
3927
2431
3062
5088
4507
2907
3314
2568
299
2658
4270
2140
3069
2711
641
2098
2811
2001
3040
4090
3154
2313
2446
2871
3587
3866
4513
4917
3644
3053
3385
3248
3971
5153
4319
3317
4548
3759
1185
2251
4371
3770
3345
2182
478
1338
289
-105
-83
-1538
-974
-3311
-4011
-3470
-6978
-6899
-4578
-7351
-10492
-8827
-8652
-9682
-9709
-10467
-10279
-10682
-10453
-8025
-7565
-8527
-7415
-7959
-7023
-3387
-4586
-4436
-1397
-2186
-2583
19
-139
-1052
1646
1831
750
2191
1529
579
2664
2986
1445
2847
3408
1735
2452
3143
2361
3237
3794
2810
3033
3800
3842
3314
2483
2887
3999
3785
3054
3004
2465
1558
2091
2681
2247
2742
2455
725
1352
2594
1988
2067
2719
2805
2725
2402
2410
2916
3863
4395
3929
4336
4198
2703
3732
5094
4395
5155
5382
3758
3908
3984
3278
4443
4713
3398
3599
3086
823
878
1967
559
206
765
-1733
-3532
-3578
-4426
-4598
-4331
-4903
-7502
-10412
-8533
-7676
-9566
-7192
-9172
-11886
-8494
-9793
-8899
-5998
-9203
-7692
-4900
-6909
-5192
-4293
-5708
-2590
-2016
-2597
-440
-2022
-2254
598
110
-408
1289
1163
218
1099
1281
547
1631
2482
1907
2294
2605
2312
2408
2515
3678
4526
3916
4140
3676
2382
3296
4277
4124
4250
3458
1988
1738
2935
3234
2172
2742
2532
589
1840
2764
966
1740
2830
2018
2258
2294
1779
1979
2501
3673
4194
3413
2997
2852
2776
3191
3619
4114
4632
4030
2566
2415
3089
3096
3996
4314
2237
1812
2558
1339
1344
1884
107
-289
177
-2084
-3720
-3209
-3522
-4045
-4673
-7279
-9178
-7823
-6789
-8149
-8601
-8642
-10504
-10242
-7682
-8144
-8747
-6472
-7154
-8401
-5546
-5027
-6291
-3689
-3076
-4333
-1248
-1728
-3915
-1143
-1080
-1210
1092
506
-392
339
-64
569
2528
1525
1891
3851
2365
2177
4050
3022
2923
5755
5115
3707
5625
4578
2296
4887
6171
3769
4419
4881
1558
1489
3994
2770
1493
2554
1773
436
1009
865
-124
1029
2454
1196
638
1769
916
201
2355
3470
2638
2679
2962
2213
1665
3334
4402
3443
4054
4427
3114
3117
3976
3431
3959
6250
4788
2129
3177
3004
1686
3549
3638
656
534
314
-2247
-2113
-1915
-3225
-2617
-4091
-7551
-8152
-7056
-6156
-7208
-8572
-8454
-9764
-10088
-8015
-8109
-8690
-7246
-7438
-8305
-6315
-5728
-7189
-5556
-3813
-4304
-3615
-2784
-4261
-4319
-1914
-1732
-1505
-10
-767
-2041
-730
704
106
1506
3057
2019
2174
2998
2524
3716
5009
4215
5605
5913
4875
4589
3181
4317
5574
5100
5046
3961
1769
1574
2775
2052
2539
3206
1564
762
386
-373
139
1379
2054
2133
956
377
1156
825
1400
3216
2891
2774
3490
1863
1541
3537
3686
4076
5079
4031
3424
3854
3692
4127
5017
5419
5047
3869
3318
3185
2814
3557
3849
2020
1184
1280
-1103
-2727
-1083
-1340
-3499
-3802
-4850
-7481
-9053
-8620
-6548
-6482
-8054
-8136
-10565
-12730
-9434
-7968
-8641
-6528
-7674
-10128
-7733
-7252
-8680
-5774
-4089
-5259
-3728
-3327
-5918
-5312
-2790
-2018
-571
847
-373
-1523
-812
-83
1275
3468
4170
3828
3729
3351
3409
4290
5325
6879
7220
6499
6494
4956
3225
5518
7356
5608
6687
5913
1116
1969
3762
2826
3887
4556
2264
484
839
666
797
1748
1994
1607
1563
864
-871
-49
1870
1958
2348
2797
1502
88
526
1974
2661
3050
3791
3343
2413
2387
2129
2481
4418
5652
5063
4004
3042
2152
2223
3299
4026
3929
2701
335
-1230
-1317
-1220
-1413
-1741
-2030
-3330
-6323
-8408
-8070
-6743
-5956
-6888
-8267
-9205
-11309
-11882
-9139
-8051
-8779
-8439
-9389
-10301
-8816
-8717
-8670
-5745
-4849
-5796
-4588
-4761
-6036
-4110
-2001
-971
793
373
-1248
-486
470
1455
3739
4617
4588
5083
4227
3624
5009
6015
6696
7783
7443
6243
5356
4135
4274
6447
7116
5844
4998
3544
1512
1677
2990
3119
3100
2645
473
-721
238
76
-590
911
1824
531
-341
-899
-1516
-515
983
1569
1907
1399
153
-52
940
2138
2801
3078
3756
3661
2173
2078
3614
4341
5292
6319
5171
4028
4116
3283
3421
5572
5534
3559
3004
2552
1108
299
-372
-1212
-838
-618
-1638
-4290
-7504
-8075
-8062
-7259
-4938
-7097
-10809
-11537
-13161
-12665
-8452
-8203
-10519
-9704
-10357
-12004
-9445
-8148
-8904
-6471
-4574
-5157
-5057
-5477
-5747
-2843
170
929
1299
934
-182
316
2565
4512
5403
5735
5581
5015
5237
6297
6328
6191
7793
8815
7714
6874
6247
4518
4387
6632
7182
5992
5382
3470
963
1437
2992
3072
2955
2562
728
-1549
-1415
-159
-301
656
1614
-205
-1951
-1935
-2187
-1528
795
1661
373
-269
647
-1500
-1590
3077
2391
1815
4502
2528
781
2511
2773
3429
5998
6120
4425
3741
3470
2829
4408
6635
4679
3297
3739
1433
270
1256
-512
-1165
260
-1661
-3432
-4314
-7031
-8254
-7731
-8098
-7918
-7604
-10772
-12726
-11909
-13769
-12715
-8109
-9213
-11154
-10059
-11975
-11567
-7467
-7424
-6720
-3217
-4220
-6032
-3951
-3514
-3114
797
2484
1501
1979
1976
1084
3259
5931
5808
6638
7336
6148
6105
5963
6044
7752
8470
8217
7726
6588
5896
5654
5175
5927
7168
5995
4350
3747
2048
704
1713
2672
2019
1308
323
-1495
-2155
-1616
-1319
-908
-13
-243
-1892
-2672
-2495
-2239
-1591
102
1185
0
-519
-771
-1419
696
2841
3011
3608
3561
2519
1564
2861
5587
5122
5571
6402
4068
4256
5074
3877
4480
6425
5807
3906
3325
1456
74
1125
1156
-340
-1106
-2338
-4597
-5266
-6216
-7728
-7337
-8150
-9761
-8356
-8866
-12706
-12633
-11374
-12542
-10319
-7838
-10457
-11257
-9675
-10555
-8854
-5835
-7163
-6490
-3121
-4380
-4779
-1416
-1663
-1396
2221
2281
1485
3605
3397
2862
5809
6333
6077
7575
6579
6680
8383
7310
7073
8824
8231
7751
8586
7005
6341
7437
5811
5220
7119
5438
3163
4138
2561
295
2326
2407
-86
574
-318
-3344
-1902
-935
-3190
-2093
-945
-3345
-3622
-3074
-4232
-2857
-1090
-1786
-1545
-1476
-2441
-1716
-757
203
1686
1389
1258
2330
2129
1803
2546
3547
4597
5424
5020
3901
4186
4487
4110
5804
5639
3124
4203
3201
609
2497
1981
302
1107
-798
-3339
-3438
-4104
-5018
-5155
-6119
-7480
-9001
-10046
-9693
-8888
-9129
-10264
-10472
-11083
-11666
-9399
-7751
-9009
-8681
-7574
-7853
-5662
-4554
-5994
-3432
-1363
-2529
-759
843
-427
812
3157
2704
3534
5405
4402
4554
6306
6085
6332
7580
7585
7577
8032
7780
7569
7686
7775
7809
7455
7434
7261
5414
4115
5077
5069
3839
4046
3176
592
604
1463
193
-118
139
-1389
-2212
-1959
-2683
-3262
-2432
-1647
-2483
-3526
-3260
-3125
-3146
-2106
-1466
-1862
-1741
-1157
-1349
-1143
259
288
177
2112
1878
552
2189
2807
2313
3724
4396
3734
3298
3591
3823
3482
4691
4760
2727
3005
2723
1872
2579
882
-23
198
-1297
-1025
-3056
-5546
-3249
-4811
-7168
-5396
-7486
-9333
-7897
-8095
-8432
-9025
-9347
-9060
-9525
-7680
-6709
-8858
-7262
-5719
-7206
-4106
-2553
-5241
-2393
-164
-2187
224
2113
-223
1528
4639
3277
3882
6099
4607
4695
6655
6341
6874
7906
6932
6550
7257
7366
7311
6944
6848
7570
7175
6136
5922
5045
3995
4769
5136
3807
3195
2334
261
172
1053
-126
-975
-713
-1887
-3437
-3558
-3471
-3921
-4057
-3614
-3852
-4894
-5061
-4968
-5305
-4074
-2922
-4047
-3958
-3119
-3756
-2894
-1256
-1109
-892
-258
-387
-443
267
1669
2542
2233
3192
3111
1717
3062
4050
3624
4707
5316
4131
3734
3634
2824
3654
4404
2964
2157
2190
1080
-23
-346
-1162
-1260
-755
-2431
-3854
-4042
-5673
-6602
-5837
-5678
-5133
-5739
-8477
-8073
-8121
-9267
-5348
-4503
-7277
-5612
-5486
-7080
-4433
-3382
-4154
-971
287
-1850
-890
94
-764
1817
4621
3688
3766
4670
3473
3481
5468
6608
7283
7780
7158
6435
6133
6187
7083
7750
7881
7770
6453
5590
5607
4359
4602
6540
5403
3356
2963
1097
-906
-49
893
-90
-988
-2089
-4460
-5244
-4583
-5316
-4917
-3318
-4449
-6293
-6895
-7598
-7006
-5019
-4146
-4431
-4932
-5432
-5451
-4829
-3730
-2235
-1083
-1140
-920
-626
-1683
-844
1717
2327
2766
4018
2795
1979
3943
3849
4490
7304
6889
5648
5960
5182
4576
5827
6311
6045
6059
5179
3970
2772
1844
1772
2013
1650
510
-886
-2500
-4055
-4120
-4315
-6012
-5102
-4202
-7264
-8703
-8002
-9381
-9101
-5646
-6134
-7923
-6828
-8593
-9228
-5098
-4010
-4680
-2141
-2393
-4933
-2716
-659
-1037
1774
3746
2109
2781
3713
2441
4041
6275
6240
7567
8081
6132
6074
6694
6787
8669
9139
7810
7691
6265
5174
6557
5567
4442
5923
4569
2175
2191
715
-1208
-631
-410
-1625
-2432
-3409
-5434
-6614
-6166
-5988
-6195
-5930
-6328
-8154
-9583
-8644
-7192
-7157
-6698
-6269
-7235
-7095
-6204
-6220
-4748
-2623
-2696
-2406
-819
-1324
-2114
492
2869
2906
4241
5229
4012
4707
6639
6971
8029
9684
9674
9163
9007
8827
8978
9856
10286
9576
8766
7793
6537
5564
5345
4729
3643
2978
1690
-99
-2280
-3142
-2963
-4651
-5199
-5459
-8979
-9883
-8119
-10027
-10311
-8954
-11529
-11704
-9939
-10504
-10024
-9463
-9024
-8131
-8134
-6554
-5800
-6308
-3455
-2356
-2999
-336
412
-116
2301
3202
3135
5533
5981
5551
7204
7474
7641
8741
8782
8822
9490
8942
8531
9155
8166
7887
8271
6881
6475
6481
4205
3511
4890
2952
1290
1576
-270
-1693
-1395
-2306
-3995
-3979
-4539
-6782
-7068
-6642
-8109
-8542
-7512
-8405
-9498
-8945
-9060
-8998
-7808
-7714
-7806
-6703
-6284
-6193
-5009
-3580
-2842
-2418
-1271
-46
484
1572
2905
3700
4834
6010
6619
7063
7792
8721
9099
9687
10696
10385
10030
10631
10128
9663
10208
9624
8941
9033
7670
5974
5901
5369
4153
3756
2683
874
-64
-1253
-2548
-2862
-4061
-5555
-6253
-7260
-7897
-8926
-10239
-10176
-10745
-11744
-10021
-9576
-11800
-11012
-10469
-11325
-8845
-6761
-7733
-7576
-6069
-6365
-5111
-1967
-2227
-1965
811
656
649
3015
2801
2971
5597
5958
5775
6732
6274
6169
7334
7630
7844
7996
7174
6942
6900
6251
6489
6464
5430
5405
5009
3550
3548
3160
1328
1266
1574
261
-412
-1042
-2736
-3428
-3091
-3290
-3779
-4184
-5223
-6272
-5918
-5580
-6022
-5631
-5324
-5632
-5461
-5667
-5501
-4157
-3513
-3280
-2763
-2853
-2392
-1172
-906
-444
971
1344
1200
2561
3159
2373
3261
4454
4496
5247
6001
4941
4931
6192
5671
6202
7117
6043
5775
5781
5027
5117
5251
4669
4528
3881
2928
2558
1864
1590
964
-43
-55
-543
-1351
-2648
-3788
-3274
-3856
-4406
-4326
-6300
-6399
-5253
-7029
-6741
-5851
-8114
-7460
-5945
-6266
-6172
-6971
-6501
-6035
-5977
-3482
-3364
-4731
-3352
-3468
-3251
-192
-518
-1515
760
593
9
2324
1987
1147
3606
3700
2878
4787
4333
3078
4755
5124
4918
6242
5400
4261
5312
5017
4575
5721
5157
4328
4822
3823
3198
3849
2642
2015
3013
2158
1170
1070
-474
-1329
-449
-555
-1137
-1090
-2062
-3583
-3444
-2843
-3225
-3035
-2715
-3529
-3952
-3966
-4335
-4120
-3580
-3165
-2884
-3221
-3388
-3176
-3463
-3172
-1668
-1030
-1585
-1264
-966
-1866
-1075
899
735
761
1719
843
864
2440
2033
2249
4049
3409
2489
3528
3210
2640
4121
4386
3532
4059
3635
2819
3439
3095
3185
3806
2729
3041
2740
801
1905
1809
397
1924
642
-1359
-102
-1299
-2301
-1433
-2736
-3207
-2769
-3927
-4648
-4997
-5710
-5727
-5821
-4850
-4253
-6566
-6557
-5525
-6563
-4697
-2661
-4109
-3836
-2835
-4145
-2585
-329
-1348
-400
1212
299
667
1734
1282
2127
3665
3484
3667
4210
3555
3491
4231
4664
5355
5315
4581
4715
4459
4082
4926
4964
4383
4704
4108
3287
3811
3228
2154
2670
2549
1784
1583
363
-745
-757
-1252
-1298
-953
-1888
-3100
-3846
-4196
-4039
-4047
-4035
-3977
-4585
-5249
-5398
-5214
-4837
-4493
-4277
-4326
-4421
-4341
-4440
-4313
-3647
-3152
-2786
-2171
-1740
-2094
-2324
-1269
-434
90
1363
1388
686
1366
1611
1891
3492
3922
3779
4196
4121
3655
4204
5326
4793
5112
6137
4672
3799
4973
4086
3578
5468
4008
3349
3917
1616
2255
3017
1752
2357
2161
627
285
310
-146
-405
-505
-796
-1498
-1885
-2080
-2792
-3181
-3265
-3476
-3596
-3736
-4209
-4840
-4996
-4833
-4824
-4606
-4260
-4380
-4727
-4672
-4302
-3876
-3262
-2617
-2493
-2511
-1907
-1666
-1378
-307
143
289
824
1262
1304
1503
2026
2273
2645
3059
3061
2809
2806
3086
3017
3073
3457
3219
2714
2758
2597
2183
2132
1949
1709
1670
1264
638
223
-167
-390
-366
-570
-1006
-1425
-1806
-2177
-2368
-2270
-2346
-2739
-2765
-2637
-2969
-3014
-2801
-2787
-2432
-1956
-1887
-1812
-1593
-1629
-1114
-304
-14
351
615
687
894
1593
2137
2383
2709
2795
3260
3502
3335
3731
4226
4139
4435
4778
4022
4029
4212
3908
4298
4133
3681
3350
2696
2273
1989
1806
1563
996
344
-291
-921
-1436
-1755
-2205
-2634
-3131
-3762
-4027
-4642
-5378
-5558
-5344
-4972
-5216
-5426
-5678
-6548
-6016
-4787
-4641
-3998
-3701
-4591
-4064
-2921
-2788
-1645
-465
-993
-526
259
-57
868
1734
1782
2735
3198
2681
2912
3257
3074
3871
4565
4286
4456
4047
3257
3762
4063
3834
4262
3919
2970
2879
2505
1920
2045
1892
1508
1297
607
-288
-873
-1178
-962
-833
-1291
-1661
-2505
-3301
-2986
-2845
-2863
-2704
-2908
-3241
-3496
-3462
-3254
-3029
-2610
-2237
-2169
-2233
-2194
-1956
-1756
-1041
-81
-98
80
354
-92
396
1395
1620
2110
2641
2117
2081
2662
2416
2794
3600
3136
2994
3309
2583
2364
2746
2393
2532
2754
2077
1765
1422
713
826
988
641
536
122
-666
-1041
-1224
-1249
-1050
-1250
-1662
-1873
-2309
-2658
-2434
-2267
-2309
-2190
-2252
-2503
-2536
-2514
-2478
-2118
-1686
-1585
-1586
-1498
-1536
-1408
-881
-558
-400
33
48
-255
131
465
297
706
1071
665
661
849
526
634
904
673
774
880
402
256
310
19
138
383
74
-147
-232
-443
-480
-352
-223
-201
-431
-457
-327
-487
-358
-124
-141
-243
-120
169
67
187
369
343
576
883
1144
1204
1244
1199
1238
1730
1997
1941
1993
1920
1712
1833
2142
2152
2041
2017
1849
1614
1704
1568
1167
1389
1192
763
928
516
167
257
27
-203
-200
-458
-908
-980
-1164
-1370
-1357
-1571
-1773
-1858
-2069
-2217
-2174
-2369
-2546
-2396
-2495
-2642
-2483
-2601
-2797
-2511
-2315
-2326
-2108
-2086
-2222
-1957
-1669
-1528
-1273
-1131
-1140
-952
-802
-668
-372
-256
-55
95
-11
-30
176
333
415
776
653
490
779
802
958
1145
1203
1293
1365
1539
1627
1615
1726
1899
1986
2199
2316
2180
2223
2335
2313
2409
2575
2613
2544
2495
2564
2443
2345
2632
2600
2437
2631
2417
2167
2318
2138
2048
2185
1943
1798
1673
1230
1004
883
593
387
104
-436
-911
-1255
-1837
-2349
-2696
-3382
-3792
-3978
-4578
-4986
-5432
-6201
-6424
-6504
-6314
-5758
-6494
-7005
-6686
-7115
-6346
-4799
-4843
-4911
-4277
-4520
-4017
-2270
-1972
-1483
-92
-142
144
1280
1413
2000
3402
3860
4285
5010
4712
4680
5394
5672
6381
7061
6703
6585
6450
5926
6288
6642
6285
6470
6120
5091
5043
4367
3382
3879
3744
2935
2649
1573
238
-57
-194
-528
-661
-1212
-2250
-3167
-3721
-3891
-3958
-3875
-3836
-4321
-4821
-5077
-5265
-5020
-4465
-4102
-4046
-4111
-4257
-4383
-3927
-3281
-2787
-2170
-2019
-2168
-2017
-1828
-1413
-685
-164
269
600
488
573
861
1048
1830
2492
2366
2458
2335
1873
2380
2897
2728
2950
2834
2122
2083
2040
1574
1725
1841
1358
1224
955
86
-198
-91
-368
-385
-276
-896
-1484
-1500
-1747
-1766
-1336
-1436
-1786
-1830
-2114
-2275
-1848
-1702
-1502
-1187
-1359
-1393
-1386
-1359
-992
-585
-146
120
78
75
141
376
914
1330
1569
1682
1515
1414
1578
1811
2088
2363
2387
2180
2065
1995
1911
2073
2236
2146
2085
1904
1508
1308
1216
1084
1123
1116
815
494
232
-74
-181
-55
-115
-332
-451
-749
-1132
-1089
-986
-1142
-1085
-1088
-1436
-1510
-1545
-1795
-1622
-1413
-1531
-1422
-1447
-1776
-1762
-1620
-1532
-1258
-1194
-1363
-1370
-1390
-1390
-1153
-1005
-967
-829
-834
-909
-793
-714
-669
-478
-368
-344
-261
-301
-388
-293
-176
-74
112
168
91
71
127
276
463
542
568
560
475
565
707
687
826
1021
960
1064
1217
950
1079
1371
1221
1431
1580
1303
1297
1442
1386
1494
1663
1466
1427
1433
1216
1248
1308
1204
1224
1158
900
810
683
500
573
506
304
276
33
-248
-180
-252
-380
-288
-436
-663
-678
-785
-858
-773
-798
-848
-850
-947
-1010
-955
-978
-995
-907
-984
-1055
-931
-988
-1036
-849
-914
-999
-777
-806
-923
-706
-684
-833
-664
-584
-704
-588
-489
-598
-565
-476
-518
-446
-287
-322
-401
-353
-385
-412
-244
-179
-210
-187
-244
-239
-167
-124
-11
36
-49
-5
-9
-90
126
187
121
316
264
122
308
369
322
554
599
415
486
519
451
593
746
668
641
732
618
619
896
824
754
973
769
732
960
759
826
1009
831
863
940
769
769
875
843
857
836
711
606
615
606
496
471
394
309
318
215
110
-23
-183
-164
-161
-236
-319
-518
-642
-617
-636
-662
-737
-873
-931
-1003
-1046
-1034
-1120
-1153
-1148
-1189
-1169
-1231
-1305
-1238
-1189
-1150
-1133
-1204
-1206
-1132
-1072
-920
-817
-853
-782
-681
-605
-447
-348
-319
-221
-78
14
129
247
296
366
472
535
578
664
696
700
782
798
767
812
809
778
799
754
686
685
674
664
664
644
615
554
500
479
436
434
468
422
378
347
272
318
404
375
383
350
227
241
283
260
338
348
267
323
320
250
306
315
254
305
306
224
246
202
127
152
161
129
62
45
-18
-140
-128
-160
-256
-238
-311
-436
-480
-625
-738
-739
-818
-882
-899
-996
-1127
-1197
-1237
-1283
-1262
-1231
-1299
-1342
-1362
-1418
-1346
-1209
-1137
-1041
-975
-975
-898
-770
-605
-392
-257
-100
82
125
311
590
646
862
1141
1114
1244
1454
1424
1547
1740
1755
1791
1812
1775
1735
1679
1689
1656
1491
1383
1272
1069
955
865
660
489
371
205
42
-67
-218
-464
-595
-619
-808
-919
-867
-1060
-1194
-1068
-1176
-1276
-1140
-1192
-1240
-1062
-1051
-1137
-1009
-900
-906
-731
-555
-586
-511
-379
-319
-132
7
65
160
165
261
364
368
565
614
505
681
709
589
702
749
702
678
659
658
531
472
502
365
331
324
130
77
22
-170
-186
-208
-367
-415
-476
-647
-708
-750
-862
-885
-885
-966
-984
-946
-972
-966
-867
-830
-818
-689
-620
-618
-455
-324
-266
-61
92
120
282
439
513
724
901
958
1072
1159
1201
1305
1400
1456
1503
1506
1493
1484
1464
1441
1407
1347
1262
1172
1062
923
829
719
576
498
341
129
22
-124
-289
-343
-470
-653
-742
-854
-977
-1027
-1085
-1169
-1248
-1286
-1335
-1403
-1388
-1391
-1433
-1375
-1351
-1359
-1277
-1230
-1208
-1107
-1022
-962
-856
-754
-684
-586
-472
-398
-279
-170
-119
14
80
103
247
287
306
464
466
442
574
512
495
609
540
538
580
506
491
504
480
483
481
446
415
380
343
340
340
322
343
351
310
344
383
352
393
440
390
402
448
416
454
532
520
549
594
556
558
580
555
555
539
506
484
423
382
367
307
267
248
163
88
44
-32
-89
-133
-195
-274
-350
-402
-483
-544
-572
-638
-695
-705
-756
-791
-762
-785
-796
-771
-806
-822
-805
-820
-800
-768
-763
-732
-712
-696
-643
-614
-585
-529
-522
-513
-462
-440
-404
-322
-281
-241
-170
-144
-100
-20
8
57
134
156
214
301
342
424
499
538
591
617
661
703
736
812
841
845
902
888
868
930
883
867
892
814
809
797
745
740
689
638
598
514
470
426
336
304
248
142
106
30
-78
-107
-190
-298
-322
-410
-511
-512
-586
-660
-651
-730
-797
-775
-838
-880
-849
-912
-954
-930
-970
-975
-941
-965
-959
-936
-940
-905
-861
-821
-755
-693
-637
-575
-507
-420
-322
-218
-114
-25
62
158
259
380
505
630
753
861
953
1048
1139
1242
1350
1437
1518
1573
1603
1662
1711
1731
1761
1738
1665
1603
1514
1408
1331
1221
1087
952
779
593
437
262
85
-86
-299
-522
-733
-952
-1150
-1323
-1514
-1715
-1909
-2137
-2375
-2552
-2739
-2935
-3034
-3178
-3295
-3214
-3220
-3205
-2968
-2874
-2792
-2488
-2323
-2133
-1734
-1469
-1190
-765
-505
-217
234
549
873
1342
1647
1900
2281
2515
2708
3044
3233
3368
3594
3645
3652
3747
3708
3664
3665
3520
3351
3192
2932
2694
2480
2201
1934
1647
1296
966
644
303
5
-287
-609
-920
-1221
-1520
-1791
-2014
-2204
-2395
-2554
-2682
-2828
-2932
-2960
-2998
-2989
-2913
-2889
-2837
-2717
-2643
-2519
-2310
-2161
-1978
-1741
-1583
-1386
-1131
-944
-713
-440
-258
-46
195
363
575
809
962
1134
1292
1376
1483
1601
1678
1779
1870
1900
1917
1910
1879
1854
1821
1793
1735
1641
1553
1419
1279
1176
1027
897
782
613
476
324
166
40
-121
-226
-357
-544
-601
-747
-907
-880
-1000
-1102
-1046
-1165
-1211
-1142
-1206
-1165
-1089
-1108
-1041
-983
-951
-854
-776
-681
-571
-496
-398
-305
-240
-141
-33
35
117
210
243
294
375
389
434
493
465
486
512
464
493
510
458
475
447
372
374
327
264
281
218
148
147
63
-5
0
-72
-118
-114
-185
-216
-205
-250
-241
-217
-238
-218
-205
-222
-199
-178
-162
-123
-98
-76
-48
-30
12
60
94
153
194
214
268
302
331
385
409
423
453
456
466
488
494
488
478
453
418
379
344
299
243
195
139
69
19
-36
-102
-140
-196
-259
-301
-358
-400
-428
-462
-477
-510
-532
-525
-571
-568
-544
-588
-551
-516
-553
-510
-491
-506
-446
-414
-395
-339
-327
-310
-272
-250
-206
-158
-125
-82
-54
-32
5
31
51
91
123
147
191
225
246
286
314
323
347
364
371
394
413
419
430
434
424
423
423
412
401
389
360
328
294
250
209
170
131
104
80
49
26
4
-29
-47
-60
-76
-76
-76
-78
-65
-53
-43
-19
-3
12
39
57
78
108
125
144
161
166
171
173
165
162
154
146
144
136
129
115
92
71
44
10
-13
-44
-85
-115
-151
-203
-242
-284
-338
-376
-408
-447
-467
-487
-511
-521
-536
-555
-557
-557
-551
-539
-520
-485
-466
-442
-389
-362
-334
-280
-243
-198
-141
-96
-39
10
49
106
154
202
260
304
344
378
398
417
432
445
459
472
484
490
497
499
492
490
479
457
443
423
391
370
340
300
274
242
199
171
133
87
60
25
-15
-38
-73
-110
-127
-149
-168
-168
-173
-179
-173
-176
-180
-174
-173
-170
-157
-147
-138
-122
-110
-99
-81
-69
-62
-48
-37
-27
-12
2
5
11
11
5
5
5
0
-2
-4
-10
-13
-19
-29
-40
-58
-76
-91
-109
-125
-140
-155
-165
-175
-179
-183
-191
-194
-196
-199
-194
-185
-179
-164
-145
-133
-108
-88
-76
-53
-37
-27
4
19
29
56
61
67
88
85
89
106
105
116
132
134
142
150
148
147
144
138
132
123
115
106
94
85
72
60
47
34
24
15
7
-1
-6
-12
-11
-8
-4
1
5
10
20
30
41
51
62
72
84
95
105
114
125
135
146
157
162
164
163
161
155
149
140
130
118
106
92
77
59
37
13
-13
-38
-62
-88
-111
-134
-155
-176
-193
-210
-226
-239
-248
-258
-265
-270
-273
-273
-271
-267
-259
-247
-235
-219
-207
-195
-183
-170
-154
-135
-110
-84
-56
-29
-6
13
30
46
64
84
105
127
148
167
183
200
215
226
229
229
230
231
230
225
223
220
214
203
187
170
152
131
111
91
72
51
33
15
-1
-15
-32
-51
-71
-92
-108
-122
-131
-139
-144
-147
-147
-151
-154
-157
-158
-159
-153
-146
-136
-126
-116
-108
-100
-93
-85
-75
-64
-48
-33
-16
1
16
32
46
57
68
80
89
101
110
120
129
135
139
141
142
143
143
143
142
143
140
139
132
126
117
106
96
84
71
55
39
21
5
-11
-27
-44
-60
-76
-90
-100
-110
-119
-128
-138
-147
-155
-160
-161
-161
-156
-150
-142
-131
-121
-111
-101
-90
-79
-68
-56
-46
-38
-30
-23
-16
-10
-3
5
11
20
28
34
40
45
49
52
56
61
64
68
71
73
75
76
77
75
75
72
65
58
49
40
33
26
22
21
20
19
17
15
14
11
11
8
4
1
-2
-2
0
1
1
0
-1
-4
-8
-9
-11
-11
-10
-5
-2
1
6
9
11
12
12
15
17
21
25
28
29
26
22
15
8
1
-4
-11
-16
-21
-26
-31
-36
-40
-43
-45
-47
-49
-50
-52
-54
-56
-56
-58
-59
-60
-60
-59
-58
-53
-47
-43
-38
-36
-33
-28
-20
-10
1
9
16
21
25
27
28
30
32
36
41
44
50
54
59
61
61
59
61
60
61
59
54
48
44
42
39
33
25
15
10
7
6
4
3
0
-3
-4
-8
-13
-15
-19
-22
-24
-25
-25
-24
-22
-23
-21
-20
-17
-15
-13
-11
-10
-9
-7
-7
-5
-3
-3
-3
-2
-3
-3
-1
0
-1
-1
0
2
5
6
6
8
7
8
8
6
4
1
-2
-4
-10
-15
-20
-23
-25
-26
-26
-26
-28
-31
-35
-38
-38
-37
-38
-37
-38
-37
-36
-34
-34
-32
-31
-29
-28
-24
-20
-17
-13
-8
-1
7
16
23
31
37
45
55
63
72
75
76
76
77
77
78
79
81
80
78
77
76
77
77
70
60
46
35
29
25
19
11
0
-9
-17
-23
-30
-36
-43
-47
-49
-51
-53
-56
-57
-59
-61
-63
-66
-69
-72
-74
-75
-74
-70
-66
-63
-62
-62
-61
-58
-53
-48
-44
-39
-37
-32
-27
-21
-13
-8
-1
6
10
17
26
34
43
51
54
58
61
64
65
66
64
63
63
63
64
65
64
62
58
54
49
42
37
31
27
21
16
10
3
-3
-8
-14
-16
-19
-22
-25
-28
-32
-35
-39
-41
-42
-41
-40
-37
-35
-34
-31
-28
-28
-26
-24
-21
-17
-13
-8
-3
1
4
7
10
12
14
15
17
18
17
16
15
16
15
15
16
17
17
13
13
15
14
9
3
0
0
-2
-4
-4
-6
-5
-9
-11
-14
-16
-19
-18
-19
-18
-17
-17
-17
-19
-18
-20
-21
-21
-20
-20
-21
-19
-16
-14
-13
-11
-7
-5
-3
-1
0
2
5
8
10
13
14
14
13
14
12
13
14
14
16
18
19
19
19
20
20
19
19
18
16
15
15
13
11
10
7
6
6
5
5
5
6
5
5
3
4
5
6
6
7
7
8
8
9
8
8
8
9
8
7
5
3
0
-3
-6
-7
-10
-11
-12
-13
-14
-16
-17
-19
-19
-21
-22
-23
-24
-24
-25
-27
-27
-27
-27
-27
-25
-26
-25
-22
-22
-21
-19
-17
-17
-14
-13
-10
-7
-4
0
2
5
8
10
12
14
17
17
19
20
21
22
23
23
24
24
22
23
23
22
22
20
19
18
17
15
13
11
9
7
5
3
2
0
0
0
-2
-3
-5
-8
-8
-8
-8
-6
-5
-3
-3
-2
-2
-1
-2
-1
-1
2
0
2
2
2
2
3
3
5
4
6
6
6
6
6
6
5
3
2
1
0
0
1
0
0
-2
-3
-5
-8
-11
-13
-14
-15
-16
-16
-16
-17
-16
-17
-17
-18
-19
-20
-19
-19
-19
-19
-20
-20
-19
-18
-18
-15
-12
-10
-8
-6
-4
0
1
4
7
11
15
17
22
25
26
28
29
29
29
29
29
29
30
31
31
32
33
32
31
30
26
24
20
19
15
12
9
6
4
2
0
-2
-5
-7
-10
-14
-16
-20
-22
-23
-26
-27
-29
-30
-30
-31
-31
-31
-31
-28
-28
-26
-24
-21
-18
-14
-11
-9
-7
-6
-4
-4
-3
-1
1
2
5
6
7
7
9
10
9
9
10
10
11
10
11
9
10
11
9
8
8
6
6
5
3
3
1
-1
-1
-2
-3
-2
-2
-1
-2
-2
-2
-1
0
-1
0
1
2
0
2
2
4
6
8
10
11
12
13
14
13
14
13
11
11
10
8
7
8
6
5
5
5
4
5
6
4
4
3
1
2
0
-1
-3
-5
-9
-10
-13
-16
-19
-20
-21
-22
-22
-23
-22
-22
-22
-21
-20
-19
-17
-15
-12
-10
-8
-7
-4
-4
-3
-2
-1
1
1
2
3
4
5
6
7
8
8
9
9
9
8
8
8
8
9
9
10
10
11
10
10
10
10
9
10
10
10
8
7
5
4
3
1
2
1
1
1
1
0
-1
-1
-1
-2
-1
0
0
0
1
1
0
0
-1
0
0
1
2
3
4
4
4
4
4
4
3
3
3
3
2
2
1
0
-1
-1
-3
-4
-7
-8
-8
-9
-9
-8
-10
-11
-12
-13
-15
-14
-15
-15
-15
-14
-14
-12
-13
-13
-12
-11
-10
-9
-7
-6
-5
-4
-3
-2
0
0
2
3
4
5
6
7
8
8
9
10
11
12
12
12
12
11
11
12
11
12
12
11
11
10
9
8
8
8
8
7
8
7
6
5
6
4
4
3
3
3
3
0
-2
-3
-5
-6
-6
-7
-6
-3
-4
-4
-3
-4
-4
-3
-3
-2
-2
-2
0
0
0
1
1
2
2
2
3
2
2
1
0
0
-1
-1
-2
-2
-2
-3
-3
-4
-5
-6
-7
-8
-8
-8
-9
-8
-9
-9
-10
-10
-10
-9
-9
-10
-12
-11
-11
-7
-7
-6
-4
-3
-2
-2
0
-1
0
0
1
2
2
3
2
4
3
5
6
6
7
8
9
10
10
11
10
10
10
9
9
9
8
8
8
7
7
7
7
6
6
6
5
6
6
5
5
4
4
2
1
0
-1
-2
-3
-2
-4
-3
-4
-4
-4
-4
-4
-5
-5
-4
-5
-5
-5
-3
-3
-1
0
-1
0
0
0
-1
0
0
1
0
0
0
0
-1
-2
-3
-4
-4
-4
-4
-4
-4
-5
-4
-4
-5
-5
-6
-6
-6
-6
-6
-7
-6
-5
-5
-5
-5
-4
-4
-3
-3
-3
0
-1
0
1
3
2
4
4
5
5
6
6
7
7
6
7
9
8
8
7
8
7
7
7
6
4
6
7
7
7
8
6
6
5
4
4
3
2
1
0
0
-1
-2
-3
-2
-3
-3
-3
-3
-3
-4
-5
-5
-3
-4
-4
-3
-4
-4
-5
-4
-5
-2
-3
-1
-2
-2
-3
-3
-2
-3
-2
-2
-1
-1
-1
