SAMPLES:	15871
BITSPERSAMPLE:	16
CHANNELS:	1
SAMPLERATE:	16000
NORMALIZED:	FALSE
0
1
0
0
0
1
0
-2
-1
-1
-2
-1
-1
-1
-1
-1
-1
-1
0
0
1
0
0
0
0
-1
-1
-2
-2
-2
-3
-3
-3
-3
-3
-3
-3
-2
-2
-2
-1
-2
-1
-1
0
1
1
1
0
1
1
1
1
1
1
1
1
1
3
2
3
2
1
1
1
1
1
2
1
2
3
1
2
1
1
1
1
1
1
0
1
1
1
0
0
-1
-1
-1
0
0
0
-1
0
-1
-1
-2
-2
-2
-3
-2
-1
-1
-1
-1
-1
-1
-1
-1
-1
0
0
0
0
0
1
0
0
0
0
-1
-2
-1
-1
-1
0
0
0
0
0
0
1
0
1
1
2
3
2
4
3
3
2
1
0
1
0
0
-1
0
-1
0
-1
-1
-2
-2
-2
-2
-2
-1
-2
-1
-1
-1
0
0
1
1
2
2
2
3
3
3
3
4
3
3
3
4
3
1
1
0
0
0
0
0
0
-1
1
-1
-1
-1
-1
-2
-1
-1
0
0
0
-1
0
0
0
-1
-2
-1
-1
0
-1
-2
-2
-2
-2
-2
-2
-2
-3
-3
-2
-3
-4
-2
-3
-2
-2
-2
-1
-1
-1
0
1
1
1
2
1
2
3
3
3
4
5
3
4
3
3
3
3
3
4
4
4
5
3
2
2
1
1
1
0
1
1
0
0
0
-1
0
-1
-1
-1
-1
-1
-1
-1
-1
-2
-2
-3
-1
-2
-2
-3
-3
-2
-2
-2
-1
-3
-2
-2
-1
-2
1
0
0
0
1
-1
1
1
1
1
1
1
0
0
0
0
0
-1
0
0
0
0
0
0
0
0
0
0
0
-2
-2
-2
-2
0
0
0
0
0
0
0
0
0
0
0
-1
-1
-2
-2
-3
-1
-1
-1
-1
-1
-1
-1
-2
-1
-1
0
-1
0
0
-1
-1
0
1
1
2
2
4
4
2
3
2
4
4
3
3
2
2
1
0
1
0
0
1
1
0
2
0
0
1
0
0
0
0
0
1
1
0
0
0
0
0
-1
0
-1
1
0
0
-1
-1
0
-2
-2
-2
-3
-4
-4
-3
-5
-6
-5
-7
-9
-10
-12
-11
-10
-7
-6
-4
-2
0
1
2
1
2
3
3
3
5
5
6
7
5
6
6
6
5
5
4
4
3
3
3
5
5
5
6
4
4
4
4
6
4
5
5
5
5
3
4
2
0
-2
-2
-3
-4
-4
-4
-5
-4
-5
-3
-5
-5
-5
-6
-6
-6
-6
-6
-5
-4
-3
-3
-1
-1
0
1
0
1
1
1
2
2
1
1
1
1
1
0
0
0
-1
-1
0
0
0
-1
0
0
1
0
1
0
0
2
1
1
2
1
1
1
1
1
2
2
2
2
2
2
0
1
-1
-2
-2
-2
-2
-2
-2
-2
-2
-2
-3
-2
-2
-1
0
0
0
1
0
1
2
2
4
3
4
4
4
5
5
4
3
2
0
2
1
-1
0
0
0
-1
-1
-1
-1
-1
-1
-1
-2
-2
-3
-4
-3
-3
-3
-3
-3
-3
-3
-3
-4
-2
-1
-1
-1
-2
-1
-2
-1
0
0
0
1
0
1
1
1
2
2
2
4
3
3
3
3
3
3
3
2
2
2
2
2
4
3
3
3
4
4
3
3
3
2
2
2
1
0
1
1
0
-1
-1
-2
-2
-2
-3
-4
-5
-4
-4
-4
-4
-4
-4
-4
-4
-4
-4
-3
-3
-3
-2
-2
-2
-1
-1
-1
-1
0
1
1
1
0
-1
0
0
1
1
1
1
2
1
2
4
4
4
3
3
4
4
3
4
4
4
3
2
1
0
0
-2
0
0
0
0
1
0
0
0
-1
-1
-3
-1
-2
-3
-3
-3
-2
-1
-1
-1
-1
-1
-1
-1
-1
-1
-1
-1
-1
-1
0
-1
0
0
0
1
1
2
1
1
1
1
1
1
1
1
2
2
3
2
1
2
2
2
2
1
2
2
2
1
1
0
-1
0
0
-1
0
0
0
-1
1
-1
-1
-2
-2
-3
-3
-3
-4
-4
-5
-5
-4
-4
-4
-3
-3
-1
-1
0
0
0
0
0
0
0
1
0
0
1
1
1
1
1
1
1
0
0
1
0
0
0
0
1
1
2
3
3
2
3
3
3
2
2
2
2
2
2
2
3
2
1
1
1
0
0
-2
-1
-1
-3
-4
-5
-6
-7
-7
-8
-8
-8
-7
-6
-5
-4
-3
-2
-2
-1
0
-1
-1
1
3
3
4
4
5
5
5
4
3
3
2
1
0
1
0
1
1
1
1
1
0
0
-1
0
1
1
1
2
2
3
3
3
4
4
4
5
5
5
5
4
2
2
0
0
-3
-3
-5
-6
-6
-6
-5
-5
-5
-6
-5
-6
-6
-5
-5
-5
-5
-4
-3
-2
-2
-1
-1
-1
0
-1
0
0
1
2
2
3
2
2
2
1
0
0
1
1
2
3
4
4
5
5
5
5
5
5
5
5
3
2
2
2
2
2
1
1
0
-1
-1
-1
-2
-2
-3
-3
-4
-4
-4
-5
-5
-5
-5
-5
-3
-4
-3
-3
-2
-2
-1
-1
-2
-1
0
0
0
0
0
-1
-2
-1
-1
0
-1
1
0
0
-1
0
0
0
0
1
1
1
2
2
3
3
3
3
4
4
4
5
3
3
2
3
3
2
2
2
1
2
0
0
-1
-1
0
-1
-1
-1
-3
-2
-3
-3
-3
-3
-1
-2
-1
0
0
1
1
1
1
1
1
0
-1
0
0
0
0
0
1
2
1
1
1
1
1
1
0
0
1
0
1
1
0
0
0
0
0
0
0
0
0
0
0
0
-2
-1
-2
-2
-2
-2
-3
-3
-3
-3
-3
-2
-2
-2
-2
-2
-3
-1
-3
-2
-2
-2
-1
-1
0
0
1
2
1
2
1
1
1
2
0
1
2
2
2
2
2
2
2
2
2
1
1
1
1
0
1
1
0
1
1
1
1
1
0
0
0
0
0
0
-1
-1
-1
-1
0
-1
-1
-1
-2
-3
-2
-2
-1
-1
0
-1
0
-1
0
1
0
0
0
-1
-1
-2
-1
-2
0
0
0
-1
0
1
-1
0
0
0
0
-1
0
1
0
-1
1
1
0
2
-1
1
0
2
1
1
1
2
1
1
0
1
0
-1
2
-3
3
-4
1
-2
0
-1
-2
0
-2
-1
0
-1
0
-2
0
0
0
0
0
0
0
-1
0
0
0
0
0
0
0
1
1
1
0
0
1
0
1
0
-1
0
0
0
-1
-1
-1
-1
0
0
-1
0
-1
0
0
0
0
0
0
0
1
0
1
0
0
0
0
0
-1
0
0
0
0
0
-1
0
0
0
0
0
0
1
0
0
0
0
1
0
0
0
0
1
1
1
1
1
0
1
2
1
1
1
1
1
1
1
0
1
-1
0
0
-1
1
0
-1
2
-1
1
0
-2
3
-3
4
-2
2
-1
0
-1
0
0
0
-1
0
0
-1
0
-1
-1
-2
-1
-2
-1
-1
-1
-1
-1
-1
-1
-1
0
0
0
1
1
2
1
1
1
1
0
0
0
0
0
0
0
0
0
0
0
0
0
0
1
0
0
0
1
0
0
0
0
0
0
0
0
1
1
0
0
1
0
0
0
0
0
1
0
0
-1
1
0
-1
-1
0
0
0
0
0
1
0
1
0
0
0
1
0
-1
0
-1
0
0
-1
0
0
0
-1
1
-1
1
0
0
1
-1
0
2
-2
1
0
-2
2
-5
2
-4
0
-2
-2
-1
-2
-2
-1
-1
-1
-1
0
0
1
1
1
1
2
2
2
2
1
1
0
1
0
-1
0
0
0
0
0
0
0
-1
-1
-1
0
-1
0
0
1
0
0
0
1
1
2
2
3
3
3
3
4
3
4
4
4
3
4
2
2
1
1
0
0
-1
-1
-3
-1
-2
-2
-2
-2
-2
-2
-1
-1
-2
-3
-2
-1
-2
0
0
1
1
1
1
1
0
-1
-1
0
1
1
2
0
0
0
-1
-1
-2
-2
-2
-4
-3
-4
-3
-3
-3
-3
-3
-3
-2
0
-1
0
0
1
0
1
1
1
1
2
2
3
3
4
5
5
6
6
6
4
4
2
0
-1
-1
0
-1
-1
-1
-2
-2
-2
-3
-2
-2
-1
-3
-2
-1
-2
-2
-2
-1
-1
0
0
-1
1
1
1
1
1
1
1
0
0
0
0
0
0
0
0
0
0
0
0
0
1
1
2
1
2
1
1
0
1
0
-1
-2
-1
-2
-4
-3
-3
-4
-3
-3
-3
-3
-4
-2
-2
-1
-1
1
0
0
0
1
0
0
1
0
1
2
2
2
2
2
0
1
2
1
1
1
3
1
3
3
4
3
4
4
3
2
2
3
1
0
1
1
0
0
2
2
3
4
3
3
3
4
3
3
2
1
1
1
0
0
-1
-4
-8
-11
-16
-24
-31
-41
-49
-57
-65
-70
-74
-77
-77
-75
-70
-64
-52
-42
-29
-16
-3
12
25
39
54
68
82
95
103
108
109
106
100
91
81
70
59
47
35
25
11
1
-9
-20
-28
-34
-37
-38
-35
-28
-20
-9
5
19
35
53
74
94
116
137
163
190
215
233
252
261
256
235
200
153
95
25
-48
-125
-210
-308
-424
-561
-709
-862
-1003
-1122
-1232
-1315
-1358
-1330
-1220
-1055
-830
-596
-349
-80
176
433
677
896
1104
1312
1499
1663
1802
1878
1911
1898
1819
1700
1546
1348
1135
899
633
374
99
-185
-457
-741
-1012
-1246
-1470
-1659
-1825
-1971
-2059
-2102
-2091
-2002
-1868
-1672
-1412
-1134
-819
-476
-136
232
597
936
1285
1597
1856
2118
2336
2490
2616
2662
2640
2574
2413
2202
1987
1715
1407
1095
745
379
19
-350
-719
-1084
-1452
-1797
-2116
-2442
-2764
-3041
-3231
-3345
-3400
-3389
-3316
-3166
-2942
-2667
-2313
-1923
-1521
-1060
-612
-182
264
657
1004
1329
1582
1806
1990
2077
2132
2150
2074
1988
1872
1697
1538
1348
1136
993
826
688
655
610
653
794
936
1192
1484
1734
2097
2428
2675
2972
3164
3213
3226
3071
2773
2404
1847
1181
462
-422
-1362
-2283
-3305
-4300
-5181
-6073
-6853
-7478
-8094
-8497
-8659
-8717
-8457
-7935
-7331
-6401
-5239
-4011
-2497
-867
709
2422
4090
5610
7119
8380
9358
10221
10738
10925
10947
10607
10001
9278
8253
7065
5850
4416
2951
1544
-8
-1466
-2790
-4164
-5323
-6342
-7344
-8070
-8651
-9147
-9314
-9342
-9256
-8847
-8340
-7658
-6688
-5722
-4582
-3268
-2027
-629
780
2039
3373
4576
5598
6628
7411
7970
8453
8621
8621
8525
8098
7568
6900
5989
5107
4091
2940
1873
699
-449
-1446
-2537
-3513
-4316
-5161
-5801
-6266
-6754
-7023
-7144
-7246
-7062
-6779
-6485
-5912
-5263
-4563
-3634
-2704
-1764
-664
317
1273
2296
3054
3774
4470
4874
5220
5419
5361
5288
5056
4651
4244
3641
2978
2336
1530
803
76
-724
-1357
-2040
-2700
-3171
-3652
-3954
-4055
-4130
-3908
-3489
-3006
-2229
-1376
-511
584
1608
2632
3812
4688
5421
6161
6544
6924
7171
6912
6661
6221
5454
4804
3820
2572
1496
165
-1216
-2461
-4014
-5556
-6897
-8285
-9428
-10467
-11558
-12238
-12603
-12544
-11953
-11445
-10575
-9134
-7657
-5460
-3021
-1158
1145
3418
5264
7687
9590
10615
11899
12585
12820
13444
13099
12153
11609
10341
9042
8161
6348
4656
3358
1499
183
-1079
-2861
-3979
-5110
-6286
-6946
-8028
-8848
-9137
-9738
-9743
-9530
-9798
-9252
-8425
-7930
-6561
-5217
-4433
-2723
-952
188
2038
3694
4553
6043
7279
7620
8407
8857
8519
8578
8222
7213
6600
5789
4707
3841
2703
1472
424
-586
-1548
-2525
-3347
-4301
-5326
-5800
-6494
-7261
-7406
-8034
-8580
-8242
-8329
-8210
-7367
-7052
-6455
-5059
-4006
-2728
-931
348
1710
3668
5180
6683
8632
9776
10738
12206
12793
13242
14138
13837
13277
13107
11868
10595
9764
7899
5876
4244
2007
-98
-1631
-3629
-5739
-7303
-9024
-10619
-11503
-12691
-14045
-14700
-15502
-16181
-16022
-16263
-16620
-16077
-15692
-14967
-13014
-11375
-9728
-7051
-4621
-1791
2075
5188
8157
11578
14039
16568
19382
20686
21291
21498
20473
19593
18817
16902
14937
13050
10374
7862
5620
2857
330
-1789
-4117
-6106
-7843
-9695
-11101
-12328
-13308
-13933
-15008
-15469
-15331
-15687
-14968
-14134
-14058
-12383
-10812
-9765
-7022
-5039
-3511
-416
1808
3757
6542
8289
9911
11813
12683
13298
13782
13504
13095
12565
11314
9712
8227
6537
4734
3105
1252
-633
-2164
-3644
-4923
-5893
-6907
-7871
-8509
-8785
-8959
-8937
-8551
-8375
-7810
-6331
-5229
-3968
-2028
-764
1074
3786
5410
7186
9364
10347
11688
13328
13537
13689
13872
12854
11992
11242
9291
7314
5490
2921
791
-1205
-4189
-6651
-8772
-11427
-13173
-14826
-17115
-18249
-18928
-19428
-18583
-18012
-17576
-15866
-14156
-11881
-8352
-5472
-2683
849
3720
6993
10815
13197
15337
17387
18118
18928
19582
19006
18463
17717
16008
14525
12928
10585
8742
6820
4010
1664
-530
-3208
-5143
-6966
-9324
-11062
-12822
-14567
-15214
-15938
-16606
-16698
-17076
-16697
-15463
-14551
-12950
-11050
-9797
-7572
-4965
-2875
-107
2189
3843
6218
8212
9719
11348
12316
12954
13559
13567
13340
12914
12012
11084
10101
8685
7111
5611
4207
2964
1771
453
-1047
-2223
-2887
-3491
-3640
-3749
-4568
-4638
-4120
-3946
-2890
-2002
-2180
-1488
-613
-189
1129
2052
1940
2288
2486
2183
2426
2394
1560
793
-348
-2021
-3276
-4516
-6018
-7250
-8724
-10605
-12006
-12838
-13100
-12470
-11855
-11697
-10798
-9086
-6813
-3393
-89
2095
4487
7183
9749
12817
15230
16099
16685
16838
16371
16335
15664
13865
12067
9821
7566
5814
3528
1561
-67
-2370
-4146
-5779
-7666
-8461
-9359
-10689
-11459
-12915
-14180
-13967
-13987
-13960
-13466
-13820
-13446
-11620
-10123
-8176
-5899
-4743
-2825
-10
1905
4303
6730
7603
9038
10769
11010
11553
12183
11413
10893
10528
9299
8252
7135
5672
4638
3462
2123
1199
419
-133
-595
-1043
-908
-586
-437
137
768
1011
1583
2502
3006
3302
3563
3528
3632
3934
3836
3411
2819
2145
1543
738
-160
-1126
-2681
-4374
-5743
-7461
-9320
-10830
-12511
-14248
-15768
-17507
-18513
-17872
-16943
-16331
-15151
-13625
-11620
-7935
-3209
830
4165
7314
10429
14321
18230
20282
21102
21154
20155
19737
19520
17993
16078
13599
10573
8418
5981
3063
1117
-1240
-4194
-6234
-8276
-10181
-11210
-12538
-13658
-14468
-16148
-17009
-16584
-16318
-15601
-15121
-15288
-14058
-12186
-10396
-7423
-5167
-4023
-1436
1424
4084
7604
9730
10967
12835
14023
15478
16389
15800
15979
14759
12434
12144
10440
7754
6821
4777
2388
895
-969
-1552
-1387
-1952
-2357
-2764
-3000
-2453
-1185
179
228
-303
-173
166
829
1442
1188
354
-425
-465
-337
-615
-878
-1836
-3058
-3729
-4860
-5897
-6539
-7937
-9398
-10861
-12782
-14216
-14703
-14155
-13478
-13519
-12997
-11724
-9665
-5639
-1336
1595
4185
6715
9910
14186
17292
18819
19660
19119
18526
18910
18264
16673
14716
11503
8805
7006
4036
1446
-447
-3595
-5914
-7384
-9948
-11239
-11652
-12886
-13128
-13966
-15742
-15338
-14654
-14455
-13088
-13002
-13346
-11605
-10129
-8400
-5579
-4587
-3389
-242
1911
4290
7384
8543
9892
12149
13112
14250
15297
14513
13875
13605
12279
11050
9933
8068
6533
5298
3412
2022
2018
1709
502
576
1034
34
654
2429
1749
1266
1475
620
1326
1663
-92
-414
-1480
-3897
-3571
-3590
-5590
-6340
-7756
-9915
-10166
-11087
-12606
-12539
-13696
-15426
-15209
-15715
-15641
-13018
-12099
-11576
-8515
-6663
-4248
1546
5771
8310
11751
14085
16859
20866
22463
22587
22548
20757
19125
18804
17400
14785
11697
7859
4446
1823
-1263
-4333
-6872
-9883
-12816
-14516
-15695
-16920
-17609
-17753
-18087
-18403
-17872
-16908
-15652
-13798
-12588
-11802
-9925
-7752
-5181
-1743
463
1932
4419
6692
9212
12424
13989
14616
15848
16339
16763
17711
17063
15540
14379
12149
10204
9552
7470
4855
3580
1437
-812
-1008
-1572
-2874
-2952
-3529
-4676
-4068
-3529
-3890
-3326
-3295
-4124
-3887
-3342
-2942
-2542
-2816
-3190
-3280
-2902
-2491
-3044
-3357
-3934
-5820
-6179
-5748
-7104
-8219
-8937
-10335
-10374
-9159
-8570
-7865
-6275
-4886
-3128
192
3444
6268
9305
11219
13248
15930
16804
17770
19173
17628
15871
15474
13111
10784
9324
5659
2209
-218
-4111
-6607
-7743
-10799
-13224
-14625
-17017
-17766
-17344
-17885
-17277
-16684
-17309
-15987
-13884
-12662
-10531
-8793
-7537
-5382
-3479
-640
2605
3984
6033
8610
10078
12487
14660
15508
16492
16456
15993
16298
15610
14414
13417
11227
8805
7102
5210
4153
4055
2614
1005
1122
904
795
2408
2994
2034
1788
1654
1582
1942
1184
-397
-1929
-3759
-5021
-5662
-6881
-8531
-10398
-12346
-13863
-14987
-15693
-16210
-17047
-17607
-17890
-18575
-17865
-14759
-12536
-11184
-8103
-5636
-2974
2504
7450
12090
15963
16584
19872
24085
23698
24777
25225
21464
20331
19687
16959
15546
12464
7691
4455
1323
-2413
-5743
-8305
-11553
-15187
-17012
-18966
-20783
-20625
-20967
-20846
-19775
-20092
-19224
-16922
-15179
-12688
-10559
-8956
-6088
-3381
-346
3584
5735
7362
10330
12462
14313
16760
17611
17710
18313
18200
17857
17170
15556
14154
12418
10121
8380
6348
3911
2319
1073
-613
-2319
-3443
-4176
-4682
-4674
-4718
-5284
-5524
-5148
-4597
-4076
-3893
-4065
-4148
-4002
-3962
-4108
-4208
-4668
-5634
-6384
-6987
-7709
-8489
-9257
-9504
-9767
-10647
-10929
-9788
-7895
-6727
-5636
-2967
-857
1007
5227
8774
10812
13122
14320
16301
18842
18462
18293
18502
15824
14144
13510
10416
7801
5351
1428
-659
-2905
-6687
-8289
-10023
-12689
-13683
-15599
-17133
-16570
-17576
-17679
-15975
-16879
-16996
-14446
-13018
-10927
-8078
-7135
-5208
-2133
40
3692
7134
8021
10021
12658
13706
15585
17103
16549
16654
16700
15076
14166
13548
11389
9559
8375
6260
4409
3435
2155
1160
589
-819
-2046
-1990
-2252
-2637
-2253
-2967
-4106
-3773
-3710
-3859
-3312
-3936
-4897
-4746
-4940
-5233
-5017
-5883
-7462
-7981
-8461
-9556
-9696
-10071
-11353
-11676
-12001
-11293
-8470
-7769
-6938
-3028
-1362
364
5791
9307
11381
14439
15662
17317
19721
19376
19293
19521
16566
14189
13305
10393
7418
4798
907
-2216
-4982
-8278
-10339
-12275
-14793
-16430
-17726
-18763
-18862
-18593
-18076
-17581
-17187
-16035
-14388
-12232
-9347
-7284
-5499
-2615
-222
2468
6660
9215
10810
13712
14983
15902
18715
18912
17789
18775
17588
15073
14681
13065
10283
8454
6169
4391
3221
1021
-271
-333
-1471
-2439
-2038
-2123
-2720
-2484
-2128
-2309
-2869
-3697
-4134
-4434
-5294
-6184
-7076
-8145
-8995
-10012
-10927
-11504
-12619
-13397
-13225
-13519
-13610
-13261
-13400
-11514
-8025
-6674
-4684
-465
1974
4738
10206
14143
16449
19005
20398
21999
23437
22263
21480
21068
18002
15798
14668
11102
7780
4983
770
-2207
-5043
-9400
-11940
-13676
-16697
-18535
-19552
-20972
-21096
-20496
-20170
-19228
-18477
-17833
-15649
-13171
-11101
-8332
-5845
-3406
-61
2913
6211
9566
11279
13571
16135
17100
18660
19505
18657
18800
18154
16438
15549
13531
11150
9627
7321
5359
4091
1947
-8
-687
-1691
-3190
-3385
-4030
-5284
-4724
-5762
-7035
-5449
-7203
-8710
-5910
-7458
-9316
-7158
-8392
-9133
-7826
-9548
-9599
-8706
-10289
-9736
-8647
-9497
-9340
-8866
-7592
-4466
-3039
-2017
1586
3676
4886
9790
13737
14689
16992
18460
18979
20682
19900
18819
18921
15337
12410
11845
8000
4692
2874
-1567
-4608
-6660
-10630
-12343
-13394
-16328
-17178
-17614
-19316
-18793
-17978
-18046
-16577
-15886
-15588
-12895
-10639
-8958
-6058
-4192
-2456
743
3400
6194
9403
11036
12622
14887
16158
17336
18349
18085
17653
16959
15478
14033
12354
10361
8646
6937
5053
3099
1414
258
-647
-1442
-2302
-3341
-4142
-4550
-4636
-4802
-5536
-6438
-7032
-7256
-7465
-8064
-8652
-9334
-10082
-10272
-10539
-10706
-10768
-11446
-11294
-10675
-10690
-10221
-9524
-7721
-5138
-3350
-498
1489
3323
8784
11523
12729
18041
19117
17710
21067
22038
19995
19434
17888
15764
13448
10378
8258
5347
881
-2313
-4542
-7587
-10616
-12571
-14194
-16074
-17643
-18612
-19106
-19094
-18600
-17888
-17203
-16650
-15767
-13761
-11132
-8734
-6594
-4665
-2225
724
3693
7202
9818
11055
13269
15442
16605
18274
18994
18421
18256
17351
16017
15403
13869
12097
10867
8298
5892
4784
2751
1039
441
-1387
-3585
-4876
-5998
-6632
-7219
-8356
-9294
-10031
-10485
-10383
-10334
-10483
-10895
-11504
-11423
-11172
-11308
-10953
-10603
-10558
-10162
-9875
-9226
-8131
-6554
-3139
-669
-36
3174
6747
8659
13004
17004
17758
19093
20381
20609
21616
20854
18428
17270
14806
11222
9594
6856
2255
-1030
-4152
-7389
-9439
-12002
-14605
-15540
-16703
-18564
-18674
-18004
-18681
-18153
-15790
-15186
-15214
-13259
-11174
-9407
-6791
-4352
-2766
-668
2375
5090
8045
10910
11596
12916
15609
16293
17432
18886
17429
16628
16512
14595
13666
12920
10706
8887
6975
4727
3225
1863
292
-997
-2053
-3857
-5635
-5873
-6489
-7856
-8017
-8853
-10487
-10199
-9977
-10641
-10102
-10617
-12148
-11397
-11001
-11912
-10769
-10065
-11209
-10306
-9017
-9431
-7851
-4525
-2258
-191
2073
4623
7830
11124
15010
18324
19512
20084
20684
21393
21533
19832
18318
16394
12647
10307
8216
4430
1258
-2555
-6571
-8601
-11350
-14195
-15088
-16670
-18522
-18660
-18738
-18957
-18033
-16862
-15995
-14764
-13697
-12317
-9532
-7122
-5162
-2405
-611
1419
4968
7596
10308
12903
13634
15187
17197
18109
18859
18951
18591
16898
15266
15606
13159
10470
10766
7352
3919
3813
975
-1223
-1723
-4159
-5434
-6761
-8768
-8641
-9220
-10366
-10334
-11144
-11751
-11440
-11522
-11144
-10760
-11361
-11535
-11018
-10844
-10366
-9354
-8830
-8382
-7368
-6608
-5474
-2404
643
1881
4047
7245
9068
11891
16073
18229
19232
19779
19380
20275
20739
18751
17507
15660
11290
8620
6789
3067
-85
-3499
-7541
-9666
-12356
-15513
-16063
-17230
-19396
-19304
-19368
-19971
-18701
-17392
-16236
-14514
-13616
-12003
-9299
-6982
-3931
-1302
217
2908
5643
8166
11669
13673
14637
16651
17860
18627
19988
19824
18939
18681
17328
15627
14596
12631
10267
8384
5919
3351
1171
-1228
-3195
-4500
-6310
-8481
-9899
-10765
-11649
-12040
-12113
-12798
-13384
-13240
-13031
-12349
-11493
-11869
-12109
-11505
-11334
-10359
-8918
-8987
-8437
-6981
-6650
-5049
-1438
769
2188
5282
8221
10154
13407
16907
18725
20116
20633
20546
21480
20807
18604
17800
15182
10587
8360
5798
1385
-1479
-4690
-8907
-11079
-13319
-16081
-16713
-17770
-19675
-19511
-19393
-19774
-18150
-16604
-15983
-14398
-13010
-11601
-8813
-6150
-3794
-1165
1157
3537
6100
8995
11838
13582
15404
17216
17992
19228
20109
19538
19068
18242
17268
16797
14870
12626
11472
9048
6583
5619
3362
397
-1349
-3424
-5429
-6728
-8655
-10341
-11524
-13123
-14073
-14559
-15462
-15949
-16083
-16134
-16053
-16337
-16144
-15132
-14428
-13378
-11962
-11271
-10030
-7634
-4632
-1214
1052
3307
7256
10347
13402
18025
20749
21605
22847
23497
23643
23479
21962
19755
17782
14550
10415
8338
5271
-326
-2980
-5699
-10825
-12700
-14692
-17900
-18145
-19787
-21544
-20484
-20998
-20546
-18132
-17580
-16607
-14764
-13114
-10395
-7458
-4624
-2207
-44
3045
5633
8338
12112
14059
15251
17887
19368
19805
21180
21659
20865
20355
19236
17594
16343
14254
11709
9619
6544
3245
1099
-1410
-4073
-5814
-8155
-10709
-11824
-12802
-14016
-14302
-14833
-15895
-15788
-15247
-15208
-14573
-14014
-14293
-13582
-12083
-11368
-10351
-8737
-7854
-6987
-4980
-2189
461
2520
5075
8316
10512
12770
16607
19321
20294
21405
21745
21496
21385
20053
18375
16444
12655
9005
6312
2750
-896
-4275
-7984
-11101
-13933
-16378
-17338
-18403
-19949
-20231
-20253
-20311
-19133
-17648
-16325
-14944
-13655
-11699
-9379
-6862
-3799
-1355
919
3686
5877
8612
12077
14182
15849
18077
19195
19643
21017
21901
21065
20217
19792
18125
15944
14701
12857
9727
7020
4449
1291
-1380
-3555
-5754
-8017
-10459
-12262
-13557
-14987
-15668
-16157
-17031
-17108
-16948
-16997
-16419
-15970
-15781
-14737
-13378
-12598
-11444
-9656
-8637
-7149
-3515
-504
1144
4205
7813
10609
13923
17588
20370
21946
22672
23335
23734
23017
21513
19943
17488
13754
10375
7327
3452
-427
-4277
-8075
-10970
-14170
-17167
-18255
-19430
-21127
-21435
-21292
-21136
-20073
-18699
-17190
-15700
-14485
-12308
-9579
-7200
-4274
-1774
202
3312
6158
8798
12178
14082
15643
18296
19616
20695
22431
22325
21594
21464
20282
18761
17298
14864
12447
9768
6148
3355
893
-2437
-4988
-6886
-9373
-11552
-12751
-13740
-14789
-15213
-15877
-16658
-15829
-15629
-15943
-14275
-14387
-15239
-12981
-12088
-12056
-9655
-8634
-8502
-6345
-3303
-513
1620
4356
7620
9963
13202
16990
19442
21426
22090
22058
23058
22274
20158
19592
17296
12702
9856
7086
2703
-691
-4175
-8391
-10955
-13863
-17182
-17738
-18699
-20914
-20609
-20395
-21058
-19508
-17942
-16917
-15005
-13776
-12173
-9353
-6869
-4314
-1775
540
3274
5900
8749
11803
13953
15810
17998
19951
21325
22175
22652
22394
21476
20552
19259
17277
14943
12308
9359
6263
3125
-115
-3178
-5570
-7815
-10173
-12060
-13548
-14636
-15352
-15947
-16118
-16355
-16546
-15952
-15669
-15439
-14620
-14331
-13607
-12236
-11512
-10249
-9068
-8401
-5486
-2100
-602
2150
5999
8418
11464
15683
18792
20874
22071
22610
23511
23366
21878
20751
18856
15288
11918
9068
5359
1321
-2243
-6184
-9411
-11889
-15687
-17632
-17427
-19721
-21101
-19913
-20446
-20312
-18311
-17092
-15789
-14503
-13163
-10677
-8076
-5588
-3293
-983
1781
4122
7095
10514
12448
14697
17337
18712
20568
22304
22310
22499
22443
20908
19720
18279
15432
12921
10232
6536
3393
284
-3218
-5759
-7815
-10189
-12247
-13518
-14499
-15358
-15472
-15642
-15997
-15461
-15370
-15350
-14134
-13799
-13727
-12429
-11648
-10849
-9563
-9072
-7898
-4922
-2286
-896
1793
5517
7460
10395
15122
17489
19219
21236
21553
22719
23231
21020
20100
18721
14444
11459
9296
5217
1194
-2260
-5999
-9077
-11870
-14867
-16372
-17107
-18955
-19687
-19128
-19614
-19192
-17556
-16502
-15005
-13911
-12979
-10420
-8076
-6094
-3819
-1706
922
3185
6118
9571
11164
13573
15773
17036
20675
21389
20456
23021
21980
19792
20889
18601
15489
13852
10362
7576
4718
987
-1625
-4515
-6961
-9054
-11442
-12299
-13677
-15454
-15262
-15652
-16518
-15973
-15824
-16030
-15185
-14534
-14606
-13666
-12338
-12015
-10955
-9768
-8828
-5431
-2691
-1650
2424
5997
7303
11678
16188
18159
20791
22306
22691
24209
23740
21900
21473
19091
14862
12513
9793
5330
1595
-2094
-6035
-8950
-12130
-15019
-16267
-17918
-19646
-19827
-20082
-20360
-19294
-17929
-16789
-15576
-14414
-12821
-10505
-8017
-5931
-3915
-1393
852
3128
6709
9728
11255
13500
15772
17297
19859
21741
21662
22176
22260
20721
20170
19317
16303
13571
10988
7320
4095
1087
-2436
-5262
-7605
-10385
-12526
-13762
-15215
-16218
-16496
-16850
-16945
-17050
-16747
-15813
-15536
-14387
-13365
-13905
-11896
-10213
-11336
-9018
-5967
-5141
-2405
252
2931
6693
8866
12587
17112
18560
20327
22501
23275
23770
22810
21600
20824
17514
13918
12057
8585
4006
487
-3163
-6699
-9796
-12921
-14862
-16403
-18403
-19288
-19472
-19728
-19526
-18603
-16906
-15798
-15114
-13261
-11409
-9519
-6850
-4945
-2911
-168
1666
4180
7706
9641
11456
14447
16173
17434
19788
20895
21018
21752
21070
19492
18844
16992
14132
12050
9025
5439
2822
-343
-3499
-5323
-7656
-10396
-11757
-12921
-14558
-15064
-15098
-15930
-16045
-15499
-15499
-14721
-13708
-13688
-12811
-11608
-11330
-10393
-9332
-8379
-5673
-3100
-2013
534
4117
6194
9020
13388
15987
17509
19497
20667
21957
22697
21191
20374
19400
15385
12477
10980
6657
2608
-168
-4579
-7566
-10062
-14093
-14789
-15546
-19017
-18634
-18099
-19996
-18463
-16806
-16615
-14805
-13916
-12834
-10072
-8030
-6057
-4025
-2009
392
2102
4913
8365
9461
11086
14089
15543
17662
20216
20316
20950
21892
20552
20128
19755
16760
14328
12281
8912
5996
2991
-600
-3405
-5889
-8487
-10688
-12443
-14054
-15486
-16042
-16206
-16816
-16963
-16617
-16510
-15705
-14578
-14356
-13743
-12413
-11740
-10988
-9556
-7727
-5104
-2930
-1069
2642
5818
7537
11590
15824
17455
19532
21563
22317
23315
22889
21520
21018
18323
14251
12192
9351
4666
825
-2672
-6382
-9795
-13130
-15258
-16570
-18534
-19699
-19686
-19827
-19744
-18776
-16970
-15552
-14980
-13291
-10870
-8983
-6552
-4318
-2500
227
2192
4069
8063
10656
11333
14256
16924
17454
19802
21820
21166
21873
21849
19317
19147
18173
13904
11938
9778
5180
2712
22
-3798
-5456
-7923
-11139
-11968
-13191
-15206
-15328
-15327
-16414
-16513
-15945
-16107
-15653
-14435
-14022
-13570
-12390
-11660
-11199
-10077
-7936
-5091
-3037
-1469
1643
5057
7393
10653
14518
16921
18583
20172
21628
22758
22330
21286
20662
18235
14506
12105
9552
5575
1477
-2429
-5799
-8908
-12386
-14593
-15790
-17652
-18935
-19324
-19502
-19112
-18624
-17377
-15334
-14594
-13789
-11316
-9146
-7305
-5073
-3222
-882
1714
3592
6515
9507
10449
12581
16163
17492
18780
21314
21621
21207
21980
21212
19608
18445
15635
12520
10418
6950
3240
621
-2838
-5746
-7318
-9933
-12095
-13070
-14861
-15663
-15480
-16608
-16935
-16290
-16707
-16190
-14757
-14644
-14254
-12884
-12366
-11652
-9941
-8371
-5504
-2364
-1298
1791
6344
8065
11235
15981
18198
20067
21328
22301
24000
22540
20961
21148
17573
13650
12027
8270
4228
701
-3857
-6796
-9785
-13853
-15206
-16403
-19139
-19541
-19540
-20423
-19276
-18208
-17566
-15205
-14069
-13563
-10724
-8278
-6573
-3937
-1940
89
2594
4695
7963
10688
11729
14313
16763
17881
20102
21431
21485
21746
20791
19689
18721
16322
13818
11152
7811
4866
1760
-1485
-4091
-6563
-8815
-10633
-12267
-13543
-14428
-14860
-15009
-15373
-15461
-15170
-15124
-14450
-13385
-13176
-12631
-11648
-11231
-10553
-9601
-7733
-4612
-2829
-1157
2705
5677
7808
11845
15613
17758
19471
20765
22212
23127
22125
21184
20421
17237
13505
11313
8289
4169
237
-3777
-6944
-10054
-13447
-14771
-16287
-18455
-18496
-19248
-19777
-18162
-17914
-16685
-14582
-14750
-12902
-10731
-9962
-6123
-3989
-4050
-252
2348
3109
7239
10166
11116
14182
16138
17086
20119
21593
21248
22067
21365
19254
18577
17044
14035
11391
8207
4613
1466
-1877
-4669
-6627
-8926
-11085
-12602
-14014
-14898
-15156
-15507
-15835
-15936
-16029
-15894
-15169
-14186
-13573
-13121
-12380
-11897
-11595
-10065
-7198
-4610
-2895
-775
2558
5924
8901
12767
16773
19037
20192
21742
23490
23882
22752
21822
20385
16937
13563
11199
7892
3751
-385
-4465
-7677
-10570
-13580
-15338
-16635
-18306
-19149
-19508
-19351
-18435
-17784
-16400
-14662
-14290
-13007
-10342
-8311
-6108
-4102
-2724
-211
2324
4462
7856
10207
11311
14422
17063
17828
20065
21750
21082
21262
21280
19496
18144
16347
12927
10440
7990
3498
480
-1192
-5225
-7917
-8319
-11008
-13324
-13737
-14855
-15019
-15098
-16133
-15701
-15693
-16211
-14796
-13958
-14070
-13259
-12649
-12174
-11434
-10171
-7121
-4427
-3116
-118
3492
5913
9600
13909
17001
19657
20928
21817
24005
24055
22465
22412
20306
15921
13541
11169
7359
3823
-617
-4839
-7370
-10787
-13698
-14414
-16376
-18515
-18520
-19013
-19104
-17701
-16952
-15540
-13952
-13815
-12102
-9259
-7280
-4910
-3106
-1691
547
2533
5635
9404
10919
12322
14773
16281
18212
20561
21141
21059
20590
18978
17867
16775
14104
10984
7837
4465
1386
-1593
-4257
-6376
-8614
-10720
-11970
-12788
-13859
-14434
-14074
-14268
-14954
-14731
-14443
-14334
-13252
-12356
-12318
-11922
-11577
-11260
-10138
-8595
-6060
-3618
-2588
149
4060
6369
9773
14051
16551
18467
20042
21491
22957
22717
21836
20968
18406
14992
12110
9585
6469
2172
-1967
-5286
-8535
-11618
-13766
-14858
-16226
-17934
-18446
-18300
-18011
-17067
-15760
-14305
-13596
-13044
-10746
-8374
-6610
-4221
-2700
-1168
1868
4177
6711
10535
12400
13422
16344
18581
19646
21307
21801
21015
20470
19152
17332
15657
12747
9205
6350
3091
-803
-3565
-5726
-8478
-10142
-11370
-13507
-14228
-14538
-15451
-14638
-14467
-15386
-14603
-14390
-14221
-12280
-11850
-12171
-11076
-10711
-10731
-9021
-6124
-3935
-2772
-272
3339
5654
8615
12996
15871
17817
19543
20480
22229
22751
20982
20814
19596
14822
11825
9995
5926
2042
-1754
-5805
-8375
-11692
-14735
-14879
-16374
-18855
-18354
-18071
-18512
-17074
-15487
-14209
-13031
-12308
-10756
-8417
-5980
-4156
-2661
-200
1583
3397
7352
10317
11950
14353
16220
18041
20159
21284
21948
21688
20312
19058
17564
15624
13255
9897
6508
3414
-168
-3311
-5763
-8231
-9901
-11329
-13249
-14178
-14720
-15583
-15254
-14834
-15421
-15495
-15160
-14623
-13227
-12395
-12536
-11747
-10934
-11305
-9491
-5366
-3740
-2904
651
3805
6102
9920
13661
16652
18994
19812
21252
23458
22931
21211
21169
19225
14441
11561
9413
5241
1639
-2103
-6599
-9322
-12543
-15750
-15942
-17072
-19400
-19287
-18877
-18781
-17390
-15666
-13954
-12741
-11958
-9928
-7375
-5160
-2735
-959
730
3456
5933
8622
11861
13795
15516
17699
19032
20684
22035
21545
20894
19949
17923
15996
13764
10792
7760
4376
844
-2173
-5073
-7966
-9788
-10679
-12450
-14561
-15042
-15144
-15735
-14994
-14336
-15411
-15136
-13627
-13746
-12960
-10935
-11384
-11869
-10238
-9368
-7773
-4256
-2344
-892
2293
4984
8044
12376
15315
17830
20066
20276
21904
23786
21895
21118
21028
16483
12701
11032
6911
3158
-27
-5087
-8694
-11220
-14842
-16510
-16812
-18907
-20216
-19468
-19560
-19192
-16813
-15207
-14068
-12158
-10800
-8678
-5551
-3528
-1688
688
3040
5537
8176
11235
13728
15370
17685
19283
19931
21445
21875
21048
20640
18951
16578
14846
11809
8383
5745
1902
-2021
-4413
-7281
-10090
-11103
-12422
-14509
-15352
-15683
-15903
-15183
-14836
-15043
-14657
-14247
-13577
-12065
-11031
-10878
-10245
-9321
-9311
-7957
-4128
-2209
-1441
2234
5204
6794
11101
15136
17101
19387
20407
21253
23311
22376
20675
20906
17646
12888
10657
7190
3283
-305
-5157
-8208
-11252
-15406
-16486
-17224
-19129
-19670
-20265
-20012
-18667
-17883
-15588
-13054
-12407
-10973
-8473
-6059
-3327
-1173
450
2906
5378
7420
10720
13996
15341
17205
19558
20449
21613
22304
21618
21506
19864
16753
15247
12645
8579
5874
2560
-1445
-4183
-7110
-9929
-11215
-12547
-14445
-15306
-15466
-15923
-15601
-14620
-14478
-14430
-13961
-13568
-12314
-10908
-10905
-10634
-9614
-9764
-9128
-5578
-2698
-1871
465
3897
6290
9545
13813
16835
18888
20225
21039
22877
23470
21352
20463
19256
14509
10932
8827
4580
615
-3158
-7812
-10719
-13653
-17010
-17451
-17924
-20165
-20382
-19467
-19347
-18085
-15929
-14158
-12609
-11379
-9595
-6972
-4206
-1547
18
1832
5087
7426
9947
13558
15402
16691
18958
20582
21340
22067
22499
21102
19718
19177
15685
12588
11218
6338
2684
890
-4053
-6882
-8533
-11955
-12277
-13068
-15921
-15994
-15920
-16499
-15755
-15336
-15158
-14815
-14344
-13082
-11561
-10831
-11028
-10300
-9325
-9566
-7054
-2988
-2266
-545
3585
5718
8613
13350
16105
18309
20565
21056
22406
24003
22293
20833
20631
16695
12091
10188
6476
1770
-1610
-5995
-9627
-12350
-16013
-17504
-17996
-19983
-20585
-20171
-20101
-19217
-17431
-14982
-13420
-12509
-10164
-7741
-5198
-1905
-79
1680
4871
7343
9709
12983
15315
16800
19062
21028
21600
22285
22697
21635
20621
19100
16185
13889
11187
7079
4051
1086
-3224
-6327
-8554
-11480
-13123
-13897
-15908
-17048
-16709
-17099
-16802
-15431
-15426
-15319
-13963
-13106
-11765
-10097
-10120
-9435
-8066
-8645
-6555
-1956
-1501
-448
4013
5790
7992
12347
15097
18549
20263
19485
22434
23884
20758
20718
20899
16404
12434
10300
6666
2322
-1564
-5878
-9532
-12323
-15871
-17948
-18148
-19863
-21303
-20665
-20332
-19750
-17797
-15614
-13803
-12411
-10720
-8396
-5825
-2965
-830
943
4146
6911
8720
12332
15502
16601
18941
21009
21226
22424
22852
21748
21600
19876
16629
14918
12260
8150
5152
1945
-1940
-5028
-7935
-10647
-12008
-13116
-15090
-16375
-16563
-16889
-16586
-15554
-15333
-15213
-14488
-13752
-12401
-11125
-11068
-10340
-9062
-9177
-7614
-3399
-1707
-1070
2785
5705
7195
11439
15298
17277
19531
20500
21587
23363
22272
20958
20929
17758
13317
10763
7524
3337
-563
-4630
-8145
-11504
-15040
-16882
-17763
-19287
-20554
-20892
-20485
-19973
-18848
-16267
-14369
-13277
-11132
-9174
-6731
-3230
-1456
496
4304
6379
8115
12243
15203
16519
19045
21015
21540
22561
23139
22570
21802
19947
17248
15116
12451
8850
5725
2399
-1634
-4733
-7194
-10049
-11827
-12803
-14884
-16453
-16419
-16779
-16954
-15875
-15490
-15573
-14718
-14055
-13060
-11199
-10766
-10602
-9261
-9142
-7948
-3761
-1767
-1030
2606
5213
6695
10989
14770
16678
18923
19759
20531
22620
22079
20590
20613
17677
12912
10478
7737
3585
-280
-4331
-8043
-11279
-14635
-16576
-17471
-19006
-20242
-20570
-20210
-19381
-18436
-16197
-13772
-13080
-11443
-8699
-6759
-3873
-1192
415
3516
6023
7609
11437
14371
15378
18031
19937
20118
21811
22768
21858
21609
20079
17202
15600
13171
9520
6809
3528
-611
-3400
-5924
-9358
-10895
-11509
-14424
-15746
-15233
-16800
-16505
-15098
-16170
-15359
-14584
-15338
-12670
-10978
-12098
-10501
-9229
-10444
-8823
-4376
-2563
-2078
1674
4577
5568
9960
14055
15993
18999
19675
20033
22885
22147
20369
21402
18716
13760
11782
9048
5027
1712
-2872
-6934
-9568
-13565
-16209
-16332
-18150
-20322
-20154
-19980
-20158
-18726
-16395
-14812
-13614
-11921
-10061
-7679
-4593
-2545
-686
2646
4956
6729
10741
13739
14909
17709
19678
19813
21500
22461
21555
21595
20240
17299
16015
13709
9931
7649
4278
-214
-2645
-5324
-8681
-9924
-11158
-13724
-15161
-15663
-16369
-16415
-15871
-15736
-15867
-15523
-14612
-13267
-11736
-11090
-10659
-9578
-9708
-8939
-4896
-2668
-2150
1244
3981
5419
9363
13110
15710
18411
18955
19808
22396
21978
20632
21235
18991
14571
11977
9482
6342
2508
-2403
-5625
-8456
-13307
-15730
-15653
-17991
-20351
-19956
-19773
-20204
-19128
-16859
-14968
-13917
-12688
-10796
-8464
-5561
-2983
-732
2209
4271
5941
9987
13435
14658
17258
19318
19357
20977
22211
21650
21797
20352
17551
16346
14201
10818
8411
5185
823
-2238
-4438
-7412
-9538
-10420
-12818
-15026
-15095
-15965
-16605
-15555
-15856
-16244
-15180
-14937
-14051
-11933
-11627
-11465
-9895
-10081
-9699
-5275
-2630
-2699
603
3700
4494
8398
12539
14588
17401
18262
18693
21662
21769
20128
20967
19311
14705
12231
10209
6465
2842
-844
-4868
-7984
-11369
-14644
-15526
-16720
-19335
-19864
-19635
-20213
-19304
-17293
-15439
-14246
-13335
-11188
-8861
-6252
-2905
-803
1600
4252
5847
9463
13266
14927
16875
18860
20274
20443
21286
23614
21234
18205
19062
15955
12351
11768
8222
4901
1558
-2703
-3803
-6649
-9965
-9726
-11983
-14952
-14728
-15718
-16252
-15149
-15801
-15770
-15298
-15466
-14149
-12357
-11848
-11564
-10249
-10343
-9703
-5217
-2607
-2099
1173
3724
4955
9372
13388
15186
18017
19114
19102
21573
21981
20340
21098
19358
14432
12307
10389
6304
2950
-764
-5128
-8244
-11450
-14385
-15564
-16842
-18729
-19783
-20031
-19960
-19265
-17199
-15068
-14537
-13515
-11246
-9276
-6287
-2975
-1326
1173
4241
5982
9468
13419
14682
16672
18821
18971
20565
21999
21135
21060
20024
17042
15349
13577
10507
7896
5082
1419
-1710
-4009
-6622
-8739
-9737
-11854
-14115
-14459
-15160
-16024
-15224
-15144
-15958
-15542
-14934
-14036
-12433
-11904
-11708
-10701
-10386
-9029
-5461
-3339
-1834
936
3489
5646
8764
12943
15586
17112
18392
19409
21159
21322
20215
20449
18789
14299
11903
10107
6109
2497
-1089
-4680
-7826
-11771
-14159
-14779
-16671
-18526
-18949
-19271
-19372
-18625
-16713
-14718
-14221
-13279
-10962
-8981
-6165
-2881
-1097
1292
3960
5958
9883
13195
14380
17027
18838
18750
20483
21728
20913
20681
19466
16622
14789
13110
10322
7498
4255
510
-2280
-4578
-7127
-8759
-9894
-12051
-13931
-14256
-14652
-15373
-14802
-14313
-15177
-15129
-14086
-13245
-11646
-10906
-11309
-10246
-9809
-9095
-4754
-2416
-2532
1054
3989
4904
9563
13877
15263
17713
18755
18964
21502
21375
19520
20010
17514
12768
10728
8334
4800
1221
-3082
-6225
-9216
-13164
-14985
-15314
-17129
-19050
-19060
-19309
-19543
-17308
-16040
-15008
-11911
-12424
-12029
-6238
-4256
-3491
831
2639
4114
7404
10393
14069
15764
16590
18970
19477
20198
21776
20752
19999
19011
15548
13686
12472
8942
6100
3369
-839
-3142
-4708
-7815
-8973
-9542
-12570
-13871
-13377
-14618
-14820
-13633
-14207
-14625
-13993
-13876
-12646
-10792
-10726
-10713
-10029
-9998
-8191
-4340
-2685
-1715
1631
3893
5536
10067
13886
15581
17671
18511
19174
21258
20879
19529
19784
16771
11993
10433
8086
3764
487
-3328
-7154
-9934
-13159
-14972
-15488
-17340
-18953
-19160
-19118
-18864
-17559
-15001
-13463
-13406
-11805
-9434
-7444
-3805
-882
217
2933
5226
6966
11608
14607
15239
18050
19168
18719
21020
21618
20003
19845
17930
14523
13024
10970
7759
5309
1941
-1953
-4048
-6050
-8587
-9563
-10589
-13210
-14549
-14156
-14466
-14650
-13695
-13572
-14253
-13843
-13014
-11951
-10059
-9902
-10566
-9337
-9221
-7908
-2958
-1862
-1809
2856
4696
5784
11234
14398
16012
18436
18364
19460
21569
20187
19424
19666
15780
11234
9799
7310
2900
-430
-3920
-7836
-10706
-13774
-15639
-15621
-17447
-19606
-19101
-18761
-18948
-16904
-14004
-13084
-12756
-10893
-8670
-5736
-2098
-577
1269
4668
5659
7843
13003
14835
15470
18028
18378
18673
20910
20663
19568
19405
16636
13543
12489
10245
7240
4588
779
-2646
-4542
-6677
-8857
-9726
-10937
-13600
-14521
-13791
-14500
-14360
-13073
-13889
-14162
-12995
-12935
-11411
-9402
-10433
-10435
-9103
-9069
-6022
-2187
-2017
170
3673
4531
8027
13178
15250
17164
18919
19284
20711
21252
19934
20280
19063
13252
10241
10118
5027
32
-1015
-5350
-10783
-12761
-14747
-16545
-17703
-19307
-19569
-19471
-19825
-18613
-15840
-13561
-13114
-12073
-9556
-7643
-4286
-522
663
3077
5965
7015
10871
15170
15857
17571
19667
19182
20112
21712
20635
19718
18439
14718
12535
11442
7959
5004
2576
-1916
-4962
-6231
-8784
-10350
-10820
-12967
-14640
-14397
-14557
-14913
-13857
-13051
-13728
-13587
-12558
-11935
-10284
-8932
-9516
-9536
-8905
-7422
-3645
-1343
-723
2386
4907
5946
10177
14661
16337
17980
19108
19940
21381
20689
19759
19878
16422
11426
9239
7007
3153
-804
-4529
-7908
-11604
-15007
-16177
-16684
-18275
-19607
-19890
-19277
-18876
-18152
-14688
-12101
-12588
-10867
-7803
-5757
-1984
1092
2459
5116
7297
9448
13569
16184
16558
18435
20087
18579
19381
22188
19362
16878
17808
13700
9787
9742
6545
2967
-77
-4345
-5600
-7477
-11169
-11060
-11345
-14533
-15425
-14759
-15434
-15330
-13748
-13708
-14209
-13041
-12408
-11266
-8921
-8935
-9431
-8644
-7790
-4742
-1731
-1134
1310
4401
5532
8606
13137
15776
17606
18803
19418
20655
20774
19791
19664
17915
13503
9866
7723
4919
608
-3730
-6707
-10088
-14421
-16871
-17408
-18328
-19799
-20718
-20223
-19221
-18773
-16703
-13006
-11758
-11802
-9004
-5246
-2508
487
3049
5278
7752
9534
12686
16604
17445
18061
19947
19915
19963
20817
19960
18723
16902
13542
11080
9282
6279
3104
249
-3247
-6422
-8158
-9983
-11837
-12551
-14029
-15646
-15357
-15292
-15309
-14060
-13688
-13809
-12937
-11923
-10722
-9120
-7976
-7955
-7989
-6789
-4375
-1024
413
906
4928
7177
7534
13015
16650
16557
18918
19599
19868
21110
19133
18980
18757
13447
9904
7879
4069
819
-3446
-7600
-10343
-14652
-17780
-18141
-19281
-20478
-20810
-21123
-20119
-18621
-17157
-13973
-11705
-11445
-9315
-5722
-2411
939
3173
5403
8458
10318
12799
16654
18240
18664
20226
20792
20457
20525
19791
18455
16850
14104
11154
8867
6281
2877
-367
-3150
-6218
-8772
-10478
-12147
-13067
-14025
-15657
-15849
-15520
-15747
-14547
-13415
-13666
-12912
-11715
-10685
-8594
-7440
-7447
-6855
-6232
-3894
-735
-163
1664
5173
6159
8469
12931
15271
17092
18538
18843
20428
20971
19327
19136
18189
13970
10243
7795
4468
610
-3353
-6949
-10182
-13986
-16985
-18218
-19178
-20311
-20931
-20626
-19985
-19227
-16904
-13838
-12178
-10901
-8529
-5585
-2487
1137
4179
5675
8116
11621
13677
15971
18696
19665
20242
20730
20676
20689
19516
17995
16750
13732
10440
8279
5544
2244
-868
-3878
-6699
-9093
-11033
-12652
-13529
-14386
-16010
-16243
-15586
-15696
-14829
-13639
-13518
-12877
-11515
-10524
-8595
-7218
-7370
-6326
-5281
-3274
-255
556
2404
5797
6961
8874
13116
15369
16815
18707
19108
19996
20203
18562
18323
17297
13177
9820
7430
3933
175
-3834
-7148
-9950
-14292
-17267
-17681
-19167
-20606
-20699
-21143
-20536
-18970
-17502
-14457
-12067
-11658
-9111
-5185
-2392
960
3972
6148
9023
11113
13446
17243
18925
19152
20611
21165
20595
20718
20293
18482
16519
14089
10887
8289
5660
1959
-1203
-3868
-7125
-9434
-11179
-13263
-14151
-14898
-16659
-16764
-15785
-16191
-15189
-13868
-14170
-13108
-11838
-10517
-8475
-7448
-6986
-6703
-5907
-2957
-8
645
2709
5895
7049
9502
13599
16212
17827
18564
19097
20786
20763
19216
19198
17541
13405
10259
7302
3914
632
-3737
-7693
-10426
-14136
-17310
-18139
-19179
-20826
-21059
-20752
-20335
-18867
-17154
-14997
-12555
-11545
-9664
-5502
-2276
272
3533
5912
8198
11312
14039
16618
18497
19135
20287
21202
20835
20887
20326
18344
16789
14454
11199
8950
6047
2305
-774
-4049
-7009
-9196
-11404
-13116
-14304
-15351
-16349
-16926
-16461
-15858
-15144
-14135
-13762
-12948
-11552
-10182
-8255
-7368
-7088
-6181
-5923
-3656
93
630
1820
5483
6930
8596
12700
15649
17324
18724
19372
20484
21377
20051
18931
18502
14871
10704
8318
4331
1317
-1726
-7897
-9948
-11284
-17625
-18938
-17378
-20383
-21653
-20738
-20214
-19135
-18399
-15521
-12325
-12115
-10276
-6596
-3468
69
2563
4835
8200
10434
12795
16391
18431
19301
20551
21007
21092
21392
20389
18816
17487
14762
11453
9081
6484
3246
-229
-3829
-6591
-8780
-11274
-13163
-14266
-15599
-16965
-17461
-17083
-16632
-15927
-14743
-14135
-13618
-12383
-10946
-8962
-7265
-6796
-6274
-5453
-3536
-270
1403
2589
5629
7588
8866
12366
15654
17312
18574
19118
19879
20658
19559
18556
18020
14833
10640
8005
5317
1609
-2608
-6397
-9312
-12935
-16592
-17968
-18733
-20267
-20991
-20944
-20571
-19602
-18197
-15763
-13197
-12018
-10195
-6665
-3371
-375
2737
5421
8065
10458
13002
16468
18567
19244
20838
21515
21003
21322
20785
19175
17593
15135
12289
9512
6730
3840
159
-2993
-5723
-9098
-11130
-12369
-14127
-15067
-16089
-17177
-16854
-16271
-15466
-14300
-13918
-13336
-12012
-10650
-8898
-7307
-6491
-5863
-5341
-4001
-988
1345
2250
4417
6943
8279
11076
14751
16662
18027
18809
19089
20407
20218
18419
18011
16269
11892
8391
5847
2647
-1264
-5300
-8496
-11650
-15265
-17568
-18584
-19558
-20412
-20900
-20492
-19334
-18346
-16417
-13467
-11878
-10674
-7839
-4722
-1492
2016
4263
6616
9807
11954
14672
18036
19070
19863
21419
21179
20975
21344
19741
17659
15964
13048
9839
7289
4553
1409
-2009
-5476
-8188
-10278
-12549
-14115
-14730
-16178
-17686
-17403
-16675
-16173
-14997
-14081
-13631
-12568
-11279
-9684
-7557
-6282
-5889
-5338
-4235
-1765
929
2110
3730
6290
7788
9809
13322
15953
17468
18459
18890
19803
20140
18850
18059
16933
13150
9270
6703
3582
121
-3702
-7787
-10594
-13805
-17371
-18243
-18762
-20590
-21113
-20757
-20163
-18833
-17279
-14708
-12240
-11251
-9082
-5480
-2386
836
3748
5856
8539
11216
13651
16754
18816
19502
20489
20936
20825
21016
20185
18501
16965
14532
11198
8453
6146
2910
-719
-3789
-6928
-9573
-11439
-13398
-14399
-15134
-17018
-17532
-16644
-16519
-15651
-14219
-13935
-13251
-11818
-10484
-8501
-6771
-6208
-5580
-4717
-3078
16
2090
3009
5446
7665
8844
11891
15318
16994
18200
18689
19112
20164
19511
18201
17688
15047
10824
7737
4931
1836
-1829
-6305
-9613
-12325
-16048
-18217
-18484
-19638
-20953
-21022
-20291
-19196
-18093
-16073
-13101
-11364
-10298
-7536
-3626
-383
2079
4816
7617
9668
12052
15292
17725
18960
20003
20755
20946
20936
20596
19664
18177
15941
12969
10067
7612
4651
1129
-2067
-5406
-8405
-10256
-12454
-14338
-14853
-16413
-18063
-17448
-16868
-16650
-15355
-14603
-14305
-12977
-11456
-9776
-7616
-6539
-6241
-5116
-3891
-1927
1286
2753
3894
7145
8886
10294
14310
16902
17976
19476
19563
20078
21001
19344
18090
17627
13956
9490
7111
4322
357
-3567
-7476
-11025
-14217
-17289
-18917
-19230
-20318
-21721
-21537
-20353
-19360
-17669
-14826
-12572
-11553
-9893
-6532
-2676
351
2781
5485
8182
10437
13198
16532
18710
19455
20168
21020
21107
20695
20358
19258
17189
14968
12313
9406
6887
3812
85
-3096
-6144
-9101
-11078
-12930
-14419
-15192
-17079
-17998
-17076
-17565
-16508
-14399
-15678
-14490
-11391
-12066
-9885
-5952
-6718
-6337
-4257
-3704
-980
1910
2706
5034
7330
8233
11163
14793
16645
18355
19267
18984
19987
20485
18891
18177
17009
12778
8859
6720
3691
-154
-3983
-7993
-11178
-14244
-17543
-18627
-18970
-20837
-21662
-21035
-20500
-19442
-17629
-15046
-12665
-11559
-9684
-6116
-2407
582
2975
5983
8929
10484
13363
17391
18634
19126
20966
21095
20432
21021
20425
18746
17258
14491
11348
9201
6618
3360
96
-3364
-6560
-8879
-10904
-12895
-14065
-15251
-17220
-17756
-17023
-17294
-16656
-14808
-14756
-14630
-12767
-11352
-9498
-7460
-7148
-6040
-4488
-4003
-930
2648
3078
4942
8020
8991
11613
15220
16578
18515
19616
18526
19752
20694
18517
17785
16619
11921
8295
6331
2702
-1080
-3819
-8033
-12818
-14659
-16032
-19359
-20369
-19438
-21129
-22332
-20147
-18432
-17665
-15252
-12595
-11185
-9457
-6109
-2085
683
2934
6302
8782
10260
13766
17185
18119
19561
21193
20719
20529
21093
20220
18882
17267
14287
11580
9429
6250
3044
280
-3371
-6834
-8912
-11033
-13183
-14186
-15429
-17230
-17470
-17086
-17386
-16412
-15070
-15184
-14480
-12818
-11584
-9548
-7862
-7273
-5788
-4990
-4218
-157
2641
2767
5878
8747
9104
12458
16148
17321
19315
19820
19213
20920
20518
18315
18534
16456
11282
8405
6122
2384
-1101
-5190
-9164
-11696
-15127
-18244
-18544
-19323
-21393
-21320
-20223
-20251
-19458
-16851
-14302
-12775
-11333
-9053
-5747
-2200
404
3214
6797
8563
10187
14550
17392
17779
19912
21298
20319
20727
21140
20148
19455
16832
13600
12564
9264
4872
3719
725
-4612
-6946
-8315
-11140
-13374
-14094
-14824
-16612
-17359
-16715
-16511
-15752
-14894
-14876
-14004
-12830
-11529
-9250
-8090
-7448
-5568
-4821
-4157
-572
2226
2729
5263
8224
9115
11806
15488
16993
18619
19560
18803
19967
20635
18239
17565
16820
11953
8173
6427
2886
-397
-3835
-8506
-11053
-13685
-17608
-18339
-18359
-20729
-21335
-20155
-20134
-19676
-17507
-14757
-12729
-11485
-9547
-6420
-3393
-739
2378
5908
8263
8911
12366
16586
16876
18932
21425
20259
20269
21041
20089
19472
17868
14891
13070
9920
6257
4786
1735
-2604
-5170
-7551
-10302
-11927
-12923
-14229
-15716
-16849
-16906
-16236
-15790
-15272
-14623
-14174
-13143
-11893
-10558
-8439
-7269
-6292
-4864
-5056
-2330
1809
1867
4533
7833
7624
11231
14523
15017
19124
19818
17897
20905
20444
17965
18764
17081
13457
9766
6801
4463
693
-3136
-7031
-10485
-12929
-16604
-18492
-18010
-20114
-21533
-20260
-20496
-20449
-18015
-15414
-13452
-11865
-10417
-7957
-4109
-610
1688
4253
6887
8525
11252
15081
16810
17909
19843
19886
19766
20928
20276
19340
18658
15521
12886
11391
8213
5507
3084
-1115
-4325
-6102
-8956
-11531
-12201
-13191
-15276
-16162
-16213
-16553
-15900
-14749
-14123
-13498
-13200
-12488
-10160
-8096
-7629
-6750
-5050
-4927
-4399
-366
2671
2746
4668
7406
8806
11552
14550
16503
18380
18264
17947
20214
20397
18077
17867
16452
11796
8581
6192
2876
105
-3910
-8484
-10799
-13740
-17368
-17760
-17832
-20293
-20955
-20111
-20558
-18910
-16236
-15291
-12486
-10389
-10180
-6509
-2770
-266
2827
3853
7186
11109
10854
14455
18773
17649
18588
20420
19883
19897
19550
19265
17674
14153
12424
10184
7068
5342
1735
-2255
-4093
-7046
-10228
-10965
-11573
-13806
-15389
-15493
-16126
-16211
-14717
-14151
-14129
-13233
-12772
-11874
-9530
-8095
-7754
-6206
-4999
-5657
-4029
347
2033
2358
5003
7034
8394
11574
14325
16332
18134
17710
17822
19898
19249
17422
17663
15532
10955
8221
5574
2450
-247
-5029
-9132
-10577
-14212
-17352
-16808
-18174
-20475
-20130
-19887
-19297
-17792
-16611
-13988
-11686
-11353
-9254
-5389
-2354
20
2054
4629
7631
9524
12017
15644
17095
17492
19534
20434
19799
20412
20319
18746
17443
14889
12040
10375
7579
4448
1641
-1835
-4454
-6914
-9386
-10559
-11895
-13326
-14908
-15922
-14970
-15549
-15734
-13240
-13924
-14602
-12006
-11475
-10333
-7989
-8194
-7044
-5481
-6107
-3883
278
1369
1959
4950
7261
8502
11741
14895
16331
17679
17797
18315
20393
19321
17217
17744
15351
10300
8118
5959
2145
-1187
-5368
-8945
-11037
-14686
-17058
-16806
-18499
-20512
-20048
-19437
-19165
-17992
-15714
-13361
-12127
-10763
-8372
-5388
-2005
150
1971
5649
7698
8475
12662
15701
15496
17712
19570
18872
19770
20075
19238
19385
17068
14010
13296
10658
6864
5070
2008
-2044
-4117
-6569
-9608
-10619
-11576
-13678
-14647
-14952
-15733
-15569
-14593
-14372
-14152
-13328
-12970
-11850
-9524
-8745
-8476
-6711
-6202
-6631
-4135
-420
834
1779
4464
6390
8342
11968
14522
16426
18010
17626
18940
20707
18963
18509
18688
14891
11304
9402
6166
2441
-392
-3699
-8589
-11840
-13019
-15976
-18022
-17793
-19176
-20316
-19743
-19115
-17731
-15726
-13470
-11793
-11242
-9174
-5721
-2839
-276
1804
3908
6018
8106
11495
14083
15117
16975
18108
18253
19321
19642
19268
19065
17109
14672
13370
11126
8412
6201
2759
-607
-2705
-5636
-8265
-8973
-10101
-12017
-13107
-13922
-14780
-14673
-13742
-13086
-12956
-12997
-12701
-11528
-10013
-9013
-8309
-7534
-6914
-6900
-6189
-3095
-312
77
1415
4336
6207
8186
11624
14805
16332
16585
17422
19264
19670
18440
18048
17342
13684
9640
7776
5697
2103
-1994
-5666
-8396
-11735
-14742
-15176
-16302
-18629
-19094
-19067
-18784
-17704
-16680
-14404
-12606
-12413
-10527
-7774
-5447
-2504
-473
986
3471
5975
8328
11250
13785
14835
15995
17774
18274
19158
20280
19130
18580
17703
14322
13198
12467
8538
5698
3417
-342
-3002
-5042
-7286
-8650
-9893
-11921
-13431
-13434
-13961
-14467
-13002
-12918
-14089
-13258
-12616
-11961
-10033
-9676
-9754
-8326
-7762
-8193
-6586
-2943
-1355
-1523
1091
4388
5751
8740
12723
14711
16101
17099
18213
20430
20296
18598
19058
17669
13313
10677
8562
5569
2530
-2095
-6101
-8109
-11617
-14536
-14704
-16255
-18604
-18908
-18649
-18175
-17522
-16584
-14082
-12606
-12801
-10935
-7965
-5701
-3324
-1649
287
3084
4847
7609
11496
12741
13891
16646
17466
18084
19750
19690
19432
19035
16616
14976
14144
11559
8678
6197
3097
188
-2150
-4644
-6632
-7740
-9643
-11592
-12028
-12994
-13982
-13045
-12654
-13364
-13435
-13259
-12477
-11354
-11025
-10454
-9467
-9297
-9562
-8889
-6921
-4744
-2972
-1405
237
2662
5648
8737
12024
14609
16201
17382
18711
20416
20586
19373
19206
17805
13876
11051
9230
6248
2578
-1612
-5140
-7501
-10894
-13551
-14017
-15832
-17917
-18168
-18455
-18005
-17422
-17092
-14542
-13176
-13562
-11318
-8735
-6522
-3771
-2893
-863
2724
4165
7185
11567
12409
13455
16521
17766
18715
20290
20008
19436
18972
16732
15083
14313
11606
8468
5847
2593
18
-2198
-4849
-6469
-7961
-10086
-11428
-12366
-13224
-13628
-13640
-13258
-13677
-14411
-13858
-13078
-12088
-10964
-11204
-10868
-9582
-9827
-9169
-5619
-3151
-2806
-857
2445
4618
7276
11247
14306
16049
17052
18171
20375
21353
20021
19560
19018
15498
12082
10290
7664
4368
381
-3679
-6272
-9517
-12576
-13496
-15294
-17405
-18181
-19096
-18954
-18253
-17864
-16037
-14703
-14333
-12662
-10744
-8231
-5126
-3802
-2188
1181
3553
5856
9699
12293
13453
15624
17555
18542
19964
20608
20199
19774
18132
16104
15133
13374
10679
7905
4554
1726
-550
-3435
-5440
-6447
-8484
-10736
-11686
-12409
-13359
-13306
-12949
-13720
-14363
-14028
-13727
-13028
-11827
-11624
-11624
-10544
-10134
-10299
-8172
-4748
-3285
-2629
-7
3358
5696
8596
12582
15353
16249
17104
19334
21263
20609
19541
19626
17555
13552
11256
9612
6681
2901
-1368
-4372
-6649
-10468
-12627
-12911
-15626
-17944
-17904
-18724
-18873
-17530
-16777
-15529
-14396
-14230
-12418
-9544
-7185
-4762
-3376
-1515
2060
4213
7178
11570
12667
14088
17098
17750
19328
21300
20846
20384
19500
18152
16380
14421
13610
9909
5620
4595
1111
-2150
-2847
-5795
-7280
-8353
-11771
-11949
-11986
-14075
-13445
-13164
-14661
-14842
-14722
-14412
-13185
-12494
-12766
-12423
-11204
-11046
-10418
-6896
-4028
-3625
-1914
1578
4390
7044
10536
13871
16121
17208
18464
20902
21909
20674
20411
19869
16531
13393
11475
8953
5966
1848
-2537
-5020
-8007
-11803
-13086
-14111
-16881
-18429
-18789
-19067
-18501
-18023
-17197
-15428
-14811
-14205
-11687
-9202
-7158
-5075
-3363
-624
2566
4807
8169
11868
13362
14944
17420
18846
20048
20943
20629
20233
19264
17249
15737
14468
12102
8863
5835
3473
958
-1880
-3936
-5269
-7030
-9141
-10591
-11323
-12111
-12901
-13110
-13400
-14154
-14351
-14103
-13783
-13012
-12673
-12633
-11717
-10694
-10382
-9796
-6988
-3555
-3094
-1977
2302
4933
6732
10338
13529
15962
16952
17498
20386
21426
19426
19566
19720
16254
12575
10893
8875
5299
1402
-2211
-5224
-7909
-11234
-13485
-14465
-16640
-18502
-18860
-19150
-19088
-18737
-17562
-15704
-15533
-15084
-12360
-9730
-7370
-5247
-3564
-637
2147
4329
8355
11924
13150
15109
17653
18900
20389
21815
21492
20820
19997
18099
16749
15562
12781
9792
6981
3873
1555
-1041
-4062
-5334
-6822
-9955
-11472
-11699
-13263
-14361
-13959
-14420
-15445
-15475
-15363
-14889
-13897
-13874
-13446
-11979
-11520
-10959
-9315
-7311
-4494
-2563
-1496
1672
5076
7282
10726
14140
15879
17493
19064
20330
21441
21224
20232
19628
17557
14016
11727
9765
6357
2593
-1276
-4827
-7486
-10629
-13320
-14402
-16283
-18586
-19172
-19418
-19594
-18968
-18473
-17112
-15368
-15523
-14177
-9838
-7473
-6795
-4285
-1176
968
3352
7596
11599
12837
14674
18009
19559
20896
22485
22234
21941
21271
19034
18008
17144
14013
11050
8447
4966
2221
-288
-3109
-4995
-7118
-9538
-10935
-12311
-13579
-14029
-14530
-15144
-15687
-16137
-15987
-15472
-14857
-14227
-13830
-13072
-11754
-10710
-9794
-8159
-5631
-3137
-1541
689
4282
6958
9275
12991
15817
17181
18922
20314
21174
21641
20530
19444
18752
15616
11915
10234
7666
3449
-194
-3517
-6787
-9610
-12298
-14290
-15780
-17728
-19045
-19173
-19418
-19706
-18919
-17247
-16091
-15596
-13873
-11242
-9136
-6883
-4898
-2671
731
2898
5402
9624
11445
13163
16886
18290
19273
21394
21622
21589
21663
20054
18520
17509
15267
12368
10213
7139
3420
1514
-1595
-5043
-5560
-8167
-10970
-10671
-13150
-14951
-13725
-15196
-15911
-15175
-16020
-15361
-14576
-14604
-13462
-12587
-11423
-10237
-9447
-7738
-6905
-4933
-774
357
1451
5800
7924
9408
13435
15667
17104
19560
19721
20206
21866
20203
18782
18970
15356
11354
10035
6942
3065
57
-4264
-7651
-9517
-12919
-15664
-16401
-18198
-19970
-19858
-20006
-20366
-19127
-17413
-16551
-15534
-13684
-11789
-9523
-6488
-4436
-2716
616
3346
5310
8793
11365
12916
16127
18015
18405
20813
21990
20960
21577
21252
18920
18106
16555
13403
11395
8350
4563
2699
-132
-4027
-5806
-7404
-10216
-12020
-12903
-14251
-15168
-15422
-16220
-16394
-15612
-15622
-15176
-13877
-13622
-13023
-11082
-9611
-8973
-7795
-6258
-5543
-3340
342
1244
2602
6494
7799
9458
13469
15097
16812
18908
18357
19491
21097
19096
18223
18226
14446
10786
9308
5991
2030
-714
-4477
-7841
-10059
-13559
-15703
-15884
-18037
-19605
-18889
-19582
-19877
-17842
-16483
-15435
-13781
-12870
-11021
-7819
-5739
-3914
-1244
772
2728
5657
8301
10340
12432
14404
16328
18122
19260
20164
21085
21152
20226
19301
18350
16275
13831
11984
9109
5631
3223
203
-3049
-4926
-7558
-10286
-11218
-12655
-14389
-14494
-14628
-15437
-15485
-15050
-14651
-13554
-12625
-12681
-11553
-9792
-9302
-7922
-6127
-5740
-4950
-3988
-2289
1096
2334
2698
5966
8310
9121
12192
15369
16488
17212
17953
18658
18954
17892
16773
15713
12580
8666
6159
3928
825
-2878
-6127
-8703
-11649
-14222
-15373
-16168
-17396
-18374
-18510
-18267
-17535
-16359
-15120
-13021
-12203
-12329
-9062
-6481
-5709
-2202
-884
-248
3925
5060
6691
11254
11518
12817
16764
17295
18511
20494
20390
20949
20595
18868
18158
16789
14254
11780
8989
5832
2933
-107
-3383
-5501
-7557
-10718
-12216
-12706
-14414
-14852
-14323
-15070
-15232
-14516
-14183
-13096
-11747
-11656
-11276
-9620
-8442
-7688
-6216
-5176
-4778
-3991
-2956
-746
2069
2953
4032
7043
8760
9976
13191
15608
16198
16956
17533
17778
17747
16312
14929
14152
10956
6644
4641
2507
-1192
-4246
-7009
-9721
-11884
-14133
-15231
-15437
-16700
-17471
-16911
-16465
-16004
-14912
-13119
-11685
-11328
-10289
-8237
-6108
-3754
-2370
-1257
1568
3490
4543
7947
10526
11016
13416
15690
16106
18000
19735
19607
20111
19571
17472
16950
15945
13262
10637
7356
5077
2861
-1625
-3399
-4312
-8546
-10168
-10381
-12658
-13031
-12949
-13261
-12781
-13571
-13066
-11292
-11189
-10350
-9455
-9424
-8056
-7378
-7288
-5451
-4464
-4867
-3930
-3090
-3169
-941
1862
2033
3330
5855
6516
8896
12358
12993
14156
15618
14705
15217
16225
14357
13093
12253
8612
5369
3942
1473
-1295
-3679
-6833
-8946
-10033
-12195
-13204
-12821
-14162
-15163
-14199
-14145
-14344
-12858
-11385
-10931
-10564
-9754
-8193
-6018
-4426
-3466
-1606
384
1658
4516
7960
9130
10718
13565
14540
15633
18099
18748
18880
19447
17923
16624
16483
14311
11876
10205
6890
3914
2033
-963
-3393
-4853
-7380
-9243
-9889
-11420
-12213
-11263
-11523
-12484
-11884
-11413
-11222
-9951
-9333
-9506
-8912
-8479
-8535
-7665
-6321
-6474
-6074
-4091
-5338
-5807
-625
853
-276
3760
5555
5181
8957
11880
13003
14499
14873
15303
15746
15654
15313
14343
12978
10036
7074
5732
3208
813
-1161
-4996
-7124
-8244
-11166
-12044
-12066
-14083
-14802
-14799
-15861
-15560
-14506
-14043
-13028
-12690
-12915
-11132
-8500
-6625
-4854
-3206
-1267
1246
4000
7097
9749
11678
13479
15043
16672
18368
19504
19944
19596
18676
17541
16566
15513
13458
11151
8759
5696
3634
1722
-1213
-2850
-4377
-7052
-8602
-9665
-10635
-10728
-11159
-11642
-11931
-12551
-12486
-11716
-11058
-10928
-11089
-10759
-10462
-10014
-8897
-8000
-7093
-6425
-6264
-5354
-4341
-2639
479
1858
2538
5241
7336
8991
12002
14167
15201
16215
16578
16843
17473
17013
15693
14632
11944
8379
7022
5023
1812
-356
-4139
-7350
-8426
-11255
-12714
-13259
-15876
-15981
-16431
-18300
-16158
-15339
-16198
-13631
-12995
-13569
-10722
-8169
-6382
-4030
-2469
-381
2304
4430
7263
10106
11442
13006
15016
15883
16864
18283
18713
18764
18211
16790
16219
15576
13675
12096
10137
6880
4578
2790
2
-1926
-3500
-6375
-8382
-9547
-11321
-11956
-11877
-12780
-13525
-13775
-13831
-13210
-12453
-12054
-11702
-11088
-10397
-9848
-8898
-7622
-6654
-5634
-4693
-4091
-3291
-2152
173
3290
4288
4899
7991
9946
11007
14595
16662
16478
17695
17856
17257
17934
16684
14632
13534
10124
6244
4552
2081
-1446
-4288
-7447
-10467
-12269
-14302
-16274
-16714
-17345
-18438
-18183
-17939
-17844
-16119
-14271
-13354
-12409
-11071
-9034
-6394
-3651
-2065
-697
2636
4919
6562
10353
11788
12771
16107
16373
17180
19855
18729
18646
19651
17428
16473
15945
13710
12121
9794
6932
4687
2226
-342
-3056
-4759
-6482
-9683
-11214
-11857
-13560
-13652
-13431
-14477
-14264
-13444
-13117
-11863
-10457
-9975
-9024
-7215
-5921
-5217
-3938
-2580
-2095
-1125
351
748
1538
2393
1779
3393
6265
5675
6047
8902
8982
9327
12077
12691
12847
13750
12491
12279
13062
10500
8904
9131
5389
1743
1147
-1669
-4721
-5965
-9153
-11466
-11669
-13980
-15459
-14510
-15366
-16036
-14588
-14257
-13996
-12056
-10534
-9387
-7892
-7063
-5870
-3245
-971
92
1516
3654
5203
6799
9394
11098
11786
13430
14592
14532
15538
16509
15855
15375
14479
12405
11477
10650
8279
6353
4309
1373
-360
-2011
-4850
-6319
-7152
-9784
-11207
-10713
-11996
-12172
-10183
-11076
-10962
-7926
-7738
-6635
-3675
-4037
-3031
-489
-709
382
1943
1132
1330
1730
965
1113
1399
953
300
-948
-1429
241
1309
449
850
2236
2425
3683
6150
7126
7503
8070
8149
8557
8600
7805
7827
6896
3678
1760
1246
-315
-2079
-4098
-6240
-7308
-8568
-9630
-9412
-9784
-10437
-10207
-10316
-10481
-9673
-8332
-7242
-7195
-7407
-6549
-5192
-3632
-2022
-1477
-961
698
2092
3560
5797
6938
7765
9437
9858
10216
11978
12312
11572
11076
9577
9027
9296
7300
5646
5042
2484
1019
1348
-491
-1957
-1510
-2656
-3746
-3375
-3933
-3648
-2152
-2653
-3155
-1954
-1570
-1186
48
-4
-468
-119
-265
-619
-672
-1264
-2095
-2886
-4232
-5314
-5274
-5418
-6535
-7570
-8530
-9199
-7627
-5434
-5700
-5430
-3075
-2088
-377
3577
5238
6372
9006
9245
10018
12980
13002
12746
13834
11330
8812
9417
8202
5858
4504
1564
-1043
-1833
-4269
-6517
-6527
-8353
-10876
-11196
-12543
-13987
-12954
-12851
-13948
-14092
-14309
-13735
-11522
-9717
-9022
-7980
-5879
-4200
-2492
1090
3708
4583
6992
8992
9603
11939
14035
14272
14990
15023
13834
14072
14179
12497
11745
10965
8409
7299
6644
4404
4017
3494
622
26
99
-1779
-1827
-1568
-3348
-4157
-3992
-4319
-4240
-3960
-4564
-5239
-4860
-4976
-5700
-5150
-5138
-6234
-6470
-7274
-8383
-8004
-8143
-8809
-8754
-9614
-10783
-10397
-9196
-7594
-6042
-5535
-4338
-1383
1072
3689
7842
10283
11287
13830
16046
17552
19147
19250
19003
18139
15699
14377
13102
10295
7471
3733
157
-2329
-5947
-8826
-10416
-13362
-15908
-17303
-18882
-19337
-19011
-18915
-18359
-18319
-18395
-16597
-14314
-12371
-9993
-8438
-6819
-3645
-795
2125
5844
7912
9387
12181
14116
15474
17792
18846
18423
18519
18122
17060
16483
15170
13372
12070
9764
7308
5992
4041
2216
1495
-305
-2748
-3987
-4569
-4905
-5171
-5736
-6341
-6690
-6621
-6251
-5776
-5299
-5232
-5371
-5160
-4759
-4487
-4395
-4348
-4492
-4806
-4996
-5441
-5958
-5898
-5972
-6377
-6681
-7224
-7835
-8019
-7076
-4961
-4113
-4299
-2255
446
2141
5300
8438
9661
11537
13458
14425
16347
17257
16286
16257
15167
12305
11288
9911
6466
4011
895
-2887
-4435
-7006
-10306
-11170
-12984
-15326
-15704
-16561
-17145
-16323
-15678
-15116
-14741
-13935
-12232
-10316
-7580
-5577
-4743
-2309
329
2089
4970
7548
8612
9957
11558
12307
13310
14698
14458
13777
13725
12156
10922
10917
8619
6121
5200
2738
718
263
-1705
-3095
-3234
-4957
-5525
-4147
-4305
-4077
-2650
-2817
-2264
-14
756
1549
3332
3499
3571
4938
5334
5182
5497
4919
3860
3143
1949
728
-202
-2166
-4650
-6465
-8303
-10330
-11992
-13604
-15408
-17003
-18200
-19286
-18791
-16276
-15248
-14750
-11498
-8632
-5835
-53
4652
7739
11929
14851
17711
21864
23131
22774
23619
22473
19877
19248
18079
14998
12611
9558
5408
2974
-18
-4105
-5977
-8454
-12034
-13292
-15048
-17452
-17465
-17603
-18476
-18448
-18541
-18305
-16541
-14444
-13496
-12131
-9586
-7804
-5191
-1814
165
3225
5636
6881
10506
11842
12292
15847
15827
14980
16534
14932
14200
14698
12148
10822
9695
6903
5523
3951
2245
1338
-529
-1883
-2563
-3807
-4044
-3737
-4511
-5110
-4771
-4631
-4403
-3566
-3511
-3677
-2610
-1919
-1907
-977
-336
-539
81
498
-75
113
209
-667
-962
-1541
-2912
-3644
-4559
-5729
-6236
-7174
-8158
-8771
-9877
-9428
-7163
-6545
-6567
-4512
-2160
8
3400
6372
8356
10656
12541
14508
16807
17281
17223
17658
16091
13987
12936
10833
8333
5971
2502
-414
-2617
-5642
-7870
-9242
-11426
-13288
-14439
-15564
-15911
-15662
-15395
-15356
-15665
-15094
-13812
-12619
-10643
-9251
-8912
-6838
-4188
-2608
32
2680
4020
6131
8181
9470
11802
13357
13302
13976
14032
12782
12530
12091
10335
8724
6759
4360
2993
1480
-839
-1664
-2088
-4477
-5712
-4795
-5030
-5090
-3804
-3600
-3440
-2086
-925
431
1982
2627
3123
4234
5154
5686
6589
7372
7331
7236
7047
6569
6486
5768
4084
2924
1482
-883
-2667
-4641
-7333
-9009
-10742
-13454
-14855
-15771
-17839
-18338
-16609
-15601
-15193
-13375
-10640
-7686
-3874
212
3757
7181
10096
12807
16297
18630
19118
20038
20151
18534
17958
17188
14544
12620
10302
6455
4272
2156
-1572
-3626
-5375
-8619
-10462
-11953
-14426
-15120
-15161
-16681
-17476
-17517
-18332
-17863
-15940
-15144
-14509
-12759
-11035
-8844
-5851
-3067
-342
2235
4452
6825
9392
11877
13540
14423
15285
15420
15331
15433
14292
13148
12170
9645
7781
6748
4406
2583
1754
-75
-2035
-2517
-2958
-4002
-3492
-3461
-5019
-3852
-2780
-3781
-1909
-774
-1973
-318
929
1061
3094
3704
3910
5701
6182
6693
8149
8394
8440
8666
7710
6494
5808
4380
2202
297
-2204
-5479
-8039
-10370
-13000
-15014
-16853
-18787
-19766
-20043
-20120
-18832
-16528
-15401
-14095
-10625
-7331
-4274
289
3895
6561
10224
12713
14660
17600
18631
18528
19251
18206
16353
15941
14558
12176
10213
7166
4130
2432
-112
-2810
-4182
-6458
-9379
-10916
-12350
-13966
-14387
-14789
-16051
-16706
-16381
-15825
-14555
-12566
-11359
-10324
-7678
-4835
-2483
1000
4096
5851
8514
10988
12218
14504
16300
16002
16366
16430
14647
13905
13221
10729
9105
7406
4055
2121
817
-1840
-3289
-4074
-6309
-7734
-8002
-8804
-8777
-8244
-8725
-8437
-7586
-7089
-5384
-4064
-3288
-1011
188
1257
4382
5847
6871
9512
10721
11589
12930
13367
14036
13972
12919
12264
10795
8786
6893
4361
1788
-1189
-4759
-7620
-10360
-13455
-15942
-18079
-20161
-21352
-21685
-21772
-21448
-20813
-20244
-19043
-16747
-14155
-11832
-9343
-6222
-2847
670
4720
8514
11510
14437
17086
19230
21069
21820
21850
21760
20646
19309
18463
16651
14365
12253
9253
6383
4050
784
-2183
-4260
-7042
-9595
-11425
-13664
-15167
-15725
-16508
-16801
-16760
-16859
-15898
-14243
-12763
-10908
-8980
-7003
-4414
-1886
653
3461
5522
7416
9759
11443
12790
14097
14514
14662
14756
14053
13110
12068
10377
8581
6823
4470
2142
238
-2084
-4201
-5683
-7764
-9485
-10151
-11296
-12144
-12192
-12576
-12450
-11676
-10849
-9507
-8224
-6973
-5130
-3085
-1050
930
3209
5188
6366
8551
10546
10932
12247
13389
12990
13275
13281
12343
11682
10414
8759
7246
5306
3386
1543
-411
-2501
-4767
-6553
-8132
-9796
-10926
-11990
-13117
-13840
-14508
-14756
-14374
-14156
-13848
-13096
-12270
-11123
-9537
-7516
-4938
-2740
-832
2098
5053
7365
10399
13219
14831
16588
17999
18559
19329
19190
17990
17214
15499
12890
11216
8949
5766
3281
431
-2687
-4827
-7177
-9563
-10946
-12469
-13920
-14522
-15171
-15375
-14762
-14443
-13962
-12876
-11878
-10600
-8742
-6846
-5118
-3314
-1221
800
2832
5287
7332
8752
10359
11699
12548
13561
14124
13763
13256
12429
11018
9722
8081
5802
3895
1793
-893
-2851
-4628
-6810
-8139
-9271
-10826
-11407
-11646
-12169
-11616
-11047
-11039
-9796
-8569
-7851
-5834
-4350
-3642
-1458
410
1440
3419
5237
6356
7678
9172
10411
11068
11735
12376
12333
12189
11703
10757
10009
8634
6921
5676
3842
1700
96
-1651
-3348
-4517
-5795
-7173
-7854
-8216
-8780
-8800
-8496
-8519
-8029
-7280
-6952
-6223
-5435
-5017
-4135
-3322
-3095
-2654
-2195
-2016
-1567
-1114
-1048
-829
-589
-756
-216
1408
2130
1983
3219
4685
5061
6551
8299
8436
9030
9559
9120
9844
9789
8100
7835
6757
3946
3063
2156
-271
-1493
-3060
-5312
-5807
-6796
-8360
-8007
-8237
-9400
-9124
-9022
-9098
-8005
-7377
-7042
-6161
-5696
-4772
-2970
-1606
-537
513
1643
3266
4658
5940
7576
8285
8537
9567
10004
10023
10486
9751
8740
8396
6735
5334
4621
2432
986
-282
-2853
-3776
-5033
-7207
-7059
-7757
-9535
-9347
-9402
-9626
-8916
-8512
-8111
-7669
-6864
-5750
-5049
-3850
-2966
-2557
-1107
-104
544
2107
2950
3505
4789
5534
6070
7077
7683
7821
8046
8113
7738
7412
7157
6358
5406
4624
3348
2086
1441
325
-966
-1544
-2628
-3788
-3802
-4155
-4782
-4577
-4817
-5135
-4457
-4185
-4101
-3297
-3025
-2865
-1931
-1547
-1287
-241
204
341
1144
1504
1710
2630
3046
2963
3463
3701
3485
3852
3988
3496
3570
3516
2785
2665
2619
1876
1546
1331
558
152
-46
-697
-1083
-1256
-1885
-2343
-2535
-3092
-3439
-3418
-3885
-4436
-4531
-4906
-5295
-4994
-5054
-5562
-5294
-5021
-5034
-4326
-3795
-3491
-2533
-1900
-1226
187
1133
1898
3133
4086
4707
5527
6458
6801
6972
7477
7149
6665
6804
5930
4934
4642
3412
2022
1189
-34
-1229
-2136
-3029
-3966
-4944
-5498
-5749
-5866
-5790
-5914
-5747
-5137
-4616
-3654
-2623
-2039
-923
295
1061
2415
3700
4228
5204
6176
6482
7130
7563
7319
7443
7242
6341
5856
5074
3626
2653
1586
-33
-1318
-2615
-4089
-5015
-5936
-7136
-7832
-8258
-8801
-8957
-8742
-8634
-8453
-7895
-7209
-6419
-5391
-4512
-3663
-2474
-1389
-350
1029
2157
2994
4013
4848
5638
6607
7025
7224
7669
7538
7286
7470
6983
6143
5752
4897
3802
3219
2324
1222
537
-415
-1411
-1913
-2675
-3365
-3484
-3975
-4458
-4284
-4405
-4573
-4094
-3781
-3544
-2885
-2482
-2079
-1165
-467
266
1205
1593
2249
3115
3282
3992
4687
4306
4438
4593
3970
3592
3066
2411
1639
307
-576
-1595
-3078
-3722
-4522
-5652
-6191
-6987
-7440
-7066
-6906
-6359
-5430
-4936
-3946
-2373
-1069
454
2072
3079
4103
5320
6116
6859
7466
7420
7297
7106
6543
6082
5406
4352
3471
2369
1128
237
-882
-2010
-2789
-3954
-5078
-5706
-6548
-7163
-7282
-7734
-8016
-7740
-7630
-7262
-6313
-5513
-4675
-3443
-2191
-914
558
2041
3290
4447
5675
6615
7342
8126
8480
8554
8732
8451
7904
7504
6687
5729
4935
3674
2441
1548
235
-895
-1607
-2910
-4103
-4674
-5577
-6365
-6672
-7306
-7770
-7740
-7841
-7587
-6993
-6703
-6009
-4882
-3952
-2694
-1168
117
1507
3029
4377
5689
6999
7954
8690
9391
9452
9322
9436
8685
7740
7187
5664
4083
3072
1422
-66
-1260
-2933
-4191
-5191
-6341
-6985
-7504
-8109
-8369
-8471
-8456
-8214
-7837
-7310
-6683
-5941
-5078
-4147
-3139
-2081
-957
186
1325
2391
3359
4281
5128
5865
6379
6698
6860
6758
6478
6164
5622
4846
4061
3101
2083
1183
208
-710
-1487
-2328
-3071
-3482
-3835
-4146
-4201
-4204
-4162
-3916
-3588
-3185
-2703
-2267
-1792
-1250
-700
-101
438
929
1509
1980
2389
2971
3352
3550
3941
4049
3960
4124
3913
3505
3329
2716
2043
1643
839
100
-397
-1211
-1871
-2262
-2763
-3080
-3149
-3239
-3210
-2986
-2711
-2352
-1837
-1310
-849
-300
183
503
953
1285
1357
1568
1648
1423
1397
1346
999
817
676
285
-4
-153
-441
-725
-842
-1050
-1347
-1444
-1577
-1779
-1751
-1802
-1960
-1873
-1868
-1921
-1619
-1404
-1303
-901
-611
-454
-1
477
776
1135
1503
1691
1896
2199
2329
2337
2317
2112
1895
1731
1442
1132
784
370
-14
-384
-675
-976
-1292
-1433
-1663
-1918
-1874
-1926
-2038
-1882
-1810
-1817
-1619
-1384
-1190
-901
-533
-238
92
609
1055
1476
2062
2477
2789
3239
3556
3730
3904
3915
3764
3593
3271
2860
2456
1899
1289
690
85
-529
-1123
-1533
-1970
-2425
-2640
-2855
-3021
-2971
-2891
-2779
-2578
-2374
-2128
-1787
-1500
-1186
-788
-516
-262
94
380
575
856
1110
1169
1313
1479
1369
1328
1354
1078
842
701
359
-22
-301
-581
-998
-1305
-1410
-1760
-1956
-1829
-2021
-1995
-1684
-1748
-1511
-1085
-1042
-695
-287
-230
87
458
551
747
979
989
1019
1195
1177
1156
1300
1159
1088
1207
965
897
978
612
500
482
92
26
8
-341
-435
-425
-635
-641
-515
-535
-486
-308
-125
17
277
568
671
887
1145
1191
1338
1524
1501
1480
1491
1400
1267
1143
998
752
508
349
118
-60
-174
-415
-591
-689
-778
-818
-858
-859
-930
-1030
-934
-845
-925
-836
-748
-921
-847
-663
-771
-685
-496
-607
-528
-286
-332
-288
-132
-258
-330
-255
-361
-478
-538
-708
-891
-1054
-1183
-1269
-1429
-1552
-1573
-1659
-1676
-1483
-1368
-1307
-994
-747
-587
-104
249
459
971
1287
1576
2122
2345
2641
3047
3054
3281
3501
3325
3421
3359
2991
2950
2672
2163
1955
1465
840
497
-131
-770
-1124
-1766
-2314
-2555
-3062
-3366
-3343
-3565
-3561
-3249
-3137
-2859
-2298
-1924
-1513
-813
-293
145
860
1427
1766
2331
2818
2945
3255
3517
3391
3415
3425
3113
2846
2595
2106
1561
1142
615
-43
-531
-1043
-1690
-2112
-2505
-2960
-3201
-3455
-3669
-3699
-3786
-3728
-3534
-3417
-3074
-2675
-2380
-1856
-1384
-1011
-446
-13
375
862
1170
1495
1819
1974
2191
2354
2325
2384
2384
2152
2077
1956
1590
1414
1198
755
503
255
-197
-464
-691
-1078
-1279
-1412
-1648
-1714
-1697
-1776
-1693
-1529
-1477
-1273
-956
-784
-481
-33
170
499
933
1115
1404
1737
1895
2039
2209
2227
2211
2281
2185
2063
1980
1824
1606
1377
1180
853
524
306
-33
-375
-563
-885
-1189
-1319
-1602
-1761
-1769
-1969
-2000
-1923
-2032
-1942
-1777
-1755
-1512
-1269
-1175
-884
-640
-507
-195
16
155
462
639
787
1037
1130
1237
1367
1355
1393
1403
1300
1216
1102
950
755
536
354
92
-197
-362
-627
-930
-1042
-1252
-1455
-1426
-1506
-1578
-1448
-1405
-1361
-1140
-967
-836
-587
-361
-215
-7
212
319
433
602
658
676
772
796
730
758
803
717
732
802
721
776
874
798
883
980
868
964
1041
866
987
1019
799
966
953
640
750
669
340
394
245
-94
-157
-319
-625
-800
-955
-1224
-1429
-1558
-1745
-1946
-2046
-2109
-2248
-2216
-2127
-2164
-2007
-1766
-1637
-1360
-1026
-795
-433
-28
264
644
1029
1258
1560
1885
2005
2169
2353
2313
2324
2347
2116
1914
1759
1399
1075
819
416
1
-330
-707
-1108
-1367
-1638
-1988
-2135
-2228
-2429
-2423
-2341
-2371
-2145
-1837
-1667
-1250
-815
-487
66
552
960
1505
1910
2267
2700
2969
3158
3350
3395
3374
3293
3106
2872
2511
2136
1749
1191
737
282
-354
-790
-1184
-1750
-2080
-2309
-2671
-2830
-2845
-2952
-2892
-2703
-2567
-2324
-1961
-1632
-1294
-847
-414
-53
355
764
1080
1407
1736
1938
2114
2250
2297
2335
2233
2086
2015
1707
1444
1297
785
488
240
-354
-570
-895
-1440
-1604
-1934
-2301
-2371
-2635
-2812
-2762
-2912
-2873
-2714
-2714
-2490
-2231
-2056
-1711
-1373
-1099
-729
-355
-27
339
679
970
1267
1532
1761
1973
2127
2255
2349
2374
2388
2331
2198
2104
1927
1685
1499
1221
905
673
356
58
-133
-408
-615
-695
-895
-1024
-1018
-1127
-1152
-1018
-993
-919
-706
-588
-453
-220
-38
122
315
510
657
770
937
1041
1063
1183
1253
1203
1280
1310
1172
1161
1133
920
850
810
566
437
380
108
-78
-151
-429
-656
-734
-980
-1203
-1252
-1424
-1598
-1568
-1612
-1699
-1582
-1507
-1534
-1369
-1216
-1194
-994
-788
-728
-516
-315
-262
-84
55
64
176
245
212
262
277
225
218
183
117
66
-21
-87
-143
-253
-305
-328
-421
-429
-392
-434
-391
-310
-328
-291
-207
-180
-102
-3
79
204
333
480
631
726
858
968
1021
1132
1184
1180
1253
1264
1218
1236
1192
1086
1056
1012
891
828
774
627
551
518
379
297
278
159
98
87
-60
-147
-164
-314
-375
-380
-545
-588
-570
-699
-697
-666
-767
-729
-685
-729
-660
-617
-605
-477
-382
-283
-130
-57
57
204
238
334
420
388
464
508
428
427
363
232
200
101
-29
-106
-263
-399
-497
-674
-801
-897
-1055
-1136
-1185
-1308
-1356
-1365
-1427
-1410
-1345
-1343
-1299
-1170
-1081
-1010
-835
-693
-637
-422
-211
-151
65
284
349
561
767
827
1002
1155
1176
1297
1398
1368
1412
1472
1412
1402
1430
1339
1289
1285
1172
1100
1079
969
890
889
795
682
672
567
426
407
277
108
67
-63
-227
-267
-374
-519
-553
-628
-723
-739
-788
-833
-815
-809
-777
-691
-608
-509
-394
-280
-171
-78
29
126
204
312
400
467
557
604
629
675
659
616
590
500
375
270
131
-17
-157
-332
-505
-674
-857
-1027
-1203
-1381
-1519
-1661
-1772
-1826
-1907
-1945
-1905
-1894
-1808
-1629
-1502
-1309
-1053
-871
-613
-313
-105
177
480
688
966
1249
1412
1596
1761
1816
1879
1918
1904
1881
1799
1696
1564
1389
1227
1030
782
592
374
113
-41
-238
-441
-543
-671
-763
-799
-815
-811
-770
-674
-587
-471
-297
-156
15
256
445
627
840
980
1109
1244
1296
1329
1344
1265
1171
1074
897
710
525
286
48
-178
-433
-671
-895
-1117
-1293
-1457
-1603
-1680
-1734
-1759
-1722
-1677
-1600
-1462
-1318
-1141
-937
-752
-546
-324
-119
99
304
475
645
792
897
983
1042
1060
1057
1021
945
841
706
546
386
199
3
-174
-371
-563
-722
-892
-1043
-1154
-1266
-1348
-1378
-1403
-1378
-1294
-1201
-1062
-873
-684
-471
-225
8
243
493
725
961
1205
1415
1622
1817
1968
2119
2242
2313
2371
2357
2276
2178
2005
1798
1568
1281
999
684
342
51
-267
-585
-834
-1090
-1328
-1517
-1682
-1797
-1893
-1944
-1919
-1868
-1768
-1628
-1475
-1271
-1064
-877
-641
-417
-230
-18
177
339
514
653
741
820
863
871
871
836
777
717
628
524
417
299
188
88
-8
-98
-201
-297
-373
-454
-522
-564
-610
-638
-652
-680
-696
-698
-696
-675
-669
-660
-608
-561
-526
-466
-412
-362
-296
-252
-210
-143
-75
-4
86
167
244
325
400
475
552
623
691
766
847
912
963
1001
1013
1021
1012
970
922
854
753
649
526
390
262
123
-23
-160
-289
-408
-510
-608
-691
-751
-787
-803
-806
-794
-761
-705
-625
-528
-420
-287
-147
-18
112
242
369
480
567
663
752
801
844
881
874
854
825
765
689
594
479
349
212
71
-71
-216
-361
-499
-622
-734
-836
-918
-988
-1046
-1077
-1080
-1070
-1042
-991
-917
-827
-713
-578
-429
-277
-126
25
173
307
421
515
589
639
668
680
671
642
598
537
456
356
247
130
4
-123
-245
-373
-501
-612
-701
-771
-819
-841
-842
-825
-786
-731
-666
-585
-481
-360
-227
-82
73
237
399
560
711
848
963
1057
1129
1183
1222
1243
1242
1220
1175
1104
1014
906
780
642
500
348
183
23
-129
-276
-417
-541
-651
-752
-833
-886
-920
-939
-941
-921
-880
-819
-730
-620
-502
-367
-217
-70
62
197
337
456
549
629
698
754
793
816
815
795
754
683
582
465
336
196
48
-107
-262
-410
-552
-684
-804
-912
-1008
-1092
-1163
-1213
-1239
-1242
-1222
-1179
-1111
-1020
-913
-792
-656
-504
-340
-168
10
189
364
527
675
810
926
1022
1096
1151
1185
1201
1192
1157
1099
1022
928
817
696
569
439
311
174
38
-100
-231
-350
-450
-532
-595
-638
-662
-671
-661
-635
-588
-525
-452
-375
-287
-190
-88
15
120
227
326
410
481
546
605
653
681
692
690
673
635
580
513
429
334
228
118
5
-108
-216
-316
-408
-495
-577
-653
-721
-779
-822
-849
-861
-860
-845
-811
-754
-687
-614
-537
-448
-348
-239
-131
-21
87
183
263
331
387
438
478
505
517
516
498
465
419
366
307
236
162
85
9
-67
-145
-215
-274
-321
-355
-375
-386
-384
-368
-345
-306
-253
-184
-109
-30
50
137
225
314
403
484
557
619
669
706
728
737
734
718
691
653
606
549
476
392
301
207
113
15
-79
-168
-254
-334
-409
-474
-526
-569
-599
-620
-627
-619
-600
-569
-527
-474
-416
-355
-294
-227
-159
-94
-28
36
96
151
196
232
256
268
266
257
245
226
197
161
120
77
27
-29
-83
-134
-186
-235
-272
-296
-311
-324
-333
-336
-336
-330
-315
-288
-254
-214
-169
-119
-70
-23
21
65
107
145
179
211
238
263
286
305
318
320
314
302
289
277
267
257
246
232
215
199
182
163
144
125
107
89
74
59
44
30
16
5
-2
-4
-3
-1
-1
1
0
0
-1
-6
-10
-15
-17
-15
-15
-15
-18
-22
-25
-29
-34
-40
-47
-56
-69
-81
-96
-110
-125
-137
-150
-161
-171
-179
-184
-186
-187
-187
-185
-180
-173
-166
-160
-152
-142
-130
-113
-93
-73
-54
-37
-24
-16
-10
-6
-1
7
19
33
48
60
67
71
75
75
77
78
82
83
85
84
82
78
74
70
64
59
55
53
56
63
66
69
70
71
70
69
65
64
65
74
80
85
88
89
88
88
89
90
93
94
97
96
94
88
82
72
60
48
33
23
14
9
9
7
2
-8
-21
-37
-53
-69
-84
-97
-109
-120
-130
-143
-152
-161
-166
-167
-166
-161
-154
-146
-135
-124
-113
-105
-97
-86
-72
-56
-39
-24
-11
1
9
15
20
23
24
24
23
22
19
13
7
-2
-11
-17
-22
-25
-25
-22
-18
-12
-7
-1
6
15
22
30
37
45
55
68
80
90
97
101
104
109
115
122
127
128
126
124
120
115
107
99
86
74
62
49
36
21
4
-13
-28
-38
-51
-61
-73
-81
-84
-85
-84
-84
-84
-82
-75
-68
-65
-60
-54
-44
-33
-23
-14
-6
0
6
9
10
8
6
3
-3
-6
-10
-14
-17
-19
-21
-24
-28
-32
-37
-41
-44
-45
-43
-38
-31
-21
-11
-3
5
11
17
21
24
27
31
34
38
42
46
48
50
49
46
42
37
32
26
22
17
12
9
5
1
-5
-11
-19
-26
-32
-37
-41
-44
-49
-55
-64
-67
-67
-65
-60
-53
-43
-31
-19
-8
-2
4
9
16
25
34
42
48
52
55
55
53
51
49
47
47
47
45
39
33
27
24
20
17
9
3
-3
-5
-6
-8
-14
-19
-23
-20
-18
-15
-10
-6
-3
2
3
4
3
2
4
6
10
14
20
24
29
33
36
37
37
37
33
31
27
22
18
14
11
6
0
-7
-17
-24
-30
-35
-43
-49
-56
-63
-70
-74
-77
-79
-82
-85
-89
-95
-99
-98
-96
-94
-89
-81
-72
-61
-50
-40
-29
-19
-8
3
13
22
32
43
53
63
72
81
85
87
89
89
88
88
86
85
82
77
72
64
57
49
41
34
27
23
16
11
6
1
-2
-6
-8
-10
-11
-10
-9
-10
-9
-9
-9
-8
-6
-4
-1
1
3
5
11
13
16
18
18
19
21
23
23
20
16
11
5
-1
-7
-15
-23
-31
-39
-46
-54
-59
-63
-68
-74
-77
-84
-88
-91
-92
-89
-85
-79
-72
-65
-59
-52
-45
-39
-31
-24
-16
-9
1
9
18
25
31
37
42
47
50
55
60
61
62
62
61
59
57
54
54
53
53
52
51
47
43
41
37
33
30
28
25
23
21
19
15
13
11
9
8
8
7
7
7
7
5
3
3
3
1
1
0
-1
-2
-3
-3
-3
-3
-5
-7
-9
-12
-15
-18
-21
-23
-27
-29
-30
-34
-35
-37
-37
-39
-41
-45
-50
-54
-57
-60
-64
-65
-65
-63
-58
-50
-43
-39
-34
-29
-25
-18
-12
-7
1
5
12
17
21
26
31
35
39
43
47
50
54
54
54
52
52
49
44
42
40
39
38
37
36
33
29
25
18
13
9
7
5
4
2
2
-1
-4
-6
-9
-10
-12
-11
-8
-6
-2
1
5
7
8
10
11
12
13
16
14
14
13
11
9
6
3
2
0
-3
-7
-12
-18
-22
-27
-31
-35
-38
-44
-48
-51
-55
-58
-59
-58
-59
-59
-57
-54
-49
-41
-35
-27
-20
-14
-9
-5
0
7
13
22
31
40
46
52
55
55
53
52
48
46
44
42
40
38
34
30
25
18
14
7
2
-3
-8
-11
-15
-18
-22
-24
-25
-25
-26
-25
-23
-20
-16
-14
-9
-4
0
4
10
15
21
25
30
34
38
42
43
44
42
40
37
34
30
27
24
20
17
12
6
1
-5
-12
-19
-26
-35
-41
-48
-51
-55
-57
-60
-61
-62
-59
-57
-53
-47
-41
-36
-28
-22
-16
-11
-7
-2
3
9
15
22
28
34
36
37
37
35
35
34
30
28
25
19
15
9
4
0
-4
-7
-10
-11
-12
-13
-15
-17
-18
-20
-18
-19
-18
-18
-18
-16
-13
-10
-5
1
6
11
15
17
19
21
23
25
29
31
32
34
34
33
31
29
26
22
20
17
13
11
8
5
1
-2
-6
-9
-12
-14
-17
-19
-20
-21
-22
-23
-23
-25
-24
-24
-23
-21
-18
-16
-14
-12
-9
-7
-6
-4
-1
4
6
11
11
14
15
15
16
16
16
15
13
10
7
4
2
-1
-3
-4
-7
-8
-11
-13
-15
-18
-20
-21
-22
-24
-24
-23
-22
-20
-15
-12
-9
-7
-4
-4
-4
-2
0
3
6
9
13
16
18
21
23
24
26
27
28
28
28
28
26
24
22
19
16
13
9
6
3
0
-2
-4
-7
-11
-14
-17
-19
-20
-21
-20
-19
-18
-17
-16
-16
-14
-13
-10
-7
-4
-1
1
3
4
6
7
9
10
12
15
16
17
15
14
12
12
11
10
7
7
4
1
-1
-3
-5
-7
-8
-10
-12
-14
-16
-16
-17
-17
-17
-15
-14
-12
-10
-9
-9
-6
-5
-2
0
3
4
5
6
3
3
3
4
3
3
3
2
1
2
1
1
1
2
2
3
1
-1
-1
0
0
0
0
0
0
2
2
4
3
3
4
2
2
1
0
1
0
0
1
1
2
2
3
4
4
4
5
5
6
6
5
6
7
8
9
9
7
6
5
3
0
0
-1
-2
-2
-2
-3
-4
-6
-9
-9
-11
-12
-11
-12
-11
-12
-13
-12
-12
-13
-13
-12
-9
-6
-3
-1
1
2
3
2
4
4
5
6
8
9
10
9
9
7
6
4
4
2
2
2
2
1
0
0
-2
-3
-4
-5
-5
-4
-3
-2
-2
0
0
0
-1
-1
-1
-1
-1
0
0
2
1
2
1
1
2
1
2
3
2
2
3
1
1
2
0
0
0
0
0
1
1
1
1
1
1
1
0
0
-1
0
1
1
3
2
3
2
3
2
0
0
0
-1
1
1
1
0
-1
-2
-2
-4
-4
-5
-5
-5
-5
-6
-7
-6
-5
-6
-5
-5
-4
-2
-2
0
1
2
2
2
2
1
2
1
1
1
2
3
2
3
4
3
3
3
3
2
1
1
0
0
0
0
1
0
0
1
0
2
2
2
2
1
0
1
-1
0
0
0
0
-1
1
0
0
-1
-1
-2
-3
-2
-1
0
-1
-2
-1
-1
-1
-1
-1
0
0
0
-1
0
0
0
0
1
-1
0
0
-1
-1
-1
-2
-2
-3
-2
-2
-3
-3
-2
-2
-2
0
0
0
1
0
1
2
2
3
4
5
4
3
1
2
1
1
0
0
0
0
0
2
1
1
0
1
1
1
1
1
2
2
3
4
3
3
3
3
2
2
2
1
2
0
-1
-2
-3
-4
-5
-7
-6
-6
-5
-5
-4
-5
-6
-5
-6
-5
-5
-3
-3
-1
-1
0
1
2
3
3
3
3
3
3
4
6
6
5
5
4
3
3
2
2
1
0
1
1
1
2
0
0
-1
0
-1
-2
-3
-3
-4
-4
-4
-5
-4
-4
-2
-3
-1
-2
-2
0
1
1
3
4
5
4
5
5
5
4
5
4
6
4
6
4
3
2
2
1
1
-1
0
-2
-2
-3
-3
-3
-3
-3
-3
-3
-3
-3
-1
-2
-2
-3
-2
-2
-2
-2
-2
-2
-2
-2
-2
-2
-3
-2
-2
-1
-2
-2
-3
-1
0
0
1
1
2
2
2
1
1
2
1
0
0
0
1
0
0
0
1
1
0
1
1
0
2
2
3
3
3
2
2
2
3
3
3
4
4
3
3
1
1
-1
1
0
0
0
0
0
0
0
-1
-1
-1
-1
-1
0
-1
-1
-1
-2
-1
-2
-3
-2
-3
-3
-3
-3
-2
-3
-3
-4
-3
-2
-1
-1
-1
-1
-1
0
0
1
3
3
4
5
6
5
4
4
5
3
2
2
1
2
0
1
-2
-1
0
-1
-1
-1
-1
0
0
0
1
0
-1
-1
-2
-1
0
0
2
1
1
1
2
2
1
1
2
2
-1
0
-1
0
0
-1
0
-1
-2
-2
-2
-3
-2
-2
-3
-2
-2
-4
-4
-2
-3
-2
-2
-1
-1
0
1
0
0
0
-1
2
1
3
2
4
2
3
2
2
1
2
2
2
2
2
2
1
1
0
0
-1
-1
-1
0
0
0
0
1
0
0
0
0
1
1
1
1
1
1
1
0
0
0
0
0
0
0
0
0
0
1
1
0
0
1
-1
-1
-1
-1
-2
-1
-1
0
-1
-1
-1
-1
-1
-2
0
0
0
0
0
0
-1
0
0
-1
0
-1
-1
-2
-1
-1
-1
-1
-1
0
0
0
0
0
0
0
0
0
0
0
0
0
1
1
1
2
2
2
1
1
0
1
0
1
1
1
1
1
0
0
0
0
-1
1
0
0
0
1
1
2
0
0
0
-1
-1
-1
0
0
0
0
0
-1
0
-1
0
0
0
0
-1
-1
-1
-1
-2
-1
-1
-1
-1
0
0
1
-1
2
0
0
2
-1
1
1
-1
2
1
-1
4
-3
4
-3
1
-1
1
1
0
0
1
1
2
0
-1
-1
0
1
2
0
0
1
0
0
1
0
0
1
0
0
0
-1
1
0
0
-1
-1
-1
-1
-2
-1
-1
-1
-1
-1
-1
-1
0
0
0
0
0
0
0
0
0
1
1
1
1
0
1
-1
0
-1
0
0
0
0
0
-1
0
-1
1
0
0
0
0
0
-1
0
-2
-1
-2
-1
-1
-1
-1
-2
0
-1
0
1
0
0
0
0
0
0
1
0
0
1
1
1
1
-1
1
-1
0
0
0
1
0
1
2
0
2
1
-1
2
-4
3
-3
2
-1
0
0
0
1
0
1
0
0
0
0
0
0
0
1
0
0
0
1
0
1
1
0
0
0
0
-1
0
-1
0
-1
-1
-1
-1
0
0
0
0
0
0
0
0
0
-1
0
0
0
0
0
0
0
0
0
-1
0
1
0
0
0
0
0
0
0
-1
1
0
0
0
1
0
1
0
0
0
0
0
0
0
-1
0
1
0
0
0
1
0
0
0
0
-1
1
1
0
0
1
0
0
0
0
0
0
0
1
-2
0
0
0
1
0
0
1
-1
1
0
-1
1
-4
4
-3
2
0
0
0
-1
0
-1
1
0
1
0
0
1
0
2
0
1
1
1
1
1
1
2
2
2
2
2
2
1
1
-1
0
0
0
0
1
0
0
0
-1
-1
-2
-2
-3
-4
-3
-2
-2
-3
-2
-1
0
-1
-1
0
0
0
0
1
1
1
0
0
-1
0
0
-1
-1
-1
-1
-1
-2
-2
-2
-2
-2
-2
-2
0
0
0
1
1
1
2
1
1
1
1
1
1
0
-1
1
-1
0
-1
0
0
0
0
-1
0
0
0
0
0
-1
-1
-1
-1
0
-1
0
0
0
1
1
1
1
1
1
1
1
1
1
0
1
1
1
2
0
0
0
0
-1
0
-1
0
1
0
0
1
0
0
0
0
0
0
1
1
1
1
2
0
1
0
1
1
0
0
0
0
0
-2
-1
-1
-2
-2
-2
-1
-2
-2
-2
-2
-2
-2
-2
-3
-2
-1
-1
-1
-1
0
-1
0
0
0
0
0
0
-1
0
-1
0
0
0
0
1
0
0
0
0
0
0
1
1
1
1
1
1
1
0
0
0
0
1
0
-1
0
1
0
0
0
0
0
0
0
-1
-1
0
0
0
1
0
-1
0
1
0
2
2
2
1
2
1
2
