SAMPLES:	16314
BITSPERSAMPLE:	16
CHANNELS:	1
SAMPLERATE:	16000
NORMALIZED:	FALSE
-1
-1
-1
-1
0
-2
-1
-2
-2
-2
-2
-2
-3
-3
-2
-3
-1
-1
-1
-2
0
0
0
0
0
1
1
2
1
1
1
1
1
1
1
1
1
1
2
2
1
1
1
1
1
1
1
1
0
1
-1
1
0
-1
1
0
0
2
0
1
0
-1
3
-3
2
-3
2
-1
0
0
0
1
0
0
1
0
0
0
1
0
0
0
0
0
0
-1
-1
-1
-1
-1
-1
0
0
0
0
1
0
1
1
-1
0
0
0
0
0
0
0
0
0
0
0
1
0
0
1
0
0
0
1
1
1
1
1
2
3
3
3
3
3
2
2
2
1
2
0
0
0
-1
-1
0
0
0
0
0
0
0
0
0
0
-1
0
1
0
0
-1
-1
-1
-1
-1
-2
-2
-1
-2
-2
-2
-2
-3
-1
-2
-2
-1
0
0
0
1
0
0
0
0
0
0
0
0
1
1
0
1
-1
0
0
0
0
0
0
0
0
1
1
1
1
1
1
0
0
0
1
1
1
1
1
1
1
1
1
2
2
1
3
2
3
2
2
3
2
1
1
0
0
1
-1
0
0
-1
-1
-1
0
-1
-1
-2
-1
-1
-1
0
1
0
0
1
-1
-1
0
0
0
-1
-1
-1
-1
-1
-1
-1
-1
-2
-1
-1
-1
1
0
0
0
0
1
0
-1
-1
0
0
0
-1
0
0
0
0
0
-1
0
0
0
0
0
0
2
1
2
2
1
2
1
1
1
0
2
1
-1
1
-4
3
-2
2
-1
-1
-1
-1
0
1
0
-1
0
0
1
1
1
1
0
1
0
0
0
0
0
0
0
0
-1
-1
-1
-2
-1
-1
-1
0
0
0
0
0
0
1
1
1
1
2
1
0
0
0
0
0
0
1
0
-1
-1
1
1
0
0
0
-2
0
0
-1
-1
-1
0
0
0
0
1
0
0
0
1
0
0
0
0
0
-1
1
1
1
1
1
1
1
1
1
1
0
-1
-1
0
0
0
0
-1
0
0
0
0
0
1
-1
1
0
1
1
1
0
1
-1
1
0
-1
3
-5
3
-2
0
-2
-1
-1
-1
-1
-1
-1
-1
0
0
0
-1
0
-1
0
0
0
0
0
-1
0
0
0
0
0
0
-1
0
0
0
0
0
0
0
0
-1
-1
0
0
0
0
0
1
0
0
0
0
0
-1
0
0
0
0
0
0
0
0
0
1
1
2
1
1
2
-1
1
0
1
1
-1
-1
-1
0
0
0
0
-2
-1
0
0
-1
0
0
0
0
1
0
0
0
0
0
0
1
0
1
0
0
0
0
0
0
1
1
-1
0
1
1
1
-1
0
1
-1
1
0
-1
2
-2
3
-3
2
-1
0
0
0
1
0
0
-1
0
0
0
0
0
1
1
2
1
0
1
1
1
1
0
0
-1
-1
0
0
-1
1
1
2
0
0
0
0
0
0
1
0
0
0
-1
0
0
0
-1
-1
0
-2
-1
-1
0
0
0
0
0
0
0
1
0
0
0
0
0
0
-1
0
0
-1
-1
-1
-2
-1
-1
-1
-1
0
0
0
0
1
0
0
-1
2
1
1
0
0
1
1
1
2
0
1
1
1
0
2
1
1
2
1
0
1
0
1
0
0
1
-1
1
0
-1
2
-4
3
-3
2
-1
0
0
0
0
0
0
1
-1
0
0
-1
1
0
0
0
0
0
0
0
0
0
-1
-1
-1
-1
-1
-2
-1
-1
-1
0
0
0
0
0
1
1
0
-1
0
0
-1
-1
0
-1
-1
-1
-1
0
0
-2
0
-1
0
0
1
1
1
1
1
1
2
1
1
1
1
-1
1
0
0
1
0
-1
-1
-1
0
1
1
0
0
0
1
1
0
1
0
2
0
1
0
0
1
-1
-1
-1
-2
-2
-2
-1
-3
-3
-1
-2
-2
-2
-2
-1
0
1
0
0
0
0
0
0
-1
0
0
0
-1
0
0
1
1
0
1
1
2
2
3
4
5
5
6
4
6
5
5
5
4
3
2
1
2
-1
-1
-1
-2
-2
-4
-2
-3
-3
-4
-3
-3
-3
-3
-3
-4
-3
-3
-1
-2
-3
-2
-3
-3
-3
-3
-2
-2
-2
-2
-3
-2
-2
-1
0
-1
1
0
0
1
1
1
2
2
3
3
2
2
3
2
3
5
6
7
6
7
7
8
6
7
4
3
3
1
-1
-1
-3
-4
-4
-5
-6
-7
-8
-8
-8
-8
-8
-8
-5
-5
-4
-3
-2
-1
0
0
0
0
1
1
3
4
7
9
12
14
16
17
19
20
20
20
18
16
15
14
13
12
11
10
8
5
4
-1
-10
-16
-25
-35
-44
-54
-62
-70
-77
-82
-85
-87
-86
-84
-82
-74
-66
-57
-46
-35
-24
-14
-5
3
11
19
25
29
33
35
35
40
46
48
56
72
82
102
134
159
186
227
265
306
363
413
449
495
524
494
510
482
385
371
275
147
88
-50
-167
-261
-394
-524
-649
-778
-940
-1058
-1201
-1380
-1448
-1525
-1575
-1509
-1435
-1354
-1160
-1000
-873
-644
-495
-360
-176
-42
47
177
239
271
337
308
380
334
373
424
341
507
471
530
689
740
913
1065
1232
1433
1699
1824
2123
2375
2415
2784
2828
2784
2909
2613
2390
2140
1656
1284
749
233
-276
-955
-1405
-1961
-2602
-2939
-3412
-3804
-3899
-4150
-4210
-4078
-4085
-3870
-3557
-3330
-2976
-2562
-2180
-1796
-1351
-947
-681
-298
-16
56
344
453
382
588
582
479
673
635
574
872
840
915
1370
1402
1686
2217
2376
2749
3218
3514
3717
4077
4449
4242
4516
4777
4057
4259
4176
3055
3189
2634
1385
1390
449
-649
-852
-1896
-2642
-3070
-3863
-4206
-4751
-5032
-5085
-5546
-5249
-5193
-5391
-4639
-4585
-4439
-3473
-3488
-3080
-2172
-2243
-1685
-1009
-1083
-576
-225
-213
77
225
466
404
592
982
630
1055
1469
1082
1731
2187
1922
2716
3246
3099
3936
4387
4354
5044
5281
5341
5631
5672
5662
5393
5315
5019
4215
4082
3358
2213
2042
915
-306
-496
-1851
-2896
-3049
-4383
-5065
-5122
-6190
-6422
-6356
-6941
-6789
-6577
-6566
-6214
-5845
-5287
-4946
-4445
-3537
-3360
-2796
-1807
-1851
-1307
-475
-677
-186
386
186
595
937
861
1137
1379
1540
1723
2047
2452
2613
3098
3665
3827
4445
5002
5166
5834
6179
6365
6811
6811
6941
6922
6629
6492
5920
5370
4796
3774
3029
2018
782
-29
-1336
-2464
-3263
-4555
-5329
-5995
-6923
-7319
-7731
-8098
-8157
-8155
-7974
-7735
-7348
-6784
-6263
-5679
-4870
-4267
-3658
-2818
-2351
-1758
-1175
-782
-388
-78
312
394
666
931
1002
1250
1515
1765
1990
2512
2812
3249
3959
4300
4999
5662
6071
6801
7286
7599
8138
8275
8288
8462
8095
7756
7423
6530
5854
4977
3705
2778
1476
103
-967
-2433
-3615
-4677
-5968
-6763
-7618
-8399
-8731
-9199
-9330
-9267
-9293
-8864
-8523
-8125
-7360
-6843
-6150
-5342
-4787
-4024
-3378
-2863
-2183
-1718
-1242
-747
-420
1
325
618
1036
1304
1679
2137
2456
2994
3573
4012
4726
5384
5842
6612
7251
7616
8300
8769
8914
9326
9448
9294
9245
8923
8376
7746
7015
6064
4891
3878
2598
1045
-69
-1515
-3150
-4135
-5546
-6903
-7587
-8745
-9511
-9840
-10537
-10610
-10648
-10648
-10224
-9934
-9278
-8690
-8067
-7067
-6443
-5675
-4551
-4074
-3288
-2179
-2007
-1135
-326
-298
539
1006
1166
1757
2172
2470
2923
3454
3862
4356
5003
5551
6097
6826
7381
7898
8587
9006
9352
9848
10012
10005
10167
9897
9455
9156
8338
7488
6646
5388
4171
2857
1384
-90
-1667
-3109
-4624
-6170
-7359
-8588
-9804
-10546
-11240
-11946
-12136
-12193
-12303
-11954
-11452
-11022
-10270
-9393
-8569
-7649
-6641
-5629
-4793
-3802
-2796
-2187
-1287
-465
-9
729
1301
1709
2273
2684
3141
3623
4020
4592
5086
5553
6281
6793
7342
8158
8581
9184
9898
10118
10650
11047
10955
11166
11055
10579
10254
9554
8687
7798
6495
5319
3924
2119
770
-956
-2970
-4229
-6005
-7843
-8798
-10273
-11610
-12124
-12966
-13608
-13665
-13712
-13622
-13263
-12579
-11895
-11220
-10063
-9012
-8179
-6872
-5678
-4895
-3697
-2546
-1936
-963
-16
475
1182
1857
2326
2857
3376
3917
4411
4954
5578
6134
6808
7472
8152
8957
9498
10261
11053
11243
11972
12515
12221
12718
12713
11901
11928
11211
9953
9331
7937
6350
5110
3253
1495
-195
-2184
-3961
-5716
-7428
-9062
-10432
-11632
-12908
-13600
-14171
-14859
-14862
-14722
-14738
-14179
-13389
-12827
-11956
-10728
-9792
-8875
-7418
-6343
-5522
-4091
-3063
-2419
-1240
-295
192
1089
1945
2369
3085
3837
4338
4965
5695
6318
7002
7763
8415
9232
9951
10505
11420
11981
12274
13076
13315
13184
13623
13406
12690
12534
11813
10503
9640
8444
6677
5105
3515
1581
-599
-2289
-4091
-6552
-7933
-9408
-11652
-12466
-13478
-15026
-15205
-15656
-16235
-15808
-15697
-15259
-14415
-13775
-12586
-11568
-10494
-9034
-7967
-6728
-5392
-4352
-3205
-2156
-1194
-221
559
1406
2244
2835
3609
4408
4953
5720
6578
7162
7974
8847
9521
10352
11110
11861
12544
13095
13781
14079
14337
14653
14364
14193
13799
12930
12147
11016
9641
8166
6538
4711
2695
866
-1239
-3496
-5231
-7324
-9476
-10783
-12579
-14173
-14908
-16070
-16850
-17068
-17304
-17332
-17034
-16328
-15775
-14992
-13615
-12683
-11581
-9902
-8796
-7523
-5894
-4757
-3522
-2233
-1126
-59
971
1953
2837
3651
4468
5307
6005
6768
7636
8329
9111
9987
10790
11522
12321
13158
13660
14256
14878
15027
15270
15455
15227
14881
14425
13760
12635
11593
10428
8543
7000
5231
2812
974
-1199
-3648
-5640
-7887
-9988
-11907
-13706
-15205
-16624
-17586
-18301
-18805
-18662
-18416
-18170
-17262
-16493
-15740
-14254
-13153
-11854
-10156
-8888
-7339
-5874
-4553
-3115
-2026
-706
451
1275
2414
3204
3848
4762
5412
6132
6958
7619
8370
9152
9890
10694
11540
12420
13196
13912
14699
15273
15589
16102
16351
16048
16088
15635
14597
13978
12760
11192
9909
8069
6026
4037
1811
-476
-2850
-4988
-7211
-9628
-11364
-13323
-15215
-16279
-17530
-18326
-18593
-18911
-18704
-18329
-17900
-17058
-16198
-15236
-14000
-12763
-11376
-9879
-8437
-6937
-5515
-4180
-2897
-1689
-535
524
1501
2421
3229
3999
4752
5500
6235
7033
7801
8549
9381
10186
10988
11853
12739
13439
14202
14902
15359
15793
16204
16335
16128
16154
15414
14618
13996
12332
11242
9680
7501
5748
3553
1130
-1161
-3273
-5822
-8104
-10048
-12397
-14295
-15765
-17191
-18245
-18709
-19082
-19298
-18941
-18432
-17912
-16970
-15824
-14919
-13623
-12064
-10843
-9278
-7478
-6157
-4711
-3176
-2070
-881
406
1427
2400
3361
4192
4856
5584
6443
7149
7868
8719
9368
10004
10831
11656
12471
13327
14172
14787
15219
15813
16263
16340
16594
16631
15924
15279
14665
13326
12046
10966
9077
6973
5183
2796
238
-1728
-3985
-6614
-8658
-10735
-13255
-15000
-16214
-17793
-18692
-18876
-19486
-19729
-19123
-18699
-18227
-17087
-15972
-15136
-13867
-12252
-10929
-9436
-7532
-6108
-4942
-3348
-2048
-1063
346
1676
2468
3368
4369
4966
5639
6648
7411
8137
8934
9562
10324
10989
11733
12840
13405
14023
15018
15126
15530
16434
16209
16277
16684
15690
14986
14761
13269
11975
11190
9152
7005
5445
3059
484
-1420
-3667
-6302
-8493
-10479
-12807
-14821
-16095
-17544
-18843
-19228
-19665
-20050
-19651
-19179
-18718
-17902
-16916
-15875
-14737
-13256
-11681
-10267
-8578
-7002
-5679
-4069
-2615
-1379
79
1302
2263
3290
4243
5045
5793
6637
7435
7962
8607
9399
9973
10608
11482
12215
12783
13526
14286
14777
15349
15934
16096
16259
16389
16110
15769
15299
14534
13517
12168
10793
9051
6964
5180
2932
433
-1585
-4192
-6789
-8681
-11097
-13394
-14918
-16652
-18278
-19143
-19563
-19984
-20088
-19512
-19116
-18770
-17651
-16595
-15678
-14120
-12558
-11269
-9732
-8031
-6517
-5156
-3531
-1998
-1016
162
1507
2240
3021
4329
4887
5411
6560
6981
7535
8570
9180
9853
10727
11515
12161
12957
13906
14508
15143
15883
16079
16341
16617
16384
16261
15880
15064
14092
12911
11477
9763
8042
6121
3858
1552
-770
-3284
-5777
-7943
-10188
-12427
-14351
-16128
-17723
-18893
-19459
-19800
-20093
-19785
-19351
-19147
-18221
-17037
-16180
-14828
-13273
-12036
-10604
-8901
-7281
-5867
-4279
-2682
-1624
-443
1004
1927
2901
4101
4838
5483
6326
7062
7795
8615
9473
10267
10860
11566
12429
13064
13843
14767
15272
15708
16132
16236
16426
16431
16132
15908
15000
13950
12957
11406
9970
8281
6424
4385
1827
-225
-2565
-5249
-6992
-9143
-11662
-13291
-15197
-16981
-18059
-18943
-19384
-19830
-19857
-19445
-19276
-18592
-17360
-16472
-15367
-13857
-12665
-11179
-9585
-7860
-6139
-4790
-3130
-1873
-755
641
1928
2953
4047
5053
5551
6404
7126
7805
8717
9328
10037
10578
11104
11835
12556
13307
14107
14677
15135
15640
15824
16243
16561
16331
16269
15782
14794
14022
12878
11572
10193
8290
6415
4111
1594
-401
-2946
-5373
-7318
-10008
-12410
-14306
-16417
-17898
-18987
-19870
-20280
-20691
-20581
-20036
-19647
-18722
-17583
-16757
-15558
-14100
-12715
-11069
-9240
-7524
-5954
-4467
-2955
-1595
-314
1172
2410
3283
4303
5051
5580
6462
7224
7848
8605
9151
9695
10322
10978
11792
12502
13242
13858
14240
14910
15356
15662
16295
16344
16137
16038
15427
14767
14018
13004
11892
10043
8257
6489
3918
1838
-132
-2806
-5237
-7549
-9985
-12257
-14283
-15763
-17492
-18957
-19315
-20399
-20616
-19884
-20088
-19300
-18359
-17814
-16616
-15324
-14006
-12359
-10694
-9295
-7547
-5980
-4624
-2930
-1524
-229
1008
2058
2999
3934
4821
5546
6452
7180
7676
8556
9274
9837
10669
11504
12089
12626
13550
14135
14464
15372
15796
15798
16330
16408
16077
15996
15545
14722
13781
12601
11176
9399
7631
5607
3236
1105
-1409
-3968
-6147
-8632
-10938
-12925
-14944
-16751
-18099
-19143
-19883
-20214
-20226
-19974
-19699
-19101
-18169
-17385
-16235
-14695
-13425
-11993
-10288
-8744
-7176
-5589
-3951
-2493
-1287
137
1343
2316
3461
4470
5147
6040
6809
7362
8293
8958
9636
10447
11034
11747
12382
13135
13835
14376
15009
15412
15613
15943
16100
15911
15891
15479
14574
13814
12704
11221
9885
8195
6236
4157
1735
-427
-2968
-5425
-7330
-9971
-12154
-13914
-16075
-17513
-18518
-19504
-19909
-20078
-20170
-19744
-19311
-18619
-17469
-16458
-15196
-13763
-12364
-10763
-9100
-7351
-5666
-4141
-2642
-1313
-70
1240
2358
3421
4380
5042
5777
6573
7192
7993
8858
9446
10098
10807
11429
12191
12914
13655
14385
14738
15224
15755
15868
16163
16403
16163
15864
15267
14499
13677
12403
11101
9644
7573
5459
3313
949
-1405
-3755
-6047
-8410
-10801
-12832
-14706
-16462
-17813
-18830
-19621
-20188
-20273
-19953
-19691
-19102
-18101
-17318
-16391
-14960
-13548
-12149
-10420
-8642
-7138
-5657
-4048
-2674
-1423
28
1311
2237
3286
4194
4816
5703
6513
7144
8021
8701
9211
10050
10729
11276
12201
12853
13349
14068
14538
14952
15441
15914
16129
16108
16252
15898
15150
14868
13978
12602
11524
9727
7686
5723
3335
1178
-1210
-3868
-6132
-8564
-11055
-12987
-14754
-16548
-17929
-18879
-19753
-20328
-20215
-19918
-19715
-19051
-18146
-17465
-16457
-14915
-13411
-11940
-10212
-8455
-6891
-5400
-3714
-2117
-873
442
1658
2524
3524
4396
5127
6061
6725
7326
8190
8812
9525
10406
11066
11790
12475
13138
13784
14440
15151
15439
16025
16559
16211
16609
16829
15867
15642
15185
13615
12418
11054
9127
7186
5010
2802
383
-2292
-4552
-6936
-9359
-11441
-13567
-15324
-17012
-18509
-19065
-19772
-20359
-19909
-19724
-19648
-18683
-17717
-16908
-15596
-14094
-12676
-11211
-9570
-7796
-6208
-4762
-3094
-1660
-674
602
1977
2793
3704
4865
5528
6013
7035
7794
8252
9311
10011
10335
11327
11973
12212
13307
13996
14009
14939
15520
15367
15796
16322
16068
15521
15635
14986
13474
12749
11584
9517
7847
6014
3614
1315
-999
-3435
-5774
-8016
-10282
-12382
-14163
-16076
-17671
-18564
-19429
-20132
-20058
-19772
-19819
-19291
-18197
-17434
-16469
-14853
-13335
-12110
-10494
-8576
-7038
-5580
-3801
-2315
-1404
-164
1257
2032
3046
4381
4881
5452
6547
7071
7749
9003
9599
10162
11050
11608
12249
13030
14032
14745
14971
15853
16262
15957
16785
17126
16469
16483
15905
14632
13616
12376
10925
9044
6958
4770
2151
-278
-2610
-5091
-7269
-9553
-11955
-13935
-15776
-17487
-18614
-19230
-19835
-20311
-20042
-19731
-19635
-18589
-17311
-16690
-15552
-13896
-12770
-11527
-9502
-7630
-6353
-4983
-3305
-2156
-1427
278
1762
2246
3493
4518
4775
5914
6947
7612
8838
9622
10065
11019
11775
12463
13493
14279
14991
15445
15774
16487
16785
16837
17400
17329
16372
15998
15353
13917
12787
11496
9602
7289
5122
2804
188
-2070
-4327
-6675
-9002
-11370
-13629
-15459
-17004
-18476
-19232
-19793
-20714
-20769
-20060
-19854
-19243
-17818
-17034
-16392
-14839
-13272
-12046
-10317
-8290
-6880
-5761
-4181
-2800
-1925
-500
1192
1951
2776
4026
4621
5322
6598
7584
8356
9291
9913
10378
11339
12278
12873
13753
14849
14863
14999
16396
16354
16097
17392
17027
15829
15998
15194
13637
12793
11644
9736
7476
5578
3332
618
-1315
-3496
-6022
-8068
-10342
-12548
-14139
-15789
-17330
-18041
-18734
-19708
-19759
-19174
-19127
-18828
-17259
-16284
-16239
-14447
-12548
-12184
-10280
-7764
-7165
-5827
-3755
-3083
-1836
-159
839
2030
2807
3675
4613
5130
6389
7421
7951
9149
9758
10152
11358
12062
12661
13704
14361
14730
15152
15766
16175
16345
16957
17035
16301
16040
15402
14105
13283
12120
10177
8072
5986
3659
1102
-972
-3131
-5757
-7973
-10167
-12474
-14256
-15661
-17115
-18277
-18787
-19574
-20095
-19444
-19225
-19038
-17732
-16938
-16538
-15135
-13592
-12502
-10937
-8874
-7497
-6554
-4844
-3391
-2604
-1028
613
1437
2347
3458
4350
5038
6146
7395
8170
8977
9810
10535
11325
12152
13095
13916
14598
15121
15523
16232
16564
16686
17264
17054
16433
16165
15330
14234
13069
11733
9998
7696
5733
3471
839
-1036
-3342
-5782
-7679
-10217
-12463
-14029
-15859
-17095
-18063
-19083
-19475
-20148
-19917
-19248
-19390
-17995
-16816
-16719
-15234
-13486
-12651
-11053
-8727
-7716
-6656
-4832
-3695
-2730
-1028
585
1259
2348
3659
4177
5219
6680
7541
8505
9555
10209
10963
11957
12912
13570
14697
15497
15323
16443
17062
16424
17590
18080
16832
16970
16716
14887
13848
13099
11286
9163
7436
5286
2384
184
-1697
-4258
-6473
-8396
-10848
-13113
-14642
-16153
-17741
-18450
-19063
-20300
-20314
-19751
-20056
-19271
-17726
-17327
-16718
-14875
-13577
-12949
-10812
-8562
-8128
-6776
-4318
-3885
-3181
-503
402
567
2666
3652
3736
5443
6674
7232
8601
9596
10122
11041
12146
12686
13487
15044
15108
15229
16850
16460
16086
17705
17261
16207
16706
15820
14065
13305
12192
10360
8328
6524
4342
1707
-275
-2348
-4295
-6632
-8954
-10646
-13071
-14515
-15708
-17225
-17710
-18643
-19773
-19468
-19005
-19453
-18320
-16680
-16846
-16037
-13876
-13074
-12298
-9669
-7985
-7665
-5826
-3944
-3689
-2328
68
689
1357
3175
3832
4252
6010
7256
7988
9305
10098
10692
11694
12553
13425
14547
15295
15631
16299
16542
16757
17430
17457
17308
17078
16182
14996
14066
12956
11261
9478
7512
5119
2655
318
-1772
-3717
-5984
-8199
-10041
-12279
-14336
-15471
-16651
-17846
-18471
-19299
-19944
-19637
-19415
-18998
-17680
-16958
-16616
-15178
-13860
-12994
-11068
-9048
-8090
-6780
-5105
-4261
-3160
-1240
32
940
2297
3239
3884
5168
6608
7771
8923
9975
10790
11459
12293
13706
14809
15323
16432
17076
16759
17416
18302
18098
18102
18134
17190
15834
14899
14075
12142
10558
9197
6058
3712
1919
-1030
-2927
-4544
-7319
-9417
-11338
-13872
-15232
-16410
-17959
-18542
-19530
-20624
-20267
-20077
-20108
-18745
-17733
-17670
-16485
-14969
-14211
-12766
-10557
-9149
-8112
-6446
-5126
-4229
-2475
-725
284
1570
2777
3535
4795
6306
7517
8745
9897
10749
11499
12392
13685
14800
15487
16623
17411
17225
17719
18676
18493
18422
18739
17825
16456
15720
14779
12960
11655
10188
7155
4887
2794
-21
-1872
-3769
-6072
-8231
-10446
-12559
-14361
-15667
-17169
-18163
-18773
-20057
-20121
-19568
-19862
-19096
-17664
-17379
-16836
-15196
-14163
-13176
-11101
-9397
-8330
-7010
-5481
-4347
-3148
-1338
43
1041
2259
3468
4298
5588
7243
8154
9338
10401
11223
11891
12916
14299
14604
15775
16597
16225
17089
17487
17209
18104
17875
16924
17008
15257
13994
13551
11219
9899
8034
4970
3006
615
-1831
-3406
-5489
-7740
-9770
-12169
-13969
-15360
-17016
-17885
-18428
-19690
-20279
-19732
-19767
-19600
-18067
-17069
-16904
-15722
-14113
-13220
-11704
-9365
-7874
-6906
-5358
-4023
-3099
-1646
29
1219
2268
3339
4280
5365
6692
7980
9130
10111
10851
11512
12415
13535
14643
15701
16542
17014
17356
17683
18113
18503
18587
18464
17660
16400
15332
13912
12292
10913
8615
5930
3696
934
-1351
-3172
-5246
-7251
-9632
-11680
-13809
-15682
-16739
-18098
-18826
-19488
-20569
-20167
-19938
-20142
-18325
-17213
-17478
-16121
-14380
-13867
-12849
-9942
-8148
-8222
-6370
-4291
-4276
-2807
-208
501
1475
3118
3728
4782
6320
7779
8674
9395
11348
11282
11472
14335
14653
14957
17072
17235
16961
18012
18269
18292
19015
18451
17745
16889
15481
14525
12827
11476
9734
6702
4574
2317
-361
-2169
-3948
-6264
-8698
-10736
-13028
-15036
-16160
-17681
-18627
-19049
-20494
-20732
-19743
-20145
-19600
-17597
-17464
-17434
-15482
-14200
-13720
-11584
-9237
-8689
-7494
-5274
-4616
-3784
-1323
36
639
2326
3634
4125
5490
7381
8433
9345
10715
11399
11956
13448
14526
15234
16699
17391
17080
17903
18735
18265
18571
19298
18260
16868
16505
15320
13373
12211
10761
8031
5365
3391
695
-1569
-3095
-5326
-7506
-9628
-11937
-14008
-15215
-16666
-18078
-18152
-19395
-20509
-19576
-19405
-19649
-18107
-16788
-16995
-16065
-14043
-13142
-12181
-9699
-7930
-7568
-6004
-4145
-3775
-2362
-80
516
1485
3309
3831
4814
6741
7820
8727
9945
10786
11258
12195
13725
14497
15226
16655
16676
16525
17773
17952
17615
18422
18240
16813
15988
15165
13665
12049
10634
8801
5967
3423
1300
-1070
-3033
-4617
-6898
-9472
-11263
-13687
-15820
-16406
-17817
-18838
-19245
-20411
-20153
-19760
-20064
-18650
-17103
-17198
-16630
-14530
-13499
-12912
-10504
-8327
-7806
-6677
-4673
-3926
-2923
-685
368
1079
2943
3813
4253
6281
7797
8263
9551
10878
11365
12112
13473
14851
15585
16215
17470
17472
17473
18721
18526
18526
18973
17790
16690
15900
14390
12661
11423
9694
6579
4221
2354
-654
-2847
-4012
-6286
-9191
-11071
-13004
-15516
-16584
-17449
-18732
-19296
-20378
-20626
-19914
-20123
-19363
-17742
-17566
-17168
-15267
-14385
-13646
-10844
-9299
-9063
-6816
-5481
-5150
-2966
-1507
-146
1401
1969
3716
4938
5495
7480
8882
9393
10462
11708
12539
13469
15041
16214
16698
17567
18119
18108
18849
19214
19051
19359
18565
17248
16362
15012
13198
11691
10221
7363
4714
2551
-120
-2386
-4195
-5921
-8544
-11019
-12947
-15390
-16881
-17930
-19108
-19523
-20723
-21471
-20474
-20844
-20469
-18026
-17855
-17867
-15833
-14754
-14169
-12168
-9742
-8667
-8068
-6012
-4691
-4415
-2156
-118
232
1778
3387
3764
5218
7196
8086
9342
10868
11254
12035
13639
14349
15315
16933
17213
17284
18148
18335
18305
18813
19002
18267
17061
16329
15037
12964
11879
10386
7616
5368
3140
587
-1743
-3680
-5182
-7578
-9983
-11574
-13989
-15619
-16474
-17955
-18313
-19171
-20362
-19448
-19550
-19886
-18021
-17105
-17006
-15927
-14415
-13223
-12385
-10004
-7764
-7727
-6054
-3884
-4022
-2509
-22
531
1689
3465
3981
4927
6693
7679
8908
10297
10991
11586
12558
13968
14498
15562
17301
16885
17030
18550
18133
17871
19085
18629
16950
16407
15714
13369
11624
11005
8389
5302
3845
1447
-1552
-3070
-4546
-7073
-9395
-11258
-13664
-15737
-16724
-18078
-18976
-19402
-20655
-20454
-19984
-20393
-18980
-17426
-17403
-16749
-14863
-13746
-13014
-10716
-8392
-7787
-6824
-4638
-3832
-3283
-729
780
1029
2936
4434
4566
6135
8052
8692
9703
11074
11539
12199
13834
14938
15587
17017
17709
17302
18130
18973
18346
18784
19422
17711
16489
16116
14004
12137
11236
9117
6302
4040
1910
-561
-2793
-4080
-6023
-8939
-10741
-12956
-15461
-16620
-17735
-18908
-19619
-20216
-21001
-20677
-20109
-19928
-18275
-17384
-17408
-15784
-14245
-13796
-11932
-9177
-8378
-7642
-5365
-4250
-3868
-1540
526
1104
2623
4312
4981
6103
7926
9292
10100
11271
12274
12645
13992
15528
15916
17183
18440
17787
18167
19527
18858
18576
19828
18826
16611
16472
15563
12623
11500
10867
7418
4260
3096
362
-2744
-3710
-5405
-8285
-10489
-12620
-15088
-16697
-18050
-19135
-19268
-20430
-21016
-20402
-20470
-19816
-18486
-17627
-17099
-16241
-15016
-13791
-12436
-10356
-8407
-7857
-6548
-4549
-4006
-2763
-273
841
1474
3242
4614
5256
6816
8714
9344
10443
11799
11808
13075
14893
15120
16457
18331
17296
17172
19126
18154
17670
19412
18594
16422
15817
15298
12814
10548
10578
8336
3616
3055
1479
-3160
-3494
-4362
-8046
-9965
-11720
-14535
-16152
-17140
-18435
-18429
-19445
-20718
-19774
-19760
-20044
-18205
-16727
-16836
-15994
-14215
-13178
-12249
-10129
-7876
-7391
-6711
-4619
-3739
-2968
-319
1190
1615
3655
4831
4910
7086
8894
8888
10588
12067
11408
12774
14747
14606
16099
17995
17013
17109
18761
18229
17750
19226
19045
16695
16065
15640
12865
11293
10757
8210
5307
3490
1046
-1493
-3125
-4771
-6756
-9508
-11544
-13574
-16221
-16994
-17832
-19110
-19557
-20335
-20589
-20140
-20007
-19176
-17568
-16983
-16740
-15036
-13397
-13158
-11300
-8341
-8190
-7626
-4851
-4377
-4063
-875
694
955
3307
4488
4607
6773
8353
8935
10674
11608
11697
13006
14411
15004
16250
18077
17910
17805
19444
18961
18523
19941
19109
17631
17223
15362
13887
12695
10222
9289
6693
3011
2238
-441
-3414
-3701
-6020
-9252
-10607
-13071
-15984
-16858
-18032
-19441
-19756
-20475
-20920
-20374
-20373
-19840
-18062
-17508
-17430
-15593
-13981
-13682
-11824
-8908
-8153
-7601
-5275
-4135
-3833
-1606
498
1198
2682
4327
5068
6378
8107
9241
10365
11442
12120
13034
14315
15424
16574
17859
18377
18341
18907
19311
18902
19257
19633
18304
16971
16316
14454
12304
11285
9538
6767
4412
2475
-208
-2658
-3817
-5926
-8501
-10449
-12674
-15491
-16855
-17467
-19212
-19202
-19776
-20811
-19850
-20024
-19843
-18015
-17032
-17219
-15952
-13876
-13555
-12435
-9539
-8069
-7911
-6142
-4207
-3904
-2391
146
1193
2265
4038
4846
5654
7550
8590
9790
10971
11455
12805
13209
14066
16067
17119
16868
17963
18865
17368
18649
18934
18332
18640
16511
16045
14703
12056
11179
9736
7456
4877
2611
458
-1879
-4014
-5373
-7076
-10020
-11763
-14066
-16390
-16674
-18369
-19003
-18793
-20365
-20106
-19231
-19762
-18673
-16700
-17004
-16353
-14220
-13740
-12908
-10449
-8425
-8173
-6879
-4505
-4241
-3081
-199
638
1578
3712
4360
5186
6985
8188
9373
10668
11522
12286
13441
14449
15276
16981
18077
17736
18472
19385
18713
18837
19730
18990
17454
16763
15597
13028
11472
10681
7913
5177
3566
885
-1859
-3450
-4835
-6991
-9671
-11440
-13742
-16516
-17198
-18159
-19458
-19253
-20281
-20745
-19492
-20013
-19452
-17018
-16934
-16987
-15033
-13673
-13403
-11646
-8756
-8244
-7876
-5421
-4702
-4489
-1432
199
583
3056
4128
4364
6368
8253
8809
10472
12238
11773
13270
14768
14859
16703
18132
18311
18446
19333
19585
18917
19364
20010
18434
16607
16393
14282
11600
10981
9225
6160
4114
1895
-949
-2922
-4415
-6168
-8783
-10845
-12661
-15989
-17111
-17417
-19560
-19479
-19652
-21107
-20212
-19747
-19859
-18336
-16929
-16775
-16337
-14355
-13306
-12929
-10124
-8071
-8332
-6591
-4367
-4529
-2779
21
398
2035
3970
3968
5519
7588
8283
9627
11525
11886
12040
13983
14959
15239
17306
18348
17678
18276
19428
18655
18342
19788
18905
16612
16296
15164
12296
10955
9974
7503
4855
2752
563
-1908
-3532
-4817
-7117
-9594
-11483
-14149
-16359
-16655
-18127
-19002
-18423
-20114
-20529
-18979
-19562
-18869
-16468
-16550
-16404
-14431
-13258
-12623
-10461
-7941
-7767
-6897
-4504
-4313
-3493
-504
551
1169
3408
4045
4594
6632
7688
8712
10279
11101
11428
12491
14210
14778
15658
17839
17668
16838
18705
18991
17572
18960
19685
17048
15901
16156
13596
11082
10995
9036
5438
3740
1802
-1411
-3281
-4414
-6925
-9467
-11051
-13560
-16286
-16793
-17539
-19266
-18902
-19520
-20718
-19527
-19510
-19330
-17380
-16530
-16455
-15274
-13466
-12695
-11693
-9049
-7488
-7600
-5718
-4025
-4093
-1787
510
932
2778
4371
4436
5916
8128
8743
9803
11886
11970
12126
14588
15042
14996
17766
18061
16728
18571
19170
17649
18771
19914
17961
16543
16618
14561
11768
11098
9638
6594
4376
2331
-2
-2307
-4127
-5452
-8126
-10656
-12153
-15072
-16918
-17246
-18864
-19347
-19458
-20823
-20272
-19675
-20114
-18288
-16781
-17308
-16197
-14103
-13724
-12771
-9889
-8409
-8224
-6368
-4889
-4643
-2675
-491
263
2013
3702
3723
5096
7525
8005
9038
11572
11809
11600
13952
15006
14756
17154
18752
17545
18393
20043
18588
18421
20509
19337
16996
17228
15917
12532
11724
11062
7921
5406
3870
998
-2082
-3155
-4924
-7653
-9690
-11698
-14303
-16746
-17137
-18410
-19612
-19314
-20498
-20805
-20160
-20245
-19546
-17903
-17394
-17269
-15456
-14061
-13510
-11571
-8923
-8194
-7756
-5486
-4456
-4137
-1581
114
736
2745
3436
3953
6428
7388
7978
10379
11501
11209
12592
14648
14706
15433
18110
18024
17106
19226
19266
17760
19643
19873
17047
16975
16718
13521
12068
11540
9154
6724
4698
2683
158
-2351
-3729
-5977
-8386
-10209
-13141
-14612
-16042
-18251
-17494
-18504
-20599
-19129
-19852
-20510
-18336
-18335
-17069
-15563
-16358
-13866
-12162
-12738
-9347
-7152
-8051
-6042
-3989
-4132
-2414
77
741
1734
3479
4018
5024
7058
7905
9008
10972
11023
11150
13676
14104
13778
16984
17983
16104
17993
19805
17238
17937
20571
17914
16450
17454
15278
12375
11747
11086
7559
5018
4241
831
-1946
-2985
-4951
-7315
-9604
-11567
-14169
-16135
-16885
-18426
-19033
-18734
-20049
-20651
-19187
-19249
-19491
-17200
-16171
-16741
-15042
-13028
-12788
-11094
-8355
-7699
-7069
-4808
-4060
-3707
-847
565
804
3520
4300
4012
6953
8009
7876
10762
11570
10757
12884
14375
14099
15864
18067
17416
17195
19082
18680
17476
19388
19628
17065
16976
16605
13381
11827
11690
8866
6065
5074
2096
-818
-1984
-3805
-6285
-8000
-10321
-13649
-15071
-16813
-18391
-18501
-19255
-19805
-20679
-20376
-19626
-20091
-18486
-16659
-17252
-16271
-13721
-13392
-12312
-9235
-8168
-8010
-5932
-4491
-4338
-2154
202
701
2354
4287
4441
5666
7910
8586
9670
11665
11926
12211
14230
14829
15005
17507
18193
17154
19045
19813
18011
19353
20713
18407
17518
17870
15259
12571
12243
10632
7316
5669
4045
767
-1418
-2725
-4800
-7114
-9425
-11532
-14127
-16446
-17233
-18644
-19504
-19004
-20509
-20937
-19349
-20327
-20207
-17510
-17137
-17317
-15345
-13638
-13381
-11895
-8910
-8128
-7731
-5293
-4443
-3817
-1276
45
1290
2961
3534
4681
6394
7362
8479
10359
11149
11024
12345
14014
14161
15334
17859
17355
16963
19126
18203
17711
19358
18791
17661
16728
16569
13981
11871
12325
8867
6644
5627
2303
-189
-1657
-3790
-5990
-7668
-10362
-12164
-14838
-16667
-16911
-19095
-19116
-19255
-21066
-20367
-19480
-20222
-18841
-16673
-17153
-16298
-13964
-13307
-12352
-9921
-8197
-7621
-6312
-4575
-3974
-2769
-302
825
1944
3918
4454
5430
7341
8128
9406
10960
11080
11868
13374
13592
14436
16679
17162
16601
17977
18723
17497
18155
19618
18362
17103
17085
15382
13174
12322
10754
8380
6553
4146
1435
-321
-2334
-4507
-6120
-8465
-11133
-13483
-15705
-16859
-18170
-19396
-18923
-19956
-21333
-19608
-19358
-20156
-17726
-16537
-17448
-15900
-13871
-13489
-11907
-9132
-8084
-7555
-5560
-4448
-3877
-1535
169
962
2651
3838
4560
5929
7500
8465
9625
11015
11190
12127
14233
13994
15405
18518
16602
17471
20090
17488
18584
20516
18630
18322
17962
15967
14394
13044
11527
9732
7379
5537
2859
356
-891
-3433
-5223
-6825
-9965
-12300
-14541
-16425
-17546
-18975
-19147
-19458
-21166
-20737
-19551
-20564
-19759
-17514
-17863
-17551
-15416
-14262
-13456
-11483
-9200
-8522
-7572
-5387
-4729
-3627
-764
329
1533
3847
4303
5348
7264
7897
9478
11223
11408
12306
13904
14427
15023
17015
18175
17585
18469
19364
18364
18893
19746
18919
18324
17664
15817
14067
12978
11292
9276
7612
5610
2709
245
-1202
-3573
-6036
-7645
-10065
-13048
-15196
-16347
-17853
-19405
-19091
-19521
-21308
-20396
-19580
-20614
-19079
-17202
-17582
-16644
-14452
-13630
-12595
-9949
-8218
-7945
-6286
-4335
-4252
-2542
196
769
2214
4314
4124
5665
7976
6870
9323
11880
9721
11852
14136
13061
14698
17006
17038
17137
18043
18275
18260
18408
19196
18706
17159
16770
15117
12999
12202
10704
8380
6547
4205
1378
-722
-2359
-4345
-6667
-8401
-11117
-13924
-15587
-16836
-18139
-19469
-18991
-20090
-21452
-19745
-19689
-20094
-17810
-16468
-17417
-15928
-13475
-13694
-12178
-9025
-8399
-7881
-5401
-4434
-4014
-1285
420
1017
3294
4348
4343
6493
7977
8329
10137
11496
11600
12277
13848
14756
15208
17103
17806
16988
18258
18472
17505
18985
18996
17639
17580
16095
14139
12957
11448
9884
7686
5807
3611
467
-812
-2506
-5355
-6537
-8902
-12133
-14047
-15993
-17329
-18698
-19325
-18885
-20839
-21126
-19302
-20557
-19961
-17316
-17504
-17251
-15412
-14330
-13417
-11499
-9114
-8640
-7312
-4694
-5547
-3260
423
-581
1888
4625
3950
5450
7458
8154
9388
10613
11322
12288
12864
14109
15340
16094
17617
17866
17819
18697
18739
18662
19483
19457
18128
17158
16120
14092
12275
11252
9329
6877
4743
2531
76
-2204
-3810
-5861
-8101
-10701
-13193
-15360
-17304
-18018
-19542
-19951
-20099
-21910
-21114
-20023
-20950
-19817
-17369
-17801
-17517
-14720
-13930
-13304
-10716
-8856
-8278
-6936
-5046
-4087
-2613
-478
823
2432
3914
4430
6069
7580
8226
9868
11122
11662
12292
13250
14850
15229
16070
18273
17613
17236
19253
18598
17932
19445
18823
17192
16668
15582
13549
11982
10929
8739
6501
4715
1760
-282
-1864
-4559
-6190
-8114
-11345
-13521
-15367
-16941
-18084
-19422
-19095
-19976
-21488
-19876
-19490
-20543
-18439
-16441
-17922
-16204
-13615
-13964
-11888
-9565
-8112
-7340
-5690
-3929
-3874
-1330
373
862
3029
4129
4614
6134
7643
8483
9564
10916
11690
11865
13434
14707
14701
16726
17804
16967
18119
18604
17607
18576
19058
17885
17357
16511
14424
12547
11714
9740
7366
6205
3631
978
-554
-2782
-4678
-6466
-9053
-11303
-13693
-16096
-17179
-18382
-19232
-18890
-20232
-21035
-19355
-19997
-20420
-17442
-17097
-17804
-15343
-13997
-13590
-11500
-9382
-8003
-7010
-5552
-4107
-3136
-1042
698
1775
3620
4270
5003
7028
7814
8838
10620
11159
11605
12671
13848
14512
15284
17126
17424
16909
18178
18270
17713
18911
19036
17966
17299
16073
14478
12792
11428
9677
7315
5462
3082
849
-850
-2991
-4911
-6966
-9571
-11803
-14609
-16458
-16678
-19601
-19688
-18412
-21883
-21082
-19072
-20962
-19821
-17535
-17921
-17353
-15666
-14635
-13128
-11715
-9454
-7940
-7611
-5290
-3992
-3358
-722
1104
1999
3751
5085
6034
7203
8517
9931
10847
11904
12496
13292
14713
15243
16349
17996
18270
17983
18869
19134
18617
19209
19286
18173
16702
15708
14128
12058
10998
9376
7161
5143
2682
264
-1622
-3920
-6055
-7748
-10647
-13299
-15149
-16984
-18171
-19401
-19680
-19821
-21820
-21433
-19858
-21150
-19964
-17299
-17919
-17399
-15137
-14137
-13128
-11172
-8900
-8004
-7368
-5090
-3882
-3119
-489
1208
2021
3717
4949
5875
7318
8709
9959
11252
12078
12489
13727
14767
14916
16516
17796
17126
17849
18726
18152
18528
19018
18675
17778
16588
15603
13717
11940
10888
8520
6787
4982
1684
647
-1482
-4842
-5436
-7910
-11117
-12615
-14948
-16609
-17719
-19314
-19223
-19547
-21435
-20460
-19430
-20675
-19206
-17164
-17746
-16889
-14574
-13861
-12804
-10396
-8645
-7788
-6348
-4318
-3476
-2157
441
1534
2642
4477
5001
6179
7752
8530
10002
10922
11359
12415
13240
14198
15047
16354
17515
16851
17726
18850
17483
18314
19321
17653
17312
16396
14248
13322
11556
9667
8442
6313
4062
1863
43
-1884
-4528
-6235
-8357
-11438
-13640
-15605
-16941
-18299
-19531
-18949
-20126
-21532
-19651
-19889
-20626
-18018
-17330
-17667
-15698
-14125
-13354
-11825
-9633
-8153
-7523
-5695
-4069
-3525
-1389
758
1580
3227
4887
5355
6550
8141
8762
10284
11550
11727
13045
14151
14455
15364
16969
17312
16634
18573
18337
17120
19493
18399
17113
17874
15909
13403
13141
11681
8389
8620
6141
2692
2211
-1140
-2987
-4646
-7370
-8991
-11956
-14225
-15878
-17485
-18742
-19466
-19244
-20733
-21338
-19881
-20570
-20634
-18111
-17452
-18007
-15808
-14113
-14204
-12151
-9449
-8709
-7793
-5238
-4018
-3414
-562
1253
1942
4159
5448
6014
7719
8927
9946
11105
12102
12974
13267
14626
15848
15892
17632
18516
17730
18808
19188
18623
19274
19200
18578
17468
15799
14665
12635
10796
9723
7402
5242
3111
483
-1263
-3487
-5611
-7246
-10128
-12745
-14779
-16965
-18201
-19251
-19876
-20011
-21109
-21077
-20236
-20579
-19779
-17871
-17623
-17339
-15319
-14194
-13148
-10955
-9112
-7713
-6786
-5054
-3718
-2870
-273
1197
2271
4234
4972
6036
7359
8580
9644
11008
11936
11696
13491
14422
14122
16346
17569
16723
17986
18754
17476
18631
18833
18111
18103
16410
15401
13770
11805
10829
8904
6835
4809
2371
148
-2028
-4036
-5741
-8117
-10444
-12663
-15214
-16564
-17747
-19185
-19011
-19395
-21176
-20558
-19507
-20581
-19384
-16946
-17346
-16963
-14418
-13505
-13010
-10324
-8159
-7961
-6474
-4294
-3930
-2463
246
1115
2358
4397
4857
5655
7497
8444
9286
10800
11669
11940
13138
14537
15021
16144
17521
17458
17499
18228
18404
18447
18703
18544
17523
16009
14750
13365
11588
10051
8313
6223
3871
1603
-228
-2281
-4269
-6205
-8519
-11191
-13664
-15613
-16911
-17916
-19063
-19068
-19886
-21101
-20086
-19741
-19997
-18524
-17247
-17315
-16228
-14473
-13503
-12064
-10214
-8541
-7777
-6516
-4490
-3692
-1736
622
1437
3210
4522
5022
6936
8104
8612
10505
11448
11597
13031
13979
14721
15609
16658
17813
17330
17933
18920
17951
18383
19051
17913
16997
16172
14457
12549
11222
9721
7784
5821
3589
1340
-878
-3116
-5110
-7021
-9431
-12165
-14398
-16226
-17864
-19308
-19737
-19690
-21098
-21649
-20230
-20543
-20835
-18256
-17181
-17797
-15848
-13759
-13631
-11908
-8942
-8083
-7297
-4851
-3698
-3039
-507
1397
2218
4014
5448
6018
7262
8738
9597
10866
12330
12393
13114
15080
14988
15633
18178
17797
17460
19081
18582
18244
19224
19054
18387
17159
15805
14280
12048
10893
9336
6942
5389
2715
262
-1171
-3897
-5831
-7333
-10247
-12761
-15025
-16645
-17904
-19540
-19190
-19501
-21513
-20820
-20077
-21087
-19830
-17735
-17786
-17280
-15002
-14125
-13428
-10399
-8800
-8452
-5688
-4695
-4913
-1400
29
188
3778
4286
4305
6834
7212
8430
10145
10931
12184
12355
13602
14779
14684
16591
17562
17216
18109
18166
18014
18461
18439
18528
17840
16220
14932
13280
11446
10137
8573
6673
4424
1909
-186
-2296
-4496
-6052
-8144
-10933
-13132
-15318
-17025
-17978
-18970
-19013
-19742
-21270
-20251
-19829
-20755
-18442
-16742
-17632
-16246
-14240
-13962
-12654
-10090
-8482
-7525
-6047
-4547
-3411
-1589
345
1732
3559
4452
4969
6698
7907
8548
10231
11839
11560
12401
14090
14040
15093
16945
17490
17535
17924
18280
18139
18130
18660
18442
16931
15688
14358
12516
10954
9758
8300
6053
3753
1465
-662
-2888
-4744
-6420
-8975
-11318
-14030
-16192
-17169
-19171
-19659
-18886
-21130
-21331
-19609
-21086
-20156
-17954
-17600
-17487
-16483
-13880
-13891
-12724
-8788
-8038
-7751
-5083
-3704
-3377
-549
1499
2156
4213
5451
5791
7292
9035
9677
10928
12544
12673
13083
14758
15534
16051
17924
18374
17791
18864
18910
18085
19094
19117
17670
16856
15354
13369
11761
10156
8798
6940
4608
2273
-153
-2195
-4453
-6556
-8227
-11111
-13954
-15887
-17816
-19074
-19994
-20205
-20270
-21836
-21631
-20335
-21375
-20169
-17526
-18114
-17566
-15037
-14568
-13806
-10804
-8919
-8272
-6487
-4574
-3864
-2169
574
1674
3408
5119
5407
6710
8405
9344
10331
12582
12880
12614
14803
15182
15515
17535
18260
18014
18270
18711
18283
18276
18850
18206
17030
15920
14147
12357
11027
9234
7869
6176
3023
1203
-979
-3667
-5135
-7184
-9642
-11737
-14545
-17318
-16743
-18898
-20874
-17920
-20536
-22267
-19539
-20545
-20782
-18140
-17513
-17500
-15719
-14860
-13651
-11539
-9591
-7813
-6530
-4947
-4050
-2803
-542
858
2273
4388
5118
5732
7579
8608
9702
11318
12407
12689
13733
14683
14954
16721
17404
17800
18498
18101
18289
18350
18379
18291
17847
16851
14875
13357
12080
10055
8368
7380
4817
1763
243
-1919
-4680
-5909
-7413
-10383
-12648
-14500
-16602
-17852
-18732
-19056
-19318
-20819
-20764
-19731
-20798
-19724
-16880
-17233
-16866
-14506
-13951
-13202
-10816
-8691
-7342
-6196
-4586
-3303
-2108
42
1812
3296
5002
5533
6382
8144
8777
10035
12161
12221
12694
14239
14067
15125
16887
16848
17947
18566
17395
18173
18720
17778
18122
17875
16177
14072
12984
11435
8861
8484
6564
3054
1816
-140
-4177
-4769
-5545
-10066
-10825
-13250
-16564
-16763
-19394
-19452
-18579
-20854
-21263
-19845
-20797
-21235
-18445
-17614
-17954
-16169
-14847
-14441
-12454
-9927
-8541
-6984
-5256
-4215
-2985
-994
929
2392
4127
5248
6006
7431
8406
9653
11203
12234
12697
13669
14781
15007
16722
17702
18025
19123
18553
18548
19291
19004
18564
18810
17921
15353
14040
13056
10551
8836
8166
5578
2521
1027
-1347
-4197
-5591
-7399
-10334
-12754
-15069
-17154
-18249
-19378
-19937
-19797
-20913
-21521
-20458
-20585
-20438
-18388
-17678
-17448
-15629
-14468
-13596
-11425
-9323
-7919
-6609
-5079
-3542
-2435
-646
1733
3041
4216
5787
6527
7447
9041
10076
11480
12692
12993
14053
14859
15340
16706
17615
17712
18405
18068
17724
18572
17854
17865
17841
16290
14382
13277
11986
9181
8949
7242
4155
2498
-219
-2195
-4951
-6454
-7809
-11281
-12955
-14934
-17409
-18176
-19166
-19573
-19743
-21527
-21010
-20286
-21639
-19681
-17450
-17792
-16709
-14702
-13666
-12851
-10690
-8086
-7285
-6051
-4103
-3606
-1887
369
1389
3615
5239
5214
6611
8350
8915
10029
11881
12513
12474
13898
14976
15114
16751
17837
17557
18105
18257
18175
18529
18412
18489
17786
15833
14606
13156
11028
9638
8238
6229
3471
1294
-374
-3191
-5119
-6206
-8855
-11983
-13626
-15879
-17857
-18327
-19524
-19435
-20074
-21485
-20436
-20057
-20405
-18932
-17015
-17197
-16662
-14345
-13639
-12658
-9922
-8186
-7417
-5493
-3939
-3068
-941
1123
2288
4108
5610
5839
7181
8933
9421
10497
12637
13029
12746
14894
15774
15304
17076
18612
17589
17564
18859
17873
17929
18253
17438
17164
14755
13150
12731
10172
8393
7950
5570
2439
910
-1170
-3949
-5535
-7212
-9934
-12374
-14807
-17008
-18034
-19373
-20069
-19772
-20979
-21657
-20783
-20815
-20197
-18450
-17630
-16809
-15620
-14535
-13007
-11298
-9415
-7635
-6394
-5082
-3670
-2226
-376
1528
3340
4871
5944
7039
8258
9393
10614
11986
13140
13751
14399
15415
16199
17007
18106
18841
18867
18659
18985
19013
18430
18577
18165
16145
14608
13279
11047
9332
7931
6288
3921
1346
-455
-2849
-5409
-6966
-8658
-11685
-13843
-15564
-17864
-18600
-19513
-19638
-19700
-21062
-20518
-20084
-20560
-19465
-17729
-17319
-16747
-14923
-13895
-12742
-10520
-8609
-7149
-5847
-4364
-3000
-1474
473
2405
3661
5209
6829
6522
8677
10468
9938
12654
13324
13263
14783
14960
16480
17443
17644
18673
18727
18074
18275
18782
18165
17802
17477
15440
13647
12422
10400
8662
7427
5367
2600
515
-1467
-4165
-6049
-7408
-9966
-12576
-14492
-16735
-18389
-19189
-19682
-19741
-20511
-21152
-20490
-20586
-20383
-18269
-17391
-17211
-15327
-14172
-13488
-11020
-9049
-7972
-6118
-4771
-3869
-2307
-644
1156
2732
4034
5453
6358
7338
8648
9806
11236
12055
12737
13871
14128
15120
16759
16977
17814
18621
17837
18240
18811
18102
18084
17930
16391
14709
13559
11918
9891
8691
7541
4956
2522
678
-1952
-4094
-6079
-7839
-10139
-13098
-14888
-16788
-18213
-19272
-19627
-19653
-21063
-21014
-20355
-20763
-19974
-18143
-17298
-16785
-14935
-13894
-12861
-10480
-9164
-7515
-5511
-4470
-3499
-1237
510
1402
4110
4904
5983
7398
7429
9667
10527
11112
12565
13616
13826
13940
16601
16799
16408
19259
18807
17297
19172
18964
17866
18427
17832
16104
13923
13174
11263
8580
8619
6421
2960
1901
-563
-3924
-5264
-7024
-9649
-11934
-14214
-16300
-18411
-19371
-19980
-20519
-20669
-21491
-21442
-21314
-21123
-19607
-18370
-17366
-16030
-15038
-13837
-12063
-10456
-8448
-6519
-5565
-4059
-2351
-1261
790
3014
4032
5528
6908
7265
8581
10254
10991
12142
13546
13832
14014
15404
16378
16500
17918
18814
17675
17947
18868
17895
17819
18469
16854
14859
13995
12269
10044
9044
7798
5127
2850
865
-1950
-4269
-5778
-7815
-10086
-12322
-14824
-16780
-18129
-19314
-19884
-19655
-20468
-21495
-20552
-20234
-20304
-18550
-16895
-16717
-15657
-13994
-13188
-11191
-9337
-7556
-5824
-4916
-3039
-1969
-308
2273
3148
4746
6454
6576
7614
9346
10012
11147
12637
12994
13390
14180
14982
15899
16666
17635
17847
17324
17657
17604
17354
17555
17139
16121
14375
12861
11255
9224
8065
6711
4576
2406
455
-1938
-4037
-5556
-7653
-10002
-12344
-14635
-16813
-17804
-18585
-19616
-19355
-20099
-21032
-20231
-20124
-19988
-18163
-17134
-16947
-15256
-13920
-13244
-11094
-8925
-7654
-6214
-4626
-3322
-2121
-239
1872
3412
4603
5804
6756
7613
8872
10263
11610
12280
13086
13973
13946
15318
16448
16312
17983
18239
16910
18354
18544
17145
18324
18246
15947
14542
13776
11655
9286
8930
7265
4026
2299
261
-2810
-4575
-6147
-8579
-10721
-13142
-15591
-17479
-18236
-19584
-20440
-19658
-21345
-21913
-20336
-20387
-20055
-18225
-16705
-16516
-15606
-13810
-12518
-11260
-9217
-7119
-6094
-4348
-2510
-1618
533
2849
3720
5134
7023
7409
8303
10386
11051
11954
13441
13870
14193
15249
16631
16618
17541
19120
17860
17907
18975
17997
17813
18112
17336
15462
13941
12801
10511
9035
8116
6034
3758
1760
-557
-2895
-4616
-6636
-8879
-11219
-13965
-16136
-17692
-19104
-19975
-20207
-20538
-21525
-21671
-20464
-20506
-20342
-18043
-17265
-17493
-15683
-13779
-12766
-11174
-8658
-6923
-6276
-4231
-2303
-1520
1158
3280
3901
6160
7327
7270
9095
10422
10891
12221
13318
13794
14218
15285
16387
16669
17442
18340
17975
17897
18272
17927
17762
17548
16536
15224
13790
11645
10056
9139
6763
5113
3896
1000
-1528
-2690
-5085
-8092
-9094
-11799
-14660
-15798
-17794
-18559
-19380
-20298
-20067
-20961
-21619
-20575
-20240
-20063
-18104
-17036
-16593
-14788
-13352
-12086
-9997
-8285
-6855
-5209
-3773
-2326
-718
1326
3238
4540
6138
7145
7714
9040
10017
10924
12391
13110
13626
14402
14920
15666
16168
16843
17641
17308
17039
17640
17372
16671
17307
16556
14591
13673
12110
10464
8875
7628
6356
3556
1775
-140
-3024
-4662
-6712
-8904
-10978
-13432
-15489
-17022
-17921
-19258
-19674
-19432
-20931
-21325
-20037
-20211
-20152
-17969
-16643
-16575
-15199
-13155
-12094
-10939
-8418
-6436
-5685
-4036
-1965
-957
847
3210
4177
5529
7000
7280
8402
9982
10546
11680
12861
12998
13659
14457
15180
16043
17031
17335
17413
17990
17314
17532
18173
17527
16168
15656
14455
11299
10982
9378
7232
6517
3542
2052
-74
-2933
-4543
-6672
-8681
-11089
-13587
-15458
-17068
-18447
-19540
-20032
-19915
-21178
-21826
-20116
-20451
-20647
-18050
-17238
-17225
-15334
-13742
-12594
-10778
-8751
-7051
-5591
-3904
-2133
-734
1171
3080
4394
6107
6917
7790
9115
10073
11103
12289
13336
13285
14376
14941
15142
16879
17082
17425
18177
17730
17507
18119
17717
17500
17575
15643
14348
13025
11258
9554
8204
7168
4207
1975
483
-2332
-4593
-5884
-8141
-10943
-12816
-15144
-17297
-18393
-19651
-20341
-20228
-20991
-21625
-20720
-20305
-20443
-19026
-17241
-16988
-16422
-14194
-12541
-11732
-9404
-6770
-5927
-4605
-1978
-612
600
3261
4894
5617
7396
8406
8609
10314
11529
11453
13019
14177
13432
14487
16149
15592
16124
17764
17279
16885
17462
17549
17001
16565
16566
15425
13647
12348
11001
8880
7329
6616
4135
1950
764
-1948
-4428
-5876
-8109
-10485
-12314
-14411
-16203
-17446
-18744
-19588
-19670
-20091
-21057
-20830
-19966
-20153
-19621
-17589
-16647
-16478
-14666
-12584
-11740
-10043
-7281
-5900
-4899
-2613
-803
321
2396
4401
5432
6619
7849
8433
9412
10811
11363
12262
13687
13504
13668
15461
15671
15567
17325
17571
16449
17104
17741
16748
16485
17030
15692
13769
13233
11950
9593
8595
7613
5300
3374
1527
-653
-2993
-5191
-7013
-9054
-11245
-13703
-15484
-16952
-18582
-19599
-19961
-19858
-20925
-21418
-20033
-20124
-20492
-18391
-17051
-17246
-15429
-13255
-12483
-10653
-8005
-6413
-5076
-2978
-1121
-361
1360
4361
4779
5603
8360
8276
8788
10873
11137
12077
13095
12968
13763
14544
14485
15440
16471
16234
16731
16608
16270
16912
16232
16157
16105
14855
13475
12118
11162
9106
7649
6764
4410
2235
447
-1829
-4113
-6012
-7961
-10149
-12504
-14644
-16401
-17920
-19180
-20049
-20112
-20543
-21501
-21077
-20320
-20542
-19719
-17957
-17215
-16380
-14498
-12688
-11250
-9499
-7314
-5492
-4186
-2279
-205
1086
2829
4960
5918
6892
8486
9129
9769
11345
12134
12539
13540
13980
14213
14919
15370
15714
16293
16831
16688
16325
16936
16690
15584
16103
15597
13348
12754
11784
9297
8012
7019
5091
3082
1355
-447
-2871
-4960
-6743
-9045
-11089
-12972
-15221
-16705
-17806
-19295
-19906
-20029
-20592
-21313
-20612
-20025
-20296
-18759
-17143
-16495
-15633
-13126
-11766
-10875
-7854
-6361
-4475
-2998
-1141
1073
1486
4160
5739
6285
8169
8846
9246
10292
11260
11727
12597
13496
13526
13504
14385
14788
14462
15684
16264
15136
15606
16252
15136
14951
15820
14607
12966
12868
11167
8978
8073
6864
5115
3266
1756
-503
-2914
-4578
-6859
-9151
-11068
-13430
-15569
-16993
-18228
-19396
-20077
-19945
-20481
-21452
-20498
-19855
-20363
-18712
-16718
-16543
-15242
-12873
-11617
-10126
-7634
-5730
-4487
-2781
-905
339
1760
3870
5368
6326
7781
8681
9063
10174
11147
11653
12531
13316
13537
13752
14611
15297
15264
16069
16817
15830
15725
16577
15567
15034
15962
14830
12944
12749
11382
9071
8383
7461
5193
3371
1899
-726
-3196
-4515
-6524
-9228
-10737
-12761
-15696
-16707
-17960
-19460
-20081
-20393
-20421
-21607
-20900
-19533
-20066
-19105
-17037
-16368
-15865
-13367
-11517
-10644
-8189
-5795
-4598
-2799
-225
942
2264
4766
5856
6592
8363
8975
9168
10677
11423
11502
12588
13204
13011
13517
14365
14654
14797
15534
16074
15474
15570
16359
15444
14889
15626
14474
12824
12625
11255
9064
8240
7288
5263
3570
2084
-253
-2692
-4398
-6445
-8963
-10658
-12432
-15177
-16782
-17540
-19396
-20436
-19999
-20507
-21353
-20582
-19799
-20052
-19283
-17387
-16702
-15933
-13285
-11819
-10885
-8396
-6438
-5225
-3309
-804
387
1776
4227
5207
6122
7882
8653
9083
10433
11228
11414
12242
12681
12760
13046
13537
14097
14174
14553
15430
15179
14846
15751
15455
14430
14972
14813
12878
12399
12089
9589
8284
7827
5571
3607
2667
368
-2035
-3395
-6028
-8181
-9698
-12071
-13820
-15510
-17222
-18629
-19860
-20314
-20324
-20602
-20715
-19973
-19515
-19479
-18154
-16518
-15822
-14147
-11771
-10524
-8835
-6533
-4903
-3119
-1102
730
2157
3597
5233
6295
7522
8770
9547
10239
11020
11509
11956
12686
12738
13291
13534
13208
14359
14015
13920
15292
14313
14385
15137
14306
14153
14122
13753
12542
11527
10918
8861
7493
7142
5005
3150
2329
-446
-2814
-4299
-6780
-9261
-10859
-12496
-15256
-16507
-17583
-19540
-19904
-20299
-20475
-20458
-20961
-19882
-19259
-19458
-17157
-15664
-15144
-12690
-10907
-9427
-7592
-5484
-3361
-2096
-83
1885
2789
4313
6280
6861
7836
9625
9568
9908
11184
11197
11244
12050
12622
12382
12296
13308
13426
12909
14021
14476
13689
14069
14544
14058
13729
13908
13476
12015
11370
10852
8853
7657
7121
5038
3117
1909
-516
-2998
-4676
-7039
-9650
-11330
-13074
-15722
-17118
-17947
-19614
-20397
-20473
-20381
-20999
-21032
-19437
-19275
-19276
-16845
-14964
-14658
-12473
-9825
-8993
-7307
-4685
-3168
-1919
489
2284
2952
4876
6679
6945
8346
9897
9576
10143
11326
10986
11093
12233
12376
12038
12533
13047
12951
12726
13878
14449
13239
14320
15090
13455
13907
14546
13053
12262
12068
10750
9075
8278
7286
5175
3692
2450
-262
-2618
-4225
-6901
-9540
-10881
-12692
-15394
-16503
-17231
-19285
-20074
-20075
-20316
-20552
-20627
-19287
-19028
-19056
-16542
-15010
-14363
-11880
-9994
-8876
-6694
-4710
-3048
-1100
719
2014
3296
4940
5928
6794
7984
8765
9019
9437
9818
10231
10837
10888
11765
11961
11077
11985
12338
11803
12905
13532
12658
13017
13529
12629
12932
13648
12752
11913
11602
10489
8881
8114
7547
5689
3800
2689
354
-2590
-3879
-5874
-8710
-10124
-11877
-14167
-15784
-16911
-18285
-19120
-19825
-20178
-19509
-20450
-19749
-17927
-18367
-17178
-14923
-13918
-12876
-10615
-8491
-7172
-5406
-3162
-1418
-237
1928
3517
4058
5952
7047
7132
8854
9730
9261
10131
10693
10255
10542
11466
11627
10974
11580
12255
11489
12058
13131
12626
12822
13475
13113
12963
13228
13042
12369
11810
11085
9483
8254
7373
5573
4081
3050
952
-1339
-3008
-5136
-7627
-9382
-10809
-12921
-14819
-16062
-17552
-18782
-19522
-19983
-19651
-19267
-19851
-18948
-17338
-17956
-16930
-13952
-12932
-12391
-9604
-7548
-6921
-4546
-2253
-500
765
2543
4526
4641
6529
7899
7606
9480
10015
9042
10423
10924
9783
10946
11596
10379
10818
11626
11212
11422
12358
12660
12420
12721
13442
13164
13101
13910
13204
12260
12158
10773
9279
8666
7312
5753
4284
2385
559
-1649
-3874
-5665
-8078
-10288
-11812
-13824
-15223
-16190
-17935
-18312
-18857
-20450
-19598
-19015
-20260
-18952
-16978
-17861
-16675
-13634
-13340
-12013
-9213
-7793
-6885
-5123
-2386
-1486
-120
2837
3213
4199
6283
6514
7327
8633
8941
9097
9825
9952
9743
10500
10976
10787
10918
11404
11202
10980
11991
12538
12163
12819
13493
12868
12914
13585
13106
12217
12066
11295
9503
8608
7803
6140
4618
3271
1453
-715
-2947
-4653
-6758
-9471
-10424
-12370
-14494
-14732
-16682
-17892
-18002
-19345
-19784
-18563
-18875
-19440
-17018
-16864
-17410
-14435
-12974
-12647
-10207
-7947
-6871
-5447
-3110
-863
133
1908
4051
4241
5462
7229
7190
8236
9501
8802
9103
10025
9440
9554
10425
10124
9805
10279
10590
10546
11049
12148
12049
11736
12937
12844
12156
13420
13206
11792
12017
11363
9632
8945
8322
6636
4756
3786
2036
-647
-1960
-3759
-6461
-7945
-9935
-12102
-13053
-14358
-15740
-16710
-17460
-18112
-19170
-18682
-17615
-18696
-18206
-15931
-16521
-16494
-13295
-12109
-11935
-8952
-6728
-6628
-4659
-1728
-695
589
3310
4532
4480
6363
7623
7375
8767
9474
8915
9402
9793
9379
9837
10133
9945
10140
9752
10353
10404
10442
11967
11529
11743
12313
11899
12485
12065
12978
12733
10642
11775
10175
7565
8592
6939
3938
3890
2073
-1116
-1755
-3715
-6332
-8077
-9918
-11730
-13456
-14173
-15379
-16267
-16850
-17593
-18285
-18513
-17594
-18280
-18153
-16345
-16568
-16383
-13871
-12293
-11797
-9535
-7325
-6674
-5094
-2491
-912
76
2541
4375
4365
5971
7608
7494
8184
9679
9191
8615
9793
9282
9100
9937
10089
9874
9328
10387
10138
9690
11898
11745
10941
12883
12908
11768
13389
13896
12375
12430
12644
10903
9480
9412
7935
5523
4678
3482
736
-1005
-2371
-5191
-7470
-9056
-11147
-12536
-13587
-15021
-16072
-16942
-17727
-18548
-18727
-17671
-17970
-18615
-16846
-16318
-17144
-15043
-12740
-12603
-10955
-8247
-7314
-6321
-3958
-1924
-929
895
3093
3529
4217
6339
6505
6628
8685
8032
7970
9227
8476
9040
9224
9256
9771
8938
9515
10483
9727
10496
12282
11275
11392
13157
12536
12404
13844
13930
12771
12684
12626
10775
9876
9898
7972
5987
5069
2910
432
-846
-2889
-5567
-7524
-9464
-11666
-13129
-13769
-15451
-16641
-17348
-18574
-19042
-19273
-18300
-18237
-18505
-16925
-16815
-16968
-15015
-12906
-12094
-10494
-8182
-7183
-6128
-3854
-1515
-517
1063
3364
3684
4181
6211
6783
6923
8373
8678
8186
8927
9506
9208
9620
10473
9983
9355
10262
10643
10202
11485
12569
11677
11975
12925
12319
12652
13746
13131
12575
12598
11545
10536
10075
9150
7771
6071
4516
2742
281
-1332
-2740
-5514
-7281
-8787
-11305
-12169
-13002
-14843
-15607
-16615
-18358
-18580
-19056
-19024
-17703
-18643
-18005
-16246
-16786
-16304
-13039
-11537
-11911
-8466
-7155
-7068
-4556
-2731
-274
539
2696
4697
3605
5927
7697
6635
8801
10230
8509
9193
10298
9611
9473
10537
10958
9177
9480
11048
9487
9887
12492
11467
10686
12455
12077
11204
12685
13277
12113
11938
11976
10437
9390
9602
8476
6273
5498
4107
1010
-337
-1082
-3766
-5853
-6831
-9233
-11556
-12373
-13202
-14526
-15382
-15629
-17080
-18037
-18164
-18078
-17573
-18400
-17404
-16444
-17694
-16282
-13596
-13065
-12246
-9383
-8174
-8049
-5619
-2890
-1699
-28
2790
3495
3675
5966
7013
7237
9282
9965
8856
9482
10142
9272
9761
11224
10690
9425
9955
10223
8849
9757
11987
10943
10308
12420
11853
10578
13055
13773
12106
12563
12943
10715
9785
10654
8978
7243
6529
5047
1759
260
356
-3428
-4884
-5738
-9291
-10969
-11705
-12481
-14142
-14816
-15707
-17707
-18568
-19069
-18647
-18253
-18667
-18044
-17335
-18249
-17663
-15250
-14095
-13085
-10944
-8956
-8481
-7272
-3983
-1952
-650
2564
4006
3689
6048
7638
7724
9909
11260
10128
10503
11556
10436
10697
11976
11293
10212
10245
10499
8997
9430
11834
10456
9788
12004
10787
9688
12484
12943
11397
12280
12653
10373
9585
10852
9474
7407
7879
6330
2696
2081
1243
-1953
-3049
-4096
-7287
-9289
-10197
-11920
-13017
-13627
-15157
-16720
-18137
-18732
-19573
-19658
-18042
-19110
-19346
-17071
-18003
-18156
-14564
-13287
-13337
-10467
-7888
-7803
-6225
-1998
-603
163
4178
5467
4980
7493
9407
8981
10230
12404
10753
9851
11997
10504
9459
12228
10874
8048
9834
9033
6844
9316
9711
9086
9572
9439
10526
9488
10383
13112
11219
11338
12935
10252
9490
10905
9627
8221
7656
6351
3565
1517
1573
-289
-2892
-3509
-5847
-9468
-10140
-11050
-13152
-12988
-13712
-16357
-17774
-18194
-19630
-20354
-18659
-18553
-19880
-18576
-17211
-18318
-16992
-13301
-12739
-12030
-8681
-7405
-7080
-3566
-134
650
2802
5893
5760
5912
8939
9760
9255
11223
11255
8784
9120
10006
8657
8928
9925
7972
6260
7136
7199
6299
7907
9428
7801
7938
10164
9319
9311
12371
12398
11196
12489
12344
10646
11206
12039
10370
9060
8515
6196
3677
3497
2636
-156
-1106
-2961
-6509
-7804
-8715
-10469
-11278
-11793
-13807
-15519
-16169
-17479
-18591
-18659
-18113
-18082
-19382
-18807
-16983
-18860
-17162
-12096
-13609
-12507
-7590
-8410
-7502
-2723
-1168
-153
2596
4416
4589
4945
7694
8654
8057
10473
10265
7995
9078
9262
8133
8694
9190
8186
6822
7383
7945
6775
7925
9424
8031
8286
9731
9313
9981
11732
11780
11465
11775
11344
10609
10881
11123
10243
9328
8680
6990
5023
4328
3296
1227
190
-1192
-4265
-5893
-6810
-9082
-9821
-10183
-12478
-13857
-14858
-16787
-17193
-17588
-18868
-18319
-18461
-19856
-18664
-17155
-17943
-16587
-13547
-13576
-12838
-9379
-7424
-7265
-3898
52
-701
1518
5349
4433
5195
8682
8819
8008
10293
10101
8021
9201
9816
8197
8461
9381
7579
6520
7546
7624
6743
7967
9052
7455
7887
9012
8860
9651
10678
11445
11159
10796
11425
11129
10537
10849
10582
9434
8299
7810
6413
4661
4796
2685
327
222
-2945
-5218
-5385
-7747
-9398
-10352
-11727
-13537
-15419
-15781
-17028
-18644
-18978
-19092
-19376
-20339
-19270
-17603
-18980
-17722
-14373
-14783
-13471
-9669
-8148
-6787
-3973
-871
145
1519
5008
5933
6028
8672
9515
8403
10180
10948
9209
9982
10244
8494
8378
8657
7666
6826
6935
7215
6245
5833
7528
7068
5937
8553
9132
7509
10128
11333
9074
10855
12560
10207
10787
12564
10290
9246
10666
9174
6968
7435
6576
3334
2497
2519
-537
-2313
-2274
-5340
-7914
-8292
-10509
-12093
-12332
-14211
-15803
-16680
-18247
-19521
-19699
-18975
-19311
-19956
-18356
-17831
-18799
-16104
-13022
-13212
-11062
-7108
-6735
-5781
-1379
371
1071
4450
5966
6353
7691
8388
9213
9955
9563
10157
10196
8360
9063
8668
7251
8586
7375
6571
7437
6368
6495
7190
7642
7401
7567
9144
8108
8534
10830
9705
9745
11437
10236
9311
10315
9611
8671
8657
8023
6667
5116
4882
3726
1422
1079
-173
-2895
-3495
-4515
-6921
-7590
-8852
-10800
-11134
-12621
-14439
-15088
-16842
-17895
-18560
-19864
-18783
-18887
-20373
-18042
-17239
-18645
-15711
-12973
-12914
-10487
-7267
-5850
-4194
-1237
1764
3042
4570
7813
8457
8116
11056
11690
10100
11961
12416
10062
10180
10559
8965
7987
8312
7778
5870
6018
6917
5104
5383
7506
5700
5233
8161
7073
5811
9003
8917
6530
8533
9544
7032
7728
9484
7457
6316
7564
6459
4318
5112
4684
2072
1527
1300
-977
-2401
-2141
-4378
-5729
-6472
-8829
-9656
-11322
-12255
-13618
-15442
-15998
-17905
-19076
-19118
-18648
-19472
-19551
-17482
-18119
-18133
-14591
-12809
-12293
-8577
-5572
-4874
-2203
1315
3126
4766
7733
9714
9681
10565
12425
12102
11483
12840
12363
10265
10163
9701
7529
7310
7537
5568
4584
5234
4536
3385
5031
5692
3995
5140
6393
5632
6212
7935
8278
7499
8640
8992
7774
8743
9011
8188
7958
7446
6884
5610
5278
5009
3132
2324
1491
-393
-1323
-2364
-3996
-5183
-6812
-8364
-9544
-10946
-11906
-13269
-15033
-16064
-17092
-18608
-19137
-18079
-18382
-19626
-17721
-16422
-18014
-15615
-11597
-11748
-9960
-5243
-4130
-3528
628
3257
3703
6253
9005
8921
8959
11113
11060
9785
11002
10907
8599
8677
8242
6279
6654
5430
5071
4920
3133
4670
3878
3344
5582
4810
4244
6481
6415
4824
8026
8503
6227
9031
9402
6781
8188
9137
7039
7227
8035
6501
5316
5639
5301
3379
3159
3358
887
-142
326
-1918
-3514
-3144
-5103
-7431
-7647
-8849
-11077
-11916
-12771
-14871
-16484
-17196
-18101
-18439
-17932
-18284
-18167
-16766
-16907
-16179
-12674
-11311
-10296
-6090
-3967
-3653
-220
2773
3423
5721
8305
8326
8506
10024
10162
9413
10099
10068
7897
7557
7860
5461
5093
6243
3912
2661
4097
3110
2191
3957
4835
3915
4124
5821
5056
4908
7406
7193
7156
8361
8064
8073
8116
9041
9416
8310
9198
9044
7212
7611
7916
6270
5819
5954
3955
2562
2164
579
-1210
-2009
-3829
-6491
-7295
-9346
-11507
-11560
-14077
-16976
-16678
-18859
-21256
-18871
-19613
-20629
-18279
-18368
-18024
-16433
-14427
-12155
-10655
-7628
-4821
-3731
-1197
1963
3526
5145
7402
8706
8359
8900
10426
9504
8983
10278
8772
6735
7204
6400
4450
4651
4927
3216
2482
3549
3286
2164
4006
5203
3034
4390
6790
4817
5444
9467
7890
6448
10583
9229
6963
10442
10574
8387
9664
10543
8254
7821
9136
7735
5900
6470
5814
2682
2548
2936
-211
-1629
-1624
-4508
-6970
-7639
-9268
-11090
-12368
-13673
-15801
-17622
-18322
-19559
-19985
-18678
-18773
-19808
-17518
-16605
-17740
-14059
-10952
-11205
-8747
-4434
-4363
-3767
1517
2629
2195
5945
7439
5729
7137
9125
7603
7399
9034
7673
5397
6894
5985
3789
5335
5114
3375
3390
4817
3415
3458
5925
5269
5115
5966
7486
6288
6537
9940
8138
7611
9943
8614
7131
9280
9340
7624
9088
8912
7037
7150
7422
6305
5257
5455
4742
2686
2215
2142
50
-1002
-1248
-3785
-5348
-6040
-8383
-9485
-10166
-12130
-13843
-15236
-16961
-18032
-18930
-19130
-17842
-19106
-18840
-16345
-17416
-16397
-12708
-11596
-10626
-7120
-4493
-4196
-1746
2250
3130
3827
7770
8647
6703
9301
10952
8131
9164
11186
7841
6498
8227
6111
3937
5554
5228
2228
2631
4114
1825
1752
5242
3924
1794
5120
5160
2365
6060
8572
5539
7242
10057
7011
6990
10551
9366
8275
10850
10304
7810
8747
9537
7607
7206
7906
5596
3169
3576
2544
46
93
-938
-4561
-6315
-6895
-9553
-11576
-10961
-12989
-16480
-16748
-17544
-20562
-20046
-17901
-19656
-19314
-17395
-17902
-17392
-15270
-12109
-10562
-9006
-5408
-4163
-3287
3
2448
3986
6033
7705
8410
7902
8427
9710
8894
8759
9496
7948
6359
6315
5848
5005
4940
4927
3739
2760
3370
3310
3098
5061
5470
3770
4950
5948
4265
5963
8668
7316
7267
9036
7583
6614
8757
8830
7929
9067
8905
7104
6877
7747
6676
5969
7030
5322
3083
3389
2175
515
805
-334
-2651
-4396
-6046
-7794
-9534
-9891
-10873
-13743
-15252
-16424
-18663
-19269
-18627
-18442
-18601
-18992
-17947
-16992
-17257
-14081
-10697
-10573
-8017
-4813
-4232
-2616
725
3263
4003
5619
8051
7542
6758
9157
9612
7375
8944
9668
5805
5853
7154
4403
4110
5525
4229
2630
2865
3835
2466
2443
5550
3739
2360
6076
4623
3551
7479
6786
5570
7809
7326
5936
7245
8034
7269
7345
7936
7299
6145
6640
7339
6180
6094
6768
4911
3693
4355
3096
1863
2271
727
-1477
-2571
-4323
-6227
-7711
-8995
-10463
-12120
-13959
-15504
-16529
-17951
-18627
-18842
-18374
-17814
-18693
-16515
-14502
-15644
-12395
-8790
-8891
-6272
-2562
-1693
-296
2929
4524
5159
7001
8262
7908
7726
8917
8623
7077
7908
7745
4935
4600
5269
3039
2497
3940
2398
1300
2247
2267
1809
2951
5338
4275
3651
6683
5556
4324
7923
8609
6723
8291
9814
7201
6928
9848
8719
7310
9476
9274
6526
7046
8427
6138
5379
6949
4972
2710
3263
2562
472
9
-422
-2306
-4877
-6001
-6351
-9823
-10180
-10034
-13832
-14234
-15492
-17639
-17706
-18261
-18392
-17674
-17725
-18379
-16151
-15222
-15393
-12011
-9792
-9536
-7264
-4413
-3646
-2401
586
2806
2916
4309
6943
5910
5532
8225
8016
6390
8058
8715
5890
6269
8255
5976
5332
7606
6140
4251
6301
7100
5163
6558
8800
6155
5540
8456
7014
5388
8504
8926
5587
6754
8472
4876
4782
7935
5526
3768
6144
4866
2542
4402
5368
3216
3229
5054
3199
1778
3937
3275
1089
2304
2275
-692
-708
-305
-3293
-4661
-4814
-7491
-9647
-10069
-11519
-13451
-14801
-15785
-17091
-18742
-18472
-17472
-18306
-17944
-15469
-15728
-15760
-11899
-10264
-10218
-6872
-3686
-3772
-2243
2181
3044
2811
6362
8042
6137
7101
10041
7962
6797
10755
8851
5461
9017
8356
4258
7381
8257
4251
5730
6786
4997
4813
5941
7144
4889
5108
7389
4096
3508
6585
4592
3459
5909
4645
2681
3786
3992
2939
3313
4389
4061
3476
4214
4744
4286
4911
5923
5255
4873
5130
4190
3632
3818
2817
1725
685
-1319
-3041
-4942
-6995
-8190
-10155
-12262
-12924
-15061
-17449
-17195
-18055
-19464
-18658
-17582
-18096
-17997
-14934
-13951
-14166
-10243
-7482
-7659
-5238
-1004
-610
-506
4692
6335
4649
8531
10868
8216
9154
12240
10378
8938
12104
11615
8306
9933
10895
7153
7191
9607
6711
4873
7493
6029
2759
5061
5463
1407
2227
3830
-161
-983
1700
-732
-2659
-27
-562
-3161
-1369
72
-2030
-999
1764
936
777
3714
4023
3159
5391
6527
5819
5928
7821
6872
5144
6994
5432
3496
3638
2482
213
-1647
-2292
-5341
-7429
-7960
-10283
-11944
-12764
-13993
-15312
-15999
-16480
-16686
-16165
-15331
-14905
-13820
-12045
-11639
-10120
-6933
-5660
-4419
-1301
253
541
2975
5534
5691
6661
9301
9022
7564
9507
10287
8048
8975
10679
7938
6684
8626
6954
4547
6311
6024
2512
2817
3940
773
-119
2221
25
-2532
-280
-953
-4153
-2386
-1191
-3876
-3113
-862
-2367
-2485
127
340
-179
1881
3467
3003
4165
6780
6868
6755
9170
9721
8499
9957
10918
9324
9369
10178
8533
6918
6812
5498
3314
2270
1428
-946
-3226
-4373
-6185
-8423
-9781
-10188
-12183
-13922
-13923
-15095
-16026
-15900
-14613
-14828
-15330
-12641
-12391
-13078
-9125
-7206
-8475
-4357
-2123
-4102
-864
1649
956
2307
4922
5220
3910
5417
6725
5030
5230
7657
5973
3707
6223
5025
2144
4611
4351
1762
2444
2868
1017
268
1727
1185
-296
972
1591
-701
-395
1595
-409
-594
2321
1522
549
3000
3566
2406
4136
6227
5800
6368
8917
9137
8352
10559
11772
10388
11608
13095
11104
10605
11697
10046
8532
8716
7272
4718
3251
1819
-760
-3270
-4823
-7069
-10174
-11823
-13016
-15445
-17001
-17571
-18897
-20089
-20084
-19147
-19086
-19216
-16817
-15829
-16784
-13704
-11136
-11821
-8682
-4933
-5132
-3436
289
1419
2043
4919
7231
6704
7139
9825
9519
8167
10869
11437
8456
9650
10623
7568
7455
8751
6926
5220
5712
5257
2829
2840
3812
1304
910
1859
-488
-133
-57
-1176
64
-1377
-1077
150
-1800
-223
1144
-377
1478
2902
1991
3607
5071
5300
6237
7333
8110
8276
9236
9770
9405
9903
9696
8618
8464
7637
5685
4810
3268
857
-677
-2800
-5278
-7024
-9390
-11979
-13229
-14960
-16578
-16993
-17880
-18465
-18368
-18326
-17726
-16055
-15317
-14443
-11893
-11258
-10308
-6768
-4938
-3856
-675
1436
1563
3285
5801
6389
6879
9026
9757
8377
8996
10274
8705
8151
9875
8610
6352
7405
7080
4418
4834
5604
3077
1967
2884
1199
-825
106
-72
-2559
-2526
-1417
-3497
-4380
-2526
-3569
-5239
-3372
-2855
-4232
-2201
-719
-1752
87
1752
1425
3130
4984
5281
5980
7774
8372
7848
9549
10209
8629
9306
9739
7799
7394
7284
5928
4952
2886
2500
1106
-2482
-1636
-3085
-6646
-5968
-7303
-10004
-9388
-9822
-11678
-11102
-11283
-12380
-11931
-11441
-10711
-10180
-9471
-7765
-7367
-7221
-5251
-3870
-3537
-2023
293
516
313
3171
4230
3067
5354
7107
5075
5114
7572
6200
4515
7232
6854
3343
4692
5491
1770
1873
3890
1033
-661
1370
73
-2722
-1010
-375
-3732
-3408
-1508
-4356
-5325
-2669
-3965
-6006
-4055
-3911
-6151
-5197
-3563
-4674
-4416
-2195
-2005
-2165
-248
1180
1462
2870
5048
5990
6721
8766
10189
10530
12019
13521
13494
13717
14468
14377
13439
13132
13181
11441
9435
9002
7357
3948
2848
1954
-1880
-3690
-4036
-6824
-9232
-9668
-10946
-13708
-14557
-14091
-15775
-16439
-14728
-15380
-15797
-14195
-13836
-12909
-11409
-10011
-8217
-7161
-6025
-4052
-2956
-1980
298
1175
2149
3278
3251
4824
5065
4863
6998
6645
5125
6535
6443
4342
5202
5977
3808
3032
3835
2264
543
1407
892
-1575
-1673
-1275
-3618
-4189
-2391
-3702
-5199
-3348
-3802
-5886
-3707
-2145
-2866
-915
1112
1292
1858
4115
6420
6863
8930
11959
11788
12385
15111
15469
15219
16797
17253
15798
15157
15323
13785
11861
11344
9786
6813
4694
3175
443
-2394
-3659
-6062
-9106
-10734
-12466
-14060
-15539
-16552
-17164
-18818
-19395
-18619
-18773
-18135
-16684
-16185
-15271
-14366
-13128
-11127
-9839
-7882
-5472
-3930
-2632
-524
1838
2599
4084
6697
6871
6838
8875
9611
8436
9381
10744
8523
7618
9116
7316
5148
6420
5859
2716
2843
3575
532
-541
1282
-821
-3037
-1296
-2379
-5000
-3782
-3214
-4926
-4630
-3380
-4532
-5653
-4012
-3621
-4606
-2102
-530
-1586
449
2375
1970
3891
6607
7206
8600
10862
11396
12003
13572
14293
14527
15186
15244
14024
13301
13008
11293
9919
9202
6697
4100
2654
216
-2473
-3809
-5873
-8754
-10062
-11535
-13795
-14324
-14646
-16095
-16760
-16352
-16687
-17469
-15645
-14053
-15043
-12812
-10104
-11525
-9773
-5776
-6297
-5266
-793
-402
-984
2486
4182
2816
4912
7773
6324
6167
8884
8243
6205
8432
9264
5943
6686
8213
4638
3895
5934
3546
1539
2882
1841
-729
-620
-104
-2029
-3327
-2283
-3377
-5753
-4797
-4443
-6584
-5987
-4500
-6359
-6800
-4693
-5500
-5857
-2910
-1999
-2179
126
1891
2056
3679
6689
7926
8550
11721
12763
11912
14909
15993
14794
17037
17341
15171
15336
14696
12778
12030
10862
9041
6807
4401
2478
101
-1994
-3569
-5832
-8099
-10069
-11897
-13383
-14471
-15099
-15948
-17143
-17576
-17697
-18228
-17033
-15722
-16055
-14202
-12818
-13538
-11085
-8476
-8376
-6008
-2660
-2537
-1953
1476
2530
2303
5185
6964
5906
6585
8367
7429
6785
8651
8239
6350
7081
6857
4319
4140
4809
3016
1949
2675
1552
-763
-503
-77
-2166
-2224
-594
-2496
-4082
-2440
-3078
-4767
-2921
-1949
-3764
-3218
-1788
-3066
-2669
-21
182
483
3053
3873
3601
5594
7970
8510
9591
12311
12876
12053
13952
15162
14169
14923
15557
14008
12604
11744
10681
8944
7212
6245
3993
968
-1067
-2744
-4880
-7141
-7831
-9242
-12396
-13153
-13496
-16077
-15801
-14788
-16934
-16468
-15747
-16993
-16201
-14922
-14038
-13714
-12252
-10668
-11411
-9709
-7080
-7306
-5294
-2004
-2062
-1304
1619
2634
2755
5301
7717
7000
7571
10077
9538
8452
10609
11208
8938
9561
10483
7772
7052
8387
6795
5295
5765
4840
2603
1854
2308
780
-743
197
-696
-2958
-2499
-2256
-4301
-4270
-3078
-4681
-5193
-3924
-4731
-5100
-3865
-3619
-3546
-3040
-2249
-1619
-1528
150
1661
1669
3293
4914
4846
5758
7519
7876
8012
9377
10007
9480
9636
10227
9643
8455
8632
8307
5999
5163
4936
2403
757
450
-1612
-3777
-4878
-6325
-8266
-9915
-10392
-11190
-12851
-13080
-12888
-14290
-14569
-13205
-13417
-13080
-11033
-10489
-9850
-7934
-6855
-5605
-3004
-1396
-551
2228
3139
2835
6078
7093
6234
8846
9617
7674
8559
9503
7846
7502
8420
7677
5638
5561
5634
2899
2502
3714
1624
329
1194
-275
-2314
-1803
-1708
-3305
-3752
-3168
-4460
-6130
-5494
-5461
-7252
-6891
-5707
-7409
-7804
-6102
-6994
-7397
-5107
-4631
-4679
-2523
-1478
-955
1146
2604
4153
5976
7095
9167
10392
10932
12981
13715
13623
14912
15129
14243
14321
14095
12948
12101
11334
10034
8261
6659
5284
3447
1476
278
-1202
-3606
-5143
-6519
-8597
-9811
-10477
-11237
-12284
-13285
-13470
-14243
-15173
-14258
-13404
-13781
-12963
-11393
-11689
-11490
-9075
-7997
-7323
-4777
-3166
-2680
-1413
338
1560
2209
3882
5565
5377
5608
6927
6702
5913
6939
7666
6255
5748
6463
5190
3687
4342
4550
2476
2049
3082
1105
-89
1190
447
-1354
-772
-414
-2633
-2993
-1866
-3226
-4329
-3132
-3633
-5559
-4921
-4443
-5671
-5400
-3975
-4016
-4530
-3073
-1871
-2338
-930
1627
1943
2771
5324
6321
6505
8311
10183
10293
10888
12530
12550
11756
12387
12831
11488
10848
11125
9573
7533
7188
6185
3675
2646
2055
-458
-2474
-2946
-4581
-6868
-7418
-8173
-10300
-11550
-11619
-12602
-13880
-13375
-13349
-14442
-14067
-13585
-13627
-12662
-11834
-10699
-9182
-8815
-7283
-5054
-4415
-2783
111
1299
1921
4385
6020
5945
7635
9741
9483
9615
11002
10722
9703
10090
10457
9164
8227
8479
7068
5356
5420
4654
3052
2535
2112
582
-587
-604
-1578
-3066
-3161
-3601
-5318
-5985
-5830
-7275
-8540
-8083
-8656
-10288
-9844
-9275
-10878
-10656
-9107
-9703
-9460
-7177
-6356
-5737
-3368
-1714
-281
1728
3899
6459
7934
9742
12272
13077
14005
15975
16663
16686
17337
17508
16657
15808
15475
14513
12579
11627
10785
8021
6151
5364
2614
179
-431
-2360
-5018
-6170
-7470
-9652
-11170
-11578
-12412
-14191
-14587
-14440
-15941
-16286
-15113
-15227
-15211
-13980
-12902
-12544
-11711
-9405
-7919
-6828
-4214
-2317
-1178
689
2768
4399
5458
7172
8719
8846
9328
10252
10209
9565
9853
10216
8580
7553
7879
6146
4443
4811
3859
1808
1624
1340
-692
-1408
-1031
-2490
-3569
-3004
-3937
-5630
-5456
-5523
-7112
-7263
-6567
-8014
-9002
-8063
-8736
-9659
-8302
-7675
-8090
-7194
-5872
-5426
-4516
-2212
-290
920
3136
5422
6283
8404
10965
11890
13873
15616
15963
16487
17032
17072
16703
16636
16074
14914
13527
11925
10485
8781
7164
5754
3913
1742
-289
-2206
-3946
-5502
-6911
-8088
-9692
-11445
-12372
-13246
-14393
-14519
-14325
-15075
-15464
-15048
-15062
-15184
-14093
-12435
-11959
-11374
-9152
-8210
-8248
-5294
-2901
-2887
-278
2659
2550
3681
6660
7357
7574
10150
11412
10604
11273
12329
11541
10870
11983
11900
9929
9750
9635
7271
6305
6723
5243
3566
3414
2198
-134
-791
-994
-2825
-3916
-3682
-5409
-7673
-7578
-8161
-10223
-10109
-9344
-11394
-12413
-11141
-12364
-13301
-11247
-10710
-11454
-9939
-8477
-8913
-7739
-5049
-3908
-2830
-219
1573
2081
4071
6661
7736
9262
11673
12620
13172
14595
15447
15959
16507
16808
17097
16470
15690
15714
14695
13422
13055
11837
10193
8892
7244
5642
3917
2181
793
-1190
-3160
-4536
-6331
-8209
-9355
-10566
-12206
-13020
-13565
-14725
-15344
-15416
-15853
-15888
-15383
-15180
-14257
-13561
-13181
-11261
-10237
-9663
-7037
-5313
-4741
-2305
-66
413
2114
4581
5333
6078
8067
8978
8763
9663
10613
10033
9777
10517
9884
8515
8610
8068
6148
5706
5383
3428
2420
2035
278
-1201
-1704
-2698
-4183
-4894
-5104
-6517
-7951
-7684
-8315
-9886
-9222
-8821
-10481
-10331
-9324
-10421
-10208
-8241
-8248
-8137
-6134
-5442
-5240
-3151
-1301
-285
1730
3961
5404
6853
8659
10532
12211
13719
15322
16466
16803
17292
17757
17723
17636
17162
16457
15476
13881
12722
11610
9672
8326
7004
4773
2963
1123
-382
-2250
-4294
-4854
-6914
-9191
-9412
-10841
-12820
-12853
-13234
-14873
-14968
-14653
-15590
-15706
-14828
-14928
-14862
-13253
-12798
-12371
-10167
-9563
-8852
-5986
-4736
-3867
-1013
742
1098
3052
5323
5688
6728
8761
8987
8854
9804
10070
9364
9372
9653
8672
7840
7690
6659
5365
4912
4302
3076
2221
1605
473
-638
-1120
-1647
-2585
-3229
-3716
-4698
-5540
-5628
-6138
-7062
-7074
-7422
-8753
-8721
-8236
-9300
-9195
-8134
-8708
-8758
-7275
-6634
-6410
-4576
-2897
-2431
-670
1593
2573
4073
6550
8074
8990
10928
12623
12962
14068
15685
15881
16243
17153
17081
16789
16591
16188
15618
14606
13840
12917
11366
9989
8573
6897
5147
3436
1765
-180
-2142
-4013
-5859
-7793
-9630
-10996
-12529
-14175
-15412
-16427
-17646
-18300
-18102
-18403
-18324
-17767
-17530
-17129
-16398
-15243
-14222
-12978
-11462
-9969
-8638
-7268
-5193
-3519
-2062
89
1792
2764
4242
5946
6846
7896
9417
10228
10419
11017
11578
11334
11304
11863
11617
10756
10604
10145
8797
8225
8065
6834
5685
5262
4047
2436
1922
1309
-171
-922
-1259
-2672
-3903
-4019
-4728
-6026
-6065
-6140
-7632
-8022
-7457
-8460
-8882
-7789
-8088
-8672
-7651
-7043
-7200
-6192
-4695
-4297
-3616
-1760
-685
163
2328
3975
4929
6761
8292
9287
10887
12193
13008
14121
14675
14658
15080
15084
14358
14138
13733
12277
11102
10244
8483
6742
5793
4192
2099
768
-732
-2852
-4311
-5419
-7077
-8601
-9643
-10922
-12419
-13211
-13879
-15030
-15552
-15747
-16341
-16565
-16301
-16345
-16161
-15520
-14976
-13983
-13066
-11943
-10310
-9187
-7678
-5560
-3876
-2177
120
2133
3610
5419
7293
8807
10151
11557
12850
13476
13745
14382
14670
14236
14309
14418
13375
12471
12198
10992
9583
9234
8345
6628
5792
4965
3147
1940
1413
44
-1365
-1956
-3042
-4716
-5547
-6081
-7439
-8399
-8460
-9364
-10533
-10397
-10644
-11673
-11311
-10692
-11143
-10631
-9517
-9340
-8717
-7258
-6341
-5227
-3456
-2357
-1044
726
1575
2950
4919
5700
6764
8535
9008
9305
10609
11162
11041
11789
12273
11630
11443
11534
10862
10183
9965
9382
8106
7295
6677
5130
3995
3477
1917
288
-466
-1870
-3614
-4536
-5534
-6983
-8119
-8944
-9865
-10867
-11473
-11724
-12342
-12803
-12538
-12640
-12833
-12049
-11515
-11456
-10483
-9477
-9143
-7974
-6376
-5644
-4478
-2661
-1761
-756
1215
2455
3345
5148
6389
6946
8194
9409
9829
10495
11526
11610
11457
11921
11779
11106
10967
10761
9734
8783
8322
7219
5797
5175
4281
2740
1801
1048
-190
-1356
-1953
-2695
-3914
-4534
-4909
-5876
-6543
-6678
-7315
-8122
-8186
-8466
-9250
-9181
-9033
-9788
-9745
-9126
-9555
-9473
-8368
-8133
-7995
-6743
-5836
-5415
-4166
-2626
-1669
-590
1103
2431
3183
4736
6406
6993
8124
9661
9933
10373
11430
11640
11656
12042
12067
11672
11250
10969
10453
9593
9007
8419
7350
6370
5611
4563
3422
2529
1614
424
-717
-1614
-2687
-3935
-4812
-5667
-6880
-7828
-8536
-9493
-10297
-10830
-11415
-11859
-12168
-12410
-12343
-12208
-12101
-11602
-10998
-10539
-9782
-8684
-7706
-6808
-5401
-3907
-3003
-1530
430
1357
2602
4720
5634
6373
8188
9060
9300
10520
11303
11130
11452
11845
11435
11029
11021
10584
9634
9034
8539
7347
6319
5882
4833
3532
2957
2102
694
-118
-650
-1741
-2757
-3263
-4036
-5211
-5819
-6109
-7064
-7797
-7806
-8453
-9289
-9133
-9223
-9841
-9611
-9156
-9410
-9226
-8385
-8058
-7694
-6524
-5638
-5051
-3866
-2720
-1895
-704
607
1686
2806
4012
5023
5877
6878
7803
8437
9153
9790
10077
10390
10650
10623
10596
10497
10108
9705
9284
8592
7852
7231
6371
5366
4561
3629
2457
1484
575
-547
-1634
-2498
-3452
-4524
-5322
-6032
-6963
-7678
-8165
-8764
-9228
-9615
-9842
-10042
-10394
-10265
-10082
-10187
-9848
-9275
-9063
-8616
-7864
-7297
-6508
-5646
-4486
-3396
-2601
-1071
116
972
2707
4057
4928
6435
7736
8467
9441
10496
11136
11461
12027
12425
12045
11848
11829
11055
10196
9791
8896
7492
6570
5638
4092
2937
2156
877
-380
-1142
-2085
-3267
-4021
-4519
-5381
-6145
-6368
-6972
-7863
-8009
-8232
-8950
-8992
-8772
-9305
-9466
-8968
-9181
-9241
-8361
-8069
-7960
-6938
-6319
-6014
-4910
-3937
-3344
-2269
-1144
-462
391
1504
2264
2931
3921
4686
4993
5636
6355
6406
6754
7448
7302
7243
7756
7449
7028
7335
7008
6360
6397
6081
5285
4951
4623
3853
3236
2883
2259
1422
907
465
-324
-906
-1089
-1627
-2264
-2317
-2512
-3012
-2946
-2770
-2999
-2925
-2621
-2596
-2600
-2398
-2096
-2138
-2160
-1736
-1901
-2230
-1868
-1984
-2447
-2185
-2213
-2735
-2617
-2514
-2774
-2564
-2261
-2173
-1855
-1485
-1142
-569
-82
415
1166
1622
1936
2544
2875
2965
3357
3528
3348
3259
3082
2661
2204
1883
1464
824
336
-74
-728
-1253
-1459
-1810
-2160
-2240
-2369
-2578
-2604
-2517
-2443
-2338
-2191
-2039
-1973
-1925
-1771
-1718
-1712
-1550
-1514
-1628
-1542
-1554
-1715
-1503
-1371
-1440
-1098
-906
-950
-470
-91
17
625
1135
1262
1759
2244
2381
2765
3239
3407
3583
3818
3851
3836
3869
3846
3789
3641
3481
3372
3130
2883
2788
2610
2369
2298
2159
1884
1767
1659
1441
1326
1223
1010
792
629
424
152
-65
-280
-591
-835
-1069
-1398
-1584
-1816
-2105
-2185
-2407
-2628
-2686
-2878
-3014
-3092
-3236
-3312
-3459
-3589
-3660
-3888
-3980
-4017
-4255
-4284
-4273
-4496
-4454
-4310
-4385
-4182
-3801
-3666
-3308
-2704
-2345
-1835
-1003
-378
273
1219
1981
2607
3441
4180
4696
5289
5859
6178
6422
6691
6764
6668
6605
6459
6090
5700
5328
4780
4169
3654
3089
2439
1806
1250
669
-8
-518
-915
-1529
-2012
-2274
-2770
-3241
-3424
-3715
-4118
-4271
-4334
-4619
-4774
-4632
-4725
-4817
-4473
-4305
-4277
-3798
-3410
-3225
-2663
-2127
-1794
-1191
-624
-206
394
884
1261
1799
2172
2438
2848
3091
3200
3427
3569
3587
3625
3661
3650
3518
3425
3420
3174
2937
2917
2624
2279
2206
1919
1530
1373
1106
716
452
176
-207
-525
-787
-1129
-1405
-1620
-1953
-2167
-2295
-2595
-2734
-2724
-2940
-3017
-2876
-2975
-3013
-2775
-2766
-2811
-2548
-2460
-2527
-2274
-2098
-2155
-1939
-1701
-1721
-1563
-1269
-1175
-1030
-656
-397
-260
137
537
685
1094
1640
1847
2222
2804
3029
3281
3782
4003
4099
4392
4520
4414
4392
4371
4125
3834
3657
3323
2803
2445
2047
1435
986
589
16
-442
-844
-1326
-1701
-2069
-2434
-2660
-2970
-3278
-3374
-3586
-3839
-3808
-3838
-4001
-3924
-3805
-3849
-3768
-3527
-3399
-3301
-3002
-2715
-2579
-2247
-1805
-1571
-1219
-671
-358
-37
522
900
1184
1668
2048
2263
2583
2904
3054
3201
3433
3510
3473
3574
3569
3391
3362
3299
3037
2867
2741
2420
2125
1966
1666
1294
1108
873
461
236
68
-315
-574
-712
-1003
-1262
-1372
-1557
-1806
-1912
-1997
-2201
-2324
-2332
-2461
-2585
-2541
-2580
-2689
-2623
-2572
-2618
-2526
-2372
-2304
-2159
-1919
-1722
-1507
-1185
-835
-508
-118
343
747
1162
1668
2106
2500
2978
3367
3679
4033
4265
4418
4573
4591
4543
4468
4249
3994
3722
3317
2863
2451
1944
1337
832
325
-332
-854
-1275
-1880
-2367
-2654
-3107
-3503
-3671
-3954
-4234
-4303
-4415
-4543
-4530
-4507
-4474
-4383
-4248
-4059
-3897
-3688
-3358
-3108
-2828
-2367
-2019
-1679
-1134
-720
-366
183
606
935
1421
1799
2078
2461
2746
2946
3193
3342
3432
3519
3510
3486
3413
3258
3130
2907
2639
2444
2119
1800
1599
1253
936
757
466
191
44
-142
-334
-432
-513
-626
-658
-641
-679
-638
-537
-527
-461
-321
-270
-211
-77
1
27
115
201
197
243
339
319
312
393
354
295
356
302
205
254
205
110
174
143
56
128
108
31
111
93
-2
62
35
-92
-55
-96
-264
-288
-353
-571
-667
-756
-1000
-1162
-1266
-1502
-1707
-1812
-2007
-2215
-2300
-2404
-2546
-2570
-2540
-2555
-2488
-2313
-2174
-1998
-1695
-1416
-1141
-758
-411
-83
304
627
945
1275
1502
1742
1970
2061
2190
2309
2265
2265
2276
2121
2012
1937
1723
1553
1426
1222
1048
894
734
598
452
360
288
177
133
129
82
38
59
49
-60
-45
-18
-189
-185
-117
-298
-291
-192
-321
-313
-198
-219
-193
-68
47
106
227
446
529
608
850
944
952
1131
1212
1138
1192
1233
1085
988
947
755
547
419
189
-103
-340
-588
-896
-1181
-1392
-1633
-1925
-2096
-2231
-2471
-2580
-2567
-2678
-2711
-2564
-2518
-2462
-2197
-1987
-1837
-1510
-1180
-959
-621
-230
30
324
709
971
1170
1445
1645
1724
1822
1898
1871
1807
1764
1672
1498
1359
1234
1005
816
702
495
314
256
130
12
21
-6
-67
-35
0
3
39
113
191
233
274
363
378
322
352
343
213
176
159
2
-93
-117
-253
-380
-397
-474
-614
-615
-596
-722
-703
-579
-689
-691
-492
-550
-590
-360
-326
-389
-211
-114
-184
-106
-13
-69
-68
-12
-53
-89
-65
-80
-129
-128
-106
-128
-145
-78
-38
-60
31
165
182
287
490
530
573
763
812
792
932
990
911
959
998
876
814
813
674
528
488
360
147
50
-51
-279
-417
-472
-659
-802
-801
-904
-1019
-980
-1006
-1075
-1001
-961
-963
-850
-760
-693
-547
-431
-326
-176
-55
67
210
322
441
562
642
732
839
889
922
990
1001
954
956
930
813
726
653
487
334
228
62
-113
-224
-353
-507
-607
-674
-771
-864
-890
-932
-1022
-1026
-1004
-1052
-1029
-953
-954
-910
-795
-740
-659
-520
-420
-320
-188
-79
24
103
177
272
299
325
427
434
405
502
515
434
501
533
421
437
498
395
365
454
392
326
419
396
290
358
377
252
284
344
230
224
314
247
214
302
282
227
269
264
187
156
150
84
28
53
45
8
65
118
113
161
224
228
243
292
314
300
305
315
280
237
237
206
117
76
46
-78
-160
-158
-267
-372
-335
-401
-519
-469
-479
-597
-551
-502
-598
-567
-465
-522
-501
-360
-370
-375
-232
-198
-214
-98
-45
-86
-43
-5
-62
-83
-68
-127
-193
-211
-268
-355
-401
-461
-552
-604
-664
-746
-785
-847
-918
-930
-983
-1025
-1000
-1027
-1007
-925
-893
-792
-652
-563
-407
-231
-97
66
236
401
543
680
849
955
1038
1171
1244
1291
1378
1423
1443
1481
1502
1506
1517
1524
1522
1505
1489
1467
1419
1366
1323
1247
1161
1094
991
861
760
627
455
320
162
-44
-212
-383
-594
-756
-896
-1066
-1190
-1282
-1390
-1443
-1458
-1472
-1426
-1349
-1278
-1153
-1005
-875
-698
-516
-362
-176
2
140
295
434
523
617
692
717
730
728
679
604
520
400
251
110
-52
-242
-409
-576
-769
-925
-1067
-1228
-1344
-1426
-1520
-1568
-1565
-1580
-1564
-1497
-1446
-1383
-1269
-1175
-1081
-940
-816
-703
-557
-419
-311
-181
-42
53
165
305
386
484
622
695
791
929
1000
1087
1201
1259
1330
1408
1458
1514
1559
1600
1634
1649
1666
1663
1644
1622
1579
1528
1467
1390
1315
1225
1128
1042
937
826
734
631
520
425
331
223
126
33
-69
-162
-248
-342
-434
-508
-589
-675
-734
-794
-870
-914
-947
-1005
-1046
-1066
-1115
-1159
-1170
-1194
-1225
-1220
-1211
-1211
-1181
-1137
-1105
-1053
-985
-935
-878
-802
-756
-712
-639
-583
-542
-470
-405
-366
-307
-244
-207
-167
-123
-102
-94
-78
-75
-90
-95
-102
-117
-122
-124
-129
-135
-145
-151
-148
-155
-153
-130
-118
-102
-62
-38
-24
14
43
65
113
169
217
292
377
448
545
661
760
871
1007
1119
1215
1350
1472
1562
1679
1791
1861
1926
1976
1994
1985
1940
1873
1777
1643
1497
1336
1149
955
747
523
302
77
-154
-371
-575
-783
-969
-1127
-1278
-1407
-1502
-1592
-1673
-1721
-1758
-1796
-1815
-1811
-1797
-1768
-1721
-1662
-1595
-1504
-1403
-1298
-1171
-1033
-895
-749
-605
-468
-327
-189
-75
36
149
239
313
387
442
472
498
513
504
487
466
432
388
328
252
169
77
-31
-139
-240
-348
-442
-513
-574
-620
-633
-639
-630
-589
-531
-468
-382
-282
-183
-71
55
175
299
430
558
689
820
945
1070
1188
1280
1355
1411
1441
1449
1443
1414
1363
1307
1235
1151
1067
972
872
778
679
589
507
411
329
264
179
102
36
-39
-112
-179
-251
-318
-388
-453
-509
-562
-602
-631
-662
-692
-722
-756
-793
-831
-870
-910
-947
-979
-1003
-1020
-1027
-1024
-1010
-985
-947
-898
-841
-776
-710
-644
-580
-520
-470
-422
-378
-332
-284
-234
-177
-116
-50
17
82
140
188
232
269
304
337
368
400
430
462
492
519
545
567
583
597
609
619
623
620
606
579
539
491
434
375
309
245
182
122
70
26
-10
-35
-48
-49
-40
-22
3
33
68
107
149
192
235
276
319
363
407
449
489
517
533
534
517
483
432
365
286
198
102
2
-102
-206
-303
-392
-469
-536
-593
-646
-691
-723
-741
-743
-734
-716
-689
-651
-602
-549
-492
-433
-374
-315
-258
-207
-158
-116
-80
-52
-33
-27
-31
-42
-61
-84
-107
-129
-149
-162
-168
-166
-158
-139
-114
-81
-43
1
47
95
142
189
230
267
300
326
345
360
367
367
361
347
328
303
272
235
196
157
121
87
57
33
16
7
11
26
47
76
109
145
183
225
264
301
333
364
390
410
426
431
425
411
391
362
327
288
245
200
158
118
78
42
4
-28
-59
-88
-114
-140
-163
-182
-197
-208
-220
-231
-244
-256
-269
-281
-300
-327
-358
-390
-421
-453
-484
-516
-546
-574
-598
-622
-639
-649
-650
-643
-628
-608
-578
-543
-504
-458
-411
-362
-317
-273
-232
-197
-165
-138
-112
-91
-68
-46
-27
-12
2
18
30
43
56
75
104
136
175
225
282
344
409
477
549
626
708
799
903
1013
1123
1228
1326
1408
1473
1519
1550
1559
1546
1505
1438
1353
1255
1144
1025
900
774
649
526
406
290
173
58
-54
-161
-266
-361
-449
-531
-609
-685
-758
-824
-887
-949
-1010
-1065
-1110
-1140
-1159
-1171
-1171
-1165
-1149
-1125
-1096
-1061
-1022
-973
-918
-856
-785
-711
-638
-568
-505
-450
-404
-367
-335
-312
-298
-290
-282
-279
-285
-300
-316
-333
-351
-363
-367
-357
-342
-325
-304
-272
-233
-185
-133
-76
-13
55
123
191
254
314
370
420
461
496
520
537
541
537
523
503
477
455
434
421
417
421
432
454
481
515
559
613
671
738
810
878
940
1000
1055
1094
1124
1141
1140
1123
1088
1030
953
859
748
629
501
367
226
81
-65
-208
-345
-471
-586
-685
-767
-828
-872
-896
-908
-904
-888
-861
-824
-782
-737
-691
-643
-594
-544
-496
-453
-418
-392
-376
-369
-371
-382
-399
-417
-439
-461
-481
-498
-509
-515
-512
-503
-487
-462
-430
-390
-342
-287
-228
-168
-107
-50
2
50
92
128
159
183
198
208
215
212
206
197
180
156
132
108
82
55
32
13
3
4
11
23
35
55
83
118
159
202
251
302
352
404
451
494
537
575
598
613
623
628
622
614
604
588
569
548
523
493
456
414
366
316
267
220
176
137
104
72
41
11
-23
-58
-93
-126
-157
-188
-218
-246
-273
-299
-325
-354
-386
-420
-454
-486
-516
-542
-562
-574
-580
-579
-572
-561
-547
-526
-499
-466
-428
-388
-346
-302
-259
-214
-168
-121
-76
-33
11
53
91
128
157
181
199
209
212
210
206
195
182
171
158
143
130
120
108
98
92
90
86
88
89
92
95
102
107
115
122
128
131
132
129
122
111
94
72
50
25
4
-17
-35
-53
-71
-86
-101
-110
-111
-106
-95
-76
-54
-28
0
30
58
90
121
154
185
213
235
247
248
241
226
208
187
162
135
105
72
37
3
-30
-63
-95
-126
-156
-181
-200
-212
-215
-214
-203
-187
-167
-142
-117
-92
-67
-44
-22
-2
11
18
19
20
23
25
27
29
30
34
39
42
46
44
42
39
35
30
27
23
20
15
11
5
-5
-20
-41
-67
-97
-128
-161
-192
-223
-251
-273
-288
-294
-294
-287
-271
-250
-223
-188
-147
-101
-51
0
53
106
157
207
249
286
310
326
336
342
341
332
311
284
251
219
185
152
115
83
58
40
28
20
16
14
19
29
44
63
84
106
128
148
165
175
176
167
149
122
88
46
1
-46
-91
-140
-189
-244
-299
-349
-396
-434
-463
-485
-495
-491
-475
-446
-405
-358
-302
-242
-178
-115
-52
9
66
118
165
205
237
258
271
273
271
263
251
238
220
200
176
151
125
101
82
66
53
46
42
42
44
49
54
61
66
72
77
83
86
84
77
64
48
27
1
-27
-56
-83
-108
-130
-146
-158
-167
-172
-174
-174
-171
-162
-151
-133
-109
-80
-47
-13
23
60
99
138
173
202
221
234
241
243
237
223
204
184
162
138
110
74
39
3
-28
-57
-84
-113
-139
-164
-181
-192
-196
-194
-188
-176
-164
-150
-137
-124
-117
-113
-111
-112
-117
-126
-140
-157
-176
-195
-213
-227
-240
-249
-253
-253
-245
-232
-214
-189
-159
-127
-88
-48
-8
37
82
127
172
215
256
293
322
345
359
365
366
363
353
337
317
290
261
231
205
182
165
153
142
134
127
125
128
135
143
154
164
174
181
188
189
186
178
167
149
127
101
69
34
-5
-46
-89
-135
-180
-224
-264
-299
-329
-353
-371
-380
-382
-374
-357
-335
-309
-281
-253
-222
-192
-164
-140
-120
-105
-88
-71
-62
-58
-58
-59
-67
-75
-85
-90
-95
-99
-99
-99
-94
-88
-80
-69
-55
-36
-17
4
24
43
61
78
93
103
109
110
110
107
102
95
84
73
61
50
38
27
17
10
6
5
9
18
31
48
68
87
109
129
150
174
197
218
239
256
267
273
274
269
260
245
229
209
190
166
144
119
94
70
46
23
3
-17
-33
-49
-63
-75
-87
-98
-108
-118
-126
-132
-137
-140
-140
-143
-144
-147
-148
-152
-156
-160
-163
-165
-165
-164
-160
-154
-146
-134
-124
-114
-106
-95
-83
-67
-53
-40
-27
-16
-5
5
12
18
24
30
32
34
33
30
25
16
7
-3
-13
-20
-27
-30
-33
-36
-36
-38
-39
-38
-37
-34
-29
-23
-16
-8
0
10
18
27
36
44
52
57
63
64
63
60
56
52
50
50
52
55
59
63
68
74
79
86
95
104
117
128
139
151
158
163
165
166
165
160
154
144
134
120
104
84
62
39
13
-11
-38
-63
-85
-105
-123
-136
-148
-159
-167
-170
-169
-166
-157
-146
-132
-117
-105
-93
-86
-78
-72
-70
-69
-68
-70
-72
-75
-79
-84
-91
-99
-104
-110
-113
-114
-113
-107
-100
-88
-71
-50
-27
-3
24
50
73
93
115
133
149
160
164
163
156
146
131
111
87
62
36
10
-14
-38
-62
-82
-97
-110
-117
-119
-114
-105
-90
-71
-51
-28
-3
23
53
79
105
127
149
164
179
189
194
194
191
182
169
153
134
116
97
79
61
43
27
12
-2
-14
-23
-29
-33
-33
-33
-30
-27
-23
-19
-18
-19
-22
-27
-34
-43
-53
-63
-73
-83
-92
-102
-111
-120
-129
-137
-143
-146
-147
-143
-136
-126
-113
-98
-81
-65
-47
-30
-13
0
13
23
32
39
42
46
46
44
41
37
31
25
20
13
5
-2
-11
-21
-30
-36
-41
-43
-42
-40
-36
-31
-26
-19
-11
-1
7
15
22
29
38
46
53
57
61
63
68
72
75
76
79
81
85
87
91
94
98
101
104
104
104
103
101
97
96
92
89
84
80
74
68
59
51
41
31
20
8
-4
-18
-32
-46
-60
-73
-83
-94
-101
-109
-114
-119
-123
-126
-127
-128
-129
-128
-128
-128
-127
-126
-125
-123
-121
-117
-114
-109
-104
-101
-96
-94
-91
-88
-85
-80
-72
-63
-49
-36
-22
-7
8
22
36
50
65
80
94
105
113
121
126
128
128
125
122
120
115
109
104
96
89
82
73
65
58
50
46
39
35
33
32
34
38
42
49
55
60
64
67
69
68
66
61
54
46
37
26
15
3
-8
-20
-31
-41
-50
-58
-61
-64
-63
-61
-54
-47
-40
-32
-26
-21
-15
-12
-6
-5
-3
-2
-2
-4
-8
-11
-18
-24
-34
-44
-57
-71
-86
-102
-116
-129
-137
-141
-145
-144
-140
-132
-121
-108
-94
-82
-68
-52
-36
-19
-4
8
20
29
37
45
51
56
60
63
66
63
60
54
45
38
31
25
21
20
20
22
26
32
39
46
55
63
70
77
83
87
91
93
95
92
89
84
77
68
59
48
36
24
14
4
-6
-13
-20
-24
-28
-28
-28
-27
-27
-25
-22
-18
-16
-14
-12
-7
1
8
14
14
12
10
9
9
7
4
0
-4
-7
-9
-13
-15
-16
-16
-16
-16
-16
-18
-17
-19
-21
-24
-25
-28
-29
-33
-36
-40
-44
-48
-53
-58
-63
-67
-70
-75
-78
-80
-80
-80
-78
-74
-68
-62
-52
-43
-36
-27
-18
-11
-4
2
9
15
20
25
30
32
37
40
42
45
48
49
52
54
56
57
58
57
58
60
61
63
67
70
73
75
77
75
76
72
70
66
63
59
54
50
41
33
24
14
3
-7
-17
-26
-34
-40
-45
-49
-50
-50
-48
-45
-39
-33
-26
-19
-12
-8
-3
1
5
8
11
14
15
13
12
9
5
0
-3
-7
-10
-16
-24
-30
-36
-43
-47
-48
-49
-47
-45
-41
-38
-34
-31
-29
-26
-24
-23
-21
-21
-19
-19
-19
-19
-19
-20
-19
-21
-23
-26
-29
-33
-35
-39
-40
-41
-41
-39
-37
-33
-30
-22
-18
-10
-3
5
13
21
28
34
42
48
53
58
61
64
65
64
63
61
58
54
51
47
43
39
34
30
25
21
18
16
14
12
11
11
12
12
14
14
14
15
14
12
11
7
5
3
-1
-4
-6
-10
-12
-16
-19
-23
-26
-29
-31
-31
-31
-30
-30
-27
-25
-21
-17
-14
-9
-4
0
4
7
12
16
20
23
25
28
28
28
27
24
21
16
11
4
-1
-6
-10
-14
-18
-21
-25
-27
-29
-32
-34
-36
-37
-39
-38
-38
-36
-35
-33
-30
-26
-23
-19
-14
-11
-8
-7
-6
-6
-5
-4
-2
1
6
8
11
13
15
16
15
12
11
11
8
7
7
8
9
12
14
15
17
20
21
21
22
20
18
18
17
16
16
16
16
14
14
12
10
6
3
0
-2
-4
-6
-6
-8
-9
-10
-11
-10
-11
-11
-10
-7
-5
-3
0
4
8
12
16
21
23
26
27
28
29
30
30
30
29
26
25
21
16
11
8
4
0
-4
-7
-11
-14
-17
-19
-20
-21
-20
-22
-21
-22
-22
-22
-22
-22
-23
-22
-20
-20
-19
-19
-16
-17
-15
-16
-19
-20
-22
-25
-28
-31
-33
-35
-36
-36
-34
-32
-29
-26
-23
-21
-20
-18
-16
-13
-9
