SAMPLES:	15364
BITSPERSAMPLE:	16
CHANNELS:	1
SAMPLERATE:	16000
NORMALIZED:	FALSE
0
-1
-1
-1
0
0
0
0
-1
-1
-1
-1
1
0
1
1
0
0
0
0
-2
-2
-3
-4
-3
-2
-2
-3
-2
-2
-2
-1
-1
0
1
3
3
3
3
2
2
2
2
2
2
1
2
1
-1
-1
-1
-1
0
0
1
1
1
1
1
2
1
1
1
1
1
1
1
0
-1
-1
-1
-1
-3
-2
-2
-1
-1
-1
-1
0
0
0
1
0
0
0
1
0
0
1
0
1
1
0
0
-1
-1
-1
-1
-2
-1
-1
0
1
0
1
1
0
2
3
3
2
2
2
1
1
1
1
1
2
0
-2
-1
-2
-1
0
1
0
0
0
-1
0
0
-1
0
0
0
0
0
0
0
1
0
-1
-1
-3
-3
-2
-1
-1
-1
0
0
0
0
0
1
0
2
3
3
3
3
3
2
2
1
0
0
1
0
0
0
0
-1
-1
-2
-2
-1
-1
-1
0
1
0
0
0
0
0
0
0
0
1
1
0
0
-2
-2
-2
-1
-1
-1
0
0
1
1
0
0
1
2
3
3
2
1
0
0
0
0
0
0
0
-1
-2
-2
-3
-4
-2
-2
-1
-1
0
2
1
1
1
2
2
3
0
1
0
0
1
0
0
-1
-2
-2
-1
0
0
0
1
0
0
1
-1
-1
1
1
1
1
1
1
1
1
1
0
0
-1
-1
-1
-1
0
-1
-1
-1
-1
0
-1
-1
0
1
2
2
1
1
1
0
0
0
-2
-1
-1
-2
-2
-4
-4
-5
-4
-4
-3
-2
0
2
3
4
3
3
3
3
2
3
2
1
0
-1
-1
-1
-1
-2
0
-1
-2
-1
-1
-1
0
0
1
2
3
3
4
3
3
2
1
0
0
0
0
-1
-3
-3
-3
-3
-3
-3
-3
-3
-2
-1
0
1
2
3
5
4
4
3
2
1
0
0
1
-1
-1
-1
-1
-1
-2
-2
-1
-2
0
1
0
1
2
2
3
3
3
4
2
1
0
0
-2
-2
-3
-3
-3
-4
-3
-4
-4
-3
-3
-2
-1
0
1
2
2
2
2
3
2
1
1
0
0
0
0
0
0
0
0
0
0
1
0
1
0
0
0
1
1
2
3
1
2
2
0
0
-1
-1
-2
-2
-2
-3
-4
-4
-4
-4
-4
-2
-2
0
0
0
0
1
1
2
3
3
3
2
2
0
1
1
1
1
0
0
-1
-2
-3
-2
-1
0
1
1
1
2
1
1
1
1
1
0
1
0
0
-1
-2
-2
-3
-3
-2
-1
-2
0
-1
-1
1
-1
2
1
2
2
1
1
2
2
2
0
1
0
0
0
-1
-2
-1
-2
-1
-1
0
0
0
0
0
0
0
1
0
1
0
1
1
1
1
0
1
-1
-2
-2
-1
-1
-2
-2
-2
-1
-1
0
0
0
-1
1
0
0
0
0
0
0
0
1
0
-1
-2
-1
-1
-1
-1
-1
0
1
2
1
1
2
3
4
5
5
5
3
2
2
2
1
2
1
1
-1
-2
-2
-3
-3
-3
-2
-3
-2
-2
-3
-1
0
1
2
3
4
2
3
2
1
1
0
-1
-1
-1
-2
-1
-2
-2
-2
-2
-2
-2
-2
0
0
0
2
2
1
1
1
0
0
-1
-1
-1
-1
0
-1
-2
-3
-2
-3
-3
-4
-3
-2
-1
-1
1
-1
1
2
3
2
4
3
3
3
4
2
3
2
1
0
-1
-2
-2
-2
-1
-1
0
0
2
2
2
1
1
1
1
1
0
-1
-1
-3
-2
-1
-2
0
0
0
0
-1
-1
-1
0
0
0
0
0
0
0
1
1
2
1
1
0
0
0
0
-2
-1
-1
-1
-2
0
0
-1
0
1
0
1
0
0
2
2
0
2
0
1
1
0
0
0
0
0
0
1
-1
-1
-2
-2
-3
-1
-2
-1
1
0
1
0
0
0
1
1
0
-1
-2
-2
-2
-2
0
-1
2
1
3
1
1
2
0
0
2
1
1
1
2
0
0
1
0
0
0
-1
0
0
1
0
0
0
0
0
0
-1
0
0
0
-1
1
1
2
2
0
1
1
1
0
0
-1
-1
-1
-1
-3
1
-1
0
1
-1
0
-2
-1
1
-2
1
1
0
3
-3
5
-2
2
-1
0
1
0
0
0
-1
0
-1
1
0
1
2
2
1
1
0
0
0
0
0
-1
0
0
0
1
-1
0
-2
-2
-2
-2
-3
-2
-2
0
0
0
0
1
0
0
1
1
0
-1
-1
-1
0
0
1
-1
-1
0
0
-1
-1
-2
-1
0
-1
0
1
2
2
2
2
3
2
3
1
0
0
1
0
-1
-2
-2
-2
-1
-3
-2
-3
0
1
2
2
2
1
3
3
3
3
1
1
1
1
0
-1
-2
-2
-2
-3
-1
-1
-3
-2
-1
0
0
0
0
1
2
3
3
3
3
2
0
1
0
0
0
0
-1
-2
-3
-5
-4
-3
-2
0
0
2
2
4
4
3
2
1
0
1
1
0
0
-2
-4
-4
-5
-5
-5
-5
-4
-4
-2
-2
-2
-2
-1
0
2
2
2
2
3
4
2
0
-1
-1
0
0
-2
-4
-4
-4
-3
-3
-3
-3
-1
2
4
4
4
4
5
8
10
11
10
9
7
7
6
6
5
3
3
3
4
4
3
3
2
1
1
0
0
0
0
-1
-4
-8
-10
-10
-11
-13
-20
-25
-27
-26
-26
-26
-26
-21
-15
-7
1
6
10
15
20
26
29
30
28
26
22
18
13
10
5
3
0
-2
-3
-5
-2
0
2
6
11
16
22
24
26
24
19
11
0
-13
-27
-41
-52
-61
-66
-65
-63
-56
-46
-35
-25
-15
-6
-2
1
3
3
-1
-6
-9
-11
-11
-13
-14
-15
-13
-12
-18
-27
-30
-22
-11
-13
-25
-32
-21
-4
7
17
45
99
153
152
101
49
61
141
228
254
202
116
63
135
290
431
456
347
236
298
635
968
987
688
439
499
780
851
335
-264
-639
-578
-471
-812
-1567
-2878
-3859
-4171
-4036
-4310
-5541
-6672
-6816
-5419
-3624
-2990
-3469
-3812
-2951
-684
1742
2647
2765
2671
3277
5315
7149
8032
7820
6692
6100
6806
7651
7732
6646
4475
2891
2290
1938
1501
159
-1929
-3669
-4695
-5044
-5196
-5646
-6341
-7180
-7560
-7102
-6089
-4839
-4249
-4322
-3762
-2469
-931
634
1576
2064
2725
3330
4079
5149
5663
5584
5255
4632
4451
4439
3858
3037
1909
682
-39
-784
-1664
-2533
-3876
-4750
-5069
-5197
-5374
-6094
-6729
-6751
-5775
-4593
-3516
-3765
-4435
-3309
-1185
2224
3440
2238
2095
3211
6461
9303
9540
8093
6625
6637
8308
10082
9538
7142
4409
2951
3373
3931
3042
626
-2227
-3918
-3869
-3268
-3417
-4925
-6463
-7254
-7087
-6097
-5636
-5438
-5572
-5762
-5532
-4741
-4000
-3221
-2289
-2866
-2248
-1154
-962
349
437
915
2187
2021
2341
2793
3097
3951
4462
4157
3814
4201
3719
3269
3884
3287
3452
3302
1320
1126
636
-66
374
-377
-1158
-1862
-2740
-2814
-2389
-2327
-2899
-3336
-3714
-3698
-2729
-1788
-1522
-1592
-1990
-1854
-634
316
970
1561
1397
1331
1871
2340
3145
3758
3221
3000
3050
2520
2835
3123
2255
1771
966
-276
-324
-632
-1287
-1103
-1903
-3345
-3704
-3871
-3688
-3062
-3396
-3984
-3897
-3621
-2763
-1681
-1611
-1863
-1674
-1244
-275
782
1061
836
529
385
881
1459
1682
1516
678
445
982
1489
2081
2067
960
443
1069
2802
5332
4500
2197
1299
1891
4793
6096
5247
3002
908
940
2683
3755
2333
485
-1909
-2262
-851
-129
-665
-2050
-3528
-4770
-2429
-1913
-2400
-1726
-3483
-3022
-2268
-2279
-1616
-1902
-2353
-2330
-2173
-2115
-2424
-3126
-2709
-2344
-2117
-2324
-3025
-2848
-1904
-212
-54
-263
-590
-738
1139
2338
2996
3095
2494
2793
3549
3994
4022
4247
4374
3964
3735
3708
3031
2744
3036
2493
1750
832
-226
-398
-404
-640
-955
-2064
-3325
-3753
-3545
-2892
-2540
-2991
-3732
-4086
-3465
-2190
-1112
-668
-830
-831
-198
958
2181
2633
2490
2101
1571
1829
2405
2584
2728
1876
348
-409
-954
-988
-482
-1139
-2340
-3151
-3839
-3544
-3032
-3627
-3935
-4176
-4877
-4193
-3385
-3256
-2336
-2519
-3488
-2601
-1446
-550
348
620
2536
4058
2668
1880
4059
7418
8491
7829
7151
6363
6720
9364
10384
8205
6593
4386
4194
5945
4871
3359
911
-1925
-2575
-2307
-2029
-2594
-4768
-6816
-7263
-6393
-4906
-5098
-6171
-6706
-6677
-5847
-4957
-3709
-3317
-3481
-4019
-4682
-2980
-1541
-1117
-928
-2216
-2200
-1147
139
2292
1812
245
-10
262
2414
4834
5708
4113
1704
1834
4099
6857
6438
4228
3122
2486
3505
4530
4339
2829
196
-1036
-164
1101
834
-726
-2335
-3658
-4170
-3240
-2299
-2332
-2760
-3829
-4350
-3469
-2482
-1686
-1265
-1668
-1675
-851
77
1139
1414
730
795
1342
1709
2422
2561
1955
1215
111
86
1364
1481
344
-1149
-2625
-2359
-1432
-1579
-2141
-3395
-4793
-4620
-3627
-3268
-3066
-4204
-5372
-4181
-2347
-1432
-800
-560
-2069
-1137
763
3368
8218
6858
3661
3501
5131
9438
12457
11752
7945
5358
5857
8918
11367
9313
5233
1977
1413
2863
3786
2655
-581
-4061
-5403
-4400
-3285
-3511
-5496
-7948
-8954
-7897
-6027
-5269
-6279
-7500
-7712
-7479
-6122
-4558
-3362
-3674
-6327
-6338
-3608
-1315
-918
-2824
-2276
-205
-49
662
1817
2228
2492
3636
4530
4697
5690
5506
5337
6222
6083
7210
7960
5871
4917
4808
4088
4901
4764
2846
1335
-765
-1765
-934
-1192
-2423
-3912
-5483
-6344
-6124
-4965
-4525
-5417
-6425
-6348
-4762
-3244
-3170
-2571
-1504
-1472
-842
-249
948
2319
2118
1821
1411
1962
2912
3519
2999
1587
1649
1025
142
212
157
75
-850
-2600
-3289
-3099
-3268
-3346
-4056
-4724
-4868
-4146
-2668
-2835
-3472
-2663
690
3304
1878
1764
3618
5386
7793
8759
9013
8292
6857
8851
11894
11300
8606
6868
6003
6170
6889
5769
3294
563
-1320
-1205
-746
-1526
-3452
-5655
-7038
-6724
-5868
-6109
-7181
-8825
-9236
-8654
-8593
-8103
-8104
-8845
-10599
-11312
-8028
-5353
-5835
-7723
-7361
-2894
-1156
-1436
1111
2041
2308
5575
7730
7918
9074
9538
10183
11929
11719
12209
13041
10367
8492
8825
7967
6832
5781
3220
691
-1249
-3200
-3545
-4641
-7107
-8177
-9295
-10432
-10702
-10072
-9290
-9550
-9646
-9719
-7989
-5197
-5089
-3802
-1673
-1566
-247
1726
3014
4529
5205
4940
5620
5882
5703
6810
6076
4292
4358
3713
2090
1715
1137
-274
-1877
-3642
-4311
-4029
-3808
-5012
-5179
-5211
-7839
-6950
-2686
604
953
-1882
-2984
-71
4675
8287
9365
8065
6411
6626
10027
14226
13799
11247
9682
8158
9137
11128
9807
7100
4350
1545
1165
1565
166
-2203
-5044
-7361
-7843
-7899
-8884
-10473
-12829
-13914
-13706
-14422
-14843
-14530
-14612
-15630
-15580
-12924
-10259
-9754
-9156
-5742
-3743
-3881
-285
4200
6155
8176
9497
10200
12255
14749
16957
18124
16705
14834
15954
16799
15117
14065
11608
7752
6266
5263
3315
398
-3535
-6543
-8346
-9664
-10411
-11572
-13979
-16078
-16241
-14909
-13338
-13006
-13857
-13245
-10422
-8043
-5820
-2840
-1900
-1715
183
3046
6400
8441
8484
7946
7756
8117
9776
11474
9951
7443
5555
3586
3301
2589
1635
632
-2582
-4388
-5029
-6341
-6354
-5249
-3664
-2799
-5745
-8516
-4489
170
1957
3226
1914
649
2507
6638
10918
11844
8954
7029
8587
10979
13044
13761
11393
7977
6732
7768
8790
8127
5423
1572
-800
-972
-1131
-2409
-5005
-8486
-10977
-12776
-13920
-13965
-15097
-16381
-18517
-21026
-20306
-19306
-16792
-13318
-13653
-12688
-10473
-9960
-6288
-326
3333
5144
6180
6810
10645
15617
16614
17695
18420
16979
18203
19301
17673
16962
15381
12419
11364
9846
7121
4960
1689
-1731
-3860
-6096
-8187
-10073
-12909
-15014
-15263
-15709
-15995
-15367
-16059
-16606
-14317
-11680
-9595
-6951
-5473
-4809
-2936
142
4397
7615
7409
6759
7516
8599
11152
13088
11373
8699
6047
4123
5950
7637
5791
3041
-1213
-5064
-4074
-1834
-1038
-288
-2694
-7959
-9064
-4689
106
2263
1248
-1747
-3129
-403
5006
9143
9039
6262
4515
5761
9849
13278
12702
9789
6983
5757
7625
9943
9204
6447
2575
-1338
-1868
-484
-1224
-3438
-6625
-10339
-12051
-12799
-13913
-14597
-15900
-17424
-17779
-17602
-17415
-17840
-17939
-15895
-11693
-6388
-4809
-8313
-8364
-2195
4238
8734
10942
10481
9515
10740
15479
20759
21638
18590
15719
14668
15061
16599
17357
14248
8317
4148
2959
2599
1821
-731
-5572
-9947
-11800
-12104
-12416
-13298
-14471
-16097
-17739
-17017
-14992
-13669
-12186
-11492
-10847
-8199
-5464
-4061
-1775
146
1511
3883
5180
7002
8702
9448
9636
9418
10065
10388
9807
6836
6620
7421
5789
6339
3172
769
3941
2927
-307
-471
-962
-767
456
-1008
-1111
-863
-2536
755
3980
1396
1076
2582
2918
5564
6585
6083
6806
5337
5578
8376
8082
7078
6322
4509
4293
4303
3016
1714
-790
-3712
-4726
-5642
-8162
-9969
-11075
-13965
-16792
-17707
-17091
-15002
-14499
-17919
-20640
-19321
-14494
-7466
-4446
-7315
-10450
-9067
-1730
7219
11975
9967
6132
6899
11884
19701
23729
19945
15560
13967
15474
18998
20244
17401
11071
5745
4479
5481
5872
2951
-2901
-8112
-10246
-10454
-10421
-11355
-13948
-16819
-18362
-17544
-15346
-14462
-14488
-14314
-13772
-11233
-8595
-7067
-4394
-2660
-1543
905
2267
4241
6371
7040
10281
11827
9050
9181
11159
11309
11752
11621
11220
10161
6921
6747
8379
6757
4286
4083
3560
1080
913
1001
-213
-1230
-2193
-1965
-1379
-1196
-2699
-2935
-1073
-991
-22
2254
1028
38
2480
2814
4255
5794
3176
3325
3330
2425
4417
4224
2479
-67
-2442
-2634
-4022
-5067
-6335
-9624
-12258
-14635
-15744
-16224
-16913
-18032
-19131
-15538
-12738
-14158
-14233
-12695
-8867
-4335
-1042
1754
2605
2906
6423
12273
15684
15949
16178
17416
18210
18803
19745
18922
16592
15098
14178
12854
11054
8189
4773
2113
-66
-2189
-4740
-8073
-10628
-11918
-12976
-13859
-14994
-16309
-16772
-16927
-16690
-14314
-12115
-11856
-11382
-10182
-8149
-5305
-2221
-399
356
1044
2756
5594
7031
8984
9320
7345
9170
12427
12690
11087
9380
8233
9327
9713
8161
7025
4523
2441
2186
2261
879
-582
-847
-1232
-1071
-2035
-2931
-2720
-2610
-1568
-60
-242
-40
991
686
3000
4745
4445
4517
4995
6287
6618
7977
6839
5685
5311
2389
3334
4175
2896
838
-3448
-6401
-7611
-8522
-9546
-11690
-14954
-17411
-19043
-20041
-21556
-22794
-18325
-11345
-10992
-16040
-17481
-12899
-6174
579
4867
3812
489
1930
10386
19112
20519
17602
16177
16412
19249
23316
23487
19819
15189
12075
12397
13107
11233
7800
3219
-1588
-4421
-5290
-6497
-9219
-12480
-15590
-17362
-17539
-17812
-17428
-17562
-19783
-18592
-13863
-11642
-10980
-10619
-10488
-7953
-4180
-466
2878
3472
3295
4912
6761
9222
12734
15009
14267
10839
9168
12392
15635
15121
13097
9447
4881
4789
8575
9804
6487
1014
-2858
-2778
-497
1442
1232
-2284
-6466
-7142
-4202
-264
1933
97
-3764
-4926
-2746
1351
4921
4952
3186
1097
-38
3790
7227
4877
3255
2701
-27
-315
1798
1606
-2253
-7325
-8845
-8405
-9643
-10306
-11926
-17100
-21849
-22995
-17622
-7950
-7028
-15697
-20298
-18073
-11127
-259
5419
2263
-2815
-3942
3538
15516
20563
18512
14789
11518
13528
20317
23986
22195
16908
11520
10503
12111
12773
11766
6861
-55
-3698
-4405
-4648
-5806
-8709
-12295
-15620
-17572
-16948
-15636
-16113
-17756
-18038
-16064
-13966
-13176
-12228
-10191
-7792
-5181
-2390
-285
983
2559
4833
6543
8261
11670
14119
13092
11017
10477
12430
14842
14666
13560
11631
7168
5054
7758
9886
8126
3700
-597
-2663
-2520
-438
1364
-645
-4772
-6727
-5539
-2299
491
396
-1856
-4041
-3497
424
3640
3887
3055
1726
1504
3900
5744
5918
5014
1543
-292
2127
2526
828
-350
-4719
-9241
-8899
-7500
-7725
-10305
-15715
-20408
-22364
-19106
-9483
-5149
-12782
-20281
-19755
-12998
-2547
3715
2017
-2182
-4622
-385
10665
18561
18672
14639
10926
11817
17062
22330
23429
18732
12574
10203
11394
13226
13086
9716
3981
-1440
-3799
-3501
-3672
-6129
-10068
-13809
-16261
-16669
-15292
-14780
-16755
-18383
-17204
-15001
-13603
-12421
-10903
-9476
-7982
-5470
-2135
610
2480
3679
4216
6994
13237
16279
13400
10739
10621
13143
17501
17994
15328
12578
7701
5977
10171
11953
9660
5601
28
-2175
-414
961
1456
-650
-5308
-7299
-6340
-4508
-2054
-2068
-4312
-5144
-5003
-3339
-296
503
-62
-138
-246
1041
2773
2503
1381
538
192
804
1227
-37
-2376
-4267
-5152
-5727
-7351
-9661
-11681
-14978
-16820
-11896
-6607
-8945
-13220
-14799
-14752
-8946
-177
1475
-1280
-2755
-2784
2900
11046
13227
12153
10670
9646
12562
16659
18474
17438
13576
10973
10688
10781
11464
10251
6502
3041
380
-1070
-1826
-3579
-6392
-9677
-11675
-11732
-11455
-11815
-13930
-16699
-16836
-14775
-12552
-11258
-11924
-12749
-11115
-7415
-3255
-774
-1241
-2029
383
5939
11374
12972
10482
8019
8760
12562
17331
18479
14463
10834
10417
11359
13294
13560
10095
6221
3704
3066
4366
4360
2677
540
-2334
-3322
-1907
-1061
-974
-1891
-3499
-3496
-2371
-1378
-288
80
-822
-1384
-855
348
1497
1065
-653
-1402
-1011
-1473
-2187
-3714
-6006
-7407
-8401
-9128
-11033
-13734
-17568
-19845
-17535
-12002
-7469
-11541
-18126
-19430
-13513
-4019
-55
1075
-1137
-5138
-1044
9309
16943
17636
14128
11830
13394
17703
22171
22297
17752
13485
11661
12299
13530
12256
7944
2854
-544
-2090
-2973
-4148
-6653
-10087
-12698
-13679
-13912
-14205
-14602
-15386
-16015
-14912
-12734
-12088
-11575
-10408
-9030
-6852
-4175
-1121
306
248
423
5015
10479
11345
11946
10005
8776
11350
14246
17329
16096
11772
9499
9505
10024
11226
10943
6912
2742
-82
-94
1823
1748
330
-2040
-5290
-6041
-4131
-2436
-1613
-2126
-3355
-3758
-2822
-850
622
1181
980
-118
-490
680
1754
1537
725
177
-1214
-3213
-3689
-3782
-4529
-5679
-7935
-10691
-14202
-16533
-15531
-13723
-10037
-6782
-11368
-16984
-15477
-10020
-3158
-914
-2957
-3232
-2462
1793
8626
12695
12467
9677
8925
13638
17060
17109
18468
13750
9514
11489
12029
13393
10815
4137
547
-903
-863
-600
-2545
-6406
-10411
-12782
-12346
-10842
-10069
-11271
-14053
-15158
-13497
-9644
-6347
-6901
-9319
-9135
-5685
-1942
460
1766
777
-813
2544
9830
13923
11680
7669
7078
8462
11760
16682
15710
10245
7820
7380
9355
12313
10693
7396
4326
1182
2138
4705
4434
2544
-431
-2892
-2957
-1693
-196
107
-1404
-3164
-3639
-2223
-167
937
1102
298
-806
-580
1224
2471
1611
-537
-1820
-1796
-2559
-4417
-6035
-6779
-7829
-9357
-11562
-14678
-18111
-20233
-17973
-13458
-8847
-9788
-16706
-19485
-15168
-5806
-139
248
-834
-3535
-1319
7141
15833
17409
13253
11229
12590
16491
20727
21191
17441
13615
11000
10381
13023
13200
6740
247
-1198
-2570
-4904
-4898
-6240
-12047
-16306
-15526
-14390
-14471
-14815
-16175
-17810
-16517
-12898
-9766
-8470
-8890
-8269
-6668
-2206
2122
2673
2849
4088
9273
13157
13544
13759
12846
13024
13900
16248
17970
15569
12343
11390
11851
10988
9449
8067
5822
3026
1681
1501
391
-933
-1498
-1997
-3375
-4975
-5395
-4412
-3039
-2301
-2280
-2638
-2903
-2313
-471
1386
1595
758
415
45
-841
-454
1277
1133
-2138
-6014
-8139
-8131
-6825
-6903
-10410
-15877
-21098
-22897
-17192
-7413
-3787
-10229
-18842
-19823
-12220
-944
6809
4734
-2776
-6148
-564
12473
21042
18521
13125
8778
8036
15222
22200
21682
16059
8034
3609
6206
10221
10774
6159
-1790
-7408
-8453
-6090
-3967
-7101
-12351
-14755
-16579
-15107
-9530
-9464
-13832
-14483
-12340
-8978
-5693
-5052
-4775
-4326
-3497
395
3872
4624
6262
10663
12597
10723
11517
12898
13101
13796
13135
12933
12680
10769
10439
10776
7186
3522
4310
4558
3187
1845
-797
-2209
-2941
-3201
-529
-322
-3563
-5111
-5010
-2674
804
1679
363
-1701
-2676
-295
3861
6230
4883
1741
487
485
2518
5068
3716
-398
-5390
-6497
-4623
-3999
-4896
-9303
-15144
-20678
-21783
-17824
-13552
-8672
-10194
-17733
-20866
-18304
-9894
-1965
-1145
-3275
-5080
-3793
2901
11903
16114
13766
10305
9956
13646
18292
20595
19402
14926
10456
9395
10883
11284
8663
3986
-518
-3425
-4693
-5270
-6611
-9428
-12957
-15206
-15091
-14144
-13940
-14512
-15302
-15725
-13993
-10520
-8541
-7724
-6891
-5314
-2729
749
3216
4289
8472
11202
10224
11768
13999
15233
16818
16167
14172
14613
14812
14387
14875
12152
7935
6185
5722
5728
4867
1925
-1519
-3712
-3906
-2719
-2137
-3204
-5679
-7490
-6705
-4279
-2097
-1434
-2253
-3151
-2704
-570
1855
2788
1893
29
-1028
228
2434
3183
794
-3440
-6088
-6450
-5287
-5057
-7623
-11921
-16610
-20833
-21192
-15506
-6709
-3912
-13338
-20579
-18446
-11189
577
5869
2631
-3440
-6334
1208
13888
20428
17662
12484
8806
10243
17605
23078
21650
14723
8610
7151
9172
11147
9546
4088
-2478
-6721
-7407
-6255
-6878
-10304
-14112
-16593
-17439
-16358
-14093
-13309
-15000
-15154
-11557
-8356
-7068
-5696
-4182
-2253
110
2851
5389
6108
9065
14384
14827
13245
14015
14587
15510
15344
12958
13476
13552
10244
10262
9752
4951
2912
4572
4223
2001
-437
-3879
-4721
-4473
-3967
-1707
-2564
-4800
-5665
-5679
-3669
-1285
-46
-246
-1511
-2185
-1147
1658
4096
3534
1312
-662
-1745
405
2991
1873
-1581
-6835
-9655
-7538
-5597
-7195
-12912
-19931
-23625
-19822
-11041
-4936
-6073
-14588
-20229
-16784
-8047
2854
6869
1975
-2724
-1993
5800
15344
19472
17463
13076
9907
11434
17877
20990
18432
13541
7385
4521
6043
7289
6088
1548
-5405
-9426
-10002
-10315
-10154
-11335
-14827
-17123
-17382
-16539
-14060
-12488
-12817
-12078
-10389
-8462
-5604
-2670
-733
746
2641
5041
7327
9995
11845
12325
14390
15701
16248
16706
14145
12974
13369
13282
13815
11646
8197
5260
2973
3207
3178
1850
336
-2758
-6339
-5745
-4915
-5215
-2528
-4675
-7111
-5607
-5803
-2542
311
170
827
507
526
2174
3943
4649
4017
2891
2306
1868
1691
761
-1156
-2518
-4736
-7129
-8122
-9899
-13022
-16297
-19638
-20600
-16736
-11562
-10007
-12635
-16189
-16285
-11531
-4571
1063
2545
367
-464
3573
10659
16348
17790
15797
13496
13785
16914
19982
20082
16778
12263
9275
8600
9166
8389
4625
-411
-4945
-8061
-9083
-10013
-12066
-14021
-16211
-18243
-18272
-17138
-16248
-15518
-14695
-12878
-10819
-9976
-8556
-5250
-1782
1007
3008
4290
7412
12064
14777
14873
14922
16586
18368
18572
16872
15652
14602
13717
14463
13630
10508
5832
2715
2752
2891
2196
-1011
-5572
-8231
-7774
-5228
-3560
-4615
-7818
-10040
-8791
-4626
-1196
-658
-1396
-2476
-2499
334
3559
4276
3840
2802
1206
795
1911
2852
1099
-3169
-6378
-6911
-7033
-7812
-10623
-16250
-20815
-20532
-15555
-9935
-7585
-11633
-18262
-19367
-13534
-3176
3331
2410
-1016
-2957
1058
10168
18144
19777
15869
11553
11406
16132
20959
22182
19108
13188
8418
7455
8648
8749
5775
19
-5673
-9083
-9865
-9468
-10423
-12955
-15969
-18509
-18733
-17315
-16350
-15197
-13742
-12965
-11716
-9687
-7680
-4868
-1466
1283
2686
4054
7654
13040
16273
15713
14991
15632
17493
18861
19028
18136
14987
13861
14557
13837
11542
7333
3806
2507
2776
2543
215
-3947
-7485
-7614
-5953
-4688
-4935
-7282
-9688
-9489
-6346
-2534
-917
-2123
-3839
-3908
-1527
2306
4323
3847
1725
-889
-1232
763
2936
2355
-1466
-5671
-6625
-6189
-8610
-11676
-15831
-18964
-16955
-11832
-6982
-8364
-15008
-18202
-14579
-6764
1173
3746
254
-2353
-268
6925
15548
18516
16564
13493
11614
14733
19990
21326
18860
13683
8878
7918
8803
9344
7443
1696
-4359
-7820
-9381
-10082
-10895
-12547
-15244
-17949
-18947
-18376
-17471
-16876
-16149
-14216
-11640
-9897
-8722
-7089
-4574
-1157
2303
4268
5161
7915
13021
17062
18089
17367
16511
16310
17043
18550
19165
17463
14780
12589
10847
8999
6847
5589
4437
1804
-612
-2916
-5497
-6205
-6068
-5689
-4871
-6237
-7987
-7834
-7291
-4816
-1441
-875
-1181
-1613
-2488
-571
2510
3443
3674
2606
384
516
1728
1323
-596
-4195
-7043
-7218
-7638
-9333
-12725
-18518
-21164
-18137
-13896
-9821
-9404
-14671
-17646
-15565
-10101
-1398
2361
9
-199
778
4563
13490
18320
17326
16028
14455
15095
18878
21020
20155
16856
12030
9252
9158
9236
8506
5360
-791
-6071
-8279
-9047
-9516
-10989
-14039
-16855
-18187
-17779
-16465
-16244
-16289
-14790
-13128
-11868
-9875
-7764
-5744
-2907
287
2608
3636
5156
9840
15673
17449
15802
15535
16646
17371
18492
18887
17144
14768
12974
12504
12378
9701
5979
4088
2439
936
315
-2120
-5330
-6115
-5802
-5156
-4696
-6204
-7417
-6779
-5458
-3121
-1514
-1867
-1899
-1619
-727
1761
3096
2633
2122
910
-26
801
1337
-13
-3177
-6722
-7780
-7285
-8725
-12244
-16869
-20611
-20206
-15911
-10832
-8977
-12766
-17801
-17838
-11871
-2925
3619
3849
135
-1224
3055
11207
18872
20803
17380
14837
14368
15727
20117
22090
18715
13877
9046
6619
7463
7342
5246
925
-5646
-9762
-10533
-11085
-11621
-13076
-16086
-18316
-18985
-18404
-16662
-15138
-13923
-12282
-11129
-10082
-8081
-5691
-2648
904
3429
4987
5905
7480
12455
18002
19041
16826
14505
14004
16339
18797
19169
17310
12776
9133
9316
9433
7608
5702
3401
840
-1193
-3141
-4489
-4978
-5181
-4862
-5112
-6899
-8107
-7305
-5322
-2942
-1523
-2019
-3356
-3602
-1369
2290
4232
3173
784
-783
-672
708
2023
1258
-2103
-5926
-8001
-8165
-7932
-9534
-14088
-19550
-21364
-17255
-10731
-7714
-10285
-15276
-17798
-14721
-6522
2064
5218
2337
-857
1175
8024
15233
19380
19336
16086
13549
15070
19121
21428
19750
15368
10801
8011
7539
7530
6401
3140
-3129
-8680
-10404
-11017
-11590
-12008
-13927
-16788
-18951
-19106
-17812
-16640
-14191
-11429
-10741
-10146
-9033
-6890
-2221
1922
4085
5034
4127
5408
11691
17789
19598
17280
13447
12766
15527
18280
19517
17386
12186
8767
8622
9243
8601
5844
2640
6
-2387
-3136
-3264
-4661
-5610
-5644
-5806
-6279
-7201
-7106
-5291
-3531
-2144
-1400
-2351
-3121
-1492
1446
3689
3938
2284
514
-431
-58
2010
2716
-621
-5244
-7968
-8217
-6999
-7708
-12263
-17900
-21124
-19756
-14202
-9105
-8660
-12520
-16997
-16773
-10005
-1328
3991
4065
742
-219
4576
12150
18220
19785
16859
13897
14135
16851
19952
20565
17488
12660
8841
7254
6588
5482
3414
-502
-5220
-8692
-10910
-12404
-13371
-14113
-15633
-17674
-18664
-19199
-17939
-14189
-12397
-11932
-10209
-10380
-9580
-4388
186
3210
5062
5228
5940
8386
13709
18830
19549
17273
15160
14681
15746
17871
18857
16556
12290
9411
8373
7596
6560
4578
2504
68
-3533
-5270
-5374
-5585
-5167
-5133
-5935
-7436
-8245
-6909
-4690
-2321
-868
-1266
-2254
-2437
-421
2885
4327
3694
1811
80
402
1608
2844
2218
-2140
-6898
-8995
-8336
-6990
-8378
-13418
-19252
-22399
-20654
-13768
-7457
-8075
-13604
-18544
-17220
-8462
404
4693
3826
-219
-288
5973
14092
19434
19879
16898
14123
14767
17909
20567
20730
17456
12415
8529
7122
6970
5969
2998
-1566
-6250
-9645
-11370
-12048
-12545
-13765
-16037
-18353
-19119
-18229
-16684
-14704
-12540
-10973
-10214
-9292
-7270
-3804
417
3889
5383
5525
6865
10477
15536
18422
17616
16208
15504
15898
16889
17887
17382
14174
11098
9218
7581
6302
5104
3296
1235
-1129
-3969
-5722
-6502
-6606
-5610
-5403
-6713
-8060
-8400
-6752
-3594
-1356
-1079
-2142
-2919
-1788
1071
3978
4826
3129
860
-27
882
2817
3803
1808
-2712
-6631
-7779
-6938
-6377
-8542
-14055
-19719
-21171
-17196
-10989
-7551
-9535
-14919
-17941
-14369
-5818
2350
4985
1842
-1094
914
7705
16043
20508
19252
15853
13547
14430
18205
20839
19755
15649
10553
7378
6839
6755
5166
1198
-4153
-8481
-10883
-11802
-12100
-13462
-15630
-17613
-19257
-19078
-17557
-16055
-13792
-11532
-10970
-10404
-8680
-5735
-1555
1650
4081
4986
5409
7823
12045
17641
19501
17331
14723
13627
15109
17073
18261
16759
12300
8715
8697
7607
5747
5659
2830
-453
-2274
-3441
-4024
-4688
-4719
-4924
-5582
-6582
-7035
-6547
-4873
-2583
-1474
-1410
-2385
-2834
-1326
1352
4059
4499
2242
421
253
807
2064
2142
-710
-4540
-6875
-7139
-6370
-7163
-11070
-16466
-20705
-20983
-15893
-9568
-7514
-10034
-14423
-16668
-12533
-3529
3810
5434
2658
468
2884
9462
16617
20341
18869
14848
12928
14998
18829
20730
19126
14653
9216
5482
4842
5610
4436
417
-4832
-9299
-11972
-12418
-12192
-13271
-15223
-17760
-19256
-19146
-17310
-14595
-12582
-10983
-11042
-10200
-7820
-4709
259
3632
4954
5689
6557
9572
14256
17161
17595
17170
16037
16189
17049
16663
16020
14363
11592
10165
8703
5925
4554
3319
1293
-594
-2967
-5422
-6209
-6114
-6033
-4899
-6016
-7161
-7663
-7652
-4555
-2953
-1544
-1106
-1856
-1499
-187
2836
3571
2885
1581
450
933
1749
2490
622
-3266
-6868
-8300
-7883
-7655
-8979
-13051
-18406
-21209
-18916
-13561
-9230
-9098
-12391
-15621
-14654
-7428
1121
5598
4717
1727
1971
6636
14228
20358
21049
18052
14768
14341
16983
19677
20077
16862
11685
7458
5491
5222
4326
1296
-3402
-8200
-11638
-13067
-13169
-13480
-15075
-17548
-19379
-19645
-18334
-15869
-12968
-10769
-9968
-9989
-9121
-6128
-1849
2213
4990
6121
6523
8536
13080
17646
18913
17204
15724
15530
16714
17856
17455
15564
12313
10383
9481
7580
5137
2530
925
185
-1266
-3573
-5565
-7249
-7693
-6304
-5650
-6275
-7043
-7345
-6150
-3425
-1153
-423
-967
-1625
-566
1974
4218
4251
3369
1896
84
459
2146
2277
-1098
-4610
-7406
-9271
-8572
-8981
-11731
-16517
-20587
-20827
-16131
-9806
-8056
-10392
-15201
-16506
-10255
-2028
4617
6515
2867
1010
4892
11680
18757
21552
19025
15483
13421
15173
19323
20314
17354
12604
7425
4572
4811
5124
3254
-1223
-7001
-11314
-13212
-13669
-13630
-14496
-16783
-19012
-19855
-19013
-16960
-14638
-12489
-10748
-9590
-8415
-6303
-2896
1208
4653
6958
8845
10741
12639
14416
16192
18125
19265
18810
17049
14944
14428
15086
14815
13587
10463
5624
2655
1734
1497
1539
-820
-4940
-7476
-8543
-7816
-5486
-4683
-5892
-7505
-8389
-6863
-3366
-549
611
126
-1321
-1503
663
3459
5216
4774
2226
502
403
682
699
-1011
-4472
-6874
-8172
-9253
-9936
-13196
-17358
-19742
-19392
-15108
-11366
-10194
-12021
-14985
-13860
-7928
-894
2744
3224
2390
3069
7729
14206
18851
19509
17593
16072
16648
18687
20191
19664
16778
12788
9431
7517
6211
4502
1773
-2502
-7085
-10312
-12091
-13028
-14148
-15723
-17316
-18938
-19504
-18505
-17305
-15216
-12341
-10805
-9598
-8521
-7270
-3956
288
4451
7794
9908
11306
12048
13626
16225
18937
20619
19409
16517
14062
13518
15017
15923
14254
9705
4486
1681
1798
2973
2490
-767
-5406
-8776
-9141
-6855
-4335
-4050
-6188
-8702
-9095
-6693
-3057
-431
129
-714
-1400
-749
1181
3376
4544
4284
2969
1402
432
349
131
-1230
-3406
-5915
-7789
-9398
-11237
-14041
-17829
-19374
-17268
-12821
-9921
-11148
-14346
-16094
-12919
-5656
1226
4204
3013
1455
3087
8771
15512
19150
18846
16291
14706
16100
18935
20133
18855
15539
10868
7874
6552
5701
4974
1453
-3910
-8421
-11238
-12076
-12709
-13601
-15372
-18008
-19343
-19165
-18036
-16811
-15105
-12799
-11155
-9698
-8134
-6122
-3333
64
3588
6467
8829
10724
12081
13589
16192
18914
19469
17494
15101
14222
14775
15792
15860
13341
8554
4317
2794
3242
3584
2283
-981
-5016
-7699
-7654
-5685
-3876
-3805
-5609
-7647
-7828
-5635
-2239
305
814
-299
-1523
-800
1665
3659
4303
3114
1102
768
1052
248
-1005
-3094
-5595
-7002
-7979
-9480
-11906
-15451
-19034
-20667
-18413
-13097
-9358
-10331
-14185
-16470
-13828
-6663
1103
5043
4064
1611
2290
7663
15102
19943
19883
16940
14807
15497
18472
21104
20389
16268
11474
7977
6092
5738
5393
2389
-2899
-7704
-11006
-13235
-13857
-13434
-14234
-16732
-19202
-19610
-18585
-16698
-13921
-11439
-10059
-10168
-9234
-6164
-2291
1710
4812
6812
7620
9109
12137
14739
16709
17810
17560
16589
15027
13963
14570
15039
14410
12764
8978
4787
2874
3022
3751
3193
190
-4176
-7460
-7697
-5284
-2914
-2957
-5415
-7784
-7692
-5161
-1804
583
947
-115
-867
-52
2172
4194
4454
3311
1969
994
554
227
-835
-3241
-6026
-7521
-8443
-9768
-11371
-14470
-18656
-21348
-20603
-15831
-10812
-9795
-11897
-15026
-15346
-9161
-518
4813
5573
3070
2215
6700
13624
19061
20896
18542
15414
15124
17032
19224
19742
17047
12525
8532
6020
4932
4055
1927
-2075
-6939
-10800
-13054
-13660
-13531
-14457
-16333
-18273
-19235
-18402
-17015
-15024
-12223
-10724
-9744
-7978
-6588
-4118
208
3985
6785
8638
9485
11296
13610
15210
17309
18396
17033
15367
14065
13841
14885
14487
12645
9776
5372
2886
2998
2867
2587
955
-3030
-6246
-7208
-6292
-3812
-2408
-3656
-5786
-7028
-6060
-2687
542
1731
1225
-93
-564
942
3430
5301
5219
3044
501
-840
-705
-268
-1510
-4514
-7651
-10040
-11049
-11378
-13465
-17438
-21110
-22548
-19701
-13594
-9489
-10290
-14048
-16627
-13654
-5156
3089
6575
5674
3537
4604
10481
17378
21413
21512
18564
16016
16381
18441
20281
19679
15401
10112
6549
5027
4900
3780
37
-4852
-9463
-12736
-13512
-13237
-13995
-15529
-17390
-19038
-18957
-17485
-15725
-13274
-10895
-9714
-8712
-7328
-5313
-1506
2986
5673
6462
6770
8170
11434
14934
16828
16950
15557
13491
12093
12143
13667
14592
12877
9487
5693
2842
2628
3535
3464
1985
-1580
-5419
-6694
-5632
-3334
-1495
-2158
-4547
-6309
-5672
-2502
1213
3253
2802
800
-584
246
3197
6138
6564
4270
1130
-792
-847
102
332
-1636
-5655
-9936
-12320
-12000
-11001
-12383
-16479
-21547
-24341
-21502
-14188
-7771
-6842
-11334
-16563
-15245
-6907
2552
8935
8071
3444
3172
8133
15485
21416
22121
18284
14498
13502
15843
19161
19335
15897
10470
5681
3610
3281
2713
528
-3627
-8533
-12501
-14558
-14767
-14442
-14866
-16302
-18099
-18963
-18036
-15536
-12413
-9947
-8765
-8279
-7493
-5325
-1512
2670
5981
7584
7668
8188
10120
12911
15775
17031
15975
13555
10891
10196
11832
12474
11442
9576
5291
1268
1435
2931
3420
2539
-1301
-5549
-7206
-6164
-2498
200
-759
-3152
-5492
-5531
-1822
2298
4393
3816
885
-732
839
3894
6857
7338
4616
1436
-586
-505
1431
1664
-800
-4657
-9025
-10849
-10251
-10214
-10629
-13228
-18664
-22623
-22966
-18703
-10917
-6345
-8131
-12827
-15650
-12136
-3127
5268
8941
7376
3821
4354
10409
17586
21909
21551
17555
13995
13721
16454
19307
18755
14419
8825
4717
3108
2797
1890
-1072
-5458
-9500
-12942
-14815
-14577
-14330
-15199
-17098
-18826
-18235
-16381
-14630
-12217
-10308
-9169
-7091
-4787
-2478
648
3263
5600
8275
9616
10534
11954
13039
15273
17280
16329
14386
12086
10114
10839
11816
10817
8376
4128
516
51
1134
1565
40
-2960
-5860
-7455
-6154
-2790
-895
-2064
-4771
-6133
-4579
-794
2791
3591
2113
511
167
2374
5647
7037
6058
3153
365
20
1031
1897
1336
-2124
-6545
-9436
-10621
-10094
-9333
-11171
-15637
-19966
-21979
-21031
-16700
-10427
-6921
-8937
-13147
-14098
-9573
-1505
6010
9130
7262
4537
5897
11753
18260
21712
20957
17327
13929
13593
16112
18443
17765
13682
8011
3466
1692
1668
1133
-1523
-6309
-11241
-14504
-15710
-15403
-14782
-15231
-17074
-18708
-18142
-16321
-14566
-11894
-9337
-7158
-5017
-4170
-2528
417
3652
7670
10254
10523
10306
11454
14303
16837
17797
16446
13217
10330
9528
11170
12737
11703
8075
3566
403
-109
1235
1697
-169
-3705
-6993
-7949
-6383
-3918
-2726
-3246
-4375
-5591
-4654
-1019
1037
1520
2345
1211
404
2728
4756
5163
4609
3073
1700
567
171
724
-257
-3116
-6184
-8704
-9998
-10387
-10998
-12600
-15685
-19125
-20525
-18265
-13156
-8596
-7727
-10432
-13122
-11600
-5097
2871
7808
8122
6320
6331
9965
15673
20169
21131
18897
15971
14928
16331
18365
18414
15265
10083
5401
2989
2440
1725
-857
-5244
-9986
-13608
-15502
-15938
-15722
-15806
-16636
-17732
-18134
-17296
-15444
-13074
-10503
-8001
-5944
-4476
-3030
-665
2938
6897
9777
10897
10934
11378
13251
16113
18167
17616
14463
10901
9385
10383
11933
11579
8499
3889
-41
-1624
-785
864
938
-1547
-5331
-8073
-7890
-5121
-2016
-862
-2341
-4530
-4930
-2673
1217
3942
4159
2950
1405
1695
4173
5982
6393
5045
2024
87
-447
-763
-832
-2626
-5980
-8532
-10636
-11043
-10562
-12143
-15186
-18364
-21169
-22079
-17844
-10649
-6360
-7339
-12119
-14310
-9875
-1319
6920
10897
9441
6768
7773
12407
18583
22690
21869
18168
14792
13776
15929
18492
17793
13418
7317
2460
569
409
-292
-2946
-7341
-12064
-15608
-17054
-16768
-16346
-16849
-17833
-18271
-17663
-16314
-14431
-11647
-8267
-5297
-3603
-2934
-1407
1755
5559
9269
11427
11519
11507
12283
14308
17653
19300
17316
13135
8879
7739
10487
12806
11425
6710
902
-2064
-914
1313
2070
-98
-5075
-9120
-9407
-6727
-2959
-1151
-2820
-5232
-5872
-4122
-81
3465
4189
3071
1371
886
2765
5112
6478
6454
4319
1772
874
899
997
268
-2463
-6400
-9071
-9486
-9104
-9859
-12344
-15315
-18673
-20915
-19764
-15217
-9460
-7642
-9757
-11995
-12034
-7552
49
6522
8865
7468
6142
8723
13864
18477
21349
20163
16441
14543
14900
16434
17898
16397
11657
6273
2330
1007
904
-424
-4138
-8885
-13298
-16103
-15929
-15343
-15577
-16639
-18600
-19045
-17763
-15688
-13304
-10954
-8745
-6784
-4412
-2414
178
3906
6538
9056
10694
10937
12392
14216
15878
17808
17722
15431
13296
11290
10444
11265
10487
8136
5163
1557
-173
-50
-383
-1163
-2960
-5745
-7024
-6687
-5523
-3494
-2477
-2986
-3460
-3628
-2499
242
2473
3410
3214
2223
2506
4279
5736
6229
4910
2386
958
896
840
295
-1439
-4502
-6987
-8787
-9904
-10424
-11743
-14030
-16870
-19875
-22246
-19758
-12596
-6963
-6487
-10839
-14403
-12204
-4265
4877
9664
8636
5406
5071
9623
16744
21156
21709
18683
14096
13405
15709
18091
18418
14623
8962
4215
1512
1301
1184
-1582
-6172
-11168
-14907
-15794
-15336
-15233
-15619
-16942
-18220
-17495
-15899
-14740
-12751
-9632
-6440
-4157
-3100
-1885
577
3931
7920
11219
12292
12314
12781
14010
16579
18892
18230
15377
12133
9700
10031
11531
10887
8234
3891
-483
-1374
-227
195
-412
-3426
-7303
-8534
-7732
-5844
-3632
-3481
-4608
-4976
-4437
-2299
665
2299
2866
2854
2570
3367
4455
4863
5123
4313
2723
1913
1222
461
-376
-2852
-5671
-7315
-8714
-9331
-10136
-13037
-16853
-19859
-21074
-18063
-11760
-8068
-8100
-11055
-14728
-11952
-3756
3554
7752
6874
4027
5343
10690
16840
21100
21221
17665
14469
14096
15950
18845
18716
14689
9328
3870
2022
2931
1915
-1337
-6310
-11839
-15236
-15834
-15408
-15314
-16424
-18303
-19022
-18593
-16858
-14054
-11482
-9006
-7132
-5354
-3397
-1010
2259
5262
8194
9967
10947
12523
14264
16135
17470
18064
16907
14604
12247
10227
10512
10823
9410
7004
2868
-586
-1681
-1609
-1066
-1787
-4871
-8179
-9435
-8604
-5839
-3464
-3305
-4126
-5064
-4295
-1820
993
2986
3009
2513
2303
3072
5174
6344
6075
4756
2779
1842
1668
1179
-128
-2474
-5433
-8054
-9090
-9821
-10816
-12689
-17014
-20457
-21201
-18542
-11798
-6968
-8270
-12608
-15386
-12571
-3764
4821
8552
7461
4033
4734
10925
17327
21419
21463
17493
13952
13925
16398
18784
18223
13689
8256
3958
1873
1950
1462
-1475
-6735
-11447
-14688
-15664
-15073
-15195
-15578
-17564
-19002
-17782
-15869
-13846
-11434
-8732
-6777
-5226
-3523
-1152
2207
5991
9266
10698
11020
11762
13461
15533
17093
17759
16816
14374
11767
10175
10385
11030
9689
6591
2530
-1000
-1745
-1155
-931
-1720
-4861
-7919
-8569
-7605
-4940
-2682
-2992
-4053
-4892
-4376
-1439
1604
3082
3142
2344
2141
3250
5345
6945
6392
4448
2435
918
619
1077
297
-2835
-6725
-9231
-10163
-9924
-10130
-12824
-17157
-21251
-22605
-18491
-11410
-6584
-6780
-11564
-15400
-12622
-4335
4528
9235
8215
5240
4981
9324
16377
21726
22284
18396
13843
12469
14831
17941
18264
14213
7882
2688
301
675
434
-1779
-6398
-12034
-15263
-16597
-15920
-15444
-16187
-17187
-18479
-18143
-16797
-14164
-10484
-7917
-6392
-4972
-3377
-1587
1926
6800
10052
10783
10976
11537
12591
15163
18192
19272
17519
13867
10219
8620
9723
11264
10562
7166
2147
-1874
-2625
-1363
-277
-1112
-4889
-8842
-9902
-8119
-4537
-1823
-2438
-4576
-5759
-4902
-1235
2842
4446
4051
2530
1391
2997
5902
7623
7744
5189
2086
930
1035
1844
1326
-1316
-5250
-8868
-10086
-9912
-10153
-12111
-16313
-20498
-21881
-18628
-11849
-7101
-7618
-11691
-14813
-12298
-4816
3512
8159
7303
4929
5039
9317
16012
20494
20829
17503
13904
12979
14471
17012
17373
14564
9509
4293
1192
131
-97
-1874
-5559
-10155
-14164
-16089
-16102
-15422
-15129
-15751
-17305
-17436
-16389
-14494
-10639
-7726
-5951
-4287
-3255
-1243
2065
5795
9103
11345
11989
11718
12571
14032
16210
18049
16813
13734
10149
7688
8321
10061
9797
6848
1834
-2863
-3926
-2334
-913
-1274
-4521
-8542
-9929
-8230
-4721
-1651
-1417
-3401
-5044
-4331
-1027
2958
5416
5374
3607
2421
3474
6224
8652
8736
6160
2926
1202
1225
1670
1159
-881
-4601
-8826
-11135
-11062
-10144
-10512
-14011
-18997
-22474
-23032
-18829
-11393
-6557
-7084
-11348
-14698
-11931
-3513
5386
10109
9217
6078
5696
9801
16326
21287
21843
18492
14307
12546
14050
16549
16892
13624
7973
2714
-344
-1299
-1550
-3159
-6813
-11204
-14879
-16712
-16881
-16417
-15770
-15956
-16938
-16894
-15865
-13959
-10370
-6910
-4567
-2839
-1865
-426
2748
6850
10340
12590
12803
12128
12214
13613
16553
18398
17575
13918
9203
7042
7673
9377
9308
5988
777
-3436
-4106
-2236
-901
-1937
-5080
-8808
-10234
-7791
-3788
-1436
-1850
-3765
-4922
-3893
-573
3504
5752
5471
3805
2299
3106
5827
7514
7183
5036
2094
992
1439
1153
223
-2064
-6004
-8688
-9571
-10081
-10058
-11219
-14651
-18291
-21084
-20755
-14953
-8116
-5580
-7490
-11794
-13533
-8322
602
7450
9634
7194
4530
6510
12302
18451
21802
19919
15055
12013
12345
15094
17318
15598
10407
4995
1048
-495
-330
-1395
-4550
-8994
-13063
-15534
-16176
-15582
-15038
-14594
-15474
-16467
-15605
-14621
-12549
-9051
-6040
-3437
-1920
-1717
-163
4039
8446
11904
13364
11918
11335
12306
14391
17961
18367
15008
10891
6899
6050
8682
9530
7369
3482
-2435
-5767
-4205
-2004
-677
-1886
-6456
-9791
-9541
-6882
-2789
-289
-1679
-4008
-4952
-3082
1621
5036
6020
5050
3040
2526
4344
6972
7866
6619
3755
1366
1256
1490
880
-600
-3486
-6714
-8702
-9857
-10396
-10863
-12965
-16402
-19818
-21927
-20126
-13835
-7714
-6387
-9488
-13229
-12592
-5907
2261
7874
9886
7964
6284
8952
14171
19757
22578
19969
15682
13244
13176
15680
17380
15155
10088
4285
186
-1082
-1038
-1987
-5247
-9875
-14243
-17015
-17361
-16518
-15756
-15452
-16052
-16413
-15752
-14376
-11408
-7584
-4922
-3027
-1699
-927
1319
5320
9457
12732
13606
12295
11447
12271
15214
18776
18779
14596
9306
5963
6887
9756
9902
6837
1735
-3498
-5184
-3376
-1216
-623
-3314
-7949
-10200
-9114
-5929
-2256
-1107
-2605
-4394
-4840
-2308
2121
5112
5689
4213
2410
2923
5039
6863
7994
6896
3497
1221
1284
1716
1199
-1004
-4630
-7597
-8862
-9183
-9336
-10305
-13171
-17263
-20734
-21464
-17240
-10068
-6239
-7799
-11522
-13612
-10429
-2499
4823
8475
8126
5339
5484
10534
16513
20724
21072
17062
13545
12922
13977
16312
16413
12253
7205
2867
162
-159
-981
-3593
-7136
-11513
-14995
-16360
-16621
-16052
-15242
-15605
-16341
-15978
-15015
-13361
-10193
-6509
-3345
-1175
-529
311
3191
7170
10902
13141
13069
12401
12773
14307
17045
18615
16360
12011
7912
5824
7318
9129
7684
4106
-877
-5343
-5697
-3361
-1533
-1753
-5498
-9908
-10574
-8174
-4195
-708
-1117
-3510
-4663
-4267
-696
4148
5938
5439
3759
2207
3698
6592
8418
8552
5805
2342
938
824
1164
782
-1905
-5874
-8905
-10148
-10060
-9967
-11796
-15452
-18629
-20758
-21052
-17106
-10877
-7295
-7805
-10991
-13088
-9686
-1930
5277
9339
9412
7286
7490
11471
16938
21088
21414
18407
15294
13980
14798
16379
15803
12469
7765
2825
-319
-1338
-2547
-4743
-8061
-12433
-15748
-17176
-17402
-16597
-15875
-15843
-15745
-15352
-14613
-13217
-10568
-6570
-2528
70
558
666
3186
7868
12597
15206
14773
13631
13556
14647
17314
19111
17445
13345
8213
5028
6387
8311
7088
3851
-808
-4768
-5194
-4019
-3157
-3480
-6717
-9947
-9891
-8018
-5068
-2470
-2617
-3693
-3824
-2823
317
3607
4812
5252
4662
3772
4985
6765
7660
7848
5789
3401
2940
1928
915
-237
-2999
-5745
-7931
-9506
-10467
-11303
-13623
-16708
-19137
-21183
-20014
-14495
-8627
-7020
-9622
-12936
-12145
-5665
2228
7626
8633
7269
6471
8634
14421
19661
21377
19274
15574
13623
14453
16518
16914
14185
9101
3968
719
-638
-1604
-3502
-6812
-11052
-14590
-16556
-17195
-16954
-16506
-16564
-17028
-16789
-15560
-14044
-11727
-8198
-4519
-1603
-269
250
2461
6356
10411
13702
14813
14201
13874
14383
16267
18702
18449
14843
10194
6780
6644
8621
8606
5491
909
-3545
-5628
-4795
-3376
-3357
-5615
-9097
-10707
-9544
-6839
-3709
-2449
-3439
-4131
-3560
-1443
1815
3950
4966
5422
4731
4662
5999
7071
7304
6159
4206
3318
2625
1262
-28
-2307
-5492
-7290
-8396
-10097
-11563
-13643
-16556
-18512
-20281
-20618
-15992
-10214
-8504
-9784
-12415
-12986
-7479
365
5775
8430
7555
5989
8854
14286
18788
21457
20325
16761
14458
14035
15942
17966
15559
10239
5332
1475
124
148
-1846
-5667
-9849
-13877
-16302
-16537
-16330
-16578
-16894
-17529
-17470
-15896
-14212
-12060
-8744
-5927
-3658
-1366
543
2950
6130
9608
13013
14430
14057
14417
15250
16539
18701
18628
15736
12539
9266
7916
9442
9447
6527
2275
-2568
-5017
-4547
-4066
-3946
-5065
-8275
-10714
-10721
-8679
-5245
-3279
-3849
-4644
-4733
-3468
-199
2868
4456
5042
4351
4046
5687
7358
7777
7159
5480
3763
2778
1714
303
-1251
-3710
-6458
-7890
-8934
-10604
-12823
-16220
-19595
-21125
-19620
-14005
-8401
-7916
-11225
-14534
-13133
-5540
2250
6457
7409
5348
4734
8988
14980
19923
21636
18503
14440
13250
14430
16872
17614
14279
9018
4319
1691
832
-506
-2278
-5448
-11225
-15490
-16402
-16308
-15690
-15462
-16521
-17719
-17755
-16137
-13950
-11549
-8370
-5555
-3657
-2298
-786
2551
7044
10602
12754
13132
12699
13510
15210
17378
19525
18706
14841
10961
8509
9070
11132
10117
6467
1863
-2790
-4124
-2955
-2370
-2698
-5451
-9404
-10646
-9443
-6770
-3721
-3257
-4907
-5941
-5283
-2401
1675
4082
4240
3208
2090
2729
5334
7846
8157
6055
3018
1264
1202
1774
1411
-990
-4489
-8338
-10025
-10410
-11633
-13174
-16581
-20030
-21764
-19294
-12331
-7298
-7341
-11375
-14616
-12297
-4325
4179
8410
8470
6109
5342
9039
15171
20102
21326
18364
14433
13170
14460
16793
17518
14499
9077
4021
655
-295
-320
-2413
-6159
-10761
-14916
-16542
-16135
-15638
-15111
-15916
-17799
-17209
-16473
-14266
-10682
-7762
-3877
-2715
-2052
-160
2904
7932
11669
13642
12765
12187
14062
15724
17920
19211
17298
13745
10314
8491
9437
10156
8052
4499
543
-2804
-3927
-3485
-3012
-3426
-6035
-9403
-10601
-9276
-6321
-3562
-3123
-4579
-5760
-4866
-1513
2471
4729
4570
3163
2584
3753
6153
8077
8004
5883
3071
1409
1276
2006
1266
-1811
-5904
-9549
-11078
-11229
-11472
-13472
-16936
-20137
-21747
-18552
-12181
-7890
-7869
-11398
-14058
-10896
-3135
4133
8562
9094
6906
6535
10200
16053
20916
21831
18687
14753
12988
14221
16483
16786
13634
8180
3156
43
-841
-1320
-3627
-7749
-12010
-15376
-17202
-16837
-16503
-16412
-16418
-17486
-17191
-15826
-14186
-11060
-7409
-4161
-1979
-1046
114
3242
7788
11105
12753
13248
13435
15135
16772
17765
18620
17040
13756
10565
8626
8859
9270
8228
5188
759
-2739
-4039
-3862
-3146
-3319
-5739
-8482
-9482
-8618
-5897
-3231
-2807
-3874
-4885
-4329
-1276
2757
5479
5776
4273
3022
3587
6026
8533
8887
6646
3181
821
422
882
873
-1262
-5373
-9091
-11493
-12193
-12010
-13642
-16972
-20508
-22567
-19229
-11931
-7824
-8521
-11401
-13364
-9736
-1889
4249
7809
8432
6336
7055
12027
17316
21148
21247
17574
14469
13999
15346
17059
16617
12843
8101
3714
597
-812
-2360
-4971
-8565
-11712
-14367
-16391
-17100
-17260
-16737
-16847
-17214
-16428
-15598
-14114
-10610
-6816
-4036
-2039
-1275
283
3703
7669
10981
13081
14081
14506
15482
16226
17485
18378
16816
14325
11425
9490
9361
8908
6886
4155
693
-2093
-3038
-4255
-4360
-4255
-6406
-8515
-9160
-8544
-6892
-4915
-3933
-3582
-3459
-3070
-962
1912
4133
4870
3721
2794
3959
6050
7773
8047
5942
3423
2061
1415
1311
245
-2717
-6086
-9056
-11080
-11694
-12222
-13920
-17048
-20574
-22016
-18906
-12116
-7512
-8449
-11933
-14066
-11042
-2979
4334
8323
8942
6713
6767
11535
17449
21459
21329
17701
14752
14163
15388
17480
17236
13263
7818
2840
94
-353
-1377
-4354
-8330
-12555
-15424
-16463
-16988
-17141
-17542
-17808
-17571
-16789
-15303
-13990
-11156
-7402
-4759
-2831
-1600
321
3877
7596
10298
12168
13191
14323
15928
16626
17401
18241
17458
15658
13046
10194
9098
8948
7854
5876
2586
-1534
-3769
-4179
-3832
-3620
-5378
-8496
-10356
-9711
-7703
-4682
-3449
-4243
-4345
-4544
-2410
1145
3211
3890
3207
2847
3288
5117
6966
7039
5766
3582
1987
1484
960
-712
-3229
-5803
-8093
-9993
-11435
-12722
-14743
-17667
-20400
-20049
-15370
-10105
-8161
-9954
-13120
-12900
-7100
524
6083
8103
6589
5387
8360
14140
19500
21732
19380
15462
13950
14950
16886
17720
15557
10855
5774
2269
735
-148
-1912
-5412
-9857
-13284
-15062
-15926
-16458
-16778
-17244
-17834
-17369
-16185
-15315
-13238
-9699
-6517
-4085
-2666
-1451
1466
5235
8496
10970
11927
12439
13890
15412
16858
18158
17796
16015
13776
11364
10166
9989
8772
6586
3890
766
-1262
-2099
-2796
-3132
-4150
-6577
-8462
-9129
-8633
-6492
-4597
-4258
-4339
-4669
-4256
-1927
862
2800
3607
3282
2827
3364
4989
6341
5682
4019
2808
1565
567
-155
-1376
-3799
-6734
-9092
-10937
-11378
-12353
-15431
-18480
-21067
-20163
-14225
-8962
-7941
-10891
-14648
-13342
-5410
3458
8220
8861
6243
4973
9249
15898
20959
22283
18731
14618
14194
15591
17707
18420
15095
9666
4568
1347
423
411
-1942
-6302
-10395
-14245
-15795
-15587
-16157
-17040
-17891
-18392
-17413
-15916
-14874
-12473
-8968
-6071
-3886
-2703
-1515
1547
5579
9000
11434
12165
12525
14169
15790
17341
18594
17133
14296
12173
10236
9847
10162
8737
6693
3501
-666
-2626
-2811
-2478
-1827
-3669
-7245
-9292
-9783
-7729
-4350
-3111
-3927
-4898
-5147
-3292
714
3157
3929
3768
2169
2466
4537
6332
7600
6745
4131
1937
1088
598
-196
-1954
-4685
-6489
-8334
-10302
-11756
-13793
-16640
-19627
-20543
-18228
-11928
-7722
-9670
-12301
-14036
-11066
-2561
4426
7946
8068
5508
6151
11962
17995
21641
21337
17450
14611
14542
15740
17298
16942
13257
8389
3754
1079
292
-1268
-3945
-7761
-11559
-14352
-16206
-16599
-16888
-17427
-17865
-18316
-17681
-16668
-15220
-11965
-8107
-4898
-3106
-2375
-503
3333
7468
10243
11900
12323
12682
14546
16131
17861
19056
16452
13046
10862
9581
10662
10958
8283
4698
841
-2116
-2364
-1540
-2013
-3448
-6164
-9004
-9386
-8083
-5758
-3386
-3390
-4591
-4610
-3505
-771
2615
4272
4359
3122
1968
3549
6361
7736
7229
5106
2881
1626
1027
646
-365
-2666
-5913
-8865
-10438
-11353
-12548
-14291
-16987
-19842
-21822
-20755
-14819
-8400
-6980
-9761
-12779
-12425
-5491
3596
8491
10165
8119
5583
8899
15786
21396
23383
20515
15518
13269
14045
16136
17208
14855
10151
4846
1058
-272
-1125
-3225
-6747
-10879
-14139
-15880
-16380
-16522
-16897
-16778
-17256
-17209
-15363
-13859
-11732
-8525
-5411
-3017
-1510
46
2715
6634
9852
11947
12833
12666
13477
14936
16521
18239
17827
14944
11573
8899
8927
10365
9179
6146
2604
-1088
-2753
-2558
-2098
-2182
-4227
-7298
-9021
-8988
-6952
-4198
-3292
-3598
-3793
-3826
-2134
1120
3407
4322
4109
3103
3136
4604
6215
6640
5336
3573
2345
1378
376
-777
-2106
-4284
-7194
-9198
-10246
-11132
-12572
-15435
-18814
-21385
-20925
-14858
-7485
-5622
-8977
-13191
-13377
-6839
2548
8968
10385
7576
4614
7066
14189
19968
22334
20943
15542
12202
14224
16297
16340
14765
10489
5483
1494
-629
-561
-1768
-5464
-9609
-13704
-16100
-16305
-16518
-16541
-16381
-17366
-17849
-16540
-14858
-12721
-9372
-6079
-3754
-2165
-1154
593
4265
8556
11615
12838
12920
13266
14382
16264
18223
18122
15527
11830
8705
8507
10363
10475
7872
3416
-1112
-3109
-2683
-1600
-1358
-3329
-6867
-9493
-9294
-6596
-3681
-2419
-3332
-4827
-4660
-2749
446
3756
4674
3498
2331
2395
4513
6957
7248
5789
3479
1292
619
654
-109
-2059
-5045
-7837
-9617
-11000
-11913
-12640
-14450
-17634
-21184
-21418
-15233
-7656
-5574
-8419
-12770
-14224
-8208
1723
8535
10807
8743
5364
6933
13164
19476
23165
21560
16325
12899
12881
15326
17796
16547
11774
6218
1798
-7
-794
-2764
-4839
-7620
-12608
-16223
-16641
-17143
-17344
-16348
-16497
-16846
-15893
-15340
-13974
-10228
-6526
-3612
-2088
-1286
1099
4365
7803
10862
12731
13115
13329
14200
15506
17720
18074
15439
11709
8219
7403
8886
9234
7524
4018
-803
-3875
-4060
-2966
-1652
-2601
-6347
-9218
-9604
-7911
-4546
-2255
-2329
-3347
-4579
-3996
-752
2572
4520
4634
3243
2650
3633
5352
6724
6112
3697
1372
260
225
318
-638
-3456
-7317
-10077
-11089
-10847
-10478
-12287
-16264
-19767
-21132
-18375
-11298
-5767
-6138
-10141
-13658
-11734
-3081
5755
9907
9723
6814
5783
9906
16472
21741
22956
19329
14708
13111
14468
16647
16849
13522
8345
3696
298
-1216
-1974
-4395
-7593
-11076
-14730
-16624
-17455
-18190
-17100
-16137
-16481
-15661
-15774
-15128
-12041
-8743
-4613
-1761
-717
31
1815
5134
9503
13426
13606
12935
13630
14181
15873
18003
17503
14437
10716
7271
6683
8417
8380
5956
1866
-2755
-4828
-3893
-2367
-1890
-3941
-7555
-9489
-8765
-5831
-2345
-1214
-2431
-3840
-3986
-1561
2525
5243
5848
4920
3304
3255
5025
6640
7246
6129
3360
1002
17
-181
-390
-2045
-5470
-8610
-10204
-10844
-11143
-12355
-15250
-18242
-20629
-21252
-16467
-8470
-4947
-7348
-11466
-13077
-8407
857
8243
11142
10036
6960
7337
12814
19224
23045
22082
17310
13506
12960
14916
17185
16248
11662
6053
1323
-1239
-1880
-2684
-5025
-8947
-13321
-16188
-17190
-17549
-17207
-16290
-16398
-16612
-15585
-14710
-13274
-9985
-6404
-2863
-25
692
1211
3327
7000
11458
14243
14616
13597
12038
12800
16373
18615
17223
12763
6968
3796
5524
8485
8109
4277
-1363
-5787
-5616
-2869
-1048
-1338
-5147
-9531
-9889
-7243
-3243
-50
-735
-2956
-3660
-2664
931
5036
6464
5992
4552
3156
3896
5788
6907
7019
4930
1909
596
356
183
-845
-3536
-6649
-8597
-10174
-11530
-12358
-13553
-14855
-17334
-20159
-21048
-18385
-11846
-6619
-5910
-8245
-10620
-8653
-1796
5746
10660
11914
10020
8839
11687
16963
21259
22210
19355
15429
13630
13756
14574
14751
12339
7889
3238
-868
-3380
-4594
-6309
-8625
-11518
-15001
-17396
-18194
-18009
-16844
-15882
-15654
-14829
-13960
-13402
-11053
-6734
-2156
1329
2251
1445
2261
5829
10728
14742
15681
14134
12262
11908
14371
17764
17814
13781
8342
4411
4782
7010
7093
4419
-614
-5324
-6778
-4805
-2740
-2682
-4872
-8306
-9088
-7113
-4098
-1459
-1368
-2292
-2262
-1100
1673
4531
5555
5681
5120
4542
5388
6388
6783
6641
5191
3371
2288
970
-87
-1206
-3906
-6701
-8617
-9911
-10617
-11537
-13516
-15673
-17581
-19463
-20239
-18998
-13580
-7182
-5465
-7248
-10292
-10140
-3873
4061
9709
12074
10865
9076
10908
15946
20962
23005
20835
16487
13357
13078
14582
15120
12741
8075
3057
-549
-2255
-3247
-4905
-7967
-11871
-15075
-17101
-18374
-18621
-17458
-16047
-15601
-15292
-14653
-13855
-11328
-6780
-2190
978
1664
927
2055
5895
10849
14710
15073
13003
11762
12118
14536
17984
18258
14557
9137
4137
3325
6252
7371
5306
821
-4673
-7178
-5881
-3577
-2241
-3449
-7240
-9587
-8888
-5974
-2101
-437
-483
-1265
-2283
-1044
2717
6363
7385
6506
4932
3980
4837
6497
7612
7182
5201
2684
617
-761
-1742
-2739
-4070
-6129
-8728
-10812
-12383
-13463
-13972
-15391
-17742
-19567
-19732
-16386
-10684
-6944
-6582
-8570
-10072
-7162
-252
6986
11662
12219
10236
9695
12807
18025
21602
21506
18697
15276
13261
13385
14316
13873
10958
6344
1678
-1817
-3857
-5187
-6851
-9456
-12877
-16140
-18167
-18648
-17847
-16364
-15188
-14916
-14976
-14390
-12635
-9291
-4710
-825
881
1182
2019
4798
9076
12851
14472
13917
12753
12524
13951
16480
17428
15135
10913
6737
5063
6054
6493
5087
1899
-2665
-5559
-5460
-4076
-2871
-3542
-6130
-8326
-8564
-6488
-3212
-925
-668
-1729
-2115
-811
1564
4372
6745
7352
5900
4266
4719
6475
7581
7442
5542
3183
1427
-354
-1339
-1759
-2983
-5088
-7810
-10330
-11422
-11897
-12857
-13824
-15972
-18826
-20478
-19503
-13279
-6148
-4347
-6757
-10782
-10899
-3835
5118
11520
13507
10432
6914
8773
14920
20851
23485
20867
15650
12373
12044
13763
15099
13053
8164
2827
-1450
-3347
-3884
-5311
-7781
-11041
-14656
-16901
-17688
-17794
-16633
-15418
-15214
-14765
-14128
-13656
-11285
-6797
-2359
985
1834
1541
2798
5827
9875
13053
14199
13394
12191
11477
12735
15956
16238
13139
8525
3709
2630
4480
5043
3588
-41
-4972
-7308
-6321
-4181
-2657
-3931
-7283
-9211
-8322
-5125
-1058
859
191
-1175
-1798
85
4000
7266
8430
7540
5387
4068
4952
6998
7973
7475
5376
1561
346
123
-1192
-979
-3522
-7209
-9013
-11532
-12201
-11554
-12561
-14560
-17350
-19805
-20320
-18086
-11883
-5707
-5256
-8232
-10896
-10167
-2887
5837
10780
12551
10325
7402
9686
15541
20786
22902
19989
14882
12117
12048
13704
14980
12979
8120
2503
-2034
-3822
-4067
-4850
-7013
-10886
-14667
-17229
-17973
-16958
-15799
-14398
-13825
-13991
-13442
-12700
-9928
-5144
-828
2310
2754
1805
2899
6450
11090
14829
15498
13390
11491
11031
12568
15583
16013
12559
7605
3420
2685
4815
5527
3498
-588
-5382
-7238
-5692
-3347
-2123
-3875
-7324
-8928
-7661
-4160
-553
581
-533
-1988
-1713
1008
4773
7503
7579
5854
4628
4849
6686
8548
8444
6652
3751
1360
968
757
-440
-2184
-4788
-7792
-9910
-10421
-10625
-11467
-12191
-14479
-18266
-20556
-21238
-17644
-9185
-4275
-5514
-8954
-12191
-9553
-135
8624
13261
12845
8039
5977
10529
17532
22685
23056
18231
12772
10509
11573
14451
15292
11517
5234
-771
-4302
-4338
-3667
-4993
-8102
-12495
-16531
-18003
-17418
-15891
-14117
-13544
-13882
-13794
-13189
-11198
-7171
-2579
1052
2601
2027
2029
4640
8747
12733
14765
13752
11924
11013
11169
13654
15987
14317
10049
4684
554
1704
4648
4523
2041
-3036
-8142
-8279
-5403
-2969
-2150
-4986
-9229
-10006
-7057
-2349
1648
1923
-632
-2331
-1226
2870
7652
9521
8324
5809
3872
5037
7939
9279
8918
6361
2597
1122
1020
625
156
-2354
-6243
-8816
-10445
-10885
-10347
-11258
-14027
-17202
-19304
-19739
-18698
-15191
-9624
-5886
-6807
-9862
-9852
-5483
883
7262
11438
11613
9192
8516
12573
18513
21776
21218
17471
13354
12304
13447
14314
13511
9701
4122
-360
-2902
-3666
-4068
-6351
-9935
-13281
-16113
-17435
-16943
-15758
-14518
-14101
-14356
-13430
-11597
-9846
-6946
-2932
290
1938
2461
3579
6450
9978
13053
14356
13511
12586
11894
11811
13998
15507
13687
9935
5063
1909
2627
3634
2743
380
-3357
-6043
-6083
-5169
-4428
-4558
-6241
-7779
-7285
-5300
-2616
-65
570
-221
-212
1127
3654
6562
7816
7374
6734
6228
6576
8171
8867
7585
5476
3179
1857
1631
568
-1454
-4099
-7116
-8964
-10189
-11425
-12183
-13515
-15361
-17314
-19604
-21068
-20105
-14392
-6727
-4829
-7972
-10797
-10433
-4221
4634
10537
12375
10422
7915
8812
14134
20841
22207
19000
15882
12166
10973
13524
14261
12274
7812
1850
-1712
-3578
-4559
-4940
-7982
-12144
-14560
-16215
-16696
-15882
-14959
-14072
-13837
-13675
-12295
-10836
-9104
-5500
-1404
1777
3662
3658
3971
6538
9917
12827
14177
13610
12355
11003
11267
13835
14600
11595
7117
2865
1083
2444
3531
2633
-179
-4928
-8124
-7401
-5385
-3660
-3255
-5622
-7905
-7410
-5219
-1835
1043
976
-120
24
1654
5022
8075
8717
7977
6733
6037
7047
8243
8219
6982
4489
2316
1616
963
-272
-2275
-5278
-7563
-9041
-11184
-12760
-13301
-14553
-16714
-18783
-20197
-20443
-17661
-11363
-6388
-6487
-9528
-11704
-8943
-785
7271
11283
11335
9005
7850
10992
17189
21911
22566
19464
14547
12023
12665
13483
13846
11794
6505
1771
-1744
-4064
-4938
-6648
-8219
-10351
-14589
-16367
-16214
-17009
-15359
-12766
-12634
-12626
-11882
-10850
-8298
-3954
601
3154
3512
3141
3895
7337
11889
14665
14681
12429
9947
9325
11343
14441
14538
10441
4740
432
318
2898
3411
835
-3559
-7739
-8750
-6741
-4173
-3032
-4635
-7622
-8874
-6994
-3019
607
2086
1396
119
458
3377
7310
9718
9438
7544
6308
6821
8430
9525
8993
6828
4192
2256
1144
446
-1003
-2948
-5442
-8221
-10021
-11571
-12714
-13782
-14918
-16227
-18409
-20249
-21222
-19678
-13937
-7176
-4708
-7221
-10553
-10188
-4005
4602
10693
12706
10715
7689
8924
14663
20122
22267
20205
15208
11333
10861
12387
13663
12355
7660
2020
-2400
-4771
-4774
-4719
-6748
-10045
-13637
-16189
-16641
-15918
-13971
-11872
-11939
-12426
-11607
-10622
-8690
-4411
257
2752
3006
2748
3399
5980
10289
13234
13741
12217
9869
8973
9725
12206
13456
10900
6017
1013
-921
762
2642
1928
-921
-4810
-7764
-7462
-5281
-3198
-2666
-4803
-7164
-6730
-3946
-195
2725
2857
1685
1408
2527
5397
8421
9256
8591
7508
6629
7289
8374
8126
7132
5303
2968
1771
837
-925
-2786
-4877
-6910
-8403
-10458
-12663
-13525
-13728
-14684
-16656
-18868
-20371
-20364
-17038
-10538
-5612
-5470
-8182
-9995
-7219
185
7617
11870
12401
10287
9376
12060
16828
21113
21817
18274
14135
11973
11951
13392
13378
10213
5551
712
-2776
-3900
-4652
-6228
-8420
-11490
-14196
-15594
-16091
-15205
-13592
-12876
-12512
-11654
-10899
-9802
-6879
-2732
843
3328
4048
3156
3972
8022
11967
13420
13083
11147
8481
7866
9970
12258
12116
8610
3160
-842
-999
1034
1879
-29
-4432
-8502
-9067
-6734
-3603
-2098
-4227
-7410
-8026
-5619
-983
2915
3463
2150
1158
1949
5193
8939
10591
9736
7814
7284
8435
9358
9300
7954
5956
4212
2903
1946
872
-905
-3524
-5468
-7142
-9392
-11133
-13179
-14447
-14386
-15377
-16845
-18429
-20353
-21208
-18957
-11791
-4859
-4015
-6938
-9842
-8640
-1821
6779
12804
13972
11207
8137
9997
16201
21032
22118
18761
13424
10513
10914
12698
13005
10420
5455
286
-3001
-4223
-4514
-5832
-8577
-11828
-14181
-15121
-15454
-14864
-13606
-12204
-11772
-11451
-9567
-8679
-7143
-2999
697
3308
4112
3598
4178
6430
9933
11649
11797
12024
8968
6060
7941
10579
11615
9882
4345
-1054
-2235
25
1828
569
-2693
-5793
-7617
-6748
-4274
-2701
-2612
-4250
-5263
-3730
-1231
1392
3215
3468
3487
3807
4625
6535
8596
9760
9846
8904
7720
7022
6928
7148
6750
5301
3027
711
-1012
-2190
-3436
-5138
-6947
-9256
-11455
-13239
-14420
-14579
-15113
-15878
-17322
-19351
-20251
-18568
-13025
-6703
-4055
-5719
-8633
-8446
-2778
5850
12538
14855
12393
8980
9884
14707
19807
22059
19971
15778
12584
11142
11502
12142
10845
7294
2778
-1410
-4379
-5750
-6508
-7524
-9458
-11723
-13870
-15665
-15566
-14205
-12236
-10406
-9576
-9417
-9852
-8572
-4766
-141
3646
4622
3770
3045
4289
7936
11418
13352
12299
8747
5682
5205
7854
10592
9922
5189
-561
-3034
-1686
555
929
-1159
-4777
-7332
-6961
-4385
-1652
-1300
-3220
-4555
-4038
-1660
2092
4630
4932
4436
3849
4423
6866
9210
10279
9979
8006
6333
6596
7429
7907
7182
4656
2264
850
-411
-1583
-3310
-5944
-8464
-10126
-11278
-12831
-14171
-14581
-15222
-16496
-17832
-18893
-19773
-19976
-16095
-8256
-3369
-4270
-7790
-9782
-5571
3828
11918
15791
14753
9956
7918
12186
18698
22998
22628
17758
12521
9902
9953
11851
12484
9441
4309
-953
-4728
-5572
-5230
-6107
-8075
-10970
-14322
-16044
-15569
-13821
-11463
-10262
-10712
-10755
-10216
-9291
-6075
-1246
2181
3254
2417
1384
2807
6392
9919
12037
11341
8580
6138
5182
7486
10952
10136
6023
1491
-2061
-1604
1034
1956
678
-2742
-5616
-5826
-4319
-1731
-497
-1420
-3013
-4295
-1977
1982
3054
4249
5089
3282
3584
6399
8371
9641
9757
8440
6949
6417
7006
7394
7037
5701
3134
812
-465
-990
-1638
-3935
-7100
-9769
-11803
-12256
-11876
-12634
-14399
-16564
-18284
-18499
-18346
-19047
-17815
-12114
-6413
-5445
-7283
-8994
-7128
297
7833
11923
13707
11881
9443
11728
16685
20896
22478
19686
15042
11970
11184
12503
13550
11613
7383
2324
-2435
-4585
-4289
-4629
-6469
-9500
-13185
-14864
-14401
-13840
-12619
-11575
-11902
-11393
-10394
-10270
-8330
-4231
-681
1494
1611
490
1227
4060
7401
10218
10869
9288
6826
4840
5789
9206
10688
8577
4060
-601
-1239
1575
2573
1384
-840
-4247
-5296
-3007
-719
348
-679
-2980
-3599
-2087
818
3008
3237
3389
3561
4395
6500
7391
8223
9296
7892
7056
7993
7604
7199
6858
4674
2727
1951
1003
-25
-1573
-4271
-6903
-8630
-10001
-11420
-12631
-13656
-15214
-17104
-18061
-18106
-18232
-19347
-20797
-18428
-11070
-5157
-4679
-6811
-8142
-5282
2117
9101
13291
14508
12035
10319
13316
18338
22280
22713
19071
15006
12701
12236
13383
13433
10516
5798
848
-2556
-3516
-3756
-5178
-7694
-10782
-13560
-14685
-14683
-14187
-12933
-12438
-12493
-11233
-10546
-10767
-8592
-4619
-1117
1354
1360
153
1229
4294
7648
10092
10148
8633
6587
4910
6584
10380
11245
8594
3968
-252
-127
2472
3213
2941
1316
-2061
-3541
-3156
-2165
219
715
-1293
-1966
-1788
-760
2106
4140
4938
4962
3327
2909
5110
7336
8851
8909
7113
6101
6075
5538
5574
5458
3566
1573
316
-1100
-2606
-4292
-6086
-7739
-9653
-11608
-13340
-14734
-15058
-15265
-16799
-18426
-19500
-20791
-19841
-14362
-7673
-4046
-4796
-8264
-9081
-3889
4248
11298
14735
13475
10487
10104
13542
18974
22634
21746
17460
13235
11474
11991
12968
12640
10028
5258
137
-3341
-4702
-4794
-5297
-7154
-10155
-13398
-15694
-16050
-14393
-11844
-10462
-10922
-11652
-12483
-11279
-6889
-2669
324
1081
-396
-1202
906
5333
9169
10441
8857
6593
5182
5684
9196
12220
11067
6684
1998
43
1937
4763
5839
4674
763
-3448
-4220
-1874
1318
2844
752
-2679
-4285
-3349
405
4311
5134
3780
1402
145
2489
5899
8021
8608
6691
4175
3704
4265
5275
6022
4632
2134
446
-637
-2325
-3329
-3973
-6156
-8438
-10664
-12098
-12826
-14485
-15687
-16268
-17049
-18145
-20505
-22197
-17729
-9150
-4388
-4738
-8175
-10951
-7426
1175
9277
14463
14237
9381
7308
11113
17649
23202
23594
18767
13716
11342
11889
14260
15153
12330
6929
1409
-2229
-2815
-1980
-2912
-5565
-9039
-12921
-14847
-14728
-13688
-11825
-11543
-12353
-11996
-12306
-12007
-8917
-5515
-2661
-1163
-2124
-2283
-146
2883
6544
9089
8967
7224
5143
5031
8480
12151
12194
8833
4038
1223
3069
6588
8113
7079
2777
-2044
-2895
-875
1998
3889
1551
-2644
-4452
-3721
-285
3671
4284
2431
141
-1076
945
4576
6816
7332
5765
3494
3339
4489
5499
6010
4465
2010
849
-111
-976
-1219
-2567
-5288
-7769
-9726
-11568
-12542
-12990
-14499
-15879
-16715
-18791
-20696
-20371
-16656
-9950
-5472
-5667
-8203
-10557
-7777
547
8524
13334
12975
8585
7219
11001
17397
23179
23075
17702
13061
11148
12018
14622
14795
11307
6295
881
-2432
-2184
-1861
-3397
-6007
-9902
-13074
-13784
-13927
-13716
-12745
-12595
-12532
-11949
-12423
-12258
-9548
-6138
-2722
-384
-1059
-1842
-420
2066
6099
9665
9729
8083
6310
6341
10484
14712
14679
11050
5786
3307
5836
8901
9328
6905
1926
-1728
-1567
227
2183
2234
-1340
-4921
-5604
-4093
-803
1665
1173
4
-927
-1462
503
3497
4999
5474
4387
2490
2870
4561
5510
5814
4573
2400
1427
956
-8
-965
-2806
-5500
-7889
-10047
-11846
-12765
-13170
-14316
-15741
-17269
-19242
-20459
-18950
-13648
-8522
-6395
-7310
-10032
-9305
-3826
3222
9469
12237
10305
8108
10015
14486
19327
22039
20123
16150
13432
12246
13311
14823
13306
9963
5803
1124
-1045
-1357
-2472
-4118
-6934
-10283
-11953
-13164
-14041
-13253
-13056
-13378
-12041
-11368
-12065
-11430
-9259
-6076
-2430
-712
-628
-418
38
2338
6239
9592
11189
10886
9646
9243
11162
12914
13031
11411
8175
6369
6224
6373
6364
4951
2103
-451
-1830
-2006
-999
-716
-2045
-3524
-4442
-4335
-2976
-1659
-827
100
225
-38
648
1889
3675
5077
4517
3684
3866
4655
5929
5803
3965
2291
714
-262
-710
-2501
-4845
-6880
-8927
-10150
-11331
-13242
-14647
-15937
-17035
-17455
-18787
-18637
-14382
-10290
-8238
-7544
-8985
-8356
-3666
1778
7429
10581
9553
8866
9960
12792
17482
20377
19731
16846
13791
12678
12769
12678
11792
9296
5679
1988
-605
-1930
-3482
-5285
-7544
-10208
-11816
-13149
-14283
-13762
-13193
-13546
-12426
-11333
-11922
-10951
-8666
-5481
-1239
239
-510
-245
1991
6185
10206
12222
12025
10408
8906
9464
12298
14326
13828
10365
5578
3854
5069
6251
6368
3789
-1027
-3957
-4159
-2819
-345
-251
-3548
-6098
-6559
-4793
-886
1163
379
-631
-1476
-467
2617
4731
5766
5754
4416
4279
5006
5141
5950
6025
3826
1443
-294
-1639
-2354
-3548
-5482
-7630
-10225
-12261
-13311
-14189
-14196
-14233
-16312
-18881
-19695
-17551
-12122
-7270
-6417
-7645
-8612
-7233
-1936
4705
9615
11756
10512
8569
9646
13354
17865
20377
18754
15085
12246
11047
11565
12411
10986
7660
3277
-597
-2277
-3452
-4012
-4792
-7505
-10704
-12840
-13780
-13803
-12524
-11275
-10891
-10807
-11135
-10906
-9012
-5651
-2268
-138
1293
2834
4115
5740
8410
10716
12206
12910
12032
11039
11424
11952
12028
11245
8293
4822
3445
3655
4184
3910
1260
-2602
-4953
-5332
-3905
-1978
-2219
-4302
-5905
-6013
-4100
-1275
77
56
-437
-440
1623
4575
5805
5685
5026
3846
4535
6202
6657
6104
3335
551
-436
-1108
-1808
-3603
-6449
-8741
-10214
-11472
-12126
-12527
-14017
-15595
-17560
-19232
-17995
-15102
-10907
-6921
-6275
-7541
-8244
-6375
-898
5842
9918
10549
9374
8407
10193
14232
17844
19071
17121
13534
11010
10638
11352
11204
9047
5303
1126
-2145
-3835
-4519
-5337
-7182
-9928
-12400
-13481
-13431
-13267
-12932
-11843
-10537
-9844
-9688
-9291
-7441
-3527
933
3637
4360
4644
5573
7641
10775
13399
13949
12730
11268
11079
12257
13250
12453
9559
6084
3447
2220
2720
3360
2382
-204
-3815
-6012
-5399
-3788
-2352
-2826
-5398
-6582
-5875
-3868
-302
1803
1349
158
-769
482
3678
6281
7617
7087
5095
3884
4132
4893
4795
2928
298
-1786
-3090
-3847
-5071
-7209
-9785
-12057
-13120
-12816
-12679
-13801
-15589
-17413
-17524
-16268
-14012
-9763
-6333
-4893
-4815
-5180
-3561
912
6178
9698
11390
11003
10200
11371
13697
16281
17749
16326
13675
11903
10491
9926
9032
6525
3692
358
-2762
-4566
-5423
-6389
-8026
-10052
-12463
-13470
-13118
-12825
-11492
-10327
-9869
-8624
-7350
-5167
-2062
144
1761
3266
5985
9174
10896
11449
11266
11609
12403
13210
13521
12588
11319
9761
8187
6714
4916
2953
1010
-310
-1231
-2234
-3310
-4694
-5753
-5634
-5326
-5105
-4792
-5354
-5457
-4153
-2648
-652
1395
2120
2264
2495
3031
4287
5719
6604
6526
5477
4577
4335
3962
2915
1065
-1079
-3022
-4545
-5833
-7234
-9085
-11415
-13240
-14191
-13991
-13855
-14857
-16128
-17074
-16101
-13490
-10004
-6446
-4668
-4442
-4714
-3223
919
5847
9368
10425
10050
10009
11442
13885
15942
16383
14831
12254
10320
9969
10109
9016
6333
2713
-699
-2841
-4002
-5231
-6985
-9052
-10669
-11460
-11852
-11770
-11953
-12495
-12114
-10657
-7906
-4429
-2017
-905
1002
3247
5069
7535
8668
9527
11296
12386
13475
14266
13420
11736
10707
9686
9284
8979
7244
4495
1378
-339
-886
-1165
-2108
-4188
-6375
-7932
-7488
-5825
-4405
-3876
-4908
-6241
-5756
-3431
-725
1622
2249
1590
1918
3078
4714
6858
7647
6600
4958
3167
2671
3886
4530
3332
307
-3464
-5513
-5639
-5819
-6826
-8881
-11765
-13776
-14122
-13555
-12655
-12428
-13483
-14508
-14329
-12380
-8668
-5192
-3149
-2251
-2312
-1180
2134
5593
8771
10703
10407
10487
11566
12664
14339
14930
13377
11263
9121
7677
7351
6658
4867
2246
-810
-3378
-5040
-6285
-7518
-8801
-10076
-11024
-11327
-11237
-10899
-9793
-8014
-6112
-3675
-1339
-501
194
2127
4759
8246
11060
11085
10164
10120
10856
12760
14395
13671
11275
8486
6562
6564
6811
5470
2887
-190
-2219
-2816
-3271
-3479
-4216
-6293
-7916
-8407
-7546
-5577
-4666
-4435
-4249
-4519
-3164
-550
1086
2195
2389
1839
2442
4038
5503
6115
5596
4329
2724
1758
1601
1283
634
-920
-3480
-5328
-6279
-7327
-8167
-8988
-10174
-11070
-11766
-12344
-12062
-11367
-10862
-10259
-9447
-8086
-6374
-4857
-2985
-775
1218
3061
4277
5096
6534
8122
9394
10445
10624
10343
10395
10261
10151
9884
8152
5741
3809
2352
1889
1428
-367
-2567
-4648
-6429
-7109
-7230
-7466
-7611
-7962
-8281
-7191
-4762
-2866
-2091
-1761
-1248
606
3479
5558
6892
7700
7660
8027
9146
10091
10766
10456
8843
7453
6922
6815
6794
5926
3878
1436
-775
-1901
-1725
-1689
-2537
-3872
-5267
-5854
-5372
-4582
-4013
-4018
-4472
-4402
-3157
-1479
-472
141
913
1618
2194
2194
1628
1653
2228
2624
2746
2167
911
-505
-1768
-2144
-1874
-2311
-3586
-5259
-6898
-7433
-7107
-7098
-7446
-8310
-9479
-9638
-8752
-7514
-6362
-6031
-5893
-5016
-3941
-2667
-973
522
1780
2945
3935
5082
6287
7069
7586
7998
8102
7848
7337
6710
6213
5943
5620
4817
3369
1415
-538
-1616
-1722
-1675
-2077
-3353
-5194
-6250
-5965
-4645
-2767
-1736
-2237
-2947
-2627
-755
2335
4647
5083
4529
3849
4173
5937
7772
8828
8712
7349
6077
5582
5551
5718
5273
4068
2607
1050
66
-228
-440
-932
-2029
-3409
-4291
-4599
-4559
-4012
-3665
-3753
-3688
-3789
-3473
-2779
-2459
-1929
-1363
-863
-331
-238
-242
-37
335
580
238
-453
-1198
-1446
-1017
-703
-967
-2245
-3808
-4553
-4263
-3242
-2818
-3566
-5277
-6545
-6123
-4619
-3171
-3341
-4817
-6006
-6092
-4483
-1781
-177
-386
-1184
-2023
-1232
1301
3093
4009
3834
2716
2806
4153
5714
6928
6827
5317
3952
3801
4388
5375
5760
4759
3415
2267
1520
1592
1793
1515
989
172
-600
-735
-600
-481
-404
-518
-565
-369
-114
231
669
1253
2048
2571
2650
2541
2299
2511
3433
4264
4682
4398
3234
2361
2473
3051
3498
2929
1213
-451
-1166
-833
-47
39
-1153
-3123
-4756
-5113
-4316
-3401
-3357
-4342
-5468
-5875
-5526
-4653
-3917
-3904
-4140
-4256
-4038
-3136
-2358
-2216
-2097
-2057
-1867
-1302
-921
-637
-323
-76
193
446
506
329
-60
-225
-134
133
730
613
281
-204
-775
-473
-549
-487
-391
-942
-1122
-935
-558
-176
161
76
-20
187
368
952
1442
1571
1762
1806
1771
2179
2649
2991
3403
3331
3079
3097
2980
2917
3019
2728
2306
1976
1560
1410
1382
1330
1286
1297
1175
818
698
428
281
591
767
1305
1711
1562
1648
1588
1606
1925
1912
1777
1604
1132
709
702
740
667
296
-633
-1445
-1908
-2261
-2427
-2619
-3054
-3671
-4277
-4523
-4414
-4365
-4463
-4601
-4643
-4449
-4233
-4067
-3749
-3454
-3264
-2927
-2545
-2159
-1642
-1196
-751
-158
280
493
641
676
825
1243
1682
2110
2323
2076
1714
1583
1657
1906
1962
1495
914
408
156
361
717
546
19
-544
-1221
-1194
-854
-614
-536
-702
-971
-1240
-535
23
483
1110
774
730
996
1229
1801
2300
2416
2304
2249
2211
2496
2942
3109
2978
2579
2056
1764
1806
1882
1915
1673
1163
897
916
1147
1397
1203
742
301
74
296
612
747
615
194
-85
-62
129
311
165
-334
-912
-1386
-1588
-1544
-1568
-1752
-2131
-2604
-2845
-2881
-2815
-2763
-2941
-3274
-3543
-3689
-3575
-3253
-3028
-2842
-2717
-2629
-2351
-2004
-1696
-1401
-1206
-1115
-929
-565
-101
407
784
889
999
1262
1459
1720
1842
1648
1609
1530
1449
1629
1569
1501
1550
1369
1316
1181
837
660
452
319
288
88
-115
-295
-407
-310
-170
-119
-235
-483
-722
-738
-488
-216
-48
-56
-110
-18
373
782
963
1138
1017
1074
1410
1509
1805
1845
1620
1776
1965
2205
2411
2177
1813
1625
1561
1615
1622
1388
1053
770
623
669
717
591
268
-98
-339
-463
-476
-576
-844
-1091
-1317
-1427
-1389
-1487
-1688
-1928
-2267
-2374
-2291
-2350
-2397
-2584
-2847
-2747
-2574
-2416
-2232
-2274
-2327
-2246
-2065
-1772
-1477
-1289
-1242
-1115
-830
-484
-81
139
241
400
488
691
901
948
999
955
979
1187
1307
1336
1283
1136
1111
1189
1279
1361
1293
1172
1087
1111
1258
1315
1294
1120
882
813
741
721
677
419
230
117
56
118
44
-113
-174
-263
-258
-140
-179
-180
-119
-108
76
261
318
441
546
606
762
798
737
798
813
902
1040
999
883
737
632
667
726
655
439
141
-79
-120
-61
-30
-152
-413
-653
-738
-682
-632
-681
-920
-1240
-1390
-1388
-1304
-1249
-1399
-1629
-1777
-1784
-1618
-1470
-1524
-1677
-1851
-1912
-1701
-1468
-1336
-1272
-1351
-1297
-1008
-723
-430
-286
-356
-305
-125
140
516
721
759
807
878
1080
1372
1563
1601
1543
1485
1533
1691
1810
1763
1636
1472
1384
1486
1535
1427
1220
866
606
532
406
252
28
-326
-540
-587
-616
-660
-847
-1152
-1368
-1416
-1312
-1135
-1040
-1063
-1057
-910
-642
-305
-34
58
89
179
369
676
948
1087
1126
1111
1143
1306
1463
1512
1438
1212
1005
893
863
858
782
594
316
127
-3
-42
-43
-201
-420
-694
-861
-835
-774
-716
-763
-949
-1087
-1087
-1012
-920
-968
-1202
-1450
-1582
-1561
-1409
-1263
-1282
-1398
-1476
-1482
-1334
-1128
-1082
-1112
-1105
-1032
-744
-338
-52
100
143
181
395
736
1040
1202
1207
1161
1212
1412
1641
1745
1693
1546
1452
1517
1624
1628
1482
1190
928
869
931
1002
977
746
482
357
302
289
178
-164
-519
-736
-820
-729
-686
-868
-1108
-1305
-1387
-1270
-1160
-1206
-1308
-1388
-1304
-986
-627
-374
-261
-238
-97
201
535
811
904
874
932
1082
1280
1452
1424
1262
1147
1093
1113
1124
959
683
417
207
110
20
-162
-373
-581
-707
-687
-654
-696
-821
-1039
-1161
-1130
-1104
-1040
-988
-1062
-1061
-992
-994
-948
-968
-1086
-1104
-1085
-1014
-863
-800
-775
-753
-757
-656
-513
-402
-244
-117
3
184
312
403
514
573
670
829
942
1080
1237
1349
1516
1645
1654
1643
1582
1550
1641
1717
1742
1704
1547
1396
1311
1238
1125
890
561
248
21
-94
-195
-429
-810
-1237
-1550
-1670
-1679
-1700
-1810
-2015
-2153
-2086
-1877
-1632
-1471
-1454
-1428
-1239
-870
-367
69
283
399
506
688
1038
1352
1493
1560
1547
1561
1705
1778
1728
1562
1259
1031
917
804
715
534
268
47
-166
-360
-545
-773
-936
-1016
-1051
-1047
-1087
-1198
-1302
-1336
-1300
-1239
-1200
-1220
-1245
-1161
-994
-807
-681
-713
-806
-827
-709
-448
-216
-115
-132
-215
-160
51
249
396
385
257
255
393
624
896
994
929
868
859
974
1192
1350
1392
1352
1304
1333
1422
1484
1462
1340
1163
1032
981
962
900
758
547
281
6
-235
-464
-659
-792
-905
-1029
-1183
-1374
-1539
-1636
-1661
-1639
-1643
-1682
-1692
-1601
-1384
-1099
-851
-728
-707
-650
-447
-84
336
657
789
784
802
973
1243
1489
1584
1473
1304
1230
1288
1425
1447
1242
884
490
257
253
303
268
63
-305
-626
-775
-801
-769
-827
-1058
-1293
-1425
-1409
-1215
-1034
-1004
-1071
-1214
-1284
-1157
-935
-707
-578
-602
-656
-644
-498
-241
-28
72
71
4
30
195
408
602
691
628
536
536
639
840
1053
1128
1079
999
935
988
1153
1275
1314
1252
1110
1046
1095
1185
1261
1194
965
707
512
444
487
481
340
80
-250
-505
-613
-656
-717
-873
-1141
-1405
-1569
-1594
-1519
-1480
-1539
-1659
-1785
-1788
-1617
-1346
-1064
-876
-819
-777
-651
-387
5
377
583
641
652
735
981
1319
1554
1581
1417
1188
1087
1174
1324
1380
1213
848
481
276
247
274
182
-111
-521
-850
-951
-865
-769
-823
-1060
-1348
-1499
-1414
-1170
-959
-903
-986
-1075
-1024
-809
-511
-273
-199
-223
-215
-107
117
379
548
614
611
603
678
817
952
1058
1085
1032
974
928
904
930
961
962
916
810
717
682
686
732
744
660
521
365
256
265
321
334
261
70
-145
-257
-274
-238
-241
-393
-635
-858
-997
-1011
-978
-1032
-1189
-1403
-1577
-1589
-1469
-1336
-1269
-1322
-1424
-1435
-1310
-1052
-759
-575
-493
-444
-332
-68
283
603
817
893
912
1003
1186
1423
1623
1679
1607
1494
1401
1381
1392
1341
1198
977
718
503
358
233
96
-98
-360
-617
-815
-932
-959
-969
-1021
-1109
-1224
-1281
-1227
-1103
-946
-809
-757
-731
-652
-490
-245
13
195
287
322
373
508
702
883
988
985
921
889
917
996
1055
1012
875
705
572
533
554
551
472
298
81
-71
-111
-68
-19
-56
-184
-332
-421
-407
-317
-244
-252
-340
-449
-500
-465
-391
-353
-403
-519
-643
-703
-673
-604
-589
-672
-825
-973
-1046
-1023
-940
-879
-887
-930
-937
-860
-693
-484
-308
-203
-131
-22
163
411
680
905
1048
1137
1230
1358
1508
1650
1738
1743
1681
1607
1560
1517
1433
1282
1063
802
548
335
153
-25
-224
-446
-680
-890
-1044
-1152
-1233
-1301
-1353
-1388
-1395
-1359
-1276
-1169
-1053
-932
-808
-669
-499
-301
-94
100
274
421
542
648
753
864
965
1035
1060
1047
1016
986
958
916
841
725
585
444
325
234
156
64
-53
-186
-313
-410
-469
-501
-538
-589
-647
-686
-691
-664
-631
-604
-586
-580
-577
-562
-529
-500
-492
-507
-531
-544
-534
-506
-474
-457
-463
-489
-509
-499
-453
-389
-329
-281
-242
-195
-115
1
139
278
407
519
622
724
839
956
1055
1130
1188
1234
1277
1314
1329
1302
1227
1122
1008
904
813
712
576
396
194
-6
-179
-318
-439
-573
-719
-860
-977
-1061
-1107
-1121
-1125
-1130
-1125
-1088
-1012
-899
-771
-643
-523
-398
-256
-99
61
214
348
452
537
619
714
813
897
940
930
877
809
755
716
676
605
487
334
174
36
-65
-147
-238
-348
-465
-561
-617
-637
-638
-651
-690
-721
-713
-662
-582
-499
-446
-440
-443
-417
-350
-260
-191
-175
-206
-240
-254
-236
-199
-174
-191
-243
-296
-313
-287
-241
-206
-195
-192
-162
-79
47
183
289
359
417
503
634
793
938
1034
1079
1102
1138
1198
1257
1278
1241
1157
1054
959
871
764
616
420
202
-6
-185
-340
-490
-647
-805
-942
-1041
-1098
-1132
-1159
-1186
-1196
-1171
-1101
-995
-871
-746
-620
-488
-337
-171
-5
149
287
417
546
670
771
836
858
848
825
800
770
722
641
535
416
304
201
94
-31
-172
-311
-423
-498
-544
-584
-641
-713
-771
-789
-755
-692
-631
-593
-568
-526
-449
-347
-249
-179
-143
-122
-97
-64
-23
17
44
43
6
-45
-75
-60
-13
17
-3
-64
-108
-84
3
96
154
178
201
255
345
443
519
571
624
698
782
867
931
960
950
920
888
859
825
772
691
577
445
314
192
75
-49
-182
-317
-449
-564
-655
-727
-795
-859
-916
-955
-973
-961
-922
-871
-818
-759
-681
-586
-472
-341
-207
-92
1
89
177
264
355
443
506
536
549
552
548
541
524
484
416
337
260
188
120
48
-37
-138
-236
-309
-352
-378
-401
-429
-465
-496
-502
-474
-431
-391
-362
-343
-318
-270
-200
-122
-64
-34
-27
-22
-3
35
79
107
107
91
77
77
89
102
102
86
69
69
105
158
203
229
245
257
282
339
412
469
500
517
528
545
579
611
620
597
553
506
469
440
406
349
269
171
72
-15
-92
-172
-261
-361
-456
-532
-583
-620
-660
-713
-769
-812
-821
-794
-741
-678
-618
-563
-508
-440
-360
-275
-188
-110
-33
47
135
227
310
367
396
401
398
400
407
410
397
360
307
249
197
154
112
62
6
-47
-91
-114
-123
-130
-146
-175
-206
-226
-225
-204
-175
-151
-137
-128
-115
-93
-63
-37
-24
-22
-20
-10
14
44
67
73
63
51
48
62
86
108
124
129
141
163
195
228
251
262
264
264
271
286
314
344
363
359
337
308
298
301
298
268
213
154
112
88
62
13
-58
-133
-195
-240
-276
-313
-355
-398
-432
-460
-479
-491
-498
-501
-501
-495
-480
-456
-424
-390
-355
-320
-282
-238
-189
-137
-87
-42
-1
40
82
125
162
190
204
212
216
225
236
244
248
246
236
225
215
208
196
182
162
140
120
106
95
82
72
58
44
31
22
21
22
19
12
3
-7
-16
-20
-29
-41
-61
-81
-97
-103
-102
-95
-90
-83
-73
-62
-47
-31
-17
-5
3
15
31
55
85
111
133
150
162
177
194
210
227
238
247
250
243
229
206
178
147
114
85
60
39
20
-2
-32
-71
-113
-152
-187
-218
-247
-276
-306
-330
-352
-371
-382
-387
-380
-364
-338
-307
-276
-244
-213
-182
-149
-120
-91
-64
-38
-10
21
53
86
116
139
158
172
183
192
197
197
192
187
180
172
159
140
116
93
73
61
57
60
66
73
75
75
72
65
56
42
28
17
10
9
10
10
7
3
-1
-1
-1
-4
-9
-14
-18
-21
-24
-30
-38
-46
-51
-52
-47
-38
-27
-15
-2
14
28
43
58
70
84
96
106
115
119
122
125
126
129
130
129
126
121
110
95
79
60
40
19
-4
-33
-65
-102
-140
-173
-199
-216
-226
-231
-234
-237
-242
-250
-257
-261
-264
-261
-254
-243
-228
-206
-179
-152
-125
-102
-78
-54
-28
-1
25
48
69
89
108
123
136
146
156
163
170
175
179
180
179
177
173
168
159
146
134
123
111
99
87
74
62
54
48
47
45
46
43
36
28
21
13
7
3
-1
-5
-12
-17
-23
-28
-31
-32
-34
-34
-31
-29
-24
-22
-21
-20
-21
-22
-22
-18
-13
-6
1
10
20
30
39
47
51
56
60
64
66
65
63
57
49
39
28
18
8
-1
-9
-19
-32
-49
-69
-90
-111
-132
-151
-166
-179
-191
-202
-211
-218
-223
-228
-228
-226
-217
-200
-180
-160
-143
-126
-108
-87
-62
-36
-10
15
38
61
83
105
124
144
161
177
190
200
207
208
205
199
192
185
179
176
173
170
166
163
154
143
127
109
93
80
69
61
53
48
40
32
20
9
-2
-11
-17
-22
-27
-33
-38
-46
-58
-69
-81
-90
-97
-100
-101
-100
-98
-95
-91
-87
-82
-75
-64
-54
-39
-24
-10
3
13
20
25
28
34
39
47
54
60
62
59
51
40
27
11
-4
-17
-27
-39
-51
-65
-81
-99
-118
-136
-150
-161
-166
-166
-162
-157
-150
-143
-138
-131
-125
-116
-104
-89
-70
-48
-25
-2
19
41
60
75
91
107
126
140
152
163
172
182
188
191
192
190
186
179
173
164
154
144
133
122
111
100
90
80
70
60
49
38
27
17
8
0
-7
-15
-24
-34
-45
-57
-67
-78
-87
-96
-103
-113
-120
-128
-130
-133
-134
-132
-128
-125
-118
-114
-110
-104
-96
-81
-65
-47
-30
-12
3
18
32
44
54
64
74
80
86
88
87
83
78
70
59
49
36
20
4
-12
-26
-41
-53
-64
-75
-86
-95
-104
-112
-118
-118
-116
-112
-106
-96
-84
-73
-60
-46
-31
-16
1
17
33
48
63
76
87
97
107
116
123
128
129
130
126
122
119
115
110
108
103
99
95
89
84
78
72
64
56
48
40
34
26
19
12
7
2
-5
-13
-25
-40
-51
-61
-71
-78
-85
-90
-95
-99
-105
-111
-119
-126
-132
-130
-128
-120
-110
-101
-91
-83
-75
-69
-64
-56
-44
-26
-6
14
33
48
60
70
78
83
89
94
99
102
103
98
89
79
67
54
43
31
20
8
-6
-21
-34
-46
-53
-61
-68
-74
-76
-77
-74
-73
-71
-68
-62
-53
-44
-32
-21
-13
-6
3
10
16
23
30
39
47
55
61
66
68
69
70
71
72
74
76
76
76
75
74
70
69
66
62
58
52
46
39
32
26
19
12
7
1
-7
-12
-18
-24
-29
-34
-39
-45
-51
-58
-65
-70
-74
-80
-84
-88
-90
-92
-92
-93
-97
-99
-98
-95
-90
-82
-74
-66
-57
-47
-38
-29
-16
-3
9
22
35
44
50
57
62
65
71
77
81
88
87
87
82
74
66
57
49
41
35
27
19
9
-4
-17
-31
-39
-46
-50
-49
-48
-46
-45
-46
-47
-47
-45
-39
-32
-23
-14
-5
3
10
15
21
27
32
39
46
54
59
62
66
65
64
62
62
60
60
60
59
57
54
50
42
36
29
23
17
10
4
-2
-8
-15
-22
-29
-36
-40
-45
-48
-51
-53
-57
-61
-63
-66
-68
-68
-67
-67
-68
-69
-70
-71
-70
-69
-65
-59
-54
-48
-42
-36
-29
-24
-18
-12
-7
-3
3
10
16
25
35
41
48
51
52
55
57
61
66
72
75
78
75
69
62
54
46
37
30
21
12
4
-6
-17
-26
-34
-40
-44
-46
-46
-46
-47
-47
-45
-42
-35
-28
-19
-10
-2
7
12
19
24
30
36
41
45
50
53
55
57
58
57
56
52
47
43
40
36
32
24
18
11
6
-1
-6
-11
-13
-17
-20
-23
-27
-32
-34
-38
-41
-44
-46
-47
-48
-50
-54
-57
-59
-58
-56
-53
-50
-49
-45
-42
-40
-39
-36
-35
-31
-28
-24
-20
-16
-13
-8
-3
2
7
12
16
21
24
30
33
39
44
49
54
58
62
64
65
65
64
61
58
54
48
42
35
28
18
9
1
-7
-15
-22
-29
-35
-40
-41
-41
-42
-40
-39
-39
-39
-38
-36
-31
-23
-15
-8
0
7
14
20
27
33
37
42
44
44
43
41
39
36
34
32
30
26
22
18
14
8
4
-2
-5
-8
-12
-15
-18
-22
-26
-30
-34
-36
-37
-36
-35
-34
-32
-32
-31
-32
-33
-33
-34
-32
-29
-27
-25
-24
-23
-24
-26
-25
-25
-22
-19
-13
-10
-7
-3
-2
-1
0
3
8
13
20
26
33
38
41
43
44
45
46
48
48
49
50
49
46
41
34
28
21
15
11
7
4
-1
-5
-9
-15
-21
-26
-29
-30
-31
-28
-27
-27
-25
-25
-26
-26
-26
-23
-19
-14
-8
-2
3
7
10
13
17
20
23
24
25
25
25
24
24
23
25
24
23
22
19
16
13
9
5
0
-5
-11
-13
-18
-21
-24
-25
-27
-27
-27
-29
-32
-32
-31
-29
-25
-23
-22
-21
-20
-20
-18
-18
-16
-17
-16
-13
-11
-9
-6
-5
-4
-3
-2
0
3
5
7
10
14
17
19
23
27
31
36
39
42
42
41
40
36
33
31
29
29
25
22
19
14
9
3
-3
-6
-10
-14
-16
-20
-20
-21
-24
-26
-29
-31
-32
-32
-32
-29
-27
-24
-21
-17
-14
-10
-5
-1
4
9
13
15
19
21
23
25
25
27
26
24
24
23
20
17
13
10
7
3
1
-2
-3
-4
-7
-8
-12
-15
-17
-19
-19
-17
-17
-16
-16
-17
-17
-17
-18
-17
-16
-15
-14
-15
-13
-14
-14
-15
-15
-14
-14
-12
-11
-10
-7
-6
-4
-3
-1
2
4
7
11
14
17
19
22
22
24
26
27
28
31
30
30
31
29
28
28
25
23
21
18
14
11
7
3
0
-2
-5
-7
-11
-13
-16
-17
-19
-22
-22
-24
-24
-25
-24
-24
-24
-22
-19
-16
-12
-9
-7
-5
-4
-3
-1
0
2
4
7
9
10
11
11
13
15
15
16
17
16
15
12
11
8
7
6
5
5
4
4
2
0
-2
-4
-6
-8
-8
-8
-9
-10
-11
-11
-13
-14
-14
-14
-13
-12
-11
-10
-11
-13
-12
-12
-9
-8
-6
-3
-2
-1
0
-1
0
0
1
2
4
8
9
12
13
16
16
17
19
22
23
22
20
19
17
15
14
13
13
12
11
9
8
6
4
3
2
-3
-4
-6
-10
-12
-14
-16
-18
-19
-19
-19
-20
-21
-21
-22
-22
-20
-18
-16
-13
-12
-10
-9
-8
-6
-4
-1
0
2
2
3
4
5
4
5
7
9
11
13
12
12
10
9
7
6
5
5
5
5
5
5
3
2
1
1
1
2
4
5
7
6
5
3
1
0
0
0
1
2
2
1
1
-2
-4
-4
-6
-6
-5
-3
-4
-3
-4
-3
-4
-4
-2
-1
0
2
3
4
4
6
5
6
7
8
8
7
6
5
3
1
0
-1
-1
-1
-2
-2
-3
-2
-3
-4
-6
-8
-9
-10
-10
-9
-10
-10
-10
-11
-10
-9
-8
-5
-4
-4
-2
-1
