SAMPLES:	7767
BITSPERSAMPLE:	16
CHANNELS:	1
SAMPLERATE:	16000
NORMALIZED:	FALSE
1
-1
1
0
0
1
-1
0
1
-2
1
1
-1
3
-3
3
-3
2
-1
0
-1
0
0
0
0
0
0
0
0
1
0
-1
0
1
0
0
-1
0
0
0
0
-1
0
0
0
0
1
0
0
0
0
0
0
1
1
0
0
0
0
0
0
0
0
0
0
1
0
0
0
0
0
1
0
0
1
0
1
-1
0
0
0
0
0
0
0
0
-1
0
-1
-1
0
0
0
0
0
0
0
0
0
0
-1
0
-1
0
0
0
0
0
0
-1
0
0
0
0
0
0
0
0
0
0
1
-1
0
0
0
1
-1
1
2
-1
0
0
-1
3
-3
3
-3
2
-1
0
0
0
0
0
0
0
0
1
0
0
0
0
0
1
0
0
0
0
0
0
0
-1
-1
0
0
0
0
0
-1
-1
0
0
0
-1
1
0
0
-1
0
0
0
0
0
0
0
0
0
0
0
0
0
0
0
0
1
0
0
-1
0
0
0
0
0
0
1
0
0
-1
-1
0
0
0
0
-1
0
0
0
0
0
1
0
0
1
0
1
0
0
0
0
0
0
-1
0
0
0
0
0
0
1
0
1
-1
0
0
0
0
-2
0
0
-1
1
0
-1
3
-3
3
-3
2
-1
0
1
0
1
0
1
0
0
0
1
0
0
0
0
0
0
0
0
0
0
-1
1
-1
0
0
0
0
0
0
0
0
1
0
1
0
0
0
1
-1
0
0
0
0
0
0
0
0
0
0
-1
0
0
0
0
1
1
1
2
1
1
1
1
1
1
1
1
0
0
-1
-1
-1
-1
0
0
0
0
0
-1
0
0
0
0
0
-1
0
-1
0
2
1
1
2
1
1
-1
0
-1
0
0
0
-1
0
2
-2
0
-1
-2
-1
-3
-1
1
-2
-1
1
-1
2
-2
2
-3
2
0
0
0
-1
1
0
0
1
0
0
0
0
1
0
0
0
0
1
0
-1
0
-1
0
1
0
1
-1
0
1
0
0
0
0
0
-1
0
0
0
0
0
0
0
0
0
0
-1
0
1
0
1
0
-1
0
0
1
0
0
0
0
0
0
-1
0
-1
0
0
0
0
0
0
0
1
0
1
0
0
0
0
0
-1
0
0
0
0
0
-1
0
0
0
0
0
0
1
0
0
0
0
1
0
0
0
0
1
-1
1
0
-1
0
-1
1
1
-1
1
0
-2
2
-4
3
-3
2
-1
0
0
0
0
-1
1
0
0
0
-1
0
0
0
1
0
0
0
-1
0
0
0
0
1
1
0
1
0
0
-1
0
-1
0
0
0
0
0
0
0
0
0
0
0
0
0
1
0
0
0
0
0
0
0
0
0
0
0
0
0
0
0
0
1
1
2
1
1
1
2
0
0
0
0
0
0
0
0
1
1
0
0
1
0
0
0
0
0
1
0
0
-1
1
0
-1
-1
0
0
0
0
0
1
0
2
-1
0
0
0
1
-2
0
0
-1
1
-1
-1
3
-3
2
-3
2
-1
0
0
0
0
0
1
-1
0
0
0
0
-1
0
0
0
0
0
1
0
0
0
0
0
0
0
0
1
1
0
0
0
0
0
0
0
0
0
1
0
-1
0
0
0
0
0
0
0
0
0
0
1
0
1
1
1
0
0
0
0
0
0
0
0
0
0
0
0
-1
0
0
0
-1
0
-1
0
0
0
0
0
0
0
-1
1
0
1
0
0
0
0
1
1
0
-1
0
1
-1
0
0
0
0
0
1
-1
0
0
0
1
-1
0
2
-2
1
0
-1
3
-3
3
-3
1
-1
-1
0
0
0
0
0
-1
0
1
0
0
0
1
0
0
0
0
0
0
0
0
0
0
0
0
0
0
1
0
1
0
-1
-1
-1
0
0
0
0
0
0
0
-1
0
0
1
-1
0
1
0
0
0
0
0
0
0
-1
0
0
0
0
0
0
0
0
0
0
0
0
0
0
0
0
0
0
0
0
0
0
1
0
1
0
0
0
1
0
0
-1
1
0
-1
0
0
-1
0
0
0
-1
-2
-1
-1
0
-2
1
-1
-1
0
-1
-1
0
-1
-1
-1
-2
2
-4
3
-2
1
0
2
2
1
2
3
1
2
2
2
1
2
1
2
0
1
1
0
-1
0
0
-1
-1
0
0
0
0
-1
-1
-1
0
0
0
0
0
0
0
0
0
1
0
-1
0
0
-1
1
0
0
0
-2
-1
-1
0
0
0
0
-1
1
1
1
1
1
2
1
1
1
0
1
2
1
1
1
0
0
0
0
0
0
0
-1
1
-1
0
1
0
0
0
0
0
0
0
0
0
0
0
0
0
0
0
1
0
0
0
0
-1
1
0
0
0
0
0
0
0
0
0
0
0
0
-1
0
0
0
-1
0
0
1
1
0
0
0
0
-1
0
1
0
0
1
1
1
0
-1
-1
-2
-4
-5
-6
-7
-7
-6
-4
-1
1
3
3
5
5
4
3
4
6
8
11
12
11
15
27
40
44
44
53
66
75
92
110
119
112
99
104
119
116
91
63
46
23
-10
-22
-30
-47
-59
-100
-148
-183
-219
-217
-197
-217
-276
-329
-386
-396
-343
-351
-326
-306
-372
-363
-321
-269
-220
-194
-119
-134
-185
-172
-126
-25
37
43
3
-43
12
105
190
253
197
133
196
259
335
368
368
429
464
545
552
461
385
481
800
996
903
603
429
521
839
1179
1325
1102
735
612
718
1236
1469
1225
642
312
223
144
797
365
-176
-175
-773
-1032
-796
-528
-1355
-1501
-1720
-2930
-4077
-4167
-876
-1691
-5473
-3497
-4678
-6533
-701
-613
-3559
-2413
-5281
-3358
378
-2539
-133
1811
-2740
-1325
1949
-390
801
3019
1530
2715
2095
687
3406
2699
1996
5111
3725
1739
3428
2074
1737
4108
2263
2307
3660
720
1011
1662
552
1644
595
376
32
-1644
-800
-1636
-1657
-893
-2033
-2846
-3347
-2523
-3368
-3512
-1657
-3289
-3550
-2202
-2450
-1432
-2223
-2301
-69
-247
926
1321
234
1213
1440
3497
4438
3323
4537
3234
3920
6527
4540
5187
5772
3801
6187
6762
3789
4247
3537
1803
4037
3109
899
1604
-265
-1678
-1893
-4821
-5758
-1079
-131
-6822
-8398
-7732
-11358
-6367
-893
-5952
-8170
-10005
-11092
-4934
-5822
-6924
-601
-4729
-9030
-3025
-2935
-3488
884
152
236
1340
-1522
883
3399
1439
4934
5843
2232
3913
3149
2537
6900
5370
3704
6109
4546
3613
4533
4127
4805
4310
3582
4283
2705
1519
1610
519
1160
2454
338
-1694
-1381
-2303
-2175
-372
-535
-2350
-2871
-2360
-2154
-799
-916
-310
-667
-2253
270
469
757
1609
864
1993
1599
3000
3811
2226
3575
2462
3071
5677
3298
3469
3440
1151
2588
1709
558
3142
344
-1505
-1320
-3166
-4531
-6056
3465
-922
-11743
-3259
-8840
-12226
70
-351
-7955
-6651
-9798
-10238
4
-6172
-4379
3937
-6619
-7236
400
-2559
-2502
4105
1618
474
1113
-3095
2398
5253
1135
4896
4407
-1265
2906
3342
947
5777
2859
392
4356
1647
1032
3849
606
1713
3575
795
2591
999
-828
298
-65
2000
2236
-818
-2574
-288
-2341
-1395
3893
-1276
-1990
-6
-2134
1311
2259
438
1837
1030
825
3602
2927
2408
3022
3011
4387
5263
5174
3573
3585
5188
4308
5040
6431
2670
1898
3384
401
1272
1250
10
831
-2382
-4283
-5421
-7631
-7685
-2058
-845
-11709
-11851
-7782
-14524
-7916
203
-8687
-9998
-9984
-12566
-4502
-4927
-7012
129
-2764
-8296
-3730
57
-1526
446
5419
4605
-117
-393
4273
3389
5037
10161
3552
3503
5942
1014
5806
8510
4520
4783
5914
3109
2135
5117
3653
2756
5325
2767
285
1530
-1185
-1747
1402
798
505
-1813
-4675
-2408
-2825
-2748
831
-2300
-5482
-3049
-2951
-2279
-148
-753
-805
-299
-483
923
2555
2618
2838
3481
3785
5384
6745
5170
5023
6719
5829
6881
8391
5712
5352
5717
3239
2776
2631
1383
2502
1072
-3060
-4716
-6114
-7325
-4536
480
-7744
-14952
-7752
-13591
-13639
-495
-6970
-12711
-9888
-13185
-8200
-3766
-8251
-3389
-1432
-9581
-5565
1058
-3791
-1347
4925
511
542
1134
-1807
5346
6033
2524
8016
3508
227
6646
3115
5231
8848
1163
4841
6676
1808
5239
3839
2438
5944
3717
3097
4383
-1816
-1523
2778
-1078
1975
1326
-7067
-2272
-994
-5780
820
647
-6072
-2462
-652
-2583
-428
302
-817
-219
517
919
2883
3526
2147
3393
4543
4549
6572
5986
4709
6711
6262
6883
8626
5562
5161
6235
3396
3105
3552
1421
1807
330
-3927
-5220
-5913
-6741
-4532
-779
-9414
-15987
-8113
-12939
-11948
-335
-8391
-12873
-10788
-14072
-6249
-4106
-9542
-2002
-2883
-10410
-3486
-236
-3863
441
4221
2014
1887
187
-605
5150
5036
4406
8234
3057
1102
5297
2476
6617
8851
2349
6144
5054
1539
5726
4189
3580
4376
2576
1999
1666
826
-211
-490
968
1229
-1208
-2947
-3251
-2581
-3879
-1499
1096
-5117
-4681
-2171
-3943
-241
-84
-24
201
-1401
2017
1837
2611
4847
4199
3631
5132
7049
4106
7105
7712
4805
8536
7659
7108
7480
5859
4637
4161
5328
2099
1974
3214
-3269
-3638
-2619
-8385
-7486
-3100
-4466
-11499
-13698
-11150
-14519
-10427
-4281
-9610
-13614
-13810
-11690
-7268
-6491
-6783
-2938
-3938
-8619
-3433
607
-1929
1478
4176
1477
1874
1326
2201
7785
5523
3917
7722
3785
3863
7720
3888
6319
8692
3851
6567
6490
1588
4676
5419
4096
6042
3347
1019
1800
222
-307
327
-214
-1360
-4247
-4701
-2641
-5045
-6191
-3400
-5216
-6141
-3369
-4660
-5029
-3160
-3316
-1525
-504
-1880
-717
882
1847
3379
4616
5093
5008
6183
6434
6995
10342
9919
8104
10322
9416
8323
10949
8560
6818
7378
5056
4650
5088
2637
198
-40
-3077
-3762
-5797
-8349
-3823
-5348
-11342
-14322
-11753
-13542
-12295
-4561
-11340
-14548
-14583
-14938
-6742
-7464
-10151
-4232
-5448
-11590
-4313
-680
-4745
692
1448
345
3535
-147
709
5906
3020
4332
9397
4622
3457
7058
3066
6991
10691
4389
8227
7215
1609
7025
5522
5034
8532
3890
2839
3524
524
779
1655
7
277
-1821
-4666
-1948
-4242
-6258
-1560
-3781
-6740
-3675
-5084
-6669
-4395
-4481
-3347
-1256
-2115
-1947
-927
-896
1500
4524
4274
4367
5458
4967
6839
9427
8690
9548
10377
9114
10531
11310
9349
8799
7483
6144
7553
5793
3115
3243
1439
-2772
-3009
-2932
-8127
-6239
-2567
-7834
-14835
-13234
-11362
-15791
-8311
-6596
-14548
-13972
-15306
-13165
-5825
-9481
-10008
-1099
-11604
-11149
1177
-6066
-1790
1901
-2669
958
2332
-766
2260
5498
485
6699
8778
2096
6351
4925
3406
9973
8077
6153
9099
4536
4036
8039
6110
8290
7220
2905
4590
1546
1554
3168
-189
933
94
-3119
-3288
-2257
-5176
-5294
-1939
-5453
-5435
-4066
-6007
-4722
-4223
-3651
-1341
-1370
-2085
-1289
-1021
364
2523
3956
4951
4303
4262
5036
6925
9297
8520
9170
9749
8534
10660
11327
9697
8890
7910
6788
7539
5925
2444
3673
1277
-1498
-1554
-5192
-7708
-8178
-4053
-4777
-15399
-14038
-10866
-18142
-10209
-4855
-14884
-13396
-14824
-16498
-6850
-9165
-10850
-1923
-7767
-13840
-2400
-2751
-6930
2792
1064
-2419
3173
-716
180
6448
2612
5917
8522
2743
6981
3668
2303
13092
4314
6813
15306
-818
5498
11029
-1192
10420
11006
-459
5960
3630
-2004
3377
2348
-1072
528
-2453
-4115
-1852
-4675
-4564
-2027
-4176
-5093
-4159
-4709
-4980
-4112
-3662
-2340
-1560
-2021
-1338
-783
-541
1898
5426
5008
4436
6603
5405
6616
10859
8927
9496
11987
8568
10398
13097
9413
9790
9717
6838
8298
6901
3170
3887
2218
-1729
-2002
-3352
-8054
-9755
-5637
-4735
-12557
-15286
-12822
-17566
-15069
-6544
-11691
-15676
-14716
-17644
-11033
-7571
-12993
-5911
-4652
-13701
-6242
-795
-6134
-381
2729
-1104
2218
1076
-402
6145
4787
3557
8953
5039
3840
7324
4116
6691
11169
7479
7121
9180
4055
5817
8932
6284
8002
5272
3203
3169
1728
919
1392
1098
-1204
-2
-4297
-4643
-1873
-5639
-5536
-1253
-4755
-9590
-1112
-5905
-8266
256
-5845
-3179
143
-3610
-1171
460
1172
3381
4785
5517
6020
5238
7971
10077
9195
10977
11522
9454
11366
13618
10861
11549
10904
6399
8483
9439
5094
3512
3512
-295
-2354
-544
-5755
-9214
-9084
-9653
-3682
-11563
-19420
-11881
-18108
-18384
-6080
-11334
-17337
-16045
-19260
-12012
-6508
-12690
-6734
-5038
-14201
-8176
-575
-3958
-1714
1867
-659
1479
3061
1514
5922
6350
3562
9169
8017
4414
8610
4347
6347
12374
7184
9195
9084
3700
6722
7112
5831
8960
5286
1475
3631
1131
382
2048
328
-1758
-1612
-3924
-5750
-2534
-6732
-6556
-2789
-6885
-6271
-5346
-7489
-5703
-3282
-4634
-1599
-827
-2991
-1348
72
3098
3669
5937
6115
7041
5570
7666
15000
7752
12557
13640
8518
15335
12593
14327
13844
9448
10703
9313
9884
8077
3180
3534
2174
-2042
-613
-4139
-8581
-9329
-11176
-5560
-9596
-20288
-14322
-16034
-22262
-10162
-9272
-18280
-16754
-19198
-15793
-7761
-12398
-9102
-4535
-12638
-9680
-1063
-2738
-3087
1511
862
1648
4206
1300
5032
6061
2373
8728
9237
5383
8990
6656
5404
11384
9250
8426
11025
5460
4093
6812
5739
6851
6540
3046
1611
232
-291
302
-617
-512
-2157
-5965
-4820
-4396
-7724
-5756
-4109
-6720
-5560
-5059
-7055
-6185
-5286
-3770
-1347
-1233
-1309
-1147
-152
2341
4554
6471
6339
6242
7626
8222
10745
12425
10918
12668
13061
10912
14466
14583
11080
11150
10211
9236
9723
8175
3515
1594
342
-672
-2017
-4290
-6501
-13818
-13156
-8913
-9482
-13409
-18943
-16970
-20362
-16864
-7590
-14558
-16404
-16668
-19917
-10314
-7379
-11625
-5323
-5816
-11895
-4510
-108
-3202
1186
2537
1515
5130
1971
2619
8737
5854
5737
10570
8197
5638
8134
5347
6286
11448
7191
7760
7970
2740
4971
6173
5158
6653
5327
644
468
1602
-952
-970
-42
-1381
-3892
-5037
-4193
-5062
-6386
-4796
-3702
-5011
-5405
-5034
-5039
-4501
-2982
-1316
-538
-286
-178
485
2307
4321
6227
7534
7759
7783
8347
10038
11962
12900
12819
12453
11950
12346
12781
11733
11485
9702
8378
8623
6249
3856
1114
440
-316
-3239
-4297
-8004
-12202
-13262
-10513
-7224
-14784
-20517
-15761
-19925
-18390
-10592
-10937
-13820
-22492
-13164
-9572
-14501
-3445
-9005
-7992
-3334
-8778
-1709
1546
-3052
1122
5919
2180
4471
4326
6227
7275
3662
12085
7772
4371
10687
3753
6426
13025
5806
7500
9138
2574
6688
6163
2901
7140
4712
-2
-242
1089
-69
-1233
-1336
-2498
-2571
-5869
-5757
-3175
-7288
-5446
-3617
-6411
-3881
-4844
-6171
-2944
-2406
-1530
1522
512
-367
1946
2547
4803
7591
7267
6913
8934
9278
10186
13225
11399
11683
12926
11325
13219
13055
10939
10568
10479
9359
6588
6590
4173
240
2022
-1123
-5780
-3153
-7570
-14910
-12534
-13938
-11504
-9670
-21824
-17805
-15998
-25135
-12202
-7857
-17960
-14902
-15721
-15898
-5742
-9642
-9793
501
-7579
-8945
3020
-1003
-3788
5163
3987
3487
7886
3082
5037
8997
4704
9559
12716
4128
8219
8636
440
11066
9646
4392
11601
3351
1116
6484
3489
4762
6251
1880
-340
41
-1916
-1715
-880
-2122
-1871
-4495
-5993
-3633
-6782
-6611
-2005
-4479
-4635
-3462
-5985
-4191
-3279
-2085
1778
563
294
1406
1826
5014
6773
8577
8904
8137
9988
9605
11933
14341
11523
13207
14007
11112
13121
13798
10172
9477
9750
6988
6682
6464
261
-1835
461
-3238
-4653
-4854
-12042
-14945
-15101
-13889
-7939
-14771
-22744
-16963
-20437
-20809
-7846
-11216
-18389
-15590
-16544
-12307
-7342
-9569
-5347
-2804
-8699
-4850
1624
-1964
-231
4713
4036
4685
4368
4136
6238
5627
7017
10274
8501
6790
7136
4382
6217
10118
6941
7527
7551
1722
2615
5785
3351
3956
6640
194
-3164
2143
-1403
-4696
3127
-326
-6719
-644
-4995
-7322
-1962
-6321
-3485
-1410
-5985
-3649
-4270
-4384
-1762
-73
2060
935
397
885
2942
4587
6981
9567
6905
8416
9892
8943
12655
13014
10943
12648
12219
10601
12816
11846
9389
9584
7563
6460
6625
2552
-833
-186
-2299
-4273
-3831
-9246
-14261
-13727
-13631
-9360
-9655
-20214
-19507
-16805
-21765
-12456
-6662
-16832
-17056
-14624
-14983
-7847
-7684
-8467
-1586
-5633
-8344
661
327
-1970
4849
5641
4133
6656
3846
4182
8325
7171
8653
11380
7286
4701
6661
5456
8619
10027
6633
8016
3836
1924
4970
4901
4931
4803
2944
-894
-241
-894
-2757
-359
90
-2538
-3596
-3843
-5883
-6232
-6047
-2808
-3532
-3884
-3651
-6952
-2435
-4536
-2773
3679
-52
-2075
3019
3363
-1277
8745
7684
4772
12615
6163
8108
13483
11399
12171
13922
13401
10304
12617
14369
10105
10113
11739
7071
7322
7255
169
803
947
-4095
-3126
-4946
-11928
-13482
-15060
-15412
-8869
-10992
-20681
-20417
-19146
-20869
-12653
-7621
-15079
-17947
-16189
-15151
-9389
-6814
-7427
-3158
-4145
-7616
-2070
788
-667
4372
6828
4663
5127
4024
4064
7063
7889
9380
11503
7587
4184
6321
5157
7264
11490
7119
6405
5931
626
3817
6218
4035
5723
3264
-856
862
-371
-2473
1327
908
-2626
-2706
-3631
-4433
-5100
-4423
-1791
-3150
-5061
-4233
-4216
-4561
-3758
-1054
561
-47
983
957
834
3626
4533
6667
8406
6866
8726
7599
8786
13022
9242
12965
13533
7096
14954
11937
5083
14703
9306
3875
12037
4854
-339
4103
-1094
-1972
-105
-6670
-9626
-11370
-15335
-12860
-6733
-9610
-20094
-19189
-16668
-21083
-11031
-5596
-16035
-16601
-15233
-14573
-7699
-7643
-7664
-1926
-5346
-8595
25
1053
-2877
4275
6883
2690
4365
3346
3630
8052
5618
7886
10599
4277
4205
5833
3729
7461
9751
6319
6434
4709
588
3442
5199
4465
5722
2806
176
482
-2045
-1271
2283
327
-2006
-2755
-4471
-4544
-4800
-4238
-1366
-3221
-6246
-3494
-3612
-5957
-1982
-109
-1905
564
775
-1043
1487
2267
3610
7563
7006
7231
8520
6843
10041
12812
10998
13010
12549
9804
12882
12900
9842
11254
9627
7638
9948
6099
1270
1660
46
-1169
-1190
-5322
-7650
-11108
-17597
-13872
-8228
-9190
-17074
-21197
-16998
-22156
-17134
-3834
-11350
-19890
-15497
-14177
-12477
-5882
-6434
-3675
-1764
-8688
-4292
2628
-510
1605
7974
4504
2710
5103
2326
4910
7452
5661
9554
8217
2466
4833
3931
4157
10471
7498
5558
7099
1800
1086
5200
5326
5687
4722
891
446
-1038
-930
2516
354
-1283
-1364
-3946
-3601
-3733
-5463
-2148
-2297
-5875
-2632
-3644
-6363
-2542
-2346
-1250
1802
128
-163
915
1129
3696
6982
6987
6498
7406
6507
9023
12535
10681
11499
12334
10252
12280
13177
10807
10444
9520
7831
8860
7466
3484
2071
-47
-1121
-1531
-3663
-5622
-10739
-14752
-14741
-12779
-8122
-11589
-20244
-19294
-20017
-19909
-8499
-7132
-14941
-15736
-15660
-13242
-8076
-7241
-4664
-898
-6181
-8414
286
-89
-2265
5300
5112
2663
3938
2150
3421
5973
5244
7103
9279
4823
3002
5176
4085
6243
8797
6282
5531
4479
1156
3481
6521
4863
5258
4292
-598
-1115
877
119
635
1545
-1194
-3471
-3028
-3439
-4225
-2272
-1110
-3905
-4600
-2785
-4217
-4124
-1410
-1411
147
1767
-356
776
2657
2191
5708
8383
7112
7407
6882
7406
11501
11297
10272
12985
11007
9309
12671
11458
9354
9865
7963
7928
7471
3500
1593
-157
-1584
-1754
-3522
-4722
-8121
-13556
-15610
-14391
-8927
-8745
-17640
-19396
-19165
-21958
-12825
-5638
-12914
-16597
-15359
-14190
-8883
-7099
-6357
-760
-3627
-8372
-1217
1177
-1784
4394
6663
2681
4244
3382
2174
7053
6688
5599
9608
6743
2927
4781
3399
5197
9991
6151
5264
7894
701
-43
8308
6105
3710
6336
1778
-713
1100
-376
1200
2807
-308
-2022
-2765
-4095
-4806
-3804
-1239
-2671
-5769
-4382
-3557
-5082
-4676
-2683
-885
82
550
253
-409
985
3841
6588
8196
7359
6373
6742
8731
11633
12016
12095
11958
9866
11349
13018
10204
9922
10049
8401
9845
8022
3675
2343
473
-1225
-685
-1609
-5474
-8390
-12482
-15254
-13859
-10241
-7055
-15672
-21718
-18436
-21207
-13610
-4613
-12520
-15963
-15446
-15720
-9245
-6183
-7702
-3001
-2338
-9476
-4350
938
-3397
2252
6024
978
2840
3160
814
5092
5069
4211
8783
6266
2928
4063
2100
5217
9449
6534
7433
7262
910
3037
7066
4869
8035
6350
1488
2223
455
1668
1569
148
1755
-1255
-5970
-979
-2492
-9159
636
-4070
-8164
-421
-7344
-4921
-2684
-6190
-805
959
-297
-614
-543
688
2163
5162
7709
6140
6161
6216
6405
11749
11986
10823
12661
10052
11257
13186
10530
11003
9949
8895
10538
8463
4552
3005
3002
351
-1334
313
-3593
-8003
-7171
-12479
-17576
-11077
-5693
-10306
-17317
-18924
-18939
-18158
-9743
-6178
-13073
-15401
-15686
-13863
-6889
-7281
-6309
186
-5652
-10364
-1805
549
-1189
3289
3675
707
2126
1604
1616
5124
2753
5422
9895
2598
2703
5799
1875
6682
10430
5843
7381
7073
1484
4056
8312
7838
7045
5592
2072
912
2978
2357
2060
1818
-870
-1871
-2595
-2595
-3724
-5349
-3472
-3749
-4449
-4791
-5598
-6385
-7171
-2113
-1655
-3181
2086
-2733
-6382
4328
3627
395
9182
5061
1940
8318
7164
9961
11731
9310
10928
10390
11134
12500
10719
11567
10621
8906
11460
8529
5051
6380
2517
-194
2389
25
-3809
-3778
-7295
-11659
-12038
-12910
-9706
-5605
-14444
-20733
-15490
-19796
-17976
-4315
-9548
-16720
-14017
-16288
-11714
-6464
-8378
-3948
-3075
-10365
-8271
-1618
-2847
-1382
2120
-101
-151
1155
1018
2392
3848
4141
6814
7423
3468
4104
4358
5634
10902
9518
8256
8939
4603
4483
8245
8250
8914
7952
3822
2058
2321
2388
1845
2270
637
-2269
-3270
-3875
-4302
-6087
-4769
-2700
-5919
-6295
-5310
-7893
-6507
-4053
-4374
-1803
-2150
-4230
-1770
-1156
62
4004
4848
4287
4902
4360
5427
9410
10821
8971
11221
12469
7297
13974
15798
7110
14630
14325
7687
13217
10750
5301
8256
5823
795
2985
960
-1473
-1221
-5946
-8809
-10499
-13462
-11581
-6535
-9621
-17473
-17504
-17535
-19444
-11868
-7222
-14267
-16946
-16111
-16312
-10659
-8737
-10607
-5804
-7749
-13072
-5189
-2614
-7560
-1566
1524
-1713
998
370
-553
4428
3863
4669
10054
6626
4159
7736
6778
9213
13683
11246
11312
10750
6480
9290
11577
9866
11337
8928
5040
5870
4120
2458
4259
3183
987
23
-1668
-2732
-4057
-5284
-3938
-4275
-6459
-5445
-5752
-8904
-8235
-6014
-5045
-3809
-5159
-6064
-4091
-4445
-3092
912
632
858
2610
1727
4332
7566
6236
8417
11226
8985
10185
13130
11503
11191
12616
13204
14532
12859
11132
10541
7749
9109
8702
5111
5654
554
-2843
2660
-3504
-7876
-3576
-14207
-15666
-5766
-9056
-14629
-17112
-18395
-20657
-15929
-8509
-13259
-18122
-17586
-17542
-14654
-11010
-13231
-10219
-6738
-13872
-11190
-3771
-7488
-5545
661
-1807
-650
2246
-444
2882
5662
5116
11015
11225
6395
9385
10318
10164
15651
15433
12905
14321
11600
9625
12484
12500
12300
12707
8500
5462
5592
4055
3984
4945
2575
-88
-1876
-3974
-5326
-6611
-6104
-5056
-7677
-8862
-8967
-12358
-11834
-9269
-9217
-6852
-7593
-10141
-8019
-8507
-6993
-1310
-2221
-2246
398
-1351
1480
6161
5679
7813
9705
8394
11068
14056
13423
14835
16114
14650
16929
18471
13967
14154
16541
12074
13185
14956
7943
6785
7133
2712
2251
2771
-1227
-5284
-8310
-10706
-14276
-11636
-4896
-17380
-20823
-16984
-26373
-18857
-12465
-17405
-19111
-19196
-21852
-19399
-12169
-16293
-12730
-7574
-13362
-12937
-6533
-5031
-5671
288
1210
443
3539
2697
3592
7641
8678
10760
14596
10371
9032
13082
11895
15032
17667
14171
14535
13761
11014
13060
14824
12913
11639
10861
7507
5927
5885
3799
3235
3460
901
-2505
-3796
-4874
-6714
-6734
-6178
-7936
-10279
-10931
-11308
-12129
-12269
-11551
-10932
-10963
-11228
-11266
-10857
-9474
-7166
-5231
-4158
-3750
-3101
-963
1528
3463
4949
6339
8416
10321
12154
13855
13469
14169
16526
16580
17842
18073
15664
16757
16420
14011
14882
13630
9732
9395
7201
2697
2686
818
-1711
-2395
-7191
-11114
-12440
-15205
-16457
-13856
-13734
-20924
-23576
-19840
-23406
-21379
-11513
-18404
-23785
-16196
-19722
-16647
-7094
-13836
-10708
-4253
-12646
-6917
2125
-4065
4
6267
1182
4467
7733
6032
10684
11229
10201
14582
13674
11927
14710
13377
15014
17846
14188
14992
14744
11045
12972
13517
11723
11029
9550
7665
5772
4605
3306
2426
1598
-178
-2212
-4696
-5901
-7328
-8916
-8866
-9394
-10975
-11958
-12894
-14038
-13949
-13373
-12096
-12161
-12204
-11140
-12199
-10519
-7698
-6156
-4023
-4000
-2634
-1447
-100
5078
6125
6183
9413
9191
10015
14131
14730
14638
16647
16038
16536
17895
15850
16044
16121
13724
13501
12855
10472
8514
6629
4677
2594
835
-1391
-3961
-5039
-7566
-10126
-10630
-13821
-16744
-16746
-15003
-13443
-18555
-21654
-19030
-21103
-17760
-11684
-15591
-17320
-17063
-15992
-11008
-11764
-8600
-4360
-8572
-4600
-3044
-5007
3823
2387
1155
10510
5752
4319
12826
9480
9583
15787
14927
13811
14011
14571
13232
14617
17913
14023
14545
14932
9102
10748
12721
9693
9914
8905
4687
4123
3279
1042
1993
175
-2525
-3127
-6023
-6871
-8026
-10334
-8570
-9297
-11397
-11063
-12950
-13979
-12847
-12429
-10876
-10953
-12249
-11677
-11401
-10206
-7837
-5640
-5853
-5229
-2825
-3591
-539
3077
1889
4655
6628
5309
8568
10747
9881
12011
12452
12468
15146
14516
13311
14528
13859
13107
13943
12528
10954
10397
8573
7182
6711
5251
2519
916
-1010
-2938
-3855
-5772
-6702
-8677
-11133
-12134
-13644
-15432
-16226
-13137
-13215
-18886
-17910
-16656
-20146
-13907
-9131
-14344
-14234
-13367
-12368
-7549
-7342
-5580
-1221
-4028
-4686
1533
2023
2475
7071
7011
7648
8680
7871
11641
12860
10926
15194
15826
12041
14864
14440
11984
16147
15305
12701
14528
11304
9166
10314
8693
9227
8518
5698
4065
2090
1192
524
476
-280
-2501
-5085
-7071
-6912
-8933
-9430
-7886
-10759
-11747
-11881
-13895
-12789
-13025
-13759
-11422
-11790
-13440
-12022
-11602
-12576
-9958
-7791
-8679
-6574
-5185
-6837
-4079
-790
-796
1962
3710
2607
5197
7094
7437
9584
10195
10831
12121
12791
12929
13064
14161
14213
14514
15153
14157
13604
12723
11490
11872
11194
9169
8036
6382
4092
2833
2101
173
-2323
-3982
-5716
-7364
-8881
-10505
-11215
-13086
-15726
-16039
-14328
-13569
-16804
-18024
-16192
-18074
-15880
-10883
-12883
-13285
-12529
-13052
-7787
-6765
-7670
-1225
-2221
-4486
1839
2079
2652
7044
5795
8028
11211
8960
11258
14425
11618
13713
17687
14802
15283
16134
12847
14950
16799
13983
14454
14348
10368
9732
10080
8407
8229
6829
3345
1576
697
-1162
-2573
-3163
-4795
-7191
-8292
-9083
-11318
-12912
-12436
-12793
-14293
-14691
-14868
-16076
-16956
-15902
-14642
-14524
-14523
-14117
-14101
-13108
-11252
-10016
-8109
-7517
-6646
-5593
-3973
-652
-503
1701
4058
3570
6498
9123
9439
10670
12126
12895
15486
16539
15396
16933
17032
16053
17500
17656
16531
16178
14699
13496
13406
12000
11222
10217
7030
5569
5171
2667
901
-275
-3085
-4619
-5280
-7824
-10075
-11338
-12283
-12791
-14323
-15040
-15517
-18051
-18523
-17327
-16220
-14289
-16143
-17561
-15190
-16149
-13511
-8090
-8549
-8298
-7846
-6389
-1761
-1099
634
6125
4580
3987
8390
7397
10494
13473
11048
14162
14544
12610
14855
14918
13715
14688
15302
13916
13060
12199
10290
10364
10305
8714
8347
6574
4008
2509
959
830
-168
-1994
-3018
-5813
-8192
-8530
-8965
-9940
-10763
-11717
-13524
-14088
-14046
-14777
-13925
-13267
-13530
-13151
-12824
-11771
-11382
-10664
-7960
-6606
-5840
-4967
-4453
-3265
-1587
846
2284
2926
3680
3836
5045
7080
8115
9101
9860
9228
9679
10758
10588
11149
11765
10718
10640
11059
9495
9338
9364
8391
8263
7134
6256
5177
3652
3152
3094
1961
449
320
-1405
-2867
-2065
-2554
-3514
-3345
-4240
-5457
-5091
-4808
-4479
-4753
-5287
-5833
-6075
-5219
-5832
-5796
-5213
-5596
-5895
-5863
-5478
-6419
-6853
-4743
-2906
-4345
-4851
-4171
-5053
-3522
-791
639
-285
-1575
-290
1048
1370
2385
4516
4265
2607
3217
4407
4252
3812
4828
5437
3892
2805
3481
3035
2021
2668
2840
1735
1115
547
-452
314
525
-336
672
-155
-1687
-1203
-1083
-689
-508
-376
-558
-1904
-1453
-833
-1303
-513
21
-730
-981
-621
-994
-872
-252
-319
-229
-451
-661
-545
-944
-688
175
-248
-737
-397
-1051
-1240
137
125
-711
-161
-332
-998
207
1128
645
591
764
962
1617
1992
2254
2615
2454
2651
3409
3455
3333
3496
3521
3848
3799
3451
3675
3184
2745
3164
2846
2802
2411
1101
1463
1016
-536
276
-188
-2190
-2015
-2101
-3128
-3607
-4369
-5349
-5494
-4753
-5450
-6572
-6313
-7671
-7682
-5394
-6503
-6806
-5698
-7470
-6427
-4442
-5357
-4114
-3341
-4171
-2826
-2065
-1558
-82
140
497
1327
1713
2470
3105
3753
4426
4442
4956
5805
5739
5761
6218
6483
6908
7076
7127
7223
6339
6191
6931
6487
6484
6077
4713
5038
4236
2954
4083
2889
1005
1642
328
-1029
-542
-1737
-2555
-2600
-4012
-4263
-4177
-5515
-5583
-5318
-6162
-6027
-5985
-6569
-6267
-6162
-5727
-4843
-5135
-5068
-4622
-4828
-3654
-2406
-2822
-2491
-1747
-1655
-1098
140
696
591
1127
1920
2456
2515
3331
3782
3481
4091
4261
4669
4645
4477
4785
4369
4536
4363
3932
3768
3271
2900
2566
2307
1495
539
337
-110
-857
-1051
-1616
-2725
-2761
-3176
-3907
-3305
-4094
-4901
-3889
-3922
-4921
-4418
-3802
-4795
-3589
-2635
-3686
-2710
-2410
-2677
-1268
-609
-806
-129
324
548
1242
1720
2145
2306
2861
3079
3303
4128
3600
3956
4690
3972
4544
4814
4098
4611
4502
3902
4259
3866
3070
3289
3073
2294
2268
1880
865
431
316
-156
-681
-1006
-1494
-2255
-2553
-2707
-3309
-3364
-3807
-4347
-4067
-4472
-4606
-4386
-4774
-4896
-4514
-4286
-4185
-3688
-3694
-3562
-2795
-2703
-2178
-1437
-1278
-628
-224
2
446
750
1487
1940
1922
2273
2404
2238
2652
3249
3083
2595
2772
2621
2200
2665
2592
2244
1955
1374
1458
1347
1079
917
509
315
-106
-401
-120
-624
-1230
-901
-1111
-1312
-1321
-1636
-1707
-1829
-1480
-1323
-1444
-1248
-1532
-1233
-671
-930
-648
-178
-340
-54
476
368
360
989
1081
1040
1612
1393
1433
1880
1655
2100
2182
1826
2138
2007
2002
2146
1841
1886
1675
1321
1675
1582
1034
870
680
485
424
70
-298
-529
-1066
-1032
-824
-1414
-1740
-2104
-2300
-2003
-2194
-2034
-2088
-2764
-2656
-2422
-2240
-1939
-1898
-1945
-2011
-1903
-1665
-1157
-995
-1206
-746
-523
-846
-573
-273
-404
-93
249
252
336
214
32
295
788
828
676
825
645
220
741
1303
929
862
727
541
718
588
735
961
647
358
694
518
60
667
537
251
732
210
32
514
54
68
583
301
177
279
317
370
181
277
588
182
288
905
91
464
904
-126
718
952
310
827
773
476
832
842
666
1039
843
666
791
795
759
384
555
444
1
53
-92
-227
-422
-748
-788
-940
-1251
-1338
-1328
-1334
-1631
-1785
-1474
-1650
-1929
-1556
-1300
-1509
-1463
-1134
-1208
-1306
-1088
-897
-590
-623
-932
-534
-563
-910
-240
-126
-437
-354
-572
-357
-130
-363
1
196
-322
-168
204
23
275
438
358
757
630
452
1007
841
612
1321
1287
866
1225
1141
906
1320
1408
1279
1340
1159
1003
1218
1213
1109
1118
826
770
765
655
758
480
301
275
39
58
15
-67
-259
-538
-421
-569
-603
-397
-579
-614
-820
-800
-525
-772
-372
-334
-958
-500
-594
-750
39
-339
-619
-116
-554
-629
70
-65
-284
-115
-273
-236
-123
3
312
149
44
344
324
233
528
654
511
652
679
425
474
468
344
488
319
15
-102
-431
-451
-409
-682
-646
-955
-1431
-1260
-1409
-1552
-1312
-1592
-1668
-1531
-1771
-1523
-1354
-1590
-1242
-1090
-1264
-822
-685
-862
-453
-261
-196
253
268
295
688
658
894
1442
1316
1349
1742
1749
1914
2261
2239
2235
2426
2502
2582
2628
2516
2326
2246
2335
2280
2088
1759
1450
1067
853
855
444
194
-264
-813
-749
-1109
-1484
-1397
-1855
-2360
-2153
-2379
-2683
-2488
-2824
-2928
-2672
-2853
-2821
-2615
-2712
-2641
-2280
-1988
-1956
-1755
-1346
-1334
-788
-323
-360
348
429
455
1346
1447
1480
2155
2222
2175
2649
2650
2645
2839
2713
2758
2632
2349
2331
2117
1906
1913
1580
1240
1069
585
415
408
-133
-310
-308
-985
-1206
-1026
-1528
-1746
-1592
-1907
-2057
-2103
-2260
-2047
-2176
-2388
-1945
-2004
-2267
-1799
-1628
-1632
-1313
-1247
-989
-607
-649
-231
323
172
435
1076
1060
1183
1711
1811
1906
2204
2242
2367
2475
2408
2546
2569
2325
2318
2208
1915
1976
1709
1400
1309
888
559
323
145
-242
-630
-776
-1138
-1443
-1663
-1872
-2090
-2337
-2550
-2591
-2764
-3100
-2976
-2892
-3012
-2848
-2617
-2655
-2499
-2218
-2044
-1610
-1341
-1030
-784
-604
-206
-4
417
748
992
1277
1248
1658
1946
1828
2347
2487
2207
2565
2457
2350
2647
2323
2379
2464
1990
2061
1968
1609
1663
1388
1231
1189
634
487
368
-4
-8
-147
-432
-679
-1000
-1163
-1089
-1228
-1324
-1216
-1569
-1782
-1569
-1554
-1440
-1171
-1270
-1310
-1109
-1154
-885
-507
-482
-267
-160
-153
110
272
422
704
810
734
863
1023
920
1063
1250
1148
1161
1089
913
901
733
603
779
619
222
120
-176
-500
-455
-547
-708
-929
-1443
-1655
-1563
-1787
-1874
-1727
-2077
-2335
-2232
-2230
-2083
-2061
-2037
-1774
-1827
-1728
-1333
-1236
-1081
-733
-481
-253
-5
137
297
610
830
1134
1457
1402
1528
1837
1874
2088
2445
2390
2218
2474
2474
2221
2521
2405
2122
2316
1863
1739
1939
1244
1274
1478
733
625
620
1
-96
-91
-482
-506
-825
-1223
-1081
-1374
-1465
-1351
-1577
-1612
-1621
-1651
-1569
-1446
-1472
-1362
-1199
-1167
-970
-903
-840
-463
-342
-352
116
170
47
440
566
756
850
774
1066
954
878
1251
1250
1060
1096
1101
879
866
843
590
594
324
50
134
-190
-449
-463
-761
-893
-973
-1298
-1358
-1463
-1694
-1647
-1758
-1943
-1969
-2055
-2052
-1995
-2010
-1986
-1923
-1813
-1726
-1607
-1376
-1219
-1058
-811
-548
-316
-198
169
556
586
984
1407
1328
1702
2113
2005
2359
2682
2494
2681
2890
2717
2761
2836
2672
2627
2519
2309
2164
1938
1724
1536
1362
1045
733
519
307
45
-223
-248
-650
-985
-887
-1180
-1377
-1378
-1527
-1692
-1757
-1684
-1786
-1865
-1689
-1806
-1818
-1433
-1601
-1574
-1120
-1278
-1090
-608
-760
-589
-217
-343
-49
356
193
461
779
545
872
1178
887
1192
1296
961
1306
1245
960
1247
1013
815
965
653
491
452
187
89
-55
-319
-478
-687
-938
-1062
-1204
-1448
-1581
-1742
-1900
-1901
-2045
-2096
-2004
-2144
-2119
-1904
-1938
-1853
-1576
-1527
-1399
-1074
-891
-690
-357
-105
101
420
688
867
1165
1435
1573
1840
2062
2112
2292
2403
2455
2546
2548
2577
2481
2412
2415
2254
2170
2054
1823
1691
1517
1299
1107
915
723
400
262
163
-301
-340
-355
-915
-827
-839
-1389
-1186
-1226
-1648
-1394
-1455
-1737
-1497
-1560
-1698
-1478
-1530
-1502
-1337
-1373
-1215
-1124
-1114
-872
-820
-775
-489
-474
-439
-155
-167
-93
181
123
258
483
356
492
683
592
713
832
704
739
755
648
735
643
483
563
320
197
341
60
-15
41
-266
-247
-222
-459
-361
-413
-663
-506
-539
-733
-538
-581
-704
-441
-451
-526
-277
-323
-373
-49
-79
-104
181
32
60
374
268
391
596
416
545
693
562
722
785
661
801
827
734
837
837
735
823
789
672
741
670
566
624
528
419
450
333
216
240
101
12
27
-131
-171
-202
-354
-339
-435
-539
-473
-631
-694
-574
-784
-812
-650
-874
-848
-694
-896
-832
-719
-866
-802
-701
-788
-749
-639
-674
-655
-519
-515
-534
-391
-398
-413
-245
-269
-265
-76
-105
-79
125
78
130
315
241
346
496
417
557
645
563
713
742
674
829
808
777
909
838
824
903
789
766
791
650
640
623
475
487
424
277
301
217
81
100
6
-109
-86
-175
-255
-226
-342
-390
-335
-459
-460
-392
-533
-509
-426
-540
-471
-408
-511
-405
-362
-410
-277
-270
-288
-166
-148
-117
-21
12
42
95
148
180
204
258
263
262
312
301
310
334
295
305
280
234
244
171
124
122
22
-18
-26
-157
-204
-227
-369
-412
-433
-550
-583
-582
-669
-687
-662
-730
-722
-679
-716
-684
-620
-617
-567
-486
-451
-377
-281
-218
-125
-33
43
143
224
305
389
442
536
610
650
754
786
795
884
868
877
952
891
890
915
829
825
804
714
678
629
550
514
477
386
340
297
178
139
85
-46
-78
-139
-239
-247
-321
-386
-393
-461
-487
-480
-514
-516
-520
-517
-514
-522
-481
-491
-483
-425
-433
-384
-323
-328
-260
-217
-231
-155
-133
-151
-62
-53
-64
7
-4
-17
31
5
-18
14
-43
-61
-41
-110
-118
-108
-180
-192
-183
-263
-272
-267
-347
-344
-328
-405
-373
-322
-419
-320
-266
-361
-195
-178
-217
-56
-44
-37
121
156
166
331
335
351
502
473
507
622
583
619
720
664
694
768
673
691
724
607
626
626
501
529
488
361
391
298
183
203
74
-7
-1
-147
-181
-193
-326
-311
-341
-444
-407
-457
-509
-467
-504
-511
-468
-485
-460
-410
-394
-350
-294
-253
-205
-147
-83
-37
35
108
144
222
282
296
364
395
378
431
432
393
436
403
340
372
296
222
229
112
28
20
-112
-185
-201
-335
-389
-407
-527
-563
-585
-692
-701
-710
-792
-770
-771
-821
-764
-749
-756
-681
-658
-627
-533
-493
-416
-317
-274
-166
-85
-31
87
149
207
322
375
435
538
571
625
716
747
804
874
884
916
964
964
982
997
950
922
893
825
789
737
639
566
484
381
321
244
146
77
-10
-101
-161
-239
-314
-365
-423
-466
-491
-521
-544
-557
-561
-559
-542
-518
-514
-487
-457
-444
-382
-335
-313
-236
-210
-181
-94
-78
-34
39
28
77
123
103
155
166
134
171
143
109
126
70
46
49
-11
-34
-60
-134
-157
-187
-245
-252
-290
-337
-338
-374
-397
-389
-415
-415
-395
-399
-373
-339
-328
-290
-251
-231
-183
-137
-107
-44
7
49
121
163
205
271
303
354
419
441
491
527
529
576
584
595
626
612
614
612
584
568
545
498
473
438
379
356
290
233
194
112
65
13
-60
-98
-148
-209
-239
-288
-332
-361
-400
-425
-447
-464
-471
-484
-480
-476
-477
-454
-441
-425
-388
-369
-339
-295
-272
-231
-187
-157
-114
-73
-44
-10
25
47
66
97
112
125
158
164
172
200
188
191
202
174
175
174
141
149
138
111
120
96
73
72
43
32
28
6
6
1
-14
-13
-25
-31
-32
-41
-36
-40
-45
-33
-37
-28
-11
-10
10
23
22
41
43
45
69
70
81
105
103
116
129
124
134
136
131
133
129
124
117
108
101
84
70
60
31
21
4
-25
-29
-48
-70
-67
-86
-104
-101
-123
-139
-136
-156
-165
-153
-170
-169
-154
-173
-167
-154
-172
-156
-140
-152
-124
-115
-125
-95
-97
-101
-69
-76
-69
-41
-50
-37
-16
-26
-9
3
-2
17
28
24
42
48
45
60
60
60
73
71
70
80
76
80
88
88
97
105
110
117
120
126
127
128
129
127
128
127
124
125
120
122
119
112
116
106
100
106
90
90
94
71
79
73
48
57
46
21
34
15
-8
3
-23
-43
-38
-65
-82
-77
-104
-116
-110
-136
-143
-139
-160
-162
-156
-171
-170
-163
-172
-171
-161
-164
-166
-153
-151
-151
-130
-126
-123
-98
-97
-91
-68
-68
-59
-35
-35
-22
-1
-3
10
24
20
33
44
41
54
62
60
71
74
71
79
76
79
84
81
87
87
82
83
76
73
75
69
69
70
63
61
57
47
46
44
36
40
38
34
37
34
29
31
27
24
27
28
32
37
41
47
50
53
55
55
56
60
61
67
71
71
73
72
66
63
57
49
46
38
29
24
16
5
0
-10
-19
-25
-36
-47
-55
-63
-73
-82
-90
-99
-108
-114
-122
-130
-133
-137
-142
-143
-146
-153
-156
-160
-166
-166
-167
-167
-160
-157
-151
-140
-133
-128
-115
-107
-99
-81
-68
-55
-32
-15
-3
20
33
40
58
64
72
90
93
103
120
123
132
143
142
147
154
150
156
160
156
158
155
144
141
134
124
122
113
107
106
96
89
84
72
66
61
51
47
41
33
29
24
14
14
7
2
4
-3
-6
-3
-12
-15
-15
-22
-24
-22
-30
-32
-31
-38
-39
-37
-42
-41
-39
-47
-47
-49
-59
-59
-61
-70
-68
-70
-78
-76
-81
-89
-87
-94
-100
-96
-102
-105
-98
-104
-104
-97
-102
-98
-89
-92
-80
-69
-69
-56
-49
-52
-42
-40
-42
-30
-26
-24
-7
-2
4
20
22
28
42
41
48
59
56
63
71
66
72
76
71
78
83
78
86
88
84
89
84
79
80
73
69
69
63
64
65
61
65
64
64
67
66
66
68
64
64
64
58
60
59
55
58
53
48
47
38
30
28
17
12
11
2
0
-1
-12
-15
-22
-33
-35
-41
-50
-49
-55
-62
-61
-72
-82
-84
-97
-104
-105
-114
-115
-114
-121
-119
-119
-126
-122
-120
-123
-116
-114
-115
-104
-100
-95
-80
-72
-64
-49
-46
-37
-23
-19
-8
4
8
20
31
34
45
54
56
68
73
74
85
87
86
93
91
89
93
88
86
86
79
76
72
66
62
59
53
50
47
39
34
28
19
16
11
5
5
3
0
2
0
0
5
2
2
5
-1
0
2
-3
0
3
-1
3
6
3
9
10
10
14
14
11
13
10
7
9
5
4
6
3
3
5
0
-2
-5
-14
-20
-26
-36
-39
-41
-47
-47
-48
-53
-54
-58
-65
-66
-70
-72
-69
-70
-71
-67
-66
-65
-59
-56
-53
-45
-40
-36
-28
-25
-17
-10
-4
4
12
16
25
30
31
39
40
41
46
47
47
51
49
48
52
49
49
54
50
52
54
49
48
47
41
40
39
36
36
35
33
31
30
27
22
19
15
10
9
7
4
4
3
2
1
-1
-3
-6
-7
-11
-12
-14
-15
-14
-15
-16
-17
-18
-19
-19
-22
-22
-22
-22
-22
-23
-22
-23
-23
-24
-22
-21
-18
-15
-13
-15
-17
-17
-18
-16
-12
-10
-9
-8
-7
-8
-9
-11
-12
-12
-12
-12
-11
-11
-10
-9
-8
-7
-5
-4
-3
-4
-6
-7
-7
-7
-6
-6
-4
-3
-3
-2
-2
-3
-2
-2
-1
-1
-2
0
1
2
4
6
9
11
13
14
15
15
16
18
20
23
28
31
34
35
36
36
37
37
38
41
41
42
43
41
39
35
31
26
21
16
11
7
2
-2
-7
-12
-16
-20
-23
-26
-27
-30
-30
-32
-34
-36
-39
-40
-41
-41
-40
-39
-38
-37
-36
-35
-35
-35
-34
-32
-31
-29
-27
-23
-21
-18
-14
-8
-4
0
4
8
10
15
17
18
20
22
24
26
28
29
31
31
31
31
30
27
24
19
15
11
6
4
1
-1
-4
-7
-9
-12
-15
-16
-18
-19
-18
-17
-15
-14
-13
-12
-12
-11
-10
-8
-7
-4
-2
1
5
8
13
16
21
23
27
29
32
33
35
37
35
37
37
34
34
33
31
29
27
24
20
16
13
9
5
-1
-4
-10
-14
-19
-23
-26
-30
-33
-35
-38
-40
-43
-46
-48
-51
-51
-52
-51
-50
-48
-46
-43
-39
-37
-33
-28
-24
-19
-15
-11
-5
-2
2
6
9
13
15
20
22
25
27
28
30
31
32
34
36
37
38
37
36
35
31
30
26
23
21
17
15
13
10
7
2
-1
-5
-7
-9
-10
-12
-11
-11
-12
-12
-11
-12
-12
-10
-9
-6
-4
0
2
5
6
7
9
11
12
14
16
16
17
17
18
18
17
17
16
15
13
11
8
5
2
1
-3
-6
-9
-11
-14
-17
-20
-22
-26
-29
-32
-33
-34
-34
-35
-35
-33
-32
-31
-31
-31
-29
-27
-25
-24
-22
-19
-18
-15
-11
-7
-5
1
4
8
10
13
16
19
21
23
25
25
26
26
25
26
25
25
24
23
23
20
20
19
17
16
14
11
9
7
5
5
2
1
0
-2
-3
-4
-6
-6
-7
-9
-8
-7
-7
-5
-4
-3
-2
0
2
3
5
8
8
10
10
13
14
16
16
16
17
17
16
15
12
11
10
8
6
6
3
1
-2
-3
-9
-11
-15
-18
-22
-24
-26
-28
-30
-31
-33
-35
-37
-38
-39
-39
-39
-38
-37
-36
-34
-33
-31
-27
-27
-22
-18
-15
-9
-5
-1
4
8
12
16
20
25
29
33
37
40
42
44
44
47
48
50
52
54
54
52
49
47
44
40
36
33
27
20
13
7
0
-6
-11
-15
-18
-23
-29
-32
-36
-38
-41
-42
-42
-42
-41
-40
-37
-34
-32
-29
-25
-21
-18
-13
-10
-6
-2
0
3
6
9
12
17
20
21
24
26
27
28
27
29
28
30
28
28
25
22
19
14
