SAMPLES:	16767
BITSPERSAMPLE:	16
CHANNELS:	1
SAMPLERATE:	16000
NORMALIZED:	FALSE
-1
0
-1
0
0
0
0
0
0
-1
1
2
2
3
3
2
1
2
0
1
1
0
0
1
0
0
0
0
0
0
0
0
0
0
0
0
1
0
0
0
0
1
0
-1
0
1
0
0
0
0
0
0
0
-1
-1
0
0
0
0
1
-2
0
0
-2
0
-2
-1
-1
-2
0
0
-2
1
-5
2
-4
1
0
0
0
0
0
1
0
0
0
2
2
1
1
2
1
2
2
3
2
3
2
2
2
3
2
1
1
0
2
1
0
-1
0
0
-1
-1
-1
-1
-1
-1
-1
-1
-1
0
-1
0
0
0
0
0
-1
-2
-1
0
-1
0
-1
0
-1
0
-1
-2
-1
-1
-1
-1
0
0
0
0
0
0
0
0
0
0
0
0
0
0
0
0
0
0
0
0
0
0
0
0
0
0
0
0
0
-1
0
0
1
1
1
1
1
0
2
2
2
2
2
2
2
2
2
2
2
2
2
1
1
0
0
0
0
0
0
0
1
-2
-1
-1
-1
-1
-1
-1
-2
-1
-2
-1
-1
0
0
-1
0
0
0
0
0
0
0
0
0
0
-2
-2
-2
-1
0
-1
0
0
0
0
0
0
-1
-1
0
-1
0
0
0
-1
0
0
0
0
0
0
0
1
0
0
0
0
0
1
1
1
1
1
2
2
1
1
1
1
1
1
1
1
0
0
0
1
0
0
0
0
0
1
1
0
0
0
0
0
-1
0
0
0
0
0
2
1
2
1
1
1
-1
0
2
-1
1
1
-1
3
-3
3
-3
1
-1
-1
-1
-1
-1
-1
0
1
0
1
1
-1
0
0
0
0
0
0
0
0
0
0
0
1
0
0
1
0
0
0
1
0
0
0
-1
0
1
1
1
1
1
1
0
0
0
1
0
0
0
-1
-1
0
0
0
0
0
0
0
0
0
0
-1
0
1
0
0
0
0
0
0
0
-1
0
1
0
0
0
0
-1
0
-1
-1
0
0
0
0
1
0
0
0
0
0
0
0
0
1
1
0
1
-1
0
0
1
-1
0
0
0
1
-1
0
0
-2
0
-1
-2
3
-3
3
-4
1
-1
0
1
0
0
0
0
0
-1
1
0
1
0
1
2
1
1
1
1
1
2
0
1
1
1
1
1
2
1
1
0
1
1
1
0
1
0
0
1
-1
-1
0
0
0
0
0
0
0
-1
-1
-1
-1
-2
-1
-1
0
1
0
0
0
0
1
0
-2
-2
-1
-1
0
-1
0
0
0
0
0
-1
0
0
0
0
-1
0
0
0
1
1
1
0
0
0
0
0
0
0
0
-1
0
0
0
0
0
0
0
1
-1
1
0
-1
1
-1
0
1
-1
1
0
-1
3
-3
3
-3
2
-1
0
0
0
0
0
-1
0
0
0
0
0
0
0
0
0
0
0
0
0
1
0
0
0
0
0
0
0
1
0
0
0
1
1
0
0
0
0
2
2
1
1
1
0
0
0
0
1
0
0
0
1
0
0
0
0
-1
-2
-1
-1
-1
-1
0
0
0
0
0
0
-1
-1
-1
0
0
0
0
-1
0
0
0
0
0
0
0
0
0
1
0
1
0
0
0
0
0
0
1
-1
0
1
-1
0
0
0
1
-1
0
0
-1
1
-1
0
0
-1
0
0
-1
3
-3
3
-4
2
-1
0
0
0
0
-1
0
0
0
0
0
0
0
0
-2
-2
-1
-1
-1
-1
-1
1
0
0
0
0
0
-1
0
0
0
0
0
0
0
0
0
1
0
1
0
0
1
-1
1
0
0
0
-1
-1
0
0
0
-1
0
-1
0
0
0
-1
0
0
0
0
1
0
0
0
1
1
1
2
1
2
1
1
0
0
0
0
1
0
0
0
1
1
0
0
0
0
0
0
0
0
-1
1
0
0
0
0
0
-1
1
0
0
0
-2
0
-2
-1
-2
-4
-1
-2
-2
1
-5
2
-4
1
-1
0
0
-1
0
1
1
0
2
1
2
1
1
1
0
0
0
1
0
0
0
-1
0
0
0
0
0
1
-1
0
0
0
0
0
0
0
0
0
1
0
0
0
0
0
0
-1
0
0
-1
0
0
-1
0
0
0
0
0
0
0
0
2
1
1
0
2
1
0
-1
-1
0
0
0
1
-1
0
-1
-1
-2
0
-1
-1
-1
1
-1
0
0
0
0
0
0
0
0
0
0
1
0
1
1
1
0
0
-1
0
-1
0
0
1
0
0
0
0
0
1
0
-2
2
-4
2
-4
1
-2
-1
0
0
0
0
-1
0
0
0
0
0
0
1
-1
0
0
0
-1
0
0
-1
-1
0
0
0
0
0
1
1
-1
0
-1
0
0
0
0
0
0
0
0
1
0
0
0
-1
-2
0
-1
-1
0
-1
-1
-1
0
0
1
1
0
0
1
1
1
0
1
-1
1
0
1
0
0
1
0
0
1
0
0
0
1
-1
-1
1
0
0
0
-1
0
0
1
0
0
0
0
0
0
-1
0
0
0
-1
0
0
2
0
-1
0
0
1
-1
0
1
-1
1
0
-2
4
-3
4
-2
2
-1
0
0
0
-1
0
0
0
0
-1
0
-1
-2
-2
-1
0
0
0
0
-1
0
-1
1
0
0
1
0
0
0
0
0
0
0
0
-1
1
1
1
2
1
2
1
1
1
2
1
2
2
3
3
2
2
2
0
0
1
1
0
-1
0
0
1
0
1
0
0
1
0
0
1
0
-1
-1
-2
-2
-3
-3
-3
-4
-4
-4
-6
-4
-5
-4
-3
-3
-2
-1
0
0
1
1
1
3
3
5
5
5
5
5
4
5
5
5
5
2
1
0
-1
-2
-3
-3
-4
-5
-6
-5
-5
-7
-8
-6
-6
-9
-6
-6
-10
-8
-7
-8
-7
-5
-3
-4
-2
-1
0
0
2
5
3
7
9
6
9
12
8
10
14
13
17
18
21
23
21
24
24
20
20
18
14
12
12
7
4
5
1
-4
-3
-6
-13
-15
-16
-22
-28
-28
-31
-41
-42
-38
-48
-54
-44
-52
-59
-44
-47
-51
-33
-31
-28
-16
-13
-5
-2
5
17
15
21
34
34
40
52
58
58
64
75
65
71
84
67
82
85
69
84
66
61
67
39
49
46
13
34
14
-18
0
-26
-48
-46
-61
-99
-97
-108
-171
-142
-174
-222
-174
-218
-239
-185
-219
-226
-155
-181
-166
-82
-108
-69
13
-15
35
111
79
142
210
179
258
311
285
367
391
364
427
419
392
421
391
361
349
313
265
226
203
133
98
91
-11
-33
-37
-163
-168
-176
-300
-291
-328
-430
-440
-479
-556
-610
-594
-637
-729
-689
-653
-755
-728
-594
-672
-630
-482
-505
-429
-333
-265
-183
-121
60
101
139
417
399
397
768
733
701
1124
1084
1116
1455
1376
1513
1558
1469
1690
1361
1249
1535
970
769
1021
424
215
418
-100
-425
-249
-540
-996
-819
-880
-1348
-1269
-1178
-1405
-1514
-1400
-1291
-1538
-1494
-1146
-1379
-1513
-1040
-1095
-1519
-949
-750
-1469
-891
-464
-1302
-843
-305
-964
-603
-167
-405
-85
52
306
575
414
1091
1360
967
1940
2376
1775
2751
3364
2711
3434
3880
3314
3598
3435
3164
3275
2435
2335
2405
1089
995
1168
-247
-493
-247
-1442
-1821
-1607
-2377
-2769
-2686
-2962
-3163
-3218
-3265
-2994
-3066
-3257
-2522
-2694
-3088
-2078
-2165
-2654
-1706
-1687
-2348
-1423
-1344
-2086
-1172
-1178
-1677
-948
-1059
-1026
-658
-705
-151
27
-60
843
1238
873
2217
2612
1962
3676
3984
3440
4586
4885
4744
5156
5259
5252
5097
4726
5201
4471
3320
4160
3203
1703
2307
1432
-144
-11
-359
-1928
-2279
-2043
-3383
-3883
-3414
-4306
-4594
-4315
-4637
-4402
-4622
-4570
-3539
-4348
-4249
-2459
-3668
-3803
-1606
-2794
-3246
-1281
-2193
-2557
-1199
-1906
-2014
-1356
-1579
-1261
-1425
-1253
-480
-859
-534
488
437
325
1729
2538
1719
3106
4460
3521
4860
6076
5111
6347
6924
6358
7307
6782
6954
7052
5757
6658
5658
3931
5002
3782
1838
2068
1301
-423
-1211
-1044
-2379
-4287
-3552
-4052
-5756
-5503
-5627
-6049
-6649
-6378
-5270
-6770
-6640
-4521
-5590
-5767
-4127
-4295
-4599
-3659
-2820
-3483
-3433
-2149
-2345
-2553
-2057
-1646
-1731
-1927
-561
-740
-1736
295
551
-462
1358
1953
1171
2517
3901
3593
3954
5239
5943
5787
6545
7644
7146
7456
8315
8324
7440
7635
8099
6889
6505
6268
5528
3730
4022
3519
686
1202
-64
-1774
-2171
-2674
-3882
-5643
-4592
-5784
-7210
-6329
-6863
-7524
-7476
-6561
-6788
-7824
-6255
-5294
-6702
-5632
-4154
-5072
-4697
-3306
-3166
-3737
-2939
-1633
-2619
-2515
-737
-1526
-1949
-314
-294
-906
197
823
437
1246
2095
2307
2655
3269
4346
4560
4952
5826
6257
6940
7010
7856
8194
7821
8711
8225
8441
8564
7192
7801
7111
5631
5873
4414
3188
3238
1533
230
-148
-1911
-2826
-3016
-4314
-5461
-6268
-6320
-7181
-7977
-7290
-8083
-8553
-7976
-7485
-7472
-8105
-6844
-5768
-6670
-5893
-4374
-5229
-4856
-2823
-3191
-3706
-2329
-2101
-2513
-1370
-1221
-1460
-917
-792
178
-87
-516
1306
1399
1162
2425
2495
3102
3812
4638
6133
5274
6484
8071
7051
9139
9591
8608
10207
10017
9909
9783
9220
9700
8215
7837
8154
5325
4227
4939
3158
978
269
-506
-2417
-4185
-3720
-4658
-7790
-7500
-6490
-9012
-10422
-8355
-8783
-11012
-9247
-8223
-9949
-9733
-7810
-7057
-8252
-7181
-5011
-6325
-5974
-3648
-3978
-4343
-3113
-2044
-2617
-2945
-1274
-1174
-1902
-436
-323
-1033
-80
531
999
1209
1706
2956
2808
3435
5199
5221
6238
7639
7380
8546
9286
9812
10931
10558
11625
11392
10425
12245
10968
9574
10569
9108
7945
7118
5604
4952
3336
2056
1422
-811
-2504
-3184
-4366
-5420
-6930
-8024
-8386
-9712
-10038
-10236
-10943
-10051
-10721
-10884
-9391
-10151
-9718
-7763
-7463
-7845
-6872
-5896
-5775
-5001
-4160
-3496
-3906
-3155
-2275
-2934
-1872
-1623
-1381
-830
-1484
-279
-3
-722
1214
1973
1043
2187
3392
3715
4363
5397
6759
7111
7208
9069
9665
8874
11208
11916
11007
11945
11170
11754
11865
10575
11226
9765
8685
8248
6250
5928
4751
2673
1927
224
-1675
-2987
-4184
-4865
-6567
-8191
-8348
-9667
-10843
-10713
-11131
-10956
-11380
-12073
-10847
-10755
-11075
-9583
-8637
-8748
-8211
-7165
-6734
-5840
-5233
-4383
-3292
-4140
-3051
-2087
-2896
-1640
-890
-1109
-954
-120
-114
-344
1298
1330
1488
2996
2888
3300
4273
5238
6072
6606
8417
8934
8254
9988
11604
10396
11112
14095
12021
10196
13029
12055
10171
10938
11134
9845
6678
6739
7763
3458
2328
4611
-110
-2624
-1414
-4178
-5942
-7253
-6403
-7961
-12026
-10322
-10098
-13515
-12314
-9098
-13213
-13784
-9799
-11431
-11869
-10019
-7762
-8678
-9318
-5982
-6313
-7058
-4609
-3540
-3726
-3266
-3195
-2250
-1738
-2160
-808
-489
-1032
-430
-1
44
290
1427
2036
2193
3084
3357
4095
5331
5932
7113
8398
9030
9273
10222
11454
11710
12483
13769
13759
12840
13215
13734
12457
12420
13118
11460
9096
8720
8660
5456
4090
5424
2062
-1577
-818
-2258
-6383
-6597
-5038
-8577
-12403
-10345
-10496
-14644
-13476
-10956
-13509
-15221
-12848
-11705
-13866
-12772
-8546
-9660
-11527
-7943
-6827
-8364
-6363
-3847
-4143
-4960
-3353
-2218
-3226
-2457
-481
-678
-1624
-492
278
-714
154
2012
1845
1472
2691
3397
3148
4867
6492
6673
7399
8750
9340
9453
11128
11827
12844
12956
12809
14445
12436
12845
14508
13295
12787
11887
11082
9442
8856
8436
6449
5171
3936
1638
-702
-1053
-2677
-5720
-5493
-5895
-10669
-12415
-10320
-12553
-15051
-12878
-12740
-16079
-16142
-13074
-13195
-14939
-12116
-9293
-11709
-11622
-7547
-7721
-8704
-5237
-3759
-5442
-4615
-2756
-2831
-2762
-1474
-494
-896
-1409
-685
-198
-80
684
1662
1897
1431
2033
3099
3825
4782
6062
7116
7328
7522
8865
10845
10538
11307
14337
13122
11867
14364
14627
13613
14187
14283
14528
12257
10102
12696
10413
6850
9001
7027
2547
2135
1487
-1339
-3151
-4070
-5956
-7769
-9626
-11318
-11917
-12988
-13945
-13881
-14594
-15346
-15222
-15157
-14015
-12671
-13370
-12602
-9850
-10563
-10881
-7226
-6215
-7754
-4999
-3006
-5876
-3553
-2086
-3291
-483
-1754
-1616
-512
-2076
-681
457
-94
-370
1397
1085
361
2454
3231
3848
4937
6000
7131
6910
7267
10444
11206
11065
12958
12043
12783
14358
13573
15187
15320
13632
14174
14110
13197
12101
11454
11596
9411
6953
6871
4980
2189
1966
501
-2751
-5024
-5707
-6451
-9765
-11173
-10743
-13372
-14776
-14046
-14574
-15336
-16194
-15312
-13474
-14706
-14683
-11729
-11221
-11938
-10137
-7764
-8120
-8137
-4940
-4246
-6002
-4088
-2228
-3385
-2900
-1096
-1348
-2581
-1861
43
-573
-1771
412
1593
-182
835
3135
2654
2931
5008
6398
6477
6473
8734
10300
9435
11373
13566
12055
12590
14856
14581
14007
14982
15466
14013
13524
14307
13029
11215
11463
10471
8125
6800
5368
3935
1540
462
-1475
-4909
-5203
-6729
-8971
-10714
-11987
-12755
-14331
-14561
-14994
-15029
-15851
-16635
-14033
-13555
-15179
-13199
-10517
-11172
-11242
-8539
-7069
-7964
-6712
-3494
-4384
-5671
-2993
-2111
-2892
-2293
-1159
-1163
-2217
-1125
95
-532
-561
914
1666
878
2110
3299
3309
4724
5857
7301
7469
7290
10226
11098
10713
13099
14029
12501
13806
15932
14342
14595
16290
14943
14006
14151
13855
12555
10793
11104
10236
6430
5380
4992
1771
288
-1079
-4072
-5938
-7316
-8225
-11001
-13404
-12830
-14400
-16060
-15721
-15254
-16278
-18158
-15708
-13411
-16002
-15114
-10442
-11287
-12851
-9164
-7233
-8180
-7071
-4073
-3359
-5546
-4063
-632
-2886
-3142
215
-847
-2217
-1273
661
-234
-1085
1655
1784
874
1860
3607
3302
4358
6223
6160
7723
7343
9158
10898
9862
12942
13785
11787
13708
15936
14174
14424
16737
15562
14010
14162
14932
13339
10779
12372
11321
6272
6839
6424
1705
1303
680
-3250
-5761
-6159
-7417
-10832
-12550
-12399
-14033
-16472
-16228
-15367
-16855
-17983
-16743
-14847
-15451
-16038
-12717
-10833
-12804
-11539
-7772
-7551
-8311
-5850
-2800
-4863
-5747
-1644
-1640
-3421
-1547
30
-1836
-2618
-72
123
-1536
-578
1766
973
-187
2370
3525
2723
4635
6692
6443
6826
8370
9861
10104
11281
13886
12531
11801
15306
15219
13433
16015
16680
14157
14412
15132
14173
12409
12230
12936
9228
6741
7856
5090
2515
2401
-322
-3627
-5094
-5553
-7322
-11071
-11917
-11266
-14983
-16268
-14271
-15155
-16801
-17675
-15368
-14383
-16154
-14899
-10874
-10794
-13677
-9384
-7022
-8741
-7299
-4491
-3271
-6358
-4149
-1507
-3950
-2626
-1268
-1473
-2391
-2680
-116
-792
-2488
721
1617
-374
1090
3359
3158
3502
5863
6903
7341
7139
8400
10417
9872
13247
13680
10694
14687
15131
12508
15673
17227
15086
13690
14706
15962
12118
10508
14619
11132
5977
8584
6719
1873
3126
2329
-2340
-4196
-4638
-6333
-9425
-10988
-10633
-13089
-15571
-14781
-15050
-16363
-16694
-16151
-14551
-14963
-15512
-13005
-11340
-11468
-11652
-8481
-6214
-9691
-6589
-2001
-6667
-5869
-1368
-3222
-3788
-1605
-1229
-2727
-2984
-915
-123
-1936
-1299
1821
256
-958
2960
3265
2012
4413
5850
6602
7344
7684
9780
10044
10438
14676
12452
10913
16804
14765
12249
16512
16791
13811
13712
14475
14614
12155
9532
14305
10322
3779
8913
5901
1239
2828
324
-3420
-5322
-5646
-6877
-10999
-11942
-10887
-15001
-16673
-14518
-15173
-16752
-17510
-15359
-14165
-16362
-14622
-10949
-10935
-11845
-10103
-6768
-7053
-8102
-3879
-2312
-6005
-3785
-621
-2968
-2873
-1241
-644
-1886
-2768
324
-82
-2495
180
2181
-21
26
3095
3342
2838
4481
6724
7379
5794
7960
11139
10136
11513
13319
12073
13003
14774
14381
14666
15752
15097
13926
13907
14114
13002
11998
12724
11034
7894
7809
6670
3897
3389
2017
-1803
-3683
-4795
-6626
-8050
-10938
-11927
-12268
-15166
-15781
-14320
-14780
-17284
-16905
-13870
-14392
-16366
-13267
-9412
-11746
-12851
-7652
-6031
-9261
-5976
-2111
-4929
-5281
-2010
-1060
-3027
-2303
-277
-981
-3069
-1294
1576
-2948
-1961
2214
-303
-174
1437
2575
2852
2894
5131
7157
6441
6068
9442
9717
9682
13564
12389
10753
14292
14242
12956
15688
16023
13743
13615
14552
14295
12079
11581
13187
9665
6462
8302
5612
2442
3537
798
-2975
-4139
-5434
-6605
-9479
-11227
-10784
-13923
-16141
-14378
-14396
-16139
-17003
-15536
-14149
-15913
-15375
-11229
-10413
-12718
-10985
-6534
-7478
-9120
-4089
-2491
-6254
-4111
-1228
-2887
-3556
-1750
-291
-2303
-3035
-78
-219
-3002
-700
2549
-322
-573
2843
2727
2793
4408
6050
7026
5954
8012
11297
9714
10476
13394
12964
12505
14277
15262
13517
14700
16121
14317
13630
13959
14016
12444
11385
11001
9051
6915
6449
5150
2591
1737
-1349
-4093
-4436
-6088
-7963
-10250
-12270
-12620
-13398
-16440
-15541
-12995
-16937
-17824
-13286
-13780
-16294
-13042
-8816
-10910
-12584
-7398
-5469
-8059
-5517
-2627
-3618
-4181
-2990
-847
-1887
-3162
-510
-317
-2384
-2558
-69
-315
-2936
110
1250
-910
-33
1893
2860
2185
3644
6613
6194
4835
8371
10723
8339
11430
13848
11158
12649
14434
14671
15012
14985
15813
14604
13499
14895
14549
11626
12099
11939
7359
7145
7027
3683
2358
794
-1812
-4474
-5412
-5873
-9314
-11181
-10734
-13229
-15500
-14502
-14058
-15498
-17018
-15752
-13020
-14841
-15766
-10774
-9320
-11970
-10413
-6265
-6264
-7962
-4542
-1511
-4722
-5075
-1017
-1542
-3553
-1942
-341
-2453
-3786
-644
-290
-3271
-2055
1150
-655
-2373
1470
2855
1165
2320
5424
6631
4090
6702
11835
8647
8784
14572
13122
10590
15049
16055
13456
15692
16256
14848
14266
13716
15287
13332
10253
12047
10065
5734
6759
5515
1725
891
-1114
-4574
-6025
-5925
-8497
-12310
-11918
-12109
-15929
-16721
-14135
-14146
-17152
-17555
-13470
-13509
-17363
-12530
-7481
-12476
-12504
-6233
-6043
-8152
-6325
-2096
-2633
-6088
-2660
13
-3162
-3166
-192
-3
-3092
-2567
1118
-984
-2919
554
1651
-665
-459
2664
3311
2125
4448
7589
5955
5773
10393
10544
10381
13397
12322
13018
14713
14091
15674
15230
14926
15608
13786
13985
15083
12478
11020
12463
8750
6218
7644
4057
1401
1544
-1368
-5367
-5890
-5312
-9198
-12608
-11534
-12204
-15732
-15842
-13870
-15099
-16957
-16954
-14080
-13519
-16065
-12523
-9558
-10673
-11467
-9065
-4282
-6975
-7348
-1012
-2374
-5654
-2047
-152
-2632
-2505
-390
-554
-2980
-2732
184
-993
-3418
-314
1375
-2237
-1135
2834
2157
953
3583
6642
4743
4605
9324
10574
9903
9920
12570
14382
11744
14983
17277
14165
15454
15820
15106
15816
14177
13968
14163
10775
9716
9589
6667
5853
4238
1270
-221
-3144
-5258
-5794
-7457
-10330
-12478
-12609
-14339
-16121
-14900
-14683
-15927
-17068
-15544
-13072
-15038
-14687
-9452
-9212
-12635
-8754
-4480
-7942
-6334
-2373
-3973
-3871
-3214
-2111
-1668
-3457
-1806
-1145
-3343
-3044
-1626
-2303
-3348
-1520
-1161
-2033
-874
-397
962
2096
1748
4785
6208
3666
7629
10551
8642
10828
11964
13418
13683
12963
16589
15840
14216
16793
15917
15233
16005
13281
14217
13493
8527
10643
9290
4306
5490
3324
-1063
-1884
-3657
-4976
-6328
-10469
-11397
-11304
-14478
-14841
-14190
-15052
-15836
-17449
-15216
-13584
-16074
-13441
-10145
-11200
-11545
-9370
-6248
-6958
-6814
-2585
-3592
-5087
-2787
-2010
-1668
-2911
-1675
-584
-3249
-2302
-1295
-1943
-2521
-1084
21
-2108
-266
965
783
2830
2806
4896
6084
5233
8519
9447
9792
12800
12124
12458
14860
14643
15153
16258
16293
15785
14596
15458
15960
13147
12649
12952
9651
7669
7779
5755
2922
1407
-568
-3514
-5602
-5672
-7435
-12288
-12220
-11285
-15688
-15868
-13998
-15176
-16634
-17523
-13838
-13000
-16275
-13025
-9219
-10410
-11755
-7737
-4395
-7746
-5894
-1531
-3262
-4038
-2459
-511
-1512
-2853
-528
-560
-2514
-2517
-572
-876
-2934
-1164
1244
-1608
-1974
3138
1325
1124
4635
4352
5787
5821
7876
9928
9385
11829
11979
12173
14940
14584
14227
16101
15611
14805
15166
15434
15281
12559
11831
12951
9559
7140
8091
5468
2146
1577
-770
-4330
-5530
-5432
-8170
-12402
-11682
-11604
-16082
-15797
-13702
-15395
-17112
-16977
-13945
-13644
-16439
-12734
-8701
-11499
-11473
-6931
-5444
-7605
-6122
-1174
-2998
-5105
-1511
-1149
-2526
-1917
-904
-1016
-2927
-2772
-265
-1207
-3438
-409
730
-2648
-657
2403
1196
1414
3609
5789
4682
4733
9443
8997
9055
12284
11369
12042
13757
14528
15038
14694
15634
15732
14419
15245
16055
12821
11733
13143
10219
7475
7673
6342
3088
1000
-539
-3339
-4755
-5400
-7773
-10878
-12090
-12018
-14160
-15034
-14209
-14441
-16209
-16924
-12954
-13302
-15634
-12035
-9505
-10292
-11306
-8256
-4977
-7796
-6705
-1604
-3987
-5297
-2359
-1828
-2089
-3033
-1130
-848
-3687
-1955
-330
-1822
-2859
-486
343
-1957
19
2087
1668
1868
3729
6295
4947
5550
9348
9993
9877
10588
13177
13321
12387
16322
16072
14120
15794
15431
15596
15464
14544
14724
12404
10080
10505
8772
5997
6009
3549
-119
-1975
-4072
-4578
-6465
-9781
-10631
-11694
-14546
-15313
-13735
-15189
-16542
-15637
-15812
-14618
-14507
-14375
-11046
-10619
-11534
-9446
-6693
-7298
-7345
-3079
-3566
-5036
-2888
-2849
-2034
-2184
-1818
-807
-3030
-2555
-936
-1375
-2249
-1179
463
-1726
-1148
1580
1356
1818
2927
4872
4816
4348
7703
10034
9272
9440
12788
12765
11586
14935
16692
14194
14408
16844
14875
14948
15254
14726
13984
10054
11147
10468
6171
6093
5401
1700
-1377
-2488
-4158
-5568
-7652
-10417
-11042
-12739
-15410
-14616
-13916
-16151
-16570
-16111
-15634
-14097
-15051
-13259
-9621
-11710
-11393
-7383
-6997
-7402
-4676
-3270
-4432
-3389
-3321
-2450
-790
-2848
-1465
-625
-3422
-2093
-552
-1469
-2074
-625
-90
-1858
-201
1676
1993
2367
2756
5570
5429
4513
8894
10350
8996
10726
12422
13277
12895
14052
16809
15156
14155
16181
16179
14454
14296
15100
12877
10302
10480
9770
6402
4672
4609
1463
-2292
-3504
-3346
-5382
-10137
-10405
-9656
-14153
-15635
-12683
-13600
-16911
-16377
-14470
-13919
-14886
-14440
-10285
-10563
-12496
-9309
-6399
-6845
-7806
-4234
-2030
-5533
-4429
-651
-2729
-3244
-592
-1806
-2920
-2074
-1886
-1018
-1355
-2445
218
106
-2067
1425
2698
1823
2477
5022
6777
3897
6268
11296
11089
8830
11061
15350
11916
12255
18087
16206
13833
15237
15864
15624
13705
13846
15323
10957
7906
10499
8058
3534
5004
3230
-1960
-3479
-4254
-4545
-8481
-11716
-9199
-12504
-17032
-14577
-13145
-16383
-18042
-15181
-14263
-15803
-15551
-12889
-10401
-12001
-12111
-7682
-6171
-9018
-6388
-1588
-5530
-5079
-1209
-2846
-1861
-2458
-2071
-180
-3293
-2453
868
-1678
-3597
966
1070
-2844
1166
3182
1523
2788
4134
7316
6640
5474
10477
12046
10099
11383
14664
14493
13070
15654
16981
15485
15184
15686
16311
15014
13443
13977
12507
9847
9058
8208
6040
3891
2082
151
-2409
-5710
-4923
-5335
-12904
-12032
-8936
-16747
-16869
-12418
-15287
-17569
-17621
-14480
-13293
-17132
-14858
-9061
-11653
-14284
-8316
-5572
-9198
-7890
-2619
-3685
-6478
-3361
-1391
-2430
-3076
-2355
-167
-2133
-3828
184
129
-3035
-561
1869
-717
-860
3106
3788
1926
3434
7292
7277
5238
8790
12914
10837
9663
14965
15971
12104
15663
17976
16230
15760
14761
17597
16052
11986
15454
14106
8842
9750
10031
6182
4310
3878
1221
-1937
-4394
-3475
-4875
-12117
-10933
-8197
-14987
-16719
-12712
-13175
-17144
-17589
-13356
-13477
-16297
-14431
-10142
-10252
-13697
-9959
-4900
-8751
-8801
-2724
-4498
-6211
-3218
-2972
-2175
-3273
-3299
-485
-2871
-4119
-719
-696
-3350
-1674
398
-1336
-1166
1501
3078
2080
1510
6211
7968
3914
7823
13135
9387
9691
14471
14019
13675
14946
15356
17668
15754
12950
17836
16472
11156
15161
14846
8722
9631
10605
6397
4529
4114
1317
-1221
-3711
-3730
-4679
-10837
-10689
-8829
-14131
-15827
-12880
-13403
-16832
-16849
-13570
-13462
-16013
-14425
-10249
-11434
-13715
-9341
-6242
-9627
-8543
-3711
-5652
-6939
-3810
-3328
-3503
-3855
-3284
-1548
-3595
-4339
-700
-979
-3795
-854
797
-1805
-264
2377
3684
3349
2666
6861
7957
6082
9948
12297
10992
11447
13694
15318
15045
15667
16097
16755
16665
14660
16553
16420
13356
13975
13007
10237
9472
8561
6088
4753
2896
-240
-1579
-4239
-5075
-5126
-10529
-11697
-9986
-13630
-15120
-13751
-14061
-15913
-17392
-14751
-13070
-15672
-15291
-10618
-10732
-14209
-10117
-6170
-9381
-8849
-4096
-5702
-6679
-3747
-4445
-2320
-3388
-4802
-126
-3177
-4631
145
-525
-3076
-812
1302
-566
31
3265
4443
2928
3299
7550
8872
6208
8856
13919
11107
9950
15328
15607
13422
15464
16353
16676
15536
13671
17856
15778
10957
15475
13214
7698
10288
9179
4666
4453
3256
-544
-2452
-3526
-3929
-6412
-11437
-10188
-9713
-14639
-14803
-12833
-14206
-17212
-16415
-13276
-14247
-16479
-14125
-9975
-11737
-14450
-9663
-5953
-10448
-8815
-3293
-6773
-6896
-4128
-4209
-3128
-4475
-3651
-1243
-4181
-4873
-426
-795
-4128
-1139
1007
-1654
-18
3011
3334
2671
2858
7825
8356
4766
10197
13211
9168
12089
15709
13753
14059
15860
16488
16974
15135
14810
17822
14773
12164
15342
13060
8218
9848
10452
3598
4281
5034
-1974
-1410
-2657
-4879
-5476
-10596
-10172
-9022
-14002
-15240
-11411
-13413
-17444
-15684
-12858
-13711
-16547
-13347
-9139
-13388
-14223
-7443
-7835
-11330
-7400
-5041
-7291
-6879
-4922
-4057
-4233
-5185
-3045
-1690
-5127
-3767
368
-2261
-3648
630
775
-1656
756
3511
3927
3045
3881
9084
8452
5641
11940
14003
9842
12865
16880
15033
14580
16725
17330
17009
15317
15964
18108
13515
12580
15759
11024
8425
9911
7709
4241
3414
2116
-1241
-2952
-4789
-4479
-7418
-12554
-9736
-10880
-15396
-14148
-13187
-14541
-17060
-16287
-12682
-14116
-16442
-12462
-9342
-13802
-13530
-6182
-8437
-11688
-5226
-4629
-8261
-5760
-4327
-3800
-3840
-5226
-1839
-1699
-5886
-2521
1545
-2932
-2954
1995
715
-611
1502
4595
4545
3589
5915
9221
8510
7283
12874
12354
11329
15075
14500
15333
15941
16232
16317
16634
16254
15585
16173
13216
13695
13959
9363
9206
9538
5563
3284
3319
613
-1973
-3518
-5447
-5115
-9231
-12651
-9439
-12442
-15856
-13239
-13612
-16039
-16253
-15242
-13527
-14250
-15747
-11192
-10366
-14057
-10673
-7383
-8946
-9004
-6204
-5403
-6776
-6305
-4908
-3476
-4785
-5881
-2143
-3016
-6276
-2592
-547
-3577
-2773
712
-32
-784
1170
3325
4489
3354
5885
9180
7137
8440
11861
12167
12618
13704
15555
15995
15257
15979
17286
17299
15349
16567
16692
13179
13843
13355
10171
9449
9343
6255
3489
3228
235
-1787
-3224
-4644
-5018
-10103
-10825
-8833
-13006
-13647
-12074
-13167
-14582
-15746
-13723
-11679
-15182
-13799
-7448
-13271
-14276
-7064
-9718
-9710
-7489
-7451
-6512
-7563
-8086
-5365
-3967
-7117
-5357
-2602
-5733
-6237
-2049
-1307
-4405
-1974
808
-783
-301
1630
4276
5311
4277
7389
9045
7757
10535
13005
13712
13725
14709
16420
15502
16747
17705
17057
17369
15783
16193
15514
13138
14224
11940
8955
9291
7421
4383
2872
1587
-833
-3353
-5001
-4565
-8125
-12179
-9007
-10919
-15006
-13121
-12313
-14320
-16269
-14993
-11753
-13390
-15950
-10528
-9408
-13886
-11424
-7599
-7875
-10072
-7327
-4506
-8088
-7779
-4994
-4943
-5057
-5897
-4352
-3020
-5824
-4456
-951
-2765
-3348
175
672
-1128
1212
4147
4798
4354
6685
9510
7043
9873
13500
12281
14081
15422
15239
15230
17427
17556
16137
17645
16627
15667
15529
12604
13920
14176
6641
9357
9909
1226
4152
2773
-2498
-2595
-5000
-4951
-7116
-12036
-10960
-9702
-14708
-15345
-11862
-13991
-16856
-15311
-12639
-13491
-15032
-12115
-9120
-12519
-12862
-7501
-7231
-9890
-7751
-3519
-6904
-7698
-3778
-5553
-4565
-3980
-4513
-2684
-4576
-4695
-1725
-2014
-3172
-180
577
-1644
1212
2915
3457
5535
6139
7828
7249
9129
12989
11971
13548
15724
15159
14966
16578
18567
16665
16453
18497
16461
14621
14291
14201
14070
10429
9232
9953
6141
3322
3318
1850
-2046
-4172
-3832
-5254
-10339
-11200
-8612
-13191
-14774
-12559
-13262
-15430
-16836
-13011
-12182
-15097
-13995
-9691
-11035
-14150
-9284
-7576
-9525
-8641
-6405
-5609
-8545
-6915
-4596
-6231
-5466
-5102
-4367
-4895
-6025
-3753
-2213
-4170
-3007
1047
-2362
-106
3162
1704
5460
4580
7534
9766
7861
12474
13132
13094
16050
16686
16546
17117
18124
18237
17530
17720
18093
16854
15036
14569
14746
11708
8893
9774
7535
3626
3407
1465
-2105
-3725
-4608
-5188
-9163
-11679
-9367
-12290
-15699
-13153
-12559
-15234
-16575
-14165
-12660
-15246
-14868
-10559
-10197
-14240
-11758
-6679
-9591
-10308
-6319
-5764
-8015
-7947
-4856
-5286
-6499
-4927
-4287
-4615
-5967
-4536
-2257
-3689
-3353
-666
-240
-1383
1294
3342
4053
6026
5785
9130
10239
9858
13762
14127
15470
16720
15943
17927
18640
17084
17410
19252
17063
15472
16629
14095
13233
12287
8767
8901
7720
3670
2379
1919
-1726
-4907
-4585
-4829
-8615
-11907
-10282
-11509
-15492
-13416
-12429
-14546
-16231
-14600
-12156
-14830
-13586
-11480
-10105
-11170
-12661
-7117
-7817
-8860
-6875
-5451
-6041
-8416
-4603
-4822
-6243
-4684
-4566
-4391
-5026
-4647
-3203
-2713
-2794
-180
-418
-1247
2120
2955
3648
5035
7054
9132
7503
9948
14150
12070
13983
17385
15528
15689
17163
18390
17238
16662
18098
16607
15654
13941
14116
13327
8130
9228
9078
3541
2251
1750
-1324
-4289
-4854
-4453
-8324
-12314
-9884
-9902
-15263
-14259
-10861
-13599
-16069
-14575
-11343
-12527
-15872
-10184
-7217
-14315
-12528
-5222
-8030
-11255
-6593
-3828
-7474
-9193
-5500
-3965
-6306
-6190
-3366
-3883
-8075
-5560
-1079
-4738
-5354
-296
-381
-3568
-592
3267
3830
4012
4653
9595
8839
7163
14777
14188
12009
16817
16296
15761
17993
18090
17513
18672
17505
16084
17236
13731
14089
14787
9186
8414
9559
5684
1763
3252
153
-4566
-3865
-4424
-7722
-11767
-9896
-10229
-15203
-14277
-12241
-13691
-16765
-15945
-11530
-13394
-16587
-10915
-8305
-13152
-12779
-7314
-6330
-10168
-8107
-3693
-6490
-8492
-5502
-3807
-5645
-6374
-3795
-3429
-6272
-5542
-1529
-2850
-4915
10
974
-2076
901
4084
4259
4661
7803
10050
7545
10522
14751
12444
14616
17405
15958
16387
17298
18526
17626
16096
18277
17594
13768
13113
15021
12861
7816
8506
9164
4061
843
1124
-363
-5016
-6388
-3973
-8921
-14330
-10143
-11069
-16792
-14620
-12308
-14998
-17836
-15862
-11192
-14099
-16885
-9614
-7662
-14632
-12605
-4252
-7239
-11067
-4306
-3548
-7109
-6639
-4368
-2107
-5455
-4955
-936
-3374
-6451
-3076
120
-4163
-3174
2328
-403
-2863
2193
4532
3916
4602
6246
10569
7799
8107
15632
13653
12802
16806
17075
16209
17195
18573
17813
17206
17032
16202
15263
13022
13115
13544
7642
6541
9009
3172
185
1642
-1380
-6217
-6608
-4332
-9962
-14147
-9716
-12163
-16502
-14728
-13368
-13840
-17433
-16477
-10892
-13863
-16564
-10329
-8155
-12881
-12764
-6670
-5975
-10065
-7775
-3302
-5495
-8627
-4790
-1888
-5939
-5946
-2117
-2813
-5849
-5304
-1177
-2297
-4632
-288
195
-2554
677
3606
4170
4660
5851
9196
8724
8702
13756
14327
13278
15627
17277
16771
15882
17885
18612
17171
16734
16704
15991
12229
13369
14665
7804
7706
9322
3648
1014
977
-549
-4310
-5316
-5110
-10728
-12059
-10195
-13640
-14585
-13333
-14472
-14987
-17045
-15272
-11003
-15634
-15018
-8235
-10473
-14449
-10609
-5667
-8465
-9205
-5380
-4951
-6953
-7841
-3971
-2795
-6732
-5005
-1644
-4563
-6332
-3251
-1600
-3979
-3072
1433
-1090
-2593
2569
4325
3535
4609
8673
9459
6568
11096
15424
13063
14436
17753
17018
15097
16729
19788
17366
16539
18782
16556
14359
13162
13827
13068
7770
7936
8275
2452
592
1128
-2669
-6206
-5269
-5517
-12546
-13498
-9487
-14878
-16086
-13581
-15162
-15544
-17979
-15297
-10845
-15934
-16609
-8178
-9932
-16204
-9477
-4928
-9727
-9457
-4950
-4212
-6666
-7668
-3608
-1672
-5996
-5026
-456
-3364
-6702
-1192
796
-4994
-1537
3178
-1190
-753
3857
5827
4488
4517
10921
10315
6516
13228
16298
13466
14310
17374
18680
15193
15882
20281
17855
14883
16732
17714
14173
11368
13267
12358
6561
6179
7366
2202
-592
-318
-3285
-6635
-5679
-7323
-12663
-11606
-11420
-15040
-14461
-13698
-15075
-15700
-16795
-14693
-11610
-15779
-15043
-7812
-10315
-15343
-8941
-4415
-9312
-7799
-3984
-4926
-6272
-6731
-2806
-1771
-5929
-4178
-183
-4354
-6442
-172
-260
-4385
124
2810
-1838
-406
4371
5041
4791
5113
9232
9832
6996
12647
15124
13003
14920
15828
16705
16403
16909
18460
17914
16712
16000
16842
14156
12583
14195
11186
7805
8041
6215
1911
1023
747
-3081
-6059
-4262
-7698
-13621
-9966
-10535
-15479
-14315
-13522
-14587
-16606
-17158
-12376
-12407
-17144
-12402
-8034
-12620
-13727
-7060
-5770
-10756
-7165
-3820
-6282
-6752
-6592
-3196
-3418
-6830
-3444
-1926
-5269
-5963
-288
-906
-5230
1193
1337
-2419
442
4572
5601
3054
5234
9651
10061
6539
11884
16723
12014
14029
17484
17715
15438
16338
19492
18075
16175
15307
17440
14587
11202
13880
11002
6990
7771
6081
1885
291
-302
-3712
-5840
-4656
-9156
-12846
-10445
-13158
-15381
-14276
-14975
-15038
-16605
-17964
-13280
-12424
-17414
-12348
-8107
-13265
-13490
-7843
-5988
-9199
-7490
-4188
-4952
-7006
-5772
-1837
-3870
-5668
-2800
-1521
-4959
-5306
343
-1306
-4479
616
1537
-2323
811
4325
4563
4500
5955
10694
8475
7668
14586
14836
13179
15935
17705
16647
15717
17822
19433
17494
15926
17178
16839
12883
12571
14364
9471
6502
8124
5065
573
-734
-1237
-4802
-6825
-5695
-10410
-13812
-11155
-13380
-16024
-14752
-14837
-15094
-17458
-17784
-11829
-13260
-17850
-11091
-7738
-14153
-13410
-5185
-5813
-10803
-6055
-2629
-5683
-7153
-4307
-1312
-4320
-5014
-1375
-1633
-5238
-3734
1351
-1657
-3591
1934
1378
-1868
2031
5725
4612
3612
7867
11397
7355
8740
15576
14529
12350
16041
18767
15703
14784
19121
19058
15860
15242
16905
16344
11487
12127
13896
8448
6187
7474
4593
1152
-58
-1482
-4326
-6259
-5333
-9766
-13969
-10734
-13096
-16193
-14993
-14618
-14687
-18252
-17056
-10693
-13663
-17875
-10497
-6823
-14346
-13673
-5148
-6911
-11109
-6657
-3820
-6295
-8313
-5495
-2076
-4712
-5833
-2069
-1910
-6142
-3742
1036
-2900
-3506
1840
317
-2428
1503
4562
4468
3074
6310
11155
6104
7848
15636
13530
11819
15121
18143
15745
14894
19216
18898
16675
15943
17139
17604
11725
12794
16677
7566
6557
10769
3292
1593
2270
-2110
-3603
-4994
-5825
-8789
-12400
-10743
-11651
-14890
-15135
-13797
-13614
-17532
-16859
-11235
-13952
-17248
-10963
-8243
-14219
-13427
-6414
-7127
-10371
-7615
-4245
-5600
-7672
-5814
-2824
-4020
-6226
-2885
-1691
-5639
-4046
-5
-2210
-3178
1171
622
-1289
2352
4512
4748
3961
6865
12079
7056
7369
16473
14005
11721
16928
17918
15629
15864
18830
18722
16811
16237
17281
17015
12134
13517
15152
8074
7901
9957
4161
1157
1986
-269
-4506
-5550
-4456
-8916
-13858
-10811
-10760
-16280
-16443
-13604
-13670
-18302
-17876
-10855
-13888
-17608
-11346
-8507
-12840
-14534
-7603
-5463
-11084
-8679
-3855
-5669
-8027
-5687
-2472
-4051
-5565
-2550
-842
-5105
-4531
1666
-1325
-3653
1155
1399
-278
919
5565
6002
1671
7965
12536
5139
8630
17496
12046
10825
16779
16762
15608
14320
18373
18949
13312
15597
17682
14350
11066
13658
14380
7065
6467
9310
4431
1071
2431
40
-4860
-6315
-3982
-6899
-13970
-11254
-8809
-15963
-17355
-12147
-12776
-18066
-17828
-11058
-11902
-18676
-13090
-6062
-12788
-15444
-6728
-5045
-11123
-9258
-3259
-4687
-8324
-6048
-2061
-3691
-6933
-3144
-222
-5512
-4877
438
-1748
-3425
240
1472
-936
905
4321
4115
3297
6680
10653
5520
7526
16148
11187
10831
17444
16270
14027
14901
19457
18556
13775
16565
18516
14463
10921
13937
14921
8022
6647
9241
5556
1259
1546
1352
-3134
-6623
-4159
-5394
-12768
-11614
-8086
-13695
-16586
-12735
-11820
-16994
-17541
-11219
-12598
-17355
-13196
-8107
-12259
-14844
-9185
-5882
-9061
-11793
-4315
-2696
-10912
-6141
-1607
-5523
-5065
-3449
-2305
-4083
-5229
-65
-796
-4189
-100
1347
-713
665
3613
4617
3569
5692
9930
7582
6780
14120
13849
11122
15257
16430
15571
15530
18069
19266
16267
16269
17768
16993
13593
13886
16168
10743
7723
9985
8024
3000
1852
3456
-2024
-6410
-4127
-4474
-9842
-13373
-9250
-11200
-17633
-14733
-11608
-15315
-18632
-14867
-11515
-15657
-17399
-10315
-9156
-15835
-12331
-6353
-9376
-11217
-7331
-4435
-7662
-8890
-4318
-4223
-6320
-5047
-3003
-2964
-5826
-3551
-138
-2581
-2283
686
1414
59
1756
4922
4544
5416
7902
8998
8111
11248
14142
11928
14907
17054
15196
16340
18139
18329
16523
16927
18756
15982
14458
14741
13633
13203
8245
8126
10350
2828
1864
3842
-1294
-4757
-4764
-4632
-7920
-12132
-11435
-9903
-15042
-16743
-12168
-13613
-17525
-16760
-12631
-13257
-17354
-12723
-8444
-13132
-13378
-8355
-7923
-9605
-8307
-5320
-5357
-8124
-6460
-3272
-4501
-5327
-3827
-2615
-4297
-4632
-1774
-1030
-1950
-1636
1522
974
-237
4137
5588
5114
5889
8727
10600
9191
12468
14006
13517
16161
15393
16070
17877
17599
17227
17376
17868
16053
15649
14739
13679
14104
10155
7938
9359
6224
2450
3480
1160
-3770
-4236
-5188
-5638
-9107
-13530
-9479
-11725
-16723
-13567
-12503
-14199
-17035
-15489
-11186
-13646
-15262
-11107
-9113
-12278
-12107
-7524
-7490
-9608
-7745
-4535
-6451
-7815
-4740
-4612
-4243
-4521
-4691
-2692
-4418
-4641
-612
-2030
-3691
1610
-412
-532
2834
1605
7044
5383
4182
10860
9130
9156
13398
13634
14144
15597
14973
16315
18131
17578
16319
17377
18281
15276
14884
15147
14790
11766
8153
10163
7849
3585
3259
2026
-1384
-4703
-5502
-4639
-7858
-13827
-11067
-9551
-16499
-16331
-12388
-13635
-17314
-17805
-12449
-12409
-17251
-13756
-8225
-12054
-14942
-8942
-6658
-9759
-9474
-5824
-5674
-8332
-6692
-4445
-4188
-5545
-4865
-2209
-4520
-5015
-1094
-729
-2706
-943
1957
740
549
4324
6785
4899
5091
11180
11258
8124
13333
15477
14206
15761
16256
18099
17558
17176
18139
18025
17652
15199
16711
15372
12575
12916
9686
8349
8178
5152
1609
1912
-86
-5040
-5467
-6002
-6354
-10908
-15034
-10710
-12762
-17443
-15121
-12386
-14329
-19387
-15769
-10376
-15345
-16882
-9234
-8522
-14249
-12176
-7308
-6154
-9086
-8357
-3184
-5760
-7165
-4103
-3497
-3455
-4190
-2375
-1295
-4360
-3406
354
-696
-2066
1118
1786
392
1692
4298
6655
5281
7288
10443
7631
10790
13943
13138
15972
15169
14898
17558
17504
17343
17712
18378
16807
14888
15057
14595
14357
11789
8985
8801
7050
3773
2082
2230
-1543
-4699
-5038
-6932
-7436
-12166
-13704
-9969
-14474
-17158
-13656
-13824
-16863
-17772
-14644
-12426
-15677
-15549
-9585
-10569
-13966
-10691
-7148
-7324
-9670
-6871
-3944
-7133
-6497
-4626
-3853
-3867
-5536
-3398
-2710
-4479
-3462
-1245
-1680
-2415
568
905
-283
1535
4478
6479
5335
7320
9562
8840
11669
13293
15131
16134
14157
17004
18180
17372
17752
18258
18952
15740
15536
16166
14514
13050
12022
10593
6991
7297
3840
2314
3051
-3027
-2744
-4697
-7019
-7024
-12657
-10413
-10501
-15907
-14206
-14108
-15026
-15771
-16868
-14152
-13577
-16024
-13865
-9460
-12425
-14167
-8691
-7629
-9392
-8538
-5963
-5186
-7461
-6625
-4070
-3663
-5324
-4892
-1817
-3780
-5715
-1903
-84
-2577
-2008
1245
888
670
3424
6175
5100
4854
10500
10150
8368
13487
14811
14046
14552
16742
18708
16533
17152
19074
18644
16693
16026
18257
14707
12364
13784
10494
8504
7403
5510
3306
1637
-953
-4023
-4435
-6503
-6337
-9453
-14222
-11368
-12493
-15650
-15246
-14006
-13885
-17610
-16842
-11946
-13433
-16333
-11622
-8371
-13422
-12874
-6471
-6570
-10304
-7603
-3603
-6759
-7105
-4994
-4174
-3392
-4950
-3287
-1522
-4670
-4065
949
-1603
-3014
2158
688
490
2294
2874
7326
4837
5390
12459
7570
8598
16589
12871
13340
17390
15991
16771
17470
17427
18474
17202
15789
17567
15625
11739
14783
13282
7396
8953
7912
3433
2842
1634
-1679
-3281
-5401
-7141
-5351
-11044
-14446
-9294
-12961
-17652
-14678
-12370
-15602
-17867
-15104
-11982
-14174
-17482
-9051
-7214
-16179
-10342
-4520
-8982
-8918
-5580
-4441
-5957
-5711
-4684
-3520
-3118
-4848
-2812
-2327
-4406
-3122
-848
-1617
-2109
390
744
210
955
4647
6101
3277
6848
10243
7849
9853
13432
13498
14095
13804
15693
18001
15740
16532
18540
16856
15180
16393
15869
13186
13756
12387
9470
8105
7236
5806
2509
1774
443
-2862
-5302
-6251
-4146
-9411
-14546
-8285
-11206
-17277
-13652
-12357
-12767
-17784
-16801
-9154
-14383
-16775
-9857
-8046
-13580
-12957
-5514
-7386
-10409
-7498
-4328
-4719
-7509
-6591
-2583
-2895
-7212
-3445
320
-5713
-5577
1079
-660
-4276
-351
2919
387
-973
4517
7818
3139
4504
11962
9727
6577
13716
16496
11902
13234
18114
18086
15235
16101
19869
17844
13601
16596
17775
12525
12327
14052
9574
6682
7587
5657
2541
997
-237
-2569
-6742
-7017
-4297
-10263
-15824
-10093
-10545
-18371
-16146
-11441
-14722
-18957
-16257
-10299
-14005
-18789
-9670
-6498
-15991
-13628
-4105
-6776
-12023
-7465
-2678
-5385
-8033
-4933
-1604
-3751
-5723
-1302
-41
-5988
-2987
2784
-1755
-3544
1637
3353
-505
1006
6155
6753
3397
6440
14153
7800
7439
16613
14730
12371
15046
17945
17269
14342
15648
21430
15699
11278
19739
15302
10168
13709
12225
8353
7072
6623
4168
2002
-90
-650
-3087
-7450
-7690
-5395
-10388
-15656
-9861
-11983
-18005
-14984
-12862
-14833
-18105
-16061
-11487
-14230
-17876
-10232
-7575
-15505
-11785
-5182
-8036
-9456
-5740
-3683
-5697
-6047
-4301
-1796
-2549
-5521
-928
-72
-5381
-2100
2234
-849
-2187
2377
2504
283
2283
5946
7790
4181
6832
12097
7639
9418
16068
13772
12082
15234
16653
15456
15559
18082
17811
15849
14986
15748
15522
12365
13860
13740
8273
7195
7694
5263
2493
1987
106
-2930
-5076
-7522
-5985
-7739
-13400
-11156
-10411
-15679
-16419
-13064
-12753
-17062
-17325
-12247
-12898
-16976
-12929
-8429
-12117
-12871
-8319
-6316
-8142
-9069
-5231
-3528
-7110
-6276
-3260
-3811
-4417
-5087
-1299
-2202
-6813
322
1014
-4474
392
3516
7
355
4470
6845
5081
3865
10936
11119
6763
12915
14506
13099
14492
15041
18245
16930
14567
18501
18461
14333
15665
17730
13729
12232
14161
10424
7797
7972
6139
3943
1082
825
-1264
-5750
-7199
-6008
-6412
-13719
-13586
-9175
-15178
-17818
-13339
-12393
-17024
-18463
-13465
-11847
-16188
-15851
-8360
-9804
-15110
-9705
-6083
-8329
-9554
-5654
-2817
-7110
-6882
-3416
-2313
-4020
-4032
-699
-3234
-4143
8
526
-1902
-242
3225
1505
-316
3642
8246
5327
4157
10393
10126
6830
12071
15330
13015
13274
14666
17120
16191
14302
18273
18246
14325
14758
16562
14188
11745
13261
11625
7913
6878
6107
4308
1465
546
-1502
-4335
-6405
-8686
-6566
-9920
-15199
-11602
-11578
-17914
-16281
-11593
-16262
-16706
-14745
-14393
-12645
-15277
-12159
-8586
-10932
-11728
-8468
-4623
-7982
-7689
-2813
-3996
-4782
-4651
-2960
-866
-2942
-2579
-819
-2069
-2745
-87
814
-1187
368
2566
1292
1689
4862
5310
5087
6684
9401
9279
7529
12616
14893
11755
13802
16477
15532
14802
16825
18371
16968
14846
15413
17334
13277
11935
15347
10540
6774
8335
6583
2664
1364
1275
-2005
-5444
-8049
-6514
-6721
-14690
-13543
-9834
-16233
-17975
-13762
-13918
-17590
-17158
-13768
-13571
-15897
-15630
-8727
-9249
-15849
-9383
-4797
-9589
-8297
-4687
-4817
-5380
-5005
-3475
-2273
-3338
-3309
-745
-1797
-3404
-410
604
-1036
-314
2068
1802
806
3920
5849
4203
5432
9895
9396
6394
12563
15559
9807
14113
17851
13896
15762
17493
17147
17016
15408
15890
17500
14083
12312
15079
11022
8434
8727
6535
4875
1362
850
-343
-4436
-7022
-7569
-6588
-11431
-15403
-12176
-13310
-18030
-16836
-13761
-16371
-19481
-16166
-13002
-15430
-16589
-11842
-9258
-12826
-13072
-7844
-5766
-8486
-8053
-3865
-3821
-6333
-4850
-1381
-1929
-4211
-2234
-34
-1813
-2804
780
2425
-790
807
4275
2443
2216
6232
8541
5190
6184
12924
9325
7572
15664
14634
12043
14531
15657
17247
14642
15007
19892
16308
12374
16082
16538
11467
12544
14669
9058
6251
6575
5075
3161
420
-447
-1990
-6315
-10000
-7889
-6485
-14413
-15783
-10747
-15679
-20207
-14698
-12846
-17752
-18889
-15572
-11989
-15263
-17297
-9375
-8222
-14164
-11236
-5030
-6452
-9041
-5235
-2001
-4726
-5109
-2291
-1485
-1301
-2487
-951
891
-2265
-1169
2562
944
-291
2804
3757
1802
4009
6595
5707
6291
8882
10599
9673
9831
13008
14561
13025
13670
17201
15492
14039
17135
16677
15783
15225
14369
14704
12299
11487
12106
8863
5767
6836
5197
-466
371
186
-4760
-7559
-8301
-6458
-11314
-16519
-11752
-12031
-18739
-17789
-12403
-15432
-20084
-16313
-12453
-13774
-17180
-14647
-7421
-10874
-15644
-7580
-4190
-10344
-8221
-2460
-4462
-6063
-4133
-2008
-1093
-3185
-2924
458
-1411
-3358
833
1511
-948
978
2924
1248
1970
4964
5775
6205
7040
8889
8460
9175
12784
13099
13875
13569
14353
16491
14888
16356
17681
16589
15737
14380
15236
13671
12543
13750
10795
7339
6443
6456
3320
653
817
-1449
-5288
-8982
-7963
-6800
-12552
-14703
-11008
-14255
-19137
-15026
-12669
-15995
-17425
-15798
-12870
-13327
-16808
-12662
-6692
-12385
-13554
-5221
-6646
-10291
-5554
-2889
-4494
-5363
-3997
-951
-1561
-4182
-918
1488
-2690
-2121
2660
848
-1088
2372
3595
2256
2502
5027
7608
5454
6197
11620
9085
8964
14630
12762
12759
15782
15536
15357
14768
17253
17776
13862
14807
16607
13775
11026
13077
13017
7504
6287
6835
4692
1549
-917
-381
-2429
-8005
-9772
-6283
-8296
-16118
-13924
-10118
-16930
-19184
-12830
-13003
-18931
-17300
-11968
-13133
-16522
-13887
-8191
-9726
-13427
-9119
-3846
-6565
-8553
-3043
-1995
-4515
-3447
-1927
-276
-1758
-2550
590
-463
-2937
70
2620
-750
-446
4413
1134
350
6380
5307
4542
5714
7567
10973
7223
8777
15687
12158
9292
16035
18039
11554
13919
19565
15346
13026
15550
16077
12543
10549
13356
10715
6536
6782
5387
2951
45
-827
-832
-5235
-9230
-8356
-6578
-11942
-16801
-12270
-12283
-18227
-17364
-13196
-15061
-18701
-16230
-11935
-13579
-16916
-12048
-7287
-11190
-12887
-6757
-4109
-8844
-6857
-1412
-3156
-4689
-3852
-1326
320
-2469
-1722
1295
-581
-2467
1169
3030
-589
794
4004
1854
1605
5483
6559
4879
5833
9289
9620
7165
11759
15165
11264
11559
16062
16733
12752
15231
18980
15397
13294
14848
16244
12011
10301
14323
10215
5049
6211
6342
2182
-838
1298
-1391
-7143
-8532
-7131
-7309
-13554
-14321
-10317
-14716
-19328
-14575
-11607
-17072
-18417
-13583
-11837
-15047
-15669
-9557
-7366
-13407
-11327
-3503
-7191
-9088
-3662
-2795
-4636
-4993
-1903
-573
-2995
-2563
79
28
-2308
-872
2280
-1
-850
3348
3065
888
3580
5909
5533
4768
7952
11475
7396
8855
15473
12481
11332
16444
17031
14189
14790
17914
17466
14970
14424
16437
14393
9693
13261
12930
6280
5951
6830
4049
-345
-158
-634
-5257
-8099
-9536
-7339
-10878
-17274
-12760
-12012
-18859
-18119
-12864
-14674
-18600
-15975
-12603
-12958
-15469
-12874
-6232
-10270
-13773
-5476
-3678
-8723
-5793
-1590
-3319
-4061
-2713
-1241
-469
-1754
-1373
877
-736
-2287
1237
2072
-659
1051
3674
1907
1212
4623
7146
5485
5566
9632
9251
7615
12196
14119
12286
13271
14635
15560
14237
15439
17576
15724
13672
13474
16172
10821
10742
14561
6904
7148
6104
2773
3683
-890
-1886
-2068
-6754
-10583
-9268
-7468
-13503
-17022
-11898
-13646
-19955
-16064
-12332
-16111
-17721
-14937
-12055
-13180
-15178
-11015
-6605
-9929
-12010
-5234
-3125
-7881
-4921
-1042
-2558
-3061
-2738
-30
607
-2444
-791
2567
-372
-2915
2512
2555
-1220
2635
4034
1189
2370
6352
5860
4728
8118
9632
7546
9685
13842
12048
12335
14475
15210
15326
13323
17125
17842
12902
14649
15869
13229
11003
12498
12434
6921
5956
5628
4026
1436
-1869
-419
-3412
-9222
-9679
-6550
-8751
-16540
-13937
-10156
-16753
-18680
-13036
-12521
-17982
-17190
-11392
-12026
-15805
-13118
-6974
-8492
-12510
-8254
-3555
-6380
-7357
-2287
-2022
-4711
-3674
-1266
330
-2309
-2420
642
51
-1529
-2296
3182
1702
-3042
4602
2619
-1283
5054
6969
3772
4312
9138
8571
7664
9995
12872
13429
11068
13877
16784
14132
13711
17942
17338
12990
14339
16167
12531
10560
12789
10718
5705
5395
5966
2640
-178
-126
-1120
-5130
-9098
-8138
-6350
-11674
-15953
-11779
-11894
-18625
-17276
-11646
-14109
-18216
-15527
-10960
-12034
-15866
-11902
-5200
-9373
-13141
-5464
-3191
-8711
-5733
-957
-4012
-4929
-1885
-1234
-1671
-2072
-1038
585
-1266
-2228
1075
997
-1176
1557
2794
540
1634
5293
5250
4572
7174
9271
8572
7831
12912
14209
11855
13794
15073
15920
13863
15814
18350
14446
14178
15353
14249
11343
11221
12580
8749
5085
4990
4810
1246
-1855
-1002
-2245
-8039
-10542
-7077
-9154
-15388
-14107
-10998
-15118
-20353
-14041
-11234
-17914
-16658
-13189
-11066
-13606
-15178
-7411
-6352
-12093
-9570
-2351
-5010
-8100
-2858
-1056
-3188
-3367
-1159
-324
-1522
-1448
188
463
-1489
-841
1719
577
-362
2389
2651
804
2981
6302
6124
4302
6814
10837
8191
8510
14192
13539
11028
13171
16371
15194
13554
16354
16892
14184
12721
14542
14448
10462
11389
10909
6657
4790
4322
4290
-479
-2305
-750
-5329
-10073
-9493
-5892
-10756
-17238
-11998
-10774
-17933
-17651
-10928
-12294
-18065
-15305
-10600
-11371
-14704
-12218
-4993
-8540
-12914
-5193
-2735
-8272
-5871
-466
-2410
-4617
-2951
-911
-700
-2252
-1763
896
-544
-2936
290
1259
-1230
719
3285
774
791
4822
4922
4360
5996
8719
8362
7325
10629
13477
11545
11479
17171
12776
12398
18202
14231
15619
14968
13354
14692
11131
10688
12762
10147
4561
5093
5780
1417
-1757
-278
-1719
-7528
-9085
-8629
-7633
-12709
-15637
-10393
-13275
-18774
-15321
-10682
-15007
-18159
-12980
-10644
-13305
-14352
-9967
-6364
-10050
-11313
-4797
-3788
-8200
-5050
-1489
-3562
-3960
-2945
-1268
-1032
-2687
-971
623
-1568
-2353
1444
1530
-1312
2014
3234
666
2965
5329
5056
6001
7430
9068
8658
9352
13284
13413
12921
14372
15465
14986
14359
17628
16592
13722
15678
14474
12672
11544
11718
12002
7367
4954
4347
4099
950
-2792
-378
-3509
-9450
-10267
-7946
-8399
-15256
-14569
-10614
-15926
-19034
-13859
-11503
-16910
-17537
-12532
-11513
-13646
-15012
-8529
-5630
-12701
-9713
-2871
-6374
-7688
-2841
-1520
-3552
-4292
-1723
160
-1919
-2737
578
1442
-2998
-1204
2854
-316
-317
3471
2508
486
3300
5964
5284
4979
7615
10353
8053
8577
13184
12801
12444
14301
15531
14377
13876
16856
15667
14666
14925
13988
13471
10864
11878
10877
6615
5465
4811
3887
-892
-2333
-711
-5510
-9269
-8726
-7010
-10894
-16333
-12030
-10853
-16713
-16758
-12021
-12622
-17141
-15605
-10897
-10892
-15277
-13152
-5661
-8485
-13356
-6872
-2763
-7727
-7209
-2019
-2668
-5329
-3963
-744
-932
-3475
-2325
131
-1928
-3147
623
1098
-1993
-155
2348
402
87
3749
6036
4723
4064
7933
9428
6279
10170
14801
11850
11416
14777
15295
13179
14755
17556
15753
14044
14111
14600
12937
10815
12600
10467
5866
5133
5880
2516
-1422
565
-1941
-5846
-8912
-8642
-5409
-12121
-14295
-10789
-12088
-16557
-15859
-9903
-13385
-16378
-13915
-11279
-9989
-14565
-11972
-4232
-9250
-12528
-5523
-4547
-6912
-5804
-3181
-2794
-4815
-3441
-1268
-1387
-3231
-2404
718
-2010
-3427
66
19
-1634
-145
1948
314
879
3640
4174
4977
4898
8654
9296
6016
11385
13711
11227
12474
15225
15622
12674
15798
18361
14690
14235
15187
15657
12386
10809
13608
9736
5398
6258
6169
1372
-1301
1027
-2706
-7618
-7723
-7669
-8132
-12615
-14308
-10670
-13872
-17869
-14135
-12266
-15241
-16402
-14424
-11278
-12694
-15540
-8942
-5914
-12499
-10633
-3997
-5344
-8156
-4045
-1151
-4362
-4675
-2378
-477
-1092
-3148
-357
356
-2683
-1294
1446
42
-724
2411
1612
304
2870
3524
6084
6372
4170
7899
8920
7385
11945
13462
9954
12920
15050
12892
14993
16074
14803
15480
14983
13076
13378
12790
11868
11640
8120
5553
5700
5018
1092
-971
391
-3584
-8033
-7554
-7532
-9090
-11663
-13186
-11718
-13801
-17352
-13882
-12131
-14693
-14805
-14853
-12886
-11059
-14366
-11292
-5081
-9921
-11991
-5578
-4369
-7157
-5578
-1552
-2561
-5184
-3446
-393
-1066
-3549
-539
1060
-3085
-2498
828
315
-853
951
2397
1211
1501
3080
5444
5908
5390
8446
7579
7154
12138
12187
11526
14040
13950
13133
15174
16894
14971
15280
16498
13777
12808
12950
12500
12058
8735
5951
6199
4751
991
592
898
-3733
-6703
-6507
-8345
-8863
-9737
-12607
-12385
-12927
-15609
-14473
-12428
-13204
-14229
-16013
-12577
-9470
-15113
-11286
-5295
-9980
-11568
-6570
-3547
-7414
-6588
-2119
-2496
-4244
-5075
-1674
-703
-3574
-1505
811
-2275
-3444
-203
880
-744
-577
1978
2341
730
2433
6264
4897
3613
9652
9748
6544
11675
12639
11481
14003
13822
14825
15375
14799
15747
15872
14284
14189
15659
12393
11220
12803
8943
6527
7566
5114
391
589
1156
-3865
-6662
-6641
-8168
-9033
-10875
-13142
-12973
-13860
-15687
-15067
-13885
-13893
-15101
-16613
-13112
-10913
-15355
-11381
-5908
-11117
-11845
-5751
-4012
-7099
-6013
-1969
-2728
-4443
-4095
-541
222
-3591
-997
1108
-1714
-1628
289
1540
232
246
2220
2379
1958
2410
5863
5948
4433
8433
8241
6532
11093
12312
10806
12818
13730
12902
13483
15186
15054
15013
14299
12551
14152
11924
10444
13442
9743
5660
7586
5228
-13
3169
2477
-4303
-3969
-5413
-9498
-8293
-7570
-11489
-13618
-13391
-14613
-15195
-14758
-12984
-13590
-17717
-15314
-9721
-13972
-14729
-6832
-8760
-12397
-8163
-5374
-6172
-6845
-4039
-1078
-3462
-6143
-1775
1223
-2958
-2476
1738
243
-3291
-1665
2867
980
-1295
2546
3991
796
615
6313
6660
4292
7383
8262
8225
9205
10469
13146
12695
11548
13398
14570
15049
14398
14316
16125
13798
12382
13787
13265
11968
10273
9331
6810
4819
4390
2769
939
-1117
-3291
-5918
-8740
-9047
-6089
-10641
-16055
-11402
-12766
-17785
-15164
-11218
-12773
-17842
-16466
-9805
-12024
-16802
-8073
-4433
-13343
-11059
-3196
-5060
-7850
-4080
284
-2417
-6030
-2085
1087
-2103
-2482
1283
1451
-2692
-3919
2876
2684
-4357
1499
4986
-1392
127
5404
5724
4086
3790
8526
10684
6240
9345
13979
12403
11258
13442
16730
13832
12165
15985
17141
13280
13046
15645
11871
10683
11982
9959
6688
5766
5521
1775
452
23
-2696
-5778
-7782
-8898
-7579
-9822
-16244
-12780
-11310
-17495
-16702
-11921
-13472
-18268
-16463
-10054
-11244
-17441
-9591
-4094
-12138
-11578
-4871
-3492
-7734
-5813
-88
-2898
-5439
-2519
629
-1137
-2485
529
746
-2206
-2674
1373
1515
-1958
786
2864
376
-303
3965
6809
2742
4719
9580
7005
7757
11073
11668
12874
11838
12816
16121
13459
14538
17291
14374
14645
14737
13286
13315
12778
11571
9779
7802
6409
5267
2984
1696
893
-1967
-5138
-6105
-8631
-7985
-7110
-14669
-13837
-11597
-15964
-17436
-14312
-10710
-16640
-18235
-13699
-10873
-13279
-16052
-6912
-6459
-14452
-10243
-2515
-6073
-9223
-2680
187
-4145
-6897
-784
1667
-3585
-2459
2589
750
-4475
-392
3858
-529
-1191
3492
3759
-542
1101
8046
6105
1517
8142
11721
6473
8558
13446
12710
11615
12417
16424
15964
12387
16227
18284
14283
13601
16487
14242
11343
13109
11588
8389
7298
6480
4322
1799
932
-1156
-3950
-5757
-8143
-8282
-7985
-13160
-14950
-11738
-14432
-17563
-15406
-13324
-15130
-18448
-15153
-9772
-14539
-16554
-7617
-6565
-12792
-11072
-4211
-4344
-7667
-4444
-787
-1998
-5717
-2801
2592
-1245
-3383
1199
1354
-3376
-2522
1847
1191
-1848
-52
3549
483
-1410
4627
7670
1987
3237
9847
7844
6779
9836
13122
12069
9923
14004
17095
13755
11969
17613
16397
12533
14554
14509
13388
11833
11595
9554
6893
6173
4517
3013
755
-879
-3289
-6724
-8481
-7709
-7661
-12422
-14642
-12401
-14581
-18252
-15901
-12670
-14558
-18275
-16175
-9846
-13027
-17454
-7940
-4616
-12666
-11252
-3424
-3347
-7824
-4668
617
-1404
-5256
-2793
2430
-363
-2891
1407
1329
-2321
-1555
1407
1129
-1330
-258
2109
722
-338
2516
5885
3367
2821
8484
7306
6689
10670
11017
12214
11571
11683
15793
14736
12926
15744
17151
14595
12878
14815
15004
12431
11433
11281
8967
6173
5215
4306
2000
-577
-1753
-4142
-7819
-9175
-7572
-8983
-15134
-14485
-12258
-17360
-18401
-14050
-12992
-17276
-19284
-12369
-10417
-17395
-13709
-4834
-9410
-14165
-6288
-1860
-7479
-7281
-138
-34
-4072
-3852
579
2679
-2541
-1117
4386
8
-3244
710
3132
-673
-1696
3130
2961
-1552
345
5907
3929
2232
7384
8456
5094
7159
11589
11761
11010
12329
14696
14080
12743
14911
17311
16020
13226
15438
15766
11507
12452
13642
10038
7195
6473
5202
2509
1009
355
-2656
-5964
-8327
-8793
-7622
-11618
-15209
-12592
-14423
-18436
-16057
-13221
-14665
-18192
-16438
-10963
-13987
-16211
-8523
-6806
-12028
-10256
-4421
-4571
-7814
-4380
317
-2331
-4936
-1666
1542
-1532
-2507
1801
1173
-2314
-1981
1658
983
-2829
-221
3478
386
-2036
3395
4919
1179
4266
8374
6834
5768
8650
12003
11661
10377
14124
15420
12377
14799
17389
15959
14425
14947
16662
13524
12165
14329
11269
8277
7548
6837
3626
1180
1939
-802
-4287
-6823
-7839
-7640
-9172
-13532
-13560
-11227
-17302
-17631
-13583
-14450
-15867
-17166
-13653
-12050
-15325
-13365
-6988
-8344
-12727
-7795
-3917
-6723
-6940
-2382
-705
-4371
-4815
-877
-485
-3093
-1640
1338
-1174
-4069
-680
2368
-1301
-2564
3105
2660
-1988
1956
6872
3712
1575
8196
9497
4951
9959
12467
10785
12219
12553
16248
15167
12270
17856
17740
13061
15831
17623
13227
12411
14521
11819
8712
8881
7563
4755
2500
1114
582
-2909
-6110
-6598
-9083
-8997
-10012
-15803
-14168
-12574
-18169
-17371
-12862
-14916
-17910
-15200
-12718
-14086
-14558
-11309
-6395
-8309
-12503
-6539
-2477
-6895
-5364
-262
-1163
-5424
-3554
1424
-1090
-2759
-34
1853
-1581
-4448
1562
2387
-2535
-629
4035
116
-2419
4747
5150
2004
4358
7634
7709
5775
8564
11914
11919
11082
13127
15657
12694
14422
17325
15263
15453
14693
15055
14243
12576
12664
11359
9832
6401
6735
5197
-31
1675
413
-5713
-6653
-7652
-10105
-9483
-12381
-14964
-13021
-16237
-19028
-14690
-13283
-16731
-17436
-14539
-11845
-13719
-14642
-7748
-5667
-11432
-9207
-3340
-5181
-6329
-1983
-207
-3387
-4261
-907
-62
-2044
-1716
581
336
-3395
-3148
1116
-1208
-3602
1116
1294
-3150
-971
4034
2279
1412
6691
7377
4071
8024
11562
9711
12135
13306
14804
14903
13077
18498
17512
14219
17265
17472
13658
13552
16221
12305
10335
10084
7332
5843
3237
2040
2092
-1700
-5598
-5820
-8670
-9133
-8434
-12932
-15030
-12672
-14901
-18951
-13000
-12913
-16899
-16484
-13594
-9832
-15001
-12187
-7244
-7235
-8769
-10314
-2150
-3851
-7688
-924
551
-4281
-4189
169
141
-2328
-2869
2013
272
-6137
-797
2499
-2823
-2708
2587
1084
-3176
575
4971
3895
2471
6114
8120
5400
9157
11468
11209
13466
12944
14894
14290
14369
17786
15900
16454
17241
14699
13976
14822
14701
11333
10609
9820
6377
5384
2979
1615
936
-3070
-5322
-6669
-10230
-9677
-8870
-15540
-15043
-11862
-18671
-18096
-12540
-14049
-16407
-16532
-13058
-11288
-14284
-12186
-4761
-7548
-13466
-5374
-1435
-7103
-5810
-414
-744
-5224
-3225
560
-1234
-2928
-1328
1933
-1632
-5224
831
1150
-3751
-823
3028
460
-2243
2151
5976
2564
3181
9585
8262
4636
9483
13086
11924
11246
14632
17071
11285
14225
19983
14502
15515
17236
13736
13677
12949
12904
12322
8617
6623
6525
3467
276
2072
-291
-5919
-6319
-7311
-10617
-10059
-9489
-15255
-14670
-13317
-18117
-15880
-13977
-14360
-15684
-16192
-12596
-11390
-13499
-12169
-4970
-7274
-11215
-4824
-2737
-5812
-4713
390
-905
-4892
-2405
202
-334
-2857
-1344
2379
-2464
-5116
489
287
-3596
-887
2713
-820
-2550
2819
4917
2515
3142
8025
8159
5866
10081
12833
11846
11916
15290
16362
12957
15375
17372
15902
16352
15829
15641
13832
12740
13980
11866
8662
7479
7299
3479
709
2360
-851
-5319
-5940
-7137
-10075
-9776
-9734
-14502
-14025
-13947
-17393
-14987
-13862
-13791
-14874
-16985
-11873
-10126
-14014
-10679
-4474
-7781
-11643
-5282
-2221
-6743
-5897
175
-1745
-6137
-2767
-1317
-1543
-2366
-3027
1243
-2499
-6178
348
-474
-4073
-352
1599
-1087
-1910
1679
4804
2992
3783
8939
6849
5525
11251
13641
11822
12095
16497
15492
12523
17093
18811
16296
15770
16711
16467
12655
12656
15610
12245
7397
7113
7172
2783
431
1995
-1157
-5280
-6525
-8508
-10277
-8945
-10504
-15185
-13085
-14591
-18365
-14839
-13761
-14239
-15229
-16027
-13300
-11735
-13423
-11123
-4862
-8331
-12221
-5393
-2907
-6807
-5389
-542
-2202
-5925
-3191
-247
-1302
-3364
-1331
1342
-3593
-4921
852
230
-3196
-270
2238
-1202
-1494
3258
5248
2991
3691
9899
7824
4715
12144
14043
10696
12579
16669
15237
12702
17251
18207
15791
15731
15721
16489
13194
12633
15272
11534
7615
7234
7492
2922
-369
2598
-625
-6433
-6132
-7374
-11778
-9912
-9163
-15764
-14464
-14025
-17730
-14168
-14407
-14155
-13507
-16428
-13477
-9953
-11951
-12268
-5196
-6174
-11485
-6276
-2548
-5036
-5888
-1384
-1019
-4875
-3663
-1135
-214
-3481
-3217
1108
-2909
-4665
-333
-105
-3256
-1918
2139
-1028
-2012
2030
4114
3303
2143
8376
8850
4638
10944
13366
10380
13365
16871
15067
13411
17067
18047
16184
16923
17091
16226
13366
13274
15349
11939
8841
9010
7998
2431
965
3362
-1272
-3956
-4872
-7515
-10074
-10899
-8402
-12265
-14761
-13476
-15235
-14877
-15975
-13615
-11910
-17022
-14469
-9292
-11807
-14091
-6728
-4359
-12141
-8717
-2776
-5091
-6681
-3629
-866
-4064
-5983
-2416
196
-3643
-4859
841
-269
-6262
-3122
2062
-2818
-3776
2521
209
-2262
1096
3660
5672
2840
4514
11152
6722
6159
14929
13624
9675
14714
17264
14180
14719
17725
17717
16002
15311
16853
15114
11291
14747
13785
7205
7935
9145
3801
-259
3278
812
-5181
-4825
-5844
-9468
-12343
-8536
-8920
-16233
-15764
-13231
-14364
-16972
-14456
-10494
-15928
-17335
-9795
-9486
-14229
-10086
-3863
-7900
-11291
-5454
-1816
-6399
-6464
353
-1436
-6671
-3904
761
-1531
-5390
-261
1355
-5632
-4186
2305
-653
-4422
1082
2789
-2023
-883
3998
5265
2728
5452
10684
6526
6371
13133
13172
11661
14095
16952
14609
12643
17598
18239
14766
15764
17028
13956
10594
13323
14505
9105
7290
8480
4162
-231
2113
1259
-3509
-4262
-5420
-8474
-12235
-10541
-6887
-13722
-16857
-12193
-13968
-17629
-14894
-9664
-13704
-17739
-12488
-8945
-11516
-14519
-4802
-2832
-13563
-8267
-1117
-4745
-7806
-2170
607
-5758
-5183
-196
-488
-4621
-2499
2319
-1843
-5492
-1826
1103
-2588
-2548
2857
540
-1920
1136
4908
4179
2211
9110
9726
5524
9487
12814
13451
11867
14580
17603
13081
14411
18077
16377
16262
16161
15619
14037
11918
13229
12208
9066
8328
7165
3167
795
2176
-273
-3709
-3972
-6125
-9338
-11319
-8699
-8292
-15054
-14926
-12351
-15480
-16616
-13442
-10589
-15426
-17016
-9931
-10746
-15162
-8844
-4309
-9673
-10999
-6129
-2669
-7042
-7512
281
-2944
-7331
-3194
-858
-3174
-5104
-653
-316
-5020
-4063
-103
52
-3908
-369
3236
-1676
-1066
3905
5787
2479
3772
11330
8500
4981
10259
14338
11503
11057
18356
14438
10256
16807
17417
15898
14206
15778
15698
10204
12246
14565
10612
7093
8804
6815
710
1882
2757
-1075
-3239
-3529
-5872
-9737
-10312
-7095
-9067
-15015
-13097
-11389
-15979
-15741
-11417
-11179
-14824
-15530
-10202
-9832
-14412
-9138
-3217
-9455
-11944
-4502
-3321
-8342
-5860
-784
-4225
-6667
-2836
-1279
-3876
-4087
386
-497
-5024
-3109
792
-1522
-3169
1800
1110
-1915
700
4098
5404
1764
6249
12329
5230
7331
13804
11773
12599
14214
15912
14541
12371
16668
17646
14301
16189
17305
12862
12052
13772
12848
10580
8804
7529
5655
2034
866
2807
-1612
-4812
-4268
-6338
-10520
-11240
-5719
-10686
-16102
-12273
-12685
-16522
-16552
-10526
-11166
-17743
-15631
-7985
-11762
-15979
-6465
-3685
-11618
-10494
-1369
-5613
-7972
-2290
-1236
-2409
-7203
-937
880
-5134
-1897
643
72
-4913
-1884
3000
-2084
-1607
3060
2365
-1104
801
5604
5468
3218
6578
11041
6576
5958
13321
12596
9630
13722
16892
12339
11159
17108
15850
13499
15552
15848
12709
8864
12905
14449
7211
7190
9629
3224
-91
4126
2235
-3361
-2542
-3005
-7646
-10399
-9396
-6906
-9827
-14451
-12850
-12825
-16651
-14410
-10682
-12471
-15556
-14804
-10427
-10413
-13680
-9420
-3967
-9538
-11490
-4613
-4712
-6414
-3334
-1983
-4529
-4804
-2033
-2901
-3467
-1340
-641
-2538
-3349
-1329
-1270
-1813
-55
1435
638
-626
1310
4448
4044
2974
6440
9569
5801
5503
12296
10851
9494
14177
14095
12195
10687
14238
16172
12927
14539
15359
11395
10186
12939
11539
10147
8672
7029
6731
2218
2910
3444
-443
-1565
-2027
-4798
-9106
-8443
-6706
-7869
-10788
-13209
-12922
-13492
-14845
-13845
-10803
-12949
-17210
-12865
-9449
-13850
-12975
-5949
-6285
-11683
-9432
-4013
-5345
-7627
-3897
-2277
-4766
-4864
-4167
-1611
-2461
-4105
-828
-970
-3141
-3713
90
1276
-1530
592
1716
2341
1217
2517
7640
4244
6305
10803
7092
8763
10350
10978
13631
13754
13064
12534
13222
13738
14708
15016
14786
13192
11112
12445
11930
10312
10590
9636
7010
5079
3813
2290
1093
392
-1057
-4662
-6668
-7537
-9721
-8660
-6853
-12551
-15654
-11302
-13669
-16065
-12322
-10850
-14256
-17186
-11928
-10730
-14307
-10705
-7649
-7039
-10239
-10323
-3030
-5251
-7831
-2577
-1183
-4884
-5587
-1147
-819
-3366
-2741
1486
-585
-5473
-898
3106
333
-2551
3665
5267
-1611
2123
7658
6098
2820
7840
13371
5351
6055
14485
12125
10553
13375
15108
12243
9822
14634
16717
12612
11704
15347
11953
7455
12842
12384
6993
8253
8385
4633
1770
2326
2017
128
-1330
-3289
-5016
-7940
-9569
-7574
-5991
-12265
-15536
-11061
-13435
-15524
-13378
-11107
-12769
-17403
-13683
-9682
-13205
-13245
-6533
-6325
-12375
-10180
-3708
-6385
-8709
-2751
-2263
-5588
-5457
-2948
-1992
-4305
-1703
463
-2946
-4243
-897
1956
-1823
-930
4954
1082
-1423
3659
6511
4252
3476
9965
10882
4577
7218
13495
11844
10427
13589
14549
10604
9747
15878
16043
11910
13509
14070
11453
10616
12592
12075
8921
9567
8519
5759
3171
3647
4430
27
1147
-2502
-4796
-5425
-10860
-4195
-5704
-13618
-12821
-11046
-13904
-16509
-12241
-11483
-13828
-18003
-13960
-8952
-15989
-13944
-7200
-8334
-12641
-11246
-4472
-6946
-9584
-3880
-2846
-6185
-5808
-2402
-2169
-3410
-1664
202
-465
-3221
-856
3079
408
68
3952
3505
256
2922
7973
5489
2932
8531
11572
5250
5943
13707
11291
8163
12165
14836
10817
8673
14382
15075
11628
11630
13702
12718
8954
11759
13038
7959
7668
9153
6442
3091
3114
3537
812
-1254
-1301
-3035
-7015
-7945
-7039
-7663
-9593
-12924
-12656
-12344
-14889
-14463
-12398
-12035
-15190
-15255
-10204
-11539
-14026
-9323
-6218
-8871
-10279
-6845
-4556
-5936
-6095
-2491
-1579
-4915
-3890
-559
-1331
-2352
337
1315
-1228
-2487
891
2722
-432
1265
3867
1513
-218
4428
6137
2121
5150
8296
7527
4048
6920
12522
7841
8562
12766
11432
8457
9812
14167
13111
10270
12007
14722
9694
9227
14360
10677
8329
10951
9718
4788
4273
6510
2788
580
1637
-745
-4878
-6060
-5879
-8793
-7431
-8941
-14334
-12262
-13615
-15889
-14557
-13017
-13025
-17375
-15648
-11390
-13004
-13682
-11026
-7310
-8562
-11596
-6641
-3847
-6657
-4491
-1716
-2537
-3655
-3218
-739
229
-918
-365
1378
-68
-1782
1673
2013
-506
2697
3330
130
858
4379
4675
1807
4638
8806
5199
3325
7993
9448
7479
8512
12112
10333
6585
10715
13270
11534
11580
13061
12875
9638
11511
13874
11333
10927
10926
9205
6506
6570
7554
3094
1472
2865
-362
-4619
-4421
-4684
-8891
-8531
-8086
-12316
-14943
-13129
-13284
-16477
-14752
-13384
-14207
-17632
-15952
-9634
-14334
-14391
-6983
-8676
-12324
-8336
-3605
-5926
-7125
-1843
-214
-4526
-3669
758
692
-1427
-254
3073
811
-2519
1526
4356
571
83
3929
3431
142
1467
6001
4792
2010
5613
7914
3881
4733
10263
8012
7310
10507
10372
9184
9806
12987
11199
11258
13921
11984
11345
11818
12990
12100
10202
10810
10108
7058
6599
7507
3355
1210
2531
-280
-3486
-3641
-5235
-8312
-9611
-8792
-9599
-14277
-14778
-12955
-15123
-16827
-14916
-12341
-15750
-17886
-12653
-10592
-13960
-12813
-5790
-6622
-11896
-6622
-1501
-5279
-6300
148
1295
-4806
-2573
2706
710
-2079
1603
4966
-1008
-2621
3492
3371
-1007
1294
4802
1073
-2412
2953
6967
541
2751
7737
4762
3379
5826
11449
7934
6854
11906
11068
9071
9932
14676
12476
10460
13684
13703
11556
11072
14048
12317
9621
10602
10220
7578
5805
5462
4181
1836
-515
-517
-2158
-5452
-7330
-7908
-9845
-11374
-9953
-13635
-16449
-14699
-14874
-16748
-16260
-12739
-15092
-17944
-13759
-10268
-12874
-12880
-5299
-6355
-11231
-5468
-1652
-4260
-4272
746
1086
-3034
-870
1635
1227
28
2009
3013
-1296
-990
1169
1863
26
330
2880
-828
-911
2516
2869
2125
2496
5889
4734
1903
7041
8810
5707
8596
11082
9566
7933
10675
13555
10720
11906
14937
12241
10335
12997
14238
11273
10648
12070
10366
7531
7048
7990
4883
1627
2310
1175
-1925
-4141
-3581
-5871
-9869
-10057
-7685
-9811
-16555
-13159
-12397
-15492
-15819
-14342
-10060
-17790
-16397
-7996
-12257
-14108
-8224
-4016
-10050
-9871
-2709
-2953
-5530
-2695
1017
-2716
-3853
124
700
-1135
-821
1188
501
-2439
-1873
1866
656
-1800
1161
1720
-1942
-817
3709
3570
981
3335
6317
3113
2631
9283
9882
6196
9032
10823
8977
9332
12890
14316
11173
11341
13190
12292
11269
12815
14223
10568
8844
10889
8840
5969
7754
7996
2481
1084
2061
-1580
-2716
-2407
-3887
-7205
-9437
-10915
-10757
-8433
-13413
-14238
-11924
-15696
-15994
-12858
-11107
-14625
-14864
-10852
-10831
-11742
-9836
-5874
-7048
-7839
-4417
-4318
-4090
-2905
-1381
-469
-1608
-1340
-943
283
-188
-187
1290
-218
-878
-634
1375
729
-506
1783
1974
259
1193
4600
3428
2675
4783
7308
4775
4148
11089
8246
6955
10410
10052
9714
9433
12478
11996
10035
10821
11356
10807
9730
11493
11214
8876
8269
7845
7450
6531
5760
4768
3147
754
-988
170
-1560
-4359
-4323
-5585
-8308
-11389
-9651
-6571
-10920
-14645
-11974
-12201
-15833
-13210
-9152
-12362
-15857
-11980
-8190
-11401
-12456
-6273
-4397
-9345
-8407
-2678
-3888
-6658
-1796
1349
-3744
-4811
972
519
-3293
-252
3250
-339
-3335
965
3170
-490
-472
4198
2693
-1544
2601
5782
2565
1734
6248
7746
2712
5147
10164
6597
6162
9864
10728
7266
7043
12071
10068
8432
10921
10284
9192
8239
10585
11613
7766
7917
10035
7592
5393
7436
7306
3876
3614
3979
623
-1273
498
-519
-3977
-3907
-6235
-9133
-7305
-8596
-8723
-11631
-13960
-9778
-13745
-14879
-10706
-11382
-14526
-13768
-9037
-11648
-12313
-8177
-6653
-8107
-9456
-4145
-3454
-6951
-3082
-409
-3057
-3172
-85
19
-1767
466
2568
344
-491
1725
2749
1724
2407
3880
2864
2543
3926
4816
4423
4468
5748
6510
4993
5320
7989
5512
6766
9261
5407
6190
7757
7056
6578
7468
8149
5542
6238
7903
7766
6786
6623
8635
6542
5955
7816
6107
5808
6113
5620
3999
2603
2211
1261
1172
-470
-2057
-3948
-5370
-6057
-8463
-7214
-8326
-12931
-12178
-11235
-13838
-14316
-11222
-12552
-15669
-12405
-10749
-12148
-11564
-9118
-6603
-8487
-8995
-4391
-3736
-6389
-2452
1115
-3025
-3324
1117
1580
-676
623
4277
2385
-440
2960
4616
3153
2271
4110
8105
2152
1624
9495
4969
3140
7721
8429
4468
3148
8316
7079
3914
6860
8093
3209
3038
7687
6131
4421
5565
6223
4829
3837
7202
7908
4694
6181
8691
6440
5266
7017
7915
6430
5658
6353
4467
2664
2651
2078
1455
-654
-3509
-3620
-4815
-7846
-8239
-7988
-9391
-12800
-13319
-11810
-14273
-14427
-12211
-12834
-14332
-14018
-12245
-10404
-10718
-11095
-6591
-6075
-9349
-5975
-1750
-3465
-4510
814
1506
-3086
-436
3763
2073
371
3485
4723
1475
2236
4561
4297
3320
3628
5849
4148
2315
4668
5605
3795
2761
5530
4880
1025
3531
5077
1610
1919
5242
4321
427
1990
4386
2555
4739
5461
3342
4391
4427
5764
7581
7416
7051
7413
8086
7776
7565
8309
9662
7691
5891
5997
5148
3735
2169
2867
687
-2460
-3085
-3577
-5489
-8703
-7900
-6674
-9975
-13119
-11403
-12692
-14171
-11376
-11715
-12166
-13638
-12832
-9536
-9195
-10371
-7081
-3737
-8890
-5812
-675
-3997
-2600
1538
2150
-1445
66
4109
1772
1492
4561
5610
2520
1881
5905
3973
1981
5372
5445
2662
2375
3920
2706
2635
4146
3191
2802
739
1880
4060
555
2525
4767
1868
1275
1732
2139
1484
3578
5805
2820
2135
3434
4311
5341
5705
6595
6308
6087
6302
7347
8494
7041
7896
8772
5952
4883
5921
5328
2910
2171
2252
-615
-3166
-2952
-3951
-6251
-8200
-8773
-7779
-11616
-14521
-10431
-11838
-15034
-11454
-10321
-12250
-12960
-10866
-7997
-9276
-8094
-5135
-4232
-5419
-5440
62
-1208
-2974
1826
3037
-870
-402
5520
1321
1273
5686
2412
3014
2215
2406
5042
3478
2949
4585
3456
1187
2949
4738
3546
1906
3503
3730
-217
1554
4887
1244
155
2793
852
-1203
895
3378
951
-1144
1786
2367
1135
1466
4196
3767
1180
5732
7005
3837
5388
7959
8338
6713
8025
9692
7168
6736
9025
8550
4877
5128
6192
1948
487
1684
416
-3087
-4520
-4440
-8229
-8644
-6443
-9584
-12462
-11032
-11109
-13369
-12290
-10316
-10990
-12137
-10450
-7985
-9714
-8926
-3715
-4634
-6668
-2765
-906
-2650
-1442
2445
1639
-733
2379
3699
1326
2309
4733
3652
1779
3194
4342
2574
1912
3853
3592
892
2322
3190
881
1776
1827
1315
969
-17
1313
450
-939
340
476
-910
-1314
-1243
579
624
-2123
391
187
-208
4096
2204
1821
3651
3268
6540
7487
6016
7662
8275
8110
9795
10314
9260
9227
9313
8562
7678
6278
5882
5382
2925
1344
206
-1593
-3436
-4030
-4749
-8403
-9836
-7994
-9054
-12276
-11715
-10698
-12271
-11733
-10099
-9332
-11382
-9998
-5528
-7788
-7185
-3056
-4060
-4162
-1200
-524
-977
-75
1413
2057
999
2082
3137
1990
1848
3541
3612
1209
2674
3039
1109
2206
2492
1733
1252
1492
1286
715
1321
823
491
1013
186
-239
473
-62
-948
216
474
-674
-1145
-465
-157
-876
1462
666
-1054
759
814
3231
3132
1835
3696
3801
4550
5907
7268
6405
6247
8515
7162
7430
9190
8284
6937
6789
7319
4968
4723
4701
2934
2056
-700
-131
-1232
-4586
-3206
-3611
-8394
-8330
-4140
-9056
-11481
-6379
-9116
-11760
-8280
-6462
-9512
-10605
-5003
-5696
-8899
-3930
-2820
-5556
-3986
-901
-1012
-3309
-663
1721
-1315
-527
2520
923
-1052
1185
3686
402
-397
3208
1397
275
2477
2471
1323
1086
2534
2317
1178
2609
2610
1319
1870
1800
1574
1674
1299
507
-198
1142
290
-1437
97
-625
-1885
-1349
-431
143
-2235
-1458
1030
-134
590
2415
2428
1613
3511
6137
5453
6140
7831
7635
7526
9306
10152
8672
9292
10009
7748
6990
8347
7015
4475
4524
3444
405
-251
539
-2022
-5547
-4639
-5881
-8977
-7825
-7970
-10610
-11843
-10149
-9994
-11369
-9696
-10000
-10477
-8007
-7198
-7375
-6045
-4289
-5171
-3667
-430
-2532
-1830
1539
993
160
1587
2608
1381
2279
3727
2955
2037
1998
2542
2798
2689
2019
1978
1480
1422
1675
1354
1649
300
299
1235
-387
-232
1010
-1052
-1620
203
-1229
-2529
-1232
-919
-2397
-2591
-1854
-1838
-1495
-1702
-920
-507
-1068
351
2097
2737
1949
3422
5478
4505
6921
8879
6953
8052
10178
9697
9130
11130
10862
8280
9593
9596
7039
6731
6869
4868
2274
1819
1038
-1741
-2750
-2371
-5193
-8295
-7434
-7066
-9244
-10115
-9309
-10350
-11963
-9947
-8444
-9933
-9716
-8152
-7702
-7549
-5742
-4425
-4903
-3657
-2210
-1630
-965
-1102
323
1711
374
940
2240
1052
1184
2665
2051
717
1929
1476
736
2226
1245
462
911
1953
882
164
1930
748
511
1140
1603
432
-247
2076
41
-424
1442
-245
-1073
-362
114
-1095
-1206
-97
-1485
-1785
-896
-340
57
-305
-231
152
400
1330
4005
3491
1887
4033
4292
4882
7395
7685
6449
6342
8225
8645
7797
8927
8763
6862
7563
7418
5223
4925
4823
3377
1585
518
-369
-2681
-3451
-2677
-5532
-8297
-6702
-7195
-10369
-9807
-8744
-11133
-11085
-8351
-9505
-11212
-8684
-7463
-8587
-6423
-4261
-5820
-5199
-2007
-1809
-2359
-654
606
514
750
1719
1941
1142
1869
3616
3077
1659
2108
2460
1703
2441
3544
1806
558
2326
2350
686
1922
2912
645
841
2837
968
-76
2321
1896
-279
1249
1299
-1328
-223
1270
-1311
-1660
522
-2111
-2069
-353
-2263
-1314
-1322
-1618
-499
-187
-70
-62
91
453
2756
2957
2745
3885
3358
4349
5850
6475
6408
6686
7321
6384
7045
8097
6687
5911
6377
5966
4339
3855
3181
1089
634
182
-1387
-2556
-3396
-4950
-6803
-6540
-5975
-8205
-9280
-7951
-9408
-10412
-8318
-7710
-9011
-8508
-6602
-7453
-6627
-3288
-4025
-4613
-2006
-1205
-1908
-249
1421
831
1519
2070
1804
2143
2055
3319
3491
2534
2637
2320
1926
2703
3885
2051
1602
3713
2492
965
2505
3712
1787
1994
4077
1742
756
2688
1838
1310
1923
710
-624
-298
-78
-1708
-2179
-1563
-2775
-3748
-3874
-4333
-4576
-4898
-4048
-3805
-5699
-5139
-3763
-3968
-2820
-536
-1740
-2194
489
959
2543
3268
4938
5079
3668
8046
6909
6548
10521
8978
7739
9377
9696
7607
8835
9622
7169
6500
5710
4506
2825
2295
2501
-430
-1963
-1823
-4508
-5939
-5209
-5980
-7167
-7714
-8607
-9457
-9497
-8618
-7436
-8066
-8193
-7214
-7832
-6141
-4071
-4273
-3397
-2725
-2247
-1415
-929
-716
479
1494
578
1014
1342
110
860
2735
2075
1156
1808
1301
1056
2210
2693
1923
2340
2876
1989
1971
2713
3268
2539
2812
3110
1621
2064
2077
1185
1623
1125
-168
-521
-928
-1839
-2039
-2412
-3246
-3504
-3917
-4691
-4854
-4741
-5102
-4890
-3972
-4432
-5015
-3898
-3318
-3330
-1642
-935
-1456
237
681
868
2619
3431
4446
5046
5620
5878
6698
8149
8314
8908
9580
8733
8639
10206
8658
8446
9715
7675
7284
6311
5102
4695
3357
2719
1340
-189
-1784
-2620
-3139
-5244
-6366
-6398
-7318
-8520
-8818
-9396
-10244
-9370
-8882
-9004
-8666
-9328
-8414
-6702
-6744
-5764
-4440
-4692
-4327
-2436
-1681
-2310
-1299
493
466
13
975
1286
996
2214
2961
2448
1972
2438
3013
2743
3503
3716
2782
3468
3828
2935
3333
3990
3074
2892
3584
2596
1808
2119
1905
1336
1097
664
-620
-647
-677
-1827
-1761
-1788
-2867
-3247
-3064
-3770
-3653
-3244
-3718
-3759
-3860
-3958
-3554
-2350
-2334
-2663
-1773
-1655
-1143
225
1035
676
1190
2255
2111
3278
4627
4364
4470
5542
6035
6061
6855
7435
7274
7185
7759
7900
7052
7158
7319
6435
6196
5534
4544
3983
2739
2405
1253
-519
-457
-1815
-3352
-3730
-5320
-6697
-6308
-6416
-8222
-8637
-8827
-9948
-8850
-7870
-8972
-8901
-7944
-8250
-7435
-5393
-5776
-5850
-3528
-3648
-3975
-1783
-1434
-1242
119
330
751
1182
1114
2174
3243
2693
2884
3837
3067
3006
4536
4343
3468
4301
4614
3739
3944
4364
3812
3738
3941
3363
2928
2737
2220
1889
1621
1092
504
92
-295
-1065
-1697
-1706
-2096
-2869
-3056
-3379
-3998
-4057
-3858
-4333
-4799
-4471
-4289
-4322
-4186
-3710
-3488
-3451
-2882
-2062
-1034
-1072
-704
891
1013
1508
3646
4466
4106
5235
6556
6678
7767
9080
9089
8821
9104
9766
9818
9543
9170
8892
8398
6948
6546
6055
4165
3235
2357
791
-759
-2179
-2843
-3944
-5964
-6598
-6634
-8221
-8506
-8171
-9961
-10025
-9057
-9052
-8490
-8721
-8495
-7538
-7504
-6547
-5095
-5189
-5179
-4012
-3488
-3455
-2633
-1802
-1523
-1070
-555
-449
-260
363
1280
1739
1511
1873
2371
2358
2932
3734
3840
3766
4293
4542
4594
4849
5146
5703
5324
5040
5092
4689
4676
4217
3590
3337
2709
2144
2136
1235
-254
-51
83
-1185
-1670
-1718
-2986
-3800
-3141
-3290
-4530
-4796
-4504
-5071
-5395
-4808
-4506
-4672
-4483
-4105
-4198
-4031
-2950
-2130
-1864
-1464
-1219
-799
265
1406
2166
2416
2813
3847
4548
5117
6251
6667
6660
7430
8039
7848
8117
8722
8383
8309
8412
7509
6696
6577
5977
5165
4730
3352
2388
1718
213
-334
-1222
-2317
-3120
-4585
-5079
-6293
-7774
-7495
-7945
-8776
-9435
-10049
-10173
-10510
-9896
-8879
-9581
-9725
-8458
-8682
-7958
-5783
-5830
-5818
-4281
-3731
-3480
-1976
-946
-501
121
952
1877
1906
2436
3407
3987
4426
4583
5047
5160
5177
5939
6496
6234
6219
6393
6030
6271
6459
5957
6112
5969
5084
4981
4952
4019
3541
3696
2862
1716
1539
1092
-255
-681
-532
-1546
-2385
-2763
-3190
-3954
-4491
-4301
-4661
-4963
-5162
-4969
-5221
-5725
-4936
-4371
-3933
-4050
-3942
-3365
-3381
-1996
-337
-545
-687
478
786
1383
3386
3770
3565
4377
4680
5206
6263
6268
6532
7223
6582
6483
7093
6353
6005
6313
5473
4749
4307
2918
2256
2402
1133
-168
-689
-1950
-3404
-3591
-3736
-5104
-5824
-6292
-7181
-7964
-7666
-7181
-8312
-8072
-7794
-8492
-7849
-7046
-6672
-6820
-6097
-5430
-5429
-4024
-3519
-3507
-2278
-1690
-1267
-469
-33
499
1423
1973
2319
3079
3211
3538
4533
4856
5196
5612
5916
6079
6303
6901
6844
7055
7272
6864
6727
6814
6822
6055
6079
6022
4726
4593
4477
3423
2593
2511
1914
391
321
-83
-1828
-2086
-2020
-3026
-3880
-4209
-4732
-5468
-5529
-5611
-6088
-6462
-6647
-6487
-6675
-6813
-6541
-6482
-6390
-6198
-5675
-5354
-5369
-4707
-3949
-3584
-3410
-2475
-1260
-1633
-1065
771
743
1183
2927
2885
2694
4162
4739
4848
5834
6056
5772
6015
6624
6814
6455
6608
6764
5973
5547
5961
5340
4529
4801
4183
2971
2698
2317
1235
967
1038
-394
-1128
-1410
-2585
-2458
-2761
-3708
-3827
-4542
-5355
-5270
-4962
-5235
-5482
-5572
-5715
-5827
-5527
-4535
-4366
-4604
-3958
-3648
-3499
-2285
-1501
-1540
-843
-318
-19
849
1298
1609
2091
2489
2764
2914
3410
3505
3404
3702
3916
3827
3406
3626
3711
3098
3326
3448
2752
2604
2709
2218
1863
1872
1514
1068
653
359
41
-688
-880
-1023
-1760
-2185
-2321
-2816
-3406
-3346
-3360
-3933
-4179
-3877
-4226
-4550
-3775
-3836
-4189
-3616
-3457
-3551
-2948
-2363
-2304
-1980
-1511
-1225
-875
-327
263
459
585
1015
1514
1788
2010
2469
2602
2405
2922
3560
3317
3319
3749
3572
3544
4125
4156
3767
3841
3837
3693
3827
3697
3496
3437
2938
2886
3118
2389
2303
2373
1387
1430
1508
667
615
412
-337
-588
-714
-1101
-1517
-1869
-2247
-2585
-2971
-3145
-3260
-3902
-4105
-4059
-4591
-4522
-4271
-4845
-4987
-4512
-4723
-4801
-4045
-3980
-4240
-3779
-3286
-3072
-2692
-2007
-1732
-1557
-996
-479
5
269
826
1389
1270
1737
2287
2327
2606
2929
3073
3029
3192
3186
3208
3368
3184
3231
3060
2760
2657
2681
2562
2054
2057
1818
1136
1216
1335
709
309
345
-100
-363
-210
-715
-1011
-908
-1418
-1473
-1390
-1748
-1775
-1965
-1958
-1780
-1885
-1839
-1704
-1653
-1687
-1353
-1154
-1136
-820
-847
-659
-256
-109
130
205
444
654
702
1154
1278
1293
1525
1490
1751
1928
1822
1943
2021
2056
1959
1994
2231
1904
1663
2118
1805
1318
1716
1305
985
1171
663
579
468
48
-32
-316
-631
-851
-1092
-1266
-1660
-1939
-1949
-2308
-2458
-2336
-2696
-2860
-2700
-2791
-2723
-2529
-2587
-2519
-2427
-2407
-1974
-1697
-1790
-1410
-1176
-1388
-829
-202
-385
-173
237
116
435
972
984
1185
1359
1162
1449
1770
1584
1759
1895
1450
1426
1664
1440
1403
1545
1135
642
686
827
636
421
251
-229
-540
-256
-191
-517
-651
-928
-1206
-866
-602
-742
-799
-914
-915
-600
-370
-182
-31
-111
-15
351
647
928
1092
1182
1335
1518
1761
2011
2092
2155
2274
2032
2203
2389
2023
2117
2053
1748
1548
1342
1092
806
629
268
-223
-509
-703
-1338
-1243
-1385
-2261
-2064
-2483
-2724
-2264
-2736
-2898
-2726
-3121
-2949
-2181
-2521
-2581
-2002
-2233
-2048
-1263
-1068
-1239
-921
-552
-448
-158
129
204
239
442
630
780
940
992
979
990
1192
1274
1210
1399
1382
1186
1343
1487
1433
1405
1379
1247
1173
1251
1152
1042
954
662
539
512
296
128
97
-170
-558
-525
-557
-842
-905
-969
-1094
-1223
-1203
-1066
-1161
-1142
-1043
-985
-865
-740
-539
-430
-271
-118
35
257
413
594
728
912
916
962
1358
1313
1200
1483
1380
1125
1261
1339
1165
1026
941
775
641
564
504
427
116
-130
-142
-247
-353
-410
-531
-704
-842
-797
-758
-802
-829
-952
-904
-849
-1025
-717
-681
-1148
-829
-777
-1080
-674
-756
-1072
-801
-982
-1105
-721
-930
-1174
-967
-1014
-1108
-935
-763
-889
-1056
-804
-559
-650
-489
-163
-256
-285
90
318
363
554
689
762
907
1038
1272
1424
1348
1357
1564
1583
1529
1727
1683
1456
1430
1492
1459
1327
1289
1206
1012
865
913
905
700
686
586
353
385
407
312
299
280
111
39
136
103
106
102
6
-40
-100
-57
19
-32
-134
-166
-280
-423
-300
-340
-534
-537
-679
-858
-824
-771
-889
-1010
-1027
-1196
-1276
-1165
-1125
-1253
-1321
-1229
-1364
-1411
-1158
-1087
-1290
-1172
-936
-1177
-1042
-637
-760
-859
-592
-550
-751
-524
-211
-422
-526
-123
-212
-470
21
174
-157
-9
210
41
91
423
428
382
507
525
644
884
925
1010
1214
1111
1126
1497
1454
1378
1617
1516
1381
1513
1550
1514
1485
1393
1330
1253
1107
1123
1109
878
781
749
537
443
477
343
232
223
83
25
108
22
-27
89
-47
-194
-22
-45
-174
-104
-118
-250
-367
-325
-285
-452
-534
-471
-655
-910
-762
-810
-1175
-1086
-1099
-1444
-1399
-1340
-1567
-1587
-1527
-1701
-1710
-1598
-1684
-1630
-1530
-1538
-1462
-1405
-1305
-1147
-1076
-902
-681
-648
-515
-261
-163
-22
208
308
359
488
622
757
875
920
989
1071
1037
1070
1239
1211
1104
1194
1185
1001
1038
1154
977
891
956
808
701
792
778
688
678
561
509
541
404
488
533
281
342
427
266
363
471
351
320
323
277
295
298
264
269
161
29
103
102
-54
-44
-33
-282
-369
-212
-332
-452
-326
-463
-683
-595
-537
-621
-570
-523
-635
-670
-580
-491
-466
-434
-346
-396
-418
-225
-152
-184
-66
-2
-135
-105
70
24
-24
89
25
-145
-86
-8
-105
-136
-122
-243
-351
-310
-265
-321
-360
-361
-471
-548
-413
-359
-398
-283
-281
-399
-265
-98
-108
-6
147
74
57
288
382
375
524
531
431
486
547
589
628
537
497
497
349
387
498
315
169
184
70
-81
4
52
-157
-241
-210
-348
-388
-248
-313
-415
-344
-414
-436
-259
-274
-288
-161
-227
-245
-67
-38
-62
53
75
7
97
191
155
197
254
185
187
259
229
251
315
269
264
301
263
276
335
330
344
379
355
354
392
391
403
436
387
336
347
310
279
281
231
135
70
55
-6
-58
-73
-187
-322
-361
-436
-498
-470
-550
-654
-641
-724
-755
-637
-667
-721
-660
-680
-696
-561
-476
-491
-433
-375
-368
-263
-112
-72
-31
75
86
114
275
308
264
360
360
277
373
426
338
330
332
244
204
246
240
163
126
113
45
-5
59
73
-51
-9
78
-86
-6
185
-35
36
218
-7
115
258
95
189
215
125
220
200
203
272
158
167
191
63
94
104
-3
-13
-17
-79
-103
-82
-111
-158
-140
-153
-194
-163
-158
-194
-173
-150
-152
-118
-76
-73
-63
-32
-17
-1
49
76
62
86
116
87
107
144
80
58
73
-2
-19
9
-72
-119
-116
-191
-220
-183
-221
-260
-255
-281
-296
-264
-239
-232
-227
-210
-180
-136
-54
21
56
101
156
191
260
333
356
372
391
404
435
475
497
492
457
422
406
378
354
330
254
166
111
49
-8
-43
-102
-185
-249
-302
-349
-381
-413
-455
-499
-517
-509
-495
-471
-457
-449
-434
-407
-351
-295
-258
-223
-217
-205
-160
-135
-88
-35
-42
-29
-1
-6
18
38
30
39
25
10
29
15
-4
11
-4
-17
21
25
10
41
38
6
52
95
84
124
170
148
164
223
240
269
327
338
340
368
374
381
411
427
434
438
434
435
426
410
410
394
359
343
324
271
233
205
149
101
82
47
-3
-32
-64
-125
-159
-169
-201
-229
-231
-266
-315
-320
-335
-373
-364
-349
-388
-395
-374
-398
-409
-374
-378
-396
-371
-364
-381
-360
-344
-354
-343
-313
-308
-301
-271
-265
-282
-266
-245
-248
-218
-178
-180
-168
-134
-133
-119
-77
-65
-54
-21
-2
15
42
61
87
105
124
159
180
187
207
220
225
244
262
278
294
306
319
335
349
365
368
375
381
364
356
363
351
346
361
352
341
347
331
315
311
293
275
269
251
230
220
206
189
183
176
157
141
126
104
86
76
63
48
38
21
5
-11
-31
-52
-69
-94
-116
-137
-159
-187
-210
-225
-248
-275
-291
-317
-349
-363
-380
-405
-416
-426
-446
-450
-455
-466
-469
-470
-478
-476
-470
-465
-452
-438
-420
-406
-390
-368
-357
-343
-316
-300
-279
-238
-207
-179
-136
-104
-73
-36
-5
30
61
87
126
154
179
214
236
259
288
306
326
350
367
384
402
416
423
435
445
438
439
441
421
412
409
387
372
362
337
317
302
283
266
249
235
220
201
188
175
157
142
132
117
100
91
75
62
54
43
33
23
8
-4
-11
-22
-35
-48
-64
-83
-97
-107
-122
-138
-151
-168
-188
-204
-218
-237
-248
-263
-277
-284
-298
-307
-310
-319
-323
-318
-321
-319
-308
-307
-302
-289
-285
-276
-260
-249
-240
-228
-222
-217
-209
-200
-193
-180
-168
-157
-141
-124
-108
-92
-78
-66
-55
-41
-29
-15
-1
16
36
60
80
96
117
134
151
173
196
216
236
255
270
283
299
312
323
344
354
361
374
374
371
380
376
368
370
357
344
331
307
286
264
235
214
191
164
139
112
85
58
31
9
-13
-32
-44
-56
-68
-77
-87
-95
-103
-111
-119
-126
-131
-133
-133
-132
-132
-138
-145
-153
-159
-165
-170
-176
-188
-199
-211
-220
-227
-229
-231
-233
-237
-240
-243
-246
-244
-242
-239
-235
-229
-222
-215
-204
-195
-187
-177
-167
-158
-144
-134
-120
-108
-96
-82
-69
-57
-44
-31
-17
-3
12
24
38
50
64
75
87
103
120
138
155
168
180
191
201
211
218
227
235
243
247
247
244
241
240
238
238
236
234
230
227
225
219
213
206
199
187
170
151
133
118
104
90
69
51
33
17
5
-10
-27
-42
-58
-75
-92
-108
-124
-134
-143
-150
-157
-165
-175
-183
-190
-196
-198
-197
-193
-190
-186
-183
-182
-181
-178
-176
-172
-167
-162
-158
-156
-154
-151
-148
-141
-133
-123
-115
-106
-99
-94
-89
-82
-74
-61
-48
-34
-19
-7
2
13
24
33
45
53
61
68
73
80
85
94
103
113
123
130
134
138
143
150
157
164
173
178
182
185
190
195
201
201
200
197
194
193
189
185
176
167
158
149
139
129
114
95
76
57
41
28
16
3
-11
-26
-42
-57
-71
-82
-92
-103
-117
-131
-146
-153
-160
-164
-171
-180
-192
-200
-206
-209
-212
-214
-214
-212
-208
-203
-199
-195
-190
-185
-178
-170
-162
-151
-140
-133
-126
-120
-118
-112
-107
-98
-86
-74
-61
-49
-38
-29
-20
-11
-2
9
20
35
49
67
84
99
115
132
149
165
178
189
197
205
214
221
228
232
235
237
237
237
236
231
224
217
212
208
206
206
203
197
191
180
167
152
136
121
108
98
88
77
67
56
43
29
13
-3
-21
-38
-55
-73
-91
-108
-124
-140
-154
-164
-174
-181
-188
-194
-200
-207
-214
-224
-233
-242
-250
-254
-256
-255
-254
-254
-251
-245
-240
-238
-237
-232
-222
-212
-199
-184
-165
-146
-131
-117
-101
-86
-73
-60
-45
-30
-16
0
15
29
41
54
66
77
90
102
114
125
135
147
157
167
177
186
193
198
201
202
204
206
210
212
214
216
217
216
213
208
201
195
188
181
173
164
153
144
138
132
125
117
108
98
87
76
64
49
37
25
13
1
-10
-21
-32
-43
-54
-65
-75
-84
-93
-101
-108
-114
-120
-127
-132
-138
-142
-149
-153
-158
-157
-158
-157
-155
-154
-153
-152
-151
-150
-147
-143
-139
-131
-126
-119
-114
-107
-102
-98
-94
-91
-87
-81
-76
-72
-68
-61
-53
-44
-35
-29
-21
-15
-6
0
6
11
13
16
20
22
26
31
38
45
54
60
65
71
76
79
81
83
86
87
89
89
91
90
91
94
94
96
98
99
100
98
96
94
92
89
86
83
81
78
74
71
67
65
64
60
57
52
47
44
43
41
40
37
34
30
28
26
22
17
12
9
6
5
2
0
-3
-7
-9
-14
-17
-22
-26
-29
-33
-38
-43
-48
-50
-53
-56
-56
-56
-55
-55
-58
-61
-65
-67
-68
-69
-70
-70
-71
-70
-72
-73
-75
-77
-80
-82
-84
-85
-85
-85
-82
-80
-77
-74
-70
-67
-63
-58
-53
-48
-41
-36
-31
-27
-24
-20
-16
-11
-6
1
8
14
23
29
36
42
46
52
58
63
68
72
73
75
80
85
91
98
103
106
107
108
109
108
107
105
103
99
97
93
91
87
82
79
74
69
63
58
52
46
41
36
30
26
20
13
5
-3
-10
-16
-22
-28
-34
-39
-46
-53
-61
-68
-72
-75
-79
-81
-83
-84
-86
-88
-89
-90
-91
-91
-92
-92
-92
-92
-94
-94
-94
-94
-92
-90
-85
-82
-78
-73
-69
-63
-59
-53
-46
-39
-33
-26
-19
-12
-7
-2
5
11
19
24
31
36
42
46
52
57
63
69
76
82
87
95
98
102
105
109
110
111
113
115
116
114
112
111
108
105
101
96
92
87
82
75
70
63
55
47
40
29
22
14
4
-3
-13
-22
-33
-43
-53
-63
-72
-79
-85
-90
-92
-93
-95
-98
-100
-104
-107
-109
-109
-108
-106
-103
-102
-101
-102
-99
-97
-92
-87
-80
-72
-66
-60
-54
-50
-45
-41
-34
-28
-22
-16
-10
-4
1
6
12
16
21
27
32
36
41
45
49
54
57
61
66
69
73
75
76
79
80
82
83
84
83
82
81
78
75
71
68
62
60
54
51
46
40
35
29
24
20
16
12
9
6
0
-4
-9
-13
-18
-22
-26
-31
-35
-40
-43
-46
-49
-50
-53
-55
-57
-59
-62
-64
-66
-68
-69
-69
-69
-68
-67
-65
-61
-59
-56
-54
-53
-49
-46
-43
-37
-32
-27
-23
-17
-13
-8
-5
0
3
9
10
16
19
24
29
33
36
40
40
41
42
45
49
54
58
61
61
60
57
54
51
51
50
51
51
53
53
53
51
48
45
42
40
37
35
31
29
25
22
17
12
7
3
-2
-7
-13
-19
-24
-29
-32
-36
-36
-36
-38
-38
-38
-38
-38
-39
-40
-40
-41
-41
-42
-40
-40
-39
-36
-34
-33
-32
-30
-26
-22
-20
-21
-22
-22
-18
-14
-11
-10
-12
-11
-10
-6
-6
-5
-4
-2
0
2
4
5
6
6
6
4
3
0
-1
-1
-2
0
1
3
7
8
10
11
12
13
13
13
13
14
15
16
16
14
12
9
9
7
6
7
7
6
6
4
1
-2
-3
-2
-2
0
3
7
11
13
16
15
16
17
15
15
15
15
16
17
17
18
17
16
16
14
13
12
11
12
11
12
12
14
14
13
13
14
15
14
17
17
19
20
20
20
18
17
15
13
10
9
6
3
1
-1
-4
-6
-5
-8
-9
-11
-13
-16
-18
-20
-23
-25
-27
-30
-30
-33
-33
-35
-35
-38
-38
-38
-39
-41
-41
-42
-44
-45
-47
-48
-48
-48
-47
-45
-42
-39
-37
-34
-32
-30
-29
-26
-24
-21
-18
-14
-10
-8
-5
-2
1
4
8
12
17
22
28
33
37
41
44
46
48
50
52
55
58
62
64
67
69
70
70
71
71
71
69
68
66
64
61
58
57
55
53
49
45
40
33
29
25
20
19
16
14
10
8
4
-1
-6
-13
-17
-22
-27
-32
-37
-41
-46
-51
-56
-61
-65
-68
-71
-74
-76
-78
-79
-80
-81
-83
-82
-83
-82
-82
-80
-78
-76
-73
-69
-67
-63
-60
-57
-55
-50
-47
-43
-39
-34
-29
-22
-17
-11
-6
0
6
12
19
24
30
35
39
42
46
48
52
54
57
60
62
65
67
69
72
75
79
84
89
94
99
102
105
107
106
106
104
101
98
93
89
84
78
72
66
58
52
44
37
30
23
14
5
-4
-12
-20
-26
-34
-41
-45
-50
-55
-60
-66
-71
-74
-79
-83
-85
-89
-92
-94
-97
-99
-100
-102
-100
-99
-98
-95
-92
-89
-86
-84
-80
-78
-75
-71
-66
-61
-55
-49
-44
-39
-35
-32
-29
-25
-20
-14
-7
-1
6
12
16
23
29
36
42
50
56
61
66
69
71
75
76
79
78
78
78
78
78
76
77
76
77
76
76
76
75
73
70
69
64
61
57
51
45
40
34
27
21
17
11
6
3
0
-3
-7
-11
-14
-17
-20
-23
-25
-27
-30
-34
-37
-42
-46
-50
-54
-56
-59
-60
-61
-63
-63
-64
-64
-63
-62
-62
-61
-61
-59
-58
-55
-53
-49
-45
-40
-36
-31
-26
-21
-18
-14
-11
-10
-8
-6
-5
-4
-1
2
7
10
14
17
20
22
23
25
26
28
30
33
35
37
38
40
42
43
45
46
46
46
46
46
44
44
44
42
42
42
42
41
41
40
37
36
31
26
21
17
11
8
3
0
-3
-5
-8
-11
-14
-19
-21
-23
-26
-28
-30
-30
-32
-32
-32
-33
-35
-33
-34
-36
-37
-36
-36
-35
-34
-32
-31
-30
-29
-29
-29
-27
-26
-24
-22
-19
-17
-15
-13
-10
-8
-5
-4
-2
2
2
3
6
6
8
8
11
12
15
15
17
17
18
19
20
22
21
24
26
28
30
31
30
29
27
25
24
23
22
22
21
19
18
16
14
12
11
9
8
7
7
6
6
5
4
2
2
0
-1
-4
-5
-8
-9
-12
-15
-16
-17
-18
-18
-18
-18
-18
-19
-18
-18
-16
-16
-16
-15
-15
-15
-15
-15
-13
-13
-12
-11
-11
-10
-7
-7
-5
-4
-4
-3
-2
-3
-3
-2
-1
1
2
3
3
5
3
4
2
3
3
4
6
7
10
12
14
15
15
15
15
15
15
16
15
14
13
11
9
7
6
6
6
5
5
3
2
1
-1
-1
-2
-3
-3
-6
-8
-9
-10
-12
-11
-11
-10
-8
-9
-9
-8
-9
-9
-9
-9
-10
-9
-8
-7
-6
-4
-2
-3
-2
-2
-1
-1
-1
1
2
3
4
4
5
6
6
5
5
5
3
3
3
4
4
5
5
4
5
4
4
4
4
4
4
5
6
6
6
5
4
2
2
1
2
2
2
2
3
1
1
0
0
-1
-2
-4
-5
-5
-6
-6
-5
-3
-4
-3
-3
-4
-3
-4
-5
-4
-2
-3
-2
-2
-2
-3
-3
-4
-4
-3
-2
-2
-2
-2
-4
-6
-5
-6
-7
-7
-8
-8
-9
-7
-7
-6
-7
-7
-6
-5
-3
-2
0
-1
0
1
2
4
4
5
6
9
11
12
13
13
13
12
11
12
10
11
10
10
10
11
10
10
9
8
9
8
7
6
7
6
6
5
4
3
1
0
-1
-2
-2
-2
-4
-3
-5
-6
-7
-8
-9
-10
-10
-9
-11
-11
-13
-12
-13
-12
-12
-12
-10
-9
-8
-8
-7
-6
-5
-4
-3
-2
-2
-1
-1
-1
-1
0
0
1
2
3
3
4
4
4
4
4
4
4
4
5
5
6
7
6
7
6
5
5
5
4
3
1
1
1
0
0
0
0
0
0
0
0
0
0
0
0
0
0
1
1
2
2
3
2
3
0
0
0
0
0
0
0
0
1
0
0
0
0
0
-2
-1
-2
-2
-2
-1
-1
0
0
0
0
-1
-2
-4
-5
-5
-7
-7
-6
-6
-5
-4
-3
-3
-2
-1
-1
0
1
2
1
3
3
3
3
3
3
3
4
3
4
4
5
5
6
6
6
6
5
6
5
3
3
2
1
1
0
0
0
-1
-1
-1
-1
-1
-1
0
0
0
1
0
-2
-3
-3
-3
-3
-4
-3
-3
-3
-4
-4
-5
-4
-5
-4
-3
-3
-3
-3
-2
-3
-3
-2
-3
-1
-1
-1
0
0
1
1
2
2
2
3
2
3
2
3
2
0
1
1
0
0
0
0
0
0
0
0
0
1
0
0
2
1
1
1
2
1
1
1
0
1
1
1
1
1
1
1
2
2
3
4
3
3
2
1
1
3
3
3
3
3
3
3
2
2
2
1
2
2
1
0
