SAMPLES:	17274
BITSPERSAMPLE:	16
CHANNELS:	1
SAMPLERATE:	16000
NORMALIZED:	FALSE
0
0
-1
0
0
0
0
0
0
-1
0
0
0
0
0
0
-1
0
-1
0
0
0
0
1
0
0
0
0
0
0
0
0
0
0
0
0
1
0
0
0
0
1
1
0
1
2
1
0
0
0
0
0
0
-1
-1
0
0
0
1
0
-1
0
0
-1
0
0
0
-1
0
-1
0
-1
-1
-1
-1
-1
0
-1
0
0
-1
1
0
0
1
-1
2
1
-1
3
-3
3
-3
1
0
0
1
0
0
0
1
0
0
0
-1
1
1
1
-1
1
1
1
1
1
1
0
0
0
0
0
1
0
1
0
0
0
0
0
-1
0
1
0
0
-1
0
-1
0
0
-1
0
0
0
0
0
0
0
0
0
0
0
0
0
0
0
0
0
0
0
0
0
0
0
0
0
0
0
0
0
0
0
0
0
-1
0
0
0
0
0
0
0
-1
0
0
0
0
0
0
0
0
0
0
0
0
0
0
0
1
-1
0
0
0
1
-1
1
0
-1
1
0
-1
2
-3
3
-2
2
-1
0
0
0
-1
0
0
1
1
1
0
1
0
0
0
-1
-1
-1
-1
0
-1
0
0
0
0
0
0
-1
-1
0
-1
0
0
0
-1
0
-1
-1
-1
-1
-1
-1
0
-1
0
0
0
0
0
0
0
0
0
1
1
0
0
0
0
0
0
0
0
0
0
0
1
0
0
0
0
0
1
1
0
0
0
0
0
-1
0
0
1
1
1
1
2
1
1
2
0
0
0
1
0
0
1
0
1
1
0
-1
0
-1
0
0
0
1
-1
0
1
-2
1
0
-3
3
-3
4
-3
1
-1
-1
0
0
0
0
1
0
0
1
0
0
0
1
0
0
0
-1
0
0
0
0
0
0
0
0
0
-1
0
-1
0
0
-1
-1
0
0
0
0
0
0
0
0
0
0
-1
0
1
0
0
0
0
0
0
0
-1
0
1
0
0
0
0
-1
0
-1
-1
0
0
0
0
1
0
0
0
0
0
0
0
0
1
1
0
1
-1
0
0
0
0
0
0
0
0
0
0
0
0
0
0
0
0
0
0
0
1
-1
0
0
0
1
-1
0
1
-2
2
0
0
2
-3
4
-3
2
-1
0
0
1
-1
0
0
0
0
0
1
0
0
0
0
1
1
1
2
0
0
1
-1
-1
0
0
0
0
0
0
0
0
0
0
0
-1
0
0
0
1
0
0
0
0
1
0
-1
-1
0
0
0
-1
0
0
0
0
0
-1
0
0
0
0
-1
0
0
0
0
0
0
0
0
0
0
0
0
0
0
-1
0
0
0
0
0
0
0
0
0
1
0
-1
0
0
0
0
0
0
0
0
0
1
1
0
1
0
1
0
0
1
-1
-1
1
-1
1
0
-1
3
-3
3
-3
2
-1
0
0
1
0
0
0
0
0
0
0
1
0
0
0
1
1
0
0
0
-1
1
1
-1
-1
-1
0
0
0
0
1
0
0
0
1
0
0
0
0
0
-1
0
0
0
0
0
0
0
0
0
0
-1
-1
-1
0
0
0
0
-1
0
0
0
0
0
0
0
0
0
1
0
1
0
0
0
0
0
0
1
-1
0
1
-1
0
0
0
0
0
0
0
-1
0
0
0
-1
0
-1
0
0
0
0
0
-1
1
-1
0
0
0
1
-2
0
1
-1
1
0
-1
3
-3
2
-4
2
-1
0
0
0
1
0
0
0
0
0
-1
0
-1
0
-1
0
-1
-1
0
0
1
0
1
0
0
1
-1
1
0
0
0
-1
-1
0
0
0
-1
0
-1
0
0
0
-1
0
0
0
0
2
1
1
1
1
1
1
2
0
1
0
0
0
0
0
0
1
0
0
0
1
1
0
0
0
0
0
0
0
0
-1
1
0
0
0
0
0
0
0
1
0
0
-1
0
0
0
-1
-1
0
0
1
0
-1
0
0
1
-1
1
0
-2
-1
-1
-1
-1
0
1
1
-1
3
-3
3
-3
2
0
0
0
0
-1
0
0
0
0
0
1
-1
0
1
0
1
1
1
1
0
1
2
1
1
1
1
0
0
-1
0
0
-1
0
0
-1
0
0
0
0
0
0
0
0
1
0
0
-1
1
0
0
-1
-1
0
0
0
1
-1
0
0
0
-1
1
0
0
0
1
-1
0
0
0
0
0
0
0
0
0
0
0
-1
0
0
0
0
0
-1
-1
-1
-2
-3
-2
-5
-5
-6
-8
-7
-9
-9
-10
-10
-10
-10
-9
-8
-7
-6
-5
-4
-2
-1
-1
0
1
1
2
2
3
3
2
3
4
4
2
3
4
3
4
7
7
9
11
11
15
20
19
27
32
35
45
49
50
61
61
60
67
59
53
53
35
28
20
0
-8
-19
-39
-46
-63
-86
-96
-118
-140
-150
-169
-182
-180
-183
-180
-162
-150
-134
-100
-84
-60
-25
-10
14
43
46
64
80
71
83
89
71
79
73
50
53
35
13
18
0
-10
-2
-15
-17
-4
-15
-9
4
-3
10
23
18
39
51
55
78
85
91
111
113
118
131
133
138
148
148
150
155
147
144
139
120
104
84
49
20
-12
-58
-95
-132
-193
-248
-298
-376
-442
-488
-553
-586
-581
-593
-557
-492
-440
-353
-250
-167
-67
38
119
202
283
332
378
414
414
417
402
362
338
282
219
188
113
50
29
-40
-80
-89
-134
-144
-133
-148
-123
-91
-79
-36
5
28
68
105
127
157
189
206
224
254
262
279
317
315
334
372
349
361
376
327
328
303
227
211
132
28
-7
-130
-246
-301
-450
-566
-640
-796
-894
-964
-1093
-1151
-1162
-1188
-1101
-968
-880
-685
-475
-348
-111
104
219
448
593
641
804
829
798
870
781
683
663
484
348
287
79
-18
-56
-248
-272
-249
-386
-336
-270
-352
-244
-160
-183
-32
34
34
196
258
251
421
477
443
622
640
583
758
732
682
835
762
735
852
748
765
805
642
654
595
377
330
145
-128
-234
-468
-722
-869
-1167
-1456
-1651
-1977
-2238
-2346
-2549
-2621
-2457
-2399
-2198
-1775
-1527
-1155
-640
-360
58
507
689
1042
1313
1303
1521
1582
1372
1458
1335
972
970
711
304
319
31
-278
-159
-402
-544
-320
-498
-449
-153
-267
-48
242
179
477
700
675
976
1130
1072
1335
1413
1250
1512
1512
1286
1596
1500
1302
1580
1347
1249
1406
1071
1058
1002
550
534
280
-258
-373
-766
-1307
-1529
-1964
-2507
-2840
-3233
-3682
-3845
-3855
-3966
-3830
-3579
-3468
-2973
-2525
-2232
-1423
-946
-581
320
639
965
1688
1751
1951
2315
2103
2131
2158
1676
1602
1450
776
764
538
-155
-36
-247
-698
-457
-530
-614
-320
-214
-43
264
498
733
1123
1341
1491
2046
2073
2082
2794
2526
2435
3165
2626
2556
3049
2410
2422
2474
1897
1936
1540
989
995
289
-358
-424
-1241
-1977
-2147
-2830
-3544
-3766
-4174
-4730
-4833
-4979
-5194
-4986
-4931
-4709
-4128
-3980
-3396
-2520
-2345
-1559
-607
-430
302
1045
1163
1640
2045
2017
2298
2317
2034
2251
1877
1414
1700
1108
653
981
444
167
489
233
193
481
531
745
1026
1230
1638
1925
2107
2520
2851
2912
3124
3498
3389
3344
3644
3315
3102
3196
2642
2356
2200
1474
1100
742
-112
-608
-1099
-1988
-2559
-3110
-3846
-4386
-4883
-5316
-5681
-6008
-6100
-6132
-6215
-5940
-5604
-5368
-4775
-4203
-3622
-2874
-2228
-1432
-700
-110
651
1231
1666
2167
2504
2715
2885
2958
2958
2876
2759
2673
2498
2270
2234
2118
1910
1970
2014
1994
2121
2351
2636
2794
3074
3472
3627
3895
4157
4266
4437
4354
4234
4210
3842
3412
3066
2496
1782
1115
423
-394
-1275
-2149
-2906
-3789
-4801
-5267
-5864
-6919
-7054
-7214
-8069
-7862
-7587
-7915
-7507
-7022
-6620
-6042
-5462
-4503
-3716
-3202
-2156
-1119
-694
59
1129
1544
1791
2630
3076
2925
3405
3710
3594
3625
3643
3800
3675
3417
3825
3995
3379
4011
4566
3940
4630
5253
5028
5382
5906
5979
6032
6202
6133
6159
5624
5254
5166
3989
3267
2858
1434
353
-421
-1787
-3069
-4099
-5170
-6436
-7451
-8018
-9037
-9730
-9752
-10267
-10527
-10143
-9933
-9669
-9058
-8225
-7462
-6785
-5689
-4532
-3807
-2853
-1616
-889
-268
729
1505
1863
2418
3091
3260
3400
3793
3945
3983
4053
4230
4397
4313
4539
5014
4967
5187
5902
5958
6168
6963
7104
7241
7786
7891
7946
7940
7801
7754
7107
6495
6221
5044
3929
3284
1917
460
-649
-1899
-3537
-4916
-5727
-7305
-8602
-8927
-10151
-11015
-10865
-11424
-11662
-11183
-11042
-10613
-9886
-9195
-8210
-7361
-6490
-5209
-4255
-3466
-2199
-1180
-632
304
1295
1617
2158
2922
3114
3480
3749
4009
4374
4219
4599
5036
4912
5147
5734
5890
5888
6572
6937
6934
7383
7780
7920
7964
8119
8244
7941
7559
7484
6970
6063
5538
4786
3553
2555
1575
193
-1093
-2247
-3696
-4992
-6054
-7397
-8509
-9193
-10212
-11020
-11178
-11639
-12061
-11715
-11492
-11393
-10670
-9905
-9255
-8291
-7273
-6192
-5110
-4132
-2864
-1748
-971
146
1170
1735
2458
3244
3717
4020
4448
4907
5020
5141
5567
5746
5732
6089
6461
6491
6691
7200
7424
7435
7878
8306
8203
8305
8765
8610
8199
8360
8112
7391
6887
6441
5661
4332
3513
2713
864
-447
-1375
-3131
-4870
-5978
-7188
-9006
-10198
-10769
-12040
-13080
-13207
-13568
-14130
-13855
-13344
-13065
-12485
-11463
-10278
-9421
-8210
-6476
-5277
-4304
-2545
-1133
-460
878
2171
2809
3320
4191
4953
4834
5209
5945
5824
5686
6210
6506
6219
6463
7171
7196
7161
8003
8532
8441
9090
9889
9877
10044
10586
10640
10317
10145
10017
9342
8263
7718
6879
5093
3932
2965
887
-912
-1981
-3781
-5932
-7199
-8477
-10347
-11806
-12483
-13458
-14899
-15114
-15000
-15842
-15822
-14921
-14565
-14376
-13262
-11713
-11105
-10112
-8030
-6740
-5946
-4243
-2454
-1581
-584
1043
2115
2555
3407
4530
4846
5001
5847
6328
6177
6465
7147
7316
7204
7820
8436
8190
8575
9511
9485
9609
10414
10654
10553
10802
11173
10970
10446
10534
10264
9025
8412
8040
6519
5001
4234
2801
632
-770
-2002
-4206
-6139
-7413
-9080
-10978
-12450
-13287
-14351
-15904
-16162
-15956
-16984
-16966
-15680
-15489
-15162
-13538
-12125
-11164
-9694
-7727
-6104
-4846
-3140
-1277
-85
994
2545
3672
4090
4923
5825
5934
6196
6792
6864
6825
7044
7298
7430
7447
7863
8343
8333
8775
9582
9767
10080
10826
11126
11137
11422
11654
11411
11034
10827
10255
9197
8251
7417
6034
4297
3018
1563
-641
-2376
-3762
-5823
-7835
-9317
-10785
-12494
-14060
-14756
-15541
-16964
-17222
-16849
-17436
-17383
-16157
-15470
-15063
-13684
-11881
-10737
-9517
-7383
-5498
-4419
-2866
-757
583
1400
2977
4430
4783
5457
6612
6943
7068
7605
7979
7962
7970
8371
8647
8540
8871
9396
9413
9652
10215
10634
10835
11197
11752
11770
11749
12142
12124
11389
11322
11154
9753
8900
8379
7026
4905
3797
2557
-217
-2022
-3446
-5565
-8096
-9840
-11339
-13616
-15320
-16578
-17428
-18721
-19521
-18968
-19062
-19114
-18011
-16927
-16433
-15251
-13471
-11960
-10523
-8641
-6432
-4951
-3509
-1430
199
1340
2649
4121
5015
5447
6446
7244
7203
7598
8287
8285
8381
8936
9238
9450
9748
10391
10968
11099
11962
12704
12814
13606
14146
14259
14619
14706
14683
14368
13819
13318
12259
10886
9820
8194
6041
4322
2148
-513
-2716
-5069
-7561
-9977
-12372
-14271
-16326
-18176
-18796
-19654
-20574
-20139
-19785
-19837
-18982
-17695
-16798
-15919
-14235
-12366
-11151
-9641
-7458
-5661
-4551
-2910
-904
262
1009
2450
3770
3928
4591
5689
5866
6055
6637
7239
7431
7608
8372
8947
9192
9961
10896
11235
11830
12768
13247
13797
14299
14736
14917
14557
14844
14683
13587
13151
12524
10866
9491
8339
6336
4395
2595
229
-2062
-4271
-6574
-8797
-10973
-12958
-14770
-16577
-17804
-18534
-19401
-19714
-19434
-19398
-19071
-18095
-17248
-16538
-15270
-13575
-12152
-10815
-8904
-6837
-5321
-3889
-1989
-303
660
1901
3535
4349
4714
5663
6476
6622
6930
7651
8032
8090
8531
9116
9411
9902
10637
11087
11458
12128
12759
13083
13591
14263
14352
14240
14595
14546
13836
13380
12882
11587
10177
9088
7570
5484
3457
1670
-677
-3456
-5347
-7312
-10029
-12144
-13876
-15777
-17660
-18902
-19168
-19882
-20592
-19823
-19230
-19389
-18292
-16671
-16024
-14877
-12954
-11225
-9765
-8225
-5998
-4195
-3256
-1545
425
1370
2242
3824
4857
4900
5587
6647
6722
7013
7756
8140
8220
8473
9306
9858
10064
10597
11323
11634
12146
13169
13523
14081
14783
14815
15008
15207
15159
14815
14200
13545
12552
10928
9605
8246
5778
3510
1530
-1108
-3830
-6346
-8637
-11124
-13909
-16029
-17806
-19485
-20412
-21111
-21422
-21239
-21283
-20664
-19396
-18529
-17504
-16057
-14520
-12900
-11281
-9273
-7077
-5462
-4029
-2213
-445
878
2005
3343
4418
4705
5203
6303
6624
6519
7122
7513
7426
7773
8449
9009
9319
9822
10640
11133
11749
12774
13503
14058
14697
15287
15551
15538
15963
15981
15117
14686
13927
12354
11212
9750
7687
5724
3356
938
-1296
-3902
-6239
-8468
-11231
-13635
-15459
-17253
-18667
-19491
-20275
-20757
-20515
-20254
-19876
-18891
-17726
-16888
-15870
-14029
-12233
-10934
-9053
-6556
-5229
-4330
-2015
-417
275
1941
3147
3767
4190
4510
5678
6186
5983
6669
7130
6958
7355
8328
9043
9385
9893
10565
11068
11843
12887
13551
14016
14475
14719
14890
15270
15532
15218
14581
13901
12888
11608
10498
9262
7312
5027
2981
808
-1675
-3739
-5548
-8079
-10819
-12719
-14486
-16587
-17823
-18338
-19561
-20689
-20412
-19964
-20038
-19163
-17578
-17007
-16601
-14744
-12604
-11376
-9768
-7316
-5664
-4903
-3240
-842
581
1319
2695
3915
3995
4352
5831
6784
6713
6991
7688
7781
7837
8859
9830
9951
10134
10754
11352
12006
12989
13897
14167
14410
15025
14995
15300
16183
15593
14554
14215
13263
11604
10711
9714
7687
5114
2583
811
-1866
-4466
-5882
-8459
-11682
-13882
-15137
-17174
-18920
-18834
-19814
-21392
-20743
-19833
-19864
-18919
-17400
-16620
-16168
-14725
-12249
-10671
-9468
-7056
-5287
-4735
-3261
-805
814
1413
2457
3904
4216
4087
5653
6847
6386
6693
7556
7700
7748
8916
9655
10034
10397
10498
11751
12238
12984
14095
14462
15260
15160
15311
16061
16248
15806
15022
14515
13306
11527
10444
9522
7184
4396
2512
418
-2423
-4685
-6156
-8609
-11735
-13593
-14857
-16970
-18578
-18824
-19601
-20929
-20899
-20057
-19916
-19451
-17753
-16709
-16570
-14984
-12651
-11289
-9678
-7525
-5906
-4893
-3651
-1369
405
834
2244
3832
3749
4272
5997
6765
6762
7186
7849
8007
8068
8991
10022
10110
10123
10830
11506
11792
12531
13799
14228
14016
14667
15297
14987
15294
15666
14502
13426
12903
11390
9914
8931
6857
4477
2485
79
-2077
-4182
-6460
-8427
-11108
-13795
-15026
-16728
-18548
-18888
-19823
-20796
-20662
-20120
-19568
-18990
-17565
-16571
-15795
-14216
-12431
-10599
-8966
-7102
-5348
-4137
-2948
-1012
873
1510
2539
4145
4407
4558
6123
7090
6919
7420
8137
8219
8388
9172
10066
10515
10612
10925
11894
12680
12756
13623
14833
14403
14140
15299
15603
14987
14779
14417
13521
12068
10621
9902
8290
5590
4046
2303
-823
-2925
-4516
-6975
-9274
-11465
-13482
-15248
-17031
-17931
-18673
-20078
-20329
-19867
-19961
-19472
-18335
-17247
-16762
-15717
-13510
-12081
-10777
-8664
-6630
-5379
-4363
-2136
-467
181
1640
2990
3795
4143
4952
6473
6679
6648
7735
8330
7893
8506
9793
10106
10118
10879
11767
11710
12361
13514
14088
13946
14488
15455
14752
15262
15659
14731
14072
13094
12168
10334
8795
7764
5535
2725
888
-1065
-3994
-5937
-7689
-10052
-12623
-14528
-16003
-17832
-18707
-19480
-20193
-20304
-20347
-19655
-19020
-18101
-16764
-16053
-14730
-12933
-11221
-9579
-7820
-5696
-4383
-3395
-1642
201
1075
2035
3646
4283
4300
5223
6508
6766
6954
7834
8215
8292
9061
9924
10562
11055
11184
12082
12674
12760
13832
14591
14748
14869
15290
15277
15061
15190
14565
13792
12728
11192
9859
8348
6482
4445
2275
-91
-2422
-4760
-6840
-8746
-10834
-13007
-15024
-16641
-17869
-19004
-19875
-19722
-19881
-20085
-19222
-18346
-17313
-16535
-15285
-13398
-12198
-10843
-8784
-6609
-5402
-4207
-2301
-852
271
1441
2820
4052
4163
4756
6297
6537
6940
7776
8295
8538
8587
9898
10170
10545
11480
11371
12039
12563
13210
13707
14211
14926
14768
14806
15038
15032
14358
13714
13122
11517
9630
8264
6891
4503
2106
290
-1947
-4628
-6770
-8344
-10533
-13063
-14709
-16068
-17634
-18686
-19408
-19679
-19474
-19753
-19482
-18194
-17418
-16600
-15131
-13628
-12374
-11152
-9217
-7119
-5781
-4653
-2930
-1278
-262
783
2280
3820
3971
4355
5986
6353
6631
7774
8396
8627
8650
9446
10393
10623
11505
11870
11920
12987
13314
13682
14812
15125
14756
14854
15156
14859
14449
13537
13015
11953
9139
8251
7457
4431
2522
1014
-1736
-4284
-6310
-8118
-10045
-12554
-14392
-15782
-17480
-18497
-19087
-19533
-19388
-19417
-19551
-18506
-17450
-16664
-15721
-14438
-12433
-11677
-10562
-7483
-5745
-5589
-3340
-1111
-893
862
2242
3521
4500
3815
5676
6994
6242
7178
8510
8672
8390
9093
10280
10765
11156
11942
12720
13093
13375
14022
15184
15493
14973
15462
15607
15195
14645
13771
13501
11872
9476
8514
7101
4515
2451
648
-1849
-4436
-6774
-8592
-10460
-13010
-14956
-16321
-17806
-18872
-19706
-19859
-19336
-19764
-19701
-18114
-17410
-16971
-15371
-13811
-12474
-11364
-9970
-7596
-5955
-5418
-3656
-1442
-1044
-218
1917
3301
3501
3961
5626
6556
6530
7173
8558
9321
8935
9758
11044
11309
11706
12109
13289
13860
13394
14391
15521
15405
14907
15443
15620
14744
14046
13391
13115
11018
8826
8477
6526
3692
1996
385
-2073
-4787
-6975
-8367
-10496
-13141
-14411
-15916
-17519
-18488
-19574
-19424
-19109
-19959
-19449
-17946
-17488
-16910
-15516
-13665
-12232
-11660
-10004
-7270
-6118
-5603
-3295
-1154
-899
97
2498
3656
3679
4703
6341
6934
6907
7941
9415
9609
9448
10444
11624
11855
11959
12911
14002
14102
14079
15190
16103
15740
15500
15817
15860
15162
13943
13470
12935
10522
8543
7932
5843
2920
1151
-661
-3280
-5981
-8029
-9584
-11881
-14445
-15764
-16747
-18319
-19567
-19765
-19221
-19394
-20036
-18788
-17071
-17235
-16622
-14351
-12805
-12122
-11034
-8758
-6677
-6204
-5127
-2417
-1352
-1405
445
2686
3101
3107
5217
6562
6402
7324
8729
9743
9542
10196
11433
11771
12526
12610
13435
14455
14057
14678
15465
15997
15625
15187
15985
15339
14267
13416
13143
11851
9003
8140
7258
4174
1627
974
-1996
-4690
-6395
-8915
-9886
-12891
-14952
-15693
-17180
-18362
-19766
-19173
-19138
-19865
-19360
-17954
-17212
-17241
-15551
-13759
-12840
-11802
-10063
-7879
-6486
-5796
-3984
-1635
-1083
-283
2087
3295
3255
4417
6274
6835
6941
8198
9580
9747
9896
10993
12163
12465
12496
13593
14680
14409
14659
15979
16232
15699
15838
16195
15916
14897
13939
13623
12494
10122
8621
7769
5388
2461
871
-703
-3590
-6196
-7587
-9358
-12007
-13990
-15309
-16650
-17911
-19087
-19464
-19034
-19412
-19896
-18495
-17446
-17585
-16522
-14620
-13550
-12725
-10964
-9170
-7383
-6533
-5389
-2700
-1995
-1315
807
2321
2782
3047
5123
6386
6304
7278
8514
9487
9344
10197
11898
12207
12725
12985
14102
14929
14387
15200
16329
16108
15347
15839
15921
15004
14012
13374
12644
10491
8730
7213
5897
3317
528
-205
-2561
-5555
-7245
-8634
-10664
-13318
-14885
-15654
-16969
-18645
-19159
-18566
-18808
-19805
-18902
-17052
-17194
-17030
-14853
-13176
-12714
-11743
-9430
-7351
-6824
-5880
-3275
-1475
-1515
-269
2334
3064
2754
4629
6603
6313
6861
8381
9427
9596
9985
11571
12219
12671
12846
13484
14860
14347
14540
15660
15739
15455
15275
15696
15307
14373
13349
12570
11986
9185
7700
7353
4411
1720
253
-1391
-4085
-6794
-8246
-9688
-12279
-14688
-15450
-16425
-18245
-19457
-19159
-18638
-19713
-19807
-17692
-17066
-17501
-15891
-13939
-12952
-12183
-10809
-8331
-6964
-6928
-4954
-2297
-2057
-1505
1023
2534
2391
3378
5561
6224
6473
7656
8996
9645
9851
11174
12151
12722
13324
13391
14958
15274
14801
16271
16545
16527
16125
15893
16411
15196
14001
13036
12348
10378
7465
7226
5529
2162
523
-959
-3301
-6446
-8225
-9230
-11871
-14300
-15684
-16572
-17888
-19623
-19664
-18788
-19593
-20373
-18562
-17298
-17846
-16719
-14498
-13450
-12761
-11379
-9259
-7425
-6827
-5706
-2995
-1777
-1706
234
2510
2749
3064
5336
6394
6587
7642
9004
10165
10163
11123
12288
12934
13382
13570
15090
15538
15237
16035
16558
16591
16489
16246
16207
16048
14508
13161
12887
11250
8726
7282
6090
3639
696
-946
-2229
-5193
-8143
-9260
-10938
-13820
-15841
-16360
-16967
-19398
-19997
-18467
-19293
-20311
-18812
-16941
-17370
-17348
-14443
-13320
-13084
-11365
-9655
-7627
-7215
-6123
-3336
-1948
-1765
-436
2386
2616
2718
4906
6518
6287
7193
9185
8885
10486
11014
11442
13564
12988
13744
15014
15340
15705
16056
16285
16667
16548
15633
15979
15619
14239
12576
11941
10909
7780
6273
5256
2810
-252
-2006
-2986
-6042
-8929
-9603
-11192
-14221
-15906
-16433
-16996
-19035
-19909
-18039
-18755
-20252
-18485
-16778
-17280
-16977
-14403
-13434
-13002
-11196
-9800
-7749
-7004
-5997
-3291
-2479
-1564
-118
1712
2988
2903
4734
6380
6489
7521
9052
9844
10148
11342
12536
13002
14020
14461
14994
16132
16130
16493
16952
17172
17166
16294
16335
15914
14467
13073
12007
10852
8113
6168
5147
2696
-139
-2031
-3253
-5979
-8961
-9977
-11522
-14149
-16028
-16588
-17089
-19525
-19887
-18314
-19605
-20215
-18582
-17193
-17678
-16973
-14424
-13528
-12668
-11509
-9237
-7531
-6988
-5767
-3127
-1724
-2594
766
2082
1805
4073
4665
6533
6922
7506
9815
9980
10661
12145
12917
13769
14571
14847
15986
16639
16413
17023
17472
17466
17254
16811
16489
15876
14325
13027
12146
10125
7735
6127
4396
1783
-871
-2388
-4210
-7205
-9310
-10641
-12632
-15032
-16760
-17265
-18083
-20244
-20270
-18705
-19980
-20529
-18436
-17366
-18010
-16908
-14358
-13841
-12771
-11131
-9393
-7535
-7190
-5577
-3190
-2313
-1716
451
2513
2518
3445
5966
6943
6840
8557
10116
10108
11118
12433
12941
13993
14753
14974
16148
16746
16545
17226
17629
17423
17282
16674
16205
15763
13905
12363
11519
8995
6562
5281
3289
562
-1555
-3209
-5061
-7778
-9955
-10805
-13013
-15070
-16423
-16689
-17717
-19960
-18551
-18325
-19700
-19067
-17334
-16914
-17021
-15036
-13937
-12155
-11707
-10604
-7386
-7656
-6575
-4193
-3144
-2061
-1169
881
2684
2450
4128
6511
6291
7507
8973
9851
10641
11211
12818
13217
14075
15049
15213
16338
16729
16984
17160
17464
17783
16616
16478
16212
14747
13233
11679
10716
8116
5710
4658
2351
-253
-2432
-3767
-5868
-8827
-10115
-11450
-13787
-15764
-16797
-17062
-19102
-20232
-18528
-19220
-20191
-18764
-17200
-17261
-17197
-14340
-13290
-12917
-10902
-9548
-7568
-6990
-6004
-3313
-2606
-1879
-256
1770
2836
2898
5288
6828
6648
7962
9718
10306
10535
12320
13271
13320
14954
15467
15776
17032
17158
17520
17767
17898
17955
16880
16635
16143
14330
12889
11579
9879
7275
5140
3668
914
-1238
-3377
-5302
-7214
-10392
-11198
-12925
-15499
-16955
-17226
-17979
-20870
-18788
-18761
-20654
-18712
-18518
-17275
-17336
-16477
-13480
-13625
-12419
-10274
-8794
-7643
-6948
-4431
-2861
-2590
-971
928
2502
2566
3959
6610
6510
7253
9270
10454
10871
11702
13818
13972
14477
16173
16156
16959
17801
17615
17950
18328
18239
17469
16983
16665
15004
13308
12084
10546
8125
5555
4531
2232
-754
-2325
-4107
-6309
-9109
-10544
-12017
-14615
-16538
-17481
-17755
-20013
-20547
-18913
-19899
-20455
-18970
-17648
-17814
-17390
-14898
-13530
-13082
-11492
-9329
-7668
-7344
-5834
-3296
-2696
-1675
-96
1724
3098
3116
5329
7182
6883
7986
9991
10657
10946
12393
13489
14494
15180
15488
16664
17397
17164
17258
17920
17639
16866
16244
16086
15146
12972
11597
10967
8392
4885
4955
2404
-1065
-1576
-4547
-5973
-8288
-11148
-11671
-13678
-15963
-17221
-16893
-18519
-20080
-18550
-18603
-19466
-19015
-17208
-16406
-16860
-14763
-12783
-12326
-11136
-9370
-7504
-6911
-6001
-3804
-2490
-1824
-512
1540
2827
3372
4935
6799
7260
7968
9707
10593
11170
12380
13488
14456
15369
15883
16632
17531
17636
17595
17997
18198
17726
16862
16344
15665
13738
11836
10847
8833
6062
4368
2831
264
-2169
-3851
-5722
-8074
-10445
-11951
-13401
-15781
-17392
-17404
-18489
-20247
-19391
-18844
-19590
-19438
-17921
-16593
-17224
-15640
-13212
-12817
-11742
-9952
-8211
-7114
-6174
-4597
-2707
-1875
-1054
1240
2521
3030
4623
6458
7211
7812
9452
10825
11203
12318
13645
14220
15457
16128
16507
17583
18018
18214
18143
18433
18442
17229
16756
15879
14609
12624
10811
10246
6756
4541
3718
636
-1704
-3767
-5170
-7857
-10450
-11508
-13599
-15310
-17320
-17786
-18229
-20455
-19732
-18921
-19754
-19551
-18464
-17023
-17191
-16309
-13597
-12956
-12158
-10247
-8306
-7168
-6637
-4374
-2573
-1862
-798
1276
3197
3239
4919
7113
7507
8388
9708
11382
11808
12275
14109
14747
15608
16238
16888
18126
18097
18421
18704
18823
18471
17524
17365
16207
14701
13170
11298
9908
7199
4620
3444
878
-1841
-3735
-5498
-7626
-10593
-11894
-13490
-15938
-17304
-18319
-18612
-20305
-20490
-19042
-20014
-19781
-18496
-17307
-16694
-16546
-13963
-12360
-12165
-10423
-8605
-7232
-6614
-5065
-2645
-2017
-923
956
2863
3684
4119
6853
7616
7934
9522
10848
11788
12225
13762
14613
15785
15667
16903
18238
17117
18702
18173
18302
18508
16873
16892
15709
14051
12122
10843
8699
6174
4175
2253
271
-2589
-4091
-6059
-8189
-10417
-12416
-13473
-15717
-17355
-17976
-18744
-20133
-20166
-19184
-19694
-19756
-18400
-17351
-17064
-16082
-14418
-12842
-11871
-10599
-8444
-6913
-6093
-4529
-2260
-1495
-431
1623
3085
4220
4907
6987
8192
8268
9773
11081
11890
12302
13322
14646
15095
15646
16795
17489
17439
18066
18486
18182
18100
17636
16882
16081
14558
12925
11615
9579
7154
5083
3006
579
-1790
-3743
-5856
-8128
-10279
-12412
-14092
-15912
-17866
-18424
-18983
-20505
-20441
-19437
-19804
-19861
-18230
-17096
-17254
-16065
-13814
-12770
-11807
-10083
-8418
-6910
-6073
-4681
-2158
-1334
-613
1704
3094
3647
5007
7047
7934
8351
9648
11281
11819
12414
14208
14909
16044
16542
16639
18440
18292
17981
18915
18772
17926
17199
16852
15824
13965
12406
10915
8719
6379
4271
2469
293
-2422
-4226
-6102
-8796
-10792
-12589
-14546
-16288
-18017
-18864
-19296
-20331
-20501
-19558
-19748
-19998
-18589
-17395
-17322
-16171
-13849
-13151
-11958
-10103
-8746
-6671
-5887
-4289
-1944
-1123
71
2246
3935
4465
6083
7799
8455
9481
10508
11746
12802
13216
14141
15434
15793
16212
17181
17531
17653
17845
17993
18057
17644
16973
16394
15359
13775
12238
10714
8791
6558
4529
2621
296
-2004
-3883
-5987
-8324
-10608
-12706
-14270
-16005
-17840
-18482
-19059
-20424
-20415
-19653
-19893
-19802
-18480
-17503
-17329
-16077
-14307
-13017
-11677
-9920
-8531
-6836
-5270
-4613
-2060
-587
-125
1827
3708
4656
5195
7909
8403
8819
10962
10963
12635
13625
13855
15638
16345
16509
17336
18163
18259
18342
18395
18286
17649
16730
16088
14925
13214
11388
9649
7536
5206
3201
1350
-785
-2974
-4875
-6973
-9170
-11156
-12998
-14756
-16451
-17870
-18540
-19246
-20164
-19818
-19484
-19737
-19335
-18125
-17178
-16988
-15369
-13504
-12692
-11336
-9601
-7976
-6740
-5465
-3754
-2040
-850
456
2580
3901
4700
6502
7995
8636
9748
11052
12154
13100
13720
15104
16432
16317
17014
18340
18154
17891
18478
18502
17846
17356
16690
15934
14340
12453
11307
9142
6731
4919
3041
831
-1551
-3270
-5235
-7662
-9908
-11732
-13548
-15709
-17230
-18076
-19029
-20009
-20228
-19902
-19922
-19944
-19185
-17999
-17369
-16689
-14852
-13250
-12521
-10842
-8917
-7839
-6371
-4864
-3261
-1419
-502
1072
3406
4129
5076
7137
8202
8947
10156
11362
12632
13377
14114
15614
16470
16580
17364
18232
18276
18133
18342
18579
18018
16958
16501
15710
13624
11749
10420
8338
5752
3746
2120
-24
-2485
-4300
-5918
-8330
-10863
-12449
-14007
-16417
-18107
-18455
-19382
-20741
-20616
-19871
-20220
-20332
-18901
-17731
-17652
-16602
-14376
-13244
-12569
-10708
-8785
-7668
-6491
-4759
-2793
-1411
-511
1749
3880
4345
5575
7721
8750
8977
10587
12082
12747
13298
14246
16140
16038
16339
17979
18026
17837
18010
18516
18178
17265
16769
15927
14454
12532
10944
9286
7149
4866
3037
1216
-1042
-3192
-4871
-6638
-9133
-11213
-12748
-14478
-16537
-17532
-18107
-19175
-19702
-19874
-19082
-19240
-19007
-17791
-16932
-16016
-15506
-12876
-11963
-11325
-8833
-8011
-6264
-5336
-4041
-1527
-844
360
2671
3996
4699
6290
7869
8899
9534
10669
12311
12847
13511
15181
16086
16226
17127
17910
17966
18148
18162
18012
17814
16970
16010
15259
13775
11828
10190
8481
6368
4010
2149
567
-1846
-4057
-5516
-7675
-9974
-11770
-13530
-14992
-16678
-17958
-17959
-18802
-19859
-18994
-18612
-19342
-18602
-17224
-16809
-16296
-14856
-13077
-12031
-11276
-9266
-7240
-6703
-5487
-3003
-1567
-911
911
3162
4098
4841
6688
8051
8690
9682
10811
12121
12878
13232
14911
16143
15996
17003
18068
17885
18146
18434
18274
18320
17575
16354
15875
14522
12199
10792
9269
6634
4209
2629
564
-2010
-3950
-5573
-8000
-10386
-12195
-14323
-15698
-17602
-18743
-18592
-20245
-20445
-19393
-19562
-19747
-18519
-17197
-17256
-16033
-14255
-12897
-11673
-10511
-8508
-6825
-6275
-4804
-2371
-1369
-272
1572
3462
4380
5219
7502
8462
9218
10429
11573
12682
13193
14646
15736
16287
17192
17768
18157
18411
18741
18551
18338
18156
17103
16023
14793
13546
11460
9266
7948
5320
2945
1215
-686
-2873
-5481
-6716
-8842
-11635
-13085
-14637
-16356
-18269
-18893
-18937
-20343
-20222
-19279
-19405
-19322
-18543
-16892
-16525
-16095
-13591
-12367
-11683
-9890
-7948
-6475
-5857
-3862
-1788
-1123
507
2270
4035
5040
5931
8143
8871
9534
10788
11877
12960
13178
14216
15647
16032
16241
17355
17939
17530
17905
18170
17817
17363
16647
15709
14430
12758
10923
9130
7158
4853
2519
647
-1348
-3841
-5893
-7504
-9755
-12280
-13864
-15211
-17184
-18501
-18741
-19395
-20265
-19940
-19213
-19193
-18805
-17477
-16404
-15836
-14639
-12778
-11366
-10352
-8722
-6909
-5835
-4883
-3149
-1397
-477
755
2775
3943
4663
6288
7693
8479
9620
10792
11649
12514
13551
14613
15398
16153
16916
17178
17402
17949
18006
17669
17652
17334
16147
14974
14126
12537
10197
8435
6875
4315
1897
455
-1494
-4052
-6011
-7684
-9971
-12478
-14088
-15311
-17283
-18610
-18743
-19544
-20378
-19799
-19259
-19499
-18869
-17438
-16705
-16178
-14487
-12443
-11488
-10367
-8237
-6576
-5941
-4506
-2333
-1064
-125
1393
3550
4265
4969
6944
7841
8621
9441
10861
12002
12155
13822
15056
15441
16270
17132
17749
17619
18303
18658
18254
18155
17302
16699
15269
13609
12286
9704
7860
5983
3414
1415
-402
-2694
-4956
-6771
-8859
-11092
-13195
-14635
-16080
-17922
-18699
-18802
-19867
-20255
-19375
-19470
-19439
-18599
-17158
-16352
-15831
-13701
-12121
-11060
-9928
-7989
-6021
-5823
-4109
-1787
-903
177
1999
4105
4636
5721
7723
8457
9531
10445
11758
12965
13180
14435
15641
16206
16723
17524
18109
18126
18344
18442
18383
17919
17035
16083
14979
13374
11414
9669
7919
5683
3267
1341
-614
-3099
-5292
-7086
-9360
-11919
-13791
-15239
-17090
-18648
-19012
-19483
-20497
-20266
-19420
-19580
-19308
-17816
-16787
-16320
-14950
-12933
-11632
-10637
-8826
-6893
-5922
-5044
-3061
-1124
-424
857
3131
4181
4703
6370
7909
8542
9334
10677
11654
12097
13157
14411
15019
15758
16462
16867
17432
17664
17729
17894
17568
17034
16269
15049
14037
12431
10192
8593
6778
4063
1929
489
-1822
-4360
-6100
-7784
-10254
-12420
-13651
-15276
-17090
-18423
-18564
-19322
-20417
-19471
-19028
-19158
-18726
-17244
-15957
-16025
-14072
-11890
-11207
-9952
-8038
-6010
-5386
-4055
-1658
-685
382
1904
3789
4982
5419
7153
8220
8677
9464
10560
11950
12053
12977
14334
14715
15412
15916
16906
17061
16829
17424
17182
16825
16358
15866
14996
13542
12194
10623
8820
6882
4864
2643
631
-1453
-3734
-5673
-7530
-9898
-12119
-13717
-15526
-17206
-18610
-18791
-19392
-20531
-19623
-19226
-19383
-18802
-17406
-16179
-16189
-14592
-12447
-11354
-10249
-8486
-5993
-5476
-4669
-2029
-670
240
1541
3700
4990
5163
6860
8273
8909
9631
10514
11704
12644
13048
14025
15777
16071
16155
17435
17889
17474
17551
17936
17640
16548
15803
15278
13700
11832
10399
8713
6472
4036
2340
618
-2082
-4246
-5774
-8051
-10579
-12573
-14085
-15851
-17979
-18889
-18940
-19960
-20688
-19800
-19196
-19587
-18886
-17120
-16407
-15927
-14006
-12042
-11124
-9917
-7816
-6033
-5193
-3911
-1722
-283
454
2169
4191
5185
6033
7617
9023
9627
10309
11609
12631
13072
13842
14894
15598
16036
16449
17099
17503
17253
17338
17546
16991
16260
15502
14578
13429
11310
9560
8496
6030
3372
2137
417
-2525
-4660
-6056
-8219
-11101
-13037
-14110
-16193
-18155
-18989
-18879
-19932
-20939
-19478
-19172
-19512
-18745
-16980
-15944
-15900
-13764
-11757
-10912
-9695
-7628
-5617
-4832
-3624
-1292
207
919
2632
4364
5665
5864
7218
9315
8800
9856
11598
11629
12173
13418
14304
14544
15434
15995
16182
16557
16733
16804
16643
16759
16265
15045
14241
13442
11555
9646
8534
6733
4124
2157
738
-1685
-4286
-5879
-7655
-10580
-12874
-13906
-15726
-17704
-18843
-18896
-19906
-21100
-19851
-19384
-19666
-18985
-17054
-15851
-16088
-13976
-11523
-10928
-10026
-7775
-5926
-5488
-4077
-1607
-155
482
2143
4182
5091
5711
7210
8773
9163
9549
11001
12224
12483
13098
14487
15288
15350
15874
16865
17210
17001
17190
17534
17086
16072
15532
15097
13713
11771
10523
9257
6900
4598
3186
1458
-1362
-3670
-5139
-7206
-10083
-12050
-13048
-15194
-17383
-18386
-18417
-19442
-20768
-19976
-19491
-19828
-19814
-17857
-16488
-16924
-15020
-12662
-11358
-10808
-9177
-5765
-5213
-5282
-1674
247
-264
1968
4237
5333
5850
7009
9316
9707
9924
11276
12757
12814
12997
14477
15051
15593
15652
16360
17127
16529
16977
17146
17033
16429
15368
15423
13963
12096
10825
9219
7537
4850
3403
1811
-1034
-3014
-4910
-6769
-9509
-12019
-13183
-15252
-17477
-18692
-19374
-19957
-21230
-20966
-20000
-20572
-20000
-18853
-17375
-16859
-16205
-13207
-12147
-11153
-9301
-7236
-5451
-5230
-2983
-830
-16
1431
3255
5272
5795
6754
8838
9677
9958
10799
12258
12742
13015
14413
14880
15488
16116
16208
17204
17070
16880
17386
17129
16651
15759
15242
14217
12370
10848
9249
7699
5236
3182
1940
-341
-2569
-4606
-6319
-8284
-11121
-12492
-13849
-16222
-17647
-18493
-18843
-19950
-20661
-19341
-19527
-20069
-18757
-17353
-16576
-15964
-14207
-12075
-11063
-10180
-7787
-5573
-5131
-3709
-1092
186
887
2898
5142
5851
6397
8195
9544
9621
10436
12042
12621
12682
13690
14850
15076
15421
16315
16639
16418
16593
16855
16582
16215
15966
15196
13936
12903
11629
9864
8256
6579
4494
2291
561
-1346
-3739
-5709
-7296
-9737
-12114
-13402
-15143
-16790
-18396
-18832
-18929
-20719
-20185
-18947
-19441
-19457
-17840
-16374
-16672
-15374
-12755
-11472
-10987
-9041
-6458
-5734
-5018
-2482
-364
45
1612
3877
5315
5813
6907
9211
9486
9797
11171
12405
12978
13098
14713
15472
15270
15969
16799
16953
16797
17152
17206
16747
16388
15881
14922
13921
12655
10863
9328
7747
5686
3602
1859
-25
-2602
-4742
-6349
-8645
-10999
-13041
-14575
-16049
-18350
-19323
-18744
-20349
-21441
-19563
-19750
-20391
-19011
-17433
-16681
-16406
-14218
-12162
-11343
-10262
-7946
-5614
-5395
-3743
-855
188
865
2988
5120
5729
6532
8303
9628
9889
10636
12232
12941
13209
14227
15267
15696
16003
16518
17059
17253
17159
17273
17275
16872
16195
15290
14453
13145
11181
9604
8347
6093
3682
2538
602
-1986
-3962
-5721
-7590
-10512
-12322
-13409
-15791
-17353
-18470
-18884
-19702
-21065
-19985
-19770
-20302
-19566
-18219
-17013
-17080
-15119
-12931
-12344
-10760
-9053
-6941
-5760
-4747
-2069
-437
642
2263
4257
5964
6381
7625
9336
9952
10409
11429
12737
13210
13222
14180
15318
15172
15232
16311
16575
15952
16117
16747
16302
15485
15128
14589
13201
11468
10208
9061
6973
4732
3631
1496
-823
-2755
-4879
-6371
-9268
-11363
-12485
-14750
-16417
-17633
-18536
-19045
-20044
-20321
-19285
-19645
-19563
-18182
-16860
-16291
-15910
-12896
-11855
-11138
-8788
-7466
-5433
-4795
-3223
-813
179
1540
2922
4969
6060
6588
8321
9505
9976
10541
11731
12984
12875
13425
14828
15097
15253
15667
16547
16643
16302
17008
16855
16335
15709
15028
14342
12544
11193
9773
7946
6091
3966
2620
512
-1808
-3340
-5408
-7515
-9944
-11692
-13164
-15473
-16880
-17908
-18592
-19361
-20371
-19859
-19457
-19797
-19480
-17843
-16757
-16838
-14872
-12789
-11916
-10710
-9099
-6744
-5701
-4915
-2399
-577
164
1654
3970
5179
5795
7224
8770
9673
9942
11106
12214
12676
13485
13894
15057
15658
15422
16401
16857
16632
16533
16987
16943
15870
15584
14834
13839
12407
10239
9613
7811
5047
3759
2182
-350
-2795
-4280
-6282
-9030
-11128
-12637
-14458
-16672
-18004
-18709
-19531
-20535
-20867
-19956
-19771
-20387
-18936
-16890
-17002
-16098
-13365
-12058
-11235
-9451
-7521
-5752
-4893
-3643
-899
410
834
3170
5232
5818
6827
8406
9614
10100
10648
11997
12891
13091
13960
14958
15468
15933
16218
16841
17429
16941
16980
17478
16755
15921
15370
14495
13274
11254
9759
8718
6144
3848
2694
770
-1735
-3811
-5232
-7202
-9915
-11717
-12961
-15096
-16942
-17970
-18634
-19314
-20591
-20039
-19270
-19983
-19584
-17948
-16678
-16823
-15148
-12757
-12120
-10798
-8906
-6661
-5366
-4452
-2124
-56
698
1905
4356
5850
6253
7364
9148
9813
9954
11083
12342
12635
12768
13840
14626
15186
15204
15709
16642
16106
16086
16329
16637
16005
14727
14758
13651
11657
10179
9162
7420
4705
3107
1745
-723
-3047
-4400
-6159
-8794
-11010
-12306
-13936
-16093
-17197
-17876
-18982
-19702
-19997
-19784
-19251
-19427
-18898
-17002
-16539
-16237
-13674
-11944
-11397
-9455
-7481
-6129
-4691
-3347
-1195
615
1193
2944
5181
5817
6436
8072
9427
9687
10060
11675
12695
12371
13204
14720
14707
14696
15664
16141
16123
16133
16338
16575
15989
15304
15098
14147
12655
11448
10013
8242
6254
4401
2651
653
-1399
-3445
-5192
-7040
-9358
-11308
-12684
-14609
-16367
-17410
-18504
-19023
-19964
-20183
-19324
-19440
-19497
-18356
-16684
-16658
-15637
-12941
-11975
-10952
-9294
-7142
-5464
-4943
-2555
-190
495
1765
4108
5544
6079
7654
8742
10116
10210
10478
13070
12504
12850
14414
14642
15260
15140
16035
16681
16479
16461
16842
16817
15971
15670
15029
14172
12673
10789
9670
7867
5409
3793
2317
23
-2294
-4230
-5923
-8158
-10718
-12376
-13877
-16008
-17781
-18626
-19135
-20003
-20700
-20246
-19653
-20143
-19811
-17792
-17027
-16998
-14894
-12563
-11997
-10729
-8249
-6509
-5373
-4357
-1931
233
642
2494
4654
5822
6416
7467
9606
9980
10180
11762
12794
13345
13363
14437
15832
15318
15532
16620
17103
16522
16032
17476
16861
15130
15564
15060
13258
11217
10428
9566
6633
4732
3897
2058
-880
-2721
-3543
-6374
-9039
-10349
-11876
-14076
-16224
-16830
-17993
-19278
-19565
-20465
-19839
-19460
-20155
-18706
-17375
-16902
-15951
-13606
-12246
-11459
-9066
-8054
-5755
-4068
-3500
-695
1297
2097
2980
6027
6672
6225
8931
9562
9884
10428
11329
13077
12250
12657
14631
14480
14301
14936
15925
16108
15208
16043
16820
15448
14942
15169
14000
12370
11099
10108
8320
6026
4620
3169
826
-1457
-2897
-5076
-7340
-9413
-11378
-12881
-15236
-16434
-17646
-18972
-19039
-20015
-20356
-19547
-19405
-19730
-18512
-16841
-16638
-15502
-13161
-11609
-10686
-8968
-6665
-5147
-4320
-2572
-252
796
1657
3551
5368
6219
6721
8331
9936
9801
10303
12233
12771
12565
13495
14663
15010
14833
15546
16623
16156
15747
16739
16718
15586
15393
15270
13910
12331
11282
9980
7893
5947
4515
2583
313
-1478
-3309
-5402
-7454
-9524
-11433
-13209
-14958
-16350
-17673
-18677
-18996
-19863
-20426
-19416
-19453
-20040
-18214
-16926
-16970
-15320
-13328
-12006
-10691
-9223
-6879
-5098
-4629
-2471
122
834
2085
4086
5848
6334
7078
9156
9916
10000
10824
12439
12760
12641
14212
14779
15143
15370
15611
16975
16273
16008
17169
16766
16070
15553
15201
14115
12593
11287
9737
8179
5650
3881
2612
68
-2183
-3900
-5876
-8217
-10518
-12322
-13859
-15882
-17704
-18641
-19317
-20034
-20761
-20475
-19635
-20009
-19977
-17971
-16999
-17059
-14961
-12681
-11952
-10758
-8528
-6618
-5417
-4372
-2239
-238
266
1975
4279
5636
6092
7210
9501
9671
9746
11166
12554
12784
12495
14249
15307
14840
15188
16339
16600
15643
15888
16791
16067
14937
15063
14686
12911
11561
10699
9140
6957
5180
3844
1986
-218
-2119
-3667
-5782
-8102
-9741
-11565
-13515
-15264
-16300
-17628
-18621
-18793
-20138
-19729
-18935
-19917
-19313
-17774
-16938
-16728
-15102
-12664
-11883
-10695
-8489
-6135
-5188
-4277
-1041
487
1031
3056
4984
6359
6537
7690
9774
9806
9611
11400
12540
11968
12764
14010
14502
14693
14403
15830
16317
15028
15612
16473
15944
14742
14944
14872
13167
11808
10731
9878
7550
5200
4565
2673
-206
-1923
-3256
-5572
-8129
-9962
-11278
-13456
-15688
-16577
-17643
-18962
-19605
-19998
-20018
-19568
-19882
-19541
-17862
-17182
-16925
-15120
-12894
-12257
-10721
-8467
-6927
-5253
-4316
-1992
-18
488
2293
4374
5648
6102
7498
9388
9641
9649
11246
12621
12161
12730
14387
14822
14852
15347
16216
16784
16312
16279
17277
16794
15563
15809
15299
13761
12462
11096
9994
7903
5381
4106
2736
-200
-2100
-3181
-5963
-7905
-9835
-11747
-13295
-15881
-16865
-17989
-19499
-19651
-20292
-20425
-19895
-19960
-19681
-18316
-17381
-17144
-15188
-13209
-12657
-10952
-8812
-7304
-5726
-4189
-2376
-356
798
1845
4267
5898
6082
7460
9329
9889
9916
11370
12789
12546
13074
14340
15135
15267
15362
16488
16890
16232
16382
17399
17041
15622
16074
16036
13967
12777
12033
10529
8299
6024
5021
3022
-8
-1546
-2987
-5471
-8009
-9470
-11182
-13811
-15475
-16527
-18142
-19485
-19538
-20148
-20773
-19904
-19616
-19745
-18505
-17007
-16861
-15403
-13130
-12358
-10762
-8828
-7274
-5543
-4334
-2673
-422
685
1559
3890
5512
5675
6866
8848
9324
9301
10649
12046
12025
12129
13614
14564
14248
14389
15890
16564
15111
15977
17650
15647
15438
16383
14814
13820
12737
11498
10189
7946
6264
5007
2896
522
-699
-2632
-5238
-6943
-8739
-10939
-13174
-14638
-15979
-17974
-18969
-19029
-20128
-20831
-19688
-19470
-20048
-18637
-16972
-16844
-15827
-13548
-12138
-11259
-9587
-7297
-5821
-4872
-2739
-390
535
1713
4029
5442
5896
7043
8863
9464
9486
10871
12154
12061
12337
13981
14238
14214
15164
15419
16108
15864
15853
16773
16076
15525
15629
15175
13660
12641
12109
9890
8422
6973
4784
3411
1148
-716
-2468
-4724
-6492
-8615
-10578
-12600
-14346
-15925
-17627
-18656
-19244
-19910
-20572
-20032
-19452
-19973
-19202
-17264
-17000
-16469
-13997
-12596
-11764
-9759
-7644
-6051
-4864
-3258
-779
508
973
3436
5433
5618
6604
8826
9478
9329
10754
11867
12282
12203
13707
14701
14342
15324
15398
16439
16172
15741
17249
16409
15946
16033
15538
14391
13072
12142
10398
8861
7096
4953
3427
1686
-794
-2560
-4234
-6727
-8711
-10571
-12438
-14255
-16047
-17303
-18404
-19186
-19584
-20280
-20165
-19547
-20108
-19504
-17809
-17517
-16813
-14622
-13244
-12379
-10450
-8764
-6969
-5378
-4070
-1480
-80
908
3114
4959
6118
6614
8453
10071
9700
10734
12308
12953
12918
13268
14978
15094
14563
15662
16442
15961
15612
16515
16897
15655
15272
15949
14707
12741
12623
11774
9338
7773
6712
4883
2492
480
-813
-2844
-5862
-7356
-8661
-11767
-13612
-14682
-16397
-18292
-19126
-18952
-20447
-20774
-19676
-19781
-19947
-18927
-17151
-17015
-16021
-13394
-12194
-11086
-9168
-6818
-5424
-4690
-1845
158
454
2548
4277
5415
6115
7189
9301
9103
9496
11033
11951
11804
12174
14409
13702
13730
15197
14975
15470
15299
16061
16458
15344
15812
15650
14713
13764
13107
12076
9747
8768
7184
4825
3306
1368
-646
-2966
-4896
-6672
-8969
-10973
-12508
-14335
-16251
-17359
-18456
-19131
-19605
-20289
-19777
-19372
-19795
-18726
-17178
-16935
-15879
-13812
-12593
-11467
-9505
-7468
-5943
-4554
-2714
-826
528
1680
3678
5392
5915
6953
8625
9588
9617
10724
12120
12220
12508
13389
14556
14372
14387
15570
15575
15532
15484
15962
16248
15017
15227
15277
13768
12818
12015
10781
8778
7271
5843
3819
1962
-235
-1624
-3618
-6334
-7709
-9558
-11992
-13913
-15350
-16685
-18653
-19446
-19414
-20870
-20808
-19933
-19930
-19880
-18752
-16898
-17203
-15014
-13120
-12411
-9872
-9180
-6359
-4792
-4002
-1043
297
1579
2907
5217
6302
6547
8580
9905
9896
10532
12198
12662
12347
13420
14840
14205
14452
15866
15706
15594
15878
16575
16219
15458
16040
15644
14306
13305
12947
11229
8709
8269
6502
3774
2527
567
-1640
-3819
-5580
-7443
-10014
-11834
-13543
-15471
-17245
-18344
-19200
-20165
-20617
-20825
-20455
-20234
-20330
-19064
-17712
-17579
-16064
-13735
-12940
-11443
-9088
-7605
-6032
-4309
-2550
-490
818
2112
4254
5729
6431
7765
9248
9919
10264
11339
12461
12603
12945
13933
14697
14639
14804
15818
15945
15616
16005
16452
15940
15114
15528
14928
13223
12730
11857
10123
8266
7032
5514
3026
1429
-281
-2211
-4443
-6545
-8039
-10493
-12504
-14130
-15572
-17063
-18988
-19096
-19479
-21130
-20366
-19428
-20471
-19593
-17965
-17665
-16571
-14844
-13118
-11659
-10492
-8292
-6057
-5290
-3467
-724
280
1523
3720
5225
6188
7085
8836
9769
9648
10802
11892
11967
12153
13658
14098
13437
14830
15336
14944
15315
15673
15858
15063
15163
15449
14306
13554
13238
12244
10300
9154
8327
5850
4102
3184
1135
-1234
-2782
-4225
-6988
-9177
-10484
-12660
-14774
-16315
-17098
-18605
-19898
-19639
-20402
-20594
-20081
-19934
-18960
-18209
-17212
-15623
-14234
-12916
-11087
-9200
-7961
-5978
-4075
-2728
-733
859
2412
4147
5390
6671
7768
8940
9944
10359
11210
12306
12579
12787
13709
14214
14269
14657
15130
15535
15377
15563
16190
15698
15291
15557
14937
13514
12981
11865
10030
8593
6881
5450
3157
1434
-175
-2447
-4257
-6629
-8045
-10391
-12669
-13887
-15946
-17373
-18776
-19494
-19952
-20887
-20611
-19986
-20313
-19665
-18234
-17719
-16615
-14942
-13310
-12012
-10341
-8143
-6572
-4819
-3093
-977
780
1870
4184
5824
6627
8190
9556
10415
10868
11874
12828
12962
13504
14315
14825
14752
15312
16097
15703
15858
16248
16048
15915
15568
15519
15082
13717
13197
12469
10379
9139
8114
5966
4095
2639
799
-1534
-3414
-5075
-7527
-9558
-11446
-13333
-15143
-17044
-17863
-19253
-20429
-20287
-20930
-20963
-20423
-20204
-19397
-18652
-17401
-16040
-14852
-12932
-11286
-9624
-7812
-6031
-3993
-2463
-588
1267
2637
4476
5844
7022
8207
9204
10395
10768
11546
12551
12907
13502
13804
14554
14844
14701
15443
15388
15539
15612
15520
15956
14920
14971
14670
13154
12789
11342
10197
8602
6906
5698
3351
1843
-99
-2064
-3897
-6185
-7850
-9847
-12050
-13703
-15344
-17106
-18340
-19526
-19953
-20526
-21030
-20137
-19997
-19821
-18820
-17442
-16549
-15692
-13393
-11975
-10737
-8546
-6761
-4941
-3348
-1400
701
1798
3598
5399
6369
7588
8759
10031
10513
11083
12399
12627
12981
13569
14045
14475
14425
15207
15550
15333
15682
15689
15646
15108
14810
14707
13437
12555
11778
10555
8833
7305
6456
4233
2282
1200
-1059
-3148
-4837
-6820
-8856
-11045
-12711
-14440
-16310
-17273
-18642
-19614
-19738
-20440
-20590
-19994
-19650
-19478
-18284
-16955
-16283
-14733
-12990
-11518
-9773
-7889
-5930
-4115
-2248
-288
1474
3065
4698
6154
7471
8532
9497
10563
11220
11779
12650
13184
13297
14026
14417
14377
15067
15113
15162
15517
15156
15336
15362
14692
14604
14289
13117
12223
11544
10087
8210
7050
5625
3225
1535
-16
-2359
-4444
-6336
-8348
-10507
-12634
-14238
-15853
-17572
-18839
-19928
-20293
-20873
-21601
-20566
-20228
-20510
-19181
-17836
-17132
-15791
-13517
-12029
-10761
-8441
-6448
-4777
-3159
-889
1099
1940
4128
5991
6815
8158
9436
10645
11125
11800
12803
13324
13443
14121
14944
14508
15053
15715
15420
15507
15634
15799
15508
15122
15092
14787
13730
12773
12392
10733
8902
8091
6368
4269
2789
1195
-911
-3110
-4587
-6728
-9180
-10653
-12563
-14540
-16264
-17339
-18553
-20111
-19947
-20450
-21072
-20336
-19958
-19520
-18862
-17460
-16084
-14958
-13263
-11534
-9629
-8000
-6128
-3691
-2392
-483
1837
2539
4809
6345
6790
8767
9266
10255
11119
11347
12450
12761
13280
13605
14075
14405
14269
14921
15139
14823
14836
15196
14938
14190
14401
14216
12723
12215
11706
10014
8616
7248
5949
3829
2000
792
-1499
-3400
-5107
-7114
-9308
-11277
-12871
-14969
-16525
-17576
-18876
-19784
-19947
-20244
-20443
-19822
-19482
-19191
-18136
-16850
-15683
-14273
-12459
-10705
-9085
-7257
-5384
-3574
-1592
174
1641
3539
5097
6157
7746
8977
9591
10505
11381
11818
12439
13044
13295
13991
14029
13935
14825
14527
14389
15229
14841
14503
14678
14281
13940
13520
12719
11912
10981
9591
8250
7035
5323
3640
1917
136
-1621
-3670
-5415
-7658
-9512
-11433
-13917
-15192
-16841
-18437
-19577
-20064
-20152
-21237
-20792
-19486
-19986
-19321
-16997
-16815
-15365
-13191
-12281
-9680
-8356
-6633
-3987
-2770
-1128
1269
2710
3579
5899
7085
7875
9300
10253
11097
11456
12370
12829
13012
13404
13855
14058
13973
14658
14505
14502
14973
14618
14659
14585
14140
13976
13283
12410
11925
10653
9045
8074
6670
4453
2919
1638
-731
-2705
-4218
-6325
-8872
-10650
-12292
-14715
-16174
-17507
-18884
-20017
-20550
-20409
-21113
-20764
-19887
-19565
-18961
-17872
-16106
-15073
-13692
-11507
-9853
-8328
-6435
-4035
-2505
-861
1484
2615
4125
5868
7113
8241
9100
10310
11030
11533
12163
12810
13260
13239
13790
14139
13950
14196
14439
14343
14359
14377
14421
14229
13773
13687
13089
12117
11480
10579
9132
7876
6716
4859
3091
1541
-396
-2471
-4383
-6364
-8361
-10189
-12371
-14095
-15526
-17319
-18675
-19658
-20210
-20548
-20809
-20496
-19787
-19292
-18778
-17172
-15786
-14992
-13056
-11266
-9853
-7971
-6036
-4036
-2498
-583
1434
2448
4223
6031
6950
8250
9461
10299
11092
11786
12363
12971
13318
13543
13947
14025
14233
14601
14791
14675
14873
14992
14496
14443
14068
13708
13079
12057
11436
10374
9150
7743
6583
5029
2812
1356
-524
-2631
-4489
-6662
-8473
-10455
-12506
-14063
-15729
-17161
-18324
-19482
-20097
-20403
-20825
-20465
-19695
-19592
-18786
-17296
-16341
-15111
-13222
-11374
-9870
-8167
-6048
-4323
-2599
-322
1312
2498
4312
5808
6769
8142
9309
10025
10809
11317
12136
12591
12695
13575
13615
13501
14086
14227
14144
14477
14826
14405
14380
14375
13796
13707
13231
12246
11465
10631
9201
7733
6746
5153
3157
1449
-306
-2334
-4576
-6276
-8087
-10348
-12135
-13854
-15629
-17190
-18342
-19372
-20193
-20314
-20572
-20460
-19690
-19254
-18427
-17281
-16166
-14608
-13278
-11577
-9567
-8012
-6037
-4192
-2361
-454
1161
2768
4526
6130
7021
8570
9847
10331
11414
12057
12498
12938
13327
13677
13753
14097
14312
14419
14505
14628
14643
14469
14686
14174
13760
13866
12916
11968
11305
10531
8866
7440
6903
4878
2938
1848
-11
-2334
-4210
-5797
-8340
-10498
-11892
-13918
-15829
-17155
-18125
-19583
-20470
-20019
-20668
-20948
-19830
-19450
-19040
-17982
-16499
-15032
-13845
-12041
-10067
-8400
-6574
-4535
-2530
-821
1036
2789
4263
5799
6954
8210
9466
10061
10933
11693
12043
12656
12914
13393
13908
13561
13758
14428
14232
13874
14400
14583
14016
13878
14152
13640
12535
12502
11605
9988
9413
7968
6220
4980
3337
1437
-365
-2136
-4136
-6293
-8238
-9775
-12032
-14054
-15017
-16837
-18211
-19092
-20045
-20010
-20770
-20707
-19630
-19745
-18981
-17556
-16569
-15115
-13261
-11800
-10062
-7889
-6370
-4519
-2389
-742
1154
2570
4024
6017
6770
7915
9696
10129
10714
11683
12457
12490
12727
13846
13474
13154
13937
13966
13601
13786
14380
13945
13701
14234
13574
13255
13300
12358
11316
10660
9707
7809
6751
5854
3516
1962
749
-1224
-3433
-5227
-6592
-9052
-11132
-12362
-14389
-16194
-17187
-18178
-19625
-19913
-19672
-20551
-20097
-18900
-18728
-18128
-16588
-14901
-13892
-12421
-10103
-8611
-7090
-4986
-3182
-1451
295
1940
3427
4992
6328
7260
8542
9520
10067
10947
11697
11862
12429
13092
12858
13276
13616
13322
13835
13729
13563
14053
13918
13714
13616
13629
13188
12326
11797
11130
10013
8345
7373
6290
4109
2677
1123
-877
-2851
-4715
-6444
-9038
-10662
-12049
-14634
-15996
-16852
-18368
-19884
-20001
-19725
-20932
-20431
-18984
-19229
-18698
-16880
-15424
-14492
-12788
-10585
-9331
-7651
-5394
-3835
-2056
55
1734
3070
4744
6412
7147
8426
9911
10063
10789
11861
12139
12407
12791
13663
13356
13017
13973
13902
13615
13736
14302
14052
13370
13809
13442
12925
12617
11806
11083
10313
9035
7648
6812
5375
3337
1855
431
-1772
-3751
-5439
-7495
-9408
-11308
-13099
-14727
-16165
-17496
-18618
-19445
-19809
-20061
-20586
-19762
-19075
-18977
-17783
-16480
-14978
-13897
-12228
-9825
-8819
-6867
-4499
-3033
-920
849
2399
4019
5712
6972
7739
9336
10210
10379
11289
12010
12084
12604
13330
13190
13309
13677
13642
13729
13760
13785
13826
13466
13167
13110
12756
12382
11765
10863
10352
9431
7871
7022
6208
4157
2361
1407
-487
-2830
-4295
-5999
-8233
-10016
-11673
-13401
-14891
-16181
-17413
-18658
-19320
-19474
-20046
-20112
-19243
-18958
-18790
-17550
-15970
-14875
-13613
-11660
-9813
-8443
-6468
-4222
-2717
-684
1449
2567
4111
6270
7098
7914
9932
10217
10424
11690
12135
12139
12709
13400
12684
13126
13657
13119
13651
13541
13635
13749
13167
13338
13418
12960
12690
12309
11413
10847
10070
8730
7640
6556
4558
2590
1476
-477
-2723
-4361
-6363
-8496
-10264
-12121
-13758
-15294
-16578
-17637
-19653
-19464
-19219
-20940
-19923
-19150
-19477
-18604
-17467
-16038
-14499
-13167
-11655
-9360
-7876
-6316
-3789
-2060
-249
1580
2829
4471
6212
7129
8356
9816
10148
10676
11781
12008
12129
12936
13031
12589
12912
13134
12784
12886
13077
12845
12857
12837
12504
12603
12804
12322
11622
11336
10910
9528
8412
8018
6419
4257
3131
1855
-375
-2116
-3619
-5688
-7818
-9532
-11224
-13318
-14419
-15829
-17553
-18457
-19333
-19404
-19973
-19863
-18949
-19026
-18396
-17341
-15945
-14759
-13435
-11426
-10249
-8299
-6147
-4862
-2596
-486
965
2184
3851
5846
6250
7612
9462
9297
10022
11015
11143
11503
12036
12538
11913
12188
12853
11747
12361
12859
12093
12393
12321
12219
12051
12445
12324
11266
11389
11001
9776
9019
8622
7170
5365
4154
2736
912
-917
-2326
-4597
-6794
-8425
-10296
-12641
-13778
-14670
-17373
-18106
-18713
-19610
-19685
-20034
-19296
-19222
-18783
-18007
-16880
-15064
-14151
-12263
-10504
-8907
-6771
-5268
-2799
-541
721
2537
4067
5925
7123
7863
9904
10262
10429
11495
11601
11960
12165
12522
12345
11843
12184
11879
11831
12088
12093
11961
11695
11992
11651
12088
12577
11382
11405
11238
10134
9189
8726
7834
5404
4244
3135
747
-909
-2258
-4473
-6771
-8416
-10267
-12365
-13811
-14759
-16912
-18037
-18599
-19880
-19580
-19876
-19868
-19058
-18851
-18362
-17256
-15564
-14534
-13084
-11056
-9424
-7706
-5659
-3640
-1706
737
2239
3456
5874
7278
7594
9416
10863
10600
11189
12196
12058
11846
12742
12511
11733
12494
11838
11462
12199
11487
11766
11781
11271
11632
11583
11896
11434
11258
11140
10438
9970
8863
8634
7051
5139
4228
2201
376
-1396
-3200
-5491
-7620
-9258
-11389
-13051
-14300
-16031
-17677
-18341
-19470
-20185
-19399
-19935
-20376
-18647
-18375
-18735
-16220
-14385
-14332
-12325
-9619
-8567
-6791
-3734
-2265
-711
2264
3118
4065
7183
7729
7802
10434
10833
10042
11546
12194
11300
11694
12482
11614
11020
11934
11626
10826
11561
11500
10923
11405
11364
11193
11775
11929
11450
11067
11139
10571
9343
9157
8714
6826
5328
4232
2614
793
-854
-2447
-4711
-7013
-8687
-10595
-12095
-13323
-15405
-16663
-17446
-19149
-19421
-18736
-19595
-19898
-18456
-18328
-18590
-16457
-14520
-14234
-12558
-10033
-8931
-6837
-4241
-2414
-417
1627
3039
3928
6509
7695
7577
9407
10799
9711
9787
12393
10331
10104
12565
9945
10078
11232
9958
10132
10649
10658
10515
10544
10793
11106
11448
11901
11664
11382
11317
10512
10006
9734
8788
7116
5570
4378
2501
527
-644
-2424
-5095
-7054
-8602
-10662
-12358
-13332
-14946
-16807
-17659
-18696
-19474
-18905
-19255
-19696
-18383
-18305
-18484
-15932
-14165
-13981
-11814
-9389
-8571
-6594
-3718
-2187
-426
2089
3025
4105
6639
7579
7957
9968
10641
9610
10470
11486
10521
10366
11266
10540
9249
9949
9850
9392
10054
9722
9997
10156
9926
10534
11215
11508
11008
11366
11318
10355
10159
9533
9121
7596
5536
4968
2959
819
-150
-1919
-4363
-6460
-7886
-10266
-11784
-12509
-14821
-15835
-16573
-18468
-19429
-18679
-18301
-20200
-18798
-16650
-19093
-17748
-13588
-14178
-13457
-9304
-8762
-7856
-3939
-2925
-1129
2452
2949
3772
6604
7735
7486
9564
11221
9702
10126
11369
10393
10249
11035
11067
9794
9505
10047
9282
9852
10323
9709
10320
10042
9707
10821
11451
11456
11381
11323
11042
10396
9489
9619
9392
6739
5391
4775
2316
322
-482
-1935
-5036
-6780
-8244
-10767
-11577
-12957
-14751
-15614
-17154
-18731
-19032
-18305
-19191
-19481
-17755
-18248
-18475
-16375
-14649
-13679
-12012
-9688
-8909
-7110
-4423
-3259
-461
1574
1849
3565
5170
5900
6669
8327
9078
8402
8887
9351
9437
9351
9517
10017
9036
8742
8961
8931
9633
9609
10061
10432
10245
10742
11164
12055
12535
12166
11901
11931
11320
9976
10631
9767
6923
6823
5063
2130
1793
494
-2603
-3338
-5131
-9125
-8849
-10553
-12961
-12727
-15440
-16442
-17044
-19102
-18049
-17543
-19411
-18188
-17403
-18223
-16528
-15276
-13523
-12325
-10986
-9197
-8141
-5483
-3916
-1758
616
1533
2693
4025
6014
6488
7283
9330
9064
8481
9315
9808
9543
9497
10395
9798
8752
9773
9499
9426
10521
10366
10443
10583
10684
10726
11376
12523
11791
11154
11636
11027
9523
9724
10163
7602
6076
5864
3070
1350
1103
-848
-3282
-5130
-6886
-9333
-10637
-11073
-13261
-14588
-15252
-17311
-18500
-18332
-17998
-18712
-18796
-17554
-18145
-17925
-15852
-14666
-13413
-11847
-10145
-9092
-7415
-4608
-3043
-1022
1424
2436
2984
4829
6834
6962
8177
10023
9237
8753
10033
10426
9777
10293
11433
9606
9128
10641
9771
10447
11002
11469
10991
10497
12133
11006
12650
13298
11675
12379
11098
10463
9615
9537
9277
6418
5217
3956
1529
17
-436
-1859
-4894
-6487
-7865
-10855
-11423
-11398
-14028
-15157
-15720
-17847
-18537
-18115
-17992
-18537
-18548
-17883
-18394
-17596
-15936
-14749
-13378
-12139
-10480
-9764
-7639
-4788
-3663
-1024
1218
1926
3150
5149
7130
7665
9193
10747
9943
10082
11189
11596
11167
11596
12295
10100
10226
11180
9752
10738
11039
10374
10180
10284
10550
10239
11790
11852
10872
11188
10797
10223
9519
10102
9548
6822
6208
5370
2735
1651
1443
-611
-3474
-4685
-6322
-9159
-10065
-10378
-12426
-14109
-14893
-16626
-17865
-17842
-18199
-18541
-18646
-19199
-18998
-18036
-17668
-16204
-14151
-13609
-12597
-10691
-9265
-6633
-4057
-2917
-70
1380
1838
4600
5987
7264
8922
9585
10207
10174
10403
11488
11693
11292
12061
11353
9973
10771
10871
10462
11179
11126
10467
10806
10805
10746
11812
12426
11720
11275
11696
10948
10007
10404
10342
8223
6294
6064
3660
1552
1763
-269
-2911
-4562
-6420
-8622
-10471
-10547
-12033
-14690
-15124
-16519
-18458
-18553
-18440
-18667
-19371
-19377
-19116
-18755
-17737
-17058
-15387
-14086
-13293
-11846
-10403
-7684
-5594
-3912
-1123
803
2092
3449
6108
8301
8523
10604
12063
10942
11627
12986
12781
12354
13022
12734
10833
10967
11100
10222
11090
10762
9663
10094
10016
9506
9896
11437
11227
10037
10802
10845
9816
9435
10395
9436
6740
6582
5255
2793
2091
1132
-1049
-3354
-5052
-7051
-9280
-9883
-10773
-13450
-13866
-15310
-18084
-17544
-18070
-19264
-18587
-18682
-20175
-19482
-17717
-18441
-17276
-14613
-14475
-13968
-11325
-9510
-8170
-4882
-2517
-1419
1243
3141
3774
6475
9219
9045
10003
11968
11087
11033
12686
12506
11243
11693
11599
9213
9599
10382
9152
9723
10027
9246
9305
10103
10309
10682
12249
11893
11302
12191
11886
11200
11182
11444
9624
7669
7553
5340
3144
2699
1125
-1378
-3129
-4621
-7032
-8804
-9376
-10765
-12882
-13686
-14742
-16921
-17130
-17225
-18969
-18549
-18163
-20201
-19382
-17395
-18458
-17854
-15147
-14650
-14390
-12036
-9697
-8590
-6043
-3211
-2159
329
2822
3420
5655
8559
8309
9204
11859
10883
10510
12166
12061
11029
11143
11520
9493
8853
10174
8900
8543
9669
8707
8622
10147
8967
9575
12522
9710
10381
12936
10007
10717
11311
10298
9675
8013
7140
6274
4062
2598
2713
-338
-2067
-3215
-5781
-6782
-8815
-9710
-10980
-12561
-13657
-15592
-16462
-16647
-18048
-19140
-17576
-19034
-20345
-17285
-17849
-18912
-15993
-14414
-15001
-13226
-9836
-9340
-7192
-3632
-3190
-693
2739
3284
4408
8017
9068
8334
11249
12142
10495
11968
13178
11420
10804
11946
10643
8904
9908
9950
8379
9160
9987
8760
9284
10557
10160
10581
11850
11728
11161
12160
12283
10499
10534
10932
8575
6525
7091
5241
2101
1991
758
-1963
-3772
-4656
-6707
-8893
-9080
-11202
-13068
-13083
-14878
-16889
-16731
-16701
-19576
-19106
-17121
-20204
-19658
-16887
-18082
-18422
-15608
-13941
-15106
-12224
-9244
-9166
-6215
-3831
-1729
809
2592
4800
6379
8563
9479
10354
12081
12618
12543
11863
13921
12488
10149
13170
10827
8446
10608
9681
8142
9173
9459
8454
8832
9206
9296
9984
10540
10312
10277
11166
10619
9391
10320
10484
7764
7015
7506
5061
3103
2951
1344
-1060
-2290
-3752
-5775
-7144
-8307
-10164
-11349
-12034
-14377
-15484
-15536
-17101
-18742
-18704
-18133
-20059
-19946
-17762
-18728
-19245
-17025
-15334
-15351
-13578
-10782
-9657
-7882
-4911
-2676
-621
2248
3843
5086
7740
9032
9079
11191
12585
11289
11530
12420
11471
10434
11371
11075
8700
9051
9104
7868
8103
8337
8649
8539
8468
9059
9551
10136
10490
10974
11269
11489
10873
10277
11478
10026
8238
8857
7384
5156
4234
3738
1614
-699
-1244
-3337
-5958
-6806
-8670
-10532
-11377
-13391
-14567
-15784
-17088
-17661
-19535
-18746
-18631
-21195
-19219
-17917
-19734
-18318
-15712
-15462
-14870
-11876
-10222
-9024
-6057
-3831
-1742
726
3246
4474
6016
8933
8734
9614
12249
11383
10905
11971
12052
10282
10213
11468
9127
8133
9194
8489
7541
8050
8674
7637
8177
9021
8738
9867
10494
10774
10947
11438
12059
10731
11318
12187
9752
8701
9098
7153
4956
4821
3238
483
-798
-2330
-4599
-6177
-7298
-9397
-11022
-11797
-13877
-15413
-15514
-16873
-18733
-19063
-18995
-19715
-20197
-19129
-18243
-18916
-18183
-15947
-15187
-14197
-11506
-9453
-8254
-5855
-3136
-1101
1558
3880
5142
6475
8739
9681
9686
12382
12597
10490
12038
12555
10367
10345
11402
9504
7738
8778
7898
6668
8265
7615
6817
7929
7253
7500
8584
9525
9511
9497
10728
9961
9828
10054
10197
9344
7364
7953
6198
4178
4610
2934
768
-266
-1706
-3777
-5134
-6006
-7838
-9745
-10073
-11807
-14427
-14020
-14852
-17663
-17837
-17775
-19531
-19787
-18779
-18746
-18655
-17949
-17298
-16268
-14557
-13208
-11324
-8907
-7069
-4870
-2465
59
2444
4521
6010
7943
9661
9694
11732
12989
11926
12542
12867
11712
10876
11254
11001
9504
8805
8969
8159
7474
8451
8017
7684
8783
7912
8267
10142
9419
9595
10991
10328
9868
10039
10119
9425
7771
7699
6865
4423
4070
3318
1067
128
-914
-2597
-3942
-5111
-6168
-7941
-9152
-9875
-11528
-12430
-13081
-14830
-16077
-16767
-18355
-18705
-18294
-19467
-19355
-18488
-18777
-18459
-16802
-15024
-14149
-11927
-9592
-8113
-4960
-2969
-198
3419
4182
6860
9062
9180
11574
12663
12809
14238
13055
12462
13432
11320
10987
11799
9429
7885
8415
7539
6120
7617
7475
6223
7407
7169
6811
8421
9542
9239
9723
10593
9911
9383
10083
10115
8524
7860
7456
5305
4184
3958
2018
275
-522
-2414
-4386
-5310
-6015
-8110
-9701
-9667
-11693
-13434
-12884
-14464
-16864
-16112
-17370
-19858
-17876
-18218
-20206
-18412
-17378
-18726
-18005
-14751
-14096
-13184
-9396
-7693
-6307
-2516
-84
1648
5680
7936
8167
10957
13125
12414
13741
15905
14304
13169
14449
13011
10628
11344
10666
7578
7129
6964
4797
4866
5663
4482
4498
5064
4454
5218
6873
6946
7271
8668
8899
8332
8990
9941
9018
8063
8072
7394
5486
4671
4646
2396
898
83
-1627
-3671
-4291
-5136
-8440
-8210
-9302
-12490
-11911
-12573
-14827
-15801
-15740
-17817
-19280
-17538
-18312
-19670
-17702
-17152
-18653
-16621
-14092
-14207
-12107
-8521
-7340
-5548
-1601
461
2353
6302
8032
8725
11524
12722
12572
14406
15265
13925
13549
13771
11944
10111
10712
9651
6671
6542
6277
4099
4112
4908
4557
4295
4442
5190
5476
5788
7683
8192
7690
9396
9503
8236
9827
10127
7770
8116
8214
5449
5048
4786
2814
1516
690
-673
-3002
-3141
-3922
-6551
-6641
-7565
-10148
-10349
-10536
-12714
-13264
-13961
-16435
-17642
-18052
-18365
-19195
-19385
-18411
-19052
-19199
-17325
-15951
-14407
-12484
-10352
-7508
-5904
-3437
461
2468
4941
7821
8773
10341
12127
12324
13511
14559
13347
12487
12604
11554
9445
9697
9392
6568
5889
5814
4721
4048
4843
5240
4623
5340
5564
6241
7678
7971
8860
9921
9786
9521
9833
10156
9641
8715
8445
7545
5933
5214
4305
3090
1795
378
-394
-2055
-3000
-3027
-5079
-6020
-6214
-8504
-9379
-8956
-11302
-12726
-12483
-14962
-16831
-17253
-17784
-19124
-20242
-18640
-19181
-20670
-18318
-16763
-16741
-14090
-11043
-9771
-7006
-3975
-1751
1924
4644
6811
8800
10451
12484
12237
13678
15701
13373
12606
13629
11044
8997
10052
8632
5962
5193
4421
2950
2002
2668
2744
2618
3288
3033
4148
5812
5664
7020
8764
8793
9070
9253
10334
10775
9066
9756
9971
7138
7000
7194
4900
4208
3721
1807
950
391
-1066
-2187
-2870
-4417
-6271
-6722
-7395
-9751
-10751
-10897
-13724
-15940
-15916
-17644
-19201
-18913
-19673
-20026
-19500
-19730
-18801
-16910
-15729
-14123
-11299
-8691
-7147
-4150
-70
1983
4522
7792
8866
10498
12326
12106
13193
14383
12628
11566
11825
9916
7643
7608
6825
4325
3505
3345
1594
1189
2387
2069
1992
3552
3923
4149
6403
7784
7805
9395
11045
10442
10348
12097
11899
10253
10967
10625
7935
7767
7535
4747
4015
3853
1378
228
291
-1413
-2896
-2866
-4115
-6422
-6754
-6861
-9175
-10313
-9997
-12537
-15027
-14931
-16755
-18916
-18354
-19260
-20692
-19617
-19580
-19718
-17622
-15830
-14996
-12737
-9739
-8330
-5719
-1595
843
2867
6478
8175
8255
11158
12055
11583
13408
13003
11418
11057
10364
8284
6950
6958
4709
2524
2846
1945
114
1151
2176
622
1839
3559
2815
4689
6998
7241
8014
10148
10383
9360
11487
12341
10421
10887
11796
9314
7996
9295
7611
5510
6087
4849
2237
2268
2260
122
-550
-465
-2895
-4907
-4619
-6203
-8757
-8587
-9838
-13651
-14520
-15044
-18677
-19590
-18392
-20669
-21723
-19405
-19919
-20878
-17716
-15747
-15847
-12697
-9247
-8549
-5787
-1368
479
2836
6751
7656
8092
11047
11594
10806
12755
12891
10248
9923
9936
7478
6034
6126
4555
2275
2263
2172
1035
1647
2574
2274
2461
3809
4261
5281
7277
7951
8807
9608
10230
10056
10344
11800
10679
9905
10630
9118
7296
7742
7356
5359
4992
4491
2467
1362
1405
691
-603
-839
-1792
-4104
-4759
-5630
-7974
-8311
-9253
-12465
-13731
-14666
-17322
-18844
-18744
-18992
-20735
-20666
-18950
-19745
-19160
-15838
-14700
-13718
-9859
-7923
-6463
-2282
64
2298
5576
7698
8564
9578
11817
11876
11495
13002
12353
9613
9338
9485
6615
5462
6151
3956
1622
2154
1863
930
1915
2563
2236
2843
3844
3900
5733
7499
7250
8280
9105
9114
8852
9493
10571
9514
8819
8910
7817
6432
6594
6755
5518
5001
4542
3018
2075
2144
1511
393
294
-1042
-3305
-3955
-5082
-7180
-8027
-8700
-11621
-13610
-14265
-16696
-18375
-18658
-18632
-19910
-20560
-18797
-18968
-18898
-16283
-14409
-13353
-10850
-8145
-6298
-3619
-700
1791
3921
6132
7819
8223
9432
11072
10282
10151
11478
9265
7710
8297
6985
5279
4997
4968
2605
1913
2939
1952
2155
3730
3632
3286
4786
5106
5436
7236
8399
8174
7929
9493
8464
7581
9781
9153
7373
8043
7572
5086
5560
6213
4177
3827
4193
2454
1019
1659
1410
-106
-59
265
-2057
-3395
-2724
-4877
-6693
-6258
-8178
-11221
-11657
-13280
-16230
-16451
-17524
-18949
-19522
-20000
-18944
-18898
-18658
-16316
-14476
-13433
-11069
-7939
-6089
-3605
-155
2369
4443
6872
9027
9299
10889
12545
11063
12143
13018
10258
9337
9807
7884
5779
6235
5358
2573
2072
2690
1145
1027
3249
2155
1484
3557
3207
3245
5727
6607
6257
7055
8065
7265
6937
9146
8682
6547
8094
7808
4847
5753
6823
4810
4383
5164
3720
2276
2945
2846
1437
1674
1992
-483
-1733
-1302
-3886
-5878
-5324
-7400
-10970
-11627
-12778
-16299
-17707
-17863
-19211
-20788
-20625
-19521
-20343
-19130
-16600
-16208
-13400
-10937
-9605
-5693
-3351
-1183
2650
4700
6562
9121
9946
10671
12128
11733
11312
11758
10633
9113
8436
7131
5205
4174
3690
1984
559
1230
266
-707
1272
1490
796
2370
3321
3003
4648
6443
6465
6885
8142
8382
7007
8736
9812
7093
8342
9275
6564
6763
8247
6975
5917
7354
6867
4604
5356
6090
3969
3536
4672
2344
96
591
-1602
-4535
-5141
-6849
-9918
-11996
-13120
-16161
-18503
-18338
-20429
-21298
-20177
-21245
-20566
-18692
-18349
-16751
-13876
-12163
-10446
-7276
-4652
-2754
-34
2701
4100
5775
7835
7914
8136
9590
8678
7708
9080
7363
5113
5957
4741
2528
3134
3353
1233
1445
2560
1491
1943
4279
4195
3932
6675
5579
5781
8915
7532
8575
9695
8429
8946
8385
8017
8723
7433
6741
7984
6141
5100
6890
5750
4642
6036
5811
4179
4682
5212
3704
3188
3687
2209
346
218
-1561
-4483
-5181
-6963
-9991
-10815
-12572
-15659
-16704
-17695
-19736
-20440
-19630
-20034
-20860
-18615
-17241
-17935
-14893
-12051
-11930
-8857
-5699
-4760
-2137
682
2102
3659
5635
6871
6702
7546
8756
7574
7330
8649
7321
5913
6803
6022
4387
5041
5424
4117
4342
5273
4930
5351
6562
7023
6905
7949
8047
7618
9081
8865
8387
8900
8661
7746
6678
7120
6801
5082
5181
5608
3614
3174
4577
3141
2559
3807
2672
1878
2813
2283
1164
1543
1348
-342
-913
-1155
-3344
-5087
-5334
-7588
-10153
-10540
-12361
-14759
-15630
-16573
-18681
-19470
-18922
-19581
-19051
-18308
-17370
-16190
-15255
-12818
-11063
-8874
-6557
-4677
-2140
-457
1607
3944
5252
6808
8238
8312
9347
10115
9140
9967
10560
9126
8914
9398
8487
7435
7952
8018
6646
6785
7548
6629
6567
7586
6899
6419
7101
6351
5737
6113
5677
4971
4612
4593
3521
2312
3003
2345
1006
1838
1909
641
1209
2403
1544
1666
3167
2966
2327
3505
3927
2271
2843
3329
1253
847
776
-1788
-3527
-3780
-6489
-8846
-8913
-11132
-14003
-14391
-15478
-17876
-18417
-18165
-18440
-18768
-17904
-16338
-15861
-14625
-12348
-10259
-8580
-6496
-3716
-1933
-195
2368
4256
5557
7694
9063
9078
10334
11203
10394
10994
12162
10865
9940
10623
9421
7747
8492
8444
6309
6286
6641
4973
4680
5553
4823
3590
3858
3045
1608
2032
1671
642
442
-125
-1250
-1714
-1433
-1682
-2007
-1538
-1322
-1652
-812
730
1077
1571
3276
3927
3667
5128
6517
5863
6411
7560
6141
5109
5597
3868
1578
1601
-494
-4057
-4941
-6613
-9808
-11263
-12077
-14706
-16515
-16699
-17981
-18067
-16989
-17141
-16263
-14420
-14012
-12325
-8738
-7261
-5568
-1768
-182
583
3822
6103
6609
8667
10369
9631
9965
11202
10189
9586
10766
9418
7315
8092
7239
4882
5226
5544
3205
2446
3527
1540
596
1996
933
-168
646
184
-1289
-428
-363
-1929
-1276
-863
-1964
-2151
-994
-782
-1657
-139
1057
125
1483
3380
3482
4301
6355
7193
6735
8589
9928
8348
9739
10904
8305
8732
8893
6253
5850
4341
2098
856
-2092
-3643
-5196
-8742
-9296
-10982
-14585
-14070
-15303
-18095
-16963
-16298
-17994
-17001
-14271
-15381
-14447
-10539
-10082
-8984
-5621
-4002
-3365
-1060
1060
1847
3087
4936
5463
4871
6386
6762
5000
6377
7069
4707
4953
5618
3635
2879
3692
3426
1693
1983
2857
748
866
2455
1161
1217
2777
1527
1299
2749
2017
2033
2845
3618
3231
2884
5285
4606
3771
6918
7008
5883
8564
9518
8066
9946
11693
10478
10979
12605
11463
10500
11675
10948
8984
9037
8304
5215
3815
2894
-431
-2839
-3893
-6835
-10056
-11102
-13278
-16176
-17110
-18424
-20067
-20701
-20124
-19818
-20154
-18277
-17467
-17613
-14971
-13488
-12456
-9889
-7898
-6400
-4681
-2589
-811
365
1841
4070
3915
4489
6973
5851
6335
8374
7317
6801
7702
7358
6176
6394
6745
5974
5300
5931
5628
4469
5435
5261
4023
4703
4549
3440
3701
3794
2870
2357
2386
2095
1296
1390
2161
1625
1395
2750
2875
2579
4372
5418
5116
6515
8009
7706
8277
10060
9914
9104
10398
10146
8151
8645
8241
5390
4562
3770
308
-1837
-3064
-6343
-9002
-10589
-12670
-14884
-16748
-17783
-19198
-20501
-20516
-20323
-19747
-19330
-18590
-16929
-16618
-15730
-12563
-10928
-10060
-6543
-4305
-3966
-857
1914
2503
4881
7580
7840
8537
10543
10878
10587
12385
13000
11061
11679
12182
9571
9327
10503
8578
6879
8062
6682
4130
4967
4576
2337
2017
2381
646
-426
582
-652
-2177
-1003
-2152
-3595
-1874
-2909
-3041
-1483
-2317
-1019
-580
-376
2115
1941
2577
5673
5283
5193
8667
8499
7470
9979
10038
8096
8757
9155
6458
5342
5523
2240
-169
-538
-3773
-7013
-7733
-10144
-13375
-13725
-15025
-17500
-17556
-17699
-18578
-18369
-16692
-15999
-16136
-13070
-11606
-11866
-7970
-5667
-5250
-1571
971
1197
3441
6008
6513
7902
9977
10423
10085
10750
11391
10129
10251
11219
9469
8468
8609
7012
5793
5752
5276
4012
2847
2483
1111
-300
0
-896
-2155
-2060
-3204
-4386
-4038
-4387
-5125
-4850
-4639
-5357
-5423
-3981
-3562
-3810
-1879
-627
-1424
117
2295
1912
3167
5774
5619
5913
7984
8065
7718
9238
9717
8559
8829
9464
7787
6787
7569
5964
3772
4027
2583
-170
-404
-1537
-3999
-4348
-5395
-7312
-7445
-8537
-10041
-9889
-10836
-11789
-10897
-10883
-11306
-10213
-9279
-9391
-8548
-6522
-5612
-4909
-2583
-1073
-807
833
2655
2977
3763
5317
5219
4769
5962
5722
4500
5611
5320
2911
3094
3075
684
354
1128
-580
-2034
-1392
-2120
-3779
-2834
-2252
-3708
-3331
-2744
-3916
-3508
-2312
-2594
-2631
-2078
-2566
-3659
-3169
-2152
-2812
-2335
-315
-837
-1319
1184
2241
2018
4674
7100
6963
8422
11228
11799
12403
15031
15973
15062
16219
16932
14936
14835
15680
13137
11088
10914
7970
4632
3689
1598
-1952
-3672
-5190
-8150
-9945
-10968
-12449
-14304
-15183
-16028
-17131
-16200
-16634
-16501
-14576
-15344
-15244
-12875
-12364
-12029
-9315
-7933
-7658
-5783
-4030
-3213
-2160
0
419
200
2681
2916
2115
4867
5128
3596
5294
5474
4138
4795
5318
4868
4408
4675
4607
3401
3417
3524
1956
1645
1735
140
-342
26
-1086
-1927
-1562
-2236
-3485
-3286
-3058
-3442
-3057
-1901
-1150
-729
493
2494
3414
4068
7176
8598
9111
12343
13735
13862
15569
17104
16580
16720
18007
16479
15315
15631
13815
11505
10498
8466
5123
3350
1222
-2175
-4236
-6388
-9142
-11467
-12833
-14544
-16669
-17017
-18107
-19484
-19473
-19166
-19203
-19164
-17472
-17130
-17379
-15362
-14145
-13578
-11378
-8877
-7421
-5868
-3324
-1072
-112
1999
4928
5391
6272
8857
9112
8862
10894
11385
10146
10666
10865
9161
8454
8860
7680
5897
5744
4865
2549
2303
2194
-37
-599
-585
-2659
-3345
-2987
-4251
-4673
-4078
-4759
-5488
-5444
-5617
-5916
-5598
-4377
-3704
-3547
-1804
-609
-579
1742
3918
4510
6827
8977
9488
10727
12436
13506
14004
15011
15904
14705
14147
14693
13094
11840
11836
9779
7045
5443
3369
683
-1365
-2882
-5334
-8132
-9619
-11466
-13386
-14004
-14890
-15974
-16452
-16851
-17300
-16529
-15535
-15546
-13946
-12441
-12730
-11075
-8697
-7945
-6361
-3482
-1994
-1649
745
2669
2304
4405
6557
5847
6526
8042
7315
6500
7906
7945
6445
7064
7148
5170
4451
4900
3589
2340
2962
2018
42
-4
-475
-2175
-2248
-2190
-3643
-4262
-4303
-5348
-5959
-5490
-5838
-6653
-6292
-6242
-7057
-6423
-5189
-5128
-4143
-2148
-1408
-515
1830
3632
4917
7351
9680
10925
12437
14508
15661
16456
17962
18491
18105
18089
17840
16660
16056
15665
13820
12474
10796
8089
6057
3852
1561
-510
-2821
-5220
-7503
-9946
-12000
-13394
-14984
-16404
-17492
-18244
-18946
-19684
-18944
-18062
-18531
-17543
-15954
-16430
-15545
-12780
-11842
-10687
-7522
-6031
-5820
-3222
-763
-462
1678
4826
4752
4862
7437
7631
6501
8524
9563
7455
7639
8721
6388
5172
6558
5307
3425
4341
3800
1439
1495
1770
168
36
887
-80
-820
-319
-841
-1441
-646
-459
-1048
-624
-485
-1381
-1081
-2
-75
285
1871
2443
2428
3844
5434
6113
7476
9506
10399
10801
12137
13114
13106
13946
14781
13821
13063
12971
11339
9554
9073
7528
4997
3141
1147
-1690
-4060
-5583
-7505
-9623
-11539
-13237
-15018
-16295
-16933
-17012
-17150
-17833
-17387
-17662
-17549
-16972
-15866
-13942
-14530
-12478
-10935
-12050
-9544
-7259
-6744
-4767
-1696
-1231
-680
2551
3773
4468
7326
9514
9369
10100
12419
12082
11598
14033
14108
12467
13389
13157
10759
10379
10781
8942
7774
7693
5752
3688
3060
2205
254
-369
-791
-3129
-3860
-4133
-5638
-6198
-6115
-6757
-8054
-7977
-8012
-9245
-8649
-7870
-8742
-8493
-7335
-7417
-7193
-5211
-3992
-3837
-1797
534
908
2461
5543
6444
7104
10001
11277
10899
12726
14216
13296
13676
14724
13525
12557
12735
11422
9380
8256
6712
4465
2764
1332
-903
-3249
-5083
-7160
-9078
-10229
-11169
-12365
-13142
-13816
-14673
-14636
-14638
-14179
-13185
-12978
-11932
-10707
-10358
-8797
-6627
-5668
-4066
-1621
-565
12
2510
3999
3967
6456
7665
7483
8183
9092
9327
8061
9455
9314
7313
8020
7603
5986
5333
5509
3704
2331
2578
803
-339
-451
-1442
-2540
-3048
-3659
-4902
-5284
-5645
-6521
-6639
-6915
-7613
-8044
-8048
-8466
-8901
-8344
-8109
-8385
-7919
-6883
-6850
-5919
-3781
-2876
-1084
851
2333
4571
6026
8269
11062
12264
14108
16541
17139
17651
19300
19370
18511
18885
18259
16651
15700
14566
12861
10561
8801
6999
3811
1612
78
-2708
-5165
-6733
-8936
-11378
-12950
-13975
-15079
-16332
-16680
-16958
-17922
-17966
-17610
-16987
-16385
-15908
-14070
-13535
-13488
-11017
-9593
-8976
-6356
-3969
-3181
-1577
1003
2417
3621
5764
7881
8536
9004
11223
11687
10880
12676
13116
11504
11990
12267
10460
9694
9734
8428
6868
6370
5559
3285
2743
2342
46
-244
-906
-2975
-3434
-3897
-5389
-6121
-6162
-7436
-8578
-8554
-9370
-10594
-10353
-10220
-11242
-10887
-9971
-10828
-10601
-8551
-8347
-7619
-4631
-3437
-2754
-241
1813
3084
5374
8051
9570
10643
12289
13833
14443
15483
16980
16918
16470
16662
15894
14803
14349
13327
12145
10956
9062
7335
5601
3456
1788
356
-1688
-3722
-5444
-7315
-9005
-10474
-11402
-12308
-13773
-14358
-15010
-16023
-16126
-15995
-15203
-14778
-14237
-12531
-12209
-11561
-9068
-7546
-6556
-3817
-1601
-1263
555
3320
4132
5061
7826
8968
8095
9347
10807
9506
9708
11443
10076
8544
9046
7793
5698
5765
5626
3661
2733
2596
758
-655
-305
-1193
-2613
-2305
-3092
-4863
-4814
-5408
-6803
-6713
-6999
-8209
-8765
-9127
-10453
-11138
-10606
-10994
-11202
-10023
-9701
-10287
-8814
-6921
-6648
-4222
-927
38
2042
5254
6824
8826
12233
14476
16119
18160
19184
19612
20206
20650
20567
20002
19460
18151
16508
15441
13993
12069
10604
8846
6028
3778
1944
-720
-2892
-4219
-6553
-9208
-10736
-12555
-14508
-15391
-15792
-16953
-17939
-17949
-18662
-18886
-18209
-17550
-16489
-16016
-14863
-13421
-13174
-11358
-8847
-7406
-5317
-2603
-800
312
2503
4824
6058
7774
9971
10862
10776
11810
12658
11878
12225
13257
12067
10837
11061
9666
7714
7861
7278
5467
4856
4102
2302
952
660
-184
-1519
-1656
-2566
-3991
-4298
-5240
-6093
-6275
-7014
-8033
-8461
-8922
-10203
-10404
-10051
-10997
-11251
-10327
-10481
-10951
-9353
-8251
-8663
-6474
-4260
-4055
-1733
847
1855
3953
6325
8099
10023
11597
13360
14986
15436
16445
17590
17232
17203
17502
16712
15667
14855
13963
12463
10758
9702
8031
5680
4263
2850
562
-1138
-2273
-4181
-6237
-7383
-8535
-10250
-11350
-11835
-12934
-14128
-14482
-14812
-15397
-15491
-15145
-14802
-14646
-14092
-12823
-12032
-11238
-9194
-7500
-6486
-4309
-1957
-805
742
3277
4812
5587
7700
9556
9447
10187
11891
11421
10823
12099
11756
10015
10130
9864
7782
6888
6845
5297
3719
3385
2355
597
104
-368
-1782
-2349
-2822
-4143
-4745
-5194
-6313
-6927
-7415
-8591
-9479
-9828
-10604
-11472
-11408
-11631
-12549
-12135
-11389
-11846
-11137
-9165
-8816
-8162
-5463
-3929
-3269
-316
2624
3416
6047
9305
10292
12272
14968
16488
17370
18657
19657
19259
19305
19707
18878
17978
17825
16520
14780
14012
12374
10468
9293
7543
5395
3560
1740
-292
-2217
-3859
-5640
-7557
-9212
-10889
-12429
-13758
-15045
-15845
-16578
-17399
-17688
-17830
-18103
-17933
-17265
-16539
-15987
-14779
-13057
-12301
-10903
-8170
-6551
-5053
-2120
221
1053
2974
5810
6638
7669
10291
11040
10628
11652
12364
11553
11451
12231
11364
9829
9618
8923
7010
6245
6182
4510
2913
2555
1375
-136
-704
-1076
-2001
-2970
-3528
-4082
-4824
-5730
-6002
-6277
-7439
-8014
-8224
-9013
-9741
-9798
-9741
-10342
-10488
-9774
-9765
-9832
-8358
-7113
-6917
-5463
-3357
-2604
-1452
1355
3315
4288
6783
9138
10088
11789
13974
15260
16193
17555
18261
18124
18479
18334
17731
17621
16885
15801
14878
13506
11866
10705
9107
7176
6064
3928
1692
374
-1861
-3819
-5437
-7277
-9014
-10963
-12404
-13749
-15334
-16310
-16869
-17729
-18463
-18385
-18565
-18723
-18163
-17478
-16751
-16262
-15067
-13646
-13020
-11377
-8931
-7577
-5904
-3030
-1544
-536
2091
3962
4934
7041
9000
9509
10097
11345
11808
11661
12290
13023
12373
11620
11981
11127
9636
9872
9404
7774
7190
6521
5013
3993
3419
2549
1510
621
-363
-1296
-2242
-3293
-3736
-4516
-5723
-6527
-7260
-8109
-9264
-9417
-9276
-10237
-10571
-9988
-10090
-10691
-9391
-7779
-7939
-6749
-4595
-4323
-3467
-834
864
2148
4587
6770
7921
9220
11380
13024
13866
15641
17158
17022
17035
17641
17267
16464
16544
15903
14193
12859
11330
9587
7934
6117
4645
2650
-137
-1674
-3504
-6122
-7352
-8904
-10992
-12431
-13975
-15430
-16482
-17399
-18009
-18110
-18566
-18942
-18604
-18593
-18215
-17340
-16692
-15689
-14771
-13744
-12150
-10790
-9383
-7139
-4878
-3340
-1006
1527
2732
4576
7310
8887
10270
12480
13754
13957
14801
15863
15834
15722
16514
16309
14807
14428
14237
12449
11427
11509
10029
8268
7702
6445
4739
3985
3148
2014
1081
-185
-1365
-2201
-3498
-4499
-4792
-5922
-7525
-8140
-8924
-10445
-11030
-10985
-11833
-12765
-12590
-12452
-13155
-12923
-11543
-11249
-10967
-9003
-7675
-7336
-5557
-3308
-2176
-659
1873
3736
4746
6558
8774
9723
10738
12860
13888
14021
15171
15764
15292
15494
15492
14881
14450
13554
12383
11381
9901
8261
7070
5445
3325
1824
237
-2071
-3697
-4990
-7385
-8959
-9834
-11975
-13160
-13849
-15410
-15904
-16561
-17121
-16811
-17333
-16959
-16073
-16162
-15326
-13982
-13038
-11781
-10279
-8300
-6814
-5759
-2997
-754
173
2845
5636
6350
7791
10778
11720
12113
14452
15452
14847
15518
16432
15671
15053
15504
14884
13226
12547
12097
10302
8913
8466
6880
5057
4185
2827
1210
224
-1020
-2278
-3182
-4426
-5410
-5835
-6884
-8008
-8132
-8740
-10105
-10247
-10162
-11373
-12004
-11608
-12053
-12914
-12534
-11795
-12207
-12177
-10798
-10489
-10515
-8745
-7418
-7004
-5220
-3435
-2706
-1174
874
2160
3666
5767
7360
8621
10273
11709
12731
14069
15252
15805
16639
17258
16831
16858
17102
16057
15251
15110
13793
12032
11018
9676
7550
5950
4753
2691
678
-790
-2740
-4520
-6137
-7874
-8978
-10523
-12101
-12673
-13911
-15130
-15457
-16068
-16363
-16474
-16736
-16331
-16344
-16314
-15236
-14662
-13737
-12328
-11463
-9935
-8359
-7267
-5075
-2589
-1403
782
3752
4634
6182
9225
10471
11286
13591
14851
14616
15365
16348
15922
15494
15960
15461
13903
13258
12591
10747
9547
8913
7279
5753
4744
3170
1755
705
-600
-1539
-2344
-3690
-4628
-5200
-6441
-7434
-7618
-8410
-9608
-9995
-10429
-11499
-12065
-11942
-12232
-12927
-12788
-12263
-12688
-12523
-10995
-10440
-10248
-8502
-7232
-6861
-5140
-3140
-2145
-590
1379
2613
3923
5736
7287
8584
10077
11472
12398
13369
14508
15153
15733
16522
16573
16337
16506
16042
15213
14946
14083
12593
11628
10297
8417
7053
5594
3487
1726
141
-1994
-3998
-5438
-7176
-9118
-10343
-11795
-13331
-14255
-15363
-16092
-16542
-17077
-17187
-17115
-17067
-16786
-16266
-15924
-15309
-14476
-13753
-12507
-11020
-9890
-8364
-6347
-5040
-3450
-647
1237
2623
5543
7768
8489
10749
13292
13797
14951
17163
17381
16847
17750
17948
16696
16382
16590
15176
13437
12845
11584
9446
8364
7412
5466
3959
2791
1118
-111
-1229
-2667
-3456
-4373
-6027
-6670
-7104
-8771
-9518
-9353
-10474
-11710
-11400
-11759
-13231
-13014
-12478
-13248
-13406
-12394
-12134
-12621
-11529
-10103
-9942
-8877
-6634
-5710
-5097
-2893
-1241
-513
1407
3376
4053
5099
6551
7198
7873
8939
9653
10055
10645
10950
11142
11487
11587
11781
11840
11748
11474
11178
10832
10064
9672
9065
7816
6914
6032
4603
3340
2545
1282
-380
-1405
-2408
-4219
-5061
-5636
-7203
-7917
-8488
-9507
-9958
-10182
-10440
-10504
-10505
-10528
-10293
-10052
-9683
-9080
-8559
-7963
-7415
-6911
-6359
-5673
-4690
-3866
-3139
-1712
-617
-281
1403
3441
3894
5310
7844
8401
8707
10782
11791
11422
12455
13533
12546
11900
12364
11279
9629
9466
8615
6395
5218
4294
2179
582
-209
-1547
-2945
-3860
-4820
-5693
-6393
-7042
-7269
-7336
-7845
-8329
-7948
-8217
-9085
-8456
-8142
-9078
-9055
-8315
-8951
-9560
-8468
-8259
-8957
-8053
-6942
-7185
-6621
-4857
-4221
-3728
-1890
-491
32
1483
3182
3775
4728
6258
6770
7232
8321
8608
8708
9332
9291
9126
9481
9238
8847
9104
8940
8348
8422
8510
7867
7549
7795
7348
6523
6629
6335
5201
5080
4672
3379
2996
2497
1162
740
208
-1215
-1734
-2385
-3441
-3980
-4581
-5110
-5862
-6469
-6742
-7379
-7779
-7734
-8029
-8446
-8648
-8973
-9270
-9459
-9483
-9551
-9785
-10006
-10078
-9936
-9834
-9187
-8382
-7939
-7010
-5897
-5051
-3692
-1782
-435
1108
3061
4163
5319
7026
8308
9179
10286
11141
11131
11086
11362
11194
10675
10377
9830
8782
7780
6903
6057
5266
4409
3635
3032
2218
1419
1121
846
203
-181
-230
-835
-1608
-1613
-2031
-3074
-3319
-3656
-4749
-5313
-5575
-6375
-6969
-7225
-7548
-7760
-7981
-7778
-7436
-7433
-6924
-6146
-5625
-4805
-3737
-2923
-2012
-1069
-376
529
1440
2074
2681
3281
3737
3922
4224
4782
4877
4847
5236
5257
5068
5386
5579
5416
5675
5973
5555
5578
6055
5518
5329
5831
5090
4507
4626
3739
3060
2841
1817
1077
583
-451
-1211
-1782
-2544
-3249
-3816
-4256
-4837
-5404
-5682
-5997
-6460
-6643
-6699
-7097
-7253
-7142
-7455
-7570
-7261
-7303
-7314
-6884
-6684
-6531
-6025
-5544
-4745
-3916
-3226
-1964
-900
-186
1261
2855
3820
5130
6788
7596
8309
9568
10320
10589
11226
11663
11254
10916
10794
10042
9223
8727
7863
6707
5644
4608
3537
2529
1630
847
-42
-1089
-1817
-2418
-3197
-3667
-3976
-4514
-5165
-5679
-6024
-6526
-7016
-7108
-7323
-7988
-8321
-8265
-8675
-8893
-8402
-8305
-8436
-7956
-7440
-7225
-6589
-5582
-4928
-4250
-3239
-2410
-1647
-774
173
985
1605
2370
3016
3475
4028
4609
5082
5490
5963
6385
6647
6897
7363
7549
7690
8170
8216
8292
8493
8331
8327
8213
7805
7650
7239
6430
5988
5306
4187
3493
2694
1496
591
-242
-1386
-2389
-3148
-3942
-4771
-5389
-5798
-6400
-6941
-7019
-7219
-7533
-7436
-7356
-7512
-7480
-7299
-7285
-7228
-7010
-6841
-6719
-6488
-6229
-5994
-5556
-5115
-4577
-3780
-3124
-2357
-1354
-459
526
1758
2826
3866
5031
5952
6844
7768
8453
9025
9596
9874
9853
9850
9599
9128
8732
8172
7394
6539
5608
4639
3678
2748
1913
1018
105
-642
-1429
-2193
-2682
-3220
-3775
-4090
-4560
-5117
-5360
-5750
-6258
-6379
-6651
-7241
-7448
-7606
-8137
-8286
-8097
-8289
-8326
-7889
-7708
-7520
-6772
-6091
-5565
-4598
-3648
-2953
-1955
-891
-21
1020
2062
2988
3879
4603
5463
6147
6574
7376
7823
7925
8416
8574
8406
8609
8652
8407
8373
8194
7796
7474
7111
6656
6213
5758
5162
4515
3881
3157
2443
1781
1066
345
-356
-1126
-1816
-2457
-3081
-3591
-4100
-4572
-4988
-5414
-5736
-5930
-6114
-6266
-6310
-6369
-6492
-6526
-6448
-6322
-6236
-6040
-5719
-5572
-5433
-4935
-4414
-4095
-3362
-2401
-2000
-1324
-73
508
1092
2578
3395
3671
4910
5728
5628
6355
7113
6815
6877
7249
6688
6066
5974
5386
4519
4099
3470
2417
1620
919
-4
-746
-1230
-1880
-2554
-2976
-3474
-4035
-4202
-4303
-4672
-4776
-4768
-5200
-5388
-5145
-5286
-5366
-4986
-5036
-5270
-4985
-4778
-4743
-4295
-3735
-3482
-3136
-2538
-2012
-1523
-728
122
647
1304
2074
2570
3194
4006
4562
5004
5562
5841
5982
6338
6585
6641
6731
6784
6564
6297
6229
6000
5653
5508
5167
4582
4258
3871
3256
2971
2645
1899
1423
1060
230
-315
-494
-1223
-1930
-2120
-2719
-3480
-3587
-3814
-4417
-4553
-4584
-5018
-5146
-4947
-5041
-5072
-4778
-4697
-4725
-4432
-4174
-4084
-3756
-3400
-3271
-3015
-2669
-2498
-2216
-1837
-1643
-1366
-1010
-853
-536
-82
111
455
968
1155
1438
1997
2269
2475
2950
3225
3259
3508
3752
3684
3685
3824
3656
3401
3348
3105
2697
2493
2230
1803
1514
1220
817
508
200
-141
-372
-634
-915
-1051
-1229
-1454
-1525
-1603
-1749
-1783
-1810
-1888
-1921
-1959
-1997
-1998
-2038
-2075
-2051
-2091
-2183
-2120
-2047
-2132
-2005
-1808
-1876
-1728
-1423
-1350
-1092
-738
-541
-221
83
380
793
1053
1368
1789
1989
2219
2569
2748
2865
3051
3179
3177
3144
3190
3160
2974
2884
2834
2530
2245
2186
1901
1511
1455
1217
723
586
393
-91
-270
-402
-839
-1098
-1213
-1549
-1817
-1847
-2013
-2247
-2229
-2274
-2449
-2318
-2169
-2231
-2001
-1708
-1701
-1437
-1032
-914
-614
-207
-58
191
455
566
771
885
919
1034
969
866
855
691
516
422
250
60
-84
-186
-280
-391
-401
-357
-407
-354
-172
-118
-36
213
349
397
587
739
712
739
835
736
572
558
401
67
-90
-294
-709
-934
-1109
-1491
-1719
-1864
-2154
-2314
-2401
-2540
-2574
-2583
-2561
-2492
-2441
-2258
-2098
-2015
-1750
-1565
-1517
-1241
-993
-896
-602
-295
-168
52
345
548
763
1067
1381
1607
1839
2191
2433
2584
2928
3186
3222
3455
3680
3616
3707
3889
3756
3652
3700
3503
3235
3148
2969
2633
2410
2227
1872
1536
1358
1085
728
531
340
-13
-278
-403
-683
-986
-1063
-1261
-1602
-1694
-1821
-2137
-2244
-2289
-2514
-2634
-2626
-2702
-2798
-2760
-2683
-2711
-2663
-2468
-2386
-2322
-2064
-1877
-1806
-1547
-1298
-1238
-1020
-735
-684
-535
-254
-222
-152
96
105
83
279
266
166
316
315
147
224
237
32
43
89
-115
-183
-139
-328
-463
-423
-540
-685
-651
-682
-802
-748
-694
-778
-660
-514
-585
-419
-178
-190
13
300
367
566
825
984
1179
1376
1595
1768
1884
2088
2206
2251
2415
2486
2469
2540
2553
2474
2438
2404
2312
2208
2129
2034
1898
1768
1654
1514
1344
1206
1059
857
688
545
340
162
48
-128
-307
-390
-509
-669
-727
-787
-925
-977
-989
-1092
-1147
-1132
-1214
-1292
-1276
-1338
-1446
-1450
-1497
-1629
-1657
-1683
-1818
-1872
-1877
-1983
-2056
-2043
-2086
-2131
-2095
-2058
-2027
-1957
-1861
-1740
-1611
-1480
-1306
-1134
-995
-817
-629
-494
-343
-172
-49
53
174
269
315
375
452
468
468
528
532
481
546
583
512
578
649
553
587
681
589
596
704
644
627
739
707
653
767
764
662
762
792
679
756
812
750
831
887
892
996
1033
1050
1143
1174
1172
1222
1251
1226
1208
1199
1126
1069
1027
906
839
789
625
558
527
353
298
309
162
151
213
81
82
177
55
59
171
39
-5
75
-79
-187
-152
-323
-499
-512
-674
-896
-946
-1059
-1260
-1331
-1394
-1519
-1572
-1573
-1590
-1606
-1565
-1478
-1449
-1401
-1249
-1183
-1158
-990
-905
-930
-797
-717
-793
-727
-658
-754
-748
-689
-761
-782
-733
-750
-768
-718
-656
-613
-538
-400
-286
-200
-34
137
222
369
567
627
707
904
943
943
1085
1087
1006
1067
1051
951
938
926
835
782
789
720
674
704
621
622
669
550
635
694
542
698
736
571
768
776
633
829
812
699
854
867
819
930
991
994
1038
1114
1141
1135
1185
1213
1176
1172
1179
1113
1009
960
853
654
541
404
125
-58
-202
-498
-710
-821
-1082
-1315
-1395
-1579
-1791
-1837
-1928
-2088
-2094
-2083
-2167
-2156
-2097
-2144
-2143
-2051
-2053
-2072
-1965
-1897
-1905
-1793
-1660
-1655
-1566
-1379
-1330
-1250
-1027
-936
-872
-628
-487
-432
-183
9
50
265
479
505
657
866
872
933
1098
1094
1083
1191
1179
1101
1128
1107
1022
1004
992
933
899
898
885
862
860
880
884
888
930
964
968
999
1045
1047
1061
1113
1129
1114
1152
1180
1137
1153
1194
1130
1104
1120
1036
972
956
882
795
738
676
559
438
368
217
34
-39
-187
-404
-491
-624
-854
-961
-1066
-1271
-1379
-1430
-1566
-1646
-1647
-1714
-1768
-1740
-1739
-1746
-1696
-1645
-1602
-1534
-1453
-1369
-1290
-1219
-1138
-1057
-993
-909
-812
-751
-681
-585
-530
-479
-388
-340
-310
-223
-167
-139
-50
28
66
151
253
298
353
450
499
520
605
676
690
769
870
904
979
1097
1132
1177
1283
1324
1351
1439
1472
1457
1494
1502
1456
1449
1431
1360
1295
1247
1167
1074
997
903
783
679
572
434
317
229
111
-5
-83
-180
-274
-328
-388
-450
-479
-506
-538
-557
-567
-601
-633
-631
-674
-721
-703
-762
-824
-804
-864
-918
-918
-993
-1028
-1055
-1138
-1144
-1175
-1262
-1256
-1274
-1335
-1316
-1299
-1313
-1279
-1225
-1197
-1154
-1074
-1018
-967
-866
-776
-703
-586
-471
-384
-262
-128
-31
85
223
325
431
569
670
755
870
960
1016
1105
1187
1228
1290
1360
1393
1442
1504
1521
1541
1588
1604
1596
1604
1595
1553
1528
1505
1446
1394
1350
1259
1164
1090
986
864
765
646
502
371
241
95
-35
-158
-293
-419
-534
-656
-768
-865
-962
-1057
-1127
-1181
-1227
-1245
-1238
-1231
-1206
-1153
-1108
-1058
-987
-923
-863
-783
-702
-628
-539
-440
-362
-278
-185
-127
-82
-23
3
6
28
29
10
12
-7
-31
-30
-58
-87
-82
-105
-131
-126
-139
-150
-144
-143
-135
-129
-125
-118
-117
-110
-101
-105
-98
-90
-100
-103
-102
-123
-143
-157
-180
-198
-207
-218
-230
-237
-253
-262
-257
-259
-253
-229
-216
-193
-145
-103
-61
-5
42
89
147
205
264
334
399
466
551
629
697
776
849
907
964
1017
1058
1093
1124
1142
1146
1140
1126
1103
1076
1044
997
940
879
803
723
649
567
482
409
334
250
178
105
27
-41
-102
-167
-225
-277
-329
-373
-411
-443
-480
-520
-564
-611
-662
-705
-743
-779
-813
-842
-876
-913
-942
-969
-990
-1006
-1012
-1011
-1008
-992
-966
-946
-922
-893
-867
-838
-802
-766
-736
-702
-663
-635
-611
-572
-546
-521
-480
-451
-431
-395
-360
-327
-285
-245
-208
-166
-124
-85
-44
-3
35
75
121
164
211
264
318
374
435
496
558
626
690
745
806
872
933
989
1053
1113
1169
1225
1284
1339
1393
1446
1489
1515
1531
1535
1522
1487
1441
1391
1334
1267
1199
1134
1066
988
903
813
716
613
503
390
278
172
64
-45
-155
-270
-390
-512
-637
-759
-878
-989
-1091
-1180
-1264
-1339
-1403
-1463
-1516
-1556
-1584
-1606
-1607
-1592
-1564
-1525
-1471
-1416
-1358
-1285
-1207
-1132
-1049
-963
-881
-790
-684
-582
-480
-373
-278
-191
-101
-16
59
139
215
283
349
406
445
477
501
505
501
494
468
428
392
353
303
257
224
192
156
126
95
64
40
23
17
27
51
85
128
176
223
270
317
365
413
464
511
559
598
632
660
682
702
721
737
751
757
754
743
725
703
676
644
607
567
524
481
438
390
340
289
242
195
147
97
45
-6
-53
-98
-141
-182
-224
-262
-300
-337
-376
-411
-444
-470
-493
-513
-532
-551
-570
-589
-607
-625
-639
-652
-667
-679
-688
-691
-686
-674
-654
-629
-599
-564
-526
-481
-436
-391
-345
-299
-249
-194
-134
-73
-13
43
95
145
193
240
283
322
355
381
401
413
424
425
422
412
393
370
345
318
289
252
210
167
125
89
56
28
5
-15
-26
-37
-47
-58
-71
-81
-85
-84
-77
-71
-63
-54
-43
-31
-16
-2
12
28
42
58
66
69
64
54
43
33
26
20
16
14
12
6
1
-5
-13
-22
-33
-40
-45
-41
-31
-20
-8
3
12
21
30
40
52
64
78
98
117
137
156
172
188
202
218
233
248
261
273
287
303
317
326
334
338
341
339
333
322
302
278
251
224
195
167
137
103
69
33
-8
-51
-96
-148
-200
-252
-301
-348
-388
-423
-455
-483
-507
-528
-542
-553
-558
-560
-557
-553
-541
-525
-508
-491
-469
-444
-411
-372
-327
-281
-235
-190
-148
-108
-71
-37
-3
29
59
91
121
145
164
183
197
205
214
216
213
208
207
205
203
200
195
187
179
172
166
163
161
159
158
156
152
146
139
135
131
131
132
133
132
132
129
128
126
122
117
115
114
110
109
110
111
110
114
119
120
125
131
133
136
137
138
136
135
133
129
126
122
119
117
114
111
106
99
91
79
67
53
38
22
5
-12
-31
-52
-73
-95
-118
-143
-165
-189
-210
-233
-253
-273
-291
-306
-317
-326
-329
-329
-328
-326
-321
-319
-313
-305
-293
-275
-253
-232
-208
-184
-159
-134
-107
-80
-56
-31
-4
25
53
81
106
128
144
156
167
175
179
181
185
190
193
192
189
185
178
166
151
135
122
107
94
81
66
52
35
17
-1
-20
-37
-52
-69
-85
-103
-119
-134
-148
-163
-173
-183
-188
-191
-189
-190
-189
-179
-164
-147
-127
-102
-77
-55
-33
-6
19
40
64
90
111
133
159
183
207
228
250
268
282
295
305
311
318
323
329
334
339
342
342
339
331
321
307
290
271
247
221
191
158
124
91
59
28
1
-25
-48
-72
-94
-117
-141
-164
-185
-206
-223
-240
-252
-266
-279
-292
-303
-311
-316
-316
-317
-315
-314
-307
-298
-287
-277
-267
-254
-241
-225
-210
-199
-187
-173
-157
-140
-123
-108
-98
-89
-83
-78
-76
-74
-73
-68
-64
-60
-56
-53
-51
-50
-50
-49
-51
-48
-44
-37
-26
-15
-4
7
18
30
41
52
62
73
83
98
115
133
152
170
189
209
231
253
272
290
307
325
342
360
378
393
411
429
446
460
472
480
487
487
480
466
446
418
387
356
321
281
244
208
169
129
89
48
2
-44
-90
-138
-184
-228
-269
-309
-349
-385
-419
-453
-485
-516
-545
-571
-595
-616
-636
-652
-669
-678
-681
-679
-676
-663
-648
-631
-609
-577
-536
-492
-448
-401
-349
-298
-252
-205
-156
-107
-61
-15
30
74
113
151
186
218
249
277
297
315
328
340
349
356
360
362
362
363
362
358
351
344
334
327
319
312
304
296
287
277
268
255
243
234
226
223
222
225
227
232
233
234
231
227
221
215
212
208
207
205
200
194
186
176
163
147
128
107
83
57
30
2
-29
-58
-90
-124
-159
-194
-230
-264
-294
-321
-346
-369
-392
-414
-432
-442
-447
-447
-446
-440
-432
-420
-404
-385
-362
-339
-314
-288
-260
-233
-206
-181
-154
-127
-96
-65
-34
-2
30
61
91
116
138
157
175
193
211
224
233
236
239
244
249
252
252
246
240
233
227
219
209
196
181
168
150
135
118
104
89
74
61
49
41
33
27
21
14
7
0
-7
-14
-19
-25
-29
-33
-38
-44
-51
-60
-69
-78
-86
-93
-99
-104
-109
-116
-122
-130
-138
-143
-149
-151
-152
-151
-151
-147
-144
-137
-128
-117
-104
-88
-73
-57
-42
-29
-17
-7
1
10
18
27
39
49
62
75
89
103
114
126
135
142
148
152
158
164
171
177
182
186
185
182
179
176
174
172
169
163
157
147
137
125
115
105
96
89
80
70
61
51
39
24
12
-3
-19
-38
-58
-78
-101
-126
-146
-163
-179
-199
-218
-235
-250
-267
-284
-297
-307
-312
-317
-320
-322
-320
-313
-302
-288
-270
-251
-233
-212
-190
-165
-138
-110
-82
-56
-32
-8
13
36
60
82
105
129
151
170
189
205
216
221
224
223
223
222
221
221
219
216
212
208
202
198
192
186
180
170
159
147
135
123
111
101
93
87
80
74
69
61
55
48
42
38
36
32
27
22
16
14
10
8
7
8
8
5
-1
-7
-14
-19
-24
-29
-35
-42
-48
-55
-61
-70
-79
-88
-96
-102
-108
-111
-115
-120
-124
-129
-133
-138
-140
-142
-144
-142
-140
-137
-134
-131
-129
-127
-123
-119
-113
-106
-99
-92
-83
-73
-61
-50
-40
-33
-26
-18
-9
2
13
23
32
39
46
53
61
68
76
86
95
107
117
127
134
141
146
149
150
152
151
148
144
139
134
129
123
117
111
105
97
88
78
67
57
47
37
29
20
11
1
-9
-24
-36
-49
-62
-74
-85
-96
-105
-113
-122
-130
-137
-143
-148
-152
-152
-150
-146
-140
-132
-122
-110
-97
-84
-69
-57
-44
-32
-20
-8
2
14
26
36
46
55
63
69
77
86
92
100
105
108
107
107
106
104
102
100
98
94
90
82
73
63
51
40
29
19
11
3
-3
-7
-12
-18
-22
-25
-28
-31
-34
-38
-41
-43
-45
-46
-44
-45
-45
-45
-45
-46
-46
-46
-47
-45
-43
-41
-38
-36
-32
-30
-29
-29
-30
-31
-31
-33
-32
-30
-29
-27
-25
-23
-24
-24
-21
-20
-16
-12
-10
-7
-5
-3
-2
-1
1
4
8
12
18
22
28
33
34
38
39
39
39
40
42
45
50
54
57
58
58
54
51
49
45
43
41
40
36
33
29
22
17
11
4
-2
-8
-14
-20
-25
-30
-35
-37
-41
-44
-46
-49
-51
-51
-51
-49
-45
-40
-34
-28
-23
-18
-15
-12
-9
-5
-3
-1
1
2
2
2
1
-2
-3
-5
-8
-11
-14
-16
-18
-18
-19
-18
-15
-13
-10
-7
-2
0
3
6
9
11
14
17
20
23
26
27
30
30
33
35
37
38
40
42
43
44
43
43
43
43
40
36
32
29
27
25
23
20
16
12
8
4
0
-5
-10
-15
-20
-22
-27
-31
-36
-41
-46
-52
-57
-61
-64
-66
-65
-67
-65
-64
-61
-58
-53
-48
-44
-38
-34
-29
-24
-19
-15
-9
-5
-1
4
5
7
10
10
11
11
12
13
15
17
19
21
23
23
25
25
25
26
25
26
28
30
32
33
34
35
39
41
45
47
51
53
54
55
55
54
55
54
54
53
51
50
47
44
40
36
31
26
21
16
12
8
3
-1
-5
-12
-16
-22
-27
-33
-39
-44
-50
-56
-61
-66
-72
-78
-81
-84
-87
-89
-91
-91
-91
-90
-89
-87
-85
-83
-80
-77
-73
-68
-63
-58
-52
-47
-40
-33
-27
-20
-13
-7
-1
4
8
12
14
17
19
22
24
27
31
34
39
42
46
49
50
52
52
55
56
57
60
63
64
68
70
71
72
74
75
76
77
76
76
73
72
71
71
69
68
66
63
59
55
52
49
45
41
37
32
27
22
16
10
3
-4
-11
-17
-25
-32
-39
-46
-51
-56
-60
-63
-66
-69
-72
-74
-76
-78
-82
-83
-87
-88
-89
-89
-89
-87
-83
-81
-76
-70
-67
-61
-57
-54
-52
-50
-48
-46
-44
-39
-34
-29
-25
-19
-15
-10
-5
-1
2
6
8
12
14
15
16
17
18
19
22
25
29
33
36
40
43
45
46
48
51
53
55
57
59
61
61
61
62
62
63
62
63
62
60
56
53
49
45
42
39
37
34
33
29
27
25
21
20
16
12
8
3
-1
-4
-7
-10
-13
-14
-16
-16
-17
-17
-19
-20
-21
-22
-24
-25
-28
-30
-32
-33
-34
-34
-33
-34
-33
-35
-36
-37
-37
-37
-37
-35
-36
-37
-38
-37
-37
-37
-35
-32
-30
-29
-28
-27
-27
-27
-24
-24
-22
-21
-20
-19
-18
-17
-15
-14
-12
-10
-6
-3
0
1
3
5
6
8
7
8
10
12
15
17
19
21
21
23
25
26
27
31
32
36
38
40
42
43
44
44
44
43
43
43
42
42
41
40
38
36
34
29
27
23
20
18
15
13
11
9
7
6
3
1
-2
-4
-6
-8
-9
-9
-9
-10
-10
-12
-14
-14
-15
-14
-14
-13
-13
-13
-14
-13
-15
-15
-15
-13
-14
-15
-17
-18
-19
-21
-22
-22
-25
-25
-26
-26
-28
-27
-28
-29
-31
-32
-36
-36
-37
-38
-37
-36
-34
-33
-32
-30
