SAMPLES:	8234
BITSPERSAMPLE:	16
CHANNELS:	1
SAMPLERATE:	16000
NORMALIZED:	FALSE
1
3
4
6
6
6
4
1
-2
-5
-7
-8
-7
-5
-2
0
1
0
-1
-4
-5
-8
-8
-7
-4
-4
-4
-4
-4
-4
-1
2
5
8
9
7
5
2
-2
-5
-7
-8
-8
-6
-4
-1
2
7
9
9
9
8
7
5
4
4
5
4
4
2
0
-2
-2
-3
-4
-2
-2
2
4
4
5
4
3
3
4
4
2
0
-1
0
0
0
0
-5
-6
-9
-12
-14
-16
-14
-11
-7
-3
0
3
3
3
3
4
5
5
6
5
5
3
2
2
4
6
9
11
12
12
11
9
5
0
-4
-8
-10
-11
-9
-5
0
5
9
10
10
6
1
-5
-10
-16
-19
-21
-20
-19
-16
-13
-11
-9
-8
-7
-7
-8
-6
-5
-3
-2
1
1
3
3
3
4
5
6
7
7
10
10
12
12
13
14
14
15
14
12
9
8
7
3
1
-2
-4
-5
-4
-2
0
3
6
8
8
8
6
5
1
1
-1
-4
-7
-10
-12
-14
-18
-20
-24
-23
-20
-17
-14
-13
-12
-8
-2
4
10
16
21
21
19
15
10
6
3
1
1
2
4
7
10
12
13
13
10
7
0
-7
-12
-12
-9
-4
-1
-1
-2
-3
-3
-4
-1
-1
0
-3
-6
-9
-15
-18
-18
-16
-11
-6
0
3
6
6
4
1
-1
-3
-3
-3
0
3
6
7
5
2
0
1
4
7
9
10
9
7
5
1
0
-1
1
4
6
4
2
-1
0
1
2
6
8
6
5
1
-4
-7
-9
-8
-6
-4
-1
2
2
2
2
3
2
2
2
-1
-2
-3
-4
-5
-7
-7
-6
-3
1
0
-2
-5
-5
-7
-4
-1
0
1
2
1
-1
-4
-5
-6
-7
-7
-4
-2
0
2
4
5
5
5
4
4
4
5
6
7
7
8
8
7
5
2
-1
-4
-7
-7
-5
-5
-2
-3
-4
-5
-7
-7
-8
-8
-9
-8
-7
-7
-3
-4
-3
-2
1
4
3
3
2
0
3
5
5
5
4
5
9
15
21
24
22
16
8
4
0
1
5
5
6
5
3
1
0
0
0
1
2
3
2
-2
-7
-13
-17
-21
-21
-19
-14
-10
-2
0
2
2
1
-2
-4
-7
-9
-10
-10
-9
-7
-5
-1
2
4
5
6
4
3
1
-1
-1
0
5
9
12
14
12
10
6
-1
-4
-3
-1
0
-2
-6
-9
-11
-13
-11
-6
-3
0
2
4
3
2
1
-1
-4
-6
-9
-10
-11
-10
-8
-5
-2
3
7
11
15
17
15
12
7
1
-4
-6
-5
-1
5
12
18
23
28
29
28
22
13
2
-9
-15
-19
-18
-16
-12
-10
-7
-5
-3
0
3
3
-1
-4
-9
-13
-14
-12
-10
-9
-4
0
3
6
5
0
-3
-11
-14
-16
-14
-7
1
7
12
13
12
11
11
9
7
3
0
-5
-10
-12
-11
-9
-7
-6
-6
-7
-7
-6
-5
-3
1
5
9
10
6
4
2
3
6
8
8
5
4
6
8
9
9
10
9
10
11
10
10
8
6
-1
-7
-12
-14
-11
-9
-7
-6
-9
-12
-13
-12
-11
-8
-7
-7
-6
-3
-1
0
1
0
0
1
2
-1
-3
-4
-4
-3
0
0
3
6
9
11
11
8
4
0
-1
1
5
7
8
6
2
1
3
6
11
12
10
7
3
-2
-4
-6
-8
-5
-5
-3
-1
-1
0
-1
-1
-2
-2
-1
-1
-2
-1
0
2
5
7
10
9
7
4
3
1
-1
-7
-11
-15
-15
-12
-7
-1
2
3
4
3
-1
-1
-1
-2
-9
-16
-18
-13
-10
-8
-2
7
12
11
7
7
6
5
0
-3
-5
-5
-5
-1
4
8
12
17
19
17
13
6
-1
-5
-6
-5
-2
-1
1
1
1
1
-1
-1
1
2
4
6
4
2
-3
-7
-10
-12
-13
-12
-9
-5
-2
1
2
3
1
1
-3
-4
-7
-10
-11
-12
-10
-7
-2
3
8
11
12
11
9
7
5
5
3
1
0
-2
-4
-3
0
4
6
9
11
12
14
13
10
5
0
-5
-7
-5
-3
-1
0
0
0
2
5
8
7
5
-1
-6
-10
-13
-14
-14
-12
-8
-5
-3
-1
1
2
1
4
3
2
-2
-4
-3
-5
-9
-12
-12
-8
-3
0
3
4
4
5
3
4
2
1
-1
-3
-5
-4
-3
1
6
12
14
14
14
11
7
5
4
2
0
0
-1
0
3
6
9
8
6
3
0
-3
-6
-9
-11
-13
-15
-15
-15
-14
-11
-8
-5
-3
-2
-1
0
2
3
4
4
2
1
1
-1
-1
0
2
4
5
6
4
2
2
2
3
3
2
0
0
0
0
-1
-1
0
1
3
5
5
4
0
-4
-11
-15
-18
-16
-13
-6
-3
0
4
9
14
19
20
18
13
9
6
6
4
6
7
7
5
6
9
6
0
-4
-7
-8
-11
-14
-15
-14
-11
-12
-8
-6
-2
0
2
3
1
-1
-2
-5
-5
-4
-1
2
6
7
6
5
3
0
-2
-3
-3
-2
0
0
1
-2
-4
-6
-11
-13
-13
-11
-6
-2
3
7
9
9
8
6
7
7
8
9
10
13
15
14
14
12
10
8
7
4
3
0
-2
-5
-6
-8
-9
-10
-10
-10
-10
-10
-10
-9
-8
-6
-3
-3
-2
-4
-5
-5
-6
-8
-9
-10
-8
-6
-5
-5
-6
-6
-4
-3
1
2
3
3
2
3
5
6
10
13
14
11
8
4
2
0
-2
-1
1
3
1
-1
0
3
6
8
11
12
11
12
11
10
8
7
8
11
15
17
18
15
8
1
-8
-16
-20
-21
-18
-12
-7
-3
-2
-5
-10
-15
-21
-24
-24
-23
-20
-16
-11
-5
-1
1
0
-1
-4
-3
-2
2
3
2
2
0
2
4
7
8
5
2
-1
-3
1
5
8
9
7
4
3
2
3
2
4
5
5
5
3
3
2
0
-1
-2
-3
-3
-4
-2
-1
0
1
0
-1
-4
-5
-8
-9
-9
-8
-7
-7
-3
0
3
5
7
8
5
2
1
-1
-4
-5
-4
-2
-5
-6
0
7
13
12
13
17
18
12
7
5
7
8
8
10
9
9
4
-1
-7
-11
-16
-20
-20
-19
-18
-17
-15
-12
-11
-12
-14
-16
-15
-10
-2
6
13
17
18
17
17
13
13
10
7
5
4
5
8
11
13
14
11
9
6
2
0
-1
-1
-3
-4
-7
-10
-12
-15
-17
-18
-18
-20
-22
-25
-27
-30
-32
-36
-37
-38
-35
-29
-18
-8
3
10
18
21
22
22
21
21
22
21
20
16
13
11
14
19
26
32
35
39
42
50
63
79
96
111
120
129
135
139
139
133
119
101
82
59
33
1
-34
-75
-112
-154
-198
-251
-311
-373
-437
-494
-544
-582
-602
-601
-579
-540
-482
-408
-321
-223
-120
-16
87
186
278
367
451
530
603
666
718
756
777
779
763
724
658
561
435
282
113
-57
-220
-368
-507
-642
-778
-909
-1018
-1089
-1107
-1064
-973
-856
-734
-615
-498
-370
-221
-41
156
356
534
689
820
945
1079
1223
1374
1512
1622
1684
1701
1682
1636
1578
1490
1418
1300
1149
940
709
476
176
-60
-324
-578
-786
-1027
-1282
-1500
-1743
-2139
-2458
-3016
-3744
-4388
-4978
-4970
-5315
-5566
-5056
-5290
-4674
-3386
-2922
-1418
41
944
2804
4345
5289
6568
7402
7463
8012
8203
7485
7311
6280
4812
4148
2655
1500
672
-874
-1673
-2278
-3094
-3212
-3621
-4346
-4508
-5033
-5467
-5493
-6067
-6488
-6812
-7260
-7168
-6962
-6641
-5979
-5155
-4049
-2620
-825
1006
2746
4524
6288
7721
9020
9948
10284
10461
9971
9579
8723
7702
6902
5564
4893
3849
3066
2586
1976
1716
1342
1270
820
540
112
-554
-1195
-2082
-3031
-4150
-4871
-6316
-6698
-7166
-8727
-7598
-8546
-8885
-7143
-8585
-7731
-7464
-7990
-7648
-7738
-6410
-7792
-6027
-4754
-6011
-1840
-1197
-189
3967
4673
7411
10628
12349
14230
15794
16294
16019
16518
14821
13267
11741
8058
5898
3268
-168
-2259
-4399
-7149
-8297
-8931
-10731
-10191
-10486
-11505
-10431
-11324
-10775
-10433
-10770
-10070
-10172
-9530
-9245
-6908
-6864
-4665
-1733
-1638
3388
4873
7888
11131
12039
14977
15097
16820
16945
16260
16031
14202
12861
11282
9972
7772
6235
4721
2568
1913
1310
440
-52
-368
-1310
-1818
-1683
-2753
-3051
-3690
-5333
-5850
-5983
-7199
-8165
-7360
-10020
-10279
-9077
-12610
-10843
-12245
-15398
-12933
-15866
-15258
-13439
-16057
-12531
-11924
-11609
-5121
-3402
-614
5896
7993
11761
17907
19547
21699
24294
22518
21587
21606
18639
15972
14125
9634
6065
4241
-69
-1940
-3688
-7584
-7786
-9535
-10664
-10362
-12282
-12256
-13280
-14005
-13702
-14277
-14242
-14584
-13885
-13555
-12309
-9679
-8480
-5428
-2326
-119
3945
7326
10580
13614
15635
17686
17997
18769
19107
17376
16609
15332
12977
11466
10998
8587
6615
6123
4520
3086
2923
3828
474
780
1464
-3297
-1010
-1862
-5575
-4365
-6226
-8968
-8386
-9225
-11667
-10749
-13012
-14256
-12865
-15624
-14299
-15256
-17410
-15522
-17818
-15471
-14060
-15544
-11132
-11202
-8415
-2021
-556
4593
9853
12064
16697
21529
22773
23808
25082
22561
21941
21379
17734
16512
13209
8412
6231
2924
-535
-1979
-5074
-7948
-8538
-11077
-11706
-11674
-13821
-13815
-14982
-15842
-14969
-15870
-15603
-15096
-15234
-14072
-12133
-9794
-7736
-4838
-1995
517
4376
7910
10648
13291
15205
16169
17319
18338
18157
17324
16304
14736
13135
12406
11412
9658
8271
7140
5750
5111
4741
3704
2618
1234
294
-739
-1970
-2610
-4626
-6131
-7391
-9106
-9323
-11308
-12142
-12818
-15999
-15007
-15939
-17962
-16521
-18725
-18964
-18482
-18441
-15890
-16464
-12910
-10410
-10037
-1770
299
3611
12037
12289
17458
22394
22374
25104
24548
23158
21867
20432
18457
15886
13586
9389
6185
3628
500
-1875
-3464
-6541
-8291
-9089
-11381
-11063
-12400
-14006
-13875
-15677
-15687
-15781
-16340
-15493
-15682
-14739
-12761
-10905
-8181
-5114
-2014
675
4048
7785
10665
13220
15441
16695
16939
17839
18114
16882
16224
14813
12862
11939
10987
9387
8154
7018
5052
4578
3969
3021
2421
519
-121
-1490
-2676
-2904
-4822
-6469
-7846
-9263
-9803
-10635
-11674
-11783
-14179
-14504
-13751
-16099
-15001
-15783
-17120
-16312
-16080
-13667
-13888
-10659
-7697
-8284
-362
2540
4287
12674
13035
16486
21815
21076
23464
23375
21434
20572
18662
17070
13835
11601
8146
4062
2637
-1361
-3536
-3994
-8472
-9333
-9045
-13093
-11899
-11513
-15587
-13807
-14494
-17314
-14697
-15026
-16361
-13817
-13265
-12906
-8849
-6566
-4637
121
2158
5099
9494
11404
14432
16283
17321
18022
18038
18328
16910
16080
14899
12619
11251
10688
8498
6961
6823
4280
3707
3470
1937
1485
21
-1377
-2390
-3539
-4428
-5732
-7309
-8444
-9785
-10359
-10953
-11692
-11934
-14263
-14047
-13915
-16260
-14564
-15567
-16989
-15513
-16391
-13968
-12802
-11717
-7277
-7282
-2238
3103
3794
11105
14104
15510
20899
21594
22523
22925
21756
20286
18661
17272
13897
11756
8853
4597
2540
132
-2854
-4054
-6238
-8229
-8830
-10737
-10781
-11553
-12898
-12872
-14264
-14699
-14438
-14543
-14763
-13801
-12957
-12076
-9705
-7263
-4925
-2356
1141
3383
7069
10287
11761
14167
15976
15834
15795
18821
14948
15055
16550
10009
12494
11025
7178
8619
6760
4754
4172
4414
2110
1810
1056
-1289
-1395
-3167
-4154
-4650
-6507
-7634
-8344
-9521
-10140
-10866
-11015
-12244
-13049
-12004
-14212
-13678
-13362
-15781
-14190
-14828
-14688
-12389
-12013
-9015
-7113
-4741
703
2737
6871
12373
13668
17490
20601
20690
21771
21539
20015
18525
17463
14626
11518
9769
5564
2383
694
-2806
-4503
-5829
-8386
-8883
-9955
-11021
-11066
-12060
-12090
-13069
-13458
-12997
-13923
-13232
-12653
-12208
-10942
-9510
-6838
-4600
-1929
1710
3992
6684
10187
12138
13934
15913
16133
16599
16897
15986
15524
13987
12680
10919
9279
8505
6596
5934
4422
3111
2022
1032
832
-819
-1580
-2817
-4040
-5135
-5835
-6592
-8050
-9037
-9648
-10124
-11384
-10001
-11843
-12693
-10999
-13649
-12488
-12007
-13372
-12920
-12442
-12805
-11383
-9055
-9209
-5532
-3752
-1666
3653
5877
10054
13450
15641
18748
20121
20937
21186
20521
18932
17404
15612
12418
10121
7220
3144
1216
-1573
-4481
-5481
-7661
-9390
-10121
-11150
-11882
-12189
-12503
-13258
-13477
-13555
-13814
-13502
-13081
-12427
-11394
-9884
-7759
-5520
-3078
-197
2370
5010
8199
10546
12521
14826
15904
16242
17131
17214
16163
15494
14667
12745
11154
10299
8615
6956
6086
4547
3079
2316
1160
-173
-1383
-2724
-4087
-5622
-6490
-7244
-8849
-9318
-9933
-11006
-10903
-11481
-11579
-11706
-12601
-11992
-12515
-13090
-12450
-13179
-13054
-12467
-11550
-9980
-8968
-6213
-3867
-1855
2622
5899
8879
13212
15572
18086
20080
20762
21383
20458
19818
17476
15742
13428
9478
7888
3752
937
-1133
-4322
-5555
-7607
-8909
-10132
-11026
-11741
-12437
-12449
-13201
-13400
-13476
-13594
-13294
-12701
-11854
-10638
-9131
-7185
-4590
-2165
712
3694
6095
8915
11511
13206
15005
16257
16296
16427
16427
15590
14570
13654
12378
10809
9647
8464
6882
5613
4447
3153
2078
976
-106
-1470
-2937
-3953
-5389
-6643
-7429
-8925
-9874
-10572
-11798
-12090
-12748
-13656
-13732
-14684
-15048
-14780
-15534
-15065
-14757
-15004
-12814
-11308
-10220
-6288
-3574
-1162
4241
7850
10548
15633
18368
19568
22431
22798
21776
22049
20109
17399
15844
12635
9208
6843
3382
332
-1729
-4490
-6493
-7967
-9829
-11035
-11729
-12870
-13445
-13919
-14922
-15026
-15443
-15387
-15115
-14266
-13153
-12142
-9296
-7532
-4722
-1382
1467
4696
7656
11087
12665
15415
16768
17031
18375
17366
17335
16620
15103
14137
12500
11130
9726
8386
7049
5705
4294
3184
2083
771
-449
-1904
-3466
-4949
-6142
-7574
-9063
-10006
-11109
-12233
-12437
-12879
-13939
-13842
-14138
-15243
-14600
-14900
-15831
-14403
-14658
-14599
-11733
-11069
-9300
-4899
-3242
286
5755
8271
12624
16941
19069
21862
23536
23882
23585
22816
20715
18534
16384
12753
9823
6580
2561
-446
-3111
-6073
-8001
-9299
-11362
-12324
-12755
-14028
-14369
-14403
-15523
-15791
-15320
-15722
-15083
-13647
-13084
-11595
-9075
-6928
-4179
-805
2154
5098
8178
11153
13629
15495
17153
18047
18051
18086
17838
16531
15295
14049
12064
10415
9075
7471
5736
4508
3229
1746
662
-87
-1650
-3253
-3648
-5920
-6792
-7228
-9365
-9298
-10581
-11349
-11278
-12155
-12027
-12241
-12512
-12606
-12101
-12836
-13133
-12030
-13254
-12891
-10631
-10595
-9436
-5686
-3942
-1951
3493
6427
8739
14158
16356
18095
21737
21919
21817
21909
19790
17957
16010
12895
9578
6649
2957
-358
-2436
-5445
-7614
-8919
-10836
-11613
-12058
-13028
-13307
-13494
-14196
-14207
-13910
-13941
-13513
-12704
-11800
-10500
-8550
-6233
-3766
-878
2245
5128
8020
10934
13178
14975
16598
17518
17677
17416
16963
15995
14340
13082
11768
9588
8417
7511
5466
4433
3597
1872
1195
375
-1106
-2001
-3257
-4490
-5363
-6638
-7774
-8775
-9718
-10523
-10987
-11398
-12544
-12568
-12726
-14182
-13092
-13191
-15132
-13146
-13324
-14560
-10928
-10471
-10346
-5802
-4198
-1808
3451
6399
9686
13496
16686
19547
21027
22800
22861
21210
21027
18958
16048
14249
10477
7021
4259
732
-1639
-4410
-6957
-8239
-10500
-11464
-11505
-13236
-13797
-13841
-15316
-15436
-14936
-15608
-15336
-14169
-13454
-11903
-9287
-7112
-4570
-1322
1586
4878
8109
10805
13439
15267
16408
17686
18141
17576
17594
16636
14625
13962
12428
10438
9691
7984
6315
5344
4035
2804
1770
841
-684
-2070
-2984
-4704
-6046
-6951
-8833
-10251
-10872
-12052
-12448
-12430
-13559
-13620
-13593
-14345
-13227
-13269
-14459
-13155
-13336
-14142
-11213
-10156
-10319
-6401
-4364
-2735
2964
6276
8712
13538
16245
18441
21811
22888
22638
22434
20987
19044
17412
14923
11559
8570
5125
1496
-820
-3493
-6044
-7632
-9995
-11315
-11985
-13399
-13781
-13951
-15441
-15713
-14720
-16162
-14971
-13004
-14212
-11638
-9436
-8532
-4540
-1641
545
4348
7021
9151
12928
14668
15656
17682
17450
16901
17337
16331
14426
13573
11999
9548
8787
7847
5808
5010
4130
2372
1703
989
-343
-1465
-2780
-4024
-5394
-6654
-7542
-8951
-10054
-10837
-11705
-11903
-12487
-12742
-12619
-13449
-12927
-12694
-14143
-13211
-13003
-14226
-11701
-10300
-10574
-7128
-4565
-3336
1487
5545
7477
12174
15743
17408
20894
22499
22431
22592
21610
19744
17596
15446
12095
8706
5698
1659
-1065
-3641
-6423
-7678
-9733
-11440
-11967
-13174
-13891
-13723
-14468
-15152
-14804
-15239
-15219
-13890
-13269
-12311
-10168
-8216
-5759
-2433
528
3565
6474
8682
11691
14096
15142
16895
17427
16630
16782
16415
14685
13572
12371
10462
8778
8025
7318
4561
4913
4308
1136
2695
1244
-1355
-923
-2837
-4900
-5219
-6647
-8922
-9177
-10507
-11464
-10984
-12103
-12278
-12019
-12801
-12300
-11460
-12848
-12577
-12020
-13616
-12477
-10344
-10541
-9423
-5727
-4655
-2131
3730
5689
8656
13661
15339
17831
21291
21577
21483
21830
19790
18080
16904
13607
10500
7693
4010
917
-1542
-4055
-6144
-7834
-9920
-11032
-12092
-13206
-13156
-13918
-14379
-14968
-15429
-14929
-14750
-13800
-13063
-12125
-10112
-7840
-5000
-1714
1431
4040
6911
10055
12606
14615
16361
17116
16944
17036
16832
15704
14442
12945
10922
9389
8556
7398
6176
5293
3998
2797
2206
1627
212
-977
-1817
-3652
-4836
-5600
-7037
-8708
-9753
-10599
-11284
-11476
-12289
-12047
-12859
-13202
-11875
-12691
-12639
-12495
-13025
-12716
-11822
-10373
-9582
-8596
-5485
-3727
-1787
4738
6342
8779
15088
15375
18869
22242
21230
22265
21437
19518
18151
15628
13049
9818
6008
2840
-613
-2901
-4750
-6959
-8504
-10126
-11001
-12250
-12256
-12355
-13953
-13560
-14134
-14701
-13616
-13409
-12829
-11861
-11039
-9072
-6487
-4002
-832
2041
4572
7551
10247
12762
14863
16172
16806
17010
16987
16222
14918
13733
12188
10304
8959
7863
6333
4732
3685
2751
1810
1422
628
-698
-1739
-3058
-4374
-4878
-5908
-7486
-8352
-9530
-10539
-10335
-10599
-11159
-10744
-11454
-11740
-10169
-11037
-11290
-10381
-12179
-11756
-10552
-10246
-8903
-8256
-5867
-4530
-1748
3967
5345
9330
13626
13712
18082
21264
20776
21621
20859
18793
17499
15930
13112
9469
5844
2827
-1116
-3230
-3911
-8726
-8760
-9787
-13541
-11119
-12822
-13342
-12675
-13904
-13856
-14462
-13283
-13927
-12768
-11717
-11894
-9188
-7339
-4407
-1322
1389
4415
6867
9973
12673
14644
16257
16984
17388
17419
17044
16439
14897
13411
11838
9890
8869
7574
5747
4822
3604
2246
1608
609
-449
-1702
-3154
-3870
-4932
-6264
-6869
-8109
-9476
-9857
-10187
-10558
-10982
-11013
-11570
-12093
-10959
-11477
-12089
-11507
-13057
-13265
-12380
-12099
-10385
-9521
-8153
-6030
-3657
1226
4776
7576
11797
13923
16594
20564
21828
22149
21652
20234
18672
16606
14873
11372
7970
4928
1040
-800
-3196
-5442
-6819
-9371
-10340
-11256
-12240
-11991
-12935
-13401
-13706
-14533
-14091
-13715
-13343
-12337
-11704
-10433
-8098
-5752
-2607
259
3135
5893
8692
11776
13496
16049
16394
16919
17657
16260
16662
14646
13260
11929
9551
9037
7477
6085
4378
3316
2235
1155
763
-326
-1906
-3477
-3815
-5010
-5550
-5756
-7668
-8430
-9012
-9515
-9211
-9501
-9423
-9755
-10802
-10002
-9922
-11199
-10758
-11694
-13171
-12484
-12511
-11688
-10298
-9406
-6978
-4958
-1048
3553
5722
9889
13170
15087
19449
21693
21778
22124
20928
18712
17094
15463
11990
8681
5991
1756
-1051
-2804
-5621
-7051
-8461
-10457
-11386
-12138
-12226
-12595
-13247
-13474
-14280
-14055
-13646
-13485
-12622
-12120
-10777
-8833
-6656
-3221
-476
2040
5550
7876
10549
13794
15386
16774
17946
18074
17554
17303
16281
14076
13060
11384
9167
8459
6672
4644
3606
2064
928
264
-850
-2211
-3436
-4524
-5166
-5932
-6265
-7115
-8513
-8248
-9670
-9291
-8739
-10084
-8591
-9798
-10034
-9188
-10375
-9789
-10246
-11542
-11949
-12049
-12017
-10167
-9079
-8508
-6132
-4530
-672
3849
6597
9984
12755
15242
18520
21034
21873
21439
20233
19023
17395
14967
12318
9452
5934
2436
-173
-2987
-5537
-7027
-9055
-10762
-11699
-12689
-12707
-12830
-13409
-13830
-14426
-14315
-13934
-13597
-12791
-12005
-11018
-8922
-6181
-3684
-851
2002
4450
7604
10830
13016
14828
16339
16746
17024
17661
16883
15464
14302
12541
10435
9096
8096
6037
4564
3450
1746
652
-19
-422
-1481
-2783
-3435
-4380
-4979
-5235
-6128
-7033
-7641
-8055
-7698
-7367
-7529
-7255
-7331
-7519
-7066
-7304
-7680
-7817
-9008
-10321
-10841
-11361
-11173
-10041
-9888
-9242
-7411
-5661
-1770
2467
5100
8369
11280
14318
17726
19399
20142
20039
18955
17584
16172
14213
10844
7757
5155
1411
-1433
-3075
-5565
-7227
-8172
-9950
-10817
-10965
-11416
-11476
-11708
-12372
-12648
-12398
-11825
-11236
-10699
-9996
-9001
-7363
-5188
-2916
-555
1820
4230
6872
9551
11945
13742
14797
15277
15402
15319
14901
13931
12491
10679
8909
7522
6264
5005
3581
2128
934
162
-151
-536
-1282
-2030
-3053
-3998
-3988
-4498
-5217
-5543
-6568
-6869
-6366
-6378
-6484
-6089
-6737
-6911
-6169
-7005
-6612
-6680
-8373
-9092
-10064
-10968
-10731
-9609
-9677
-9497
-7442
-5998
-2665
2188
4271
6789
10660
12663
15588
19062
19344
19108
18711
17216
16093
14061
11573
8682
5131
1989
-841
-2793
-4907
-6926
-8684
-10634
-11447
-12013
-11579
-11641
-12670
-12372
-13238
-12565
-11615
-11937
-10522
-10954
-10208
-7858
-6277
-3948
-1503
1139
3020
6024
9239
11322
13661
15113
16032
16509
16604
16502
15540
14034
12663
10474
8379
7401
5470
3865
3012
1052
-143
-301
-1098
-1542
-1851
-2671
-3183
-3609
-3870
-4164
-4700
-5198
-5864
-5994
-5942
-6084
-5722
-5824
-6125
-5651
-6268
-6776
-6329
-7636
-8477
-9074
-10763
-11498
-11550
-11010
-11349
-10826
-8687
-7930
-4525
209
1919
5467
9641
11570
15283
18595
19120
19581
19449
18422
17284
15847
13621
10211
7224
4053
677
-1404
-3864
-5988
-7767
-9625
-10486
-11167
-11263
-11425
-11957
-12236
-12519
-12454
-12090
-11697
-11403
-10997
-10405
-9116
-7146
-4909
-2599
-351
2067
4641
7561
10205
12339
13786
14969
15486
15700
16057
14999
14225
13032
11382
9656
8251
7114
4757
4577
3052
1343
1712
290
9
-573
-1475
-1837
-2844
-3325
-4198
-5228
-5533
-5604
-5877
-6188
-6383
-5914
-6092
-5877
-4835
-5720
-6254
-6162
-7070
-7528
-7810
-9790
-11721
-12555
-12934
-12175
-12593
-11876
-10471
-9916
-5280
-1045
951
5296
9013
11385
15847
19370
19729
20421
20445
18753
17893
16454
13341
10820
7923
3875
1349
-558
-3204
-5020
-6684
-8739
-9538
-9548
-9856
-9975
-10246
-10983
-11429
-11382
-11200
-11077
-11034
-11056
-10832
-9828
-8119
-6118
-4051
-2158
-83
2659
5601
8371
10813
12507
13436
14231
15106
15194
14470
13617
12258
10596
9330
8134
6834
5233
3944
3308
1869
1052
1249
35
-852
-706
-1718
-2856
-2852
-3274
-4390
-4448
-4156
-4805
-5028
-3872
-3368
-4049
-1855
-1351
-3343
-1269
-2359
-4080
-3064
-5897
-7948
-9045
-11821
-14169
-14790
-14982
-16188
-15218
-13431
-13111
-9274
-3951
-1890
2690
7440
9689
14752
18448
19767
21052
20514
19350
18416
16887
14098
11361
8580
4890
2528
47
-2559
-3658
-5644
-7510
-8349
-9052
-9109
-9113
-9662
-10451
-11101
-11537
-11561
-11326
-11312
-11623
-11488
-10572
-9388
-7391
-4841
-2897
-1002
1680
4466
7006
9606
11475
12303
13197
14132
14285
14040
13587
12349
10965
10241
9345
7918
6830
5867
4615
3611
2853
2022
1129
404
-255
-1264
-2174
-2983
-4065
-4520
-4868
-5457
-5109
-4746
-4385
-3512
-3123
-2057
-1027
-1113
-305
-488
-2004
-2215
-3457
-5934
-7665
-9934
-12723
-15167
-15805
-15771
-17400
-17016
-15419
-15171
-10982
-5256
-2923
1352
6321
8925
14094
19322
20570
20848
21456
20737
19371
18691
16341
13095
10330
6995
4572
1856
-1028
-2895
-5495
-7186
-8323
-9349
-9187
-9620
-10238
-10847
-11479
-11494
-11555
-11688
-11902
-12166
-11820
-11302
-10377
-8499
-7387
-5688
-3339
-1554
1677
4279
6211
8874
10204
11251
12882
14088
14042
13900
13923
11940
11039
11069
9243
8173
7258
5294
4362
4307
3097
2350
1879
171
-76
3
-971
-1682
-2389
-3347
-3676
-2845
-3271
-3235
-1711
-2509
-1757
553
-302
299
1463
-268
-735
-1086
-3187
-4273
-6012
-9773
-12549
-15120
-18011
-18052
-18540
-20631
-18861
-17583
-16255
-9448
-5926
-3565
2898
6258
10335
17011
19988
21326
22296
21701
20763
19499
18566
15599
12121
9723
5263
3232
1604
-1490
-3397
-4740
-6575
-8280
-6502
-8004
-9113
-7861
-10844
-10788
-10467
-11991
-11782
-12418
-13392
-13207
-12282
-11374
-9819
-7947
-6327
-4557
-1546
1527
3732
6740
8937
9808
11438
13018
13170
13206
13399
12311
11062
10909
10294
8839
8103
7223
5765
5303
5255
4474
3458
2489
1185
241
-44
-642
-1995
-2807
-3177
-3940
-3420
-2935
-2886
-2165
-1652
-6
727
881
2371
1751
1361
1435
-986
-2630
-3920
-6485
-9141
-11889
-14772
-17814
-19376
-18969
-19489
-19817
-17398
-16241
-14282
-7954
-4341
-1576
4294
7691
11101
16588
19186
20227
21230
20688
19887
19215
17906
15535
12775
10316
7167
4652
3261
890
-1529
-2919
-4846
-6440
-6716
-7617
-9176
-10035
-10886
-12513
-12764
-12923
-14147
-14149
-14553
-14827
-13701
-12141
-11139
-8984
-6471
-5859
-2332
771
2368
5777
7110
8701
10679
11821
13106
12940
13678
14050
12734
12817
11859
10161
10382
9505
7894
7310
6404
5062
4415
3644
1906
929
110
-965
-1660
-2817
-4003
-4214
-4155
-4998
-4466
-3707
-4135
-1976
-915
-1650
343
887
413
1944
1496
357
356
-1462
-4258
-6121
-7788
-10934
-13196
-14545
-18569
-19506
-17743
-19673
-18230
-15100
-16109
-11573
-5198
-3398
1851
6612
9023
14478
18657
19956
20910
21254
20346
19539
18574
16180
13986
11481
7862
5192
3123
661
-812
-2263
-4628
-6154
-7116
-7968
-8223
-9179
-11022
-12202
-12809
-13711
-14468
-14800
-15450
-15629
-14491
-13095
-11697
-9481
-7352
-5548
-2565
528
2987
5500
8271
9443
10305
12730
13055
12986
13858
13553
12273
12380
12061
9962
10637
9362
7798
8245
6429
5592
4314
3023
1903
-79
-604
-1754
-3492
-4092
-5217
-6435
-5649
-5603
-5264
-3304
-3736
-2311
599
854
3114
4713
4359
5303
5352
5049
4275
3013
1269
-2018
-4312
-6619
-9766
-11670
-14480
-17548
-18808
-19841
-19017
-18008
-18072
-15527
-13744
-11385
-5618
-2569
695
5349
7518
11485
15294
16924
18777
18997
18636
18200
17257
16077
13642
11610
9033
5894
4338
2025
-19
-1155
-3535
-5386
-6241
-7253
-8396
-8898
-9866
-11475
-11462
-11744
-12374
-11705
-11836
-12150
-11151
-10088
-8826
-6802
-5131
-3568
-1624
447
2703
4864
6888
8259
9025
9907
10829
11244
11351
11193
10353
9300
8846
8791
7802
6799
5584
4324
3847
3185
3057
1884
424
-259
-785
-1761
-1970
-1952
-4571
-3855
-3689
-5072
-3064
-2984
-2824
-1755
-382
927
2161
4365
5084
5620
6579
6874
6427
6547
5671
3208
1736
-300
-3286
-5426
-7729
-11096
-13072
-14918
-17134
-17683
-18151
-17942
-17232
-16123
-14167
-12277
-8869
-5579
-2984
373
2803
5560
8576
10552
12045
12507
12862
13039
12622
12282
11378
9794
8303
7253
5920
4670
4068
2951
1708
1018
137
-817
-886
-1465
-2994
-3680
-4910
-5795
-6035
-6932
-7695
-8883
-8957
-8584
-8241
-7333
-6943
-6068
-5050
-3531
-1751
-498
811
1932
2844
3663
4632
5335
5732
6067
6189
6089
6133
6668
7019
6889
6741
6621
6305
6595
6720
5708
4688
3563
2381
1344
396
-869
-2581
-4127
-4455
-4787
-5069
-3570
-3866
-2917
-636
130
2817
4699
6225
7342
8134
9223
9062
9899
9414
7697
6259
4620
2845
632
-1329
-4138
-7359
-9760
-11875
-14155
-16021
-17822
-19809
-20978
-21298
-20838
-20313
-19629
-18317
-17360
-15393
-11726
-8780
-5672
-1566
1490
5037
9590
12679
15358
18071
19327
20265
21118
20709
20005
19227
17470
15586
13989
11908
9632
7468
5198
3057
1090
-611
-2041
-3835
-5643
-7021
-8625
-10002
-10770
-11905
-12925
-13258
-13736
-13896
-13168
-12366
-11508
-10145
-8661
-7157
-5024
-2667
-932
931
2872
4149
5870
7432
7682
8196
8644
8211
8295
8387
7635
6917
6367
5730
5054
4639
4271
3299
2420
1863
937
283
-7
-777
-1700
-2291
-2470
-2296
-2131
-1795
-1376
-1146
13
1597
2254
3527
4939
5071
6398
7635
6946
7264
7253
5614
4948
3916
1721
130
-2011
-4516
-6337
-8464
-10168
-11810
-13950
-15143
-16315
-17425
-17540
-17873
-18288
-17841
-16699
-15634
-13944
-11274
-9612
-6964
-2719
-163
3407
7826
9911
13128
16755
18136
19846
21077
20516
20019
19488
17996
16303
14800
12514
9945
8060
5976
3590
1875
304
-1794
-3229
-4229
-5787
-6808
-7509
-8794
-9500
-9747
-10563
-10983
-10933
-11258
-11170
-10482
-9845
-9089
-8049
-6856
-5642
-4056
-2408
-1275
87
1592
2501
3488
4726
5092
5261
5928
6012
6001
6183
6149
5987
5836
5905
5580
5259
5222
4695
4233
3787
2930
2072
1379
593
-511
-1265
-1829
-2527
-2748
-2909
-2972
-2584
-1947
-1046
-231
814
2121
3075
4061
5221
5522
5531
6235
5630
4707
4734
2906
1426
1048
-1264
-2893
-3677
-5830
-7035
-7708
-9319
-10098
-10619
-11514
-11715
-11832
-12169
-12085
-11674
-11318
-10620
-9439
-8583
-7219
-5233
-3832
-1586
1121
2982
5626
8300
10190
12499
14654
15978
16900
17735
17694
17069
16728
15362
13457
11982
9797
7511
5734
3560
1142
-730
-2530
-4524
-5881
-7178
-8819
-9989
-10902
-11925
-12468
-12600
-13066
-13023
-12518
-12293
-11283
-10006
-8998
-7401
-5750
-4101
-2089
-195
1638
3352
4757
6026
7158
7902
8336
8709
8477
8113
7895
7037
6391
5700
4512
3780
3007
1935
1261
556
-542
-1197
-1775
-2672
-3084
-3467
-4058
-4226
-4198
-4242
-3918
-3337
-2845
-2069
-983
69
1313
2749
3871
5109
6206
7022
7952
8422
8807
9051
8743
8411
8097
7029
6004
5142
3144
1670
87
-2116
-3753
-5856
-7834
-9820
-11639
-12976
-14582
-15578
-16226
-16917
-16864
-16396
-15915
-14885
-13393
-11800
-9843
-7356
-4805
-2287
724
3605
6192
9150
11719
13754
15655
17028
17781
18038
18109
17550
16567
15670
13993
12261
10666
8430
6463
4726
2560
820
-669
-2479
-3882
-5238
-6657
-7752
-8741
-9748
-10613
-11241
-12019
-12367
-12495
-12653
-12255
-11803
-11105
-10026
-8844
-7435
-5894
-4268
-2549
-859
756
2356
3711
4888
6011
6773
7328
7838
7981
7898
7915
7620
7146
6870
6246
5454
4931
4082
3224
2731
1919
1268
918
296
12
-91
-369
-286
-177
-113
241
540
959
1447
1851
2434
2733
3129
3451
3345
3576
3352
2882
2711
1952
1222
459
-659
-1569
-2727
-3996
-4983
-6028
-7167
-8040
-8671
-9402
-9985
-10243
-10403
-10591
-10493
-10138
-9918
-9362
-8476
-7747
-6757
-5440
-4395
-3089
-1464
-147
1534
3352
4967
6895
8617
10203
11898
13166
14255
15220
15623
15729
15632
14962
13980
12880
11254
9427
7585
5371
3212
1065
-1137
-2999
-4912
-6630
-7911
-9297
-10329
-10887
-11533
-11924
-11845
-11844
-11777
-11112
-10578
-10139
-9053
-8149
-7413
-6103
-4897
-3953
-2624
-1271
-251
995
2340
3305
4289
5382
6105
6736
7495
7911
8118
8362
8273
7993
7719
7209
6566
5897
5016
4101
3191
2145
1273
321
-663
-1253
-2054
-2720
-2882
-3266
-3401
-3098
-2984
-2693
-2040
-1689
-1309
-534
-287
103
825
817
1205
1602
1372
1759
1773
1328
1543
1071
438
450
-462
-1078
-1345
-2403
-2754
-3125
-3855
-3893
-4196
-4474
-4237
-4329
-4244
-3793
-3667
-3364
-2805
-2492
-2079
-1484
-1042
-619
-84
396
798
1242
1746
2117
2421
2909
3238
3431
3921
4223
4284
4577
4689
4517
4535
4441
4046
3815
3452
2805
2311
1727
957
252
-404
-1220
-2026
-2599
-3362
-3998
-4327
-4893
-5153
-5191
-5473
-5392
-5147
-5085
-4687
-4131
-3801
-3131
-2330
-1834
-985
-73
471
1392
2310
2681
3479
4207
4301
4877
5278
5113
5348
5402
4949
4741
4521
3831
3365
3070
2257
1710
1414
626
96
-192
-913
-1487
-1758
-2387
-2922
-3024
-3414
-3768
-3688
-3804
-3931
-3587
-3352
-3270
-2700
-2184
-1993
-1263
-553
-401
300
947
946
1533
2023
1883
2299
2623
2314
2432
2588
2289
2231
2292
2070
1825
1843
1635
1141
1027
634
-91
-322
-789
-1494
-1689
-2008
-2476
-2449
-2485
-2656
-2436
-2287
-2232
-1903
-1655
-1430
-1084
-802
-529
-316
-145
-23
-6
24
-13
-86
-97
-151
-163
-92
-93
-100
-62
-160
-253
-281
-425
-481
-470
-554
-545
-484
-489
-393
-274
-209
-26
151
305
621
914
1139
1447
1677
1818
2010
2158
2276
2395
2430
2462
2484
2470
2528
2530
2494
2546
2436
2306
2289
2033
1774
1668
1328
1025
854
428
36
-221
-706
-1152
-1435
-1883
-2264
-2479
-2819
-3063
-3121
-3239
-3326
-3240
-3197
-3266
-3133
-2975
-3081
-2848
-2540
-2705
-2330
-1966
-2118
-1513
-1072
-1058
-319
177
353
1097
1556
1774
2371
2604
2699
2942
2903
2846
2775
2540
2292
1997
1578
1194
800
333
-10
-295
-575
-737
-821
-977
-1081
-1137
-1329
-1474
-1570
-1738
-1853
-1895
-1950
-1936
-1834
-1729
-1545
-1293
-1063
-792
-442
-127
186
565
898
1261
1630
1962
2290
2518
2692
2855
2939
3003
3127
3202
3270
3424
3464
3424
3438
3297
3051
2879
2592
2227
1957
1552
1030
523
-176
-981
-1657
-2368
-3029
-3444
-3814
-4141
-4231
-4241
-4204
-3970
-3686
-3444
-3099
-2733
-2440
-2108
-1795
-1587
-1355
-1094
-891
-648
-386
-201
12
225
374
564
743
882
1081
1237
1335
1430
1445
1416
1369
1260
1132
1011
796
543
334
98
-167
-396
-545
-706
-829
-886
-1003
-1039
-1019
-1063
-1045
-1001
-1015
-971
-871
-812
-682
-474
-286
-40
281
589
893
1214
1506
1751
1975
2151
2248
2348
2456
2471
2459
2419
2234
2013
1810
1541
1299
1112
896
703
570
409
232
76
-108
-301
-465
-650
-814
-892
-957
-987
-927
-871
-849
-846
-892
-950
-984
-1016
-1009
-973
-944
-880
-792
-709
-590
-463
-340
-200
-122
-143
-171
-201
-265
-287
-272
-274
-267
-262
-308
-359
-386
-439
-500
-532
-591
-686
-743
-770
-786
-748
-695
-648
-541
-414
-337
-247
-167
-154
-151
-159
-187
-160
-101
-56
10
84
95
79
90
73
78
131
113
104
131
85
129
260
324
486
696
819
1019
1250
1400
1563
1671
1679
1669
1605
1505
1441
1388
1328
1261
1136
952
756
538
315
128
-53
-213
-325
-445
-543
-589
-648
-701
-746
-824
-864
-861
-844
-780
-694
-632
-558
-500
-471
-431
-379
-339
-278
-191
-110
-6
124
201
252
305
299
292
330
334
345
401
423
453
516
524
512
526
492
423
343
198
31
-136
-343
-550
-745
-950
-1128
-1278
-1416
-1519
-1599
-1647
-1619
-1533
-1428
-1299
-1173
-1085
-1006
-915
-827
-721
-599
-464
-293
-114
29
163
284
366
431
474
489
520
586
687
845
1033
1197
1337
1433
1455
1432
1369
1258
1134
1014
905
827
756
687
646
581
467
335
180
22
-104
-218
-333
-442
-554
-636
-665
-667
-639
-582
-525
-450
-345
-233
-102
37
168
299
421
506
567
630
681
704
723
726
691
646
583
488
417
384
365
344
295
218
143
65
3
-27
-74
-150
-244
-382
-537
-652
-743
-817
-883
-961
-1044
-1114
-1177
-1218
-1238
-1276
-1326
-1346
-1344
-1325
-1255
-1148
-1017
-832
-633
-450
-272
-139
-56
1
43
103
190
296
422
539
628
717
790
831
867
886
851
810
789
755
708
666
603
529
459
391
369
393
427
476
525
551
560
535
480
403
311
230
147
61
3
-32
-42
-41
-57
-71
-112
-143
-99
-42
-1
40
21
-40
-96
-157
-196
-201
-197
-177
-131
-89
-79
-97
-143
-227
-311
-368
-409
-416
-369
-293
-207
-119
-47
-5
20
20
-10
-48
-82
-105
-98
-71
-59
-75
-89
-95
-96
-91
-97
-119
-151
-184
-228
-282
-330
-351
-354
-353
-352
-369
-379
-358
-318
-263
-211
-186
-176
-165
-158
-130
-69
-2
71
177
288
369
447
526
592
658
723
770
799
801
786
783
786
774
766
772
775
757
715
650
573
492
405
314
223
121
12
-83
-157
-235
-337
-461
-597
-733
-841
-904
-914
-884
-858
-877
-940
-1021
-1074
-1083
-1045
-976
-931
-886
-801
-708
-619
-522
-449
-385
-314
-242
-140
-24
58
116
167
213
267
335
405
474
554
628
678
717
755
794
826
844
851
834
803
773
716
667
661
651
641
643
612
539
449
354
278
210
142
67
-28
-122
-196
-264
-327
-381
-444
-518
-585
-636
-690
-735
-742
-735
-731
-709
-666
-622
-576
-532
-503
-469
-397
-296
-166
6
190
349
484
592
676
731
739
720
703
685
674
685
702
699
678
636
566
466
334
177
16
-139
-277
-369
-427
-484
-535
-607
-709
-808
-871
-909
-910
-877
-833
-785
-727
-648
-563
-488
-432
-384
-364
-365
-326
-268
-216
-118
-5
87
170
223
267
295
291
315
350
344
354
377
392
442
513
560
575
552
495
414
343
301
292
318
359
373
361
341
294
204
95
-4
-95
-174
-218
-224
-238
-270
-306
-342
-365
-371
-357
-322
-287
-255
-224
-216
-217
-197
-161
-93
5
98
173
238
288
326
357
379
385
386
383
366
338
311
304
325
366
385
383
379
371
343
314
301
273
217
160
112
55
-13
-69
-107
-129
-137
-134
-138
-155
-185
-231
-284
-333
-378
-424
-459
-475
-475
-471
-482
-510
-554
-612
-679
-743
-794
-832
-850
-853
-853
-860
-860
-842
-796
-718
-617
-495
-351
-222
-113
26
169
273
383
512
619
728
858
986
1078
1127
1133
1098
1044
995
947
898
848
781
690
597
500
401
307
218
127
31
-65
-154
-232
-295
-339
-361
-375
-393
-406
-403
-386
-362
-327
-291
-257
-218
-170
-125
-84
-36
19
74
122
172
223
262
278
273
254
232
215
208
206
199
174
134
88
45
19
17
31
42
39
21
-10
-45
-77
-113
-154
-181
-189
-180
-167
-158
-147
-133
-125
-124
-126
-144
-183
-224
-252
-277
-303
-328
-353
-375
-384
-387
-383
-371
-360
-363
-367
-370
-385
-404
-409
-401
-386
-358
-315
-257
-193
-138
-83
-24
28
75
132
196
257
325
399
462
519
575
619
643
667
687
684
662
640
617
591
574
567
556
524
472
407
337
263
192
135
96
70
44
6
-49
-119
-192
-247
-288
-302
-292
-285
-284
-295
-330
-365
-386
-395
-385
-357
-325
-280
-240
-210
-176
-143
-107
-59
-10
26
59
86
87
72
58
36
9
-8
-12
-3
11
27
44
51
44
31
11
-16
-42
-59
-67
-68
-67
-69
-73
-78
-85
-96
-107
-117
-124
-124
-115
-107
-106
-111
-110
-101
-91
-80
-64
-52
-42
-31
-33
-42
-42
-41
-50
-58
-63
-64
-61
-51
-35
-19
-6
13
40
58
81
113
134
150
164
170
187
205
202
215
236
243
255
263
259
250
230
212
209
211
222
235
240
239
229
217
208
193
164
122
84
58
40
21
-1
-29
-71
-127
-193
-254
-298
-327
-347
-362
-363
-353
-333
-309
-284
-266
-257
-254
-254
-249
-240
-223
-194
-157
-118
-76
-31
7
27
26
18
11
5
0
3
19
41
62
80
92
94
89
80
72
66
70
96
138
178
198
191
157
105
52
11
-13
-31
-44
-44
-34
-27
-28
-38
-53
-70
-86
-88
-78
-64
-51
-27
8
46
82
114
141
161
166
155
129
96
64
42
35
41
51
53
49
38
32
39
49
52
50
50
56
64
73
84
96
100
92
68
38
10
-9
-8
6
20
19
5
-22
-58
-95
-131
-162
-181
-183
-168
-142
-121
-110
-109
-112
-119
-123
-122
-120
-119
-117
-109
-95
-82
-77
-76
-72
-63
-54
-48
-48
-47
-45
-46
-47
-47
-35
-8
27
58
78
93
112
134
154
163
158
145
132
118
106
94
80
66
56
52
49
43
28
9
-5
-8
-6
-6
-11
-18
-23
-21
-17
-4
15
33
45
48
42
27
5
-18
-38
-53
-62
-63
-53
-33
-12
0
0
-5
-11
-14
-13
-8
3
15
24
27
25
25
38
59
87
108
119
115
97
71
44
21
3
-13
-32
-45
-52
-53
-53
-55
-57
-62
-66
-72
-74
-71
-68
-69
-74
-79
-80
-78
-79
-75
-66
-55
-48
-47
-54
-65
-77
-84
-82
-72
-56
-42
-29
-20
-9
5
17
28
33
37
45
55
64
69
70
69
69
68
71
77
86
93
96
95
92
87
82
83
84
85
82
79
72
55
28
2
-17
-28
-36
-40
-40
-35
-29
-27
-27
-29
-32
-34
-38
-42
-42
-34
-19
-2
5
5
2
-7
-15
-22
-25
-25
-21
-17
-14
-12
-10
-4
7
19
29
34
36
37
37
32
22
3
-16
-28
-31
-29
-28
-29
-37
-48
-56
-54
-45
-37
-39
-50
-62
-72
-75
-71
-61
-48
-36
-20
2
27
48
62
66
59
43
26
6
-12
-25
-30
-28
-18
-2
16
34
43
45
40
31
19
11
9
13
22
33
50
64
72
68
51
29
10
0
-2
-2
-5
-9
-10
-7
-4
-4
-10
-22
-32
-39
-41
-34
-21
-4
12
25
33
39
41
42
39
33
25
17
12
11
11
5
-5
-20
-39
-50
-54
-52
-47
-41
-37
-33
-28
-20
-13
-6
-2
1
-1
-2
-2
4
15
27
36
41
36
25
10
-3
-12
-14
-9
-1
7
12
16
17
18
16
10
1
-8
-18
-23
-26
-30
-32
-36
-40
-45
-46
-37
-20
1
15
21
25
29
30
22
9
-3
-9
-11
-4
6
21
34
35
34
28
21
11
-2
-15
-28
-39
-46
-51
-50
-43
-26
-6
11
18
21
19
18
20
25
29
31
33
35
36
33
27
19
19
25
36
45
44
33
15
-5
-25
-39
-45
-42
-36
-30
-24
-17
-8
3
13
19
19
13
7
-5
-17
-28
-31
-25
-14
-7
-3
0
4
5
4
1
-4
-11
-19
-23
-22
-17
-15
-14
-10
-6
-3
1
2
1
-7
-18
-29
-35
-32
-17
-2
14
23
28
28
27
26
26
24
15
4
-3
-5
-1
3
5
5
4
2
-2
0
1
1
0
-1
0
4
9
12
11
4
-4
-9
-11
-10
-7
-2
5
11
12
12
7
1
-3
-7
-10
-13
-14
-14
-12
-9
-5
-2
1
2
4
0
-2
-4
-1
7
15
22
26
23
21
16
11
6
3
-4
-9
-12
-10
-7
1
7
12
13
13
12
10
8
3
-3
-12
-19
-19
-15
-7
1
6
5
0
-6
-12
-16
-17
-20
-19
-21
-23
-22
-21
-18
-13
-7
-3
-1
0
1
2
4
6
9
13
18
23
30
35
36
34
28
17
5
-7
-12
-11
-5
3
9
7
-1
-11
-20
-26
-28
-26
-20
-10
-2
4
9
9
10
10
11
11
11
10
9
9
13
16
19
18
13
4
-1
-7
-9
-10
-13
-16
-17
-15
-10
-6
-5
-9
-13
-15
-12
-5
3
13
16
19
16
13
7
1
-3
-9
-13
-15
-18
-21
-23
-23
-23
-21
-18
-18
-19
-19
-19
-14
-8
-1
3
9
14
20
23
24
20
15
8
4
1
4
9
17
22
23
23
19
13
8
6
8
12
15
15
10
7
0
-3
-2
-2
2
5
8
10
7
4
0
-3
-6
-8
-5
-3
3
6
9
7
1
-7
-15
-22
-21
-19
-10
-4
1
4
3
1
-3
-7
-10
-13
-13
-12
-10
-8
-7
-7
-5
-4
-2
-4
-6
-9
-11
-13
-12
-10
-5
-1
2
3
3
0
0
3
7
12
15
18
18
15
9
5
-2
-7
-10
-15
-19
-20
-23
-23
-22
-21
-19
-16
-11
-6
-2
1
1
1
5
9
17
27
36
43
46
46
42
36
27
16
6
-2
-5
-4
0
4
8
10
15
19
20
18
9
-1
-10
-16
-17
-13
-6
2
9
11
13
10
6
4
2
-1
-7
-16
-25
-31
-34
-32
-27
-20
-12
-5
-1
2
-1
-4
-6
-5
-4
-6
-10
-16
-16
-14
-10
-7
-5
-2
-1
3
3
2
0
-2
-4
-3
-2
0
4
9
14
17
16
12
6
0
-5
-9
-10
-13
-14
-14
-12
-7
1
7
14
18
20
19
13
6
-1
-8
-13
-16
-14
-9
-2
5
9
10
9
5
1
-3
-7
-9
-6
0
6
10
12
12
13
16
22
26
28
24
18
12
9
8
11
13
14
13
11
9
8
8
7
3
-1
-5
-8
-9
-8
-6
-6
-7
-13
-17
-20
-24
-27
-29
-30
-28
-27
-25
-21
-19
-18
-18
-19
-19
-17
-14
-11
-8
-6
-5
-2
3
5
7
8
9
12
13
16
14
9
4
-1
-3
-3
-3
-1
3
8
13
17
17
15
10
5
0
-3
-2
0
6
13
20
24
26
25
21
18
14
9
3
-2
-5
-5
-4
-2
1
1
2
5
7
6
2
-6
-12
-17
-19
-19
-16
-12
-7
-1
4
5
5
2
-2
-7
-10
-14
-18
-21
-23
-23
-20
-13
-5
3
7
9
8
6
5
7
7
8
7
5
3
3
6
10
14
14
12
6
0
-3
-4
-3
-3
-4
-4
-5
-6
-8
-8
-10
-8
-6
-4
-3
-4
-5
-4
-3
0
5
8
13
15
16
17
15
11
7
3
2
2
4
8
12
14
13
8
3
-1
-6
-9
-9
-9
-8
-6
-3
0
2
5
5
3
0
-5
-9
-13
-13
-12
-11
-11
-11
-11
-13
-13
-15
-16
-18
-19
-18
-15
-9
-4
0
1
4
6
9
13
15
16
18
19
20
17
16
13
11
12
15
19
20
19
15
12
6
2
-1
-2
-3
-2
-3
-2
1
1
1
-3
-6
-10
-13
-13
-12
-12
-12
-16
-21
-23
-25
-23
-19
-17
-17
-17
-14
-9
-1
6
11
13
13
14
13
12
9
6
3
2
3
3
5
6
8
10
10
7
1
-4
-7
-5
-1
2
4
6
10
16
20
22
19
12
6
5
4
5
6
5
4
0
-4
-9
-13
-16
-16
-14
-11
-9
-8
-7
-9
-10
-10
-8
-6
-2
-2
-3
-5
-5
-3
1
5
7
7
5
1
0
0
0
-2
-5
-9
-13
-12
-8
2
8
13
14
14
11
10
8
7
4
1
-3
-6
-8
-8
-7
-4
-2
-1
-2
-1
-3
-2
-1
2
4
6
8
10
10
9
4
0
-3
-3
0
2
3
2
0
-1
-2
-3
-4
-5
-4
-3
-2
-1
-4
-6
-10
-10
-7
-4
-1
0
-2
-3
-5
-5
-4
-2
0
1
0
1
3
5
8
9
9
8
8
5
5
2
0
0
1
3
7
11
15
16
15
11
5
0
-5
-6
-7
-7
-9
-10
-14
-16
-16
-14
-10
-6
-4
-5
-8
-10
-10
-6
-4
0
3
3
2
1
1
4
11
21
28
33
30
23
15
8
-1
-5
-8
-10
-11
-10
-8
-6
-5
-7
-10
-14
-15
-15
-14
-12
-10
-9
-9
-5
-3
1
6
9
11
11
9
7
6
7
8
8
7
4
2
-1
-2
-2
-1
-1
2
4
4
2
-2
-6
-6
-6
-4
-2
-2
-1
2
2
2
0
0
-1
3
7
11
13
16
16
12
9
4
-1
-6
-10
-12
-13
-15
-16
-14
-14
-15
-13
-15
-13
-12
-11
-12
-12
-12
-7
-4
0
3
2
2
2
4
8
9
10
9
8
9
10
13
20
24
28
29
25
21
13
9
6
1
-3
-7
-12
-16
-18
-17
-15
-12
-10
-9
-8
-8
-8
-9
-9
-8
-5
0
1
4
5
5
6
7
9
8
7
4
0
-6
-11
-14
-12
-9
-2
4
10
13
15
14
11
9
6
5
4
4
4
5
7
8
11
12
13
12
10
6
1
-6
-13
-17
-18
-16
-12
-11
-9
-6
-4
-3
-6
-10
-11
-8
-5
-3
-5
-7
-7
-5
0
3
0
-3
-5
-7
-9
-11
-12
-12
-10
-7
-4
-1
2
5
8
9
14
15
15
15
12
10
7
6
6
6
8
9
8
8
6
4
1
0
-2
-5
-4
-4
-2
0
5
7
10
11
8
5
1
-3
-7
-9
-10
-9
-7
-3
-1
2
1
1
0
-1
-4
-9
-14
-17
-17
-14
-10
-7
-6
-5
-4
-3
-2
-1
0
-1
2
5
9
10
10
9
9
9
8
8
9
12
13
11
9
7
5
6
6
5
