SAMPLES:	16077
BITSPERSAMPLE:	16
CHANNELS:	1
SAMPLERATE:	16000
NORMALIZED:	FALSE
0
0
0
0
-2
-1
-1
-2
0
-1
-2
-1
-1
-1
-2
-3
-3
-3
-3
-3
-3
-2
-3
-1
-1
0
0
0
0
0
1
0
1
0
0
0
0
-1
-2
-1
0
0
0
0
-1
-1
-1
-2
-2
-2
-2
0
0
0
0
0
1
0
0
0
0
1
1
1
1
1
0
1
2
1
1
1
0
0
0
0
0
0
1
1
2
2
2
2
1
3
1
1
1
-1
0
0
0
1
0
0
0
-2
-1
-1
-1
-1
1
1
0
1
-1
-1
-2
-1
-2
-2
-2
-2
-1
0
0
0
0
0
0
0
0
0
1
0
0
-1
-1
-1
-1
0
0
0
0
0
0
0
0
0
0
0
1
2
1
0
0
1
0
0
0
0
0
0
0
0
1
1
0
0
1
0
1
1
1
2
3
2
2
0
2
1
-1
1
1
2
1
1
1
1
0
2
-1
1
0
0
3
-4
3
-4
2
-1
-1
0
0
0
-1
0
0
0
0
0
0
-1
0
0
-2
-1
-1
-1
-1
-3
-2
-3
-3
-3
-3
-2
-3
-2
-2
-2
-2
-2
-2
-2
-1
0
-1
-1
-1
-1
0
0
0
1
1
2
1
0
2
2
2
2
2
2
2
2
2
3
4
3
4
4
3
2
2
2
2
1
1
0
0
0
0
1
1
0
1
0
0
-2
0
-1
0
0
0
0
-1
-2
-2
-3
0
-1
1
0
0
0
0
0
0
-1
-2
-1
0
-2
-1
-1
-1
-1
-1
-1
0
0
0
0
0
0
0
1
-1
0
0
0
0
-1
-1
-1
-2
-1
-2
0
0
0
0
0
-1
0
2
1
1
1
3
2
2
3
3
3
3
3
3
3
2
2
2
2
1
2
1
2
0
-1
-1
-1
0
0
0
0
0
0
0
-1
0
0
1
-1
0
1
0
0
0
0
-1
-1
-2
-3
-2
-2
-2
-2
-2
-2
-2
-3
-3
-3
-3
-2
-2
-2
-2
-2
-1
-1
-1
0
0
0
1
0
1
0
0
0
1
0
0
-1
1
1
0
1
1
0
0
0
0
0
-1
0
0
0
1
2
1
2
2
3
2
1
2
0
1
1
1
1
1
1
0
1
2
1
1
1
2
0
0
0
0
-1
0
0
-1
-2
-1
0
-1
-2
-1
0
-1
-1
-1
-1
-1
-1
-2
-2
-2
-1
-1
0
0
0
0
0
0
-1
0
-2
-3
-2
0
-1
0
-1
-1
-1
-2
-1
0
0
0
0
0
-1
1
0
1
1
1
2
1
1
1
0
1
3
2
2
1
1
1
0
0
0
0
0
-1
1
-1
-1
0
-1
-1
-1
-1
0
0
0
0
1
0
2
0
2
1
0
2
0
0
1
-1
0
1
-1
2
-4
3
-4
1
-2
-1
-1
-1
-1
-1
-2
-1
-1
0
-1
0
-1
1
1
0
0
0
0
0
1
2
1
0
1
1
0
0
-1
0
0
0
0
0
-1
-1
0
0
0
0
1
0
0
0
0
-1
0
0
0
0
0
0
0
0
1
0
-1
0
0
-1
0
0
0
0
0
0
0
0
0
0
0
1
0
0
0
0
-1
-1
0
-1
0
0
0
-2
-1
-1
-1
-1
0
0
-2
0
0
-1
-1
0
0
-1
0
0
-1
0
1
-2
1
-1
0
1
-2
0
1
-1
1
0
-1
3
-1
4
-2
1
0
1
0
0
0
0
0
0
0
0
0
1
0
0
0
0
0
0
-1
0
0
-1
0
0
1
0
0
1
0
0
0
1
0
0
0
0
0
0
1
-1
0
0
0
1
-1
-1
0
0
0
0
0
-1
0
0
0
0
1
-1
-1
0
-1
-1
0
1
0
0
0
0
0
1
0
0
0
0
0
0
0
1
0
0
0
0
-1
0
0
-1
-1
0
-1
0
0
0
1
1
0
0
0
-1
1
0
0
0
1
0
0
1
0
1
0
1
1
-1
1
0
-1
2
-3
3
-3
1
-1
0
1
0
0
0
0
1
0
1
0
0
-1
0
-1
0
0
0
0
0
-1
0
0
0
1
1
0
0
-1
0
0
1
0
0
-1
1
0
-1
-1
-1
-1
0
0
0
0
0
0
0
0
0
0
0
1
0
0
0
-1
0
1
0
0
1
-1
0
-1
-1
0
0
0
0
0
0
0
0
-1
0
-1
1
0
1
1
0
0
0
0
0
0
0
0
0
0
0
0
0
0
1
0
-1
0
0
0
0
1
-1
-1
-1
-2
-2
-2
-2
-1
-3
0
-1
-2
4
-2
4
-2
2
-1
0
0
0
-1
0
0
0
0
0
0
-1
-1
0
0
0
0
0
1
0
1
-1
0
0
-1
0
0
0
1
0
0
0
0
0
0
0
1
0
1
0
0
0
-1
-1
0
0
0
0
1
0
-1
0
0
0
0
1
0
-1
0
0
0
0
0
1
0
0
0
0
0
0
0
0
0
0
1
0
0
-1
-1
-1
-1
-1
0
0
0
0
0
0
0
0
1
1
1
1
1
1
0
1
1
0
1
0
1
-1
0
0
-1
1
-1
0
1
-1
1
0
-1
3
-3
2
-3
2
0
0
0
-1
1
0
0
0
0
0
0
0
0
1
0
-1
1
0
-1
-2
-1
-1
-1
0
-1
-2
0
0
0
0
0
0
0
1
-1
0
-1
0
-1
-1
0
0
0
1
0
0
0
0
0
1
0
-1
-1
0
0
0
0
0
0
0
-1
0
-1
0
1
0
0
0
0
1
0
0
0
0
0
-1
-1
0
0
0
0
-1
0
1
0
1
0
0
0
0
-1
0
0
0
-1
0
0
0
0
0
0
0
1
-2
0
0
0
2
-1
1
1
-2
1
1
-1
3
-4
3
-3
2
-1
0
0
1
0
1
0
0
0
0
0
1
0
1
0
0
0
1
0
0
0
0
0
-1
0
0
0
0
0
0
0
0
0
-1
0
0
0
0
0
0
0
0
0
0
1
0
1
0
0
1
0
0
1
0
0
1
0
0
1
0
0
0
0
0
0
0
0
0
0
0
1
0
0
-1
0
0
-1
0
-1
0
0
1
1
0
0
0
-1
0
0
0
0
0
0
1
0
0
-1
0
0
0
0
-1
1
0
0
0
0
1
-1
-1
1
-1
1
0
-1
3
-3
4
-3
2
-1
0
0
-1
0
0
0
0
0
1
0
0
0
0
0
0
0
1
0
-1
0
-1
1
0
0
0
0
-1
0
-1
0
0
0
0
-1
1
0
0
0
1
0
-1
0
1
1
0
-1
0
0
0
0
0
0
0
0
-1
0
0
0
0
1
-1
0
0
-1
0
0
0
0
0
1
1
0
-1
-1
-2
-2
0
0
0
1
0
0
0
0
0
0
2
1
1
0
1
1
2
1
1
1
1
1
2
1
0
0
0
1
1
0
2
0
1
1
0
1
0
-1
2
-3
3
-3
2
0
0
0
0
0
0
0
-1
0
-1
-1
-1
0
-1
-2
0
-2
-2
-2
-1
-3
-2
-2
-1
-1
-1
0
-1
-1
-1
-1
-1
0
1
0
0
0
0
0
0
0
0
0
-1
0
0
0
1
0
0
0
1
0
0
0
0
0
0
0
0
0
0
1
0
1
0
-1
0
0
-1
0
0
0
0
1
1
1
1
2
1
4
2
4
3
3
3
3
2
3
1
2
1
0
0
0
-1
-1
-1
-1
-2
-2
-2
-1
-3
-3
-4
-3
-3
-3
-3
-2
-2
-2
-1
-1
-1
-2
0
0
1
0
0
-1
0
0
0
0
0
0
0
0
-1
0
1
1
1
1
1
1
0
0
0
0
0
-1
0
0
-1
0
0
0
0
0
0
0
0
0
0
0
1
1
2
2
1
1
0
2
1
1
1
1
1
1
1
0
0
0
0
-1
0
-1
-1
0
-1
0
-1
-1
0
-1
-1
-1
-1
0
0
0
-1
0
1
2
2
1
2
1
2
1
1
2
1
1
2
1
0
-2
-2
-2
-4
-5
-5
-6
-6
-7
-7
-10
-9
-8
-8
-7
-6
-5
-3
-1
1
4
5
6
9
11
14
19
23
28
31
36
39
42
43
41
38
35
30
21
15
6
-2
-11
-19
-26
-36
-44
-53
-62
-73
-81
-89
-95
-96
-93
-87
-75
-59
-43
-25
-7
11
26
42
56
66
76
85
91
98
99
99
93
86
74
64
52
39
26
13
-1
-17
-32
-48
-61
-73
-82
-91
-99
-108
-116
-124
-129
-131
-129
-121
-108
-92
-73
-52
-30
-8
13
33
52
71
89
108
129
151
172
193
212
231
248
264
276
281
278
265
242
212
176
133
85
34
-21
-79
-138
-200
-262
-328
-393
-456
-517
-572
-614
-633
-630
-608
-565
-501
-419
-327
-225
-118
-10
96
193
282
363
438
502
557
601
631
647
647
632
603
563
513
456
391
318
239
153
64
-28
-120
-209
-295
-372
-442
-503
-552
-588
-612
-621
-618
-601
-571
-529
-475
-411
-339
-260
-175
-88
0
89
172
251
323
388
444
490
523
545
556
554
541
516
481
433
377
312
241
166
88
7
-75
-159
-243
-324
-398
-462
-515
-559
-595
-624
-645
-651
-643
-619
-577
-516
-441
-351
-254
-149
-45
59
168
278
391
501
601
689
775
868
983
1104
1214
1310
1388
1435
1456
1443
1376
1260
1105
900
655
398
121
-210
-556
-905
-1277
-1648
-2054
-2497
-2940
-3352
-3747
-4021
-4069
-3997
-3828
-3531
-3164
-2721
-2189
-1593
-927
-233
457
1146
1807
2430
3017
3528
3952
4278
4495
4615
4651
4598
4442
4182
3841
3439
2976
2449
1866
1247
603
-61
-737
-1408
-2055
-2650
-3187
-3665
-4090
-4442
-4690
-4811
-4807
-4683
-4457
-4135
-3717
-3197
-2587
-1911
-1214
-515
192
907
1621
2287
2880
3389
3799
4134
4380
4502
4530
4464
4294
4071
3754
3320
2837
2283
1670
1054
385
-314
-985
-1667
-2328
-2932
-3523
-4052
-4471
-4825
-5094
-5234
-5290
-5232
-5030
-4736
-4343
-3826
-3257
-2631
-1932
-1230
-523
229
964
1679
2394
3014
3569
4143
4657
5125
5586
5945
6275
6629
6864
7006
7114
7053
6861
6596
6141
5493
4675
3655
2533
1312
-82
-1534
-3034
-4612
-6073
-7414
-8726
-9855
-10793
-11576
-12030
-12238
-12308
-12052
-11504
-10679
-9478
-8114
-6647
-4925
-3050
-1021
1160
3253
5229
7167
8974
10633
12100
13179
13871
14304
14415
14199
13694
12738
11436
10018
8368
6534
4618
2478
335
-1607
-3558
-5435
-7145
-8788
-10129
-11062
-11832
-12379
-12635
-12686
-12350
-11633
-10793
-9787
-8591
-7263
-5677
-3923
-2214
-499
1209
2846
4490
6051
7361
8495
9455
10179
10726
11021
10978
10728
10289
9593
8694
7572
6235
4874
3492
1973
405
-1192
-2806
-4222
-5473
-6700
-7794
-8792
-9665
-10179
-10469
-10647
-10593
-10422
-10067
-9348
-8466
-7464
-6293
-5053
-3732
-2256
-733
743
2193
3602
4847
6008
7094
7959
8774
9502
9930
10251
10478
10545
10711
10766
10436
9999
9485
8772
8114
7348
6144
4745
3282
1707
225
-1299
-3098
-4915
-6632
-8309
-9725
-10879
-12043
-13079
-13797
-14362
-14778
-14863
-14705
-14292
-13542
-12658
-11698
-10362
-8617
-6561
-4154
-1691
572
2984
5713
8479
11164
13531
15268
16599
17841
18762
19187
19166
18410
16979
15433
13597
11341
9072
6522
3651
1022
-1633
-4368
-6594
-8580
-10529
-12019
-13339
-14630
-15262
-15346
-15300
-14910
-14349
-13870
-12897
-11324
-9659
-7862
-5946
-4237
-2374
-56
2182
4221
6282
8003
9404
10923
12224
13022
13609
13818
13463
12917
12155
10890
9459
7970
5967
3803
1871
-275
-2313
-3946
-5868
-7773
-9159
-10483
-11534
-12057
-12499
-12928
-13072
-12814
-12310
-11600
-10517
-9352
-8201
-6819
-5298
-3489
-1369
607
2546
4539
6297
8160
10400
12524
14251
15652
16633
17306
17968
18396
18120
17252
16009
14261
12296
10443
8200
5492
2783
-94
-3025
-5551
-7949
-10190
-11961
-13667
-15246
-16360
-17341
-17906
-17793
-17714
-17595
-17276
-17207
-16725
-15422
-13988
-12189
-10093
-8321
-6046
-2916
311
3869
7544
10526
13423
16400
18656
20513
21873
22018
21671
21064
19615
18093
16562
14106
11451
8868
5497
2150
-583
-3497
-6096
-8133
-10561
-12776
-14177
-15426
-16108
-16164
-16548
-16796
-16483
-16095
-15230
-13710
-12279
-10960
-9293
-7407
-5431
-3025
-396
1888
4120
6448
8392
10245
12260
13787
14698
15382
15562
15076
14460
13672
12307
10739
8984
6536
4154
2402
276
-1835
-3014
-4650
-6647
-7428
-8000
-8582
-8303
-8322
-8399
-7772
-7409
-6618
-5060
-4238
-3580
-2302
-1323
-394
1201
2569
3363
4464
5534
6127
7106
8039
8266
8587
8602
7876
7368
6772
5538
4295
2784
632
-1525
-3561
-5631
-7421
-9063
-10930
-12759
-14014
-14436
-14124
-13381
-12461
-11482
-10165
-7988
-5174
-2303
535
2968
4826
6963
9328
11057
12345
13184
13108
12876
12764
11998
11027
10213
8802
7159
5751
3933
2223
1223
-90
-1767
-3182
-4954
-6730
-7572
-8304
-9378
-10328
-11452
-12444
-12462
-11985
-11651
-11185
-10570
-9966
-8815
-6930
-5093
-3390
-1486
218
1780
3740
5657
7160
8566
9605
9996
10359
10814
10919
10915
10797
10060
9285
9054
8761
8433
8335
7786
6889
6558
6448
5837
5117
4357
2892
1392
375
-1035
-2556
-3977
-5932
-7463
-8577
-10229
-11062
-11099
-11777
-12158
-12200
-12918
-13041
-12224
-11723
-11325
-11022
-11371
-11292
-9924
-7938
-6067
-4552
-3157
-1409
1208
4865
8448
11137
13549
15556
17194
19345
20773
20584
20302
19451
17310
15607
13863
11014
8661
6231
2382
-1141
-4163
-7483
-9466
-10589
-12810
-15050
-16594
-17916
-17933
-16789
-16206
-16107
-15753
-15258
-14039
-11570
-9233
-7892
-6456
-4822
-3246
-697
2194
4195
6167
8122
9296
10682
12453
13581
14462
15230
14871
13923
13342
12570
11710
11054
9393
6813
4785
3210
1888
1270
357
-1472
-2918
-3716
-4274
-3991
-3498
-3866
-4181
-4146
-4318
-3968
-3073
-2745
-2614
-2194
-2337
-2489
-1849
-1669
-1584
-888
-1335
-2247
-2488
-3342
-3791
-3527
-4359
-5541
-6750
-8137
-8468
-7990
-7209
-6603
-6554
-5819
-4454
-2439
916
3610
5368
7505
8821
10243
13001
14456
14593
15095
14219
12383
11839
10696
8329
6865
4836
1521
-663
-2591
-5167
-6303
-7111
-9339
-10980
-11968
-13438
-13389
-12138
-12326
-12803
-12532
-12690
-12001
-9782
-8332
-7733
-6650
-5721
-4560
-2009
448
1843
3624
5415
6377
7991
9903
10626
11550
12750
12476
11850
11661
10636
9848
10228
9768
8243
7107
6092
5536
6219
6523
5680
5047
4442
3566
3864
4304
2997
1699
951
-776
-1979
-2392
-4040
-5515
-6279
-8210
-9663
-9924
-11404
-12825
-13132
-14481
-15720
-15756
-16637
-17234
-16554
-16600
-16159
-13828
-11877
-10179
-6849
-3317
-230
4091
8560
12214
16270
19259
20929
23231
24197
23534
23593
22554
20070
18294
16205
13255
10414
7411
3924
164
-3329
-6587
-9639
-11849
-14039
-16612
-18346
-19579
-20466
-20083
-19493
-19437
-18867
-18044
-17313
-15480
-12937
-11033
-8985
-6408
-4237
-1646
1837
4650
7007
9840
11940
13452
15603
17219
17920
18825
18978
18137
17638
16744
15279
14523
13298
10881
8890
7018
4846
3684
2597
356
-1469
-2635
-4020
-4644
-4770
-5831
-6751
-6848
-7175
-7129
-6448
-6560
-6747
-6245
-6485
-6772
-6060
-5995
-6543
-6672
-7357
-8194
-8230
-8394
-8651
-8503
-8858
-9326
-8517
-6735
-4952
-3298
-1495
554
2830
5645
8977
12040
14247
15414
16348
17881
18718
18335
18142
17160
14479
12107
10056
7163
4615
2147
-1327
-4407
-7096
-10298
-12170
-12939
-14872
-16679
-17690
-19129
-19314
-18018
-17522
-17112
-16220
-15819
-14694
-12027
-9212
-7009
-4933
-2847
-857
1891
5145
7597
9943
12151
13035
14054
15684
16477
17177
17811
16760
15087
14085
12827
11896
11852
10291
7536
6274
5066
3607
3983
3832
1993
926
-41
-976
-689
-1133
-2343
-2699
-3618
-5037
-5274
-5483
-6256
-6457
-6966
-8336
-9117
-9558
-10409
-10804
-11078
-12218
-13375
-14114
-14689
-14477
-13983
-13689
-12015
-9789
-8579
-5943
-1817
1092
4402
8991
12406
15159
18086
20054
21692
22899
22330
21488
20975
18924
16512
14973
12074
8295
5558
2289
-1491
-4170
-7252
-10724
-12737
-14630
-16989
-18280
-19277
-20310
-19961
-19330
-19470
-18780
-17583
-17017
-15293
-12497
-10818
-8960
-5974
-3550
-962
2661
5641
7829
10540
12988
14303
16287
18484
18496
18665
19421
17800
16496
16605
15411
14292
12865
10030
8336
6982
5128
4568
3656
1260
-581
-1571
-2433
-3065
-3596
-4529
-5802
-6659
-7131
-7683
-7792
-7946
-8845
-9106
-9280
-10469
-10589
-10186
-11009
-11204
-11226
-12201
-12310
-11853
-11526
-10863
-10466
-9097
-6527
-4973
-2874
937
3605
5910
9936
13433
15719
17948
19321
20294
21287
20802
19676
19055
17334
14609
12663
10247
6383
3349
821
-2849
-5912
-8630
-12052
-14064
-15417
-17493
-18717
-19672
-20593
-20005
-19047
-18672
-17869
-16578
-15499
-13828
-10881
-8463
-6584
-3611
-1066
1280
5042
7878
9737
12538
14444
15605
17765
18969
18826
19112
18741
17407
16728
16030
14533
13069
11545
9361
7277
6062
4442
2465
1511
-547
-3030
-3310
-4733
-6656
-6247
-7472
-9106
-8537
-9474
-10232
-8987
-9250
-9945
-9298
-9251
-9700
-9236
-8815
-9468
-9497
-9109
-9998
-9883
-8638
-9002
-8910
-6947
-5180
-3528
-1323
1073
3677
6455
9439
12577
15438
17351
18215
19410
20640
20045
18897
18496
16831
13993
11877
9420
6066
3214
181
-3350
-6010
-8722
-11832
-13469
-14660
-16633
-17780
-18602
-19798
-19449
-18311
-18201
-17678
-16526
-15901
-14378
-11576
-9397
-7382
-4650
-2413
-26
3678
6764
8805
11444
13819
15409
17490
19071
19177
19238
19188
18202
17740
17427
15231
13133
12334
10192
7723
6576
4431
2152
1211
-662
-2689
-3460
-4987
-6494
-6629
-7389
-8554
-8639
-9071
-9864
-9408
-9127
-9906
-9919
-9588
-10007
-9935
-9679
-10260
-10591
-10358
-10458
-10366
-9562
-9522
-10133
-8456
-5330
-3503
-1573
782
2851
6049
9199
12078
15970
17683
17408
19173
20887
20018
19160
19109
17434
14509
12570
10220
6870
4544
1889
-1612
-4168
-7427
-10955
-12067
-13100
-15307
-16559
-17996
-19883
-19490
-18110
-18089
-17833
-17036
-16813
-15534
-12626
-10213
-8376
-5918
-3695
-1558
1908
5186
7519
10587
13103
14406
16585
18548
19104
19896
20410
19416
18266
17625
16316
14868
14031
11821
8660
6745
4441
1916
1102
-627
-3467
-4652
-5941
-7750
-7765
-7875
-9112
-9187
-9234
-10386
-10127
-9318
-10054
-9902
-9095
-10028
-10449
-9987
-10438
-9834
-8677
-9173
-9320
-8572
-8527
-7820
-5282
-2594
-1059
245
2321
4923
7813
10826
13636
16036
17221
17328
18385
19921
19510
18244
17503
15566
12571
10152
8050
5576
2677
-294
-3455
-6677
-9129
-11468
-13075
-13502
-15740
-18116
-18097
-19118
-19646
-17428
-17064
-17848
-16716
-15895
-14684
-11540
-9055
-7364
-4852
-2625
-530
3053
6527
8710
11361
13888
14983
16459
18463
19115
19219
19782
19477
18170
17103
16012
14724
13831
12406
9942
7674
5382
2958
1841
704
-2051
-4198
-5545
-7638
-8553
-8492
-9985
-11119
-11057
-11991
-12410
-11784
-12442
-12709
-11649
-11984
-12745
-12321
-12350
-12105
-10646
-10122
-10234
-9747
-9380
-7330
-3022
-416
787
3621
6324
8632
12872
16879
18737
19903
20238
20301
21215
20762
19044
18330
16308
12411
10041
7898
4177
1303
-1241
-4840
-7836
-10594
-13298
-14271
-14978
-16637
-17740
-18575
-19505
-18980
-17355
-16573
-16412
-15728
-14788
-13253
-10296
-7466
-5796
-3701
-1285
653
3547
6873
9412
12168
14136
15156
17048
17895
17986
19883
20521
18921
18149
17247
15267
14159
13737
11645
8345
6109
3547
895
418
-1311
-4656
-5792
-7433
-9825
-9429
-9420
-11063
-11144
-11244
-12334
-12047
-11663
-12251
-11653
-10988
-11893
-12010
-11373
-11559
-10669
-8926
-8844
-9037
-8391
-7484
-4280
-80
1242
2631
5830
7667
10367
15070
17576
18585
19675
19565
20023
20685
19061
17592
16696
13295
9490
7298
4375
935
-1611
-4425
-7861
-10918
-13237
-14787
-15406
-15918
-17343
-18514
-18888
-19005
-17569
-15586
-15138
-14511
-13488
-12653
-10003
-6715
-4844
-2796
-524
1096
3545
6773
9249
11618
14096
15291
15972
17293
18122
18849
20019
19365
17319
16217
14810
12960
12410
10994
7398
4603
2594
-119
-1025
-1601
-4981
-6904
-7557
-10212
-10054
-8798
-10824
-10850
-10446
-12582
-11749
-10376
-11531
-10621
-9509
-10978
-11356
-10249
-10035
-9361
-7633
-7562
-8339
-7627
-6836
-4581
77
1971
1996
4965
7555
9254
14059
17735
17944
18998
19569
19022
20028
19655
17619
16520
13653
9328
6935
4740
1174
-1725
-4014
-7838
-11370
-12875
-14834
-16102
-15751
-17310
-19048
-19101
-19471
-18083
-15488
-15167
-15001
-13909
-13158
-11061
-7520
-5097
-3710
-1486
676
2387
5861
9411
11172
13712
15812
15928
17271
19145
19741
21003
21391
19112
17462
16934
15181
13846
13062
9664
5769
3630
945
-873
-1526
-4626
-7512
-8477
-10656
-11851
-11008
-11455
-12267
-12272
-12891
-13407
-12624
-11855
-12086
-11507
-10809
-12033
-12156
-10496
-9828
-8803
-7601
-8143
-8668
-7168
-3724
-592
1577
3996
5044
6418
10762
14490
17009
19401
19715
19461
19928
20193
20110
18781
16985
14605
10436
7169
4990
1772
-1123
-3880
-7539
-10895
-13522
-15373
-16222
-16584
-17496
-19006
-19725
-19572
-18482
-16199
-15000
-14779
-13649
-12635
-10735
-6992
-4345
-2647
-234
1664
3717
7150
10111
12062
14401
16327
17165
18574
20092
20377
20774
20856
19337
17911
16645
14622
13349
12066
9019
5935
3514
619
-1344
-2216
-4567
-7441
-8931
-10648
-11962
-11503
-12085
-13602
-13569
-13987
-14831
-13658
-13077
-13875
-13142
-12605
-13200
-12036
-10657
-10603
-9288
-7865
-8162
-7128
-4056
-1351
1040
3558
5744
8083
10772
13696
17176
19924
20439
20456
21269
21232
20353
19644
18141
15069
11387
8407
5494
2051
-881
-4248
-7879
-10510
-13822
-16104
-16489
-18306
-19194
-18936
-20595
-20564
-18687
-17549
-15943
-14865
-13896
-12279
-10894
-7737
-4504
-3009
-670
1497
3690
7351
9899
12032
14866
16213
16856
18310
20091
21677
22329
21738
20486
19401
18353
16781
15487
13913
10659
7216
4640
1854
-850
-2795
-5041
-8196
-10702
-12158
-13656
-14284
-14425
-15660
-16216
-16167
-16874
-16201
-15064
-15424
-14964
-13808
-13667
-13044
-11334
-9946
-9074
-8164
-7869
-6634
-2249
1313
2561
5634
8495
9839
13490
17557
19950
21937
22294
21983
22746
22370
20682
19805
18297
14125
9979
7456
3818
-75
-2523
-6283
-10604
-13208
-16005
-18182
-18332
-19254
-20575
-20603
-21354
-21276
-18395
-16570
-16077
-14261
-12876
-11693
-8576
-5127
-2877
-697
1981
4094
6411
9411
11543
14445
17150
17491
19461
21309
20993
22562
22632
21175
20884
17729
16024
16039
11844
9590
8188
2770
-270
-1959
-4917
-6724
-9490
-12002
-13161
-14997
-15340
-15079
-16118
-16134
-16015
-16489
-15542
-14546
-14484
-13439
-12148
-11735
-10738
-9402
-8633
-7368
-5968
-5311
-3618
-222
2085
3515
6800
9561
10870
14116
17265
18651
20500
20986
20510
21456
20640
18319
17678
15619
11102
7874
5168
1146
-2112
-4897
-8752
-11768
-14219
-17278
-18427
-18548
-20059
-20486
-19945
-20428
-19417
-16787
-15380
-14081
-12021
-10728
-9014
-5612
-2569
-339
2354
4524
6153
8937
11792
13715
16068
18190
18947
19936
21276
21567
21811
22007
20526
18572
17066
14726
12209
10306
7518
3630
360
-2595
-5829
-7483
-8803
-11726
-13363
-14330
-16289
-16406
-15944
-16366
-16115
-15795
-15247
-15188
-14613
-12109
-12134
-11841
-8709
-9396
-9446
-6214
-6227
-5325
-2459
-1028
1850
3788
5158
9255
11717
13390
16783
18612
19594
20720
21058
21611
21192
19031
17285
15371
11711
8216
5595
1723
-2430
-5413
-8859
-12282
-14587
-17017
-18919
-19597
-20523
-21132
-20702
-20421
-19593
-17420
-15744
-14670
-12638
-10516
-8613
-5540
-2628
-859
1740
4554
6355
9099
12157
13754
15811
18256
19159
20208
22002
22477
22326
22319
21029
19340
18307
16255
13606
11523
8325
4477
1913
-1024
-4598
-6732
-8905
-12111
-13880
-14747
-16494
-17290
-17077
-17892
-18250
-17550
-17576
-16834
-15234
-15067
-14141
-11873
-11483
-11044
-8681
-7616
-7369
-4804
-1594
275
2293
5148
7993
10742
13557
16432
19271
21042
21260
21920
23216
22316
20726
20198
17611
14057
11320
7220
3735
808
-4014
-7543
-10322
-14488
-16935
-18181
-19835
-20809
-21436
-21495
-21213
-20583
-18419
-16617
-15610
-13391
-11403
-9800
-6714
-3709
-1542
1300
3826
5590
8301
11120
12900
15067
17461
18848
20080
21422
21881
22102
22483
21549
19879
18848
16862
13923
11935
9376
5553
2549
-454
-4148
-6528
-8585
-11519
-13207
-14248
-16244
-17179
-17047
-17786
-18045
-17298
-17262
-17089
-15936
-15274
-14453
-12498
-11303
-10751
-9067
-7935
-7680
-5151
-1183
1058
2714
5250
7640
10257
13683
16784
19235
20830
21044
21548
22837
22387
20693
19880
17872
13734
10333
7580
3727
38
-3166
-7271
-11186
-13976
-16777
-18789
-19492
-20779
-21867
-21782
-22066
-21273
-18528
-16833
-15813
-13706
-12010
-10465
-7121
-3478
-1432
714
3343
5095
7931
11404
12840
14913
17509
17523
18484
21373
22052
21639
22147
21563
19510
18227
17489
15295
12682
10233
6355
2857
464
-2983
-5576
-7038
-10433
-13187
-13904
-15962
-17360
-16728
-17635
-18504
-17831
-18172
-17836
-16205
-15747
-14874
-13158
-12777
-12222
-10156
-8621
-7732
-5067
-1625
101
1990
5393
8403
11251
14618
17525
20035
21775
22259
23161
24344
23292
21353
20714
18488
14209
11511
8727
3992
393
-2855
-7522
-10858
-13508
-17088
-18869
-19756
-21891
-22497
-21991
-22520
-21316
-18814
-18131
-17004
-14437
-12821
-10705
-6918
-4011
-1963
898
3471
5642
8707
11438
13280
15698
17892
18973
20355
21754
22023
22241
22231
20779
19303
18014
15746
13661
11530
8149
4796
1839
-1445
-4415
-6320
-8579
-11598
-12806
-13926
-16148
-15878
-16419
-18085
-16204
-16627
-18156
-15190
-15053
-15774
-12443
-11670
-11597
-9570
-9009
-7936
-6067
-3748
-280
1620
3182
6051
8770
11917
14889
17208
19541
20620
20970
22161
22848
21553
19893
18992
16210
12104
9820
7076
2965
-170
-3945
-8327
-11174
-14050
-16766
-17763
-19151
-21247
-21777
-21633
-21784
-20440
-18205
-17192
-16021
-13805
-12048
-9769
-6119
-3226
-1073
1727
4207
6444
9528
12131
13927
16274
18177
19010
20284
21538
21804
22079
21928
20179
18402
17249
14974
12563
10688
7144
3431
1148
-2057
-4984
-6505
-9158
-11772
-12964
-14563
-15948
-16150
-16543
-17268
-17129
-16807
-17163
-16304
-14794
-14718
-13578
-11693
-11602
-10495
-8655
-8158
-5926
-2160
72
1756
4693
7821
10064
13342
16840
18598
20651
21463
21436
23551
22781
20364
20553
18013
14344
11927
7971
5392
2021
-3149
-5401
-8970
-13591
-14926
-16955
-18983
-19580
-21170
-21635
-21361
-21307
-19315
-17683
-17063
-14966
-13146
-11708
-8252
-4938
-3018
-224
2480
4234
7269
10534
12219
14394
17235
18335
19007
21112
22221
21962
22421
21644
19407
18443
16823
14070
12673
10027
5439
2750
216
-3773
-5797
-7384
-11007
-13148
-14033
-16238
-17031
-16715
-17916
-18157
-17618
-18368
-17722
-16133
-15926
-14758
-12883
-12677
-12082
-10168
-8969
-7149
-3066
-173
577
3264
7030
9401
12859
16806
18887
20888
22416
22661
23829
24150
22103
21136
20087
16048
12491
10467
6900
2915
-370
-4507
-8520
-11540
-14607
-16915
-18212
-19985
-21494
-21834
-21971
-21474
-19604
-17999
-17351
-15950
-13964
-12209
-9121
-5722
-3560
-869
1328
3124
7013
9686
11082
14638
16657
16919
19091
20773
21250
22180
22370
21381
19761
18150
16639
14530
12336
9624
5719
2445
-333
-3631
-5792
-7598
-10673
-12700
-13758
-15662
-16365
-16091
-16938
-17093
-16488
-16946
-16745
-15369
-14672
-13907
-12366
-11565
-11129
-9910
-8899
-7390
-3920
-1049
49
2191
5398
8028
11035
14581
17262
19030
20281
21177
22451
23178
21829
20551
19941
16874
13072
11024
7915
3938
863
-2930
-6956
-10149
-13206
-15342
-16608
-18451
-20306
-20947
-21172
-21361
-19746
-17646
-17382
-16331
-14090
-12910
-10528
-6799
-4541
-2450
222
2291
5020
8180
10124
12368
15415
17248
18466
20311
21697
22216
22716
22625
20954
19486
18497
15760
13426
11689
7292
3623
1428
-2588
-5241
-6676
-10045
-12757
-13828
-15175
-17079
-17317
-16460
-18329
-18753
-16405
-17430
-17375
-14741
-14851
-13498
-11659
-12294
-10547
-9313
-8954
-4331
-1113
-922
2099
5595
7571
11243
15400
17689
19643
21146
21580
23127
24014
22160
21420
20826
16871
13520
11670
7733
3794
966
-3195
-7290
-10384
-13988
-16319
-16979
-18992
-20978
-21102
-21837
-21946
-19428
-17955
-17720
-15831
-14225
-12945
-9600
-6477
-4578
-1829
632
2418
5506
8505
10145
12618
15691
17101
18040
20019
21400
21884
22739
22428
20627
19651
18294
15911
14621
12105
7441
4539
1890
-2290
-4398
-6043
-9947
-12342
-13421
-15818
-16677
-16410
-17756
-18095
-17412
-18156
-17804
-16002
-15711
-15013
-12741
-12385
-12592
-10732
-9897
-8550
-3947
-1725
-1494
1960
4967
6890
11240
14825
16763
19196
20430
21355
23425
23520
21890
21718
20401
16246
13597
11940
7928
4352
1476
-3320
-7284
-9949
-13604
-15709
-16483
-19111
-21038
-21140
-21947
-21459
-19136
-18402
-17926
-15868
-14273
-12667
-9392
-6218
-4315
-1981
789
2708
5269
8460
10478
12814
15223
16096
17928
20451
21195
21963
22735
21591
20261
19492
17838
15925
14102
11095
7476
4416
1058
-2262
-4502
-7109
-10203
-12195
-14042
-15969
-16429
-16575
-17520
-17707
-17301
-17525
-17027
-15610
-14976
-14005
-12285
-11871
-11319
-9690
-8952
-7012
-3319
-1906
-892
2601
5269
7143
10966
14420
16145
18124
19731
20723
22419
22541
21022
21018
19431
15161
13126
11277
7053
3778
488
-3845
-7189
-10574
-13871
-15673
-17288
-19459
-20925
-21187
-21584
-21173
-19003
-18177
-17695
-15487
-14088
-12154
-8825
-6270
-3690
-1643
413
3270
5271
8387
11274
12574
15738
16996
17095
20978
21993
20914
22994
22155
19764
20076
18337
15555
14200
10977
6779
3931
737
-2738
-4884
-7256
-10545
-12677
-14280
-16203
-16885
-17207
-18082
-18063
-17704
-17740
-16822
-15308
-14494
-13443
-11803
-11162
-10841
-9391
-7551
-4877
-1961
-978
776
4353
6350
8992
13564
15825
17097
19339
20302
21547
23020
21896
21131
20866
17277
13886
12508
9148
5154
2177
-1851
-5940
-9215
-12648
-15237
-16597
-18398
-20659
-21548
-21595
-21540
-19773
-17957
-17701
-16288
-14420
-13138
-9977
-6532
-4746
-2628
-33
2060
4338
7169
9725
11908
14182
15549
16664
18987
20512
21204
22507
22043
20268
19783
18636
16451
15143
12719
8706
5603
2551
-967
-3315
-5706
-9146
-11985
-13794
-15994
-17749
-17113
-17603
-19921
-18746
-17784
-19390
-17093
-14604
-15054
-13148
-11657
-11745
-9870
-7936
-5075
-1474
-672
789
4514
6882
9242
13245
16317
17724
19086
20663
22131
22958
22245
21516
21075
18144
14611
13089
10555
6610
3283
-614
-4921
-8507
-11985
-14624
-16255
-18564
-20893
-21906
-22555
-22581
-20855
-19274
-18815
-17565
-15777
-14021
-10790
-7234
-4942
-2495
39
2003
4801
7899
10230
12906
15115
15847
17304
19543
20560
21400
22304
21503
20111
19283
17884
16222
14500
11643
8299
5135
1662
-1308
-3374
-5912
-9084
-11634
-13710
-15765
-16775
-16952
-17740
-18514
-18528
-18542
-18049
-16607
-15301
-13955
-12463
-11812
-11006
-9365
-7152
-3666
-1045
-338
2001
5263
7288
10418
14120
16217
17682
18962
20193
21775
22360
21542
21271
20699
17061
13820
13125
9827
5312
3125
-952
-6000
-8712
-11816
-14700
-16235
-18618
-20767
-21826
-22709
-22357
-20808
-19747
-19139
-17800
-16064
-14192
-10930
-7333
-5009
-2458
353
2405
5058
8292
10902
13374
15476
16618
17944
19769
21037
21897
22405
21483
19926
19087
17862
15763
13768
11126
7472
4215
1286
-1823
-4199
-6488
-9654
-12272
-14207
-16368
-17305
-17347
-18461
-19024
-18538
-18986
-18687
-16680
-15382
-14208
-12456
-11809
-11168
-9058
-6182
-2685
-7
1033
3177
6405
8642
11627
15455
17394
18182
19390
20742
22062
22320
21493
21125
19688
16135
13513
11951
8788
5104
1935
-2074
-6124
-9305
-12382
-14539
-15988
-18529
-20795
-21628
-22305
-21979
-20241
-19297
-18836
-17369
-15780
-13691
-10080
-7021
-4848
-1875
405
2365
5757
8655
11539
14538
15371
16833
19097
19651
21243
22709
21776
20979
19717
18078
17146
15082
12789
10269
6184
2742
38
-2799
-4975
-7535
-10633
-13141
-15262
-16976
-17753
-18043
-18882
-19481
-19211
-19326
-18612
-16530
-15356
-14044
-12073
-11580
-11011
-8535
-5064
-1681
397
2012
4694
7349
10058
13897
17287
18870
19466
20303
21756
22549
22011
21539
20729
17882
14507
12283
9832
6545
3261
-289
-4251
-7947
-11274
-13898
-15476
-17213
-19488
-21023
-21982
-22389
-21118
-19500
-18779
-17579
-16053
-14582
-11581
-7990
-5509
-2864
-153
1724
4438
7839
10232
12496
14942
16360
17436
19107
20450
21081
21641
21352
19885
18774
17500
15396
13838
11656
7959
4756
1743
-1461
-3548
-5562
-8516
-11194
-13304
-15575
-16943
-16992
-17964
-19033
-18997
-19813
-19279
-17222
-17218
-15716
-12859
-13187
-12383
-9297
-7203
-3993
-655
1068
3585
6451
8990
12270
15704
18352
19610
20130
21301
22500
22465
21734
21195
19576
16128
13222
11314
8519
5135
1693
-2074
-5739
-9333
-12398
-14187
-15951
-18433
-20328
-21420
-22238
-21836
-20228
-19144
-18558
-17340
-15743
-13540
-10150
-6816
-4318
-1840
519
2693
5804
9448
12223
14369
16184
17430
18812
20393
21317
21885
22015
20638
18850
17902
16322
13921
11976
9233
5256
2076
-585
-3520
-5411
-7364
-10623
-12835
-14427
-16810
-17350
-17042
-18430
-18947
-18742
-19504
-18645
-16531
-15707
-14769
-13104
-12442
-11838
-8777
-4540
-2002
-218
2400
5110
7904
11232
14805
18122
19851
20037
21119
22931
22808
21660
21499
20263
16903
13981
11621
8540
5948
2940
-1986
-5465
-7689
-12319
-15053
-14320
-16774
-20516
-20692
-20854
-21677
-20569
-18948
-17877
-17180
-16366
-13832
-10384
-7879
-5403
-2349
-74
1864
5112
8682
11228
13634
15888
17194
18430
19962
20964
21631
21895
20726
19016
17953
16313
14131
12548
9873
5841
2796
73
-2984
-4656
-6377
-9616
-12020
-13563
-15596
-16416
-16338
-17379
-18129
-18044
-18479
-18002
-16244
-15481
-14888
-13277
-12545
-12346
-10171
-6506
-3407
-1279
802
3414
6230
9226
12767
16357
18733
19362
19856
21633
22749
22004
21555
21002
18172
14881
12694
10240
7341
4101
211
-3362
-6734
-10324
-12724
-14055
-16020
-18257
-19764
-20932
-21447
-20506
-19181
-18403
-17576
-16752
-15464
-12643
-9358
-6725
-4253
-1862
350
2919
6170
9315
11951
14431
16014
17372
19345
20430
21603
22676
21441
20463
19617
17174
15941
14438
11253
8448
4798
1472
-851
-3908
-5691
-7735
-11272
-12857
-14479
-16633
-16538
-17034
-18403
-18417
-18913
-19280
-17791
-16513
-15929
-14562
-13435
-13286
-11839
-8166
-4597
-2412
-192
2722
5505
8459
12026
15490
18391
19997
20486
21883
23327
22713
22002
21938
19784
16285
13820
11307
8210
5326
1785
-2136
-5549
-9289
-12352
-13723
-15519
-17830
-19217
-20654
-21812
-21066
-19640
-19021
-18229
-17006
-16064
-13864
-10154
-7621
-5586
-2540
-320
1709
4973
7922
10708
13710
15500
16775
18558
19955
20881
21907
22186
20832
19083
18006
16420
14201
12225
9419
5658
2607
-68
-2841
-4744
-6736
-9708
-11893
-13487
-15534
-16197
-16226
-17509
-17946
-17939
-18792
-18073
-16603
-16062
-15035
-13751
-13007
-12644
-10708
-6272
-3447
-1987
1126
3509
5950
9856
13057
16540
19123
19499
21031
22828
22850
22544
22072
20929
18409
15056
12676
10179
6833
3516
1
-3458
-7001
-10683
-12905
-14171
-16315
-18507
-19698
-20730
-21291
-20174
-18793
-18384
-17550
-16205
-14823
-12158
-8870
-6383
-3811
-1227
763
3429
6490
9093
12197
14800
15918
17398
19175
20244
21403
22167
21569
20185
18730
17350
15674
13621
11056
7645
4417
1527
-1675
-3778
-5329
-8392
-10995
-12291
-14492
-16101
-15930
-16626
-17787
-17842
-18186
-18361
-17315
-16392
-15493
-13960
-13107
-13013
-11781
-8729
-5204
-2550
-614
1710
4650
7503
10782
14781
17689
18922
19813
21161
22745
23029
22056
21662
20315
16772
13909
12063
9179
5782
2395
-1370
-4963
-8391
-11640
-13585
-15037
-17591
-19587
-20280
-21338
-21331
-19535
-18680
-18324
-17072
-15867
-13789
-10472
-7680
-5235
-2638
-479
1716
4526
7491
10275
12972
15070
16358
17933
19810
20954
21765
22221
21309
19785
18573
16977
14999
12946
10007
6513
3415
343
-2516
-4580
-6926
-9955
-12148
-13623
-15587
-16696
-16651
-17507
-18302
-18132
-18500
-18152
-16584
-15865
-14913
-13248
-12832
-12447
-10337
-7173
-3839
-1525
182
3082
6120
8534
12141
16059
18217
19392
20495
21800
22939
22465
21493
21250
19073
15245
13023
10949
7420
4064
656
-3110
-6478
-9933
-12838
-14400
-16093
-18386
-19960
-20806
-21485
-20903
-19054
-18082
-17586
-16194
-14714
-12485
-9003
-6166
-3914
-1389
824
3053
5946
9144
11943
14058
15722
17102
18661
20234
21162
21848
21732
20287
18747
17396
15986
13855
10824
8370
5090
844
-1373
-3379
-6160
-8140
-10876
-13162
-14311
-16251
-16792
-16665
-18048
-18210
-17889
-18548
-17744
-16242
-15450
-14282
-13189
-12845
-11901
-9145
-5496
-2726
-805
1461
4255
7140
10480
14330
17321
18799
19697
21021
22608
22952
21992
21511
20518
17393
14414
12606
9835
6387
3211
-628
-4500
-7726
-11028
-13333
-14530
-16758
-19146
-20216
-21171
-21277
-19595
-18532
-18268
-16954
-15498
-13857
-10674
-7606
-5515
-2880
-293
1629
4289
7463
10261
12890
14812
16011
17551
19111
20247
21463
21997
20943
19404
18338
17079
15299
13282
10540
6911
3464
532
-2070
-4060
-6405
-9583
-11938
-13677
-15777
-16663
-16612
-17670
-18623
-18637
-19068
-18787
-17264
-16314
-15261
-13657
-13123
-12896
-10839
-6790
-3460
-1911
679
3742
5745
8906
12873
16360
18637
18860
20387
22711
22131
22051
22901
21026
18334
15870
12961
10585
7838
4364
953
-2867
-6797
-10117
-12497
-14029
-16038
-18547
-20100
-21116
-21825
-20815
-19058
-18296
-17556
-16297
-14767
-12049
-8648
-5952
-3512
-1022
983
3289
6546
9752
12469
14815
16177
17198
18918
20400
21245
21954
21514
19749
18335
17220
15313
13262
11179
7929
4398
1525
-1464
-3820
-5438
-8130
-10924
-12859
-15116
-16588
-16692
-17358
-18350
-18624
-18941
-19043
-17847
-16267
-15382
-14292
-13098
-12715
-11417
-7936
-4243
-1850
50
2558
5341
8001
11411
15148
17671
19023
19888
20932
22234
22346
21550
21251
19619
16046
13434
11463
8335
5187
2016
-1877
-5581
-9045
-11914
-13549
-15145
-17442
-19507
-20562
-21181
-21168
-19422
-17850
-17647
-16698
-14937
-12490
-9299
-6879
-4057
-1048
250
2797
6937
9287
11218
14152
16151
16972
18257
20080
20885
20995
21186
20098
18357
17234
15274
12993
11440
8420
4572
2145
-710
-3842
-5188
-7262
-10584
-12334
-13917
-16140
-16659
-16707
-18000
-18696
-18664
-18934
-18074
-16455
-15964
-15003
-13272
-12917
-12017
-8728
-5364
-2980
-764
1732
4531
7377
10630
14086
16840
18568
19338
20511
22118
21975
21227
21230
19565
16269
13618
11310
8577
5513
2187
-1195
-4720
-8340
-11188
-12916
-14523
-16619
-18434
-19586
-20511
-20447
-19002
-17899
-17301
-16055
-14822
-13011
-9702
-6714
-4329
-1645
507
2544
5383
8541
11525
13802
15437
16913
18189
19542
20781
21435
21528
20491
18672
17361
16044
13729
11267
9020
5514
1494
-924
-3045
-5498
-7496
-10152
-12360
-13778
-15994
-16404
-15953
-18013
-18645
-17652
-18806
-18650
-16250
-15624
-15351
-13603
-12852
-12621
-9621
-5342
-3027
-1015
2082
4523
7146
11125
14748
17707
19806
20143
21149
22998
22482
21597
21755
19516
15876
13496
10873
7650
4700
1300
-2620
-6120
-9362
-12510
-14238
-15176
-17238
-19075
-19820
-20542
-20129
-18486
-17316
-16294
-15285
-14458
-12118
-8475
-5770
-3649
-1022
1131
3002
6141
9673
11998
13883
15848
17067
18159
19739
20778
21278
21228
19746
18134
16955
14746
12595
10975
7653
3692
1013
-1787
-4493
-5922
-7912
-10779
-12797
-14534
-15965
-16125
-16563
-17557
-17772
-18210
-18542
-17206
-15884
-15498
-14471
-13345
-13095
-11858
-8431
-5011
-3107
-869
2343
4861
7655
11882
15463
18053
20123
20662
21620
23334
22903
21961
21404
18929
15663
12472
9492
7485
4112
-455
-3554
-6795
-10892
-13376
-14227
-15699
-18046
-19507
-20300
-20815
-19626
-18029
-17348
-16048
-14808
-13912
-10969
-7309
-5185
-2888
-206
1620
4134
7537
10121
12431
14754
16144
17306
18864
20077
20913
21549
21048
19396
17907
16334
14196
12390
10143
6402
2809
80
-2819
-5278
-6748
-8732
-11399
-13247
-14665
-15957
-16138
-16402
-17305
-17432
-17654
-17773
-16162
-14699
-14336
-13377
-12443
-12277
-10907
-7251
-3831
-2233
-175
2675
5014
8282
12334
15594
18262
19559
20073
21945
23137
22070
21525
21045
17838
14048
11734
8818
5368
2457
-1384
-5480
-8493
-11676
-14142
-14862
-16344
-18634
-19644
-20312
-20599
-18938
-17172
-16548
-15320
-13874
-12755
-9856
-5868
-3710
-2101
811
2797
4318
8337
12095
13376
15054
16741
17384
18947
20582
21232
21567
20398
18172
16952
15624
13131
11120
9234
5315
1190
-1153
-3690
-6014
-7089
-9371
-12165
-13730
-15520
-16409
-15763
-16381
-17434
-17365
-17912
-17880
-15836
-14596
-14433
-13380
-12785
-12730
-10405
-6279
-3451
-1921
464
3407
5992
9545
13932
17125
18991
20209
21243
22571
23067
22304
21879
20687
17004
13457
11338
8325
4914
2113
-1805
-6243
-9635
-12642
-14547
-15150
-16764
-18897
-19800
-20334
-20123
-18200
-16561
-16019
-15018
-13725
-12110
-8774
-5253
-3330
-1171
1405
2885
5259
9336
12311
14039
15982
17197
17797
19281
20747
21334
21569
20275
17836
16725
15301
12603
11081
8589
3698
350
-1882
-4894
-6513
-7818
-10821
-13077
-14348
-16292
-16645
-15660
-16848
-17707
-16898
-18080
-17975
-14923
-14428
-14406
-12588
-12839
-12800
-9632
-5745
-2667
-961
810
3606
6221
9889
14368
17373
19242
20134
20906
22656
23118
22222
22031
20435
16501
13348
11108
8023
4992
1888
-2407
-6582
-9993
-13030
-14599
-15352
-17326
-19333
-20176
-20923
-20524
-18119
-16325
-15663
-14474
-13346
-11675
-8028
-4653
-2684
-363
1574
2921
5852
9566
12302
14207
15469
16621
17774
18944
20658
21711
21327
20061
18080
16635
15382
13058
11273
8977
4154
244
-1753
-4428
-6436
-7659
-10512
-13320
-14811
-16251
-16575
-16040
-16810
-17718
-17879
-18261
-17547
-15559
-14552
-14060
-13065
-12949
-12750
-9621
-5270
-3094
-1476
1396
3625
5984
10391
14503
17108
19072
19882
21092
23188
23118
22331
22682
20305
16021
13655
11039
7667
5011
1161
-3114
-6754
-11107
-13996
-14752
-16354
-18599
-20188
-21313
-21738
-20840
-18631
-16815
-16117
-15269
-14067
-11789
-7907
-4829
-2802
-113
1836
3404
7189
11031
13050
15521
17803
18786
20503
22068
22324
23013
22689
20313
18677
17027
14024
12106
9959
5530
1769
-1201
-4926
-6953
-8033
-10893
-13322
-14563
-16308
-17006
-16524
-16829
-17060
-17080
-17635
-16976
-15139
-14146
-13598
-12764
-12270
-12089
-10696
-7039
-3399
-1561
668
3583
5856
9272
13773
17318
20173
21457
21479
23132
24017
22305
22040
21474
16828
12556
10343
6990
3626
223
-4129
-7191
-10628
-14904
-15857
-15925
-18065
-19166
-19698
-20479
-19778
-18335
-16586
-14818
-14216
-13572
-11317
-8529
-5482
-2900
-1168
1281
3178
4989
8678
12700
15074
16317
18049
19529
21217
22569
22101
22842
22136
18147
16690
15728
11906
8840
6921
3138
-1567
-4717
-6821
-8435
-10110
-12241
-13978
-15049
-16206
-16621
-15457
-15328
-16111
-16052
-16291
-15775
-14068
-13318
-12720
-11771
-11806
-11693
-9415
-5212
-2214
-1030
1824
5330
7385
11053
16126
19191
20649
21493
22297
23557
23236
21781
21425
19214
14141
10599
8344
4682
974
-2179
-5847
-9535
-12734
-15043
-15739
-15919
-17309
-18949
-19184
-19019
-18707
-16523
-14013
-13670
-13540
-12044
-10099
-7213
-4073
-2344
-355
2022
3232
6045
10598
13008
14939
17590
18365
19459
21672
21944
22085
22328
19722
17096
15931
13249
10265
8118
4575
603
-2452
-5511
-7512
-8385
-10275
-12492
-13639
-14567
-15344
-15037
-14429
-14763
-15348
-15585
-15474
-14313
-13052
-12664
-12025
-11583
-11897
-11125
-8138
-4438
-2364
-664
2691
5366
7666
12257
16542
19014
20820
21115
21680
23407
22830
21150
20499
17628
12876
9660
7071
3906
335
-3710
-7051
-10062
-13618
-15362
-15425
-16545
-17795
-18539
-19186
-18465
-17357
-16077
-13725
-13171
-13611
-11861
-9638
-6987
-3976
-2582
-623
1802
3182
6628
11133
13346
15027
17101
18645
20193
21538
22244
22716
21966
19246
16865
15728
13328
9988
7657
4314
-411
-3343
-5248
-7702
-9013
-10307
-12869
-14254
-14825
-15690
-15160
-14515
-15283
-15703
-15938
-16114
-14670
-13167
-13077
-12773
-12241
-12326
-11312
-7634
-3537
-1861
-288
3460
6390
8787
13684
18142
19959
21120
21544
22282
23817
22721
21011
20670
16689
11480
9773
6924
2727
98
-3737
-7898
-10725
-14087
-15995
-15501
-16246
-18485
-19221
-18673
-18846
-18071
-15308
-13837
-13943
-13103
-11547
-9203
-5936
-3641
-1951
524
2340
3785
7477
11979
14367
15889
17913
19457
20659
21909
22573
22707
21593
18591
16235
15085
12388
9221
6949
3006
-1514
-4002
-6220
-8150
-8975
-11055
-13335
-14002
-15236
-15948
-14649
-14560
-15587
-15673
-16120
-16046
-14226
-13036
-12761
-12215
-12127
-12045
-10479
-6883
-2953
-1313
275
3868
6464
9439
14753
18173
19664
21116
21128
22044
23576
21989
20674
20148
15644
10859
8993
5861
1965
-966
-4989
-8777
-11420
-14388
-15747
-15293
-16327
-18276
-18687
-18456
-18464
-16987
-14380
-13287
-13262
-12540
-10962
-8057
-4794
-3111
-1486
1130
2679
4525
8788
12428
14121
16122
18188
19351
20538
22134
22852
22586
21460
18240
15899
15314
11761
8511
7212
2383
-1696
-3563
-7000
-7814
-8845
-12676
-13042
-13593
-16359
-15310
-14027
-15174
-15360
-15615
-16130
-15586
-14010
-12984
-12732
-11882
-11725
-11521
-9583
-5894
-2525
-1178
1029
4202
6464
10015
14878
17935
19909
21017
20824
22435
23407
21334
20868
20049
14940
10883
9052
5516
2176
-1053
-5641
-8748
-11387
-14545
-14968
-14797
-16874
-18402
-18653
-18788
-18304
-16887
-14773
-13342
-13378
-12933
-10862
-8010
-5027
-2676
-1009
1097
3070
4873
8819
13037
14329
15794
18471
19483
20758
22697
22543
22004
20955
17667
15989
15231
11335
8271
6689
2159
-1992
-3713
-6554
-8524
-9053
-11677
-13785
-14297
-15557
-15738
-14562
-14556
-15302
-15740
-16237
-15394
-13940
-13432
-12384
-12098
-12247
-11350
-10165
-6172
-2236
-1205
1470
4736
7028
10339
14664
18584
19738
20247
21911
22303
22778
22613
20602
19510
15843
10450
8821
6240
2051
-845
-5078
-8699
-11393
-14745
-15349
-15279
-17316
-18484
-18842
-19043
-18210
-16870
-15054
-13751
-13840
-13290
-11004
-8018
-5139
-2827
-650
1664
3118
5189
9708
13435
14746
16643
18670
19585
21297
22797
22763
22468
20649
17442
16083
14602
11064
8800
6564
1651
-2309
-4164
-6548
-8060
-8930
-11728
-13900
-14606
-15602
-15409
-14369
-14832
-15876
-16128
-16390
-15677
-14148
-13603
-12825
-12492
-12576
-11395
-9759
-5811
-2072
-1566
974
5013
7069
10693
15928
18459
20066
21234
21206
22833
23225
21212
20624
19365
14471
10561
8767
4908
1524
-1256
-5770
-9227
-11983
-14996
-15474
-15249
-17417
-18940
-19185
-19578
-18846
-17395
-15646
-14014
-14174
-13338
-10448
-8609
-5456
-2866
-2172
1222
3103
4685
10401
13377
13995
17319
19092
19461
21826
22635
22533
22830
20520
17852
16792
14561
11274
9045
6045
1524
-1881
-4384
-6594
-7733
-9388
-11863
-13300
-14510
-15673
-15273
-14741
-15307
-15932
-16499
-16400
-15239
-14396
-13428
-12523
-12761
-12263
-11125
-9412
-5023
-1703
-897
2149
5468
7352
11651
16245
18530
20439
21165
21337
22959
22980
21152
20669
18526
13503
10378
8168
4379
1243
-2240
-6483
-9213
-12345
-15084
-14959
-15627
-17613
-18394
-19191
-19381
-18158
-16757
-14868
-13791
-14174
-13163
-10552
-7777
-4762
-2276
-542
1430
3517
6234
10560
14077
15305
17179
19273
19954
21716
23096
22492
22269
20236
17036
16182
13920
10314
8470
5270
571
-2669
-4639
-6784
-8784
-9654
-11891
-14180
-13985
-15585
-16007
-13776
-15899
-16910
-15135
-17136
-16324
-13153
-13968
-13328
-11931
-12804
-11775
-8536
-4541
-1631
-209
2693
5513
7922
12695
16961
19192
20969
21260
21572
23236
22773
20887
20517
17873
12501
9798
7843
3864
870
-2291
-6556
-9377
-12326
-14801
-14653
-15485
-17556
-18141
-18701
-18916
-17639
-16127
-14440
-13579
-13941
-12682
-9867
-7266
-4458
-2186
-563
1601
3618
6580
11226
14128
15425
17538
18915
19837
21740
22743
22572
21785
19235
16538
15280
12981
9770
7814
4570
-323
-3050
-5002
-7532
-8281
-9518
-12355
-13332
-14026
-15505
-14551
-13807
-15434
-15773
-15744
-16396
-15017
-13503
-13083
-12323
-12320
-12089
-10709
-8611
-4527
-1438
-647
2251
5600
7785
12341
16790
18672
20324
20905
21219
22969
22559
20728
20238
17270
12483
9829
6987
3619
1007
-3032
-7035
-9517
-12734
-14985
-14905
-15685
-17377
-18294
-19004
-18884
-17594
-16161
-14470
-13564
-13855
-12611
-9850
-7328
-4489
-2199
-856
1278
3702
6602
10647
13372
15000
17309
18680
19709
21703
22496
22273
21931
19725
17046
15754
13611
10635
8339
4916
676
-2047
-4365
-6584
-7767
-9625
-11942
-13060
-14172
-15010
-14434
-14297
-15115
-15605
-15965
-15990
-15131
-13996
-13101
-12729
-12573
-11911
-11056
-9338
-5563
-2154
-714
1603
4951
7493
11069
15481
18083
19655
20602
20847
22136
22775
21143
19810
18093
14092
10420
8073
5275
1834
-2004
-5584
-8434
-11523
-13952
-14660
-15462
-16855
-18073
-19040
-18851
-17960
-17045
-15225
-14039
-14242
-13143
-10741
-8409
-5428
-2714
-1366
857
3950
5767
8987
13528
14782
15995
19157
19797
20431
22527
22579
22035
20652
17914
16516
14540
11649
9578
6053
1923
-998
-3945
-6007
-7216
-9194
-11240
-12976
-14306
-14676
-14912
-15157
-15144
-15796
-16343
-15956
-15637
-14787
-13357
-12972
-12630
-11521
-10897
-10015
-7194
-3276
-701
737
3456
6816
9610
13244
17072
19263
20227
20630
21406
22668
22150
20154
18824
16412
12008
8744
6778
3646
-213
-3790
-7149
-9945
-12491
-14606
-15394
-15989
-17461
-18818
-18959
-18125
-17441
-16255
-14251
-13777
-13723
-11716
-9283
-6552
-3730
-2452
-665
2257
4588
7618
11166
13355
15144
17171
18804
20392
21809
22079
21580
21062
19566
17064
15105
13216
10374
7290
4143
901
-1888
-4400
-6539
-7797
-9260
-11711
-13344
-13523
-14073
-14793
-14754
-15183
-15909
-15892
-15708
-14957
-13599
-13270
-13154
-11873
-10815
-10391
-8898
-5737
-2390
-419
1335
4515
7721
10208
13449
16985
19311
20197
20285
21426
22882
21292
18924
18565
15798
10769
8480
6452
2318
-1332
-4621
-7554
-9759
-12745
-14879
-15231
-16412
-18101
-18643
-18453
-18001
-17619
-16649
-14755
-13871
-13685
-11895
-9136
-6488
-4169
-2477
-105
2813
4987
8142
11811
13590
15328
17761
19247
20883
22168
21566
21373
21426
19176
16973
16011
13293
9870
7594
4442
879
-1740
-4788
-7154
-7993
-10116
-12774
-13241
-13614
-15216
-15557
-15139
-16038
-16567
-16019
-15907
-15114
-13821
-13775
-13029
-11268
-10722
-10187
-8389
-5646
-2475
-525
1423
5202
7942
9698
13691
17463
18723
19608
20681
21890
22479
20789
19230
18644
15601
11130
8505
6687
2942
-1888
-4335
-6159
-10408
-13394
-13863
-15181
-16793
-17679
-18357
-18300
-18371
-18314
-16328
-14508
-14468
-13544
-11484
-9650
-6926
-4072
-2227
383
3065
4750
7834
11712
13987
15985
18061
19232
20674
21913
22007
22387
21795
18991
17003
15813
13195
10467
7885
4462
1176
-1900
-4683
-6341
-8021
-10380
-12184
-13246
-14243
-15196
-15662
-15650
-15922
-16430
-16511
-16226
-15505
-14475
-13658
-12539
-11345
-10969
-10349
-8577
-5873
-2530
-252
1100
4087
7312
9499
13326
17178
18434
19507
20531
21046
22203
21354
19232
18923
16397
11402
9034
7073
3152
-216
-3252
-6439
-9233
-12375
-14391
-14595
-15701
-17710
-18537
-18607
-18746
-18205
-16506
-14927
-14705
-14360
-12343
-10018
-7593
-4579
-2699
-697
2235
3899
6911
10726
12365
15372
17213
17304
21094
21739
20052
23550
22899
18501
18583
17147
13921
12123
9139
6145
2688
-1295
-3452
-5299
-7319
-9468
-11863
-13118
-14241
-15165
-15160
-15575
-16131
-16646
-16920
-16306
-15781
-14983
-13687
-12733
-11731
-11240
-10809
-9213
-6982
-3646
-559
457
2574
6164
8717
12216
16312
18181
19290
20310
21006
22645
22668
20297
19434
18067
13695
10655
8970
5351
1540
-1697
-5263
-8150
-10990
-13719
-14608
-15386
-17369
-18659
-19047
-19230
-18736
-17459
-15974
-15343
-15252
-14106
-11911
-9145
-6255
-4286
-2376
269
2673
5528
9140
11902
14235
16496
17796
19460
21548
22105
22307
22631
21069
18965
17678
15732
13532
11204
7559
4114
1297
-2154
-4589
-5696
-7990
-10890
-12562
-13593
-14556
-15115
-15552
-16156
-16509
-16760
-16979
-16025
-14539
-14433
-14137
-12117
-10915
-11248
-10377
-7989
-5623
-3367
-1001
1479
3870
6149
9505
13499
16029
17648
19295
20099
20908
22202
21484
19565
19002
16741
12403
10452
8420
4187
1277
-1697
-5459
-7876
-11054
-13646
-13770
-15327
-17634
-18099
-18527
-18870
-18179
-16980
-15746
-15455
-15154
-13225
-10792
-8549
-6138
-4097
-1965
655
2931
5719
9235
11400
13274
16112
17747
19088
21256
21811
21907
22379
20641
18858
18178
15645
13175
11339
7235
3716
1696
-1842
-4253
-5075
-8150
-10953
-11520
-13050
-14406
-14215
-15195
-16248
-15947
-16290
-16045
-14851
-14872
-14330
-12665
-11828
-11165
-10332
-9367
-8151
-6435
-3005
-447
88
2824
6247
7971
11486
15163
16514
18329
19464
19829
21927
21479
18938
19090
17350
13186
11000
8540
5453
1767
-2085
-3602
-7199
-11435
-11717
-13804
-15949
-15733
-18129
-18760
-17575
-18711
-17071
-14875
-15812
-15027
-13163
-11911
-9239
-6641
-5256
-3128
-304
1546
4093
7965
10099
12087
15311
16744
18359
21091
21633
22113
23100
21428
19569
18907
16828
14461
12443
8842
5140
2430
-803
-3526
-5111
-7599
-10336
-11786
-13124
-14517
-14927
-15200
-16009
-16319
-16050
-16025
-15649
-14697
-14282
-13744
-12391
-11753
-11377
-10124
-9567
-8554
-5051
-2509
-1643
1371
4660
6431
9882
13733
15912
18222
19594
20283
22401
22651
20894
20883
19669
15674
13025
11163
7681
4075
951
-2265
-5208
-8347
-11220
-12494
-13673
-15768
-17127
-17859
-18660
-18625
-17785
-16966
-16541
-16234
-15399
-13928
-11746
-9299
-7632
-5688
-2749
-773
1458
5570
7883
9767
14361
16068
16727
21082
21615
20604
23885
22931
19853
20624
18449
15251
14550
11018
6896
4684
1067
-2279
-3665
-5959
-9225
-10815
-11687
-13474
-14330
-14487
-15428
-15671
-15467
-15703
-15144
-14667
-14943
-14136
-12818
-12313
-11716
-10995
-10446
-9719
-8329
-5200
-2439
-1601
1017
4707
6846
10321
14130
16167
18606
19906
20273
22323
22298
20249
20413
19265
15410
13036
10727
7104
4464
1446
-2239
-4729
-7933
-11226
-12108
-13313
-15431
-16323
-17437
-18293
-17671
-17368
-16778
-15834
-16127
-15501
-13554
-12052
-9818
-7623
-6255
-3509
-749
1244
4823
7868
9613
13140
16043
17055
19555
21606
21803
22942
22888
20721
19772
18244
15341
13827
11221
6906
4347
1579
-2036
-3608
-5382
-8534
-10236
-11299
-12932
-13533
-13599
-14305
-14468
-14485
-15207
-14695
-13953
-14664
-14053
-12750
-12736
-11969
-11132
-10839
-9881
-8962
-6523
-3149
-1923
48
3705
6356
9333
12749
15559
18337
19771
20464
22388
23056
21324
20414
19936
16874
13289
11264
8532
5047
1896
-1559
-4376
-6966
-10267
-11975
-12660
-14742
-16511
-17197
-18203
-18794
-18384
-17662
-17161
-17201
-16859
-15525
-13941
-11747
-9313
-7699
-5468
-2545
-128
3278
6931
9177
12324
15805
17327
19414
22188
22804
22987
23453
21867
20069
19452
17459
14833
12769
9281
5588
3262
356
-2412
-3987
-6376
-9071
-10418
-11414
-12467
-12930
-13317
-14152
-14816
-14919
-14831
-14459
-14159
-14460
-14201
-13225
-12866
-12365
-11092
-10236
-9741
-8559
-6264
-3282
-920
1286
4723
7880
10032
13108
16590
18871
20367
21317
21904
22103
21192
19953
18976
16873
13492
10325
7934
5176
1435
-1686
-3817
-6920
-10340
-12040
-13141
-14786
-16136
-17218
-18158
-18561
-18787
-18387
-17230
-16876
-16782
-15480
-13851
-11921
-9387
-7197
-4715
-1819
526
3579
7158
9590
12275
15596
17755
19561
21507
22259
22660
23054
21959
20407
19217
16793
14006
12087
9215
5509
2723
-65
-2894
-4574
-6640
-9173
-10227
-11376
-12997
-13011
-13193
-14346
-14510
-14519
-14689
-14329
-14346
-14405
-14036
-13451
-12579
-11907
-10981
-9661
-8880
-7811
-5561
-2479
378
2344
5034
8457
10877
13509
16800
19023
20217
20916
21482
21954
21157
19457
18224
16421
13111
9647
7003
4426
1093
-2295
-4852
-7528
-10597
-12700
-14012
-15182
-16286
-17840
-18838
-18747
-19148
-19053
-17485
-16899
-17078
-15862
-14147
-12083
-9094
-6973
-5103
-1658
1189
3623
7981
11413
13151
16100
18535
19849
21955
22966
22866
23043
21684
19837
18911
16801
14277
12297
9007
5540
3236
312
-2522
-3951
-6139
-8907
-10184
-11466
-12876
-12951
-13413
-14285
-14374
-15025
-15502
-14735
-14207
-13972
-13597
-13160
-12402
-11551
-10048
-8095
-6990
-5808
-4506
-3379
-95
3774
5298
7496
10675
11838
13704
17172
18843
19841
20563
19407
19398
19874
17462
15934
15377
11189
7199
5761
2836
-323
-2459
-5785
-8692
-10888
-13851
-15158
-15154
-16731
-18291
-18778
-19683
-20054
-18969
-17660
-16852
-16405
-15569
-13692
-11251
-8370
-5357
-2975
-485
2380
5138
8588
11857
13789
15850
17747
18590
20205
21895
21666
21452
21219
18933
17120
16363
14142
11938
9733
6304
3513
902
-1759
-3498
-5393
-7378
-10120
-12090
-11564
-13218
-14718
-12953
-14580
-16467
-14606
-14699
-14555
-13099
-13597
-12747
-11311
-11103
-9104
-6849
-5978
-4773
-3368
-2354
-297
3403
5754
6755
9322
11186
12134
15014
17273
18203
19226
18541
17860
18595
17442
15536
14896
12316
8059
5464
3127
-36
-2514
-5412
-8863
-11196
-13673
-15880
-16166
-16989
-18607
-19045
-19548
-19857
-18751
-17322
-15877
-14802
-14119
-12513
-10174
-7302
-4096
-1702
672
3253
5339
8343
11839
13895
15625
17498
18071
18505
19998
20706
20479
20252
18469
16016
14964
13453
11332
9819
6814
3066
910
-1386
-3821
-4973
-6942
-9840
-11410
-12460
-13562
-13492
-13269
-13927
-14235
-14111
-13918
-12804
-11540
-10906
-9877
-9023
-8648
-7340
-5345
-3586
-2324
-1338
-499
-381
724
3815
6353
7462
7748
8814
11090
12036
13853
16830
16274
15266
15544
14797
15044
14017
11603
10965
7468
2944
2066
-211
-3550
-5330
-8419
-11231
-12941
-15433
-16353
-15910
-16941
-18098
-18338
-18517
-17762
-15821
-13888
-12528
-11636
-10423
-8452
-5713
-2354
-131
1068
3324
5424
7182
10405
12792
13540
15180
16166
15783
16908
17989
17263
17392
17183
14630
13117
12704
10744
9093
7494
4150
1651
51
-2517
-3896
-4564
-7194
-9692
-10415
-11283
-12015
-11428
-11360
-12166
-11945
-11403
-10777
-9047
-8071
-7936
-6834
-6098
-5903
-4778
-3439
-2393
-1759
-1641
-1377
-1311
-1282
199
2551
3859
4118
4808
6436
8242
10032
11967
13138
12961
12603
12930
13424
13110
11549
9792
8111
5467
2820
992
-954
-3507
-6369
-8515
-10496
-12430
-12838
-13865
-14823
-13770
-15257
-16386
-13420
-12912
-12674
-9633
-9370
-9209
-7217
-6160
-3329
-613
-481
1029
3155
4083
6192
8840
9971
10794
12121
12719
13540
15272
15476
15041
15601
14450
12437
12196
11261
9345
8315
5965
2725
1226
-638
-2849
-3298
-4985
-7930
-8552
-8835
-9843
-9180
-8614
-9199
-8648
-7789
-7345
-5824
-4663
-4763
-4009
-3065
-3222
-2896
-2269
-2523
-2441
-1935
-2364
-2976
-2670
-2557
-2868
-1657
159
73
336
2504
3867
5064
7324
8282
8848
10140
9937
10083
11365
9897
7954
8342
6670
3618
2902
1407
-1375
-2624
-4332
-6484
-7086
-8426
-10030
-9539
-9749
-11144
-10840
-10418
-10899
-10116
-8987
-8913
-8596
-8081
-7759
-6333
-4494
-3926
-3205
-1417
-38
1360
3662
5634
6994
8746
10596
11644
12573
13873
14396
14746
15385
14310
12786
12364
10749
8955
8227
5884
3246
2078
-33
-1899
-2187
-3776
-5724
-5820
-6276
-7008
-6423
-6343
-6670
-5972
-5751
-5734
-4768
-4609
-5018
-4406
-4215
-4771
-4653
-4698
-5294
-5321
-5136
-5226
-5344
-5518
-5418
-5323
-5016
-3171
-1461
-1393
-287
1919
3119
4799
7111
8452
9708
10450
10383
11629
12358
10849
10451
10529
8200
6238
5638
4062
2295
662
-1455
-2923
-4639
-6800
-7433
-8097
-9801
-10737
-11683
-12834
-12813
-12619
-12509
-12147
-12457
-12325
-10900
-9406
-7695
-5987
-4855
-2947
-561
1388
4190
6954
8371
10213
12066
12738
14012
15253
15226
15632
15365
13524
12793
12503
11292
10454
8949
6506
4920
3597
2281
1676
623
-1407
-3008
-3658
-4443
-5089
-5082
-5831
-6753
-6765
-7178
-7414
-6958
-7201
-7613
-7786
-7982
-7981
-8021
-7710
-7553
-7925
-7520
-7557
-8149
-7140
-6512
-7244
-6372
-4217
-3049
-2114
147
2512
3820
5848
8662
10662
12338
13485
14231
15917
16531
15392
15490
15349
12629
10536
9624
6903
3737
1678
-938
-3737
-6027
-8694
-10699
-11724
-13422
-14982
-15497
-16343
-16904
-16002
-15243
-15113
-14332
-13366
-12294
-9993
-7523
-5896
-3745
-1295
464
3093
6412
8348
10233
12774
13884
14771
16755
17338
17079
17964
17514
15693
15257
14098
11589
10521
8711
5355
3729
1961
-980
-1934
-2890
-5423
-6451
-6969
-8255
-8095
-7883
-8612
-8112
-7662
-7886
-6921
-6230
-6225
-5451
-5143
-5258
-4638
-4213
-4272
-4076
-4090
-4720
-4564
-4076
-5009
-5040
-4669
-6337
-5765
-3332
-3305
-2519
-656
112
1645
3809
6251
8291
9308
11033
12071
12712
14319
13774
13182
13785
11316
9008
8768
6444
3924
2456
-295
-2756
-4557
-7000
-8514
-9327
-10964
-12423
-13369
-14211
-14443
-13927
-12902
-12512
-12802
-12045
-10787
-9160
-6524
-4976
-4012
-1866
-150
1699
4632
6664
8149
10198
11487
12176
13552
14519
14553
15151
15074
13117
11878
11338
9918
9122
8092
5454
3546
2364
1008
980
616
-1715
-3163
-3580
-4597
-4527
-3908
-4853
-5606
-5656
-6092
-5435
-4503
-5204
-5397
-4864
-5588
-6064
-5535
-5497
-5920
-6570
-7282
-7670
-8244
-8669
-8451
-8362
-8842
-9765
-9840
-7602
-5156
-4264
-2551
-18
1294
3674
7940
10988
13142
15055
15712
17192
19045
18670
18832
19383
16451
13445
12738
10403
7536
5738
2274
-1182
-3658
-7249
-9370
-10270
-12863
-14592
-15632
-17683
-18204
-17667
-17388
-16667
-16509
-16509
-15378
-13270
-10704
-8689
-6713
-4329
-2440
-80
3021
5668
7972
10121
11712
12727
14265
15957
16203
16704
16958
14886
13892
13627
11432
10434
9375
6371
5083
3846
1354
925
464
-1552
-2330
-2754
-3784
-3812
-3515
-3886
-4136
-4411
-4746
-4283
-3776
-4049
-4184
-4132
-4483
-4794
-4865
-4946
-5210
-5619
-6251
-7261
-7748
-7559
-8023
-8526
-8739
-9747
-10489
-10152
-8896
-6756
-5624
-4806
-2209
78
2279
6339
9811
12134
14666
16317
17974
20202
20683
20418
20695
19003
16273
14949
13155
10361
7782
4624
1072
-2226
-5552
-8150
-9870
-12320
-15155
-16864
-18818
-19967
-18510
-18811
-19627
-17672
-18399
-18692
-14423
-12794
-11738
-8426
-7445
-5246
-1714
169
3819
6686
7735
10500
12143
13294
15956
16750
17040
17826
16394
15356
15620
14132
12687
11684
8731
6330
5158
2878
1222
148
-2315
-4212
-4892
-5838
-6316
-6260
-6829
-7206
-6612
-6241
-5779
-4289
-3413
-3297
-2253
-1426
-1436
-693
-2
-353
-404
-570
-1728
-2255
-2439
-3763
-4773
-5238
-6892
-8327
-8553
-9616
-10317
-8503
-7295
-7546
-5767
-3307
-1743
1617
5267
7161
10055
13084
14482
16953
19208
18763
18834
19280
17256
15319
14258
11611
8676
6076
2361
-1040
-3569
-6831
-9937
-11885
-14267
-16961
-18332
-19290
-20083
-19504
-19061
-19298
-18567
-17510
-16334
-13975
-11474
-9869
-8070
-5164
-2544
-194
3261
5457
6797
9918
11543
12407
15248
15988
15850
17296
16408
15041
15479
14429
12649
11670
9714
7093
5588
4412
2234
723
-213
-2568
-3965
-3980
-5138
-5424
-4779
-5743
-6010
-4964
-4794
-4002
-2536
-2517
-2263
-900
-276
73
729
892
723
395
-67
-586
-1378
-2223
-3400
-4720
-5528
-6750
-8247
-8699
-9345
-10890
-10948
-9140
-8074
-7476
-5432
-3302
-1450
1844
5215
7800
10838
13009
14575
17302
18488
17957
18953
18796
16172
14651
12727
9308
7236
4519
129
-2879
-5914
-9715
-11661
-13441
-16115
-17465
-18581
-19903
-19616
-18771
-18246
-17430
-16549
-15529
-14143
-11815
-9039
-7504
-5831
-3217
-1300
1176
4187
5641
7240
9680
10925
11823
13549
14429
14372
15184
15072
13191
12758
12388
10288
9287
7939
5085
3650
2696
1193
268
-467
-1317
-2156
-2127
-1742
-2060
-1076
-291
-1119
57
1254
790
2195
3039
2226
2982
3255
2452
2542
1884
708
311
-1016
-3009
-4140
-5594
-7771
-9384
-10881
-12431
-13367
-14358
-15375
-16117
-16856
-15750
-12907
-11494
-10402
-7462
-4326
-890
3666
7493
10762
14233
16745
19214
21818
22247
21866
22197
20719
18243
17126
15071
11811
9122
5471
1488
-1414
-4982
-8404
-10713
-13407
-15670
-17359
-19355
-20196
-19858
-19421
-18780
-18372
-17956
-16769
-14929
-12463
-10251
-8828
-6810
-4288
-2075
843
3634
5143
7419
10009
10895
12282
14359
14591
15044
16212
14980
13626
13958
12555
10791
10494
8137
5366
4935
3325
1273
1239
-77
-1997
-1812
-2391
-3083
-1625
-1754
-2591
-1280
-1105
-902
618
483
1110
1973
1232
2017
1918
1295
2218
507
-51
922
-2203
-3175
-2459
-5586
-7053
-7495
-9850
-10784
-11440
-12736
-13549
-14469
-15252
-14984
-12513
-10125
-9733
-7731
-4452
-1887
2205
6585
9651
12864
15423
17384
19918
21225
20949
20958
20335
18057
16163
14667
11887
8880
5743
1748
-1484
-4535
-8263
-10576
-12372
-15092
-16975
-18334
-19740
-19664
-18792
-18354
-17894
-17406
-16727
-15021
-12445
-10079
-8290
-6463
-4299
-1935
789
3735
6066
7831
9991
11838
12760
14320
15921
16248
16803
16721
14898
14129
13827
12009
10693
9206
6049
3850
2545
460
-846
-1910
-4010
-5035
-5222
-6220
-6226
-5419
-5716
-5494
-4449
-4034
-2922
-1453
-965
23
1187
1666
2807
3874
4148
4781
5135
4574
4147
3956
3094
2068
1250
-752
-2972
-4213
-6371
-8142
-8802
-11174
-13153
-13752
-15383
-14915
-12431
-12353
-11974
-9492
-7639
-4829
-506
2515
5347
8679
10725
12954
16002
17596
18220
18994
18469
16465
15202
14379
11971
9341
6870
3144
233
-1953
-5073
-7038
-8672
-11402
-13192
-14534
-15765
-15722
-15343
-15338
-15837
-15989
-14858
-13494
-11597
-9699
-9372
-8132
-5517
-3810
-1361
1552
2649
4393
7243
8305
9562
12232
12953
13143
14567
13743
12524
13638
12697
10458
10061
8110
5458
4723
2875
903
620
-1085
-2950
-2780
-3252
-3865
-2835
-2525
-2946
-2119
-1207
-493
848
1310
1217
2362
3450
3621
4330
5043
4743
4805
5059
4166
3551
3319
2011
893
-140
-2292
-4265
-5896
-8266
-10744
-12230
-13828
-16257
-17181
-18212
-20082
-18347
-16715
-16944
-14137
-12657
-11124
-5020
-1710
963
6621
9220
12119
16643
18727
20839
22075
21930
21955
20266
18882
17931
15353
13292
10304
6031
3562
788
-2794
-4909
-7429
-10582
-12399
-14263
-16388
-16821
-16786
-17557
-17862
-17743
-17567
-16391
-14422
-12928
-11948
-10385
-8304
-6050
-3079
-462
1196
3560
6238
8081
10234
12646
14070
15210
16324
16136
15705
16143
15530
14014
12916
10730
8320
7158
5039
2606
1448
-676
-3035
-3647
-4531
-5695
-5570
-5775
-6464
-5853
-4966
-4472
-3154
-1950
-1509
-298
1099
1991
3490
4766
5211
5943
6463
6401
6498
6361
5631
4659
3421
1819
126
-1687
-4089
-6741
-8935
-11072
-13223
-14885
-16441
-18036
-19137
-19397
-18166
-16358
-15690
-14263
-11072
-8271
-4706
5
3527
7265
11080
13579
17026
19826
20367
21692
22254
20617
19739
18863
16651
14521
12134
8918
5785
2797
-510
-3397
-5694
-8457
-11052
-12913
-14909
-16131
-16125
-16367
-16847
-16952
-16653
-15734
-14203
-12334
-10928
-9871
-8072
-6103
-4080
-1370
607
1970
4241
6211
7561
9727
11586
12167
13154
14164
13624
13417
13945
12830
11590
10904
8431
6407
5906
3761
1628
796
-1601
-3572
-3457
-4525
-5600
-4970
-5404
-5754
-4429
-3957
-3434
-1554
-662
-115
1586
2761
3350
4709
5709
5807
6464
6977
6449
6302
5891
4496
3692
2558
408
-1118
-2810
-5378
-7578
-9702
-12028
-13758
-15008
-16471
-17905
-18635
-19209
-19302
-17321
-15041
-14139
-12290
-9284
-6297
-2108
2457
5815
9356
12936
15359
18465
21584
21840
22011
22647
20552
19391
19232
16098
14220
12462
7448
4921
2802
-1953
-3967
-5953
-9955
-11615
-13190
-15615
-16251
-16540
-17010
-16996
-17046
-16847
-15950
-14255
-12308
-10947
-9729
-7991
-5877
-3400
-587
1598
3162
5457
7721
9121
11094
13047
13722
14581
15249
14434
14162
14490
13251
11809
10489
7832
5892
4771
2334
282
-1288
-3930
-5522
-6032
-7308
-7688
-7240
-7855
-7880
-6706
-6002
-4812
-2908
-2114
-1248
611
1792
2907
4606
5314
5836
7013
7365
7557
8317
8041
7167
6808
5781
4131
2947
1485
-592
-2601
-5071
-7770
-9565
-11271
-13363
-14918
-16361
-17933
-18745
-18391
-16971
-15638
-14847
-13089
-10375
-7411
-3603
281
3611
7076
10077
12896
16416
18730
19597
20831
20982
19646
19101
18262
16148
14426
12169
8762
6075
3359
-5
-2236
-4453
-7783
-9972
-11475
-13785
-14694
-14438
-15505
-16402
-16221
-16192
-15225
-13397
-12490
-11637
-10117
-8581
-6446
-3767
-1645
178
2300
4455
6375
8197
10148
11875
13028
13926
14286
13933
13870
13798
12855
11676
10004
7544
5784
4303
1933
-17
-1700
-4192
-5841
-6474
-7575
-8096
-7972
-8485
-8316
-7178
-6460
-5206
-3386
-2396
-1081
990
2397
3787
5511
6486
7386
8659
9192
9355
9831
9768
9116
8334
6848
5091
3798
1948
-405
-2430
-4934
-7837
-10227
-12500
-14524
-15969
-17529
-19047
-19815
-20214
-20022
-18203
-16172
-15332
-13508
-10282
-7278
-3295
1171
4253
7779
11763
14465
17551
20622
21526
21967
22379
21070
19694
19095
17403
15113
12791
9375
5975
3470
453
-2663
-4829
-7508
-10513
-11874
-13260
-15239
-15076
-14847
-16193
-15758
-14653
-14409
-12457
-10380
-9708
-8071
-5979
-4412
-2040
577
2220
3886
6149
7681
8816
10730
11993
12372
13205
13248
12345
12216
11794
10314
9074
7343
4644
2765
1236
-1216
-3244
-4836
-7125
-8768
-9477
-10512
-10945
-10628
-10840
-10335
-8646
-7464
-5871
-3389
-1878
-249
2461
4291
5992
8352
9411
10100
11635
12153
12150
12642
12025
10956
10607
9261
7152
5756
3880
1361
-694
-3131
-6033
-8331
-10616
-13145
-15158
-16963
-18637
-19481
-19887
-20225
-20031
-19150
-17406
-15244
-13572
-11441
-8149
-4676
-903
3137
6599
10073
13531
16322
19190
21443
21878
21866
21781
20720
19632
18545
16515
14335
11879
8574
5729
3237
143
-2551
-4781
-7441
-9664
-11162
-12807
-13779
-13777
-14266
-14671
-14229
-14090
-13406
-11591
-10610
-9962
-8462
-7175
-5741
-3609
-1941
-711
785
2440
4088
5616
6977
8071
8888
9622
9948
9906
10075
9837
8868
7969
6669
4787
3567
2359
404
-1114
-2565
-4502
-5573
-6241
-7425
-7822
-7574
-7764
-7415
-6457
-5766
-4497
-2834
-1831
-463
1419
2776
4389
6073
6782
7726
9066
9455
9832
10530
10276
9813
9516
8429
7313
6320
4640
2955
1157
-1173
-3030
-4687
-7019
-9401
-11487
-13461
-15026
-15998
-16831
-17734
-18129
-18061
-17861
-16430
-13858
-11934
-9894
-6724
-3803
-524
3843
7285
10213
13798
16448
18510
20771
21465
21191
21379
20548
18958
18092
16483
13851
11676
8874
5316
2712
13
-3219
-5458
-7785
-10604
-12185
-13636
-15585
-16062
-16107
-16783
-16574
-16399
-16221
-14320
-12879
-12255
-10309
-8625
-7316
-4809
-2449
-682
1179
3191
5271
6776
8199
9829
10871
11873
12531
12297
12265
12131
11338
10499
9221
7328
5643
4232
2333
157
-1547
-3452
-5379
-6300
-7365
-8583
-8742
-8965
-9099
-8115
-7507
-6986
-5091
-3430
-2379
-443
1379
2594
4546
6318
7201
8581
9855
10093
10626
11177
10731
10372
10044
8834
7673
6610
4775
2953
1320
-892
-2930
-4520
-6628
-8753
-10390
-12274
-13888
-14704
-15625
-16350
-16415
-16539
-16242
-15276
-14412
-12659
-9839
-7818
-5918
-2799
372
3561
7289
10229
12674
15651
17861
19179
20541
20804
20152
19917
18798
16577
14864
12773
9836
7262
4222
621
-2031
-4585
-7592
-9752
-11742
-14081
-15271
-16026
-17270
-17272
-16650
-16696
-15872
-14741
-13879
-11756
-9756
-8316
-6040
-4209
-2475
172
2421
4417
6250
7801
9774
11197
12234
13602
13972
13954
14269
13639
12640
11911
10520
8778
7071
4715
2258
478
-1610
-4098
-5915
-7710
-9647
-10589
-11231
-12067
-12055
-11728
-11523
-10399
-8990
-7835
-5798
-3688
-2175
114
2439
4001
6101
8122
9232
10502
11623
11965
12367
12685
12242
11639
11037
9850
8538
7357
5754
4184
2748
667
-1399
-2984
-4803
-6502
-7963
-9778
-11261
-12231
-13470
-14431
-14858
-15356
-15443
-15058
-14835
-14193
-13002
-11666
-9485
-6908
-5019
-2770
369
3416
6600
9858
12204
14375
16854
18450
19472
20285
19886
19072
18401
16588
14412
12660
10052
7021
4213
790
-2453
-4890
-7573
-10160
-12142
-14162
-15671
-16309
-17021
-17304
-16592
-15983
-15350
-14059
-12766
-11035
-8468
-6417
-4853
-2759
-505
1688
4085
6309
7966
9392
11032
12421
13292
14134
14554
14410
14271
13526
12120
11033
9775
7802
5676
3281
642
-1432
-3419
-5917
-7909
-9419
-11279
-12506
-12832
-13340
-13445
-12824
-12349
-11373
-9689
-8282
-6403
-3942
-2208
-297
2266
4151
6063
8292
9478
10509
12016
12722
13005
13351
12979
12434
12091
11007
9594
8557
7120
5316
3851
2093
33
-1506
-3037
-4830
-6339
-7911
-9474
-10475
-11418
-12362
-12756
-13036
-13407
-13355
-13089
-12650
-11556
-10435
-9762
-8688
-7368
-6096
-3823
-1305
-31
1373
3650
5684
7957
10342
11526
12634
14317
15026
15332
16038
15694
14789
14236
12434
10048
8657
6628
3984
1887
-982
-3999
-5840
-7803
-9822
-11154
-12561
-13792
-14168
-14215
-14203
-13372
-12036
-11308
-10166
-8224
-6699
-4507
-1758
-314
1166
3356
5015
6860
8738
9551
10261
11224
11515
11469
11533
11092
10297
9676
8481
6692
5417
4267
2634
1044
-733
-2812
-4290
-5422
-6900
-8136
-9045
-10150
-10815
-10869
-11165
-11156
-10327
-9753
-9258
-8016
-6743
-5342
-3263
-1609
-370
1574
3491
4945
6700
8105
8914
10093
10901
10849
11138
11221
10438
9881
9090
7616
6651
5557
3796
2633
1446
-300
-1336
-2152
-3387
-4061
-4562
-5293
-5389
-5403
-5838
-5721
-5394
-5525
-5376
-5076
-5178
-5129
-4994
-5254
-5418
-5402
-5593
-5674
-5703
-6070
-6249
-5918
-5200
-4127
-3360
-2894
-1570
496
2475
4445
6183
7629
9456
11159
12374
13618
14075
13994
14184
13358
12143
11354
9586
7855
6242
3487
1462
-165
-2616
-4245
-5764
-7867
-9063
-9860
-10881
-11528
-11566
-11395
-11447
-11089
-10392
-9730
-8238
-6720
-5950
-4714
-3207
-1836
-31
1670
2766
3805
5189
6510
7436
8380
9028
9154
9541
9639
8897
8389
7942
6822
5578
4053
2111
661
-700
-2710
-4524
-6074
-7933
-9357
-10257
-11346
-12061
-12262
-12639
-12616
-11829
-11075
-10052
-8356
-6901
-5515
-3375
-1142
964
3352
5380
7097
9215
11148
12539
13863
14860
15372
15784
15798
15203
14572
13831
12451
10779
9149
7264
5278
3451
1505
-517
-2315
-4077
-5617
-6707
-7886
-9062
-9768
-10333
-10692
-10735
-10876
-10790
-10322
-9937
-9493
-8733
-7833
-7042
-6406
-5718
-4925
-3915
-2896
-2266
-1725
-1199
-564
679
2034
3062
3637
4129
5701
7433
8546
9873
10497
10839
11877
12162
12310
12412
11140
10243
9363
7110
5444
3792
1169
-850
-3192
-6207
-8049
-9620
-11610
-12697
-13629
-14879
-14943
-14445
-14352
-13352
-11666
-10419
-8847
-6984
-5334
-2946
-183
1594
3056
4899
6403
7836
9604
10502
10482
10985
11537
11297
11174
11003
10032
9256
8618
7058
5630
4753
3180
1530
308
-1631
-3541
-4493
-5674
-7037
-7799
-8725
-9626
-9574
-9349
-9321
-8692
-7966
-7417
-6080
-4628
-3734
-2241
-734
-103
1129
2700
3367
4178
4971
4813
5046
5696
5427
5102
5110
4436
3822
3751
3129
2325
2060
1581
981
669
72
-398
-334
-524
-828
-980
-1362
-1425
-993
-913
-1058
-871
-803
-743
-104
79
2
782
713
546
1775
1509
1101
2436
1893
1062
1872
1386
907
910
-179
-621
-1099
-2351
-2705
-3343
-4670
-5336
-5918
-6768
-7280
-7485
-7762
-7938
-7782
-7656
-7024
-5596
-4533
-3581
-2039
-549
1249
3586
5304
6684
8392
9650
10664
11874
12316
12228
12279
11589
10427
9574
8190
6500
5104
3085
926
-533
-2213
-3910
-5071
-6394
-7463
-7934
-8612
-9095
-8910
-8661
-8294
-7722
-7356
-6804
-5746
-4624
-3609
-2690
-1836
-788
430
1518
2368
3192
4067
4751
5309
5713
5850
6113
6307
6071
5807
5331
4606
4171
3602
2701
1846
831
-213
-1073
-2009
-2958
-3835
-4642
-5307
-5940
-6393
-6567
-6708
-6700
-6439
-6249
-5957
-5232
-4532
-4005
-3202
-2549
-2057
-1053
-296
62
898
1444
1684
2477
3012
3271
3817
4070
4229
4596
4878
5161
5313
5343
5412
5435
5683
5982
6001
5956
5654
5360
5619
5571
4803
4138
3459
2585
1976
1092
-291
-1291
-2176
-3356
-4155
-4719
-5508
-5961
-6071
-6414
-6399
-5790
-5619
-5426
-4673
-4409
-3936
-2833
-2591
-2410
-1693
-1601
-1357
-917
-1188
-1101
-775
-1083
-1254
-1309
-1285
-544
-46
-247
41
824
1738
3003
3803
4060
4824
5544
5952
6697
6772
6078
5779
5016
3708
2955
1774
40
-1162
-2671
-4353
-5086
-5935
-7081
-7344
-7538
-7920
-7419
-6891
-6744
-5706
-4412
-3678
-2648
-1672
-1036
256
1560
2094
2795
3521
3828
4580
5355
5374
5501
5733
5567
5608
5605
5127
4758
4439
3822
3126
2489
1837
1054
349
-355
-1346
-1979
-2335
-3092
-3502
-3513
-3902
-4089
-3792
-3556
-3254
-2729
-2259
-1752
-935
-161
456
1315
1958
2192
2776
3334
3396
3609
3631
3187
3184
3135
2474
2183
1878
1042
776
593
-147
-412
-614
-1330
-1628
-1768
-2329
-2571
-2542
-2957
-3208
-2957
-3127
-3250
-2750
-2699
-2645
-2014
-2000
-1898
-1113
-1004
-949
-382
-406
-429
27
-76
-442
-358
-468
-889
-990
-1296
-1948
-2076
-2215
-2675
-2676
-2829
-3181
-2898
-2615
-2349
-1597
-1095
-744
122
1259
2431
3477
4331
5204
6158
7262
8218
8565
8759
9018
8999
8897
8461
7413
6598
5841
4491
3297
2116
488
-621
-1560
-3102
-4216
-5058
-6313
-6982
-7301
-8073
-8465
-8615
-9094
-9244
-9021
-8648
-8100
-7853
-7723
-7082
-5822
-4170
-2756
-1597
-153
1451
3485
6084
8008
9271
11014
12553
13491
14673
15207
14687
14451
13632
11648
10184
8446
5658
3462
910
-2641
-4993
-6935
-9585
-11216
-12592
-14509
-14961
-14803
-15341
-14724
-13385
-12695
-11318
-9556
-8298
-6153
-3621
-2103
-503
1393
2845
4585
6390
7301
7936
8700
9176
9520
9750
9488
8927
8506
7937
6856
5737
4734
3447
2102
775
-831
-2349
-3550
-4835
-6131
-7196
-8280
-9175
-9432
-9587
-9831
-9468
-8756
-8072
-6900
-5499
-4153
-2303
-411
1019
2758
4722
6272
7780
9109
9813
10559
11361
11432
11198
11013
10316
9417
8681
7471
6035
4936
3544
2005
885
-536
-1979
-2678
-3655
-4852
-5328
-6057
-6899
-6786
-6971
-7494
-7149
-7147
-7291
-6329
-5928
-5926
-4757
-4052
-3765
-2401
-1368
-794
481
1533
2250
3344
4141
4594
5300
5729
5683
5790
5678
5069
4702
4238
3221
2366
1514
390
-356
-1098
-2246
-3074
-3614
-4255
-4595
-4781
-5187
-5301
-5068
-5014
-4779
-4283
-4077
-3727
-3114
-2792
-2286
-1597
-1280
-863
-373
-88
481
1083
1371
1701
2061
2423
2877
3216
3353
3467
3648
3709
3581
3475
3303
3028
2760
2289
1734
1424
1092
643
282
-117
-405
-390
-428
-516
-484
-478
-284
33
143
312
535
657
872
983
952
1037
1082
1008
877
705
605
518
364
175
-11
-100
-156
-231
-292
-373
-372
-326
-342
-300
-317
-419
-385
-399
-526
-571
-681
-888
-976
-1041
-1214
-1315
-1352
-1515
-1547
-1381
-1389
-1326
-1078
-1071
-958
-598
-482
-341
-76
-59
-1
180
162
152
248
177
24
-2
-44
-148
-153
-216
-407
-430
-369
-449
-447
-360
-398
-360
-153
-123
-167
34
150
108
299
371
230
414
529
330
434
547
362
453
583
420
510
679
507
491
634
518
491
598
440
297
309
157
49
94
-32
-179
-143
-127
-109
22
103
119
279
507
658
860
1083
1173
1317
1512
1540
1553
1600
1495
1359
1262
1052
789
539
196
-176
-453
-742
-1074
-1334
-1571
-1803
-1887
-1888
-1948
-1950
-1850
-1786
-1636
-1338
-1138
-986
-726
-504
-328
-68
172
258
394
636
642
719
1037
951
873
1119
969
910
1140
948
834
891
662
622
603
288
118
-47
-355
-559
-817
-1154
-1414
-1695
-1979
-2202
-2419
-2566
-2647
-2725
-2720
-2646
-2490
-2197
-1918
-1637
-1217
-785
-353
130
537
924
1354
1690
1964
2255
2435
2515
2651
2718
2643
2613
2530
2328
2199
2027
1743
1538
1290
963
743
533
259
34
-166
-383
-537
-618
-716
-801
-813
-828
-805
-647
-486
-357
-156
71
290
582
887
1069
1215
1433
1585
1646
1716
1657
1482
1370
1160
806
525
168
-331
-689
-1050
-1545
-1848
-2074
-2425
-2601
-2672
-2830
-2795
-2651
-2614
-2443
-2140
-1931
-1615
-1183
-928
-578
-92
153
510
929
1063
1423
1690
1634
1930
1973
1754
1961
1781
1401
1402
1073
715
563
156
-168
-439
-821
-1096
-1379
-1627
-1841
-2065
-2132
-2217
-2243
-2058
-1952
-1809
-1505
-1233
-891
-455
-91
258
683
1082
1403
1765
2093
2274
2485
2673
2704
2760
2768
2615
2489
2329
2048
1798
1522
1155
813
500
139
-217
-502
-805
-1113
-1313
-1500
-1686
-1765
-1806
-1829
-1751
-1644
-1529
-1347
-1138
-931
-692
-424
-180
33
259
469
627
781
918
990
1045
1102
1080
1013
964
813
612
496
292
17
-125
-341
-645
-773
-952
-1230
-1309
-1425
-1667
-1687
-1712
-1864
-1766
-1654
-1681
-1486
-1280
-1193
-902
-598
-433
-134
191
346
584
899
992
1121
1350
1292
1333
1489
1311
1331
1417
1150
1173
1191
894
905
852
607
626
532
375
416
343
253
262
218
180
159
133
116
80
71
74
52
57
70
54
67
90
69
94
154
137
169
250
229
288
386
325
357
447
340
326
386
222
142
156
-67
-233
-281
-534
-748
-842
-1108
-1326
-1399
-1595
-1748
-1735
-1809
-1870
-1772
-1712
-1669
-1471
-1272
-1132
-884
-637
-469
-222
36
193
375
551
637
715
783
787
775
748
682
594
499
413
314
195
120
51
-49
-94
-129
-220
-243
-242
-306
-305
-270
-324
-323
-259
-278
-261
-165
-134
-81
53
133
223
400
541
668
862
1034
1172
1337
1472
1547
1626
1699
1691
1653
1634
1540
1388
1282
1125
886
700
505
222
-6
-187
-449
-657
-757
-943
-1101
-1115
-1200
-1275
-1191
-1189
-1199
-1030
-942
-902
-687
-547
-466
-215
-46
36
251
384
424
554
610
596
624
591
512
436
327
216
63
-110
-226
-394
-581
-669
-814
-958
-975
-1060
-1123
-1048
-1067
-1058
-895
-836
-765
-553
-442
-349
-133
-5
93
299
414
474
630
692
683
755
744
675
665
587
475
406
278
150
40
-116
-253
-394
-560
-683
-826
-966
-1036
-1120
-1181
-1151
-1142
-1110
-984
-867
-724
-495
-279
-41
250
518
799
1108
1375
1632
1894
2100
2268
2423
2517
2558
2584
2524
2401
2272
2026
1715
1428
1035
599
205
-242
-688
-1099
-1524
-1897
-2229
-2543
-2773
-2939
-3043
-3054
-2994
-2867
-2663
-2397
-2061
-1670
-1259
-810
-317
153
609
1089
1516
1891
2271
2568
2782
2982
3078
3082
3068
2939
2717
2493
2160
1750
1362
883
368
-78
-580
-1085
-1493
-1932
-2338
-2621
-2900
-3120
-3209
-3268
-3251
-3117
-2957
-2730
-2404
-2074
-1701
-1259
-842
-421
41
445
814
1200
1514
1760
1997
2158
2242
2301
2296
2223
2144
2008
1808
1610
1369
1076
808
522
192
-97
-373
-685
-946
-1171
-1420
-1597
-1707
-1826
-1881
-1859
-1846
-1775
-1627
-1495
-1326
-1082
-857
-620
-327
-62
189
475
731
960
1202
1394
1535
1682
1782
1809
1834
1835
1754
1680
1612
1456
1301
1170
969
773
600
376
170
-17
-235
-419
-581
-746
-868
-976
-1076
-1137
-1180
-1195
-1179
-1150
-1091
-1015
-946
-850
-753
-683
-592
-498
-436
-349
-259
-199
-127
-52
0
54
120
177
244
331
410
488
586
666
724
809
871
886
919
925
867
832
772
650
549
424
247
101
-76
-292
-465
-652
-853
-984
-1118
-1264
-1340
-1405
-1466
-1449
-1412
-1359
-1242
-1110
-957
-750
-541
-322
-72
167
409
666
907
1137
1352
1538
1698
1817
1894
1932
1910
1838
1729
1559
1348
1108
825
521
212
-114
-435
-748
-1056
-1338
-1589
-1812
-1989
-2119
-2202
-2239
-2224
-2150
-2044
-1892
-1679
-1454
-1189
-869
-563
-231
131
453
779
1106
1379
1639
1878
2064
2223
2338
2398
2411
2364
2265
2106
1898
1653
1356
1023
681
319
-53
-414
-764
-1104
-1415
-1696
-1945
-2143
-2282
-2372
-2397
-2365
-2283
-2146
-1953
-1704
-1406
-1070
-694
-287
125
533
931
1305
1653
1974
2248
2487
2690
2823
2880
2859
2763
2610
2392
2101
1768
1404
985
544
103
-350
-789
-1196
-1581
-1927
-2209
-2440
-2620
-2732
-2782
-2777
-2708
-2579
-2399
-2160
-1881
-1569
-1224
-855
-478
-96
274
622
945
1234
1483
1682
1830
1924
1967
1959
1903
1786
1619
1410
1149
848
526
190
-148
-478
-784
-1068
-1327
-1552
-1744
-1894
-2003
-2069
-2078
-2038
-1951
-1798
-1611
-1395
-1135
-857
-577
-283
19
318
608
888
1151
1375
1572
1749
1878
1971
2042
2070
2061
2026
1949
1844
1721
1560
1368
1161
936
700
465
221
-18
-234
-431
-608
-752
-877
-977
-1039
-1071
-1073
-1026
-955
-861
-733
-591
-447
-291
-142
7
166
307
424
531
613
667
696
695
671
626
554
458
351
225
83
-63
-210
-353
-478
-592
-699
-794
-875
-944
-990
-1017
-1034
-1030
-1005
-965
-912
-833
-741
-635
-520
-404
-292
-180
-72
31
130
219
289
346
388
411
425
430
418
393
357
308
252
184
109
35
-34
-102
-165
-215
-257
-285
-303
-312
-302
-282
-260
-220
-171
-122
-60
-4
53
120
175
221
274
314
356
402
437
473
510
536
564
587
603
617
630
639
651
658
666
664
655
639
612
579
542
500
457
408
354
291
219
140
54
-33
-120
-206
-291
-376
-456
-533
-601
-661
-708
-745
-772
-789
-795
-791
-777
-753
-716
-666
-605
-531
-451
-363
-271
-173
-74
28
123
209
282
339
382
411
425
425
413
387
347
296
234
163
86
3
-79
-160
-240
-317
-391
-458
-518
-565
-594
-607
-606
-591
-565
-528
-483
-428
-368
-303
-232
-156
-78
2
79
151
219
282
342
392
432
462
481
491
495
493
483
465
439
410
378
343
300
252
205
162
134
114
98
84
72
64
60
59
57
52
55
61
68
75
89
98
102
107
110
108
98
85
68
44
19
-2
-18
-34
-52
-66
-76
-87
-98
-107
-112
-114
-114
-110
-104
-91
-75
-58
-39
-19
-3
13
24
30
32
27
18
8
-6
-19
-32
-49
-67
-88
-109
-126
-140
-153
-165
-174
-181
-186
-189
-185
-177
-164
-149
-134
-119
-106
-90
-73
-55
-38
-22
-10
-4
-1
-3
-8
-12
-12
-14
-15
-19
-26
-37
-48
-59
-69
-75
-76
-74
-64
-54
-40
-26
-10
5
23
42
62
80
99
115
129
144
163
182
201
216
225
231
233
232
225
213
200
188
177
165
146
123
97
72
52
35
20
6
-8
-19
-27
-32
-37
-42
-50
-57
-62
-64
-63
-60
-57
-54
-51
-49
-49
-52
-58
-66
-75
-85
-97
-108
-121
-133
-147
-159
-168
-174
-175
-174
-169
-162
-153
-141
-126
-106
-83
-54
-22
10
45
79
113
147
181
210
232
245
250
251
247
237
221
197
166
130
91
51
10
-32
-76
-120
-163
-204
-242
-273
-297
-311
-316
-311
-302
-286
-267
-240
-209
-173
-134
-92
-51
-6
41
89
136
183
222
256
284
307
323
335
339
338
332
316
292
261
229
193
155
114
69
24
-17
-58
-96
-136
-175
-208
-231
-247
-257
-263
-264
-259
-246
-228
-205
-180
-156
-131
-103
-72
-47
-24
-3
18
41
59
77
94
107
116
122
123
122
115
106
95
83
69
55
41
31
20
10
-2
-14
-23
-33
-43
-51
-59
-61
-57
-53
-47
-39
-32
-23
-11
1
15
29
40
54
64
74
82
89
95
102
108
117
123
124
119
108
92
75
57
39
21
5
-10
-24
-38
-54
-72
-92
-110
-127
-142
-156
-164
-170
-168
-163
-153
-141
-129
-115
-98
-80
-60
-42
-23
-7
10
26
44
62
79
97
111
123
127
130
126
118
106
90
78
64
51
35
11
-14
-38
-59
-77
-95
-110
-126
-137
-145
-150
-152
-151
-148
-138
-125
-109
-91
-71
-49
-24
4
34
62
93
122
149
175
198
217
232
243
250
251
246
234
219
200
180
156
129
98
64
30
-3
-35
-65
-94
-119
-142
-160
-177
-188
-195
-199
-197
-193
-184
-174
-157
-138
-113
-88
-61
-34
-8
15
36
52
64
74
83
93
100
105
103
98
89
76
60
41
20
-3
-27
-51
-76
-99
-122
-143
-159
-172
-179
-183
-182
-177
-170
-156
-142
-124
-102
-76
-49
-18
12
44
75
106
135
162
187
207
226
240
249
254
255
256
252
247
237
221
200
179
154
127
98
69
38
10
-16
-40
-62
-82
-99
-113
-125
-133
-140
-144
-148
-149
-151
-152
-151
-149
-145
-139
-132
-122
-107
-93
-80
-68
-59
-48
-37
-25
-15
-4
3
10
15
20
23
25
28
28
31
31
30
27
24
20
16
11
6
0
-6
-14
-21
-28
-36
-41
-47
-52
-56
-58
-60
-57
-52
-45
-37
-28
-19
-9
0
13
26
40
56
73
89
105
116
126
137
144
148
149
148
144
139
131
120
105
91
75
60
46
32
17
2
-14
-27
-38
-48
-56
-63
-68
-72
-77
-80
-80
-79
-74
-68
-65
-61
-57
-52
-44
-35
-26
-20
-12
-10
-4
-1
3
6
8
10
10
10
7
1
-6
-14
-22
-31
-39
-48
-55
-63
-70
-75
-78
-80
-81
-80
-78
-74
-69
-62
-54
-45
-34
-22
-8
5
16
27
37
48
58
67
71
76
77
80
82
80
78
76
71
66
60
51
41
30
18
7
-5
-15
-23
-31
-35
-39
-38
-38
-37
-32
-27
-21
-14
-6
5
17
30
43
56
70
80
89
96
102
106
109
111
111
111
108
103
96
85
72
56
40
22
4
-15
-33
-51
-70
-86
-103
-118
-132
-144
-154
-160
-164
-164
-160
-153
-143
-132
-119
-106
-91
-76
-60
-43
-26
-11
4
18
29
41
48
55
61
66
67
67
65
61
55
48
39
29
19
11
2
-5
-11
-18
-24
-28
-33
-38
-40
-40
-39
-36
-31
-26
-20
-15
-9
-1
9
20
31
42
50
58
63
68
72
74
76
78
81
81
79
75
69
61
52
42
34
25
20
13
7
2
-2
-8
-14
-20
-26
-29
-33
-36
-37
-33
-29
-23
-17
-11
-6
-2
2
7
11
16
21
23
26
26
25
24
22
19
15
12
7
-1
-9
-19
-27
-38
-47
-55
-63
-69
-73
-77
-79
-81
-83
-85
-87
-87
-86
-83
-78
-72
-64
-54
-43
-33
-25
-17
-7
4
15
25
33
39
45
51
57
62
66
68
69
67
62
58
51
43
35
26
17
9
0
-5
-11
-16
-20
-22
-22
-22
-20
-18
-15
-12
-9
-5
0
5
10
16
22
28
35
41
48
55
59
63
64
63
62
62
61
59
56
49
44
39
34
28
20
15
9
4
-2
-7
-13
-19
-24
-29
-33
-36
-37
-37
-36
-34
-34
-31
-28
-25
-21
-17
-13
-11
-9
-7
-8
-8
-9
-10
-13
-13
-16
-18
-21
-23
-25
-26
-26
-28
-29
-30
-30
-31
-32
-33
-34
-34
-35
-35
-36
-36
-36
-34
-33
-32
-30
-29
-27
-25
-21
-17
-11
-8
-3
2
7
13
20
26
29
33
35
36
37
37
39
41
43
45
46
47
48
47
47
48
47
46
44
42
37
33
30
26
24
22
19
19
18
17
16
14
12
11
10
8
8
6
5
3
-1
-1
-2
-3
-4
-4
-5
-5
-6
-7
-8
-8
-7
-8
-7
-6
-8
-10
-12
-15
-19
-22
-24
-27
-27
-28
-30
-31
-33
-34
-36
-38
-40
-41
-41
-42
-42
-42
-42
-40
-38
-38
-37
-36
-34
-31
-27
-21
-15
-10
-6
0
5
8
13
18
23
26
29
30
30
31
32
32
33
33
34
33
33
30
28
26
23
21
18
18
15
13
11
9
7
6
5
4
5
5
4
5
2
4
4
6
7
9
10
12
14
15
18
20
22
24
26
27
28
29
28
27
25
22
18
13
8
3
-1
-5
-9
-14
-16
-21
-24
-29
-33
-35
-40
-42
-42
-42
-42
-42
-45
-43
-40
-36
-33
-30
-26
-23
-19
-15
-10
-7
-4
-1
3
5
8
12
12
14
16
15
14
13
11
9
7
5
3
1
-2
-5
-7
-10
-12
-14
-16
-17
-18
-18
-17
-17
-16
-14
-10
-7
-4
-1
4
8
11
14
17
19
22
24
26
28
28
31
32
32
33
33
33
33
32
31
28
26
22
18
14
9
6
3
0
-2
-5
-8
-10
-13
-17
-19
-22
-24
-24
-23
-22
-20
-18
-16
-15
-14
-13
-11
-10
-7
-5
-2
1
4
6
7
8
8
9
9
9
9
9
8
7
6
5
3
0
-2
-5
-7
-11
-14
-16
-18
-20
-21
-21
-20
-21
-20
-19
-17
-17
-17
-16
-15
-15
-11
-8
-7
-4
-1
2
5
8
11
14
15
16
17
18
18
18
18
17
17
14
14
13
12
10
9
8
7
5
3
1
-2
-3
-4
-3
-4
-4
-4
-5
-4
-4
-3
-2
-1
0
2
3
4
6
6
8
8
9
11
11
12
12
12
10
10
11
8
8
7
5
3
0
-2
-4
-7
-8
-10
-12
-15
-15
-17
-17
-17
-16
-16
-16
-17
-16
-16
-16
-14
-13
-10
-9
-5
-3
0
2
4
6
8
9
10
11
14
15
16
17
17
17
15
12
9
6
3
-2
-4
-8
-10
-13
-14
-14
-14
-14
-14
-14
-15
-15
-16
-15
-13
-13
-8
-6
-3
-1
0
2
5
7
9
9
12
13
15
16
17
17
18
19
20
20
21
19
18
16
13
11
8
7
4
2
-1
-3
-6
-8
-10
-11
-11
-13
-12
-11
-9
-7
-7
-7
-7
-7
-7
-8
-7
-6
-6
-2
-1
0
0
0
0
1
1
2
0
0
-1
0
0
-1
-2
-3
-3
-4
-5
-7
-9
-8
-8
-9
-10
-10
-10
-10
-9
-8
-7
-7
-3
-3
0
0
1
1
2
2
3
4
3
4
4
4
6
7
7
8
9
10
9
10
10
11
11
12
12
12
12
11
11
8
7
5
4
3
2
1
2
3
2
2
1
-1
0
0
0
0
0
0
1
2
3
1
1
-1
0
-1
-2
-3
-4
-4
-5
-6
-5
-8
-7
-7
-8
-9
-8
-10
-11
-11
-10
-12
-11
-11
-11
-12
-12
-13
-13
-12
-12
-11
-10
-10
-7
-6
-4
-2
0
1
3
4
5
6
8
7
8
8
8
10
10
10
10
10
9
8
7
5
4
3
2
1
1
1
0
1
1
0
0
0
1
3
3
5
5
6
6
7
8
7
7
9
9
9
9
9
10
10
7
8
6
6
5
3
2
1
0
-1
-2
-2
-4
-5
-6
-6
-8
-7
-9
-10
-10
-12
-13
-13
-13
-12
-11
-10
-10
-9
-8
-8
-7
-7
-6
-6
-4
-4
-3
-3
-2
0
-1
-1
0
-2
-2
-2
-1
-2
-2
1
0
0
0
-1
0
1
2
1
1
1
1
2
2
1
2
2
2
2
3
4
5
5
4
5
6
6
5
4
4
4
5
6
5
7
6
6
6
5
4
4
3
4
2
2
1
1
0
-1
1
-1
-1
-2
-1
-1
-1
-1
-1
-2
-1
-2
1
0
0
2
2
2
3
3
3
2
2
1
0
1
0
0
0
-1
-1
-3
-4
-5
-6
-8
-8
-8
-8
-7
-8
-8
-8
-9
-9
-8
-7
-7
-6
-4
-3
-1
-2
0
-1
-1
0
0
1
3
2
3
4
4
4
4
4
4
4
4
4
3
4
3
3
3
2
2
2
2
1
1
1
-1
0
-1
0
1
1
2
2
1
2
1
1
2
0
0
0
0
0
0
-1
-1
-1
-2
1
1
-1
0
0
0
0
0
0
0
1
1
2
2
2
3
2
3
3
3
3
3
2
2
1
0
0
0
0
0
-1
-1
-3
-3
-4
-4
-4
-4
-5
-4
-4
-5
-3
-2
-2
0
-1
-1
-1
-1
-2
-2
-1
-2
-2
-1
-1
-1
0
-1
-1
-1
0
0
-1
-1
-1
-1
-1
-1
0
0
1
1
2
1
1
1
2
3
3
2
1
2
2
2
2
3
3
3
3
3
3
3
3
2
2
2
2
2
1
1
1
1
2
2
2
1
0
1
0
0
0
0
0
1
-1
-1
-1
-1
-2
-3
-3
-2
-3
-4
-3
-3
-3
-3
-3
-3
-3
-3
-4
-3
-2
-2
-1
1
0
0
0
0
0
-1
1
1
0
0
0
0
1
-1
-1
-1
-1
-1
-1
-1
-1
-1
-1
-1
-1
0
-1
-2
-2
-2
-1
-1
1
1
1
2
2
2
3
3
3
3
3
4
3
2
3
4
4
4
2
3
2
2
2
2
1
0
1
1
0
1
1
1
0
2
0
0
0
0
0
0
0
0
0
0
0
-1
-1
-3
-2
-4
-3
-3
-3
-3
-3
-2
-2
-2
-2
-1
-2
-1
-1
0
0
0
0
0
0
0
1
2
2
2
2
2
1
1
1
0
0
-1
-1
-1
-1
-2
-2
-2
-3
-3
-3
-3
-2
-3
-2
-2
-2
-2
-1
-2
-1
1
0
0
1
1
1
1
2
2
1
2
2
2
2
2
2
2
1
2
1
0
2
3
2
1
0
1
2
2
1
-1
0
0
0
0
1
0
0
0
0
1
1
1
1
0
1
0
0
0
0
0
0
0
0
1
0
0
0
0
0
1
0
0
1
-1
0
-3
-3
-3
-3
-3
-3
-3
-2
-2
-3
-2
-3
-3
-2
-2
-2
-2
-1
-1
-1
0
0
0
-1
0
0
1
1
1
0
0
0
-1
0
0
