SAMPLES:	13896
BITSPERSAMPLE:	16
CHANNELS:	1
SAMPLERATE:	16000
NORMALIZED:	FALSE
-2
3
6
8
9
9
6
4
3
3
6
9
13
15
17
16
13
8
4
0
-2
-6
-8
-8
-7
-4
0
2
2
2
3
3
3
3
4
5
5
7
9
8
7
6
5
4
2
-1
-5
-7
-8
-9
-8
-6
-3
-2
1
0
-3
-7
-12
-17
-20
-20
-19
-15
-11
-7
-3
-1
0
1
3
2
0
-1
-5
-5
-5
-3
-1
2
3
3
2
-1
-3
-5
-6
-6
-4
-3
-1
1
3
4
6
8
10
13
16
18
18
15
12
8
8
6
9
10
12
13
12
10
9
7
5
4
-1
-4
-7
-10
-11
-9
-5
-2
1
1
1
-1
-3
-5
-5
-7
-7
-7
-10
-11
-10
-10
-10
-10
-10
-11
-11
-11
-10
-8
-5
-3
-1
-2
-3
-5
-7
-7
-6
-5
-2
-1
0
1
4
6
8
10
12
13
13
12
11
10
11
11
12
13
13
15
15
14
12
9
4
-1
-6
-11
-13
-14
-12
-8
-1
5
12
16
17
14
7
0
-8
-14
-18
-18
-18
-17
-13
-10
-7
-4
-2
-1
-2
-3
-5
-7
-9
-9
-9
-9
-7
-6
-3
-1
1
1
3
4
4
3
2
1
1
2
4
4
3
1
-1
0
1
3
6
8
9
9
10
11
9
6
2
0
-1
-2
1
3
4
7
7
4
0
-4
-9
-12
-15
-17
-16
-16
-14
-11
-7
-5
-1
2
4
6
6
7
6
5
4
2
2
2
4
4
5
6
7
6
5
5
4
2
-3
-4
-2
0
-2
-6
-9
-10
-9
-6
1
5
10
10
10
9
8
6
4
3
-1
-2
-1
-2
0
1
2
3
3
4
3
2
2
1
1
0
1
0
0
0
0
0
1
0
0
-3
-6
-9
-12
-13
-15
-16
-17
-18
-18
-17
-15
-12
-10
-9
-8
-4
-2
1
4
6
9
8
8
7
5
3
0
0
0
1
4
6
10
13
15
16
15
10
6
1
-1
1
0
4
6
10
14
17
18
17
12
6
1
0
-2
-2
-4
-6
-8
-8
-7
-5
-5
-5
-7
-8
-9
-11
-13
-13
-11
-11
-7
-3
5
8
7
4
1
0
-6
-11
-15
-19
-21
-22
-17
-8
3
12
18
19
16
10
6
0
-5
-7
-5
1
9
15
19
17
12
5
1
-2
-4
-6
-6
-4
-2
2
4
2
0
-6
-11
-13
-10
-4
1
6
10
13
14
15
9
3
-6
-12
-14
-13
-9
-4
2
4
4
1
-2
0
2
5
7
7
8
7
10
12
14
14
12
8
2
-4
-9
-11
-12
-10
-7
-4
-2
-1
-2
0
0
1
4
6
6
7
4
1
-3
-5
-6
-5
-4
-4
-6
-8
-10
-8
-8
-9
-10
-9
-7
-6
-5
0
0
0
-4
-7
-7
-3
-3
-1
3
8
8
8
6
4
1
-2
-3
-3
0
3
6
8
6
6
4
3
3
3
3
2
1
0
1
6
9
16
19
19
20
17
14
10
5
-1
-6
-10
-14
-19
-23
-26
-24
-19
-13
-8
-4
-3
-3
-3
-1
1
3
4
7
9
10
11
12
12
8
4
1
-2
-4
-5
-6
-7
-9
-12
-11
-9
-4
-1
0
-1
-2
-2
-2
-3
-4
-6
-5
-2
1
2
4
1
-2
-3
-5
-5
-3
-1
1
1
-1
-5
-7
-6
-5
-4
-5
-3
-2
3
6
9
10
9
7
3
-1
-1
0
4
7
8
4
2
5
8
13
15
13
10
6
5
3
4
4
3
1
-1
-1
3
7
10
9
6
2
0
-1
-3
-1
-2
-5
-8
-10
-10
-9
-7
-5
-5
-2
-4
-5
-6
-9
-11
-10
-9
-6
-4
0
4
6
5
1
0
-3
-2
-2
0
0
-1
-2
-1
-1
0
-1
1
0
0
1
2
3
3
2
1
-1
-1
0
2
6
7
6
5
2
1
-1
-2
-2
-2
-3
-2
-4
-5
-6
-7
-4
-1
1
3
5
5
5
3
2
-2
-7
-12
-12
-11
-5
2
5
5
4
1
0
-3
-7
-8
-5
-2
-1
1
4
6
5
7
7
8
9
10
10
8
6
4
2
2
1
2
2
5
6
6
5
3
0
2
5
8
11
10
8
5
2
0
-2
-3
-6
-8
-10
-9
-9
-9
-6
-5
-4
-4
-4
-4
-5
-5
-6
-6
-8
-9
-10
-10
-7
-4
0
2
2
0
-5
-10
-15
-15
-13
-9
-4
0
4
6
9
8
6
3
0
-3
-3
-4
-6
-4
-3
0
5
8
10
11
9
5
2
2
2
4
5
4
2
2
2
7
15
24
28
26
22
18
16
15
13
10
6
2
0
1
2
4
2
0
-4
-6
-9
-11
-13
-16
-19
-22
-23
-22
-18
-12
-6
-2
-1
-3
-4
-5
-5
-6
-7
-10
-13
-16
-18
-18
-18
-15
-12
-10
-7
-6
-6
-6
-5
-3
1
3
7
11
13
12
10
7
5
2
-1
-1
0
3
8
13
18
21
22
20
19
15
11
6
4
0
-1
-2
-1
1
1
5
6
4
3
1
-1
0
0
1
2
1
0
-1
1
6
10
13
10
4
-4
-13
-18
-18
-16
-11
-7
-3
-3
-2
-2
-2
-3
-6
-11
-17
-20
-19
-13
-7
-2
2
2
0
-2
-1
5
11
15
16
15
15
15
17
15
9
3
-1
-3
-3
0
-1
-1
-1
-1
-1
-2
-3
-2
-1
0
-1
-4
-7
-10
-9
-8
-4
-1
1
1
0
-2
-4
-6
-8
-8
-9
-8
-6
-4
-3
-3
-3
-4
-4
-2
0
5
9
14
19
23
24
22
16
10
6
3
4
6
10
10
9
8
6
4
2
0
-1
-3
-3
-3
-2
0
0
-2
-4
-6
-9
-10
-10
-9
-8
-6
-6
-7
-11
-13
-14
-11
-6
-2
-1
-3
-7
-8
-9
-7
-3
1
1
2
3
6
6
5
3
1
2
3
3
2
1
-2
-3
-4
-4
-3
-1
1
1
0
-1
-2
-2
-1
0
1
3
6
9
13
13
12
9
5
2
0
-3
-5
-4
-3
1
3
6
8
8
8
8
8
5
1
-4
-6
-8
-6
-3
-1
0
2
4
4
4
2
0
-2
-4
-4
-5
-4
-3
-1
3
5
5
2
-1
-4
-6
-7
-7
-7
-7
-6
-6
-4
-3
-2
-1
0
1
1
0
1
2
3
4
5
3
1
-1
-1
0
0
-1
-2
-2
-1
0
1
2
2
2
3
1
0
-2
-4
-5
-5
-7
-8
-9
-10
-10
-10
-8
-7
-5
-2
-1
-1
-1
-2
-5
-6
-4
-2
0
1
6
8
7
3
4
7
10
11
11
11
11
12
11
11
10
9
7
7
9
10
12
11
9
6
4
2
0
-1
-2
-2
-2
-3
-3
-4
-2
0
0
-1
-3
-8
-10
-13
-15
-16
-15
-12
-8
-4
0
-1
-1
-3
-3
-3
-3
-5
-6
-8
-7
-5
-3
-2
-2
-1
1
2
3
3
2
-2
-5
-8
-7
-4
-2
1
2
2
0
-1
0
2
6
9
10
9
8
5
3
-1
-2
-3
-2
1
4
6
8
9
11
12
11
9
5
2
-1
-4
-1
-2
0
1
0
-2
-5
-6
-6
-5
-2
-1
1
0
0
0
1
0
2
2
1
-1
-4
-6
-7
-8
-7
-6
-6
-3
0
3
6
10
11
10
9
4
0
-3
-4
-3
0
1
2
1
1
0
0
0
-1
-3
-5
-6
-7
-7
-8
-7
-7
-8
-7
-6
-5
-1
0
0
-1
-5
-6
-4
-2
1
2
5
6
7
6
4
1
1
2
1
3
3
3
3
2
4
7
7
6
7
5
2
1
-4
-4
-1
4
7
9
7
6
2
0
1
0
0
1
1
2
1
0
-1
-1
0
0
-1
0
-2
-2
-3
-7
-7
-10
-9
-8
-8
-7
-6
-4
-1
0
4
6
6
5
3
0
0
1
4
6
6
6
5
2
1
-1
-4
-5
-8
-8
-9
-7
-5
-3
-2
-1
-1
0
0
0
-1
-2
-2
-2
-1
0
2
2
4
2
0
-2
-4
-5
-8
-8
-8
-6
-3
0
1
4
6
7
9
9
8
9
8
9
10
10
11
8
5
3
2
1
1
1
0
-2
-4
-4
-3
-3
-1
0
1
0
0
0
1
2
3
3
3
3
4
5
4
5
3
3
3
2
2
0
-2
-4
-7
-8
-9
-12
-14
-18
-21
-24
-24
-23
-21
-18
-15
-12
-9
-4
0
5
6
3
0
1
6
9
8
9
12
18
26
34
43
48
49
47
43
36
27
16
5
-4
-12
-19
-24
-28
-28
-26
-21
-16
-12
-10
-16
-26
-38
-49
-58
-60
-55
-46
-35
-24
-16
-11
-9
-10
-13
-16
-18
-21
-21
-18
-12
-3
9
20
30
37
42
41
36
30
23
14
7
3
1
3
5
13
25
38
50
59
62
64
69
73
74
71
69
78
97
123
152
186
218
247
273
303
336
366
384
382
352
313
262
192
105
0
-123
-266
-421
-608
-835
-1081
-1368
-1729
-2136
-2541
-2897
-3196
-3422
-3519
-3473
-3263
-2851
-2318
-1703
-967
-159
708
1625
2525
3380
4129
4742
5273
5677
5910
5965
5790
5414
4907
4275
3541
2735
1888
1046
236
-509
-1190
-1821
-2421
-3001
-3547
-4047
-4514
-4929
-5273
-5544
-5735
-5847
-5859
-5746
-5489
-5091
-4576
-3924
-3162
-2334
-1405
-440
480
1415
2308
3092
3797
4384
4843
5214
5443
5537
5510
5357
5101
4761
4349
3902
3445
2999
2563
2122
1694
1291
912
584
324
106
-86
-258
-391
-499
-552
-517
-408
-238
-10
239
504
772
1025
1222
1316
1259
1037
656
94
-653
-1573
-2668
-3919
-5252
-6575
-7836
-9001
-9993
-10778
-11301
-11492
-11288
-10641
-9574
-8112
-6264
-4121
-1731
835
3384
5857
8192
10230
11981
13370
14293
14786
14797
14372
13573
12464
11142
9644
8065
6427
4758
3118
1469
-140
-1685
-3175
-4601
-6014
-7373
-8625
-9738
-10680
-11458
-12034
-12353
-12384
-12109
-11517
-10619
-9432
-7994
-6349
-4535
-2637
-777
929
2421
3673
4664
5365
5768
5908
5836
5610
5311
5001
4742
4555
4441
4385
4370
4374
4389
4361
4229
3920
3410
2710
1841
828
-252
-1288
-2170
-2829
-3199
-3222
-2870
-2158
-1125
223
1835
3626
5463
7212
8735
9928
10717
11090
11028
10539
9635
8358
6777
4982
3059
1078
-903
-2863
-4750
-6551
-8307
-10018
-11657
-13260
-14817
-16275
-17614
-18816
-19768
-20405
-20685
-20436
-19474
-17893
-15794
-13112
-9836
-6056
-1883
2521
6981
11311
15287
18592
20962
22435
23054
22852
22003
20651
18970
16967
14630
12224
9682
7109
4831
2569
453
-1348
-3266
-4932
-6339
-8025
-9445
-10605
-11983
-13088
-13927
-14747
-15207
-15255
-14948
-14254
-13167
-11620
-9770
-7666
-5295
-2860
-454
1845
3974
5799
7198
8290
8930
9101
9064
8572
7858
7246
6385
5621
5147
4504
4056
3816
3404
3116
2837
2328
1814
1201
443
-305
-1055
-1742
-2307
-2694
-2837
-2693
-2188
-1277
-37
1490
3205
4959
6654
8209
9534
10546
11178
11348
11023
10232
9011
7422
5455
3280
918
-1651
-4160
-6658
-9076
-11350
-13443
-15290
-16961
-18243
-19210
-19889
-20131
-20122
-19666
-18906
-17748
-15974
-13985
-11287
-8013
-4654
-584
3619
7554
11819
15573
18478
20998
22441
22823
22751
21939
20489
18798
16728
14169
11492
8825
5849
3098
747
-1757
-3867
-5558
-7442
-8937
-9944
-11266
-12173
-12573
-13505
-13989
-13941
-14279
-14123
-13331
-12718
-11741
-10040
-8518
-6707
-4257
-2186
-82
2356
4204
5807
7580
8662
9319
9972
9948
9628
9410
8711
7954
7363
6418
5616
5039
4195
3578
3070
2332
1841
1348
691
261
-257
-813
-1060
-1367
-1511
-1219
-889
-282
756
1769
2975
4380
5577
6786
7904
8551
8984
9046
8494
7652
6416
4663
2682
442
-2045
-4595
-7202
-9729
-12186
-14520
-16485
-18131
-19407
-20084
-20445
-20551
-20092
-19460
-18490
-16757
-14828
-12602
-9532
-6318
-3030
1113
4960
8626
12662
15792
18495
20726
21777
22170
22038
21127
19741
18252
16178
13757
11372
8677
5838
3331
965
-1463
-3315
-5032
-6897
-8081
-9217
-10489
-11077
-11729
-12536
-12717
-12879
-13064
-12647
-12012
-11371
-10329
-8912
-7562
-5981
-3964
-2225
-412
1651
3088
4494
5954
6650
7347
8015
7976
7956
7804
7150
6588
5902
5188
4551
3927
3475
2923
2421
1950
1393
835
322
-75
-575
-813
-819
-950
-597
-25
463
1417
2410
3338
4489
5415
6351
7228
7829
8381
8470
8239
7745
6621
5455
4003
1943
43
-2093
-4597
-6764
-8913
-11211
-13299
-15134
-16946
-18431
-19173
-19881
-20242
-19696
-19303
-18494
-16380
-14562
-12238
-8496
-5530
-2017
2675
6241
10083
14126
16804
19327
21206
21831
22046
21704
20612
19144
17491
15310
12807
10424
7740
4906
2598
183
-2202
-3851
-5773
-7582
-8654
-10041
-11201
-11705
-12524
-13199
-13206
-13377
-13440
-12726
-12063
-11282
-9868
-8206
-6659
-4878
-2385
-888
955
3414
4196
5749
7237
7396
8087
8443
7985
7771
7660
6864
6467
6079
5245
4958
4434
3877
3577
2899
2268
1743
941
192
-388
-1180
-1707
-1901
-2297
-2068
-1532
-1240
-50
1195
2222
3965
5344
6451
7719
8538
8872
8961
8723
7758
6652
5441
3425
1402
-626
-3317
-5784
-7921
-10384
-12572
-14317
-16170
-17832
-18797
-19547
-20297
-19996
-19463
-19190
-17389
-15463
-13937
-10532
-7330
-4576
37
3965
7389
11969
15291
17921
20625
21703
22064
22137
21094
19806
18397
16347
13991
11687
9168
6271
4065
1763
-829
-2265
-4091
-6140
-7121
-8464
-10067
-10660
-11353
-12596
-12793
-12986
-13655
-13138
-12425
-12044
-10703
-9121
-7884
-6013
-3799
-2019
-171
1973
3478
4525
6139
6860
6904
7920
7477
6830
7433
6270
5683
6035
4744
4398
4599
3605
3444
3388
2435
2030
1421
608
151
-560
-919
-1285
-1691
-1421
-1216
-796
269
1135
2138
3680
4914
6014
7373
8106
8485
8720
8377
7832
6817
5443
3946
1954
-253
-2415
-4610
-7059
-9315
-11325
-13699
-15573
-17026
-18515
-19354
-19848
-19875
-19561
-18791
-17036
-15651
-13395
-9973
-7534
-3761
715
3690
7830
11804
14170
17165
19424
20236
20964
20895
19937
18946
17461
15408
13431
11244
8652
6328
4310
1870
-121
-1407
-3547
-5295
-6154
-7933
-9249
-9632
-11102
-12116
-11883
-12696
-13135
-12046
-11902
-11651
-9845
-8645
-7518
-5210
-3407
-1942
101
1736
2792
4233
5482
5766
6439
6967
6565
6846
6918
6288
6575
5970
5254
5838
4721
4503
4970
3281
3145
2780
1153
946
206
-923
-1147
-1680
-1843
-1336
-1206
-288
624
1303
2982
4189
5378
6881
7470
7881
8204
7917
7433
6596
5125
3343
1380
-737
-2899
-5067
-7313
-9603
-11675
-13606
-15457
-16860
-18163
-19483
-19720
-19781
-19915
-18266
-16812
-15769
-12480
-9752
-7355
-2580
1122
4367
9129
12253
14965
18255
19732
20629
21152
20285
19271
18097
16251
14162
12018
9525
6788
4639
2454
144
-1189
-2919
-4947
-5760
-7099
-8794
-9263
-10195
-11517
-11716
-12056
-12684
-12304
-11759
-11456
-10280
-8742
-7488
-5669
-3567
-1939
-174
1725
3074
4303
5607
6339
6907
7470
7334
7360
7314
6568
6481
6226
5207
5203
4780
3607
3567
2869
1829
1467
634
-226
-1037
-1620
-2091
-2607
-2493
-1858
-1676
-710
1099
1445
3173
5172
5620
7546
8602
8806
9464
9090
8738
7767
6310
5080
2783
787
-1112
-3946
-6174
-8624
-11336
-13307
-15440
-17221
-18465
-19785
-20244
-20193
-20226
-18882
-17417
-16141
-13046
-10318
-7462
-2929
733
4604
8866
11799
14839
17482
19011
20037
20148
19531
18449
16944
15128
13127
11011
8640
6264
4142
2196
436
-994
-2382
-3915
-5076
-6127
-7415
-8213
-9028
-10291
-11045
-11566
-12158
-12115
-11525
-11038
-10248
-8728
-7350
-5694
-3416
-1568
294
2245
3715
5028
6142
6886
7188
7385
7406
6978
6665
6200
5534
5057
4628
4239
3970
3660
3230
2856
2266
1624
1089
305
-373
-1024
-1573
-1863
-2102
-1734
-1422
-914
458
1372
2762
4608
5654
7031
8070
8716
9215
8974
8698
7581
6052
4682
2452
189
-1938
-4617
-7081
-9234
-11480
-13322
-15010
-16342
-17353
-18413
-18616
-18605
-18456
-17222
-15886
-14446
-12029
-9624
-7035
-3539
-362
2912
6416
9187
12029
14533
16289
17866
18616
18581
18031
16991
15601
13804
12002
9932
7521
5427
3474
1498
-1
-1394
-3211
-4642
-5837
-7380
-8329
-8952
-10175
-11044
-11365
-11936
-11940
-11116
-10498
-9721
-8287
-6892
-5314
-3060
-957
829
2743
4223
5326
6643
7599
7951
8217
8053
7470
7116
6686
6020
5454
4613
3684
3090
2437
1815
1284
588
-21
-590
-980
-1105
-1370
-1359
-1183
-1049
-195
749
1615
3153
4324
5369
6972
8057
8917
9782
9866
9574
9167
8258
6941
5397
3564
1144
-1185
-3166
-5856
-8137
-10285
-13039
-14913
-16740
-18278
-19155
-20170
-20452
-20446
-20160
-18433
-16896
-15105
-11688
-9351
-6153
-1570
1590
5950
10032
12521
15724
17973
19163
20164
19963
19005
17714
15904
13836
11616
9522
6910
4321
2316
-45
-1615
-2728
-4346
-5673
-6886
-8170
-9039
-9349
-9979
-10674
-11045
-11581
-11688
-11046
-10222
-9297
-7849
-6287
-4726
-2472
-110
1861
3944
5676
6657
7662
8376
8407
8352
7836
6756
5927
5129
4224
3840
3209
2450
2103
1638
1401
1355
1220
970
676
248
46
-88
-342
119
53
257
1136
1397
2542
3892
4935
6365
7561
8472
9229
9746
9840
9422
8675
7455
5649
3854
1662
-893
-3274
-6037
-8685
-11161
-13508
-15335
-17305
-18761
-19631
-20918
-20915
-20487
-20634
-18655
-17348
-16208
-12661
-10530
-7483
-2547
858
4857
9432
12271
15276
18521
19989
21055
21492
20487
19248
17774
15833
13539
11249
8583
5572
3149
845
-1284
-2650
-4236
-5985
-7117
-8403
-9563
-9970
-10683
-11583
-11967
-12499
-12792
-12119
-11386
-10539
-9134
-7776
-6114
-3799
-1384
1000
3220
5076
6566
7890
9125
9809
10112
10001
9191
8488
7866
6927
6313
5457
4288
3615
2732
2038
1822
1109
427
-39
-922
-1674
-1875
-2348
-2613
-2468
-2525
-2002
-1329
-283
1285
2543
4371
6011
7249
8794
9511
9979
10163
9556
8743
7516
5933
3863
1803
-412
-3078
-5262
-7587
-10283
-12323
-14370
-16608
-17825
-19153
-20485
-20663
-20754
-20462
-19016
-17555
-16091
-13162
-10502
-7215
-2497
1432
5710
9949
13511
16408
19432
21143
21292
21837
20291
18800
17538
15139
13171
10755
8094
5254
2964
749
-1347
-2711
-4564
-6188
-7318
-8598
-9591
-10103
-10991
-11857
-12248
-12804
-12899
-12315
-11684
-10803
-9416
-7953
-6175
-3863
-1552
704
2873
4707
6251
7604
8697
9356
9581
9446
8873
8252
7701
6951
6301
5546
4491
3711
2900
2095
1627
857
44
-629
-1545
-2122
-2545
-3084
-3232
-3444
-3439
-2858
-2188
-987
532
1915
3630
5270
6679
8222
9286
9941
10369
10079
9438
8360
6834
4928
2737
463
-2217
-4556
-6991
-9622
-11595
-13788
-15793
-17067
-18628
-19737
-19933
-20479
-20002
-18534
-17768
-15829
-13075
-10812
-7212
-2845
897
5296
9523
12652
16013
18666
20198
21131
21020
20109
18802
17261
15190
13155
11158
8244
5679
3422
919
-638
-2025
-3830
-5331
-6688
-8197
-9218
-9724
-10768
-11776
-12366
-13182
-13501
-12847
-12219
-11538
-10109
-8786
-7223
-4604
-2031
354
2906
4824
6320
7970
9334
10304
10873
10778
10216
9559
9049
8572
7961
7244
6362
5356
4518
3877
3165
2215
1124
-44
-1308
-2476
-3387
-4165
-4831
-5227
-5288
-4985
-4258
-3097
-1616
83
1908
3726
5375
6829
7982
8775
9183
9141
8576
7476
6070
4391
2463
448
-1626
-4058
-6467
-8623
-10905
-12814
-14538
-16332
-18118
-19411
-20058
-20606
-19672
-18510
-17780
-15345
-12968
-10403
-5843
-1605
2435
7191
10714
13938
17503
19905
21250
21757
21098
19517
18118
16503
14336
12518
9917
6789
4393
1949
-65
-1275
-2819
-4767
-6118
-7713
-9192
-9245
-10257
-11090
-11724
-13207
-13374
-13434
-12921
-11922
-11023
-10030
-8781
-6366
-4187
-1361
1396
3096
5001
6489
7962
9410
10379
10816
10656
10301
9799
9270
8878
8224
7250
6207
4991
3861
3092
2303
1500
711
-506
-1634
-2502
-3344
-3572
-3652
-3891
-3757
-3631
-3154
-1866
-405
1219
2848
3921
4970
6088
7171
8264
8689
8401
7327
5788
4458
2988
1408
-647
-3415
-6324
-9097
-11105
-12897
-14745
-16289
-18350
-19871
-20194
-20227
-19175
-17507
-16422
-14541
-12010
-9581
-5289
-525
3372
7766
11093
13753
17030
19583
21164
21694
20896
19427
17862
16288
14536
12547
10130
7066
4297
2004
0
-1234
-2696
-4528
-6203
-7905
-9259
-9783
-10100
-11095
-12032
-13093
-14165
-13748
-12688
-11820
-10470
-9634
-8812
-6504
-4319
-1429
1563
3037
5010
6448
7555
9492
10673
10960
10942
10313
9331
8948
8654
8087
7151
5783
4457
3268
2801
2469
1666
742
-658
-2112
-2965
-3564
-4001
-4355
-4777
-4913
-4657
-3728
-2330
-935
716
2287
3739
5568
7152
8418
9477
9788
9672
9262
8314
7009
5417
3476
1165
-1182
-3564
-6408
-8883
-11002
-13616
-15308
-16688
-18721
-19532
-19922
-20551
-19691
-18300
-17591
-15398
-12736
-10470
-6143
-1981
1749
6343
9821
12837
16279
18842
20308
21366
21022
19734
18707
17034
15041
13173
10760
7768
5071
2816
568
-1033
-2392
-4430
-6028
-7230
-8871
-9602
-9976
-11244
-12076
-12687
-13621
-13613
-12912
-12463
-11529
-10316
-9290
-7551
-5178
-2732
-296
2043
3852
5478
7102
8631
9869
10577
10973
10283
10053
9754
8929
9128
8134
7101
6205
4818
4117
3387
2716
1616
557
-582
-1796
-2255
-2674
-2996
-3200
-3261
-3279
-2980
-1919
-839
648
2164
3115
4161
4972
5908
6817
7167
7196
6293
5104
4038
2685
1455
-127
-2270
-4518
-6979
-8976
-10832
-12745
-14092
-16262
-18066
-18945
-20012
-19462
-18158
-17447
-15826
-13705
-11656
-7909
-3262
611
4990
8921
11675
15108
18221
19974
21147
21033
19741
18570
17249
15435
13660
11736
8862
5879
3684
1347
-418
-1346
-3326
-5365
-6697
-8549
-9455
-9385
-10406
-11473
-12136
-13252
-13484
-12614
-11972
-11210
-10143
-9270
-7847
-5554
-3018
-469
1789
3666
5238
6680
8288
9633
10230
10306
9779
8882
8358
7986
7585
6838
6078
4949
3756
3644
2980
2309
2070
861
-507
-751
-1467
-2447
-1973
-3191
-3705
-2950
-3613
-2171
-850
-401
1386
2624
3768
5508
6702
7563
8226
8089
7802
7229
6049
4708
3047
1070
-1009
-3031
-5204
-7497
-9600
-11702
-13701
-15115
-16391
-17877
-18728
-19372
-20033
-19333
-18213
-17316
-15139
-12827
-10560
-6618
-2498
1451
6162
10060
13243
16583
19072
20694
21567
21205
20118
18713
16899
14996
13185
10939
8184
5547
2982
671
-737
-2041
-3804
-5242
-6719
-8435
-9237
-9639
-10576
-11215
-11720
-12545
-12563
-11904
-11365
-10408
-9292
-8363
-6813
-4731
-2623
-340
1809
3415
4901
6473
7740
8829
9692
9748
9542
9345
8736
8385
8062
7088
6325
5545
4382
3771
3254
2282
1482
661
-375
-1186
-1707
-2119
-2531
-2728
-2665
-2628
-2204
-1233
-486
482
1979
2912
3803
5287
6055
6448
7202
7086
6296
5746
4756
3341
2050
479
-1529
-3704
-5827
-7833
-9832
-11654
-13378
-15472
-17384
-18599
-19618
-19931
-19119
-18529
-17833
-15792
-13580
-11022
-6836
-2630
1130
5451
9142
12319
15885
18535
19998
20753
20293
19194
18080
16582
14842
12923
10419
7672
5307
3176
1334
80
-1356
-3198
-4600
-5904
-7221
-7743
-8318
-9583
-10563
-11430
-12408
-12337
-11516
-11023
-10227
-8975
-7985
-6348
-3717
-1383
732
2832
4151
5297
6771
7872
8641
8978
8585
8021
7489
6954
6643
6055
4976
4005
3139
2324
2043
1895
1232
491
-69
-771
-1296
-1345
-1640
-2306
-2444
-2302
-2189
-1253
-203
358
1477
2792
4008
5677
7003
7858
8408
8465
8526
8169
7260
6178
4204
1921
-106
-2513
-4723
-6962
-9492
-11732
-13968
-15704
-16868
-18230
-19116
-19507
-20177
-19832
-18535
-17658
-15737
-13118
-10850
-7422
-3357
533
4935
9149
12592
15872
18708
20468
21286
21392
20514
19139
17796
15730
13621
11575
8727
6183
4007
1618
-211
-1609
-3453
-5137
-6364
-7918
-9086
-9651
-10666
-11568
-11933
-12552
-12770
-12098
-11532
-10688
-9158
-7767
-6130
-3868
-1788
189
2281
3936
5315
6724
7825
8574
9111
9198
8941
8618
8082
7474
6928
6001
5023
4362
3504
2712
2261
1464
491
-193
-945
-1719
-2093
-2387
-2930
-3083
-2792
-2672
-2090
-896
-126
806
2332
3511
4736
6363
7386
7968
8573
8642
8363
8009
7032
5499
3734
1685
-449
-2618
-4882
-7313
-9933
-12236
-14252
-16102
-17485
-18781
-19765
-20304
-20543
-19704
-18424
-17155
-14704
-12181
-9652
-5525
-1534
2559
7427
11118
14292
17366
19361
20589
21261
20786
19660
18337
16198
14141
12272
9799
7397
5104
2616
642
-728
-2232
-3767
-5202
-6865
-8352
-9170
-9952
-10964
-11501
-12085
-12777
-12426
-11655
-11040
-9769
-8401
-7205
-5301
-3143
-1059
1298
3284
4789
6266
7412
8364
9089
9089
8734
8156
7163
6531
6112
5166
4340
3598
2453
1700
1486
956
374
91
-621
-1310
-1498
-1565
-1808
-1867
-1479
-1549
-1109
139
980
2109
3675
4765
5687
6972
7871
8453
9162
9129
8412
7442
5921
4111
2474
610
-1685
-4106
-6666
-9241
-11578
-13568
-15396
-17216
-18915
-20145
-20765
-20686
-19849
-18543
-17116
-15512
-13041
-10210
-6634
-1812
2235
6023
10027
12866
15543
18411
20016
20436
20307
19209
17697
16226
14581
12858
10585
7970
5430
2947
1087
-178
-1688
-3285
-4702
-6397
-7849
-8556
-9260
-10215
-10981
-11808
-12529
-12367
-11628
-10842
-9773
-8521
-7304
-5480
-3034
-646
1633
3644
5127
6307
7632
8711
9312
9570
8997
8165
7312
6410
5840
4978
3981
3131
2108
1545
1347
1012
659
-42
-801
-1370
-2021
-2089
-2102
-2631
-2525
-2355
-2297
-1223
48
1067
2449
3875
4965
6350
7896
8728
9374
9557
8809
7945
6852
5370
3748
1695
-639
-2992
-5547
-7791
-9676
-11866
-13856
-15625
-17636
-19127
-19830
-20175
-20042
-19133
-18144
-17085
-14837
-12190
-9153
-4927
-837
3168
7225
10810
14327
17261
19527
20811
20753
19991
19033
17707
15932
14401
12221
9474
6930
4231
2061
410
-1007
-2625
-4565
-6105
-7482
-8601
-9144
-9927
-11068
-11837
-12430
-12666
-12129
-11367
-10530
-9428
-8202
-6784
-4785
-2414
-156
2071
3979
5247
6534
7903
8810
9445
9516
8788
7974
7257
6560
6024
5323
4316
3226
2306
1638
1175
884
398
-343
-995
-1689
-2202
-2289
-2444
-2514
-2311
-2176
-1646
-603
592
2103
3727
5075
6224
7316
8170
8999
9541
9460
8864
7535
6028
4440
2612
803
-1473
-4179
-6943
-9559
-11827
-13846
-15564
-17392
-19312
-20439
-21054
-20971
-19614
-18368
-16997
-14678
-12395
-9285
-4974
-835
3496
7678
10792
13912
16843
18914
20390
20790
20157
18942
17513
15763
13859
11946
9385
6603
3983
1615
-202
-1406
-2722
-4357
-5901
-7693
-8967
-9463
-9891
-10639
-11501
-12216
-12959
-12593
-11423
-10353
-8891
-7516
-6245
-4209
-1860
579
3125
4825
6132
7216
7988
9029
9604
9587
9168
8230
7218
6552
6205
5455
4548
3679
2267
1255
881
106
-549
-1178
-2325
-3117
-3523
-3796
-3712
-3578
-3300
-2906
-2227
-915
529
2204
3965
5551
7006
8184
9244
9923
10282
10282
9583
8610
7201
5164
3154
1102
-1354
-3724
-6128
-8912
-11413
-13587
-15595
-17129
-18622
-19951
-20576
-20888
-20347
-18973
-17708
-15647
-13099
-10718
-6993
-2689
1333
5921
9723
12659
15805
18125
19801
21033
20842
19749
18275
16435
14492
12550
10462
7788
5041
2705
430
-1083
-2216
-4063
-5607
-7018
-8674
-9478
-9901
-10606
-11281
-11859
-12382
-12328
-11564
-10467
-9366
-8118
-6561
-5110
-2849
-228
1779
4069
5744
6755
7971
8832
9427
9743
9444
8780
7829
6767
6009
5246
4358
3473
2471
1600
986
490
4
-611
-1340
-2019
-2592
-2939
-3071
-3179
-3094
-2810
-2476
-1661
-478
822
2567
4281
5636
7020
8033
8731
9447
9684
9375
8601
7219
5439
3548
1703
-309
-2683
-5218
-7920
-10441
-12513
-14414
-15973
-17535
-19123
-19916
-20285
-20192
-19096
-17793
-16380
-13958
-11347
-8485
-4185
38
3998
8343
11612
14497
17530
19616
21064
21688
20990
19586
18040
16224
14235
12288
9691
6555
3692
1201
-850
-2233
-3541
-5362
-7039
-8512
-9802
-10310
-10642
-11355
-12014
-12705
-13099
-12482
-11451
-10122
-8523
-7242
-5801
-3697
-1416
1173
3783
5166
6578
7654
8054
9500
10045
9576
9142
7855
6383
5721
5320
4345
3410
2285
810
57
-98
-291
-522
-927
-1782
-2403
-2569
-2592
-2399
-2348
-2299
-2015
-1465
-313
1077
2415
3930
5361
6701
8172
9435
10066
10329
10138
9287
8384
7210
5338
3306
963
-1780
-4165
-6538
-9178
-11403
-13677
-16062
-17643
-18956
-20088
-20489
-20793
-20879
-19928
-18449
-16661
-13923
-10939
-7854
-3780
457
4660
9102
12712
15645
18239
20034
21163
21587
21092
19877
18197
16107
13954
11872
9318
6596
4165
1649
-559
-2047
-3622
-5340
-6790
-8332
-9734
-10605
-11310
-11973
-12510
-12943
-13061
-12636
-11724
-10531
-9189
-7688
-6050
-4066
-1747
517
2590
4373
5752
6898
8008
8748
8996
8977
8491
7568
6959
6479
5616
5273
4633
3475
3185
2506
1815
1903
1315
455
167
-450
-1127
-963
-1119
-1454
-1172
-1078
-782
241
1302
2358
3594
4608
5521
6517
7345
7882
7918
7572
6850
5637
4211
2536
581
-1490
-3698
-5929
-8372
-10830
-12716
-14546
-16024
-17064
-18507
-19442
-19707
-19749
-18697
-17158
-15829
-13589
-10922
-8127
-3882
410
4256
8633
11985
14841
18019
20035
21244
21792
21016
19560
17985
16190
14238
12253
9713
6749
3988
1503
-470
-1870
-3255
-5119
-6996
-8541
-9880
-10557
-10867
-11588
-12422
-13177
-13556
-12901
-11706
-10371
-8906
-7644
-6148
-4022
-1509
1142
3455
5129
6247
7110
8053
8872
9455
9616
8914
7913
6939
6032
5615
4970
4009
3127
2013
1197
1031
755
416
-210
-1143
-1715
-2493
-2435
-2282
-2793
-2297
-2328
-2289
-923
284
1534
3296
4709
5638
7089
8259
9018
9768
9642
8876
7820
6340
4598
2875
798
-1625
-4017
-6693
-9276
-11397
-13566
-15415
-16822
-18561
-19869
-20394
-20837
-20330
-18991
-17932
-16180
-13504
-10946
-7275
-2625
1308
5524
9655
12708
16032
19092
20765
21799
21935
20861
19534
17954
15857
13730
11462
8598
5710
3183
773
-1015
-2497
-4329
-6011
-7556
-9048
-9995
-10608
-11386
-12090
-12668
-13148
-12965
-12146
-11037
-9696
-8298
-6882
-5159
-2987
-490
2032
4222
5944
7201
8235
9199
9941
10235
9996
9220
8142
7219
6443
5671
4769
3704
2534
1312
587
121
-484
-1070
-1790
-2608
-3261
-3516
-3588
-3660
-3531
-3257
-2887
-2157
-966
339
1806
3561
5127
6701
8169
9265
10284
10757
10623
10182
9101
7360
5444
3424
985
-1417
-3728
-6433
-9035
-11455
-13838
-15671
-17072
-18550
-19720
-20258
-20615
-20243
-18720
-17199
-15335
-12629
-10035
-6709
-2269
1809
5878
10006
13163
16100
18831
20529
21546
21644
20657
19269
17500
15436
13381
11130
8580
5845
3236
920
-1029
-2635
-4313
-6053
-7724
-9199
-10290
-11148
-11844
-12515
-13138
-13451
-13352
-12758
-11756
-10485
-9012
-7323
-5361
-3137
-774
1518
3568
5254
6648
7813
8734
9401
9628
9450
8963
8284
7644
6922
6194
5338
4251
3274
2404
1724
1265
809
216
-589
-1281
-1925
-2415
-2370
-2382
-2417
-2102
-1810
-1273
0
1338
2597
4093
5156
5989
7083
7922
8443
8560
7920
6788
5221
3636
2278
308
-1673
-4036
-7170
-9475
-11700
-13820
-15006
-16602
-18581
-19637
-20319
-20606
-19276
-17734
-16359
-13934
-11452
-8584
-4144
476
4554
8658
11912
14464
17298
19510
20752
21366
20735
19167
17611
15833
13916
12202
9888
6894
4123
1582
-582
-1862
-3138
-5094
-6936
-8525
-10039
-10814
-11172
-11942
-12655
-13216
-13755
-13404
-12224
-10896
-9303
-7675
-6117
-4095
-1598
1118
3746
5762
7183
8242
9008
9794
10424
10361
9835
9103
8008
7103
6553
5754
4845
4087
3040
2024
1614
1200
680
243
-622
-1737
-2452
-2627
-2702
-2648
-2457
-2718
-2564
-1385
-55
1582
3426
4486
5398
6610
7566
8439
9017
8709
7574
6073
4469
2661
913
-1008
-3800
-6668
-9283
-11908
-13633
-15030
-16803
-18264
-19738
-20617
-20237
-19203
-17378
-15414
-13697
-11163
-8152
-4401
572
4810
8396
11888
14329
16990
19678
20925
21387
20727
19053
17495
15684
13874
12148
9509
6546
3884
1355
-418
-1502
-2976
-4914
-6765
-8609
-10155
-10830
-11334
-12231
-13095
-13883
-14258
-13606
-12327
-10819
-9257
-7869
-6249
-4062
-1532
1133
3519
5257
6479
7475
8460
9414
10101
10226
9691
8764
7837
7113
6597
5996
5088
3938
2813
2015
1557
1240
769
-162
-1277
-2288
-3163
-3526
-3665
-3954
-3946
-3756
-3315
-2034
-419
1292
3200
4845
6370
7981
9356
10384
10838
10541
9573
8173
6620
4827
2879
692
-1962
-4678
-7338
-9913
-11975
-13924
-15870
-17477
-19217
-20560
-21006
-21099
-20390
-18933
-17491
-15506
-12631
-9530
-5528
-767
3549
7775
11646
14809
17662
20328
21885
22397
22277
20613
18809
17314
15130
12910
10468
7396
4364
1910
-339
-2156
-3680
-5600
-7455
-9080
-10582
-11585
-12119
-12786
-13602
-14166
-14545
-14324
-13147
-11743
-10392
-8781
-7142
-5135
-2407
355
2825
4975
6624
7995
9302
10390
11090
11276
10934
10200
9350
8615
7995
7356
6544
5442
4193
3074
2251
1649
1006
139
-956
-2050
-2792
-3111
-3191
-3202
-3286
-3328
-3057
-2187
-768
791
2329
3646
4599
5768
7097
8087
8841
8840
7796
6481
5104
3533
2023
223
-2363
-5388
-8286
-10928
-13108
-14651
-16397
-18387
-19858
-20994
-21168
-19929
-18377
-16840
-14562
-12251
-9546
-5103
-641
3501
7679
10708
13385
16323
18620
20174
20994
20467
19137
17654
15809
14198
12623
10396
7678
4873
2528
438
-979
-2254
-4559
-6574
-8408
-10349
-11265
-11915
-13091
-14090
-14709
-15093
-14397
-12893
-11436
-9791
-7973
-6062
-3802
-1004
1803
4127
6051
7454
8516
9650
10632
11087
10911
10171
9178
8131
7442
7045
6198
5114
4056
2762
1895
1639
1116
251
-609
-1690
-2931
-3581
-3726
-4106
-4310
-4175
-4238
-3650
-2196
-793
928
2855
4196
5713
7554
8850
9872
10626
10303
9279
8196
6667
4755
2849
530
-2191
-4766
-7378
-9837
-11907
-14013
-15981
-17601
-19075
-20123
-20518
-20575
-20031
-18796
-17367
-15224
-12434
-9308
-5305
-980
3269
7634
11539
14942
18067
20349
21779
22432
22066
20977
19480
17554
15316
13133
10652
7902
5366
2658
141
-1777
-3697
-5649
-7392
-9295
-10999
-11991
-12891
-13794
-14396
-14913
-15208
-14768
-13821
-12647
-11043
-9232
-7067
-4670
-2255
347
2894
5261
7259
8944
10248
10982
11586
11853
11390
10727
9934
8906
8172
7435
6192
5009
4011
2980
2255
1697
747
-311
-1140
-2005
-2772
-3168
-3506
-3851
-3750
-3443
-3096
-2106
-679
714
2405
3873
4839
6132
7408
8259
8967
8739
7590
6437
4990
3282
1676
-508
-3260
-5892
-8573
-11177
-13297
-15199
-17189
-18923
-20277
-21207
-21240
-20183
-18613
-16998
-14671
-12075
-9040
-4507
37
4251
8299
11306
13927
16765
19087
20475
21140
20508
19053
17653
15963
14178
12467
10198
7385
4863
2591
584
-710
-2245
-4426
-6336
-8242
-10109
-11052
-11977
-13320
-14293
-15100
-15476
-14769
-13497
-12207
-10638
-8812
-6911
-4377
-1270
1365
3772
5933
6942
8175
9420
9924
10809
10665
9673
9175
8345
7763
7943
7493
6445
5664
4622
3794
3562
2973
1910
657
-716
-2087
-2888
-3277
-3964
-4368
-4462
-4690
-4020
-2394
-882
882
2774
3997
5137
6688
7964
8746
9265
8910
7614
6325
4959
3251
1672
-289
-3021
-5715
-8049
-10208
-12105
-13820
-15681
-17756
-19406
-20351
-20852
-20466
-19274
-18137
-16568
-14166
-11396
-7616
-2803
1731
5972
10014
13212
16287
19467
21502
22354
22319
21156
19648
18229
16443
14485
12268
9357
6377
3860
1488
-494
-2026
-4022
-6335
-8204
-9915
-11269
-11978
-12986
-14277
-15063
-15543
-15550
-14627
-13401
-12242
-10722
-8826
-6715
-4015
-934
1679
3983
6113
7647
9211
10839
11767
12134
11871
11163
10395
9544
9073
8438
7154
6095
4895
3951
3595
2726
2173
1415
-499
-1490
-1958
-3056
-3216
-3361
-4201
-4240
-4125
-3505
-1828
-448
1005
2515
3480
4675
6103
7094
7813
7956
7017
5837
4731
3283
1907
425
-2014
-4891
-7436
-10009
-12287
-13729
-15550
-17847
-19435
-20751
-21399
-20192
-18702
-17536
-15259
-12960
-10480
-5966
-1061
3340
7839
11247
13854
16678
19200
20846
21485
20996
19426
17645
16062
14277
12501
10490
7715
4967
2804
919
-422
-1622
-3670
-5896
-7735
-9549
-10733
-11349
-12514
-13790
-14595
-15232
-15012
-13710
-12344
-10965
-9186
-7286
-5034
-2144
786
3216
5146
6720
8090
9357
10494
11199
11098
10427
9637
8959
8522
8207
7655
6726
5653
4799
4189
3742
3238
2274
893
-658
-1888
-2737
-3552
-3897
-4489
-5505
-5317
-4729
-4039
-1735
222
1337
3557
4814
5646
7849
8941
9269
9478
8179
6627
5383
3655
1913
-88
-2835
-5723
-8362
-10730
-12712
-14291
-15855
-17721
-19357
-20460
-20965
-20273
-18730
-17342
-15662
-13416
-10878
-7074
-2234
2265
6604
10488
13446
16529
19477
21301
22275
22141
20763
19110
17382
15478
13747
11694
8836
5836
3117
733
-956
-2347
-4239
-6429
-8488
-10350
-11635
-12330
-13267
-14462
-15295
-15802
-15662
-14524
-13133
-11738
-10026
-8186
-6060
-3401
-580
2123
4562
6571
8204
9545
10751
11778
12205
12081
11653
10722
9874
9541
8865
7778
6817
5577
4336
3762
3191
2164
1130
-32
-1388
-2264
-2734
-3364
-3905
-4159
-4415
-4323
-3429
-2106
-656
945
2192
3211
4594
5916
7026
7892
7648
6471
5097
3674
2333
666
-1471
-3925
-6769
-9410
-11581
-13302
-14578
-16363
-18298
-19706
-20822
-20284
-18508
-17282
-15458
-13289
-11426
-7682
-2627
1940
6576
10538
13253
16104
18915
20772
21774
21533
20011
18158
16091
13890
12142
10205
7531
4905
2529
283
-1135
-2051
-3664
-5598
-7371
-9387
-10775
-11377
-12532
-13781
-14588
-15379
-15212
-13909
-12565
-11072
-9326
-7462
-5062
-2239
654
3350
5391
6960
8389
9484
10442
11387
11689
11288
10811
10077
9221
8972
8612
7609
6779
5852
4728
4301
3942
2869
1626
294
-1279
-2475
-3067
-3718
-4457
-4788
-5144
-5168
-4007
-2509
-941
1091
2434
3304
4800
6160
7282
8320
8087
6845
5588
4083
2654
1496
-487
-3310
-6000
-8799
-11261
-12601
-14126
-15957
-17300
-19123
-20349
-19914
-19293
-17913
-15785
-14338
-12200
-8963
-5152
-171
4548
8257
11753
14621
17286
19990
21568
21933
21227
19650
17962
16137
14165
12229
9787
6799
3950
1445
-615
-1951
-3179
-5036
-7052
-8903
-10545
-11437
-12019
-13047
-14143
-15087
-15685
-15348
-14313
-13044
-11544
-9894
-8022
-5717
-2976
-52
2752
5289
7239
8630
9966
11128
12077
12718
12477
11809
11236
10541
10035
9476
8444
7371
6293
5235
4474
3727
2785
1713
542
-710
-1828
-2526
-3191
-3832
-4100
-4461
-4489
-3484
-2400
-1305
132
975
1747
3277
4472
5187
5744
5200
3946
3099
2075
532
-1094
-3387
-6358
-8967
-11114
-12972
-14606
-16401
-18042
-19355
-19928
-18977
-17584
-16113
-13651
-11442
-8967
-4415
40
3798
8320
11381
13139
16266
18629
19394
20426
19887
17825
16724
15183
13016
11719
9674
6913
4873
2583
425
-714
-2239
-4292
-6102
-8163
-10151
-11411
-12458
-13493
-14333
-15092
-15532
-15260
-14210
-12663
-10907
-8923
-6802
-4539
-1835
993
3515
5759
7462
8598
9649
10640
11215
11439
11397
10880
10214
9942
9717
9320
8926
8259
7232
6264
5513
4741
3680
2423
923
-877
-2259
-3047
-3829
-4425
-4747
-5156
-4920
-3650
-2159
-573
1071
2081
2985
4407
5601
6327
6608
5767
4156
2761
1484
131
-1363
-3594
-6472
-9118
-11318
-12909
-13915
-15362
-17271
-18862
-20117
-20140
-18756
-17302
-15511
-13408
-11407
-8019
-3442
1163
5957
9863
12632
15461
18107
20186
21540
21586
20361
18497
16579
14586
12851
11271
8606
5667
3252
625
-938
-1799
-3755
-5608
-7546
-9982
-11079
-11721
-12878
-13571
-14333
-15126
-14965
-14063
-12777
-11252
-9549
-7842
-6057
-3735
-1231
1255
3782
5593
6800
8052
9148
10191
11157
11479
11180
10666
10166
9895
9736
9318
8484
7396
6345
5526
4919
4337
3426
2149
816
-514
-1452
-1810
-2318
-2966
-3379
-3860
-3742
-2578
-1217
63
1159
1796
2466
3472
4559
5226
5093
4241
2782
1216
16
-1356
-3261
-5505
-8105
-10710
-12830
-14258
-15608
-17229
-18545
-19679
-20270
-19391
-17665
-15943
-13586
-10898
-8340
-4275
537
4835
9378
13018
15474
17963
19948
21140
21732
21125
19598
17701
15627
13558
11626
9657
7078
4455
2091
-173
-1622
-2949
-4818
-6541
-8408
-10522
-11926
-12825
-13989
-14686
-15172
-15779
-15313
-14348
-12819
-10943
-9085
-6689
-4765
-2390
481
2791
5001
6917
8142
8786
9692
10422
10729
11046
10736
9986
9508
9341
9049
8827
8508
7635
6779
6236
5671
4989
4059
2686
1150
-195
-1178
-2013
-2731
-3199
-3695
-3652
-2623
-1535
-339
1120
2012
2820
4063
4919
5216
5063
4063
2462
995
-383
-2179
-4218
-6539
-9315
-11713
-13420
-14972
-16428
-17911
-19291
-20182
-20257
-19146
-17569
-15889
-13467
-10960
-8055
-3654
1012
5449
9815
12884
15221
17829
19762
20842
21222
20273
18401
16576
14769
12914
11222
9036
6223
3736
1524
-483
-1749
-3165
-5218
-7046
-8904
-10784
-11774
-12531
-13526
-14041
-14484
-14790
-13975
-12684
-11261
-9274
-7508
-5868
-3647
-1402
806
3079
4850
6044
7087
8098
8704
9249
9841
9442
8970
9019
8405
8204
8473
7815
7448
7179
6298
6057
5631
4533
3752
2563
1088
211
-621
-1383
-1761
-2136
-2404
-2024
-1026
261
1713
2981
3656
4245
5076
5668
5926
5643
4263
2393
722
-1079
-2806
-4544
-7073
-9807
-12036
-14200
-15749
-16646
-18124
-19544
-20346
-21006
-20494
-18622
-16794
-14700
-11939
-9391
-5832
-801
3857
8283
12273
14885
17369
19887
21312
22036
21832
20239
18258
16331
14167
12078
10125
7483
4675
2439
184
-1478
-2563
-4375
-6425
-8165
-10011
-11366
-11988
-12783
-13643
-14116
-14507
-14486
-13529
-11995
-10326
-8578
-6753
-4828
-2756
-424
2033
4216
6018
7365
8219
8890
9579
9979
9919
9615
9172
8563
8118
7849
7423
7032
6598
6043
5669
5299
4904
4236
3129
2068
964
-16
-306
-812
-1743
-1928
-2181
-2045
-657
416
1330
2295
2650
3318
4357
4827
4916
4260
2671
1173
-305
-1933
-3704
-6049
-8976
-11806
-14163
-16010
-17174
-18580
-19914
-20832
-21394
-20410
-18610
-16499
-13666
-11008
-8168
-3958
757
5253
9801
13335
15822
18256
20082
21137
21584
20771
19027
17048
14798
12673
10768
8644
6295
3838
1483
-484
-2027
-3405
-4973
-6734
-8527
-10211
-11395
-12127
-12893
-13662
-14151
-14250
-13795
-12667
-11126
-9488
-7614
-5512
-3382
-1011
1476
3642
5405
6636
7434
8024
8481
8884
8891
8433
7951
7286
6829
6969
6963
6909
6965
6564
6259
6299
6064
5515
4748
3660
2214
928
217
-531
-1273
-1575
-2099
-2053
-1001
-81
1031
2372
3028
3641
4735
5064
5079
4960
3613
1959
378
-1458
-3493
-5315
-7586
-10459
-12546
-14727
-16542
-17576
-18937
-19931
-20534
-20413
-19022
-17308
-14953
-11999
-9481
-6004
-1525
2721
7318
11375
14215
16723
18806
19988
20624
20628
19440
17665
15715
13593
11592
9750
7675
5286
3068
959
-859
-2148
-3647
-5501
-7360
-9301
-10953
-12033
-12959
-13717
-14220
-14514
-14255
-13316
-11934
-10215
-8303
-6302
-4223
-2119
141
2441
4318
5867
7116
7727
8215
8816
8958
8885
8768
8184
7717
7667
7393
7158
7149
6741
6323
6276
5862
5166
4614
3729
2608
1772
967
75
-609
-997
-1194
-1066
-344
584
1386
2462
3414
3964
4811
5492
5321
4905
3994
2234
615
-1004
-3234
-5636
-8164
-11040
-13568
-15545
-17412
-19024
-20399
-21333
-21820
-21317
-19598
-17979
-15701
-12681
-9925
-6318
-1712
2694
6916
10990
13917
16262
18592
20098
20822
20839
19828
18089
16253
14353
12299
10232
7826
5162
2790
674
-1112
-2521
-4183
-6010
-7682
-9411
-10748
-11531
-12351
-13132
-13637
-13941
-13817
-12985
-11625
-10071
-8294
-6316
-4323
-2111
306
2565
4538
6099
7216
7975
8512
9010
9207
8943
8584
8006
7363
7231
7208
6959
6868
6627
6072
5795
5607
5025
4363
3629
2513
1528
985
384
-204
-388
-540
-553
139
1041
1796
2816
3631
4035
4682
5071
4761
4340
3445
1848
420
-1059
-3170
-5417
-7747
-10479
-13000
-14972
-16902
-18769
-20133
-21185
-21804
-21208
-19743
-18113
-15681
-12679
-9758
-5789
-997
3268
7614
11706
14448
16899
19195
20344
20873
20763
19376
17558
15826
13802
11871
10036
7662
5167
2965
854
-815
-2185
-4005
-5986
-7834
-9784
-11234
-11978
-12860
-13776
-14200
-14386
-14123
-13021
-11543
-10023
-8320
-6385
-4299
-2095
351
2546
4021
5409
6615
7201
7940
8682
8666
8483
8283
7755
7370
7125
6914
6668
6351
6014
5579
5190
4780
4258
3470
2601
1805
923
395
16
-506
-738
-762
-412
571
1591
2471
3543
4265
4729
5628
6258
6016
5498
4435
2600
1230
-57
-2246
-4344
-6639
-9708
-11979
-13616
-15680
-17583
-19205
-20674
-21591
-21257
-19836
-18650
-16842
-14085
-11813
-8239
-3170
977
5440
9853
12402
15052
17851
19543
20562
20624
19546
17744
16020
14391
12600
11018
8771
6032
3857
1563
-6
-805
-2819
-4461
-5895
-8468
-9702
-10208
-11445
-12233
-12885
-13630
-13621
-13013
-11881
-10185
-8745
-7090
-4965
-2900
-558
1837
3637
4947
6077
6734
7251
7992
8213
7912
7740
7345
6782
6938
7022
6568
6525
6262
5652
5542
5260
4421
3575
2635
1509
617
165
-268
-774
-794
-715
-543
473
1744
2828
4044
4886
5290
5899
6573
6733
6474
5751
4061
2260
909
-988
-3076
-5142
-8051
-10829
-12995
-15075
-16721
-18317
-19949
-21089
-21785
-21224
-19688
-18117
-15661
-12956
-10503
-6543
-1903
2214
6714
10375
12649
15242
17538
18897
19888
19652
18199
16584
14841
13004
11370
9449
6957
4577
2547
728
-554
-1593
-3253
-5001
-6407
-8072
-9220
-9866
-11073
-12020
-12588
-13120
-12829
-11862
-10708
-9379
-7803
-6074
-4171
-2000
493
2640
4129
5569
6335
6938
7801
8192
8438
8201
7666
7262
6935
6959
6772
6296
5893
5185
4583
4524
4166
3495
2802
1766
704
183
91
-214
-401
-270
-469
-100
1362
2384
3417
4811
5093
5497
6589
6948
7035
6854
5589
3746
2314
782
-1254
-3102
-5755
-9059
-11617
-14028
-16021
-17493
-19345
-21000
-22039
-22252
-21134
-19312
-17315
-14807
-12312
-9391
-5036
-536
3755
8047
11120
13472
15909
17738
19040
19680
19003
17630
16099
14313
12634
11077
9067
6738
4584
2545
958
-37
-1358
-3069
-4665
-6462
-8059
-8893
-9766
-10905
-11739
-12467
-12932
-12511
-11547
-10412
-8947
-7504
-6028
-4097
-1873
434
2505
3999
5058
6010
6692
7405
8011
7938
7510
7095
6812
6505
6620
6482
6021
5974
5404
5117
4955
4329
3563
2596
1753
662
122
-130
-754
-872
-820
-685
256
1541
2579
3654
4505
5026
5843
6791
7207
6982
6321
4841
2996
1654
-33
-2173
-4356
-7259
-10365
-12856
-15060
-17066
-18709
-20247
-21612
-22222
-21630
-20086
-18346
-15947
-13197
-10701
-6803
-2118
2186
6794
10425
12907
15303
17263
18761
19579
19414
18174
16269
14409
12624
11062
9430
7207
4876
2658
749
-239
-1179
-2656
-4094
-5936
-7788
-8714
-9487
-10445
-11158
-12026
-12795
-12695
-11973
-10890
-9430
-7992
-6587
-4813
-2749
-572
1552
3196
4423
5489
6221
6925
7683
7859
7680
7561
7220
7013
7112
7036
6872
6694
6223
5654
5289
4761
3912
3168
2185
870
182
-276
-925
-1008
-1167
-1311
-436
789
2168
3630
4596
5254
6067
6945
7793
8069
7455
6305
4366
2705
1351
-660
-2654
-5365
-8681
-11320
-13665
-15657
-17272
-19167
-20964
-21987
-22257
-21200
-19307
-17688
-15297
-12729
-10027
-5459
-799
3454
7845
10854
13185
15784
17672
19003
19825
19003
17454
15883
14001
12506
11048
8977
6609
4293
2184
592
-442
-1639
-3228
-4864
-6638
-8237
-9137
-9920
-10825
-11588
-12482
-13084
-12752
-11895
-10692
-9154
-7854
-6482
-4561
-2467
-106
2219
3820
5053
6090
6884
7853
8549
8672
8577
8058
7609
7505
7542
7420
6900
6490
5789
5139
5168
4626
3719
2855
1524
413
-119
-423
-889
-1193
-1306
-1389
-540
962
2211
3442
4587
5137
5817
6988
7623
7669
7179
5751
3899
2409
573
-1388
-3391
-6717
-9893
-12516
-15097
-16937
-18397
-20020
-21546
-22322
-22362
-21056
-19074
-17208
-14509
-11884
-8875
-4263
373
4790
9221
12218
14582
17073
18732
19926
20298
19260
17477
15585
13632
11787
10268
8290
5840
3647
1763
221
-746
-1699
-3285
-4876
-6487
-8188
-9193
-10098
-11284
-12163
-13012
-13452
-12942
-12062
-10816
-9319
-7950
-6226
-4107
-1791
679
2785
4326
5456
6342
7150
7828
8342
8482
8139
7771
7433
7203
7198
6987
6660
6380
5854
5469
5246
4586
3749
2950
1848
775
154
-433
-1047
-1214
-1224
-1125
-214
1033
2094
3394
4540
5126
5989
6872
7130
7216
6698
5277
3657
2042
116
-2018
-4320
-7292
-10338
-12883
-15217
-16909
-18576
-20251
-21376
-22203
-21717
-20313
-18486
-16209
-13777
-10699
-7172
-2804
1864
6170
9825
12679
15213
17129
18750
19688
19659
18658
17020
15370
13432
11847
10167
7832
5533
3358
1432
231
-706
-2197
-3856
-5600
-7392
-8589
-9379
-10313
-11304
-12274
-13098
-13203
-12522
-11396
-10066
-8662
-7152
-5328
-3134
-821
1341
2940
4165
5131
5843
6672
7256
7512
7412
7035
6673
6302
6402
6422
6017
5865
5284
4733
4802
4601
4200
3661
2705
1607
953
666
319
87
-100
-375
-111
950
2184
3461
4707
5405
5952
6918
7699
7959
7926
6837
5028
3360
1574
-270
-2361
-4952
-7975
-10971
-13593
-15769
-17347
-19020
-20663
-21699
-22470
-21942
-20272
-18805
-16520
-13853
-11615
-7805
-3015
1108
5623
9514
12003
14765
17494
19099
20046
20445
18918
17089
15889
13513
11760
10291
7560
5298
3487
1508
300
-617
-2352
-3935
-5405
-7118
-8166
-9018
-10120
-11123
-12019
-12613
-12405
-11648
-10647
-9322
-7978
-6484
-4507
-2428
-360
1707
3240
4404
5502
6234
6869
7432
7443
7177
6703
6064
5851
5841
5574
5309
4863
4201
3933
3972
3847
3465
2751
1869
1060
514
423
224
-207
-322
-408
-105
1159
2509
3884
5235
5878
6577
7579
8276
8869
8784
7505
5736
3923
2144
408
-1549
-4270
-7581
-10637
-13336
-15427
-16728
-18411
-20267
-21392
-22366
-22267
-20580
-19047
-17368
-14846
-12479
-9266
-4368
192
4502
8806
11541
14117
17060
18947
20151
20417
19267
17490
15780
14044
12319
10755
8450
5843
3712
1932
814
-174
-1362
-2940
-4893
-6504
-7699
-8743
-9495
-10477
-11982
-12596
-12803
-12572
-11083
-9907
-8875
-7422
-5896
-3903
-1569
686
2458
3587
4581
5565
6305
7225
7854
7484
7072
6713
5942
5764
6005
5490
4964
4666
3931
3422
3411
3151
2475
1806
1125
194
-217
-121
-455
-518
-262
-256
611
2237
3514
4947
6145
6688
7563
8508
9076
9268
8678
7191
5313
3572
1583
-522
-2851
-5931
-8932
-11735
-14254
-16066
-17763
-19548
-21226
-22195
-22435
-21918
-20099
-18372
-16689
-14041
-11356
-7765
-2776
1765
5844
9645
12344
14865
17507
19334
20342
20327
19191
17579
15794
14032
12534
10802
8566
6257
3973
1953
674
-273
-1658
-3361
-5230
-7096
-8372
-9109
-9844
-10855
-11880
-12715
-13033
-12452
-11149
-9897
-8753
-7182
-5774
-3721
-1167
1073
3261
4367
5240
6133
6697
7388
7792
7723
7011
6401
5938
5613
5809
5670
5195
4769
4171
3692
3850
3793
3115
2412
1349
186
-90
0
-267
-257
-240
-484
285
1830
3025
4365
5422
5625
6283
7308
7792
7959
7186
5291
3273
1470
-138
-1884
-4150
-7124
-10557
-13369
-15467
-17103
-18198
-19786
-21386
-22074
-22220
-20853
-18620
-16850
-14396
-11867
-9075
-4440
252
4596
8997
11706
13872
16483
18278
19729
20502
19658
18139
16495
14642
13033
11581
9714
7309
4823
2498
646
-240
-1364
-2932
-4465
-6520
-8160
-9111
-9865
-10580
-11450
-12368
-13016
-12794
-11870
-10473
-8975
-7739
-6263
-4548
-2519
-31
2072
3393
4464
5212
5661
6485
7194
7172
6762
6243
5753
5540
5861
5959
5615
5435
4836
4460
4725
4611
4109
3319
2276
1207
498
416
198
-213
-162
-300
79
1517
2691
4068
5403
5843
6511
7386
7782
8105
7830
6278
4475
2549
495
-1102
-3004
-5595
-8440
-11276
-13923
-15736
-16892
-18369
-20043
-21293
-22073
-21847
-19934
-17903
-16084
-13573
-11387
-8332
-3498
1239
5669
9489
11860
14085
16520
18599
20209
20537
19673
18059
16398
15015
13517
12080
9897
7034
4564
2474
894
-171
-1619
-3560
-5537
-7443
-8691
-9449
-10035
-10797
-11929
-12759
-13057
-12512
-11334
-9819
-8447
-7346
-5718
-3937
-1789
723
2479
3532
4326
4862
5512
6515
7085
6856
6252
5556
5008
5159
5608
5457
5043
4528
3903
3877
4204
4095
3664
2833
1712
966
651
691
504
32
-283
-471
164
1510
3105
4531
5284
5954
6701
7506
8456
8696
8012
6633
4653
2865
1324
-502
-2700
-5504
-8560
-11391
-13780
-15360
-16716
-18311
-19867
-21192
-21802
-21500
-20253
-18499
-17080
-15184
-12576
-9752
-5433
-288
3917
8015
11507
14004
17052
19768
21219
21802
21225
19571
17799
16237
14348
12400
10133
7131
4380
2303
723
-283
-1345
-3179
-5205
-6952
-8412
-9090
-9540
-10613
-11775
-12844
-13571
-13072
-11950
-10862
-9611
-8592
-7365
-5327
-2997
-575
1394
2529
3555
4550
5479
6588
7211
7024
6578
6179
5976
6021
6173
6019
5383
5008
4746
4647
4963
4823
4296
3517
2669
1979
1315
981
441
-277
-442
-555
-230
1064
2220
3317
4582
5400
6172
7042
7821
8029
7554
6434
4708
3022
1248
-620
-2546
-4998
-8017
-10720
-12834
-14816
-16191
-17477
-19161
-20476
-21106
-20888
-19818
-18014
-16276
-14595
-12171
-9501
-5659
-715
3386
7283
10736
13118
15897
18624
20255
21048
20612
19136
17753
16428
14974
13484
11432
8711
5977
3680
1903
571
-816
-2716
-4888
-6911
-8492
-9489
-10190
-11040
-12051
-12950
-13418
-13164
-12216
-11087
-10127
-9128
-7941
-6459
-4375
-2013
-46
1411
2538
3657
4886
6015
6878
7105
6757
6540
6408
6369
6659
6624
6121
5786
5552
5360
5463
5566
5081
4256
3617
2760
1967
1792
1190
289
23
-418
-528
534
1531
2438
3726
4453
4939
5901
6679
7029
7048
6179
4522
2796
1024
-790
-2485
-4716
-7509
-10092
-12561
-14540
-15675
-16805
-18257
-19627
-20684
-20885
-20198
-18855
-16948
-15226
-13179
-10379
-6730
-1941
2604
6722
10330
12915
15513
18248
20231
21257
21252
19960
18375
16995
15412
13864
11939
9281
6557
4298
2402
867
-434
-2234
-4413
-6261
-7860
-9071
-9682
-10487
-11566
-12400
-13015
-13057
-12363
-11425
-10464
-9493
-8351
-6826
-4913
-2762
-831
643
1849
2977
4216
5444
6408
6841
6532
6218
6153
6021
6393
6630
6005
5685
5473
5114
5544
5835
5293
4620
3774
2857
2329
2214
1803
772
107
-423
-799
299
1601
2224
3350
4027
4283
5457
6529
6920
7013
6277
4719
3124
1715
149
-1684
-3678
-6311
-9224
-11378
-13272
-14769
-15799
-17368
-19008
-20144
-20605
-20045
-18447
-16677
-15113
-12995
-10571
-7407
-2818
1771
5925
9704
12223
14705
17530
19378
20682
21036
19931
18273
16670
15225
13726
12128
9812
6945
4535
2426
762
-337
-1899
-3990
-5810
-7529
-8953
-9639
-10366
-11442
-12320
-12976
-13243
-12662
-11681
-10744
-9698
-8605
-7291
-5414
-3247
-1198
512
1771
2877
4038
5177
6327
7061
6965
6642
6442
6125
6200
6542
6116
5509
5229
4743
4688
5150
4843
4084
3390
2376
1688
1473
1191
420
-327
-632
-1087
-539
742
1343
2463
3545
3920
5008
6205
6799
7313
7097
5997
4628
3224
1783
-40
-2151
-4618
-7500
-10068
-12012
-13744
-15351
-16665
-18111
-19422
-19621
-19400
-18861
-17183
-15807
-14435
-11766
-9190
-5783
-1315
2457
6203
9628
12381
15290
18007
19763
20504
20511
19641
18220
17067
15462
13343
11752
9090
6187
4584
2303
389
-792
-2992
-5054
-6457
-8215
-9506
-10130
-11359
-12314
-12731
-13320
-13164
-12405
-11714
-10692
-9429
-8139
-6376
-4387
-2452
-525
1019
2320
3601
4749
5820
6667
7081
7181
7171
7176
7141
7154
7026
6481
6003
5666
5243
5191
5121
4483
3801
2967
1914
1207
797
295
-326
-803
-1290
-1531
-955
-46
832
2130
3096
3609
4927
5828
6389
6967
6474
5303
3804
2511
877
-750
-2339
-4992
-7586
-9861
-11949
-13547
-14691
-15971
-17709
-18806
-19254
-19237
-18164
-16688
-15481
-13734
-11470
-8714
-4750
-523
3307
6993
10074
12873
15868
18261
19628
20126
19695
18633
17490
16092
14435
12698
10564
8066
5771
3853
2033
692
-807
-2879
-4815
-6310
-7727
-8950
-9445
-10751
-11753
-12421
-13075
-12434
-12205
-11321
-10419
-9742
-8299
-6674
-4337
-2480
-607
861
1885
3422
4702
5980
6928
7201
7015
7106
7270
7349
7617
7214
6327
5718
5204
4909
5044
4599
3662
2684
1546
972
589
199
-241
-1156
-1571
-1629
-1403
-335
475
1214
2252
3007
4135
5354
6243
6866
6876
6391
5424
4378
3027
1193
-420
-2603
-5194
-7265
-9508
-11639
-13188
-14729
-16286
-17633
-18493
-18833
-18678
-17488
-16073
-14737
-12374
-9982
-7237
-3027
687
4207
8050
10716
13343
16322
18201
19166
19586
18923
17785
16852
15499
13802
12161
9997
7531
5621
3688
1865
523
-1384
-3440
-5050
-6593
-7876
-8892
-9917
-11221
-12321
-12959
-13351
-12933
-12398
-11833
-10860
-9822
-8204
-6111
-4136
-2342
-473
662
2112
3994
4905
6270
7027
6947
7154
7263
7385
7458
7767
7306
6697
6587
5989
5851
5954
5293
4515
3572
2328
1461
783
294
-346
-1003
-1303
-1733
-1370
-491
220
1327
2258
2904
3727
4802
5733
6273
6462
5861
4630
3581
2367
805
-678
-2997
-5819
-8084
-10363
-12308
-13623
-15288
-17147
-18516
-19369
-19560
-18744
-17321
-16085
-14414
-12119
-9669
-5943
-1745
1861
5760
8899
11470
14543
16940
18692
19732
19456
18666
17783
16689
15227
13500
11353
8638
6202
4180
2421
1077
-529
-2476
-4251
-5894
-7140
-8021
-8918
-10074
-11425
-12261
-12706
-12623
-11830
-11464
-11248
-10544
-9504
-7701
-5436
-3249
-1599
-383
988
2483
4354
5974
6902
7333
7216
7194
7695
8181
8507
8447
7419
6915
6483
6077
6625
5888
4728
3473
1892
1036
398
-78
-1200
-2431
-3164
-3700
-3309
-2235
-1600
-975
54
733
1866
3482
4630
5433
5996
6115
5815
5666
5224
4229
3046
1323
-723
-2485
-4332
-6357
-8079
-10100
-12252
-13854
-15438
-16843
-17584
-18116
-18343
-17582
-16399
-14961
-12447
-9858
-6984
-3104
360
4070
7887
10745
13741
16379
18251
19714
20106
19661
18807
17662
16306
14679
12845
10452
7911
5760
3620
1996
445
-1665
-3545
-5493
-7247
-8338
-9556
-10828
-12134
-13426
-14180
-14367
-14061
-13583
-12924
-12004
-10819
-8981
-6786
-4552
-2282
-216
1550
3370
5141
6446
7559
8290
8479
8723
9058
9028
8961
8793
8108
7523
7129
6604
6064
5368
4143
2780
1469
156
-956
-2085
-2967
-4341
-5157
-5210
-5728
-4918
-4145
-3765
-2436
-1117
300
2161
3974
4998
6034
6881
7129
7623
7657
7005
6075
4797
3320
2000
562
-1191
-3149
-5312
-7401
-9230
-10754
-12281
-13860
-15359
-16482
-16995
-16766
-15778
-14843
-13485
-11442
-9293
-6068
-2403
757
4050
6914
9475
12246
14667
16448
17520
17687
17131
16509
15645
14487
13150
11153
8908
6997
5158
3567
2364
533
-1507
-3255
-5137
-6567
-7627
-8873
-10459
-11818
-13002
-13950
-13840
-13536
-13264
-12552
-11737
-10509
-8456
-5991
-3461
-952
1117
3004
5062
6959
8730
10265
10971
11143
11327
11246
11145
11239
10644
9535
8564
7285
5985
5124
3952
2226
636
-1057
-2898
-4200
-5285
-6680
-8047
-8927
-9981
-10529
-10101
-9882
-9429
-8386
-7253
-6175
-4010
-1857
-382
2000
3645
4978
6964
8286
9241
10107
10179
9835
9729
9048
8416
7472
5952
4685
2956
1647
601
-966
-2281
-3588
-5051
-6019
-6563
-7238
-8063
-8823
-9586
-10305
-10293
-10201
-10488
-10291
-10329
-10321
-8985
-7338
-5945
-3723
-1791
-253
2655
5357
7576
10174
11797
12676
13768
14479
14572
14574
13612
11731
10082
8028
5800
4085
1908
-577
-2473
-4337
-5950
-6813
-7743
-8660
-9173
-9593
-9772
-9635
-9493
-9389
-9200
-8733
-7916
-6789
-5351
-3790
-2145
-304
1759
3944
6007
7914
9498
10571
11537
12263
12377
12259
11683
10388
9047
7608
5762
4017
2321
366
-1386
-2737
-4045
-5188
-5885
-6619
-7376
-7635
-7899
-8264
-8275
-8276
-8415
-8298
-7988
-7654
-7232
-6413
-5380
-4517
-2908
-1353
-137
1987
3525
4815
6759
7842
8536
9574
9872
9683
9745
9084
7974
7007
5620
4174
2927
1655
365
-775
-1731
-2624
-3345
-3814
-4309
-4858
-5150
-5438
-5746
-5708
-5656
-5718
-5500
-5244
-5003
-4409
-3735
-3102
-2263
-1426
-719
85
894
1451
1945
2446
2589
2581
2656
2425
2087
1932
1543
1103
950
731
573
766
933
1096
1477
1772
2036
2417
2668
2822
2905
2753
2555
2342
2006
1692
1331
833
446
170
-131
-275
-303
-477
-573
-494
-502
-435
-313
-467
-652
-779
-1065
-1185
-1210
-1515
-1775
-1960
-2331
-2447
-2290
-2270
-2133
-1950
-1981
-1817
-1513
-1384
-1201
-1093
-1212
-1173
-924
-671
-377
-21
233
476
969
1455
1853
2370
2606
2624
2958
3224
3285
3472
3485
3202
2960
2759
2475
2099
1638
1065
449
-99
-623
-1075
-1440
-1862
-2228
-2495
-2806
-3078
-3318
-3574
-3781
-3953
-4026
-4028
-4097
-4091
-4050
-4088
-3989
-3821
-3730
-3460
-3060
-2640
-1909
-968
-71
1024
2238
3296
4456
5691
6663
7513
8277
8716
8984
9195
9145
8873
8462
7787
6932
6044
5034
3897
2741
1518
209
-1071
-2342
-3663
-4966
-6221
-7445
-8601
-9637
-10432
-10989
-11288
-11172
-10793
-10229
-9243
-7978
-6516
-4664
-2723
-896
1046
2874
4417
5899
7116
7851
8298
8409
8095
7624
7038
6188
5291
4415
3404
2476
1776
1075
409
-141
-757
-1358
-1744
-2063
-2431
-2739
-3085
-3446
-3533
-3449
-3312
-2992
-2777
-2603
-2089
-1519
-824
194
967
1567
2270
2782
3264
3718
3860
3808
3441
2807
2264
1657
939
225
-632
-1557
-2349
-3022
-3570
-4002
-4431
-4870
-5154
-5252
-5174
-4857
-4467
-4110
-3676
-3215
-2671
-1899
-1042
-135
897
1925
2969
4110
5194
6187
7106
7780
8231
8564
8676
8565
8259
7661
6813
5817
4655
3396
2117
763
-637
-2002
-3313
-4496
-5478
-6294
-6940
-7383
-7647
-7689
-7473
-7112
-6644
-6090
-5540
-4937
-4246
-3567
-2866
-2144
-1481
-790
-43
653
1356
2054
2621
3121
3606
3994
4362
4686
4810
4742
4535
4192
3795
3361
2831
2233
1614
991
452
72
-232
-526
-777
-991
-1221
-1355
-1375
-1428
-1446
-1420
-1491
-1470
-1307
-1187
-1012
-813
-719
-602
-448
-279
-65
93
194
250
236
179
57
-157
-431
-771
-1137
-1490
-1796
-2026
-2189
-2287
-2297
-2194
-1949
-1606
-1173
-652
-120
420
949
1408
1862
2322
2698
3003
3230
3336
3368
3375
3343
3285
3213
3085
2879
2615
2288
1904
1505
1058
541
19
-478
-966
-1431
-1873
-2337
-2790
-3166
-3443
-3589
-3603
-3533
-3417
-3248
-3021
-2743
-2402
-2034
-1689
-1345
-1022
-754
-476
-173
128
441
731
1020
1352
1650
1895
2096
2182
2192
2190
2130
2038
1913
1691
1422
1146
847
572
321
60
-161
-340
-510
-619
-670
-707
-742
-793
-842
-844
-784
-673
-541
-418
-303
-208
-121
-13
90
156
179
129
19
-117
-265
-398
-539
-655
-699
-766
-779
-682
-626
-560
-432
-355
-252
-113
3
190
416
648
938
1219
1458
1659
1774
1823
1825
1783
1724
1650
1572
1487
1371
1223
1027
789
529
246
-63
-400
-769
-1151
-1496
-1754
-1934
-2048
-2095
-2105
-2081
-2008
-1901
-1753
-1574
-1395
-1219
-1041
-862
-651
-390
-82
252
567
838
1045
1158
1185
1174
1155
1129
1081
1017
941
858
770
667
542
398
240
82
-60
-186
-300
-396
-462
-515
-560
-585
-579
-517
-399
-265
-158
-99
-78
-95
-144
-186
-190
-170
-125
-55
9
62
105
110
69
-23
-167
-337
-513
-671
-800
-892
-940
-955
-939
-887
-803
-702
-589
-452
-292
-119
85
332
622
921
1167
1380
1567
1664
1693
1709
1698
1679
1669
1645
1606
1541
1457
1374
1264
1102
907
665
371
52
-284
-621
-924
-1181
-1397
-1559
-1676
-1771
-1837
-1857
-1820
-1726
-1597
-1472
-1351
-1208
-1041
-845
-619
-405
-223
-63
80
225
381
546
723
888
996
1025
994
932
861
804
761
723
697
678
639
565
461
336
185
5
-181
-363
-523
-619
-665
-700
-737
-777
-796
-774
-727
-649
-554
-472
-394
-300
-204
-110
-19
51
91
113
103
35
-75
-204
-330
-430
-483
-467
-387
-257
-107
39
169
289
395
490
578
643
685
736
787
813
837
863
889
926
962
967
959
952
949
950
936
887
783
636
455
237
-3
-227
-433
-629
-815
-981
-1118
-1208
-1247
-1256
-1255
-1230
-1179
-1113
-1034
-923
-776
-608
-437
-274
-162
-95
-43
8
76
160
226
270
305
361
481
651
818
958
1052
1084
1056
972
854
712
533
315
83
-123
-284
-428
-561
-647
-718
-789
-845
-893
-927
-947
-965
-961
-937
-899
-839
-787
-739
-664
-589
-513
-430
-323
-188
-35
133
294
428
551
656
741
827
897
942
963
941
891
844
800
759
718
672
613
539
474
438
422
410
404
406
396
358
296
206
74
-73
-204
-315
-390
-422
-445
-466
-472
-488
-535
-586
-610
-620
-609
-562
-512
-468
-396
-315
-207
-58
57
121
165
177
187
210
227
261
309
370
438
495
552
607
636
649
665
679
669
618
525
389
228
79
-46
-158
-267
-367
-466
-573
-692
-812
-904
-953
-956
-932
-910
-888
-873
-877
-887
-910
-935
-953
-975
-970
-920
-839
-699
-515
-340
-168
13
186
358
519
646
745
820
869
905
929
931
929
926
926
950
1000
1051
1078
1061
1010
941
867
801
744
676
598
508
410
317
204
58
-95
-255
-417
-538
-600
-607
-590
-594
-620
-645
-656
-647
-623
-592
-555
-522
-497
-483
-498
-521
-526
-514
-468
-391
-304
-207
-112
-49
-7
14
21
20
14
35
120
248
371
465
536
568
554
516
501
505
517
543
587
633
667
683
660
587
482
351
200
50
-75
-180
-284
-384
-487
-590
-700
-811
-906
-973
-1020
-1056
-1084
-1095
-1080
-1031
-958
-880
-812
-758
-703
-622
-513
-397
-285
-176
-80
4
95
218
372
556
739
888
995
1053
1067
1071
1084
1111
1148
1191
1213
1191
1135
1060
972
871
757
632
520
421
316
211
101
-22
-156
-283
-399
-510
-623
-737
-843
-913
-936
-924
-902
-885
-880
-875
-847
-785
-702
-624
-568
-540
-533
-505
-428
-298
-144
4
121
203
272
357
448
526
583
620
633
635
648
683
715
726
707
668
619
548
434
304
179
47
-100
-212
-260
-277
-310
-361
-434
-541
-643
-699
-722
-744
-761
-764
-746
-705
-652
-605
-562
-514
-458
-384
-280
-166
-68
17
88
174
288
392
496
607
696
747
759
756
767
794
843
901
932
928
887
808
713
615
537
470
397
342
282
180
68
-40
-160
-296
-435
-569
-699
-829
-946
-1037
-1110
-1167
-1200
-1184
-1135
-1053
-942
-850
-777
-690
-595
-481
-352
-234
-125
-25
67
163
247
326
415
519
635
753
861
946
1005
1049
1083
1118
1162
1192
1196
1169
1104
996
862
720
574
434
308
189
64
-75
-233
-382
-501
-613
-719
-826
-936
-1026
-1098
-1146
-1186
-1228
-1221
-1189
-1183
-1151
-1119
-1113
-1061
-969
-867
-757
-645
-512
-356
-206
-60
60
152
246
355
475
592
696
793
897
1004
1104
1195
1282
1337
1349
1331
1275
1207
1158
1118
1093
1073
1026
937
796
615
422
229
25
-177
-350
-482
-603
-712
-796
-860
-911
-945
-974
-1035
-1134
-1233
-1305
-1341
-1324
-1254
-1154
-1055
-975
-908
-836
-756
-665
-559
-443
-328
-216
-100
14
125
256
408
593
802
992
1150
1281
1361
1399
1414
1419
1422
1399
1339
1253
1131
984
852
741
634
531
441
338
197
28
-162
-365
-561
-730
-862
-962
-1038
-1098
-1135
-1147
-1155
-1174
-1171
-1141
-1090
-1000
-875
-746
-644
-592
-539
-477
-423
-313
-160
-25
107
234
321
401
477
547
628
718
802
866
924
986
1028
1035
1012
972
908
803
666
519
376
254
165
85
1
-76
-132
-188
-263
-343
-423
-503
-575
-618
-628
-610
-579
-547
-519
-486
-444
-395
-349
-321
-308
-293
-263
-218
-169
-130
-104
-84
-52
-5
53
110
159
186
196
201
214
227
247
267
286
308
329
334
318
289
264
244
235
234
221
186
136
75
9
-47
-80
-95
-98
-96
-102
-124
-142
-147
-152
-164
-178
-187
-183
-162
-131
-105
-91
-90
-90
-77
-65
-65
-74
-82
-94
-104
-108
-103
-90
-69
-45
-12
47
122
186
238
277
287
264
219
177
146
130
121
110
97
77
48
20
3
-11
-42
-90
-137
-176
-202
-203
-179
-151
-128
-100
-64
-37
-25
-14
-1
16
37
60
68
56
37
29
36
47
54
53
42
20
-5
-19
-12
8
36
67
81
68
37
13
17
39
60
75
74
55
21
-6
-26
-35
-33
-19
3
23
32
14
-21
-61
-97
-126
-147
-161
-161
-145
-119
-97
-83
-78
-87
-100
-103
-101
-95
-91
-86
-78
-64
-40
-15
1
14
26
39
53
63
75
82
77
69
76
98
126
147
159
155
135
114
115
134
143
133
110
79
34
3
-5
-4
-1
9
28
51
78
98
103
101
102
99
82
55
31
14
-4
-22
-36
-46
-59
-77
-98
-119
-138
-157
-172
-173
-164
-150
-147
-155
-171
-185
-200
-211
-213
-200
-178
-149
-115
-74
-30
10
39
51
47
34
18
6
7
28
67
116
160
189
205
213
212
202
186
175
172
171
161
144
126
111
99
89
81
73
58
32
0
-34
-61
-74
-70
-55
-42
-45
-62
-84
-102
-110
-108
-103
-101
-107
-116
-127
-139
-151
-161
-167
-169
-165
-152
-130
-109
-93
-77
-59
-35
-5
19
36
44
53
63
73
85
102
129
161
189
208
218
220
211
197
183
169
154
138
127
124
123
120
114
98
70
38
13
-9
-32
-60
-81
-92
-96
-100
-105
-114
-125
-139
-155
-170
-178
-186
-191
-192
-189
-179
-159
-134
-109
-96
-100
-113
-126
-130
-126
-115
-101
-87
-74
-61
-54
-41
-21
13
54
90
112
116
106
87
70
63
76
106
148
191
231
261
277
276
267
250
223
191
154
122
101
95
97
100
90
73
51
30
7
-15
-37
-56
-83
-116
-152
-182
-204
-211
-205
-196
-193
-197
-204
-206
-205
-205
-199
-187
-172
-154
-131
-102
-68
-33
3
47
93
136
166
180
185
183
176
171
172
178
184
185
181
173
158
137
116
97
78
57
36
19
6
-3
-14
-26
-41
-55
-64
-71
-76
-86
-93
-100
-104
-105
-105
-109
-113
-120
-127
-129
-122
-108
-90
-77
-77
-81
-87
-89
-85
-71
-57
-41
-20
-1
18
32
43
51
59
69
77
84
89
90
94
96
99
102
103
103
103
100
100
95
86
80
68
55
47
31
17
7
-10
-25
-38
-56
-64
-68
-73
-75
-80
-89
-95
-101
-100
-96
-83
-64
-41
-14
11
35
58
75
81
72
50
27
14
9
20
33
42
47
44
36
27
25
30
42
57
66
62
48
21
-9
-31
-50
-61
-60
-59
-53
-43
-41
-37
-36
-42
-46
-48
-51
-55
-64
-76
-87
-85
-72
-52
-30
-12
-3
-4
-14
-27
-32
-22
-6
11
24
37
48
63
76
86
87
78
61
46
37
34
39
45
49
50
51
56
60
58
44
26
7
-6
-22
-39
-49
-48
-43
-39
-40
-43
-44
-44
-47
-52
-60
-65
-66
-61
-51
-37
-25
-11
1
10
17
24
32
37
40
35
33
36
43
56
70
82
84
78
62
45
29
19
16
17
20
16
9
-6
-23
-36
-43
-45
-45
-44
-41
-39
-40
-43
-45
-45
-43
-41
-42
-43
-41
-33
-27
-24
-20
-11
-1
6
10
16
26
35
37
32
24
16
5
-4
-12
-15
-9
3
18
30
35
31
24
17
15
12
8
2
2
15
37
57
65
56
37
13
-10
-27
-38
-43
-40
-35
-27
-18
-9
-1
6
6
2
-7
-19
-31
-41
-48
-51
-47
-41
-31
-21
-11
-5
-2
-2
-4
-3
1
11
22
30
32
31
32
37
43
45
42
36
31
29
27
23
18
13
7
0
-9
-16
-18
-15
-5
2
7
8
6
4
-2
-10
-20
-24
-26
-21
-17
-17
-20
-22
-23
-19
-12
-9
-10
-14
-19
-22
-23
-22
-18
-15
-6
0
3
-2
-11
-14
-11
-5
1
2
3
2
2
3
3
6
9
18
28
38
46
51
53
50
46
43
42
45
46
42
31
20
11
10
13
16
14
4
-8
-23
-31
-34
-31
-27
-26
-32
-43
-54
-62
-65
-65
-62
-58
-53
-47
-40
-34
-28
-24
-20
-17
-13
-9
-7
-3
6
17
26
36
42
44
41
35
28
21
17
19
22
27
33
35
33
31
27
23
22
23
24
22
19
11
4
-3
-7
-9
-13
-19
-24
-25
-23
-15
-8
-3
-4
-12
-21
-29
-33
-37
-39
-38
-33
-25
-15
-8
-2
3
11
19
26
27
24
18
15
16
17
21
23
27
32
37
37
30
20
10
4
3
5
7
8
6
6
6
11
14
15
12
2
-14
-33
-49
-58
-61
-54
-44
-34
-31
-30
-35
-44
-50
-53
-49
-39
-26
-13
0
13
26
37
44
44
40
37
36
38
41
44
46
50
54
56
52
40
22
3
-14
-25
-29
-28
-24
-19
-13
-11
-9
-11
-13
-12
-10
-6
-6
-10
-14
-19
-23
-27
-31
-35
-38
-40
-38
-32
-23
-12
-1
8
11
9
3
-2
-1
6
18
29
36
33
32
30
29
27
24
20
18
20
22
25
27
28
29
27
24
18
11
3
-8
-20
-30
-33
-25
-10
3
11
9
-1
-13
-28
-39
-47
-48
-43
-35
-26
-22
-19
-18
-17
-13
-10
-9
-12
-17
-21
-20
-13
-1
14
26
35
37
36
34
33
34
36
36
34
29
22
18
17
18
19
16
7
-4
-15
-21
-23
-23
-24
-25
-23
-21
-16
-10
-6
-4
-2
-2
-5
-8
-11
-14
-15
-14
-9
-5
0
3
4
4
2
-3
-8
-10
-12
-8
-2
5
8
9
8
5
5
6
5
5
5
4
4
6
7
8
7
7
6
4
4
5
4
7
6
4
1
-1
3
9
16
18
13
4
-4
-8
-5
1
1
-2
-7
-8
-6
0
5
4
2
-2
-7
-9
-9
-7
-3
2
4
5
6
4
4
3
0
-2
-3
-4
-7
-10
-14
-18
-20
-21
-22
-21
-20
-15
-9
-7
-7
-8
-9
-7
-5
-2
-2
2
7
11
15
17
18
17
17
15
11
7
3
2
3
9
12
15
15
12
7
3
0
-1
1
3
5
9
12
17
19
17
11
3
-4
-7
-7
-4
-1
-1
-4
-8
-13
-17
-19
-21
-20
-18
-13
-6
2
8
11
12
12
12
10
6
3
-4
-9
-12
-11
-8
-7
-8
-11
-12
-12
-8
-9
-7
-6
-1
6
14
19
16
12
8
7
7
5
2
0
-2
-2
1
-1
-1
-1
-2
-5
-7
-8
-8
-8
-8
-9
-8
-6
-2
5
10
11
10
5
2
1
1
3
2
1
0
0
0
1
0
0
-1
-2
-1
0
-1
-2
-7
-12
-16
-18
-13
-6
4
15
23
27
25
17
7
-4
-11
-14
-12
-7
-2
5
9
11
12
12
10
5
-3
-11
-17
-21
-23
-20
-17
-13
-8
-3
1
3
3
3
3
4
5
7
8
8
7
6
4
3
3
6
9
11
11
10
8
5
4
5
6
7
8
6
4
0
0
0
-1
-3
-2
0
3
0
-1
-1
1
1
-1
-1
-3
-7
-9
-12
-13
-12
-11
-10
-10
-10
-10
-7
-7
-7
-6
-4
-3
-1
0
1
1
0
0
-2
-5
-7
-6
-2
3
8
9
9
6
4
3
2
2
3
4
6
9
11
13
14
13
11
9
6
4
3
2
2
2
2
1
-2
-5
-7
-7
-9
-9
-10
-14
-14
-13
-11
-10
-11
-11
-11
-12
-11
-10
-7
-2
7
13
19
21
22
21
18
12
7
2
1
2
7
11
13
15
14
10
5
-1
-6
-10
-13
-16
-16
-14
-12
-9
-5
-3
0
-1
-2
-4
-5
-5
-6
-5
-5
-5
-6
-6
-4
-2
0
3
6
7
8
6
4
2
-2
-1
-2
-2
-1
-1
-1
0
0
-1
-1
2
5
9
11
11
10
11
12
14
16
17
15
12
7
2
-1
-3
-3
-6
-9
-14
-18
-17
-13
-7
-2
-1
-6
-13
-19
-21
-20
-18
-12
-6
0
3
5
4
2
-1
-1
-3
-3
-2
0
3
6
8
9
6
4
1
2
4
7
10
13
17
18
20
19
16
15
12
8
4
1
-2
-5
-5
-4
-3
-3
-1
-4
-8
-16
-21
-24
-23
-19
-14
-8
-5
-3
-2
-2
-2
-4
-7
-8
-7
-3
-1
2
3
1
-1
-2
-1
1
5
8
12
12
12
11
10
9
8
8
9
10
9
10
8
5
4
2
1
1
0
-1
-3
-5
-6
-8
-10
-12
-9
-8
-6
-5
-6
-6
-8
-8
-5
-4
-1
1
1
0
2
2
2
1
0
-3
-3
-3
-2
0
1
1
0
-1
-3
-5
-5
-5
-1
3
7
11
14
15
13
9
6
4
5
3
4
6
8
13
15
15
12
8
3
0
-2
-3
-5
-7
-9
-11
-14
-17
-20
-21
-21
-19
-17
-15
-15
-14
-12
-8
-5
-3
-3
-2
-4
-6
-4
0
2
6
12
19
21
17
10
8
5
2
-2
-3
-3
0
4
10
16
20
21
22
22
21
18
16
9
3
0
-2
-2
0
2
2
2
-2
-7
-11
-15
-17
-17
-17
-15
-15
-13
-13
-10
-9
-8
-8
-10
-12
-11
-10
-8
-5
-3
-4
-3
1
4
7
8
7
7
5
4
1
2
5
11
17
19
17
14
9
5
2
4
5
8
8
4
1
-3
-4
-3
-2
-2
-5
-8
-11
-13
-10
-9
-6
-4
-3
-2
-1
0
1
-3
-5
-9
-12
-13
-14
-9
-7
-2
2
7
10
11
11
10
10
11
11
12
8
3
-2
-7
-9
-8
-5
-3
-1
1
2
2
3
3
4
6
6
8
7
7
6
4
0
-4
-8
-9
-8
-7
-5
-4
-4
-2
1
4
6
5
6
6
7
5
5
2
0
-1
-3
-3
-2
-1
1
3
5
5
3
1
-3
-6
-8
-9
-8
-3
0
4
7
7
6
4
2
1
1
1
1
2
1
2
2
1
1
1
-1
-1
-3
-5
-7
-10
-12
-12
-11
-8
-5
-3
-1
-1
-4
-3
-5
-7
-6
-6
-5
-5
-5
-5
-4
-3
-1
0
1
2
1
0
1
2
3
4
5
5
5
5
4
6
7
9
10
10
10
8
8
7
6
4
3
0
0
-1
-2
0
0
1
4
5
5
3
1
0
0
2
3
5
5
4
3
2
0
1
1
2
-1
-5
-9
-11
-11
-10
-9
-7
-5
-2
-1
-1
-3
-6
-9
-11
-13
-15
-17
-16
-11
-5
2
7
8
7
5
2
1
1
2
4
5
7
8
7
4
2
-1
-3
-5
-4
-3
0
2
4
7
8
9
10
11
9
7
2
1
3
5
8
9
7
5
2
-1
-1
-1
-1
-3
-4
-6
-6
-6
-8
-9
-11
-12
-11
-8
-5
-2
0
1
2
1
2
1
-1
-1
-1
0
1
0
-1
-2
-3
-3
-3
-1
0
2
2
2
2
2
0
0
1
3
5
6
9
8
8
8
8
9
10
12
12
10
7
3
-2
-7
-7
-7
-5
-4
-5
-5
-6
-6
-6
-5
-5
-6
-7
-10
-13
-13
-12
-10
-7
-2
-1
0
0
0
0
0
2
4
6
8
10
12
13
14
14
12
10
8
7
7
7
6
3
0
-3
-4
-6
-7
-10
-14
-17
-20
-20
-20
-19
-19
-18
-16
-13
-7
0
8
15
20
21
19
17
13
13
13
15
15
14
13
11
8
4
1
0
-1
-3
-4
-3
-1
-3
-7
-5
1
5
7
6
4
0
-4
-7
-9
-10
-9
-12
-15
-17
-18
-16
-14
-15
-17
-20
-21
-18
-13
-9
-3
3
9
13
14
14
13
16
17
18
18
21
24
27
27
22
14
5
0
-2
-3
-3
-7
-13
-17
-17
-12
-5
0
3
4
2
0
-3
-6
-8
-8
-9
-8
-8
-9
-8
-8
-2
4
8
10
8
4
-2
-7
-10
-8
-5
0
6
9
9
9
9
9
9
8
6
3
1
3
2
2
0
-2
-2
-1
1
1
2
0
-2
-3
-3
-1
2
5
6
4
1
-3
-5
-5
-2
1
4
4
2
-3
-7
-9
-10
-11
-12
-14
-16
-18
-20
-20
-18
-14
-9
-4
1
5
9
13
14
15
15
14
11
10
7
6
8
11
15
18
19
16
12
8
4
1
0
0
-1
-1
0
0
0
-2
-2
-6
-9
-12
-12
-11
-9
-7
-6
-6
-7
-6
-5
-3
-1
1
2
2
2
1
0
-4
-8
-12
-11
-7
-3
0
-1
-3
-4
-5
-5
-5
-3
-1
1
3
2
1
2
4
7
10
11
12
10
9
10
9
10
8
6
5
4
4
3
1
2
2
3
4
5
6
8
8
8
5
-1
-7
-10
-12
-14
-16
-15
-9
-4
-3
-3
-5
-7
-8
-7
-3
2
4
3
0
-2
-4
-4
-4
-4
-5
-4
-5
-4
-2
-1
0
1
4
8
12
14
13
11
5
2
0
-1
0
1
3
6
7
8
4
1
-6
-12
-16
-18
-22
-21
-18
-14
-8
-1
5
9
11
11
9
6
4
3
2
4
9
13
15
18
15
12
7
1
-5
-11
-16
-18
-17
-14
-11
-6
0
6
12
16
16
13
8
2
-2
-5
-7
-6
-3
0
5
7
8
7
1
-5
-10
-16
-20
-22
-20
-19
-13
-9
-5
-4
-4
-3
-5
-4
-3
-1
1
-1
0
5
12
17
21
21
17
14
5
1
-1
1
3
7
11
17
18
19
21
19
15
9
2
-4
-12
-17
-20
-21
-17
-14
-10
-6
-7
-8
-9
-9
-7
-8
-6
-3
-2
0
0
-2
-5
-6
-2
3
8
12
14
14
13
10
6
1
-5
-6
-5
-5
-1
1
2
4
5
7
7
8
9
9
9
9
6
4
-1
-4
-6
-7
-7
-7
-8
-9
-10
-12
-11
-10
-9
-9
-10
-10
-10
-7
-4
-2
-2
-4
-8
-9
-8
-3
2
7
11
14
13
11
8
6
6
7
9
10
8
4
1
-1
-1
-1
-4
-6
-7
-8
-6
-2
4
9
13
15
17
17
16
13
9
6
3
2
2
5
5
6
6
3
1
-4
-10
-14
-18
-21
-24
-27
-27
-26
-22
-15
-9
-5
-6
-6
-9
-9
-8
-4
-3
1
2
3
4
4
