SAMPLES:	9138
BITSPERSAMPLE:	16
CHANNELS:	1
SAMPLERATE:	16000
NORMALIZED:	FALSE
-2
2
5
8
10
10
10
7
4
0
-3
-6
-9
-8
-7
-4
0
3
5
8
7
6
4
2
0
0
0
1
3
5
6
5
4
1
-2
-4
-4
-2
0
1
5
7
7
7
7
6
5
3
2
-1
-3
-4
-5
-5
-4
-5
-6
-5
-5
-4
0
1
1
-3
-5
-8
-8
-9
-8
-8
-9
-8
-7
-4
-2
1
4
5
8
8
8
8
9
9
8
9
9
8
5
2
2
2
5
5
5
2
0
-4
-7
-9
-11
-8
-6
-4
-3
0
1
3
4
6
6
6
4
2
0
-2
-2
-3
-2
-4
-5
-7
-8
-9
-9
-7
-4
-3
-1
-1
0
-1
-1
-1
-1
0
1
2
3
4
5
6
6
6
5
4
3
2
2
2
3
2
2
1
-1
-1
-1
-1
-1
-1
-1
-1
-1
0
2
4
5
4
1
-2
-5
-8
-9
-8
-6
-4
-2
0
1
1
1
0
0
-1
-1
0
1
2
3
4
5
5
5
4
3
3
2
2
2
3
0
0
0
1
1
3
4
4
5
2
1
-1
-2
-3
-4
-3
-2
-2
-2
-2
-3
-4
-6
-7
-8
-9
-8
-7
-5
-2
-1
1
2
2
2
1
0
-2
-2
-2
-3
-2
-2
-1
-2
-1
0
1
1
2
3
3
4
2
1
0
-2
-2
-3
-2
-1
0
1
3
4
3
4
4
5
5
6
6
6
5
4
3
3
1
1
0
0
0
1
0
-1
-2
-2
-2
-2
-2
-1
0
0
-1
-2
-2
-1
-2
-1
2
2
4
4
5
2
0
-2
-5
-6
-7
-8
-8
-7
-5
-4
-2
0
1
2
3
3
1
1
1
-2
0
1
1
2
3
3
2
2
1
0
-1
-1
-2
-1
1
2
4
5
5
2
-1
-4
-6
-6
-4
-2
1
3
4
5
4
4
3
3
2
3
3
2
2
2
1
0
-1
-1
-1
-1
-2
-2
-3
-4
-3
-1
0
1
2
2
1
0
0
-1
1
3
3
4
3
2
-1
-2
-3
-3
-1
0
3
5
8
8
8
6
4
0
-4
-7
-10
-11
-11
-11
-9
-10
-8
-7
-6
-6
-5
-5
-4
-2
-1
1
3
5
6
7
7
6
6
5
5
6
7
7
7
6
4
1
-1
-4
-8
-9
-13
-14
-17
-16
-13
-9
-4
0
1
1
0
-4
-4
-2
2
6
10
13
13
11
8
6
4
3
2
2
0
0
1
-1
-1
1
2
2
2
2
1
0
-1
-1
-2
-1
-1
0
1
1
2
0
0
0
0
2
1
0
-1
-1
-2
-3
-5
-4
-4
-3
-1
-1
-2
-1
-1
0
1
0
3
6
9
12
14
13
11
10
9
8
5
0
-6
-11
-15
-15
-15
-12
-9
-5
-2
-1
0
-1
-1
-2
-4
-2
-2
0
1
1
0
-1
-3
-5
-6
-6
-5
-3
0
2
4
5
4
3
1
0
-2
-4
-5
-6
-7
-6
-5
-2
1
4
5
5
5
1
-1
-2
-2
-1
1
4
7
7
8
8
8
7
5
3
2
-1
0
-1
-3
-4
-4
-4
-3
-2
0
2
2
3
2
2
0
-1
-1
-1
0
0
0
-1
-3
-5
-6
-6
-5
-4
-3
-3
-4
-5
-5
-4
-2
-1
0
-1
0
-1
0
1
3
5
7
7
7
8
6
6
5
5
5
4
4
4
5
2
3
4
2
3
2
2
1
1
1
1
0
1
1
1
0
1
-1
0
-1
-2
-4
-6
-9
-10
-11
-13
-14
-14
-13
-12
-8
-5
-3
-1
-1
-3
-5
-5
-5
-1
6
12
16
17
16
14
9
6
4
2
1
-1
0
0
1
3
5
5
4
1
-4
-7
-11
-12
-12
-9
-4
-2
3
4
5
5
3
1
-1
-3
-6
-8
-6
-6
-3
0
1
0
1
1
1
2
5
5
5
4
1
-2
-5
-6
-7
-5
-4
-2
-1
1
2
3
6
8
9
9
10
10
9
8
7
7
6
3
-1
-3
-2
1
-1
-4
-6
-6
-7
-6
-4
0
1
1
0
0
-1
0
-1
-1
-2
-4
-4
-5
-5
-3
-2
-1
-1
0
0
-1
-1
0
0
-1
1
0
0
-1
-2
-2
-3
-3
-2
-1
-1
0
0
0
2
3
4
5
6
9
8
9
8
6
3
0
-3
-5
-6
-6
-4
-5
-4
-4
-3
-2
-1
-1
1
2
1
2
2
1
3
4
5
5
4
3
3
2
2
-2
-5
-6
-3
-2
0
0
-1
0
-1
-1
-1
-4
-3
-3
-3
-4
-1
-2
-1
-1
0
-2
-1
-1
-1
0
2
4
6
7
8
8
7
4
3
1
-1
-2
-2
-2
-2
-1
-1
-1
1
-1
0
1
0
3
2
2
1
0
-2
-3
-5
-6
-6
-6
-5
-4
-2
0
1
4
6
6
5
3
0
-3
-6
-5
-4
-2
-2
0
-1
-2
-3
-2
-1
0
-1
-1
-1
-2
-3
-1
0
4
5
4
2
1
0
2
5
8
7
5
3
2
0
2
0
-1
0
-1
0
0
0
-1
1
1
0
0
-1
-2
-2
-4
-3
-3
1
2
6
7
8
8
6
4
3
0
-1
-1
1
0
1
3
2
1
-1
-3
-3
-4
-3
-4
-4
-4
-4
-4
-4
-5
-3
-3
-3
-3
-2
-2
0
0
-1
0
0
0
0
0
0
1
1
2
1
2
-1
-3
-3
-5
-5
-5
-3
-1
-1
2
3
4
5
5
7
5
5
2
2
1
0
-1
-2
-3
-1
-1
2
2
2
3
2
0
-1
-3
-4
-4
-3
-2
-1
2
4
5
7
5
6
4
3
2
1
0
1
2
4
4
3
2
1
-1
-1
0
0
0
-2
-2
-4
-5
-7
-6
-7
-5
-3
-4
-4
-4
-5
-6
-5
-5
-3
-2
0
1
2
3
4
3
5
4
4
4
4
3
3
2
1
-1
-3
-5
-6
-8
-7
-6
-5
-4
-3
-3
-2
-2
-2
-1
-1
-1
1
2
3
4
4
3
3
1
3
2
-1
-1
-1
0
2
4
7
9
9
7
4
1
-2
-4
-5
-4
-3
-2
-1
0
2
4
6
7
8
7
4
1
-2
-1
-2
0
1
2
1
-1
-4
-5
-7
-9
-8
-7
-5
-1
2
5
7
8
8
6
5
1
0
0
1
2
6
6
7
6
5
2
-3
-7
-10
-13
-14
-14
-12
-9
-5
-3
-2
-3
-4
-7
-8
-9
-9
-8
-6
-3
-2
0
3
6
7
5
1
-2
-5
-7
-9
-10
-11
-11
-10
-10
-11
-12
-13
-13
-12
-12
-12
-12
-12
-10
-8
-5
0
7
17
30
40
51
62
70
78
86
95
106
115
120
121
114
100
80
56
30
7
-9
-19
-24
-30
-40
-57
-77
-104
-130
-153
-165
-163
-149
-127
-115
-103
-74
-36
-9
-4
4
38
91
152
204
218
207
246
352
438
381
270
256
269
219
105
25
-34
-134
-233
-293
-534
-911
-959
-669
-462
-1057
-1834
-1641
-856
-284
-732
-1482
-1362
-611
232
438
131
75
278
782
1429
1528
1313
1114
1272
1673
1464
1237
1100
962
729
128
-191
-415
-399
-360
-791
-1409
-2076
-2118
-1560
-1155
-1579
-2670
-3153
-2246
-745
-325
-823
-1303
-913
591
1473
1670
1534
1214
2058
2694
3159
3702
3047
3447
4114
4331
3938
2163
2767
3783
3288
2166
31
428
1777
1254
84
-1626
-1960
-933
-1027
-1250
-1587
-2668
-2640
-2289
-1869
-1321
-2150
-2084
-1652
-2226
-1998
-2097
-1452
-707
-1921
-2868
-3494
-2863
-1135
-732
-1239
-2758
-3966
-2306
773
2258
682
-2330
-2117
1565
4575
4699
2487
1389
2749
4312
5256
5190
4099
3187
2573
2566
3051
2660
1719
686
-635
-1557
-2183
-2682
-2716
-3056
-4423
-6195
-7019
-6179
-4726
-4326
-5305
-6488
-6258
-4560
-2555
-1417
-1698
-2358
-1840
349
2709
3565
2962
2742
3728
5118
6173
6247
6202
5638
5658
6746
6454
5151
3656
4046
4934
3478
1067
-736
-67
1060
60
-2152
-3731
-3316
-2334
-2290
-3182
-4269
-4174
-2838
-1747
-1402
-1516
-1503
101
1964
2824
3450
2982
3425
4977
5779
6638
5819
4592
4374
3810
4190
3869
2014
130
-2303
-3716
-3752
-4360
-5802
-8819
-12037
-12514
-11464
-10368
-10867
-13164
-12938
-11238
-9819
-7424
-5975
-3973
-2241
-2223
158
3382
6657
9026
8672
9079
9374
10957
14052
14754
13557
10568
8976
9956
10338
8784
5539
2224
31
-1360
-2572
-3944
-6456
-8785
-10544
-11455
-11540
-12248
-12190
-12233
-12340
-11837
-10656
-8309
-6919
-5775
-3861
-1870
5
1637
3693
5847
8117
9342
9211
9508
10637
13196
13713
11702
9921
9293
10945
10156
7731
6138
3860
3215
2365
1276
761
-1469
-3390
-3766
-3372
-2999
-3409
-3704
-3944
-4250
-3524
-1649
445
986
-550
-1764
-388
2203
3636
3122
656
-1797
-2372
-1780
-955
-698
-2214
-6255
-12308
-14514
-7334
1083
-2521
-15887
-22602
-13316
1229
4008
-5686
-13269
-9569
-221
5737
6481
4564
2638
3016
6269
10362
12214
10846
8601
7877
8272
8098
7531
7649
6938
4234
720
-2238
-2661
-438
526
-2540
-8495
-13086
-11157
-5392
-3219
-7063
-13138
-14864
-10521
-4734
-2849
-5167
-7983
-6783
-3431
-621
2342
2927
3136
2349
3027
6985
8357
9487
8831
9334
10466
5723
7029
12007
12942
9995
1745
1814
6969
8384
6079
-696
-1661
-86
-263
-88
-1178
-2517
-2952
-4048
-2677
-645
-1774
774
-1130
203
2337
-34
5513
5411
5311
2993
254
5093
6331
6282
350
-4428
-4932
-3878
-1052
-3685
-10258
-17864
-17956
-10939
-8323
-13707
-20837
-21602
-15217
-9333
-8917
-10248
-10839
-8117
-3667
192
4057
5695
6252
7080
9006
12359
14417
15503
15670
14311
13007
11847
11994
12645
11145
8200
4041
1053
405
52
-410
-3359
-8030
-11184
-11464
-9099
-7804
-10023
-14067
-15431
-12540
-8363
-7178
-8926
-9267
-7739
-4714
-1804
-423
998
1786
3330
5646
6688
7769
8928
11068
12434
10806
8949
9477
12579
13645
10740
7124
5876
6692
7219
5920
3802
2508
-370
-1559
-518
96
548
-2364
-4430
-3895
-2254
1131
1609
-463
-1585
-839
3114
7086
6567
3750
1833
3216
6321
6636
4850
1652
-895
-2004
-4356
-6318
-6395
-8094
-11849
-16985
-21751
-18910
-13273
-11610
-16589
-24882
-22402
-12716
-4679
-4099
-10747
-11588
-6325
1582
8246
8609
7407
6641
8314
13592
17506
18536
16589
13813
13582
14258
14011
12375
10274
8635
5654
1493
-1511
-2299
-1035
-1896
-7327
-12352
-13970
-11922
-8385
-9384
-13589
-16429
-16624
-12472
-7682
-7064
-9240
-10923
-9020
-3570
803
2748
2386
1518
4662
8169
10724
12309
12362
13286
12614
12288
12555
13600
15606
13836
9886
7161
7614
9322
9052
5919
1641
-141
-8
365
86
-1367
-3796
-5864
-5230
-2594
-1369
-2578
-3651
-2567
-321
1608
2744
2950
2434
2215
3217
4827
5483
3147
282
-2110
-4115
-4972
-6567
-8034
-10966
-14757
-18302
-19045
-18027
-15675
-13108
-17621
-20683
-20432
-12644
-3665
-5321
-7726
-10113
-3358
6004
9083
10493
8333
9510
12161
16328
19907
19142
16531
13788
14531
15603
14363
11180
8314
6733
4882
1728
-2231
-4411
-4741
-5068
-8018
-12550
-14781
-13849
-11635
-11190
-13973
-16796
-16017
-12736
-9444
-8171
-9446
-10255
-7927
-3421
660
2685
2362
1759
4515
9517
12471
12953
12262
12428
14632
15116
14001
15061
16171
15233
12469
9072
8699
10556
10075
7482
4310
1390
712
1271
1693
1138
-799
-3181
-3883
-2341
-456
1089
92
-764
-451
842
3551
3233
2686
1371
131
844
-559
-3194
-6618
-8700
-9567
-10625
-12505
-17006
-20847
-20946
-18394
-14821
-14484
-20058
-23129
-19169
-10493
-4071
-7086
-10409
-8397
-2210
6122
8720
8973
9480
10048
13477
16646
19848
19813
17807
15960
14552
16292
14364
12187
11033
7784
4697
229
-2656
-2965
-2721
-5160
-10257
-14620
-15394
-12923
-11777
-12571
-15304
-17758
-16745
-13817
-10449
-8076
-8899
-9496
-7574
-4060
987
2999
3694
4986
5817
9652
11059
12738
16045
14065
15799
14788
13136
17605
15921
15739
12848
8580
9990
9176
9138
5959
2599
1556
-63
-415
-1192
-1856
-3272
-4376
-4461
-3865
-3241
-2681
-1387
-1071
-1384
-1018
236
1794
2668
1541
204
299
-127
-1465
-3583
-6009
-7605
-8576
-10022
-13330
-16995
-17624
-16288
-15101
-15275
-18084
-19657
-16756
-11596
-7151
-6875
-8810
-7530
-2479
4467
8988
8481
7734
9556
12920
17584
18464
16444
15504
15080
15535
14545
12071
9828
9006
6834
3855
-262
-2712
-2837
-5087
-5079
-11117
-13041
-12745
-14760
-9663
-14114
-15389
-16374
-17743
-11095
-10664
-8392
-9705
-11036
-6617
-3177
1240
2732
2500
3786
6888
10371
12855
13688
14897
15688
15954
17956
17806
17227
17956
17238
15534
13333
11637
12163
11587
8703
5751
2254
1090
1310
570
-803
-3683
-5585
-6478
-5530
-3367
-3634
-4607
-4702
-4102
-2383
-524
-722
-1178
-580
-906
-1662
-2855
-4148
-5195
-7302
-9418
-10824
-13099
-16099
-17164
-16169
-16954
-19421
-19249
-17110
-15873
-14722
-12859
-9826
-7112
-6296
-3782
527
4765
8163
9244
10861
12857
14566
16927
17694
18533
18535
15706
14228
14639
14599
12803
9680
5974
2728
1454
-190
-2561
-4938
-8022
-10801
-12097
-12704
-13321
-13705
-14593
-15360
-16182
-15216
-13121
-11906
-10400
-9733
-9205
-7441
-2907
-163
1205
4099
3980
6101
10746
13138
13930
14238
14635
15804
17666
17193
16926
16437
15062
14813
13198
11631
10423
9406
8494
5280
1898
765
1297
670
-1478
-3698
-5522
-4629
-3624
-3124
-2821
-3863
-2609
-1577
-1074
181
-253
215
805
-203
-1169
-2762
-4234
-4850
-6801
-9137
-11384
-15076
-17806
-17405
-15981
-16999
-19013
-19382
-19185
-17044
-12864
-9869
-8079
-7712
-7171
-2959
2744
6995
8861
8656
9460
11915
15165
18562
18645
16608
15269
14478
15183
14879
12805
10497
7315
4353
2306
239
-1916
-3391
-5812
-9100
-11756
-13760
-13509
-12671
-12962
-14731
-17362
-16456
-13607
-11416
-9900
-9979
-9237
-7653
-4520
-432
1389
2810
3582
5130
9125
11635
13300
14837
14737
15400
17070
17551
17541
17140
16315
15445
13689
12881
11846
9824
9640
7065
3646
2946
455
-422
-248
-2603
-3502
-4211
-4550
-3810
-3155
-2686
-2381
-1040
-686
-204
88
117
883
324
-556
-2606
-4820
-6744
-8191
-8377
-10294
-14452
-18956
-19825
-17279
-16042
-17624
-19918
-19932
-17933
-14682
-11263
-9085
-8020
-7404
-4578
354
5158
8310
8684
9422
11658
14500
17107
17729
17887
17327
15972
14916
13675
13110
12190
9895
6121
2079
-310
-1936
-2401
-3901
-7833
-11388
-13861
-13626
-11848
-11917
-14045
-16438
-16483
-14244
-11658
-10222
-9781
-9396
-8456
-5995
-2477
778
2637
3053
4197
7002
10274
12434
13454
14565
14400
15241
16746
16644
17923
16408
14507
14402
12462
12402
11018
8797
7275
4476
2959
1271
-72
-439
-2071
-3453
-3934
-5193
-4294
-2570
-2863
-2165
-2042
-1861
128
940
458
544
458
-693
-1942
-3577
-5165
-6528
-7912
-9414
-12681
-17025
-19483
-17770
-15082
-16081
-18672
-20861
-21314
-16633
-10318
-7592
-8056
-10146
-9017
-2246
4816
8301
8409
8170
9986
12548
15816
18496
18324
17097
15284
13889
14749
14366
12177
10689
8137
4393
1255
-926
-1439
-2094
-5201
-9567
-12967
-13906
-12695
-11142
-11639
-14317
-16641
-15990
-12903
-9630
-7629
-8177
-9144
-7990
-3805
600
3333
3446
2601
5232
8025
11506
13348
13825
14021
13159
15863
15733
16914
18007
14946
14133
11488
11201
12464
11012
8472
4737
2556
2180
2123
1139
-391
-2516
-4129
-4463
-3936
-2570
-2204
-3040
-3662
-2954
-1493
-446
-145
-97
-94
-174
-343
-2018
-3981
-5201
-7562
-9035
-8235
-11051
-17349
-20445
-19634
-15872
-13907
-16918
-21043
-22116
-17550
-10957
-6670
-7126
-9750
-8242
-2837
3960
8911
9962
9039
9193
11904
16444
19801
19258
17362
15775
14691
15132
14716
13044
11512
8222
4150
1378
-967
-1705
-1921
-4817
-8880
-12100
-13506
-12480
-11158
-11590
-13799
-16159
-16061
-13471
-10351
-8181
-8406
-9906
-8981
-5028
-834
1940
2956
2695
3308
5994
9833
13750
15265
13520
12317
13360
15623
18227
18522
15982
13064
11053
11290
12806
12187
9378
5167
2158
2327
2749
1902
105
-2126
-3876
-4186
-3852
-2962
-2284
-2825
-2594
-2848
-1988
545
1334
1217
13
-105
1370
1285
-291
-3973
-7289
-8185
-8192
-7851
-11039
-18285
-22254
-19740
-15036
-12368
-15807
-22370
-22890
-16654
-7082
-4203
-8734
-9742
-8128
-1386
7265
9218
9232
8425
8410
12884
17474
19570
18676
15972
14482
14349
15329
14151
12139
11144
7213
3702
568
-1479
364
-533
-4835
-9914
-13509
-12605
-10009
-9052
-11316
-15050
-16867
-14957
-10976
-8918
-9053
-10958
-11380
-8232
-4650
-1238
491
1017
1638
3001
6319
8046
11063
13998
12468
12924
12492
12541
16679
17001
15376
12548
9310
10231
10782
10267
9376
5691
2604
1288
949
2567
1755
-1566
-3674
-4732
-2815
-570
-1528
-2378
-2626
-2081
778
2804
2897
2432
1102
1132
3036
3491
2197
-89
-3766
-7062
-8447
-8453
-7853
-10433
-17932
-23737
-22627
-16556
-11135
-13330
-22377
-25982
-19554
-9767
-3304
-5012
-10186
-10418
-4410
3894
10406
10904
8079
6985
9553
16905
19575
19092
16801
13724
15697
14758
14660
14116
12036
10654
6279
2627
-676
424
2126
-480
-5550
-11770
-13033
-10115
-7271
-8659
-13201
-16567
-16650
-12836
-8896
-7855
-10444
-12598
-10647
-6613
-2472
-925
-991
-132
1140
3580
5422
8374
12506
12681
11452
9536
9863
15134
17375
15490
11578
8157
9451
11576
11147
8489
4747
1999
1623
2485
2691
1670
-1447
-3975
-3788
-2282
-286
-323
-2415
-3422
-2880
-394
2751
3242
1689
449
438
2771
4647
3781
1440
-2187
-4227
-5590
-6416
-6182
-8295
-12010
-18599
-23156
-19964
-13271
-9721
-15631
-24589
-24502
-15123
-4872
-2262
-7825
-11960
-9030
-1620
6791
10758
9342
6497
6169
10802
16882
19931
18244
14469
13321
14174
14940
14132
12967
11952
9143
5257
734
77
2231
1890
-1473
-8297
-12852
-11828
-8001
-6565
-10067
-14900
-17950
-16048
-10743
-7571
-9171
-12786
-13780
-10615
-5258
-1861
-1514
-2546
-1774
1873
4990
7267
9570
10152
10313
11007
11171
13022
15335
14507
12225
10382
9838
10997
11179
8954
5913
3649
2970
3217
3092
1695
-1006
-3323
-3640
-2383
-1211
-1541
-3124
-4284
-3675
-1527
737
2110
2275
1208
241
1244
3727
5076
3818
889
-1860
-3453
-4543
-5937
-6999
-7450
-9497
-15060
-21619
-22948
-15918
-7400
-8827
-20310
-27698
-20789
-6529
1068
-2826
-10781
-12783
-5925
4036
10703
11754
8098
4554
6310
13481
19725
19943
15508
12307
12833
14719
15053
12994
12726
11568
7812
3474
-167
1635
3431
1752
-3860
-10968
-11895
-9015
-6019
-6724
-12304
-16660
-15659
-13135
-9976
-6856
-10242
-13858
-11609
-7632
-3548
-998
-2681
-3322
-1389
1324
5952
6776
7663
9364
9756
9335
8994
13978
15618
14754
11706
7637
10398
11779
11456
9421
5596
3733
2764
3134
3419
1991
-1142
-3500
-3832
-2383
-1021
-1398
-2767
-4558
-4710
-2528
450
2164
1478
-351
-989
680
3192
4181
2913
780
-1030
-2456
-3632
-4667
-5966
-7657
-9010
-10944
-16125
-22011
-20133
-10076
-5133
-13950
-25777
-24925
-11556
343
167
-8325
-13069
-8614
529
8215
11576
10174
6026
4908
10320
17780
20950
17638
12194
11926
15156
15659
14030
12410
11578
10664
6104
1059
1227
3557
3033
-1749
-8178
-11027
-9174
-7157
-7486
-9871
-13322
-15661
-15558
-12402
-9266
-8813
-11162
-12823
-11604
-8019
-3424
-2314
-1749
-2345
-917
3370
4335
6970
8649
9789
8741
7112
11667
13530
13821
11825
8399
10115
10834
10614
9172
6276
5623
4559
3528
2509
1692
1092
-1066
-2338
-3119
-3295
-2158
-1449
-2349
-4312
-4532
-2379
766
1905
441
-778
-258
2471
4605
3938
2028
1451
2138
1078
-1288
-4329
-6155
-5612
-5658
-7704
-14100
-20460
-20481
-13660
-4882
-9011
-21974
-25679
-18039
-4473
1310
-5476
-12216
-11766
-3846
5253
9976
10604
7445
4482
7867
15802
20380
19456
15220
12805
15416
16950
15132
13602
12412
11682
9024
3007
340
2121
2782
497
-5592
-11448
-11560
-8930
-7126
-8574
-12916
-16724
-17599
-13741
-8307
-6769
-10884
-13888
-13110
-9219
-3408
-1480
-1462
-3216
-3099
444
3568
7319
8848
9198
8532
6426
7103
13027
16323
12963
9702
7396
8477
10113
9899
8563
5627
3481
434
586
2680
1224
-1364
-4565
-5981
-3777
-2193
-2447
-2944
-4844
-5397
-2786
28
2176
2182
660
1002
2948
4442
5137
5527
5885
4944
2337
858
960
146
-2006
-4635
-6870
-8150
-9875
-13396
-18420
-20679
-14692
-7636
-11901
-22542
-25311
-16530
-5092
-2023
-7360
-12059
-10063
-2523
5136
9508
9624
6339
5598
10664
17192
20409
18258
14224
13987
16059
16799
15773
13189
11431
11236
8452
3155
624
1593
2250
-340
-6488
-12057
-12173
-8562
-7153
-10134
-14887
-17901
-16886
-12263
-8628
-9585
-12636
-13942
-11400
-6476
-2992
-1904
-2976
-3185
186
3423
4882
6800
8410
10301
9868
6539
9077
13043
13755
13214
8595
7202
8690
8133
8856
7186
4948
3258
-266
-518
1178
1428
-810
-4681
-5924
-4243
-2411
-1816
-1777
-3397
-4424
-2350
467
2912
3159
1291
724
3214
6069
6794
4994
3476
4431
4911
4383
2319
-132
-1965
-3928
-5309
-7132
-7913
-9253
-14375
-19965
-19985
-12340
-6352
-12326
-22127
-22290
-13784
-3917
-1347
-6142
-9607
-7934
-964
6274
10493
11099
7721
6642
11170
17203
20018
18239
15150
14765
15543
14648
13919
13241
12407
11612
6321
-73
-419
2196
2983
-1448
-8540
-11832
-11642
-9029
-7376
-9331
-12508
-16504
-16600
-11372
-7565
-7096
-9690
-12308
-10838
-6261
-1796
-703
-1774
-2062
-957
1266
4150
6128
7518
8719
5590
3751
7624
10466
12307
10115
5031
5614
7298
8325
8728
6026
3856
1967
1199
2526
2854
1331
-2092
-4606
-2713
-1988
-2426
-571
-3651
-5258
-2292
-1566
1501
2884
536
812
3082
5446
6441
5395
4534
5180
5989
5793
4226
2546
1242
-1428
-4006
-5103
-6093
-6498
-7723
-12815
-19726
-21512
-14445
-5177
-7947
-21290
-26188
-18633
-6302
-449
-5394
-10926
-11105
-4394
3091
7541
9417
7190
5500
7349
13431
18632
18086
15075
13633
14816
15481
13950
12343
12903
13086
9019
2799
-78
1908
4136
2385
-3317
-9688
-12075
-9009
-4736
-5043
-10316
-15618
-16396
-12013
-6809
-5878
-9596
-12735
-12306
-8687
-3189
-1077
-3055
-5237
-4019
-224
2576
4711
4578
4604
4914
3326
6318
10259
10679
9106
4945
5000
8330
9443
8845
5904
3926
3310
2764
3484
3994
2653
-507
-3430
-3672
-1292
316
206
-1095
-3903
-3985
12
2537
2608
2364
1392
1774
4332
6463
6950
5350
3911
4988
6412
6364
5144
2898
208
-1924
-2873
-3570
-4956
-6299
-8200
-12402
-18763
-22568
-16952
-6448
-6368
-18767
-27782
-22720
-9575
-858
-2768
-10214
-13217
-8466
-320
6780
9948
7607
3660
4810
11282
17223
18322
15177
12610
13635
15304
15035
13904
13350
13378
10954
5186
1845
3621
6093
5160
-429
-7302
-9381
-6765
-4496
-4878
-7969
-12676
-15387
-13435
-9187
-7356
-9508
-12689
-13162
-10518
-6874
-4584
-4979
-6094
-5253
-2996
-571
1099
2389
4691
5098
2727
3300
7403
10464
10167
6946
5521
8099
9966
8990
7222
6170
5718
4769
4005
3852
2868
1245
-316
-1270
-1012
-860
-1002
-540
-1227
-3039
-2995
-781
2121
3539
1871
668
2967
6016
7401
6312
4265
5173
7436
7588
6684
4672
1875
696
-7
-2021
-4586
-7151
-9133
-10281
-13133
-19318
-23013
-17582
-9352
-10837
-21363
-27445
-21052
-8852
-2693
-5860
-11492
-12005
-6605
847
7166
9919
7579
3846
5614
13218
19336
19179
15445
13195
14307
16443
16443
14922
14485
13967
10390
5462
3914
5840
6551
3096
-2656
-6701
-7245
-5937
-5834
-7776
-10707
-13427
-14502
-12871
-10243
-10101
-12035
-13449
-12866
-10668
-6836
-4194
-5611
-6928
-5552
-1707
1105
2643
4270
4700
4206
2861
6890
11714
10868
9020
6709
7274
9628
10033
9119
7101
5482
4740
4119
3436
3326
2549
484
-1540
-2329
-1707
-1216
-1389
-1973
-3194
-3738
-1574
1673
2686
1159
483
2867
5399
7512
8712
5312
3364
7267
8008
5772
6384
5251
1691
-395
-1282
-1646
-4024
-8436
-10064
-9946
-11869
-15988
-21548
-22746
-14675
-7690
-13090
-23371
-24902
-15824
-4959
-1929
-6674
-10845
-9544
-3736
3560
8619
9591
7243
5142
8355
15587
19618
17954
14971
15048
16760
16569
15318
14406
13864
13248
9540
4134
2780
4375
4473
1663
-3258
-7081
-8350
-8211
-7078
-6710
-9224
-13533
-15804
-13744
-10460
-9466
-10664
-12874
-13209
-9886
-6006
-4836
-5402
-4687
-2898
-1609
52
1963
4634
7174
5055
2656
5721
9098
10321
9590
6615
5984
7208
7466
7749
6702
5274
3945
1559
1903
3213
1622
243
-764
-1888
-1718
-1554
-1190
-795
-1087
-731
-37
810
1606
1952
3012
4034
4861
5579
4964
5284
6260
5855
5708
5079
4387
4269
1939
61
-743
-3655
-5287
-6372
-8937
-9543
-10318
-14047
-18953
-21519
-16438
-7588
-8638
-19194
-25029
-19220
-6752
-207
-3908
-9715
-10434
-5224
1832
7575
10308
8560
5030
6169
12831
19063
20326
16891
14171
14976
16324
16392
15418
14133
13422
10842
5141
2082
3168
4768
4313
-1489
-8467
-10038
-7736
-5118
-5734
-9589
-13697
-16333
-14646
-9844
-7288
-9322
-13259
-14124
-11180
-6983
-3794
-3535
-4791
-5024
-3982
-1200
1881
3949
5287
3343
798
3156
7432
9845
9154
5879
4691
6150
7610
8284
7227
6141
5169
2787
2292
3681
3924
3133
654
-1666
-1188
-180
547
1013
-536
-2161
-1794
-331
1540
2784
2313
1299
1573
3088
5104
5941
4954
3922
3945
4084
4103
4400
3499
2603
850
-2295
-4085
-5462
-5576
-6022
-8521
-10886
-12959
-15969
-19336
-17288
-10467
-8680
-15609
-22609
-20137
-10852
-3498
-2823
-6899
-9781
-7041
194
7275
10891
10130
7291
7197
12307
18933
21316
18558
14963
14475
16472
17441
16033
14352
13535
11259
6561
3098
3469
4861
3161
-1759
-7016
-9276
-8323
-7460
-8416
-10803
-13907
-16603
-15872
-12218
-9742
-10812
-13456
-14113
-12662
-8347
-5311
-5021
-5247
-5700
-3618
-1532
840
2897
4310
5190
2790
3805
7479
9174
9766
8378
7278
7876
8224
8317
8664
7737
6108
4357
2914
3416
4259
3181
645
-1076
-1246
-816
101
857
-78
-1951
-2434
-1068
1439
3410
2590
343
268
2416
4470
5011
4501
4069
3624
3265
2973
3011
3625
2071
-439
-1347
-4295
-6490
-4960
-6512
-9561
-10032
-12185
-15566
-18361
-18068
-11785
-7932
-13042
-20568
-21467
-13135
-3250
-1083
-5533
-9697
-7381
482
6966
10996
11266
8451
7908
11377
18030
21974
19858
15385
14177
16336
17407
16965
14556
12756
12054
7766
3207
2705
3560
3037
-563
-6584
-10088
-9899
-8697
-8226
-10129
-13701
-16768
-17181
-14073
-10935
-10698
-13102
-15086
-13850
-10415
-6595
-4902
-5546
-6082
-4637
-1791
837
2340
3402
5827
5269
3562
5673
8238
10942
10604
7139
6822
8407
9375
9230
7855
7213
6191
4099
4125
5036
4882
3623
643
-1171
-428
1238
2162
92
-3037
-3515
-1715
1201
3055
1314
-1554
-1763
1176
4680
6021
4982
3063
2502
3571
4805
5310
4597
2733
1463
687
-986
-2566
-4331
-5308
-6467
-8279
-8871
-10526
-13013
-17063
-19759
-14775
-7309
-8354
-17709
-22536
-16639
-6228
-1157
-3615
-7660
-7659
-2524
3622
9681
12419
9331
6994
9472
15531
20174
19544
16344
14212
15006
16645
16270
14232
11669
11136
9628
4577
1926
1852
1823
362
-4850
-8941
-9867
-10134
-9907
-11186
-13169
-15288
-17609
-16545
-13439
-11848
-12621
-14535
-14687
-11583
-7443
-5412
-5351
-5698
-4144
-1503
373
2219
4264
7115
6796
3896
5518
9500
12747
12320
8213
7714
9210
10245
11173
9664
7987
6078
3905
4425
5606
4745
1649
-1603
-1898
22
832
-140
-1946
-4012
-4222
-2415
-246
1327
189
-1915
-1525
841
3731
5101
4025
3173
3753
4698
5525
5280
4494
4197
3872
2606
794
-550
-1775
-3212
-5515
-7595
-9347
-10362
-9995
-11892
-16446
-20499
-18173
-10766
-8512
-14179
-20604
-18663
-10033
-3204
-2278
-4922
-6576
-4322
1352
7921
12828
12261
9489
8844
12984
18833
19722
18122
15718
15272
14960
13671
13797
12850
12587
9498
3603
681
77
1508
1513
-3728
-9959
-12716
-12166
-9511
-8870
-11750
-15904
-18988
-17069
-12319
-9866
-10427
-13201
-14598
-11919
-7245
-3424
-2832
-4038
-3560
-1450
1722
4173
5549
7546
7016
5228
7269
10525
12401
11629
8175
7195
8762
10187
10641
7837
5211
5111
4233
4219
4682
2808
828
-669
-1292
-374
-523
-1424
-1818
-2412
-2531
-2064
-1136
571
1608
1138
646
1626
3954
5517
5648
5271
4730
4498
5184
6315
5958
4069
1835
598
-369
-1404
-2639
-5998
-8518
-9646
-10433
-11067
-12042
-15768
-21620
-20125
-13711
-8730
-11042
-20375
-21556
-13564
-4877
-1342
-4492
-7586
-5774
-5
6367
10947
12102
10209
8772
11765
17305
20127
19206
16589
15395
16042
16206
14712
12696
12343
11812
7268
1524
-341
1198
2382
-688
-7254
-11677
-11751
-9577
-7967
-9394
-13489
-17039
-17053
-13431
-9609
-8895
-11457
-14215
-13357
-8727
-3850
-2305
-3928
-4903
-3389
-511
2561
4600
5998
6036
3569
3071
6947
11327
12328
8807
4748
5309
8081
9477
9049
6483
4909
3814
2872
4086
4921
3945
1149
-552
-436
-98
685
506
-490
-1926
-2287
-642
1415
2686
1866
244
711
3470
5914
6037
4592
3717
3986
4865
6030
5560
3338
1677
502
-12
-214
-1770
-4381
-7308
-10194
-11894
-11254
-11083
-12427
-15309
-20290
-22280
-17605
-9508
-8195
-15307
-20628
-18041
-8325
-315
679
-2346
-5010
-2447
4617
11354
15221
14456
10565
10452
15620
20389
20978
18059
15578
15461
15361
13973
12398
11535
11084
8325
2705
-804
-595
159
-878
-5173
-10302
-12152
-11393
-9706
-8956
-11450
-15021
-16642
-14870
-10738
-8986
-10316
-11778
-12234
-10362
-6190
-3004
-2241
-3209
-3794
-1974
821
3778
5485
5969
4645
2484
5283
9412
10402
8938
6061
5608
7830
9460
8713
6904
5606
5327
4806
3954
4382
3974
2451
1111
168
488
554
140
403
-398
-1586
-1233
113
2189
2758
1123
146
614
2962
5336
4792
3430
2605
2145
2766
3111
3027
2239
-45
-1675
-2487
-3525
-4384
-6504
-9319
-10674
-11468
-11768
-12264
-14319
-17791
-20294
-17353
-10282
-7662
-13816
-19632
-16515
-7125
232
447
-2437
-4362
-1260
6150
11792
14793
13903
11153
11861
15917
19670
20896
19231
16258
15093
15070
14507
13384
11877
10695
8078
2931
-731
-633
576
-464
-5500
-10944
-12054
-10207
-8832
-9602
-12308
-14881
-15659
-13782
-10711
-9246
-9601
-10812
-11467
-10045
-6458
-2505
-1231
-2910
-3844
-2510
779
4457
5257
5353
4231
2284
5003
8263
9760
9397
5576
4219
5940
7568
8869
6759
3854
3851
3464
3452
3508
2653
2886
1485
-510
-402
497
1540
1589
292
-498
-267
411
2376
3603
2721
1483
1182
3189
5062
4833
3965
2515
2611
3728
2675
1334
806
207
-1105
-3418
-4595
-4588
-6807
-9481
-11077
-12030
-10885
-11541
-12946
-15127
-18756
-17885
-13616
-8220
-8204
-14255
-16597
-11425
-2200
1997
614
-1412
-1029
3824
9291
13286
14862
13887
13263
14143
17288
19964
19641
17653
15553
14884
13927
12418
11752
11224
9799
5665
307
-1538
-383
202
-1482
-7039
-11568
-11982
-10820
-9006
-9969
-12908
-14788
-15106
-13298
-10858
-9602
-10420
-11799
-11517
-8785
-5245
-3774
-4203
-4885
-3593
-1219
849
3061
3051
3088
2810
2217
5293
7318
7823
6640
3842
4563
6476
7170
6722
5025
4182
4387
3820
3835
3995
3114
2613
1776
1515
1911
2119
2248
1945
1444
1004
2000
3435
3681
2983
2331
3150
4747
5487
4872
3973
3825
4258
4344
3809
3131
2295
1264
-143
-1404
-2184
-2928
-4012
-5444
-7318
-9031
-10387
-11985
-12361
-12464
-12528
-13181
-16197
-17740
-16373
-12189
-7520
-7674
-12239
-14850
-10029
-1324
4285
3427
-629
-1168
3697
10483
15066
15756
13220
11511
13140
16999
19612
18640
15647
13130
13594
14180
12483
10336
8067
7193
5799
1582
-1263
-1450
-1239
-2220
-6340
-10760
-11884
-10756
-8937
-9312
-12392
-14953
-15800
-13585
-9985
-9198
-10174
-11550
-11740
-8950
-5720
-3799
-3043
-3524
-3279
-1806
-206
2867
4792
4721
4275
2754
4168
7108
8592
8762
6053
4247
4987
6364
7715
6972
4573
3157
2705
3583
4959
4056
2677
1383
252
1430
2361
2119
1814
259
-414
937
1937
2212
1571
1093
1806
2169
2510
2779
2796
3317
3154
2670
2342
1699
2186
2872
1977
573
-1366
-2303
-2115
-2833
-3329
-4821
-7072
-8895
-10128
-9879
-9692
-10432
-11795
-13012
-14308
-14257
-12344
-9568
-7294
-8593
-10047
-9114
-5081
1025
3676
2966
2310
3996
7790
12114
14822
14946
14089
13600
14782
16683
17560
16675
14200
12181
11063
10010
8928
6949
4677
2961
79
-3219
-5110
-5957
-5861
-7001
-10547
-13284
-13862
-12626
-11058
-11317
-12941
-14105
-13306
-10945
-8400
-7273
-7678
-7942
-6632
-3835
-1580
-14
232
70
1580
2343
3653
5274
5316
6408
5544
3951
4982
5837
7798
8003
4780
3122
2907
4216
6309
5439
3000
844
-236
1548
3388
3129
1319
-1491
-1855
180
1513
1641
202
-1170
-487
589
1080
1302
1165
1398
1559
1532
1861
2576
3601
3860
3345
2820
3010
3744
4301
3750
2869
2171
1442
1747
649
-23
-805
-2761
-3242
-5131
-5833
-6102
-7512
-8748
-10335
-10363
-10924
-10963
-10350
-10409
-9858
-9930
-9540
-7360
-4816
-3434
-3096
-2673
-483
2618
4872
6373
6561
6767
8252
10334
12472
12805
10909
9521
9804
11034
11693
9932
6846
4565
3638
3819
3478
1387
-1466
-3847
-5046
-5152
-5423
-6478
-7819
-8944
-9343
-8951
-8517
-8034
-7523
-7284
-6914
-6326
-5206
-3432
-1914
-1228
-799
-219
1078
2624
3489
4228
4110
4097
4388
4550
5625
5509
4759
3849
2778
3182
3213
2681
1842
251
-269
-410
-970
-892
-1645
-2276
-2386
-3432
-3342
-3109
-2729
-1794
-2100
-2348
-2263
-1608
-224
914
1377
1575
1900
2431
3694
4816
5578
5980
5660
5599
6282
6773
7245
7317
6393
5940
5094
4805
4871
3910
2945
947
-317
-944
-1856
-2633
-4168
-5407
-6611
-7678
-8399
-8897
-9211
-9778
-10183
-10520
-10592
-10463
-9831
-8374
-7100
-6827
-7012
-6283
-4008
-1160
461
687
745
1633
3545
5829
7493
7743
6951
6573
7678
9264
9886
9110
7835
7257
7000
6640
5948
5248
4339
3119
1734
36
-628
-812
-1027
-1737
-3598
-4963
-5450
-4667
-3462
-3694
-4916
-6079
-5885
-4117
-2556
-2339
-3040
-3574
-2621
-870
13
-157
-705
-276
898
1287
860
166
257
1319
1493
554
-429
-827
-174
344
-120
-975
-2133
-2529
-1607
-844
-821
-1839
-2928
-2472
-995
409
546
-557
-1082
154
2016
3272
3104
2029
2506
3918
5354
5958
4905
4627
5198
6030
6716
6116
5655
5414
5359
5526
4809
3959
3258
2995
2699
1642
520
-653
-1318
-1457
-1977
-3157
-4602
-5795
-6019
-5354
-5505
-6629
-8057
-8875
-7946
-6720
-6521
-7146
-8249
-8168
-6551
-4832
-3540
-3716
-4416
-3515
-1738
492
2008
1623
1549
2305
3513
5515
6396
6179
5890
5274
5960
7574
8031
7272
5499
4445
5117
5614
5136
3748
2019
1227
839
426
124
-870
-1918
-2544
-3184
-3658
-3873
-3818
-3589
-3620
-4511
-5148
-5016
-4162
-2814
-2654
-3357
-4348
-4128
-2065
-445
-320
-1603
-2364
-1513
-218
528
431
52
-318
-553
-351
496
1302
1057
-89
-947
-479
762
1359
888
99
-243
52
832
1568
1776
1152
533
1147
2323
3019
2662
1853
2374
3414
3862
3725
3132
3550
3948
4055
4120
3526
3915
3844
3649
3733
2826
2630
2361
1988
1887
1170
243
-398
-736
-946
-1249
-2237
-3027
-3353
-3577
-3713
-4363
-4865
-5007
-5152
-5055
-4996
-5023
-4943
-4809
-4382
-3884
-3450
-2870
-2714
-2686
-2152
-1280
-126
242
-177
87
847
1927
2563
2157
1757
1655
2379
3387
3402
2892
2146
1817
2461
2952
2879
2190
984
702
1183
1383
1169
216
-454
-365
-521
-658
-822
-1104
-1118
-1606
-2209
-2244
-2238
-1978
-1827
-2295
-2762
-3112
-2886
-1935
-1406
-1694
-2586
-3159
-2363
-993
-179
-385
-1329
-1591
-804
330
1223
1167
528
136
315
1296
2393
2654
2223
1607
1539
2349
3067
3236
2914
2218
1713
1857
2381
2849
3015
2285
1714
1656
1902
2725
2783
2506
1998
1183
1344
2094
2761
2543
1447
655
647
1282
1858
1433
337
-497
-792
-304
147
-256
-1117
-2152
-2521
-2137
-1875
-1928
-2645
-3476
-3812
-3769
-3207
-2765
-2869
-3349
-3766
-3501
-2704
-1975
-1744
-1985
-2270
-2085
-1288
-267
316
111
-385
-381
395
1431
1861
1441
773
715
1342
2041
2099
1414
929
1008
1331
1365
996
644
395
535
515
67
-273
-659
-608
-321
-706
-1299
-1749
-1757
-1156
-984
-1514
-2225
-2636
-2071
-1209
-1058
-1525
-2251
-2145
-1198
-561
-387
-774
-990
-482
204
801
879
739
906
1314
1767
1921
1824
1865
2206
2526
2519
2241
2116
2395
2756
2803
2414
1939
1917
2289
2466
2257
1791
1447
1573
1807
1794
1631
1402
1127
1227
1444
1257
1028
697
552
772
710
357
9
-142
-59
-18
-312
-821
-1326
-1659
-1661
-1711
-1948
-2376
-3012
-3218
-3060
-2888
-2867
-3346
-3752
-3691
-3315
-2770
-2546
-2637
-2706
-2524
-1964
-1381
-1071
-1007
-1046
-781
-295
107
400
460
571
744
849
964
993
1106
1246
1180
885
503
364
524
676
503
33
-381
-420
-180
-51
-246
-669
-997
-969
-600
-175
-35
-255
-546
-524
-94
421
625
475
266
302
672
1204
1561
1512
1199
1013
1238
1730
2016
1816
1382
1227
1536
2002
2196
1974
1600
1456
1631
1864
1855
1584
1300
1209
1283
1326
1209
1026
886
749
530
243
51
-6
-70
-227
-534
-864
-980
-921
-803
-857
-1293
-1741
-1881
-1761
-1489
-1497
-1897
-2213
-2241
-1905
-1394
-1234
-1452
-1762
-1898
-1594
-1098
-881
-1057
-1416
-1510
-1134
-599
-303
-381
-619
-734
-615
-292
77
242
86
-219
-300
47
569
849
673
272
94
335
857
1191
1058
592
270
415
929
1257
1036
533
118
301
671
822
635
78
-111
-64
200
372
90
-186
-407
-252
58
155
59
-134
-91
168
408
435
342
349
563
838
939
874
767
774
886
997
1017
927
817
784
850
903
822
605
408
349
391
428
369
174
-77
-221
-180
-64
-63
-279
-600
-760
-641
-436
-439
-733
-1101
-1231
-1053
-838
-877
-1161
-1425
-1397
-1063
-691
-622
-928
-1256
-1241
-857
-473
-514
-963
-1328
-1238
-741
-263
-269
-589
-881
-704
-70
307
206
-319
-645
-299
193
468
281
-154
-137
312
791
986
735
500
544
780
1052
961
734
627
743
1044
1104
981
882
917
1060
1054
892
727
693
772
820
712
502
332
276
294
239
83
-66
-106
-77
-120
-276
-415
-433
-414
-515
-729
-853
-786
-666
-688
-843
-916
-747
-417
-180
-189
-333
-365
-140
223
447
372
174
182
516
939
1101
902
624
604
844
1053
996
679
325
197
350
532
457
95
-303
-454
-322
-128
-129
-399
-789
-1020
-944
-748
-748
-1011
-1335
-1498
-1404
-1169
-1058
-1200
-1419
-1462
-1260
-966
-801
-861
-1020
-1044
-846
-557
-371
-365
-435
-394
-146
169
317
270
240
399
649
787
742
623
605
746
903
902
791
806
1057
1385
1532
1420
1251
1296
1549
1732
1597
1253
1051
1191
1513
1657
1455
1110
953
1090
1280
1207
842
418
225
299
348
180
-130
-433
-548
-520
-587
-797
-1081
-1350
-1473
-1480
-1477
-1482
-1519
-1576
-1614
-1626
-1591
-1510
-1429
-1420
-1483
-1485
-1306
-1002
-745
-651
-657
-601
-401
-103
153
241
171
112
227
469
636
625
536
514
600
720
769
674
482
335
331
413
445
383
290
196
91
49
125
171
28
-164
-178
-48
22
-41
-151
-208
-195
-162
-153
-171
-225
-300
-315
-228
-130
-104
-119
-92
-9
94
165
160
98
60
78
87
48
2
15
102
225
311
333
353
415
478
474
413
369
407
508
609
672
720
798
904
1002
1047
1032
990
958
921
836
696
563
504
502
478
371
227
120
53
-46
-240
-495
-696
-796
-853
-927
-1053
-1197
-1253
-1237
-1221
-1243
-1312
-1346
-1265
-1121
-986
-896
-853
-796
-687
-553
-442
-382
-364
-334
-251
-128
-3
111
203
277
365
454
490
457
392
325
280
286
313
305
263
240
257
290
301
272
231
209
223
243
228
166
102
94
144
203
237
227
178
107
34
-28
-64
-95
-150
-184
-157
-80
-21
-5
-16
-56
-65
-40
-24
-47
-108
-130
-92
-17
38
40
30
51
113
175
180
127
73
74
138
221
263
262
272
334
415
463
456
418
387
392
437
487
507
502
499
502
506
494
446
359
254
158
73
-10
-103
-207
-292
-334
-348
-362
-388
-436
-505
-581
-641
-694
-749
-797
-810
-786
-742
-700
-667
-634
-591
-528
-462
-408
-375
-357
-340
-312
-291
-292
-301
-283
-242
-206
-189
-176
-156
-125
-74
-11
45
96
156
227
288
329
347
360
395
461
531
598
663
693
687
693
703
678
644
628
592
532
475
412
335
278
247
197
127
72
34
8
-5
-25
-63
-88
-94
-101
-136
-199
-267
-323
-359
-380
-400
-427
-445
-437
-421
-416
-425
-415
-377
-333
-293
-256
-216
-171
-117
-62
-18
25
74
116
155
206
264
314
361
403
421
416
408
408
417
427
423
403
373
337
302
268
233
188
132
78
33
-3
-38
-72
-96
-108
-113
-121
-136
-159
-195
-248
-317
-387
-448
-496
-529
-547
-552
-540
-509
-464
-417
-371
-333
-316
-306
-290
-267
-256
-254
-259
-268
-274
-271
-260
-219
-145
-60
13
74
123
154
169
185
213
254
291
332
401
468
495
504
531
550
529
483
438
403
376
345
300
250
209
174
142
120
107
98
86
62
31
-3
-36
-72
-109
-143
-179
-218
-245
-265
-297
-328
-333
-312
-285
-259
-231
-208
-194
-181
-169
-168
-169
-163
-142
-106
-58
-7
42
94
143
173
188
201
213
227
244
272
312
359
395
405
396
380
356
327
302
275
235
184
134
97
73
55
35
10
-27
-67
-96
-108
-123
-144
-178
-225
-273
-312
-341
-367
-389
-409
-430
-445
-448
-434
-405
-364
-328
-311
-317
-334
-345
-343
-332
-316
-289
-253
-213
-175
-132
-79
-12
52
111
154
173
175
182
200
219
242
281
316
331
340
353
357
351
342
332
324
325
318
293
261
235
219
214
211
207
196
174
144
105
58
2
-57
-105
-137
-154
-159
-158
-156
-163
-186
-219
-246
-263
-264
-253
-234
-205
-180
-160
-144
-119
-84
-40
1
36
65
88
97
94
90
94
108
126
149
177
216
256
290
313
314
300
275
252
233
212
186
167
154
147
139
131
122
111
93
70
40
3
-47
-104
-161
-206
-238
-258
-274
-284
-296
-312
-334
-360
-384
-401
-412
-420
-423
-418
-402
-382
-362
-341
-319
-300
-282
-262
-236
-202
-158
-110
-62
-17
23
61
97
127
145
152
153
149
148
149
158
176
201
231
263
292
320
337
333
312
286
262
249
244
237
222
205
189
170
147
130
118
103
77
44
-3
-53
-94
-117
-128
-133
-128
-125
-121
-108
-90
-77
-76
-83
-88
-91
-96
-106
-108
-98
-80
-58
-33
-11
9
26
38
42
42
44
47
48
52
61
79
103
128
154
177
191
188
175
161
156
160
162
164
164
158
143
118
88
52
17
-14
-38
-51
-62
-79
-100
-121
-150
-186
-217
-238
-255
-262
-261
-265
-264
-263
-269
-282
-285
-283
-282
-284
-283
-285
-285
-271
-247
-215
-179
-136
-89
-38
2
19
22
31
45
53
64
88
109
128
152
173
184
198
219
229
232
239
247
249
247
241
228
202
177
161
145
129
120
119
118
114
106
92
71
51
42
41
43
40
26
-1
-31
-57
-74
-84
-92
-100
-105
-105
-106
-102
-94
-82
-74
-65
-62
-67
-72
-64
-51
-38
-28
-16
-3
9
27
52
76
94
110
122
121
112
98
84
70
62
61
62
68
79
92
94
83
65
42
18
-2
-21
-40
-55
-57
-53
-48
-42
-33
-24
-34
-65
-107
-139
-167
-186
-194
-188
-172
-153
-136
-129
-131
-141
-160
-181
-192
-184
-165
-143
-120
-93
-65
-53
-49
-37
-20
-20
-25
-18
-10
1
22
50
70
87
95
90
84
84
85
81
83
96
119
139
152
154
155
159
159
155
150
141
132
121
113
105
99
93
86
73
61
45
33
19
7
0
2
10
19
18
7
-18
-45
-70
-88
-98
-102
-100
-94
-84
-69
-54
-43
-44
-51
-61
-67
-70
-69
-59
-44
-27
-12
3
15
22
21
23
29
40
48
53
56
62
68
70
69
67
69
72
74
69
62
52
41
33
25
16
8
0
-7
-16
-26
-35
-42
-50
-64
-81
-90
-97
-104
-115
-129
-138
-140
-135
-125
-113
-101
-87
-75
-67
-69
-83
-99
-108
-106
-105
-101
-89
-70
-52
-39
-31
-22
-16
-12
-6
7
26
41
53
60
61
65
72
84
99
110
116
119
118
116
114
116
123
135
148
159
163
156
141
119
95
71
51
38
32
32
37
40
39
35
33
31
25
15
-3
-25
-46
-62
-66
-62
-47
-31
-21
-16
-18
-27
-35
-43
-47
-43
-36
-26
-14
-6
-2
0
-3
-7
-12
-17
-21
-24
-26
-27
-25
-20
-18
-23
-28
-34
-35
-30
-21
-12
-9
-8
-7
-7
-9
-14
-25
-38
-47
-49
-45
-36
-23
-16
-11
-8
-5
-4
-4
-11
-27
-47
-64
-75
-74
-71
-63
-54
-38
-23
-8
-7
-19
-39
-55
-62
-60
-54
-47
-38
-26
-12
3
15
22
26
27
30
33
39
45
53
61
71
83
94
102
104
103
100
97
93
88
81
73
67
65
67
71
75
78
78
76
69
57
41
24
12
1
-6
-10
-10
-9
-4
-1
0
-7
-18
-30
-39
-43
-46
-46
-48
-50
-53
-55
-58
-65
-71
-78
-82
-80
-76
-71
-68
-65
-62
-57
-52
-48
-43
-41
-38
-32
-23
-13
-3
5
13
21
29
38
46
52
54
51
47
42
38
37
39
38
35
25
16
7
1
-1
0
0
-1
-1
0
0
4
4
2
-1
-4
-5
-2
0
4
5
3
-1
-9
-17
-26
-33
-37
-37
-37
-34
-35
-36
-38
-39
-36
-30
-24
-19
-16
-14
-11
-6
0
4
5
5
7
11
19
28
41
53
60
62
55
43
31
22
19
21
26
35
41
46
48
49
46
44
40
34
24
15
5
-2
-4
-7
-12
-19
-25
-30
-30
-33
-34
-35
-40
-46
-51
-55
-52
-43
-29
-12
-2
4
4
0
-7
-13
-18
-19
-18
-14
-8
-2
4
8
11
11
11
11
12
11
11
11
13
19
27
34
38
36
34
28
24
20
19
18
17
18
18
19
21
20
18
10
1
-9
-17
-20
-20
-15
-11
-7
-10
-15
-25
-36
-47
-56
-61
-65
-64
-60
-56
-51
-48
-47
-47
-46
-41
-33
-22
-10
1
8
12
12
13
12
14
20
29
40
52
63
71
73
74
73
68
61
55
51
48
42
33
24
17
12
7
1
1
1
2
4
5
3
-3
-11
-17
-25
-30
-35
-38
-43
-46
-50
-54
-56
-55
-51
-47
-39
-32
-25
-22
-21
-23
-24
-24
-22
-17
-12
-6
-2
4
12
20
28
36
43
49
52
54
55
54
49
43
37
33
29
22
20
25
33
41
46
46
41
34
22
10
3
2
3
5
2
0
1
2
-1
-11
-21
-29
-33
-37
-47
-59
-71
-78
-81
-76
-67
-55
-45
-34
-28
-29
-33
-38
-44
-43
-36
-25
-14
-5
1
6
9
14
15
15
14
15
14
15
17
21
26
30
32
34
36
35
34
35
34
35
36
39
39
40
39
40
37
34
27
17
7
-5
-15
-27
-40
-51
-60
-64
-67
-68
-68
-66
-60
-50
-39
-27
-17
-5
2
6
6
5
2
1
2
4
7
10
13
14
14
14
14
15
20
31
42
52
56
54
50
43
35
30
28
29
35
43
50
52
52
46
37
30
21
13
5
-2
-5
-6
-4
-2
-2
-5
-10
-21
-31
-40
-48
-56
-63
-69
-67
-59
-49
-41
-38
-38
-41
-39
-40
-36
-35
-32
-31
-31
-31
-32
-30
-27
-24
-21
-21
-21
-21
-17
-9
4
16
29
39
43
42
36
29
24
22
24
29
34
36
35
28
22
17
14
17
19
21
20
16
9
5
1
0
2
4
6
7
5
2
0
0
2
5
7
9
9
8
7
2
1
-1
0
-1
-2
-3
-5
-9
-14
-21
-26
-31
-32
-29
-24
-16
-11
-5
-1
2
3
2
1
-3
-3
-3
-1
4
12
22
32
41
47
49
49
48
45
39
30
16
5
0
0
4
10
11
9
5
-2
-11
-21
-31
-40
-47
-51
-53
-51
-44
-38
-31
-27
-29
-33
-40
-45
-45
-40
-37
-32
-28
-22
-16
-11
-6
-4
-1
2
2
1
-1
-4
-4
1
7
12
18
22
25
26
29
30
34
38
44
51
57
60
58
54
43
31
18
8
2
-2
-2
-1
3
5
6
8
9
8
5
1
-3
-8
-8
-9
-7
-5
-2
-3
-5
-9
-15
-18
-24
-32
-40
-44
-45
-41
-34
-25
-17
-11
-5
-2
0
1
2
4
11
17
24
28
26
21
13
8
5
1
0
1
8
16
24
26
20
11
2
-4
-7
-7
-6
-5
-3
-1
1
5
9
13
16
15
10
3
-4
-9
-11
-12
-13
-14
-16
-19
-22
-25
-28
-29
-29
-29
-29
-29
-31
-28
-25
-19
-11
-4
0
3
4
8
11
14
16
18
20
20
21
22
22
22
21
19
18
17
16
16
17
17
17
15
13
10
4
3
1
0
-2
-5
-6
-4
1
7
12
14
12
7
0
-5
-10
-15
-18
-20
-19
-15
-10
-3
3
5
6
3
-2
-5
-10
-10
-11
-11
-11
-9
-7
-6
-4
-4
-8
-12
-18
-22
-21
-14
-5
2
7
9
12
15
19
17
12
6
4
5
7
9
8
7
6
6
6
4
3
3
4
4
4
3
1
0
-1
-3
-2
-4
-3
-3
-3
-5
-6
-10
-14
-17
-18
-17
-15
-12
-7
-5
-4
-4
-6
-7
-6
-5
-2
2
5
8
8
8
4
1
-1
-3
-1
1
3
5
6
6
6
7
9
13
17
20
23
21
20
18
15
16
17
18
19
19
17
13
8
3
-2
-7
-10
-14
-15
-14
-15
-17
-21
-24
-26
-24
-19
-13
-5
1
5
5
1
-6
-13
-18
-18
-15
-9
-5
-1
2
2
4
9
12
13
12
8
2
-5
-11
-11
-7
-4
-1
5
10
15
16
12
8
4
-1
-6
-7
-7
-7
-4
-1
3
6
11
13
13
10
4
-2
-7
-8
-8
-6
-2
2
7
11
13
13
9
3
-5
-9
-13
-12
-10
-8
-7
-6
-7
-8
-9
-9
-7
-4
0
2
4
3
0
-4
-7
-6
-2
4
10
13
13
11
9
5
1
-3
-3
-5
-2
-1
0
2
1
0
0
0
0
2
0
1
1
0
1
2
6
8
12
13
16
15
12
8
5
0
-2
-3
-6
-7
-4
-2
0
0
-3
-7
-11
-13
-14
-14
-14
-14
-11
-8
-5
-1
0
1
2
1
1
-2
-6
-8
-8
-8
-7
-6
-3
-1
1
2
3
3
4
4
5
5
4
5
5
5
5
6
8
13
19
24
28
27
23
17
10
4
1
-2
-4
-6
-8
-8
-7
-6
-5
-3
-5
-8
-10
-12
-14
-14
-13
-14
-14
-16
-16
-16
-14
-12
-12
-12
-13
-12
-10
-8
-5
-3
0
2
2
2
2
1
2
3
5
9
13
16
20
22
22
21
19
17
15
12
10
9
7
5
4
4
3
1
1
2
1
3
3
1
-1
-4
-6
-8
-8
-7
-4
-2
0
0
1
-2
-5
-9
-12
-12
-13
-11
-7
-3
-2
-5
-8
-8
-8
-9
-10
-10
-6
-3
0
2
5
9
12
15
13
9
5
2
0
-1
-2
-1
4
7
12
13
12
9
3
-3
-9
-10
-12
-7
-2
-1
1
1
1
1
2
1
1
-1
0
-1
-1
-3
-4
-8
-12
-16
-18
-18
-14
-10
-2
4
8
9
10
10
9
11
10
10
8
6
5
4
4
5
5
6
5
3
1
0
1
0
-1
-2
-4
-6
-6
-3
-1
1
1
1
2
2
3
3
3
1
4
5
6
6
1
-1
-6
-9
-12
-14
-13
-10
-7
-6
-9
-11
-15
-14
-12
-10
-8
-3
0
2
3
3
1
1
3
5
8
10
12
11
11
9
8
9
10
10
9
7
4
3
3
2
0
-2
-3
-1
0
1
1
1
0
-1
1
1
1
1
1
1
1
0
1
-1
-1
-3
-3
-5
-8
-13
-17
-20
-24
-24
-25
-22
-16
-10
-5
-1
3
7
8
10
10
9
7
9
10
13
14
13
10
7
5
4
5
5
6
8
9
11
12
11
9
7
6
1
-2
-6
-10
-12
-13
-12
-8
-2
2
6
5
2
-2
-5
-6
-5
-3
1
5
6
8
7
4
2
-2
-6
-10
-13
-14
-13
-9
-4
0
5
7
10
7
4
0
-2
-2
-2
-1
3
5
11
15
16
12
9
4
0
-3
-5
-9
-8
-6
-4
-3
-2
-2
-3
-5
-9
-15
-21
-25
-23
-20
-15
-11
-7
-4
-1
2
4
6
8
8
12
16
19
21
18
14
10
7
5
4
3
2
2
3
4
6
6
7
7
10
11
10
6
1
-4
-7
-9
-10
-11
-11
-12
-9
-6
-5
-3
-1
0
0
-2
-5
-8
-10
-13
-12
-10
