SAMPLES:	16902
BITSPERSAMPLE:	16
CHANNELS:	1
SAMPLERATE:	16000
NORMALIZED:	FALSE
-1
0
-1
0
0
0
0
0
0
0
-2
0
-1
0
-2
0
0
-1
-1
0
0
0
0
0
1
1
-1
1
0
1
1
2
2
3
3
3
3
4
3
3
3
3
2
4
2
2
2
1
0
0
0
0
1
1
-1
-1
-2
-2
-2
-3
-2
-3
-1
-2
-1
-2
-2
0
-1
0
1
0
0
-1
-1
-4
-5
-3
-4
-4
-3
-4
-3
-3
-2
-3
-3
-3
-2
-2
-1
-1
1
1
1
0
1
1
3
3
1
2
1
1
1
1
2
2
2
3
2
3
2
2
3
2
2
2
2
2
0
1
0
0
0
-1
1
0
0
-1
0
0
0
0
0
-1
0
-1
1
0
0
1
0
0
0
0
0
0
0
0
-1
0
0
0
1
0
1
0
0
0
0
-1
0
0
1
1
0
0
0
-1
-1
0
0
0
-1
0
0
1
0
1
0
0
1
0
0
1
0
-1
-1
-1
-1
0
0
0
0
0
0
-1
1
0
0
0
0
1
2
2
2
1
1
0
1
1
2
1
1
1
1
-1
-1
-1
-1
0
-1
-2
-1
-1
-1
0
-1
-1
0
-3
1
0
-3
2
-4
3
-3
2
0
0
0
-1
0
0
0
1
0
2
2
2
2
2
1
2
2
1
2
2
1
1
-1
0
-1
0
0
1
1
1
0
1
1
-1
0
0
0
1
0
0
-1
-1
-2
-2
-2
-3
-3
-4
-4
-4
-4
-5
-5
-5
-3
-2
-2
-1
-1
0
0
0
0
0
1
1
1
0
0
-1
1
1
1
1
1
2
2
3
3
3
2
2
2
2
1
1
1
0
0
0
-1
-1
-1
-1
-1
-1
0
0
1
0
-1
0
1
1
1
1
1
1
-1
-1
0
0
1
1
1
2
1
-1
0
0
0
0
0
0
0
0
0
0
0
0
-1
0
-1
-1
-1
0
0
-1
2
2
1
1
2
2
3
2
2
1
1
0
0
0
0
0
-1
-1
-1
-1
-2
-3
-4
-5
-5
-5
-4
-4
-4
-3
-3
-3
-3
-2
-2
-2
-2
0
-1
-1
0
0
0
0
0
1
1
1
2
2
2
1
2
2
1
2
2
2
1
3
1
1
1
1
1
1
1
1
1
1
1
1
1
1
2
0
0
0
0
0
0
0
-1
-1
0
2
1
1
1
0
0
0
0
0
0
0
0
1
0
0
0
0
0
0
0
0
0
-1
0
0
1
0
0
0
0
0
0
0
1
0
0
0
0
0
0
-1
0
0
-1
-2
-3
-3
-3
-3
-2
-2
-3
-2
-2
-2
-2
-2
-2
-2
-1
0
0
0
1
2
1
1
0
1
1
1
1
0
2
2
2
2
3
1
1
1
0
0
0
1
1
0
1
0
0
-1
-1
-1
-1
-1
-1
1
-1
-1
-1
-2
-2
-1
-2
-1
0
-1
1
-1
0
0
0
0
1
1
1
1
0
1
0
0
2
2
2
2
2
2
1
1
1
1
1
2
1
2
2
1
1
1
1
0
1
1
0
-1
-2
-2
-3
-3
-4
-4
-4
-5
-5
-5
-5
-4
-3
-2
-1
-2
-3
-2
-2
-2
-2
-1
-1
0
0
0
0
0
0
1
1
1
1
2
1
1
1
2
3
5
5
6
6
6
5
4
3
2
1
2
2
2
2
2
0
0
0
-1
-2
-4
-2
-3
-3
-4
-3
-3
-3
-3
-3
-3
-3
-2
-1
-1
0
0
0
0
0
0
2
1
1
1
2
2
2
1
1
0
1
0
0
-1
-1
0
0
0
0
-1
1
1
2
2
2
3
2
1
2
1
1
0
0
-1
-1
-2
-2
-3
-2
-2
-2
-2
-3
-3
-2
-4
-4
-4
-3
-3
-2
-2
-2
-1
-1
0
0
0
0
1
1
1
1
1
1
1
1
1
1
0
0
0
0
0
2
1
1
1
1
0
0
0
0
1
1
1
3
1
2
2
2
1
1
0
-1
-1
0
-1
0
-1
-1
-1
1
-1
0
1
1
1
1
0
0
0
0
1
1
2
3
3
2
3
2
0
1
0
0
0
0
0
0
-1
-1
-1
-1
-2
-2
-2
-2
-2
-2
-3
-3
-3
-4
-3
-2
-2
-2
-3
-4
-3
-4
-3
-1
-2
-1
0
0
0
-1
0
-1
0
0
0
0
1
3
1
2
2
2
2
0
1
1
0
-1
1
1
0
1
-1
0
0
1
0
0
0
2
2
2
3
2
3
3
3
4
2
2
2
1
2
0
-1
0
-1
0
1
0
1
-1
0
0
-1
-2
-2
-2
-1
-2
0
0
0
0
0
1
1
1
1
1
0
1
2
0
1
0
-1
0
0
1
0
0
0
0
0
0
-1
-1
-2
-2
-2
-2
-2
-2
-2
-2
-1
-2
0
-1
-1
-1
0
0
-1
0
0
0
0
0
-1
0
0
0
0
0
0
1
0
0
0
0
1
0
0
0
0
1
1
1
1
1
0
1
2
1
1
1
1
0
0
0
0
0
0
0
0
0
0
0
-1
1
0
0
0
-1
-1
-1
-1
1
0
0
0
-1
0
0
0
0
1
1
0
1
0
0
-1
0
-1
0
0
0
0
0
0
0
1
1
1
1
1
1
1
0
0
0
0
0
0
0
0
0
-1
-1
-1
-2
-2
-2
-2
-2
-2
0
-1
-1
0
1
0
1
-1
0
0
-1
1
0
2
3
1
3
3
0
3
-3
5
-1
5
1
2
1
2
2
1
1
1
1
0
0
0
0
0
0
-1
-1
-2
-1
-2
-3
-2
-3
-2
-2
-3
-1
-1
-1
-2
-1
0
0
0
0
0
0
0
1
-1
0
0
0
0
-1
0
0
0
0
0
1
0
0
0
0
0
0
1
1
3
3
3
3
3
3
2
2
1
1
0
1
0
-1
0
0
0
-1
-1
-2
-2
-2
-2
-2
0
-1
0
0
-1
-2
-2
-2
-2
-1
-1
-1
-1
-1
0
0
0
-1
0
0
0
-1
0
-1
0
0
0
0
0
0
0
-1
1
0
1
0
0
0
0
1
1
1
0
1
2
0
0
0
0
0
0
0
0
0
0
0
0
0
0
1
-1
0
0
0
0
0
0
0
-1
0
-1
0
0
0
0
0
-1
0
1
0
0
0
1
0
0
1
1
1
1
1
1
0
0
0
0
0
0
1
0
1
0
-1
-1
-1
0
0
0
0
0
0
0
-1
0
0
1
-1
-1
0
-1
-2
-2
-2
-2
-2
-2
-3
-1
-1
0
0
0
0
0
0
0
0
0
0
0
1
0
2
1
1
1
0
0
1
0
1
2
0
4
-2
5
-2
2
-1
1
0
-1
0
0
-1
0
0
0
0
-1
0
1
0
0
1
0
0
0
1
0
0
1
-1
0
0
0
0
0
0
-1
0
1
0
0
0
1
-1
0
0
0
-1
0
0
0
-1
0
1
0
-1
0
0
-1
-1
0
0
0
0
-1
-1
-1
0
0
0
0
0
0
0
0
0
1
0
-1
0
1
0
1
0
0
0
-1
-1
-1
-1
-1
-1
-1
-2
0
0
0
0
0
1
0
0
1
0
1
2
0
2
1
2
2
1
2
0
1
2
-1
3
0
-1
4
-3
3
-3
2
-1
0
0
0
0
0
-1
-1
-1
-1
-1
0
-2
-1
-2
-1
-2
0
0
0
0
0
0
0
0
0
0
0
0
0
-1
0
0
0
-1
0
0
1
1
0
0
0
0
-1
0
1
0
-1
0
0
0
0
-1
0
0
0
0
0
-1
-1
0
0
0
0
1
1
1
1
1
0
1
0
0
0
0
0
0
0
1
0
-1
0
-1
-2
-1
-1
-1
0
0
0
0
0
0
0
0
1
0
0
0
0
-1
-1
1
-2
0
0
0
0
-1
0
1
-1
2
1
-2
2
-3
2
-4
2
-1
-1
0
0
-1
0
0
-1
1
-1
0
0
-1
0
0
0
0
1
1
2
3
2
2
1
3
2
1
1
1
1
1
1
1
1
0
1
0
0
-1
-1
-1
-2
-4
-3
-4
-5
-4
-4
-2
-3
-2
0
-1
0
0
1
0
0
0
1
1
2
3
1
1
1
0
1
0
-1
0
1
1
2
2
1
3
3
3
3
4
3
3
3
1
1
0
0
-2
-3
-4
-5
-6
-6
-7
-7
-7
-7
-7
-6
-5
-2
-2
-1
1
3
3
6
7
7
7
8
7
8
7
6
5
3
0
-3
-6
-9
-8
-9
-9
-8
-6
-3
-2
1
3
5
8
10
11
11
12
12
11
9
9
8
6
3
2
0
-1
-4
-5
-6
-6
-5
-7
-6
-6
-6
-4
-3
-2
-1
-2
-4
-7
-9
-12
-12
-12
-14
-16
-21
-28
-34
-41
-43
-42
-37
-31
-23
-14
-2
6
13
19
25
30
39
46
55
67
79
93
107
122
139
160
181
202
216
225
229
225
214
185
137
78
7
-73
-153
-257
-384
-526
-695
-863
-1027
-1162
-1266
-1359
-1371
-1290
-1119
-868
-571
-248
86
419
733
1034
1332
1620
1901
2142
2310
2393
2390
2283
2078
1807
1490
1138
766
393
31
-316
-639
-926
-1182
-1407
-1595
-1752
-1887
-1996
-2084
-2144
-2175
-2174
-2137
-2054
-1934
-1788
-1596
-1351
-1063
-731
-344
95
582
1110
1661
2236
2878
3555
4164
4648
5016
5262
5349
5263
4986
4498
3801
2919
1881
713
-575
-1943
-3329
-4653
-5876
-6952
-7810
-8395
-8683
-8668
-8350
-7731
-6823
-5644
-4244
-2702
-1078
580
2200
3705
5037
6164
7063
7710
8087
8179
8005
7605
7010
6245
5339
4350
3340
2349
1386
459
-413
-1206
-1913
-2549
-3133
-3658
-4119
-4523
-4891
-5222
-5489
-5671
-5772
-5797
-5736
-5565
-5266
-4834
-4273
-3585
-2778
-1854
-830
264
1399
2545
3676
4753
5733
6590
7322
7912
8333
8570
8628
8504
8193
7677
6947
6027
4950
3709
2294
739
-881
-2518
-4189
-5861
-7459
-8917
-10197
-11278
-12121
-12642
-12783
-12534
-11935
-10987
-9648
-7974
-6022
-3852
-1616
692
3100
5395
7479
9359
10911
12160
13117
13592
13598
13298
12657
11650
10359
8781
6982
5154
3293
1309
-670
-2500
-4191
-5694
-7022
-8246
-9225
-9856
-10314
-10636
-10727
-10621
-10282
-9690
-9024
-8266
-7282
-6142
-4877
-3524
-2222
-868
677
2233
3698
5107
6430
7733
9007
10016
10744
11391
11969
12314
12369
12127
11638
11046
10242
8972
7386
5668
3721
1610
-687
-3292
-5828
-8100
-10430
-12700
-14642
-16301
-17461
-18037
-18390
-18288
-17358
-15979
-14196
-11885
-9394
-6478
-3089
121
3314
6536
9440
12248
14626
16288
17658
18532
18771
18467
17504
16201
14666
12792
10639
8077
5472
3043
472
-2019
-4383
-6693
-8555
-10128
-11647
-12819
-13665
-14261
-14488
-14489
-14372
-13933
-13050
-11933
-10766
-9413
-7782
-5937
-3903
-1882
40
2176
4458
6523
8455
10230
11754
13271
14579
15306
15771
16103
16092
15802
15086
13883
12668
11364
9580
7467
5156
2763
469
-2030
-4867
-7610
-10048
-12319
-14579
-16727
-18413
-19369
-19708
-19832
-19711
-18976
-17742
-16094
-14024
-11824
-9235
-5940
-2474
859
4162
7346
10532
13680
16190
17869
19093
19914
20132
19725
18689
17216
15712
13972
11514
8642
5816
3044
362
-2356
-5278
-7879
-9778
-11447
-13075
-14371
-15352
-15808
-15600
-15394
-15207
-14423
-13235
-11747
-10133
-8800
-7142
-4989
-2834
-729
975
2740
5102
7164
8837
10266
11366
12912
14269
14676
14979
15160
15215
15259
14474
13249
12256
11033
9564
7762
5442
3237
1204
-1172
-3733
-6320
-8911
-11087
-12993
-15112
-17047
-18334
-19073
-19309
-19297
-19186
-18502
-17125
-15406
-13423
-11194
-8600
-5443
-2041
1231
4456
7749
11030
14048
16498
18348
19717
20593
20830
20378
19420
18171
16641
14685
12214
9386
6497
3672
795
-2227
-5197
-7819
-10023
-11977
-13795
-15317
-16332
-16855
-17032
-16964
-16632
-15908
-14740
-13267
-11651
-9920
-7969
-5787
-3500
-1223
970
3195
5512
7615
9468
11263
12831
14174
15373
16189
16730
17140
17120
16735
16188
15255
13955
12472
10628
8460
6170
3656
981
-1690
-4481
-7316
-9990
-12510
-14779
-16794
-18506
-19614
-20229
-20479
-20208
-19627
-18737
-17491
-16013
-13864
-11228
-8701
-5808
-2533
699
4200
7589
10455
13369
16186
18299
19790
20667
20916
20802
20236
19025
17466
15667
13421
10831
7987
4867
1784
-1162
-4199
-7172
-9813
-12145
-14112
-15655
-16967
-17948
-18225
-17989
-17621
-16931
-15811
-14329
-12374
-10247
-8246
-6016
-3497
-949
1561
3892
6086
8324
10507
12418
13934
15262
16644
17731
18283
18442
18290
18011
17491
16268
14601
12827
10680
8255
5585
2445
-628
-3455
-6517
-9581
-12418
-15071
-17188
-18803
-20135
-20927
-21132
-20827
-20116
-19342
-18353
-16775
-14703
-12242
-9671
-7077
-3935
-478
2815
6100
9092
11900
14930
17408
19036
20186
20648
20724
20578
19602
18118
16571
14609
12291
9636
6510
3434
498
-2622
-5664
-8512
-11097
-13319
-15318
-16775
-17708
-18570
-18826
-18298
-17608
-16729
-15443
-13704
-11485
-9181
-7024
-4673
-1910
885
3402
5782
8026
10248
12607
14541
15909
17237
18340
19047
19494
19223
18431
17784
16703
14926
12928
10397
7540
4920
1859
-1622
-4707
-7706
-10702
-13283
-15822
-18127
-19500
-20344
-20952
-20986
-20569
-19854
-18790
-17532
-16089
-14162
-11586
-8829
-6166
-3169
6
3180
6694
9894
12500
15272
17705
19228
20307
20740
20465
20078
19328
17880
16175
14231
11763
9050
6163
2936
-167
-2995
-6015
-8980
-11479
-13719
-15562
-16904
-18091
-18826
-18703
-18197
-17542
-16450
-15029
-13249
-10887
-8471
-6254
-3707
-970
1611
4249
6750
9010
11437
13711
15380
16826
18110
18933
19495
19656
19045
18135
17200
15708
13594
11200
8538
5753
2973
-216
-3639
-6543
-9235
-12064
-14462
-16597
-18585
-19667
-20232
-20807
-20792
-20237
-19474
-18284
-16853
-15240
-12957
-10080
-7276
-4655
-1763
1436
4834
8230
10927
13204
15864
18202
19630
20519
20762
20621
20471
19516
17697
15841
13685
11078
8403
5254
1763
-1303
-4311
-7453
-10212
-12766
-15015
-16598
-17987
-19110
-19437
-19222
-18600
-17614
-16507
-14936
-12749
-10254
-7656
-5254
-2815
93
3043
5753
8282
10447
12602
14921
16672
17747
18678
19313
19583
19623
18889
17516
16259
14632
12389
10036
7254
4206
1482
-1568
-4915
-7718
-10307
-12858
-15038
-17158
-18899
-19674
-20105
-20509
-20476
-19995
-19015
-17592
-16135
-14499
-12329
-9662
-6770
-3969
-1114
2000
5186
8418
11418
13824
16150
18442
19953
20828
21324
21098
20560
19852
18118
15835
13871
11386
8249
5150
1714
-1669
-4479
-7554
-10712
-13321
-15561
-17119
-18261
-19501
-20105
-19855
-19200
-18090
-16741
-15263
-13307
-10799
-7948
-5219
-2794
-104
2934
5865
8601
10885
12853
15105
17092
18374
19395
19916
20053
20193
19602
18278
16966
15278
13120
10891
8111
4904
2112
-721
-4043
-7138
-9937
-12637
-14840
-16863
-18880
-20114
-20654
-21034
-21073
-20772
-20143
-18856
-17155
-15443
-13614
-11346
-8495
-5397
-2482
381
3472
6778
10005
12775
15157
17501
19588
20957
21670
21802
21396
20811
19814
18054
15905
13357
10466
7591
4267
649
-2551
-5729
-8933
-11838
-14608
-16740
-18070
-19309
-20309
-20659
-20425
-19517
-18190
-16890
-15327
-13075
-10309
-7446
-4771
-2219
641
3971
7239
9828
11839
13908
16304
18513
19833
20267
20485
20809
20855
20114
18625
16913
15182
13110
10549
7544
4350
1415
-1425
-4581
-7804
-10765
-13263
-15277
-17329
-19371
-20576
-20964
-21127
-21173
-21098
-20521
-18919
-17007
-15588
-14071
-11921
-8982
-5439
-2502
-200
2779
6247
9645
12813
15068
16993
19394
21301
22172
22278
21730
21225
20768
19293
16758
13963
11241
8495
5316
1571
-2095
-5270
-8313
-11427
-14335
-16623
-18133
-19311
-20469
-21217
-21157
-20225
-18746
-17393
-16095
-14124
-11366
-8245
-5289
-2878
-282
3228
6749
9467
11634
13565
15947
18625
20103
20499
20916
21139
21142
20839
19333
17278
15695
13784
11119
8089
4704
1657
-835
-4004
-7691
-10670
-12997
-15023
-17008
-19196
-20691
-20980
-21021
-21255
-21316
-20855
-19330
-17160
-15588
-14382
-12430
-9463
-5914
-2874
-705
1965
5607
9169
12183
14602
16656
18916
21049
22280
22467
22057
21693
21297
20108
17856
15031
12347
9768
6583
2777
-995
-4342
-7425
-10656
-13958
-16659
-18393
-19676
-21011
-21912
-21962
-21263
-19856
-18368
-17249
-15520
-12680
-9485
-6483
-3976
-1545
1862
5624
8502
10840
12996
15248
17936
19865
20549
21066
21454
21604
21476
20257
18384
16764
14903
12432
9540
6291
3141
417
-2565
-6119
-9321
-11766
-13931
-16004
-18130
-20000
-20737
-20800
-21152
-21330
-20967
-20113
-18319
-16365
-15097
-13425
-10919
-8046
-4694
-1851
204
3249
7086
10226
12920
15289
17264
19570
21555
22145
22154
22140
21636
20868
19558
17017
14241
11844
8876
5346
1736
-1987
-5385
-8438
-11679
-14878
-17350
-18895
-20132
-21405
-22084
-21980
-21152
-19559
-18106
-16986
-14966
-12015
-8913
-5910
-3381
-850
2702
6331
8982
11395
13674
15815
18455
20255
20564
21171
21747
21466
21272
20172
17871
16415
14852
11891
8992
5973
2512
-98
-2947
-6763
-9635
-11770
-14189
-16135
-18061
-20020
-20389
-20099
-20748
-21081
-20449
-19536
-17839
-15821
-14725
-13286
-10619
-7935
-4993
-1953
-30
2500
6475
9516
11745
14313
16390
18496
20832
21702
21711
22039
21670
20737
19731
17561
14662
12264
9605
6092
2439
-1071
-4547
-7739
-10919
-14397
-17041
-18434
-19878
-21325
-21985
-22133
-21397
-19729
-18393
-17201
-15086
-12412
-9467
-6235
-3546
-1175
2129
5762
8559
10955
13286
15565
18028
19770
20336
20890
21452
21370
20957
19904
18027
16401
14902
12308
9324
6638
3322
470
-1808
-5593
-8749
-10442
-13117
-14932
-16339
-19051
-19556
-19066
-20139
-20151
-19792
-19625
-17815
-16058
-15045
-13530
-11455
-8916
-6445
-3933
-1254
1093
4096
7449
9755
12015
14602
16758
18869
20412
20795
21339
21897
21090
19885
18860
16761
14191
11776
8438
4844
1847
-1616
-5308
-8541
-11999
-15125
-17097
-18825
-20595
-21774
-22319
-22025
-20979
-19937
-18704
-16752
-14508
-11988
-8923
-5890
-3028
73
3249
6451
9517
12036
14512
17085
18903
20101
21203
21823
21869
21590
20832
19591
18049
16201
13937
11181
8284
5465
2450
-683
-3788
-6964
-9690
-11774
-13918
-16088
-17816
-19092
-19684
-19808
-20123
-20143
-19515
-18643
-17213
-15465
-14183
-12490
-10056
-8037
-5934
-2919
-183
2066
5021
7987
10230
12838
15424
17160
19009
20506
21068
21829
21863
20569
19890
19018
16380
13601
11104
7748
4166
836
-2723
-6345
-9829
-13040
-15665
-18006
-20054
-21272
-22027
-22465
-21976
-20910
-19650
-17805
-15680
-13533
-10864
-7738
-4525
-1374
1433
4313
7720
10779
13079
15266
17282
18945
20413
21223
21239
20987
20603
20001
18907
17003
14742
12488
10073
7508
4554
1264
-1505
-4059
-7021
-9692
-11888
-13841
-15380
-16949
-18372
-18865
-18990
-19097
-18762
-18350
-17764
-16255
-14440
-13078
-11682
-10003
-8106
-5552
-2595
-312
1485
4058
7239
9897
12068
14123
16007
17880
19421
20203
20701
20753
20024
19287
18168
15675
12838
10251
7140
3798
395
-3385
-6761
-9680
-12934
-15946
-18085
-19649
-20750
-21550
-22067
-21716
-20537
-18995
-17154
-15236
-13162
-10374
-7062
-3863
-1018
1674
4738
8211
11219
13339
15291
17330
18990
20419
21351
21263
20950
20751
20173
18992
16914
14645
12717
10176
7267
4402
1080
-1851
-4330
-7457
-10295
-12247
-14238
-15992
-17379
-18801
-19358
-19069
-19086
-19000
-18463
-17780
-16261
-14110
-12681
-11628
-10017
-8000
-5294
-2054
-58
1256
4300
7823
10180
12604
14799
16350
18517
20271
20731
21140
21090
20343
19925
18554
15503
12817
10543
7233
3639
151
-3713
-6984
-9879
-13540
-16661
-18406
-19913
-21186
-22008
-22594
-22098
-20453
-18768
-17117
-15341
-13309
-10182
-6302
-3220
-953
1783
5415
9019
11682
13743
15803
17890
19879
21171
21380
21238
21138
20866
20169
18430
16111
14253
12036
9025
6083
2838
-481
-2845
-5688
-9445
-11897
-13484
-15554
-17148
-18587
-19973
-19848
-19326
-19497
-19360
-18727
-17335
-15323
-13645
-12275
-11210
-9402
-5943
-2828
-960
827
3489
7232
10317
12268
14483
16617
18649
20566
21301
21523
21501
20901
20593
19392
16352
13589
11297
8138
4663
889
-3143
-6334
-9446
-13114
-16168
-18406
-19894
-20779
-21962
-22808
-22247
-20631
-18723
-17217
-15851
-13644
-10456
-6868
-3773
-1368
1305
4880
8706
11459
13258
15375
17783
19887
21180
21346
21213
21135
20946
20524
18745
16201
14454
12336
9408
6472
3041
-152
-2519
-5530
-8962
-11525
-13527
-15197
-16609
-18456
-19890
-19677
-19273
-19509
-19148
-18498
-17486
-15158
-13247
-12405
-10946
-8943
-6098
-2454
-643
409
3884
7664
9987
12522
14608
16157
18882
20942
21179
21433
21334
20685
20474
18965
15651
12908
10627
7421
3861
-142
-4324
-7015
-9987
-14300
-17085
-19062
-20761
-20898
-22304
-23570
-21884
-20557
-18962
-16460
-15498
-13137
-9211
-6160
-2800
-243
2119
6247
9765
12278
14476
16082
18373
20573
21583
21971
21472
20881
20998
20437
18363
15842
13853
11485
8273
5210
2023
-1325
-4003
-7019
-10450
-12803
-14781
-16749
-17814
-19142
-20467
-20056
-19567
-19647
-18916
-18259
-17090
-14394
-12586
-11816
-10232
-8045
-4652
-944
390
1806
5732
9017
11253
14285
16276
17377
19705
21493
21632
21546
21040
20208
19588
17594
14285
11682
9109
5553
1938
-1847
-5761
-8784
-11760
-15331
-18094
-19631
-20685
-21531
-22313
-22596
-21565
-19445
-17318
-15763
-14090
-11352
-7778
-4158
-1068
1362
4030
7655
11337
13783
15176
16915
19451
21439
21857
21562
21353
21037
20922
20013
17102
14436
12627
9877
6850
3075
-1041
-3175
-6033
-10249
-12491
-14800
-17576
-18064
-18670
-20725
-21553
-20568
-19421
-19076
-18552
-17185
-15377
-12926
-10956
-10178
-8241
-4494
-1225
734
2548
5225
8536
11598
14064
16023
17577
19110
20839
21968
21604
20470
20082
19819
17854
14662
11647
8934
6307
2860
-1634
-5475
-8492
-11677
-14686
-17615
-20092
-20917
-21385
-22460
-22544
-21640
-20276
-17813
-15634
-14356
-11896
-8230
-4606
-1099
1609
3721
7003
11084
13736
14881
16499
18992
20949
21674
21464
20993
20920
20823
19730
17478
14792
12461
10326
7454
3675
11
-2849
-5474
-8458
-11613
-14436
-16259
-17095
-18075
-19628
-20684
-20290
-19112
-18407
-17966
-17106
-15502
-12953
-10820
-9974
-8624
-5580
-1804
643
1588
3953
7692
10378
12825
15167
16324
17841
20085
21349
21227
20387
19822
19607
18400
15700
12324
9315
7032
4180
-220
-4774
-8150
-10766
-13675
-17146
-19818
-21102
-21973
-22282
-22193
-22286
-21070
-18401
-16184
-14332
-12061
-9265
-5467
-1467
1198
3319
6582
10432
13319
15126
16667
18417
20387
21834
21824
20982
20488
20259
19661
17791
14724
12251
10300
7494
4306
884
-2712
-5236
-7474
-10637
-13468
-15364
-16784
-17662
-18609
-19722
-19932
-19373
-18652
-17883
-17348
-16307
-13967
-11582
-10337
-9426
-7108
-3244
-216
1167
3180
6293
9305
12323
14676
15899
17622
19797
21103
21696
21215
20007
19833
19418
16727
13269
10297
7348
4468
936
-3565
-7283
-10071
-13228
-16223
-18617
-20581
-21458
-21751
-22205
-21969
-20894
-19089
-16376
-14180
-12665
-9811
-5859
-2328
711
3192
5687
9465
13181
14928
16348
18629
20244
21422
22584
22011
20510
20328
20345
18480
15320
12644
10291
7389
4381
832
-3182
-5935
-8312
-11552
-14307
-16518
-18293
-18784
-19442
-20863
-21113
-20326
-19495
-18247
-17206
-16380
-14136
-11330
-9928
-8575
-5639
-2336
210
2576
5170
7783
10614
13694
16167
17792
19258
20730
22071
22482
21265
20103
19705
18110
15401
12498
8984
5730
2787
-1232
-5332
-8712
-12316
-15392
-17458
-19675
-21445
-21925
-22091
-21980
-21188
-20120
-18119
-15184
-12964
-10924
-7520
-3718
-456
2687
5485
8214
11725
14965
16806
18230
19937
21413
22360
22395
21316
20184
19667
18592
16167
13222
10237
7242
4507
1277
-2737
-6191
-8998
-11719
-14001
-16238
-18389
-19437
-19812
-20313
-20563
-20283
-19611
-18185
-16467
-15601
-14223
-11555
-9812
-8123
-4866
-2164
-175
2539
5586
8519
10651
12824
16274
18570
19035
20269
21774
21857
21093
20254
19228
17294
14511
11786
8715
5189
1928
-1929
-5919
-8982
-12662
-16130
-18006
-20116
-21746
-22138
-22746
-22365
-21034
-19961
-17868
-15285
-13011
-10035
-6688
-3304
65
3022
6072
9464
12782
15385
17183
19003
20822
22084
22589
22368
21854
20836
19618
18503
15973
12624
10017
6827
3282
220
-3662
-7275
-9726
-12823
-15561
-17014
-19051
-20519
-20462
-21182
-21558
-20167
-19335
-18515
-16480
-15107
-13537
-10676
-8927
-7301
-3515
-582
816
4125
7605
9378
12262
15245
16954
19354
20581
20621
22229
22227
20159
19847
19003
15989
13354
10441
6597
3448
82
-4406
-7946
-10856
-14815
-17676
-19301
-21396
-22170
-22384
-22938
-21583
-20255
-19252
-16210
-13536
-11462
-8349
-4868
-881
1901
4048
8348
11823
13860
16849
18722
19816
21805
22761
22532
22006
20857
19786
18927
16832
13522
10585
7772
4298
953
-2645
-6451
-9123
-11835
-14954
-16980
-18829
-20414
-20608
-21110
-21795
-20808
-19472
-18561
-16888
-15310
-13926
-11192
-8610
-6828
-3588
-675
893
4527
8236
9504
12075
15462
17140
19258
20873
20826
21879
22343
20596
19903
19085
15991
13309
10787
7002
3650
237
-3936
-7429
-10789
-14485
-17232
-19039
-20754
-22190
-22664
-22375
-21809
-20597
-18749
-16660
-14136
-11232
-8151
-4814
-1425
1688
4716
8075
11474
14302
16530
18320
20010
21636
22431
22443
22215
21301
20099
19193
17087
13786
11112
8152
4394
1166
-2553
-6602
-9306
-12149
-15402
-17449
-19071
-20587
-21232
-21495
-21740
-21148
-19626
-18573
-17400
-15109
-13384
-11544
-8615
-6174
-3261
-289
1527
4892
8568
10249
12752
15831
17797
19697
20892
21401
22192
21896
20624
19952
18688
15700
12766
10306
6867
3181
-216
-4215
-7890
-10999
-14571
-17559
-19391
-20990
-22153
-22608
-22588
-21901
-20544
-18722
-16543
-14052
-11193
-8037
-4601
-1159
1716
4724
8585
11976
14425
16744
18547
20226
22269
22944
22366
22081
21266
20007
19005
16691
13436
10881
7849
4183
931
-2908
-6750
-9347
-12371
-15630
-17532
-19381
-21108
-21390
-21737
-22151
-20997
-19644
-18726
-16971
-15196
-13514
-10848
-8209
-5585
-2459
-191
2420
6469
9203
10874
13762
16493
18399
20237
21186
21534
21853
21337
20561
19700
17404
14497
12086
9234
5800
2218
-1564
-5089
-8296
-11806
-15301
-17601
-19032
-20935
-22248
-22088
-21982
-21576
-19816
-17880
-16054
-13631
-10644
-7319
-4004
-931
1996
5421
9292
12174
14355
16816
18759
20423
21918
22151
21963
21734
20671
19623
18146
15228
12498
10037
6465
2932
-288
-4096
-7260
-9962
-13444
-16120
-17770
-19729
-20820
-21206
-22012
-21588
-20218
-19583
-18320
-16371
-14918
-12742
-9972
-7555
-4603
-1763
626
4134
7495
9515
12113
15092
17166
19029
20438
21120
21712
21576
20771
20089
18585
16061
13572
10906
7780
4441
873
-2562
-5925
-9708
-13126
-15556
-17567
-19276
-20680
-21725
-21757
-21144
-20354
-18726
-16767
-14863
-11990
-8835
-6197
-3012
392
3332
6583
9908
12626
14978
17060
18908
20520
21484
21619
21378
20845
19819
18558
16593
13868
11336
8308
4970
2094
-1596
-4958
-7638
-11345
-13679
-15197
-18227
-19552
-20010
-21558
-21341
-20568
-20415
-19076
-17696
-16494
-14664
-12544
-9553
-6352
-3989
-1677
1450
5139
8068
10383
13230
15770
17705
19725
21194
21639
21459
21192
21005
19951
17526
14750
12371
9915
6703
2909
-807
-4235
-7525
-10770
-13825
-16191
-17804
-19277
-20597
-21231
-21240
-20516
-18929
-17280
-15674
-13307
-10416
-7404
-4305
-1642
1135
4915
8479
10991
13340
15527
17538
19809
21160
21165
21118
20881
20242
19473
17406
14405
12032
9438
6219
3080
-496
-3979
-6639
-9622
-12713
-14959
-17070
-18874
-19922
-20929
-21403
-20904
-20432
-19808
-18528
-17206
-15727
-13335
-10238
-7630
-5790
-3012
1079
4438
6761
9360
12406
15528
17854
19107
20567
21638
21344
21450
21535
19606
17303
15487
12924
10272
7118
2846
-303
-2932
-7217
-10865
-12964
-15472
-17453
-18639
-20341
-21032
-20280
-19684
-18573
-16813
-15305
-12860
-9568
-7021
-4497
-1476
1581
5269
8727
10780
12798
15263
17398
19212
20191
20256
20225
20017
19439
18053
15553
13247
11204
8246
5020
1789
-1645
-4325
-7078
-10522
-12903
-14724
-16949
-18190
-19145
-20420
-20162
-19309
-19190
-18346
-17213
-16350
-14127
-11246
-9113
-7139
-5029
-1987
2086
4885
6650
9565
12805
15297
17318
18580
19513
20406
20603
20546
20028
18055
15800
14014
11638
8641
5217
1578
-1385
-4436
-8303
-11450
-13509
-15391
-16969
-18407
-19598
-19486
-18552
-17715
-16427
-14789
-13054
-10321
-7300
-5144
-2648
561
3568
6708
9659
11619
13384
15645
17850
19039
19257
19240
19010
18710
17836
15714
13481
11144
8475
6217
2919
-799
-3023
-5801
-9133
-11212
-13243
-15326
-16673
-17610
-18360
-19020
-18774
-17907
-17605
-16857
-15623
-14573
-12420
-9541
-7561
-6017
-3628
-110
3327
5552
7404
10256
13548
15637
16991
18697
19466
19248
19686
19740
18285
16338
14058
11687
9653
6545
2647
-91
-2887
-6607
-9415
-11709
-14190
-15556
-16715
-18367
-18659
-17992
-17370
-15849
-14206
-12907
-10247
-7083
-4825
-2264
545
3305
6818
9620
11311
13423
15114
16491
18396
18942
18251
18014
17700
17008
15326
12349
10039
8072
4916
1825
-1156
-4519
-6938
-9282
-12315
-14245
-15594
-17214
-17945
-18510
-19069
-18156
-17161
-16917
-15711
-14272
-13433
-11349
-8243
-6026
-4563
-2547
768
4259
6484
8194
10513
13337
15545
16772
18042
18601
18398
18820
18498
17196
15306
12267
10484
8835
4795
1485
-1145
-4380
-7001
-10442
-13276
-14141
-15856
-17367
-17790
-18371
-17758
-16267
-14723
-12849
-11397
-9235
-5739
-2700
-179
2383
4999
8108
11136
13240
14681
15914
17327
18724
19237
18757
17680
16534
15839
14281
11224
8592
6269
3227
573
-2241
-5834
-8330
-10304
-13151
-15170
-16246
-17666
-18379
-18481
-19062
-18857
-17561
-16488
-15288
-13805
-12991
-11542
-7848
-4501
-3406
-1782
1411
4620
7723
9974
11478
14129
16689
17827
19180
20034
19009
18376
18786
17559
14736
12118
9435
6795
4203
236
-3742
-6128
-9089
-12687
-14811
-16477
-18127
-18639
-19231
-19940
-18858
-16933
-15189
-12798
-10612
-8674
-5120
-772
2125
4049
7038
10940
14057
16321
17889
18861
20037
21038
21559
20973
18947
17497
16258
14279
11785
7417
3978
2232
-1904
-5679
-8296
-12006
-13768
-15893
-19216
-19598
-20389
-21579
-20699
-21169
-20807
-18401
-17510
-15753
-13409
-13085
-10518
-5481
-3029
-1981
739
4166
7640
10971
13030
14646
17089
19326
20739
21801
21561
20169
20186
20252
17344
13952
11481
8250
5322
1920
-3150
-6687
-8957
-12808
-16228
-17875
-19594
-20951
-21046
-21329
-21526
-19842
-17192
-14774
-12256
-10041
-7339
-2802
1480
4174
7395
11069
13829
16938
19967
20879
21385
22896
23277
22339
21397
19624
17319
15816
13394
9235
5781
2747
-1219
-4605
-7881
-11721
-14058
-16168
-19282
-20729
-21257
-22462
-22285
-21369
-21343
-20381
-18402
-17088
-15370
-13041
-11290
-7929
-3564
-2065
-8
4599
7274
9863
13765
15665
17446
19910
21297
22321
22344
21396
20557
20125
18885
14807
11814
10400
5663
1941
-551
-6248
-9338
-11214
-16340
-18634
-19188
-21623
-22246
-21792
-22099
-21286
-18922
-16092
-13727
-11274
-8247
-4708
-225
3682
6482
10073
13696
16540
19414
21159
21811
23067
23704
22917
21933
20192
18015
16578
13956
9865
6491
3165
-642
-3938
-7479
-11346
-14010
-16012
-18532
-20484
-21504
-22340
-22091
-21269
-21195
-20290
-18466
-17019
-15062
-12934
-10598
-6910
-3998
-2120
1311
4834
7322
10589
13695
15604
17549
19360
20858
22086
21566
20328
20375
19619
16872
13982
11143
8178
5133
1075
-2939
-6119
-9721
-12995
-15296
-17570
-19408
-20785
-21647
-21182
-20576
-19925
-17718
-15194
-13106
-10241
-6943
-3153
1123
4262
7299
11282
14300
17047
20023
21137
21668
22906
23012
21952
20667
18786
16488
14744
12292
7944
4533
1750
-2552
-5494
-8235
-12668
-14832
-16506
-19458
-20234
-20938
-22152
-21252
-20723
-20567
-18836
-17275
-15719
-13184
-10463
-7627
-4965
-2360
1125
4543
7064
9921
13254
15777
17412
18806
20255
21358
21244
20452
19877
18625
16268
13728
11284
8493
4867
919
-2269
-5338
-9025
-12227
-14611
-16663
-18209
-19639
-20762
-20565
-19803
-18811
-16649
-14377
-12534
-9691
-6256
-2832
1211
4846
7729
11158
14416
16934
19433
20955
21529
22332
22300
21251
20010
17872
15554
13514
10257
6572
3276
-671
-4396
-7335
-10715
-13966
-16381
-18741
-20688
-21655
-22213
-22127
-21341
-20793
-19959
-18295
-16694
-14468
-10863
-7734
-5605
-2686
1209
4813
7813
10663
13544
16245
18417
19891
21124
21840
21211
20575
20546
18898
15744
13025
10525
7792
4400
13
-3692
-6332
-9825
-13503
-15646
-17434
-19443
-20362
-20805
-21300
-20492
-18792
-16982
-14440
-11906
-9480
-5733
-1613
1730
5240
8879
12144
15593
18679
20411
21536
22830
23471
22929
21709
19920
17780
15849
13335
9669
6069
2581
-1456
-4969
-8104
-11984
-15165
-17216
-19665
-21586
-22284
-22974
-22836
-21633
-21051
-20005
-17699
-16123
-14310
-10560
-7181
-4739
-1324
2331
5565
8960
11836
14654
17841
19556
20317
21973
22739
21641
20812
20143
18189
15576
12627
9329
6464
3095
-1295
-4779
-7730
-11641
-14887
-16874
-18907
-20460
-21216
-21722
-21285
-20003
-18754
-16708
-13708
-11301
-8916
-4909
-428
3173
6639
10218
13500
16942
20075
21767
22776
23644
23628
23160
22160
19930
17470
15295
12728
9207
5030
1089
-2921
-6543
-9629
-13844
-17169
-18886
-21747
-23210
-22943
-24057
-23444
-21451
-21414
-20129
-17548
-15822
-12361
-8393
-6518
-3529
1379
5009
7955
11556
14281
16815
19933
21458
21986
22667
22034
21423
21569
19675
16292
13675
11261
8325
4747
547
-3378
-6597
-9845
-13318
-15975
-17766
-19601
-20933
-21362
-21582
-21087
-19407
-17399
-15323
-13051
-10501
-6851
-2343
1115
3685
7314
11392
14562
17368
19412
20496
22077
23374
23020
21987
20421
18401
17000
14910
10975
7075
3802
30
-3614
-7057
-11276
-14812
-16976
-19569
-21897
-22964
-23849
-23813
-22856
-22602
-21866
-19821
-17342
-14033
-10887
-8804
-5412
-435
3403
6234
9678
13136
16243
19285
21118
21980
23026
23372
23254
22945
20825
17971
15930
13578
10412
6528
2507
-1067
-4722
-8205
-11615
-15000
-17105
-18692
-20384
-21474
-22227
-21517
-19716
-18994
-17533
-14614
-12236
-9023
-4729
-1703
1200
5436
9247
12189
15184
17416
19076
21340
22665
22301
21841
21031
19701
18461
16010
12532
9630
6506
2765
-790
-4566
-8318
-11223
-14198
-17449
-19613
-21078
-22529
-22939
-22828
-22938
-22017
-20488
-18770
-15710
-12893
-10890
-7066
-2594
390
3685
7574
10951
14330
16931
18628
20839
22215
22127
22619
22576
20466
18383
16732
14182
11248
7934
4057
740
-2460
-6374
-9740
-12101
-14490
-16811
-18541
-19725
-20187
-19870
-19092
-18015
-16652
-14913
-12424
-8979
-5439
-2747
165
4080
7603
10550
13468
15518
17356
19621
20690
20744
20789
19893
18585
17640
15438
12183
9411
6271
2699
-255
-3741
-7550
-10215
-13206
-16463
-18175
-19687
-21112
-21333
-21805
-22112
-21265
-20124
-17791
-14870
-13278
-10877
-6626
-2937
62
3524
6986
10297
13605
16265
18247
19923
20857
21405
22174
21778
19620
17570
16015
13597
10522
7277
3667
292
-2913
-6521
-9648
-12060
-14490
-16605
-17990
-18987
-19619
-19271
-18124
-17151
-15942
-13739
-10992
-7922
-4930
-2146
1389
5058
7960
11063
13862
15612
17733
19769
20293
20316
19975
18796
17933
16651
13763
10894
8286
4817
1523
-1467
-5178
-8524
-11122
-14168
-16738
-18194
-19905
-21099
-21027
-21345
-21358
-20112
-19068
-17058
-13608
-11662
-9740
-5386
-1678
935
4751
8231
11155
14638
16835
18423
20738
21463
21250
21934
21229
18985
17271
15100
12158
9412
5799
1745
-1148
-4454
-8494
-11088
-13221
-16011
-17702
-18657
-19923
-20025
-19068
-18198
-16645
-14747
-12969
-9894
-6356
-3562
-179
3419
6373
9754
13111
15388
17106
18972
20618
21118
20880
20380
19088
17729
16091
12990
9979
7292
3401
-168
-3107
-7090
-10471
-12742
-15938
-18592
-19712
-21377
-22432
-21840
-21969
-21908
-20253
-18755
-16363
-12821
-10967
-8636
-3939
-314
2589
6637
9825
12694
16197
18229
19789
21899
22185
21776
22326
21210
18601
16759
14547
11540
8458
4475
513
-2394
-5930
-9963
-12674
-14778
-17132
-18876
-19889
-20656
-20607
-19373
-17929
-16624
-14769
-12347
-9046
-4909
-1758
799
4760
8686
11432
14499
17036
18250
20079
21814
21827
21437
20481
18508
17352
15747
12017
8666
5908
2009
-1441
-4524
-8750
-12016
-14156
-17347
-19759
-20630
-21932
-22463
-21953
-22218
-21827
-19882
-17654
-15050
-12420
-10136
-6836
-2348
1488
4245
7653
11598
14542
17222
19709
20973
21793
22373
22563
22290
20279
17559
15888
13819
10383
6464
2743
-673
-4266
-7993
-11278
-14015
-16225
-18184
-19850
-20753
-21182
-20878
-19254
-17668
-16529
-14080
-10787
-7763
-4301
-807
2430
6185
9703
12750
15592
17346
18910
21167
22159
21490
20826
20030
18579
16872
14329
10857
7769
4714
1044
-2341
-5758
-9470
-12366
-15055
-17816
-19487
-20818
-22075
-22158
-22008
-21974
-20921
-19264
-16947
-13895
-11728
-9393
-5120
-1129
1838
5507
9124
12263
15578
17986
19717
21591
22273
22229
22741
21920
19408
17424
15457
12504
9329
5545
1553
-1518
-5202
-9400
-12035
-14255
-16937
-18764
-19928
-20858
-21037
-20328
-19071
-17622
-15747
-13304
-10194
-6677
-3583
-174
3725
7155
10688
13516
15727
18548
19919
20849
22416
21327
19858
19732
17904
15659
13033
9359
6875
3590
-811
-3800
-7207
-10792
-13132
-15999
-18576
-19810
-21136
-21923
-21616
-21515
-21121
-19749
-18104
-15566
-12455
-10477
-7760
-3222
189
2838
6741
10357
13237
16048
18060
19963
21796
21999
21791
22167
21088
18617
16673
14599
11366
7871
4462
802
-2815
-6495
-10133
-12737
-14701
-17052
-18998
-19844
-20318
-20362
-19355
-18085
-16901
-14881
-12241
-9160
-5368
-2406
108
4304
8331
10896
14005
16706
18112
20170
21807
21696
21384
20426
18658
17644
15622
11760
8737
5977
2054
-1377
-4658
-8638
-11669
-14143
-17208
-19327
-20512
-21989
-22458
-21961
-22019
-21382
-19741
-17975
-14937
-12002
-10381
-6841
-2023
871
3788
7737
11003
14187
17138
18837
20459
21814
21877
22055
22209
20406
17722
15894
13907
10746
6981
3363
107
-3176
-6974
-10588
-13011
-15038
-17453
-19132
-19921
-20713
-20591
-19287
-18216
-16844
-14385
-11846
-8843
-5197
-2357
605
4746
8231
10983
14095
16362
17972
20229
21505
21222
21132
20506
19046
18066
15845
12185
9696
6918
2845
-362
-3743
-7825
-10548
-13184
-16462
-18381
-19868
-21691
-22050
-21799
-21982
-20961
-19462
-18518
-15972
-12478
-10399
-7738
-3610
-352
2637
6425
9731
12901
15961
17618
19490
21971
22293
21564
21942
21421
19293
17007
14513
11726
8719
4965
1177
-1922
-5469
-9573
-12426
-14301
-16664
-18620
-19582
-20376
-20449
-19581
-18657
-17084
-14688
-12652
-10141
-6161
-2652
-110
3403
7260
10237
13384
16192
17724
19399
21054
21522
21588
20840
18909
17730
16480
13187
9821
7048
3160
-475
-3208
-6954
-10691
-13118
-15785
-18423
-19934
-21228
-22016
-21764
-21755
-21442
-19896
-18613
-16925
-13450
-10655
-8857
-5210
-925
2115
5355
8831
11933
15402
18016
19292
21163
22555
22081
22053
22323
20363
17477
15483
13115
9786
6152
2156
-1491
-4471
-8311
-12269
-14316
-16052
-18507
-19804
-20218
-20640
-20026
-18705
-17300
-15046
-12685
-10576
-6939
-2734
-147
2678
6765
10054
12887
15764
17325
18774
20743
21289
21067
20820
19199
17434
16317
13715
10187
7288
3855
184
-2661
-6126
-10047
-12684
-14981
-17688
-19582
-20876
-22042
-22117
-21620
-21503
-20599
-18889
-17296
-14522
-11074
-9003
-6339
-1809
1893
4640
8166
11727
14788
17651
19543
20869
22432
22679
21899
22025
21004
17940
15469
13142
10057
6631
2354
-1365
-4302
-8267
-11985
-14583
-16804
-18668
-20250
-20872
-20995
-21022
-19496
-17673
-16039
-13153
-10598
-7871
-3617
-211
2754
6663
9867
12680
15722
17649
19073
20903
21766
21525
21341
20367
18346
16748
14774
11501
8443
5429
1546
-1935
-4957
-8614
-11854
-14188
-16813
-19128
-20377
-21760
-22698
-22088
-21659
-21352
-19682
-18270
-16708
-12851
-9519
-7767
-4064
458
3420
6857
10584
13322
16556
19306
20525
22279
23384
22333
21986
22122
19949
16932
14452
11342
8106
4775
349
-3551
-6492
-10459
-14121
-16058
-18264
-20406
-20916
-21284
-21656
-20683
-19304
-17535
-14620
-11966
-9344
-5361
-1504
1609
5289
8917
11937
15145
17846
19350
20672
21957
22308
21850
21021
19518
17431
15429
12918
9333
5906
2539
-1324
-4573
-8074
-12121
-14626
-16978
-19964
-21230
-22117
-23556
-23311
-22495
-22302
-21114
-19229
-17012
-13753
-10834
-8343
-4241
224
3398
6955
11083
14354
17303
19993
21777
23174
23868
23572
23355
22604
20216
17547
15294
12301
8533
4700
822
-2996
-6691
-10357
-13513
-15934
-18130
-19971
-21002
-21551
-21735
-20923
-19161
-17323
-15404
-12646
-9173
-5608
-2049
1485
5078
8795
12187
15057
17488
19305
20822
22107
22372
21724
20774
19352
17579
15467
12409
8865
5535
2111
-1473
-5119
-8890
-12179
-14905
-17668
-20103
-21699
-22748
-23352
-23398
-23148
-22390
-20439
-17882
-15716
-13166
-9649
-5990
-2251
1820
5624
9108
12453
15543
18619
20938
21685
22443
23664
23568
22124
20146
18008
15977
13170
9405
5819
2454
-1371
-5276
-8392
-11435
-14463
-16370
-18413
-20113
-20160
-20941
-20909
-18538
-17747
-16629
-12870
-10082
-7406
-3621
-566
2992
6981
10051
12918
15378
17422
19464
20788
21274
21063
20331
19501
18034
15586
12869
10110
6913
3482
12
-3690
-7146
-10305
-13627
-16203
-18075
-20339
-21851
-22070
-22632
-23085
-21915
-19843
-17953
-16153
-13712
-10097
-6135
-2780
649
4590
8280
11582
14863
17646
19445
20701
21996
22980
22633
21044
19465
18078
15990
12952
9444
6174
3051
-580
-4273
-7465
-10463
-13107
-15241
-17142
-18641
-19540
-19733
-19113
-18308
-17592
-15761
-12587
-9828
-7600
-4405
-847
2401
6161
9577
11784
14079
16751
18881
20099
20210
19788
19734
19347
17489
14928
12521
9606
6496
3748
25
-4201
-7156
-10053
-13503
-15953
-18015
-20126
-21074
-21849
-22820
-22334
-20924
-19257
-17158
-15452
-13063
-9051
-5194
-1965
1357
4834
8572
12150
15206
17463
18807
20331
22125
22765
21811
20058
18738
17762
15507
12115
8923
5682
2192
-957
-4231
-7732
-10386
-12603
-15048
-16725
-17933
-19173
-18865
-17680
-17480
-16722
-14452
-11954
-9177
-6299
-3924
-907
2928
6168
8783
11130
13110
15416
17840
18788
18361
18092
18231
17878
16378
13910
11303
9062
6655
3438
-120
-3304
-6370
-9441
-12200
-14855
-17275
-18864
-19997
-21027
-21674
-21890
-20882
-18487
-16820
-15792
-12871
-8932
-5769
-2398
1169
4340
8049
11676
14388
17002
18759
19473
21124
22475
21193
19390
18618
17128
14730
12003
8454
5161
2438
-1148
-4707
-7361
-10200
-12685
-14343
-16222
-17876
-18390
-18066
-17337
-16481
-15608
-13965
-10996
-8097
-5811
-2918
-79
2983
6962
9236
10591
13430
15553
16888
18225
18054
17492
17263
16693
15571
13022
10395
8381
5486
2576
-580
-4354
-6931
-9512
-12803
-14991
-17006
-19144
-19874
-20408
-21644
-21441
-19408
-17796
-16582
-14351
-11495
-8159
-4404
-1159
2181
5889
8897
12111
15726
17481
18115
19983
21648
21394
20231
18837
17407
16066
13542
9962
7090
4261
583
-2612
-5353
-8390
-10871
-12795
-14756
-16253
-17298
-17803
-17078
-16099
-15695
-14574
-12205
-9377
-6558
-4150
-1806
1371
4998
7959
10087
12074
14271
16124
17286
17837
17585
16963
16520
15468
13522
11249
8441
5663
3343
133
-3606
-6439
-9274
-12263
-14435
-16634
-18792
-19646
-20356
-21444
-20953
-19327
-18267
-16723
-14155
-11548
-8457
-4875
-1545
2132
5760
8488
11784
15546
17317
17973
19874
21461
20899
19861
19240
17778
15449
13035
10607
7737
4099
819
-1704
-4891
-8116
-10130
-12142
-14437
-15914
-16782
-17282
-16907
-16168
-15735
-14532
-12040
-9632
-7422
-4698
-2069
756
4252
7107
9171
11456
13534
15286
16918
17364
16921
17006
16906
15648
13880
11866
9393
6838
4258
1141
-2257
-5280
-8183
-11103
-13586
-15917
-18058
-19343
-20235
-21211
-21495
-20476
-18687
-17222
-15920
-13414
-9857
-6487
-3253
296
3805
7057
10376
13846
16522
17757
18845
20598
21552
20825
19313
17966
16810
14763
11621
8683
5814
2353
-726
-3560
-6823
-9470
-11552
-13703
-15145
-16313
-17482
-17256
-16272
-15820
-14955
-13077
-10680
-8030
-5451
-2857
121
3259
6319
9159
11324
13185
15401
17261
17955
17960
17773
17244
16425
15073
12663
10133
7829
4575
1401
-1286
-4979
-8359
-10709
-13428
-15918
-18067
-19839
-20342
-21038
-21819
-20697
-19062
-18042
-16191
-13397
-10374
-7127
-3826
-409
3413
6887
9757
13212
16481
17806
18871
20995
21881
20970
19934
18777
17293
15279
12045
8994
6577
2981
-712
-3291
-6366
-9464
-11504
-13547
-15519
-16744
-17583
-17816
-17179
-16393
-15625
-13991
-11536
-9156
-6632
-3821
-1140
2034
5621
8222
10272
12961
15324
16742
18073
18740
18384
18343
18013
16287
14367
12183
9127
6664
4080
-8
-3498
-6128
-9609
-12516
-14737
-17711
-19577
-20167
-21492
-22143
-21709
-21367
-19374
-16777
-16011
-13724
-9215
-6282
-3309
1062
4353
7667
11563
14256
16893
19234
19921
21112
22730
21850
19668
18709
17592
15146
12245
8838
5634
2836
-1130
-4712
-7229
-10414
-12660
-14302
-16650
-17582
-18267
-18870
-17287
-16395
-16196
-13992
-11358
-8600
-5794
-3649
-267
3590
6371
9303
11854
13671
16101
18222
18919
19001
18722
18132
17607
16121
13417
10977
8405
5256
2517
-867
-4956
-7734
-10257
-13448
-15797
-17736
-19692
-20611
-21009
-21488
-21598
-20776
-18506
-16163
-14949
-12738
-8742
-5239
-2332
1259
5019
8516
11795
14639
17296
19289
20225
21327
22321
21496
19616
18205
16782
14581
11412
7744
4726
1936
-1817
-5452
-8128
-10618
-12863
-14850
-16719
-17720
-18176
-18329
-17250
-15894
-15235
-13656
-10583
-7417
-4760
-2348
597
4304
7553
9929
12150
14199
16093
17724
18402
18398
18074
17227
16458
15324
12665
9821
7629
4867
1780
-1358
-4948
-7756
-10027
-13121
-15647
-17182
-19068
-20253
-20405
-21011
-21360
-20588
-18932
-16319
-14355
-13282
-9997
-5366
-2506
346
4459
7914
11029
14315
16756
18813
20366
20898
21826
22379
20562
18366
17248
15280
12121
8841
5515
2406
-838
-4862
-8382
-10578
-12758
-15107
-16672
-17831
-18848
-18698
-17419
-16471
-15752
-13791
-10830
-7985
-5219
-2376
823
4416
7487
10296
13147
14954
16616
18968
19992
19468
19063
18580
17494
15866
13371
10385
7732
4853
1142
-2323
-5359
-8685
-11748
-14612
-17432
-19162
-20394
-21706
-22009
-21896
-22130
-21273
-18819
-16342
-14724
-12600
-8763
-4622
-1494
1609
5568
9584
12792
15628
18455
20499
21557
22375
23045
22649
20784
18801
17363
15196
11826
8056
4833
1910
-2086
-6158
-8976
-11611
-13987
-15911
-17933
-19043
-19420
-19591
-18591
-17098
-16111
-14734
-11631
-7664
-5362
-3350
663
4423
7277
10477
13029
14907
16979
19112
20555
20537
19999
19565
18676
17415
15150
12062
9346
6419
3081
-406
-4218
-7469
-10503
-13903
-16485
-18663
-20902
-21853
-22177
-22775
-22518
-21803
-21026
-18646
-15664
-13994
-11705
-7589
-3702
-617
2735
6467
10395
13919
16368
18612
21017
22145
22248
22837
22713
20569
18299
16928
14794
11409
7599
4035
1069
-2408
-6677
-9881
-12127
-14607
-16707
-18191
-19361
-19900
-19681
-18623
-17123
-15882
-14265
-11319
-7712
-4804
-2300
1009
4818
8258
11231
13638
15735
17982
20041
21162
21210
20737
19936
18973
17890
15464
12101
9445
6440
2929
-192
-4225
-8047
-10273
-13458
-17044
-18658
-20182
-22107
-22445
-22301
-22437
-21281
-20256
-19784
-16568
-13094
-12172
-8915
-4034
-1788
1212
5873
9475
12577
15021
17434
20309
21386
21698
22594
22170
20828
19797
17951
14999
12319
9650
5716
2110
-629
-4799
-8903
-11014
-13492
-16229
-17568
-19046
-20453
-20178
-19551
-18785
-16751
-14872
-13294
-10217
-6546
-3655
-708
2760
6250
9522
12435
14779
16885
18879
20209
21089
21517
20611
19337
18705
17174
14335
11639
8852
5317
2037
-1068
-4980
-8415
-10928
-14100
-16866
-18601
-20756
-21850
-21617
-22272
-22222
-20940
-20608
-19256
-15867
-13505
-11754
-8512
-4876
-1317
2466
5574
8984
13219
15746
17327
20402
22438
22123
22239
22692
21680
19625
17310
15125
12787
9265
5101
1860
-1121
-5276
-9412
-11985
-14175
-16900
-18997
-20118
-20829
-20880
-20276
-19102
-17249
-15777
-14144
-10367
-6120
-3558
-1127
2623
6770
9981
12872
15676
17286
19238
21409
21607
21811
21565
19511
19027
18149
14400
11642
9103
5195
2422
-692
-5189
-8447
-10888
-14069
-16922
-18781
-20392
-21601
-22091
-22454
-22235
-21117
-20186
-19041
-16762
-14205
-11667
-8534
-5159
-1866
1489
4860
8687
12769
15472
17100
19589
22083
22691
22326
22197
21596
20097
18015
15525
12991
9903
5818
2417
-364
-4568
-8750
-11292
-13921
-16610
-18232
-19654
-20673
-20616
-20456
-19860
-17787
-15495
-13802
-11379
-7927
-4406
-1099
2006
5234
8812
11965
14500
17002
19056
20272
21241
22009
21859
20717
19339
18055
16214
13490
10347
6992
3720
673
-2931
-6814
-9947
-12785
-15450
-17611
-19817
-21401
-21697
-21955
-22094
-21333
-20686
-19948
-17967
-15438
-12891
-10249
-7582
-3923
306
3360
6287
10403
14186
16677
18807
21018
22530
22867
22757
22640
21746
19597
17025
14786
12065
8173
4258
1056
-2366
-6409
-10204
-13254
-15713
-17700
-19405
-20810
-21449
-21326
-20662
-19192
-17352
-15636
-13152
-9808
-6673
-3378
188
3216
6612
10593
13407
15370
17602
19638
21208
21961
21753
21452
20798
19273
17488
15282
12320
9150
5963
2632
-887
-4585
-7954
-10916
-14025
-16782
-18675
-20520
-21993
-22272
-22416
-22461
-21337
-20022
-19126
-17484
-14649
-11159
-8198
-5867
-2387
1842
5120
8497
12289
15032
17338
19967
21966
23048
23238
22644
22344
21769
19297
16184
13767
10790
7093
3330
-725
-4541
-8093
-11786
-14643
-16889
-19333
-21031
-21743
-22142
-22092
-21280
-19543
-17349
-15360
-12969
-9420
-5479
-2185
1137
5004
8491
11772
15094
17661
19646
20955
22074
23556
23134
21321
20767
19629
17001
14580
11803
8124
4366
1245
-1993
-6312
-9926
-12477
-15674
-18277
-19897
-21795
-22848
-22866
-22870
-22364
-21359
-20101
-18231
-16264
-14056
-10589
-6989
-4443
-1219
3018
6459
9729
13452
16287
18516
20713
22358
23605
23864
22858
22224
21543
19077
15948
13242
10022
6121
2166
-1660
-5447
-9343
-12890
-15793
-18314
-20232
-21647
-22593
-22526
-22142
-21514
-19397
-16714
-14561
-12042
-8827
-4898
-550
2821
5751
9585
13116
15857
18756
20745
21591
22835
23664
23229
22358
20583
18292
16673
14142
10296
6939
3405
-554
-3597
-7002
-11097
-13998
-16513
-19217
-20764
-21922
-23070
-23069
-22694
-22269
-20827
-19127
-17388
-14874
-12332
-9383
-5524
-2366
739
4722
7964
10893
14281
17367
19763
20911
22172
23831
23532
22561
21753
19901
18131
15292
11354
8631
4935
197
-3052
-6477
-10619
-14199
-17152
-19347
-20989
-22006
-22620
-22897
-21864
-20534
-19090
-16053
-13039
-10684
-7276
-3486
133
4024
7378
10379
13715
16613
18864
20852
22010
22449
22822
22669
21695
20068
17850
15600
13146
9850
6312
2735
-1037
-4368
-7716
-11404
-14269
-16759
-19348
-20680
-21508
-22762
-22777
-21918
-21300
-19786
-17905
-16159
-13444
-10956
-8523
-4332
-887
1073
4747
8731
11017
13778
16784
18684
20461
21543
21742
22464
22062
19850
18569
17315
13967
10574
7798
4093
192
-3407
-7122
-10235
-13262
-16742
-18902
-19849
-21199
-22099
-21889
-21292
-20141
-18281
-15856
-12903
-10001
-7070
-3452
423
4097
7625
10753
13688
16496
18836
20876
21839
22064
22959
22468
20811
20263
17983
14676
13053
9789
5611
2707
-1278
-4973
-7807
-11687
-14719
-16757
-19219
-20908
-21622
-22268
-22710
-22041
-20722
-19777
-17933
-15293
-13286
-10920
-8038
-4800
-864
1834
3931
7752
11055
12945
15717
18181
19140
20276
21334
21523
21254
19823
17919
16888
14726
10792
7505
4689
1111
-2538
-6084
-9524
-12386
-15196
-17884
-19378
-20111
-20893
-21116
-20439
-19336
-17781
-15407
-12413
-9424
-6688
-3781
-78
4166
7522
9819
12610
15717
17897
19696
21078
21186
21159
21419
20551
18934
16991
14139
11702
9527
5726
1784
-1276
-4786
-7891
-10520
-13913
-16573
-18033
-19774
-21063
-21299
-21448
-21032
-19523
-18242
-17096
-14705
-12098
-10004
-7418
-4552
-1443
1696
4065
6990
10125
11921
14090
16937
18645
19032
19277
20350
20318
18639
17570
15852
13361
11262
7737
4448
2014
-2265
-5745
-7738
-11219
-14407
-16218
-17921
-18966
-19346
-19608
-19366
-18108
-16453
-14901
-12198
-8910
-6534
-3699
-127
3025
6208
9146
11529
14073
16238
17643
18935
19708
19563
19277
18839
17534
15737
13745
11274
8808
6271
3031
-278
-3220
-6090
-8818
-11511
-13888
-15577
-17180
-18524
-19041
-19387
-19402
-18448
-17311
-16148
-14515
-12719
-10541
-8206
-5986
-2819
265
2019
4613
8047
10075
11838
14351
16224
17231
17870
18307
18659
18154
16637
15370
14063
11407
8284
5881
3258
-173
-3465
-6206
-8900
-11634
-14021
-15832
-16922
-17440
-17936
-18038
-17159
-16037
-14634
-12075
-9355
-7250
-4631
-1486
1481
4651
7528
9689
12171
14557
16171
17513
18093
18223
18582
18321
17269
15361
13384
12083
9388
6249
4336
1001
-2689
-4653
-7126
-10197
-12749
-14526
-15679
-17457
-18552
-18335
-18726
-18501
-17234
-16524
-15284
-13367
-11817
-9890
-7284
-4447
-1858
297
2962
6069
8477
10633
13188
15374
16659
17515
18658
19477
18620
17312
16931
15504
12550
10005
7453
4464
1587
-1955
-5247
-7488
-10601
-13570
-14801
-16277
-17592
-17577
-17799
-17686
-16463
-15197
-13081
-10246
-8290
-6123
-2837
392
3356
6205
8586
11096
13911
15880
16913
17755
18429
18941
18958
17874
16176
14500
12828
10877
8242
5181
2042
-1132
-3761
-6325
-9720
-12482
-13991
-15868
-17735
-18672
-19523
-19752
-18983
-18610
-17953
-16230
-14793
-13285
-10699
-7836
-5275
-2738
192
3289
5981
8505
11276
14183
16161
16967
18386
20041
20212
19336
18349
17851
16255
12894
10888
8758
4517
1502
-1219
-4821
-7489
-11012
-14075
-14910
-16781
-18418
-18341
-19037
-18982
-17376
-16142
-14161
-11571
-9879
-7196
-3121
-157
2379
5901
8835
11438
14573
16443
17472
19082
19924
20076
20299
19231
17257
16011
14584
11816
8739
5991
2747
-556
-3240
-6498
-9960
-12276
-14628
-17154
-18544
-19806
-21021
-20911
-20737
-20908
-19690
-17978
-17039
-15242
-12228
-9463
-6814
-3740
-429
3040
6202
9231
12836
15901
17551
19212
21306
22304
21907
21351
20913
19669
17326
14487
11730
8813
4998
1050
-1990
-5323
-9289
-12401
-14796
-16969
-18445
-19567
-20391
-20415
-19911
-18661
-16488
-14467
-12541
-9467
-5772
-2558
625
4055
7265
10443
13621
16110
17739
19012
20261
21196
21228
20296
18951
17622
15936
13545
10926
7932
4506
1611
-1340
-5096
-8379
-10979
-13619
-16199
-18512
-20026
-21015
-22013
-22151
-21724
-21345
-20207
-18823
-17354
-14595
-11555
-9083
-5823
-2058
1196
4677
8509
12077
15351
17702
19442
21814
23322
22681
22066
21994
20583
18188
15782
12997
9886
6397
2563
-731
-4035
-8050
-11211
-13261
-15644
-17615
-18558
-19577
-20079
-19429
-18500
-16731
-14249
-12434
-10073
-6605
-3499
-265
3281
6050
8703
11693
14212
15964
17130
18187
19156
19356
18927
18093
16574
15019
13635
11421
8565
5709
2596
-395
-3268
-6640
-9630
-12059
-15000
-17462
-18849
-20396
-21345
-21188
-21459
-21422
-20292
-19332
-17168
-13434
-11308
-9484
-5313
-1381
1694
5585
9039
12174
15705
18020
19815
21978
22377
21619
22071
21795
19223
16719
14559
11746
8920
5153
1013
-1606
-4983
-9146
-11362
-13363
-15930
-17373
-18295
-18935
-19009
-18590
-17144
-15213
-13360
-11438
-9191
-5707
-1924
598
3200
6485
9340
12038
14411
15681
16923
18462
18996
18975
18775
17347
15906
15218
13069
9950
7581
4597
1246
-1230
-4487
-8230
-10698
-13293
-16225
-18075
-19949
-21576
-21520
-21599
-22197
-21495
-20233
-18328
-15137
-13015
-11147
-6787
-2515
422
4436
8413
11387
14789
17800
19967
21733
22018
21943
22921
22248
19178
16983
15607
12780
9331
6007
2402
-876
-4239
-7868
-10436
-12652
-15180
-16679
-17589
-18724
-18956
-18125
-17011
-15750
-14329
-12224
-9184
-6055
-3257
-547
2406
5839
9054
11646
13926
15587
17102
18916
19549
19039
18705
17842
16557
15409
12899
9675
7356
4491
1111
-1821
-5447
-8935
-11476
-14539
-17168
-18760
-20768
-22001
-21955
-22473
-22697
-21391
-19433
-17008
-14728
-12915
-9516
-4916
-1538
1821
6046
9519
12849
16470
18935
20729
22072
22307
22790
22885
20630
18317
17190
14805
11430
8167
4441
1129
-1904
-5722
-8793
-10993
-13687
-15651
-16757
-18290
-19023
-18354
-17401
-16227
-15112
-13909
-11357
-8103
-5401
-2927
-281
2830
6122
8908
11130
12715
14323
16415
17639
17894
17945
17420
16910
16456
14759
12371
10247
7905
5307
2640
-588
-3969
-6569
-9285
-12544
-14968
-16831
-18691
-19673
-20593
-21709
-21474
-20809
-20369
-18384
-15822
-14239
-11566
-7437
-4124
-1095
2805
6665
10450
13871
16056
18499
21237
21911
21807
22509
21757
19631
18120
16085
13144
10356
6919
3293
344
-3324
-7121
-9598
-11929
-14258
-15884
-17515
-18687
-18423
-17840
-17498
-15967
-13983
-13031
-10677
-6601
-4242
-2260
1364
4389
6868
9782
11794
13440
15534
16873
17543
18187
17899
16989
16760
15978
13788
11808
9748
6822
4422
1896
-1791
-4691
-6982
-10294
-13075
-14977
-17321
-18813
-19451
-20861
-21467
-20797
-20842
-20098
-17236
-15016
-13660
-10641
-6748
-3488
-102
3518
7229
11234
14223
16365
19361
21523
21548
21994
22768
21553
19541
17901
15642
12931
9826
5987
2717
-174
-4183
-7857
-10046
-12476
-15060
-16545
-17843
-18997
-18811
-18099
-17450
-15933
-14107
-12477
-9800
-6486
-3767
-829
2398
5202
8390
11342
12833
14654
17145
18215
18566
19117
18690
17769
16972
15378
13351
11185
8155
5248
2972
-337
-4084
-6650
-9403
-12775
-15047
-16939
-19256
-20398
-20822
-21788
-21812
-21127
-21080
-19505
-16269
-14347
-12590
-9063
-5434
-2079
1846
5550
9081
12848
15696
18097
21145
22601
22126
22876
23498
21445
19262
17789
15175
12114
8889
5007
1601
-1722
-5821
-9057
-11187
-13957
-16393
-17354
-18634
-19853
-19268
-18426
-17671
-15753
-13942
-12087
-8876
-5753
-3195
4
3300
6188
9297
12146
13928
15660
17677
18714
19222
19572
18677
17651
17110
15185
12633
10666
7830
4693
2327
-934
-4543
-6906
-9653
-12888
-14879
-16778
-19043
-19974
-20332
-21228
-21272
-20472
-20178
-19309
-16787
-14037
-11790
-9157
-5827
-2094
1547
4890
8589
12302
14833
17168
20243
22079
22019
22148
22601
21827
19899
17631
15312
12803
9548
5679
2239
-1021
-4986
-8471
-10910
-13759
-16257
-17535
-18876
-19777
-19868
-19848
-18534
-16397
-15030
-13240
-10262
-7142
-4354
-1167
2212
4683
7845
11853
13678
14890
17478
19032
19518
20143
20013
19097
18231
17348
15358
12607
10268
7397
4357
1818
-1833
-5358
-7661
-10649
-13329
-15209
-17952
-19823
-20094
-20906
-21570
-21048
-20516
-19821
-18513
-17055
-14447
-10961
-8803
-6469
-2227
1362
4155
8268
11988
14279
16932
19649
21534
22722
22519
21770
21829
20838
18112
15765
13476
10001
6377
3066
-594
-4453
-8080
-11323
-13905
-15967
-17994
-19597
-20286
-20680
-20664
-19442
-17695
-16107
-13992
-11099
-8043
-4974
-1688
1454
4510
8028
11262
13808
16137
17755
19082
20634
21139
20869
20431
19139
17750
16299
13783
10912
8039
4947
1853
-1417
-4602
-7561
-10598
-13437
-15522
-17100
-19120
-20700
-20996
-21304
-21109
-20397
-19822
-18136
-17397
-16468
-11702
-8802
-8224
-4066
-373
1896
6230
9756
12335
15307
17777
20308
22066
22762
22619
21751
21859
20865
17685
15308
12624
9048
5962
1968
-2002
-5010
-8965
-12760
-14802
-16735
-19071
-20149
-20458
-21245
-20770
-19058
-17806
-15677
-13151
-11186
-7648
-3675
-971
2032
5169
8192
11618
14587
16618
17742
19076
20907
21123
20603
20541
19005
17160
16193
13777
10562
7902
4564
1512
-942
-4751
-8215
-10159
-13071
-15722
-16512
-18257
-20335
-20336
-20498
-21063
-19798
-18469
-17828
-16248
-15060
-13554
-9382
-6097
-5135
-2136
1892
4295
7860
11738
13390
15817
18626
19746
21789
22619
20587
20806
21469
18695
15946
13648
10289
7356
4053
-116
-3594
-7028
-11099
-14093
-15727
-17991
-20258
-20479
-20567
-21546
-20420
-18064
-16652
-14129
-11730
-10178
-5823
-1730
415
4449
6991
8684
13842
16472
16527
19146
20408
20155
21431
21405
19375
17611
16760
15407
12420
9386
6386
2913
632
-1997
-6203
-8983
-10966
-13950
-15633
-16733
-18962
-19646
-19405
-20464
-20232
-18699
-18052
-16492
-14466
-14174
-12812
-8765
-5358
-3739
-1898
963
4566
8276
11079
13251
15675
17855
19784
22036
22640
20821
20185
21076
19645
16242
13211
10166
7182
4143
47
-3819
-6977
-10891
-14155
-15779
-18021
-20156
-20264
-20428
-21177
-20479
-18883
-16855
-14033
-11949
-10147
-6497
-2220
971
3691
6299
8980
12335
15601
17415
18165
19103
20248
21045
21143
19845
17726
16553
15626
13238
10303
7383
3925
1296
-819
-4572
-7952
-9801
-12642
-14949
-15811
-17958
-19206
-18486
-19338
-19907
-18424
-17723
-16758
-14520
-13756
-13423
-10835
-7347
-4691
-2937
-1515
1507
5981
8699
10346
13406
15834
17094
19513
21508
21207
20403
20298
20198
18902
15824
12413
10033
7410
3327
-730
-3780
-7262
-11099
-13821
-16097
-18355
-19404
-19825
-20629
-20751
-19680
-18061
-15756
-13298
-11728
-9630
-5619
-1446
1515
4020
6503
9336
12901
15824
17076
17920
19097
20073
20710
20451
18946
17499
16554
14964
12680
10003
6620
3664
1766
-1108
-5004
-7650
-9682
-12212
-13972
-15430
-17330
-17914
-17814
-18808
-19120
-18274
-17667
-16338
-14781
-14459
-13597
-11474
-8885
-5695
-3753
-2999
320
4779
6998
9282
12503
14667
16763
19269
21030
21736
20990
20371
21118
20264
16744
13424
11237
8474
4459
559
-2738
-6275
-9912
-13113
-15697
-17800
-19104
-19494
-20442
-21014
-19961
-19057
-16884
-13828
-12878
-10386
-6332
-4021
-243
3247
4267
7599
11428
13138
15435
17053
17615
19167
20275
20126
19489
18427
17437
16576
14936
12360
9672
7172
4509
1642
-1332
-4208
-6900
-9559
-11854
-13758
-15788
-17364
-18013
-18851
-19759
-19607
-19059
-18214
-16908
-16429
-15641
-13693
-12280
-9743
-5885
-4575
-3464
773
4334
6506
9947
12882
14915
17839
20097
21287
22348
21840
20964
21589
20562
17017
14256
11929
8562
5197
1709
-2278
-5823
-9160
-12611
-15237
-16959
-18590
-19998
-20708
-21087
-20872
-19277
-17181
-15489
-13766
-11818
-8993
-4825
-1123
986
3245
6670
10172
13266
15747
16974
18128
20021
21188
21465
20979
19238
18305
18259
16173
13071
10489
7247
4583
2512
-1375
-4914
-6881
-10258
-13260
-14080
-16228
-18519
-18189
-18874
-21028
-20753
-19274
-18611
-17579
-16670
-16186
-14774
-12741
-9694
-6177
-5329
-4033
1230
4924
6363
10079
13295
15338
18929
21130
21612
22800
22671
21854
22486
21253
17298
14666
12923
9383
5436
1900
-2171
-5902
-9239
-12905
-15619
-17238
-19030
-20428
-21025
-21552
-21326
-19693
-17730
-16056
-14238
-11951
-8973
-5390
-2129
181
2951
6882
9917
12117
14841
16547
17733
20021
21049
20570
20567
19843
18793
18330
16014
12964
11316
8564
5233
3026
-446
-3928
-5642
-8629
-11938
-13191
-14927
-17042
-17541
-18282
-19412
-19082
-18609
-18394
-16977
-15915
-15376
-13398
-12026
-11015
-7173
-4066
-3423
-631
3018
5166
8473
11882
13739
16200
18643
19891
21545
22291
20865
20781
21216
18422
15675
13783
10008
7257
4543
-389
-3779
-6884
-10888
-13395
-16204
-18129
-18730
-20945
-21398
-20246
-20939
-19832
-16627
-14854
-13796
-11842
-8305
-4459
-1816
633
3321
6360
9925
12740
14535
16308
18290
19946
21091
21577
20658
19625
19856
18877
16081
13790
11145
7964
5932
2931
-1190
-3384
-5865
-9493
-11165
-13120
-15898
-16252
-16732
-18479
-18836
-19026
-19104
-17527
-16446
-16716
-15801
-13767
-12862
-11426
-8082
-6146
-5045
-1791
1453
3870
6855
9707
12818
15815
17355
19200
21624
22114
21385
21533
21427
19543
16962
14699
11955
8709
5661
2144
-1746
-5165
-8896
-12205
-13837
-15820
-18131
-19093
-20139
-20796
-19674
-18705
-17738
-15786
-14598
-13268
-9835
-6410
-4250
-1687
1218
3822
6891
9764
11599
13745
16233
17696
18958
20150
19838
19647
20334
19326
17591
16391
13692
11042
9522
6425
2927
583
-2575
-5966
-8205
-10482
-12928
-14393
-15688
-17665
-18686
-18678
-19180
-19055
-18255
-18419
-17937
-16217
-15437
-14937
-13068
-10478
-8014
-6078
-4141
-1075
2362
5361
8822
12195
14363
16624
19699
21958
22439
22227
22615
22853
21354
18982
17065
14810
11772
8384
4828
1332
-2554
-6462
-9282
-12138
-15272
-17244
-18800
-20387
-21215
-21569
-21200
-19945
-18753
-17754
-16273
-13811
-10794
-8128
-5511
-2345
1041
4298
7471
10442
12971
15538
18456
20702
21648
21937
22235
22628
22182
20407
18542
16871
14519
12012
9204
5578
2585
-34
-3432
-6128
-8658
-12152
-14110
-15092
-17418
-18898
-19321
-20512
-20768
-20319
-20569
-19677
-18297
-18077
-17092
-15521
-13915
-10231
-7104
-6409
-3249
1505
4068
7923
12520
14348
16881
20964
23494
24333
24042
24209
24767
23445
21562
19652
16492
13676
11025
7050
2768
-1196
-4988
-8499
-11875
-15052
-17734
-19668
-21158
-22566
-23306
-22943
-21648
-20079
-19133
-18143
-15849
-12711
-9459
-6131
-3305
-958
2455
6905
10131
12028
14530
17478
19813
21571
22384
22161
21942
22141
21764
20067
17715
15262
12898
10667
7362
3530
733
-2361
-5587
-7923
-11057
-13913
-15103
-16751
-18569
-19438
-20214
-20480
-19862
-19441
-19452
-18522
-16612
-15215
-13744
-12421
-11307
-7332
-3268
-2672
-236
4266
6472
9778
14367
15948
17381
20757
22816
23597
23916
22505
21698
22428
20348
16491
14603
11709
7446
4712
903
-4110
-7240
-10138
-13820
-16828
-19175
-20922
-21746
-22129
-22858
-22622
-20888
-19463
-17158
-15063
-14481
-10688
-6218
-4166
-600
1751
4122
9292
11365
13543
16908
16673
19126
22358
21136
21379
21590
20299
20282
18319
15834
13974
10444
8259
5935
1272
-1543
-3802
-7574
-9609
-11386
-14636
-15793
-15938
-17824
-18492
-18020
-18533
-17477
-15864
-16342
-15392
-12516
-11211
-9908
-7701
-7103
-5942
-2002
868
1565
3445
6168
8275
10977
13489
14496
15939
18028
18985
19748
20058
18398
17569
18077
15766
12109
10250
7496
3793
1302
-2251
-6387
-8681
-11740
-15323
-16532
-17904
-19726
-19364
-19556
-20761
-19480
-17411
-15994
-13491
-11639
-10672
-7277
-3114
-1000
1262
4052
5820
8508
11919
13332
14326
16082
16975
17919
19026
18454
17626
17708
16769
14787
13282
11352
8450
6191
4040
704
-1987
-3858
-6695
-9162
-10385
-11823
-13176
-13801
-14659
-15498
-14894
-14067
-14295
-13419
-12102
-12208
-10871
-8674
-8186
-6755
-5053
-5116
-3891
-1318
473
2023
3246
4587
6952
9203
10797
12403
13825
14601
15551
17130
17443
16021
15286
15279
13986
11649
9131
6329
3670
1094
-2043
-5133
-8079
-11318
-13471
-14678
-16658
-17926
-17814
-18302
-18438
-17316
-16294
-14570
-12037
-10508
-9185
-6694
-3710
-955
1309
3066
4858
7225
9508
10934
12146
13221
13839
14900
15909
15604
15024
15184
15058
13900
12573
11204
9243
7661
6247
3800
1685
-18
-2475
-4219
-5509
-7656
-8848
-9271
-10850
-12113
-12231
-12687
-12878
-12203
-12228
-12516
-11776
-11164
-10551
-9106
-8548
-8374
-7007
-6322
-5532
-2468
-645
-777
1418
4376
5718
8164
10798
11742
13653
15842
16459
17628
18095
16481
16560
17158
14439
11650
10269
7153
3889
1880
-1450
-5140
-7591
-10474
-13244
-14823
-16454
-17815
-18320
-18948
-19262
-18348
-16780
-15148
-13723
-12436
-10489
-7586
-4696
-2659
-896
1393
3796
6143
8372
9485
10308
12269
13935
14957
16139
16007
15730
17359
17737
16204
15886
15027
12810
12058
10569
7032
5194
3513
-212
-2481
-4161
-7648
-9489
-10111
-12685
-14386
-14411
-15388
-15613
-14882
-15464
-15097
-13474
-13187
-12118
-10053
-9873
-9064
-6447
-5615
-5479
-2917
-194
645
2131
4810
6423
8159
10842
12535
14027
15526
16176
17718
18669
17242
16722
16874
14921
12581
10699
7638
4280
1843
-1154
-4997
-8046
-10899
-13803
-15744
-17649
-18873
-19078
-20238
-20429
-19028
-18484
-16859
-14030
-12690
-11433
-8570
-5183
-2796
-444
2169
3588
6542
9562
9411
11844
14542
13382
15620
18046
16380
16886
17656
17118
17316
15733
14303
13434
11023
9375
7318
4513
2587
-525
-3314
-4773
-7499
-9653
-10431
-12035
-13290
-13461
-14023
-14138
-13158
-12991
-12997
-11603
-10706
-10263
-8771
-7952
-7455
-5892
-5168
-5059
-4319
-3994
-2684
-225
61
83
2682
4756
6106
8806
10563
11387
13483
15354
16375
17173
16914
16788
17159
15517
12739
11018
8820
5569
2592
-614
-4202
-7205
-9969
-12700
-14901
-16637
-17707
-18124
-18674
-19134
-18582
-17048
-15124
-13353
-11861
-10295
-8111
-5179
-2597
-1149
322
2490
4622
6450
7730
8319
9407
11205
12219
12565
13338
14172
14943
15666
15499
14921
14857
14558
13634
12577
10889
8819
7533
5811
3150
1080
-1364
-3594
-4602
-7239
-9701
-10108
-11675
-12516
-12463
-14371
-14459
-13196
-13856
-13602
-12795
-12941
-12212
-11011
-10346
-10205
-9625
-8497
-8147
-6584
-3937
-3396
-2057
1361
3294
5472
9095
11315
13568
16820
18461
20059
22418
22028
20892
21658
20259
17026
15435
12659
8195
5141
1622
-2943
-6307
-10156
-14376
-16427
-18437
-21009
-21546
-21832
-22827
-21946
-20339
-19360
-17197
-14837
-13590
-11286
-7836
-5342
-3159
-432
1723
3711
6565
8730
9807
11781
13759
14485
16001
17534
17206
17922
19724
19195
18244
18197
16679
15391
14844
11895
8775
7348
4362
1100
-681
-4063
-7587
-8767
-10868
-13537
-14192
-15285
-16523
-15628
-15549
-16346
-14860
-13714
-13696
-11709
-10341
-10505
-8484
-6643
-6533
-5071
-4068
-4166
-2635
-1650
-1176
1582
3216
3114
5877
8893
9296
11766
15341
15578
16437
19210
19551
19174
19360
17877
16247
14518
11222
8159
5032
785
-2929
-6150
-9973
-13580
-16115
-18253
-20468
-21546
-21382
-21409
-21150
-20035
-18751
-16631
-13605
-11249
-9226
-6729
-4308
-1430
1718
3459
4802
7094
8994
10427
12154
12993
13157
14145
15027
15075
15274
15119
14459
14308
13589
12153
11601
10660
8587
7061
5334
3051
1696
22
-2544
-4225
-5775
-7580
-8375
-9310
-10625
-10853
-10866
-10889
-10110
-9668
-9492
-8461
-7342
-6487
-5560
-5041
-4636
-3907
-3381
-3043
-2649
-2655
-2877
-2646
-2527
-3053
-2548
-637
-60
-395
1096
3068
4451
6520
8177
9211
11122
12804
13824
14898
14555
13521
13747
13048
10531
8307
5928
3025
721
-1781
-5225
-8211
-9973
-12066
-14181
-14753
-15808
-16718
-15418
-15599
-16138
-13592
-11981
-10915
-8190
-7346
-6451
-3143
-1052
88
1792
2736
3851
5882
7272
7687
8153
9156
10334
11141
11373
11250
11581
12351
12236
11577
11307
10345
9339
9284
7838
5486
4610
3262
1031
-108
-1695
-3879
-4546
-5261
-6893
-7444
-7868
-8669
-7874
-7292
-8079
-7372
-6245
-6446
-5531
-4472
-5005
-4521
-3630
-4354
-4301
-3675
-4382
-4372
-3876
-4867
-5498
-5340
-5104
-3318
-1884
-2498
-1313
1891
3667
5513
8228
9468
10757
13317
14663
14876
14989
14278
13809
13502
11002
7840
6146
3854
748
-1510
-4307
-7530
-9172
-10667
-12826
-13907
-14196
-14308
-13839
-13649
-13758
-12748
-10762
-8903
-7676
-7258
-6584
-4313
-1874
-1093
-587
897
2210
3517
5437
6224
6632
8575
9699
10353
12033
11508
11207
13782
13477
11406
11798
11013
9242
8742
7038
4574
3030
1432
-307
-1858
-3787
-5599
-6138
-6532
-7685
-7869
-7586
-7770
-6714
-5585
-5561
-4322
-2797
-2581
-1655
-582
-777
-432
96
-636
-1138
-1526
-2739
-3213
-3389
-4851
-5934
-6038
-6873
-7598
-6643
-5364
-4990
-4378
-2711
-605
1644
3856
5518
7193
9285
10887
12103
13272
13320
12853
13093
12544
10671
9186
7798
5653
3665
1699
-820
-2767
-4283
-6475
-8281
-9299
-10421
-10988
-11417
-12861
-13457
-12516
-12016
-11701
-11077
-11062
-10281
-7974
-6332
-5401
-3837
-2310
-616
1859
3662
4693
6522
8589
9964
11105
11757
11978
12699
13211
12522
11468
10613
9328
7987
6980
5208
3249
2142
689
-708
-1493
-2813
-3550
-3501
-3897
-3941
-3983
-3964
-3007
-2582
-2376
-1589
-1146
-622
-286
-123
271
-435
-869
-406
-1410
-2541
-3006
-4167
-4808
-5351
-7011
-8017
-8138
-8747
-9371
-9671
-10216
-9453
-7049
-6335
-6188
-3582
-1370
473
4234
6442
7334
10428
13205
14429
15846
16311
16378
17378
16953
14940
13643
11860
9049
7298
5287
1471
-1605
-3512
-6213
-8924
-10801
-12502
-13753
-14735
-16124
-16922
-16467
-15678
-14923
-14229
-13797
-12746
-10331
-7900
-6747
-5547
-3298
-1297
615
3010
4171
4874
7144
8898
9319
10252
10698
10673
11712
11742
10490
10367
9871
8654
8560
7501
5562
5482
4887
2879
2436
2024
579
622
429
-1277
-1290
-809
-1753
-1357
-842
-2170
-1825
-565
-1166
-834
-101
-1299
-1323
-642
-2011
-2608
-2455
-4092
-5152
-5591
-7647
-8806
-8887
-10492
-11496
-11272
-12395
-13018
-11608
-10215
-8903
-7389
-5863
-3074
281
3137
6375
9438
11924
14797
17481
19101
19802
19928
19956
19631
18376
16336
13968
11601
9131
6262
3003
-486
-3732
-6392
-8883
-11495
-13768
-15276
-16402
-17638
-18603
-18760
-18228
-17385
-16607
-16075
-15321
-13612
-11166
-9087
-7591
-5881
-3679
-1145
1405
3417
5034
6904
9114
11140
12491
13360
13965
14657
15528
15353
14323
13715
12710
11538
10802
8825
6575
5625
4045
2172
1304
-275
-1789
-1886
-2628
-3678
-3643
-3893
-3832
-2918
-3021
-3302
-2527
-2015
-1652
-962
-867
-984
-579
-448
-1048
-1624
-1927
-2628
-3639
-4325
-5454
-7107
-8032
-8822
-9881
-10435
-11344
-12042
-11633
-11652
-11004
-8726
-7225
-5930
-3316
-503
2660
6333
9099
11400
14631
17359
18497
19964
20943
19858
19456
19175
16635
14445
12390
8575
5668
3077
-1302
-4766
-7261
-10834
-13535
-15034
-17078
-18426
-18841
-19582
-19480
-18337
-17369
-15935
-14231
-13175
-11337
-8296
-5974
-4340
-2186
-185
1614
4154
6307
7330
8684
10400
11488
12523
13368
13276
13409
13914
13143
12001
11508
10161
8638
7921
5949
3506
2597
1183
-779
-1564
-2930
-4521
-4417
-4806
-5828
-5330
-5118
-5415
-4093
-3267
-3464
-1863
-146
273
1769
3075
3095
4382
5678
5267
5388
5645
4734
4326
3785
1740
140
-749
-2705
-4899
-6731
-8955
-10431
-11081
-12645
-14050
-14439
-15103
-14529
-12086
-11210
-10995
-8236
-5266
-2897
654
3253
5259
9012
11911
13505
15700
16894
17311
18454
18560
17093
15869
14875
12930
10847
8966
5912
3062
1356
-1431
-4381
-6124
-8246
-10121
-11352
-13466
-15082
-15069
-15135
-15587
-15847
-16220
-15970
-14436
-12933
-12219
-11312
-9818
-8087
-5875
-3646
-2331
-747
1921
3919
5281
7132
8467
9682
11601
12346
12202
12903
13138
12867
13304
12714
11214
10900
10235
8603
7888
6809
4881
4151
3167
1091
227
-487
-2128
-2638
-3192
-4866
-5075
-4629
-5358
-5227
-4627
-4924
-4165
-2905
-2831
-2268
-1153
-721
-37
608
286
202
588
130
-686
-1257
-2531
-3870
-4415
-5546
-6948
-7570
-8552
-9463
-9388
-9375
-8732
-7198
-6562
-5577
-2946
-639
1436
4296
6452
8232
10891
12819
13806
15242
15843
15446
15489
14807
12973
11156
9313
7154
4203
1462
-459
-3717
-6701
-8021
-10621
-12759
-13260
-14805
-15814
-16030
-16455
-15219
-14180
-14279
-12971
-11375
-10143
-7850
-5746
-4589
-2800
-268
1643
3289
4997
5985
7585
9653
9909
10122
11147
10789
10680
11257
9920
8479
8193
6810
5424
4647
2467
706
308
-1406
-3018
-3211
-4430
-5241
-4461
-4951
-5232
-3579
-2937
-2422
-372
558
1365
3920
5359
6057
7975
9025
9764
11652
12138
11676
12168
11844
10846
10424
9108
7004
5296
3127
511
-1750
-4530
-7875
-10473
-13038
-16171
-18432
-19965
-21437
-22019
-22247
-22556
-21894
-20314
-18277
-16251
-14640
-12079
-8135
-4171
-191
3704
6949
10669
14795
17759
19997
21703
22162
22501
22735
21413
19682
18468
16575
14157
11610
8228
4774
1998
-1120
-4452
-7352
-10409
-12839
-14314
-16549
-18491
-18578
-18613
-18898
-18414
-17990
-17384
-15549
-13203
-11314
-9669
-7495
-4846
-2195
585
2983
4932
7550
10036
11523
13295
14803
15283
16323
16991
15941
15334
15082
13703
12522
10922
7999
6205
4919
2130
-100
-1703
-4266
-5770
-6419
-8392
-9574
-9405
-10070
-10008
-8864
-8898
-8298
-6255
-5215
-3947
-1660
-649
525
3021
4324
5239
7142
7991
8423
9643
9736
9336
9821
9364
8034
7206
5777
3897
2712
938
-1721
-3814
-5889
-8367
-10247
-12118
-14423
-15952
-16941
-18150
-18790
-18627
-18059
-16884
-15526
-14121
-11727
-8637
-5603
-2359
896
4034
7461
10785
13641
16052
17905
19282
20114
20283
19910
19072
18036
16827
15110
13016
10649
8016
5574
3139
378
-2031
-4212
-6534
-8477
-10446
-12123
-12707
-13648
-14815
-14926
-15103
-15043
-13967
-13155
-12448
-11121
-9477
-7619
-5730
-3667
-1624
299
2745
4866
6447
8461
9945
11000
12497
12893
12585
13014
12725
11763
11183
9618
7649
6648
4959
2742
1317
-568
-2434
-3295
-4825
-6434
-6766
-7329
-7872
-7498
-7770
-7998
-6818
-6117
-5899
-4686
-3896
-3360
-1702
-711
-382
1137
2359
2861
4130
4934
5035
6131
6985
6640
6807
7124
6492
6106
5693
4188
3126
2465
566
-1282
-2577
-4715
-6529
-7635
-9642
-11407
-12049
-13082
-13945
-13910
-14062
-13489
-11650
-10483
-9384
-6835
-4219
-1633
1696
4257
6359
9525
12253
13888
15718
16976
17313
17885
17800
16534
15424
14135
12191
10302
7942
5071
2810
841
-1516
-3865
-5886
-7712
-9020
-9817
-11173
-12472
-12408
-12260
-12358
-11918
-11873
-11545
-9914
-8521
-7748
-6640
-5210
-3670
-1957
-185
1059
2203
4020
5415
6376
7525
7821
8217
9377
9088
8044
7810
7045
6000
5253
3403
1404
484
-1001
-2801
-3680
-5103
-6637
-6724
-7126
-7924
-7467
-7145
-6922
-5481
-4587
-4162
-2400
-688
464
2158
3397
4297
6061
7484
8005
8658
9220
9589
10030
9797
9062
8662
8152
7246
6199
4772
3254
2302
1278
-379
-1893
-3097
-4322
-5145
-5986
-7296
-8075
-8311
-8786
-9131
-9286
-9559
-9494
-9118
-8986
-8997
-8672
-7923
-7189
-6715
-6248
-5657
-4491
-2539
-1145
-529
957
3017
4888
7164
8843
9649
11408
13370
14178
14909
15274
14745
14749
14542
12727
10971
9485
7169
5266
3090
-321
-2604
-4373
-7018
-8851
-10782
-12827
-13073
-13636
-15068
-15310
-15055
-14412
-13139
-12351
-11766
-10567
-8486
-6094
-4420
-2949
-1096
1036
3510
5522
6764
8182
9905
11348
12250
12623
12625
12758
13075
12504
11062
9893
8717
7395
6197
4110
1614
207
-1153
-3092
-4648
-6398
-8149
-8569
-9066
-10527
-11027
-10803
-10888
-10220
-9556
-9625
-8406
-6516
-5635
-4343
-2765
-1769
142
2271
3131
4219
5748
6624
7750
8930
8823
8734
9481
9430
8771
8408
7377
6308
5982
4676
2827
2078
1023
-644
-1487
-2498
-3966
-4316
-4486
-5433
-5592
-5349
-5715
-5170
-4162
-4301
-3981
-2786
-2351
-1906
-1109
-1112
-1032
-379
-449
-850
-781
-979
-1432
-1623
-1851
-1890
-1486
-1244
-1252
-756
253
1099
2139
3224
3689
4824
6187
6371
7122
7700
7021
7435
7456
5933
5278
4413
2943
2063
481
-1293
-2373
-3519
-4534
-5623
-6655
-7040
-7330
-7499
-7652
-7897
-7349
-6493
-6105
-5673
-5148
-4439
-3164
-1989
-1479
-917
135
1248
2332
3194
3614
4310
5300
5864
6215
6322
6213
6547
6584
5711
4924
4177
3187
2516
1328
-602
-1816
-2766
-4172
-5126
-6152
-7554
-7926
-7875
-8428
-8515
-8125
-7868
-7024
-5901
-5275
-4265
-2656
-1377
-120
1432
2707
4028
5620
6747
7593
8686
9638
10255
10689
10899
10979
10978
10739
10144
9304
8517
7673
6443
5122
3748
2100
756
-476
-2236
-3704
-4876
-6359
-7338
-8068
-9147
-9628
-9789
-10164
-9954
-9507
-9325
-8626
-7526
-6772
-5821
-4462
-3479
-2339
-854
-39
954
2104
2282
2956
3831
3471
3561
3821
3135
2924
2722
1872
1465
1085
469
202
26
-149
-158
-15
175
407
985
1518
1611
2014
2656
2783
2876
3085
2776
2535
2606
2037
1299
1033
384
-422
-753
-1395
-2179
-2355
-2661
-3234
-3293
-3308
-3477
-3202
-3046
-3140
-2666
-2133
-1970
-1596
-1138
-745
-186
364
710
941
1391
1973
2279
2579
2805
2721
2960
3217
2912
2732
2560
1975
1663
1413
689
145
-268
-966
-1360
-1546
-2014
-2255
-2142
-2115
-2037
-1749
-1432
-991
-300
176
399
957
1552
2005
2619
2710
2493
2947
3216
2932
2802
2380
1853
1933
1743
1000
567
239
-208
-344
-636
-1364
-1708
-1766
-2184
-2577
-2809
-3191
-3460
-3584
-3927
-4438
-4673
-4582
-4742
-5112
-5186
-5173
-4922
-4326
-4204
-4134
-3222
-2135
-1146
-89
646
1675
3474
4985
5884
6819
7751
8716
9720
10011
9692
9554
9317
8691
7820
6445
4913
3762
2476
800
-875
-2389
-3558
-4494
-5622
-6713
-7333
-7517
-7492
-7552
-7588
-7193
-6485
-5664
-4867
-4376
-3706
-2467
-1363
-583
178
816
1667
2791
3412
3631
4038
4459
4766
4966
4734
4293
4201
4071
3456
2740
2047
1259
732
242
-771
-1693
-2089
-2579
-3064
-3352
-3917
-4218
-3936
-4010
-4238
-3990
-3768
-3504
-2929
-2659
-2503
-1788
-1125
-794
-127
504
857
1626
2273
2459
3000
3450
3519
3883
4035
3798
3878
3821
3371
3113
2809
2193
1676
1252
655
70
-344
-824
-1359
-1584
-1752
-2123
-2112
-1967
-2172
-1906
-1429
-1496
-1147
-525
-507
-152
545
633
806
1286
1298
1346
1723
1591
1303
1495
1371
1000
1061
805
293
363
219
-314
-333
-460
-902
-809
-845
-1320
-1236
-1118
-1485
-1443
-1353
-1680
-1568
-1365
-1685
-1677
-1394
-1492
-1406
-1137
-1240
-1154
-764
-714
-683
-383
-281
-191
141
230
192
481
673
615
782
947
918
1103
1252
1090
1143
1324
1191
1113
1132
935
873
921
641
381
372
212
-38
-139
-353
-638
-651
-682
-938
-984
-913
-1034
-983
-840
-957
-874
-579
-609
-547
-237
-232
-154
161
177
257
547
582
687
971
1049
1143
1426
1516
1508
1755
1749
1552
1757
1574
1255
1511
1028
443
717
213
-394
-311
-873
-1179
-989
-1418
-1553
-1394
-1546
-1306
-1025
-1104
-895
-458
-199
37
341
501
743
1156
1195
1110
1284
1237
1145
1192
865
538
547
311
-124
-392
-726
-1108
-1322
-1656
-2158
-2368
-2425
-2682
-2839
-2836
-2924
-2786
-2433
-2321
-2110
-1513
-1028
-604
27
500
956
1682
2145
2386
2877
3203
3262
3480
3495
3210
3176
3060
2544
2195
1904
1323
908
550
-131
-621
-912
-1488
-1972
-2254
-2745
-3088
-3158
-3483
-3745
-3651
-3725
-3764
-3429
-3264
-3098
-2488
-2019
-1627
-797
-131
348
1265
2002
2437
3253
3835
4030
4630
5006
4882
5082
5127
4746
4656
4370
3632
3228
2808
1971
1341
737
-122
-684
-1127
-1912
-2564
-2862
-3219
-3613
-3784
-3938
-4084
-3898
-3643
-3573
-3279
-2794
-2376
-1811
-1275
-948
-368
355
755
1122
1566
1815
2087
2386
2342
2187
2207
2117
1824
1533
1156
688
428
116
-534
-1022
-1294
-1727
-2042
-2276
-2715
-2875
-2743
-2866
-2945
-2783
-2694
-2418
-1974
-1786
-1504
-908
-389
93
647
1102
1573
2210
2726
2979
3286
3635
3814
3983
4004
3757
3659
3576
3156
2713
2283
1724
1258
748
35
-572
-1034
-1529
-1972
-2379
-2766
-2959
-2997
-3032
-3057
-2993
-2771
-2457
-2150
-1841
-1500
-1083
-569
-92
270
630
1064
1460
1769
2018
2163
2286
2458
2493
2361
2254
2116
1887
1679
1326
893
672
347
-70
-312
-741
-1093
-1205
-1637
-1912
-1980
-2363
-2425
-2350
-2616
-2589
-2472
-2515
-2324
-2177
-2115
-1876
-1619
-1355
-1076
-799
-461
-127
238
587
833
1146
1486
1704
1926
2113
2181
2283
2352
2254
2149
2008
1759
1567
1331
958
684
410
64
-151
-405
-695
-764
-860
-1013
-957
-935
-918
-687
-534
-420
-125
122
335
669
920
1100
1356
1531
1588
1672
1707
1618
1507
1389
1150
876
663
334
-37
-288
-648
-1020
-1216
-1520
-1802
-1875
-2053
-2204
-2152
-2171
-2148
-1946
-1812
-1657
-1333
-1045
-766
-386
-36
294
671
991
1225
1452
1667
1777
1794
1777
1641
1443
1248
895
465
80
-402
-895
-1316
-1803
-2246
-2523
-2787
-3044
-3134
-3131
-3083
-2820
-2503
-2233
-1714
-1115
-622
34
661
1170
1830
2376
2745
3176
3464
3621
3787
3761
3613
3472
3196
2846
2478
1975
1477
1057
535
32
-360
-827
-1197
-1383
-1670
-1852
-1794
-1827
-1745
-1422
-1242
-986
-484
-154
176
698
1018
1302
1744
1940
2020
2233
2250
2127
2087
1886
1548
1286
940
461
43
-376
-910
-1389
-1790
-2306
-2805
-3154
-3553
-3947
-4155
-4376
-4585
-4542
-4468
-4430
-4134
-3759
-3438
-2850
-2186
-1660
-917
-87
539
1278
2065
2606
3204
3816
4117
4380
4642
4606
4488
4348
3921
3431
2988
2340
1640
1033
312
-416
-994
-1617
-2236
-2639
-3005
-3340
-3425
-3463
-3477
-3228
-2947
-2670
-2144
-1606
-1093
-364
302
869
1584
2176
2639
3204
3548
3709
3978
4033
3874
3783
3529
3115
2739
2268
1731
1226
685
195
-229
-686
-1074
-1361
-1635
-1835
-1971
-2096
-2112
-2089
-2094
-1990
-1867
-1795
-1586
-1388
-1290
-1075
-889
-771
-525
-370
-310
-110
1
24
171
210
177
302
339
248
295
293
185
223
211
79
126
149
33
75
90
-56
-26
-27
-238
-288
-334
-578
-663
-756
-1066
-1180
-1235
-1503
-1589
-1589
-1766
-1745
-1612
-1656
-1513
-1221
-1102
-853
-470
-269
21
454
695
972
1381
1610
1844
2201
2361
2466
2703
2794
2784
2881
2864
2739
2711
2588
2313
2106
1870
1521
1214
894
487
127
-188
-554
-883
-1136
-1391
-1584
-1705
-1822
-1873
-1879
-1844
-1744
-1684
-1531
-1310
-1207
-977
-719
-621
-357
-119
-48
196
373
440
659
762
783
930
985
981
1036
1031
960
919
860
708
576
478
290
131
0
-221
-387
-502
-698
-856
-964
-1129
-1258
-1330
-1440
-1535
-1569
-1609
-1652
-1655
-1641
-1611
-1546
-1466
-1382
-1265
-1119
-972
-808
-624
-453
-263
-66
103
285
462
586
715
836
906
981
1047
1063
1077
1074
1025
990
945
860
794
737
655
594
540
468
426
401
336
276
252
194
155
163
121
104
149
147
180
277
310
374
513
569
640
777
824
868
965
971
982
1038
995
934
910
814
686
585
460
281
145
25
-192
-340
-450
-689
-798
-854
-1079
-1131
-1119
-1263
-1233
-1150
-1192
-1080
-930
-882
-726
-538
-424
-241
-27
111
278
457
550
638
725
736
732
726
664
583
494
364
222
60
-119
-301
-498
-691
-876
-1060
-1229
-1382
-1516
-1625
-1707
-1759
-1794
-1795
-1768
-1734
-1648
-1533
-1431
-1274
-1099
-950
-754
-545
-374
-160
61
239
459
674
832
1027
1204
1324
1482
1620
1700
1801
1885
1921
1971
2013
2012
1996
1973
1915
1845
1775
1678
1551
1415
1247
1051
863
650
418
223
-1
-233
-399
-592
-782
-882
-1018
-1156
-1213
-1298
-1356
-1330
-1340
-1315
-1195
-1113
-1013
-822
-669
-529
-304
-117
36
270
456
600
812
946
1030
1174
1217
1212
1256
1197
1098
1031
883
698
537
321
61
-174
-421
-722
-984
-1228
-1522
-1736
-1904
-2125
-2251
-2323
-2437
-2448
-2413
-2409
-2287
-2131
-2015
-1800
-1558
-1359
-1080
-785
-528
-202
119
393
708
991
1216
1470
1675
1808
1964
2068
2101
2150
2153
2077
2013
1911
1750
1610
1439
1233
1072
881
649
476
296
92
-40
-165
-309
-388
-455
-529
-540
-541
-536
-477
-411
-341
-225
-116
-23
111
242
352
478
581
657
737
784
789
795
772
706
626
520
388
247
83
-87
-252
-441
-631
-800
-965
-1122
-1254
-1372
-1473
-1550
-1607
-1625
-1612
-1581
-1521
-1433
-1314
-1172
-1029
-840
-644
-482
-259
-70
68
293
444
529
699
770
785
880
880
842
844
771
674
591
474
343
217
108
-23
-143
-217
-331
-435
-478
-558
-606
-577
-578
-548
-456
-397
-321
-183
-76
35
202
345
485
670
821
948
1099
1207
1277
1373
1433
1445
1469
1464
1418
1379
1302
1181
1078
946
773
627
459
264
104
-74
-272
-428
-590
-756
-864
-976
-1092
-1147
-1210
-1279
-1287
-1293
-1305
-1258
-1205
-1159
-1059
-953
-857
-720
-586
-480
-341
-212
-113
13
131
201
290
368
398
443
476
466
464
454
399
348
297
211
131
67
-30
-131
-212
-314
-418
-489
-570
-650
-709
-768
-808
-818
-816
-813
-786
-709
-671
-615
-476
-406
-321
-128
-24
96
301
410
544
721
815
950
1093
1164
1263
1351
1385
1416
1426
1406
1362
1296
1215
1111
987
845
688
525
346
172
7
-162
-316
-451
-581
-688
-769
-836
-871
-869
-855
-807
-736
-661
-565
-450
-341
-219
-88
26
145
268
372
470
558
618
661
688
688
675
640
576
502
411
296
178
54
-79
-207
-332
-466
-593
-714
-832
-928
-1008
-1077
-1126
-1162
-1182
-1175
-1147
-1099
-1029
-946
-852
-741
-619
-491
-354
-222
-92
38
156
264
362
438
498
547
575
579
568
538
486
430
362
293
222
146
73
5
-59
-112
-153
-190
-221
-234
-237
-233
-205
-160
-116
-58
17
92
167
252
340
422
502
581
652
710
759
804
839
860
870
863
841
803
752
690
617
534
447
357
267
174
83
-8
-96
-180
-254
-316
-361
-394
-419
-441
-462
-475
-474
-455
-421
-376
-327
-278
-232
-189
-151
-118
-90
-70
-53
-40
-34
-35
-43
-57
-74
-92
-108
-125
-143
-162
-184
-207
-230
-254
-278
-301
-322
-339
-355
-369
-383
-395
-405
-411
-414
-415
-416
-414
-412
-404
-392
-371
-345
-310
-276
-237
-195
-152
-108
-65
-21
24
73
125
178
234
288
341
393
446
496
539
575
598
613
623
628
628
624
614
598
576
546
503
455
401
346
289
229
168
105
43
-14
-69
-120
-166
-203
-228
-239
-238
-227
-206
-177
-143
-105
-63
-18
30
82
135
191
242
290
331
358
374
377
367
347
315
275
229
176
116
48
-27
-108
-193
-280
-364
-443
-513
-575
-629
-672
-707
-730
-741
-738
-723
-692
-649
-594
-531
-460
-385
-308
-231
-156
-85
-18
45
100
152
195
227
249
258
261
253
233
206
176
143
108
70
34
-1
-34
-65
-89
-107
-118
-125
-123
-119
-114
-107
-91
-66
-33
3
48
97
148
199
249
293
331
361
386
404
412
415
414
410
398
377
352
325
296
264
230
197
160
118
73
30
-10
-44
-72
-96
-114
-125
-131
-131
-131
-131
-130
-129
-124
-116
-110
-106
-103
-104
-102
-96
-91
-86
-81
-81
-85
-93
-105
-119
-134
-148
-159
-168
-177
-183
-187
-185
-179
-171
-158
-147
-134
-122
-108
-92
-74
-54
-32
-11
12
31
46
56
60
61
62
59
55
49
43
35
27
17
3
-10
-22
-35
-46
-56
-65
-74
-80
-80
-77
-70
-58
-42
-23
0
24
47
71
97
125
154
182
211
236
259
277
292
306
314
320
320
312
296
273
246
214
176
132
86
35
-12
-61
-105
-144
-178
-209
-235
-260
-279
-292
-297
-296
-290
-276
-259
-235
-207
-175
-143
-111
-75
-36
3
37
67
100
127
147
164
177
178
171
160
142
118
91
62
29
-5
-42
-78
-113
-148
-177
-203
-225
-242
-253
-257
-255
-247
-231
-209
-183
-152
-117
-81
-43
-2
38
78
115
146
171
191
206
216
224
228
231
229
223
211
196
179
159
138
116
91
67
43
22
4
-10
-20
-28
-33
-37
-39
-37
-34
-27
-18
-8
-1
4
7
8
9
9
10
10
9
5
-2
-12
-23
-36
-49
-61
-69
-78
-84
-87
-91
-91
-89
-84
-78
-66
-53
-36
-19
-3
14
27
39
49
58
65
69
70
65
58
48
36
20
0
-23
-49
-74
-98
-118
-138
-157
-171
-183
-189
-190
-186
-180
-167
-149
-125
-95
-62
-25
14
54
92
130
163
196
224
247
267
281
287
288
279
263
240
212
179
143
103
63
22
-18
-60
-98
-137
-170
-197
-217
-233
-243
-248
-243
-233
-215
-192
-164
-132
-96
-55
-14
28
68
106
143
176
206
231
253
268
275
272
261
244
222
195
163
127
85
44
1
-41
-85
-127
-168
-202
-232
-256
-274
-285
-289
-285
-273
-256
-232
-204
-176
-142
-105
-66
-26
10
47
83
118
148
172
191
202
207
208
204
195
182
165
145
121
94
64
32
-1
-33
-65
-95
-121
-144
-161
-175
-181
-185
-184
-179
-171
-158
-142
-122
-100
-75
-48
-21
6
33
57
80
101
118
134
146
155
163
166
166
163
157
149
136
123
106
90
71
53
33
12
-7
-27
-44
-62
-76
-88
-97
-102
-102
-101
-98
-94
-87
-79
-73
-64
-56
-46
-36
-28
-19
-14
-5
5
13
24
35
44
54
62
67
70
69
67
66
63
60
58
55
51
44
37
28
20
11
1
-6
-10
-15
-22
-27
-34
-40
-48
-56
-63
-69
-73
-75
-74
-73
-69
-66
-64
-60
-56
-52
-47
-38
-32
-23
-15
-7
-1
8
18
28
40
51
59
68
74
83
89
96
97
98
97
94
86
76
63
48
33
20
8
-2
-11
-20
-30
-41
-53
-65
-75
-83
-87
-88
-85
-81
-75
-68
-59
-49
-40
-29
-17
-5
8
21
33
43
53
61
66
70
72
72
71
67
61
54
46
38
30
20
11
2
-7
-17
-25
-33
-40
-49
-55
-60
-64
-67
-68
-65
-60
-55
-50
-45
-38
-30
-20
-11
-5
1
5
9
11
15
17
20
24
26
29
30
29
27
23
20
16
13
9
6
2
-2
-7
-12
-17
-21
-21
-19
-15
-11
-4
0
6
11
18
25
32
39
47
52
56
57
53
47
42
35
29
21
11
1
-7
-16
-24
-33
-41
-49
-54
-57
-59
-58
-54
-48
-41
-32
-25
-15
-7
1
8
16
23
31
38
45
50
55
58
58
55
50
43
35
27
17
9
-2
-13
-24
-38
-50
-62
-72
-81
-86
-91
-91
-91
-86
-78
-67
-55
-41
-26
-10
5
21
34
46
59
69
77
83
86
87
89
85
81
76
69
62
54
42
30
16
0
-13
-29
-42
-54
-63
-70
-74
-78
-77
-75
-72
-66
-59
-50
-40
-29
-18
-6
6
18
30
42
53
63
71
76
78
78
73
69
60
53
43
34
24
13
2
-10
-23
-34
-47
-56
-67
-75
-79
-80
-78
-75
-67
-60
-50
-43
-33
-24
-14
-5
4
16
25
36
45
52
57
60
61
59
55
50
42
34
25
16
7
-2
-12
-20
-28
-34
-40
-44
-46
-47
-46
-43
-41
-35
-30
-24
-16
-7
1
10
20
30
39
47
51
53
51
51
49
46
43
37
29
21
13
7
-1
-9
-18
-25
-33
-37
-41
-44
-45
-44
-42
-40
-36
-31
-25
-20
-13
-5
2
11
19
26
33
39
44
48
50
50
47
44
39
32
24
17
10
3
-3
-10
-17
-23
-29
-38
-46
-53
-59
-62
-63
-62
-60
-53
-48
-42
-34
-25
-18
-7
2
12
22
31
40
47
52
56
60
63
63
61
59
55
47
39
30
20
9
2
-7
-17
-25
-31
-39
-44
-48
-52
-53
-54
-54
-52
-50
-44
-37
-29
-21
-11
-3
5
13
21
30
38
44
50
56
58
58
57
52
47
40
34
26
21
13
6
-2
-9
-17
-23
-27
-34
-37
-39
-41
-41
-40
-38
-34
-29
-23
-18
-12
-8
-4
0
2
5
7
8
9
11
11
12
13
14
14
14
13
11
8
6
3
0
-3
-4
-6
-6
-9
-11
-11
-11
-11
-10
-7
-5
-3
-2
-1
-1
1
3
5
9
13
16
17
17
17
15
12
10
7
5
3
0
-3
-5
-8
-11
-12
-15
-16
-16
-15
-14
-12
-10
-10
-6
-7
-4
-4
0
3
6
10
13
17
19
21
22
22
22
21
20
18
17
13
10
6
2
-1
-5
-9
-12
-16
-19
-22
-24
-25
-26
-26
-24
-22
-19
-15
-13
-10
-6
-2
1
6
8
12
16
17
19
22
23
25
26
26
25
24
22
20
18
15
13
8
6
1
-1
-5
-10
-13
-17
-21
-24
-27
-28
-30
-30
-30
-29
-26
-25
-22
-19
-17
-14
-11
-7
-5
0
4
7
10
13
15
15
17
18
18
18
17
16
13
13
11
10
8
6
3
1
-4
-8
-10
-12
-13
-14
-13
-13
-11
-9
-7
-5
-3
-3
-2
0
3
6
8
9
12
15
15
16
16
16
15
15
15
13
13
13
12
11
10
7
3
1
-3
-6
-7
-8
-10
-12
-12
-12
-11
-13
-13
-13
-13
-13
-13
-11
-11
-10
-9
-7
-5
-4
-2
0
2
2
3
5
7
9
10
11
13
13
15
14
14
13
13
10
9
7
4
4
3
1
-2
-3
-5
-7
-9
-11
-12
-12
-12
-11
-11
-11
-10
-11
-11
-12
-12
-12
-11
-10
-10
-8
-6
-7
-6
-6
-4
-3
1
4
6
9
11
13
13
13
12
12
13
14
14
15
14
13
11
8
6
4
1
0
-2
-4
-5
-6
-7
-7
-8
-8
-7
-7
-7
-6
-5
-4
-4
-2
-1
-1
0
1
2
3
3
5
6
7
7
7
7
5
4
3
1
0
-1
-2
-2
-3
-3
-4
-5
-7
-8
-9
-9
-8
-9
-7
-5
-3
-1
0
1
1
2
2
2
3
4
5
5
7
7
6
6
5
5
5
6
7
8
7
7
6
4
3
0
-1
-2
-2
-1
-1
-1
-2
-3
-4
-7
-8
-9
-10
-11
-9
-9
-8
-6
-5
-4
-2
0
-1
0
0
0
0
1
2
3
3
3
4
4
2
2
1
0
0
-1
-2
-2
-3
-3
-3
-3
-4
-4
-3
-3
-3
-2
-1
-2
-1
-1
0
0
-1
0
0
0
0
0
0
2
2
4
6
6
7
7
8
8
8
9
9
10
10
8
7
6
5
4
3
3
3
2
1
0
-1
0
0
-1
0
0
0
0
0
0
-1
-2
-3
-3
-3
-2
-3
-3
-2
-4
-4
-4
-4
-5
-4
-4
-5
-3
-2
-1
-1
0
0
0
-1
-1
-1
-1
-1
-1
-1
-2
-1
0
-1
-1
-1
-2
-2
-3
-3
-3
-3
-4
-3
-2
-3
-3
-2
-2
-1
0
1
1
2
4
4
4
4
3
2
4
5
6
7
6
6
5
5
3
2
2
1
1
1
1
1
1
1
-1
0
-2
-2
-2
-1
-1
-1
0
0
0
0
0
0
0
0
0
1
1
1
2
2
2
2
2
3
3
3
3
2
2
0
1
0
1
-1
-1
0
-2
-3
-4
-5
-5
-5
-7
-6
-6
-5
-5
-4
-3
-4
-4
-5
-3
-3
-2
-2
0
0
1
2
0
0
1
2
2
1
1
1
1
1
1
1
1
0
0
0
0
1
0
0
0
0
1
0
-1
-1
0
0
1
0
2
1
1
1
1
0
1
0
0
-1
-1
1
2
2
1
1
0
0
0
0
0
0
0
0
0
-1
-1
-1
-1
-1
0
0
0
1
1
2
1
0
1
1
1
1
2
2
2
2
2
2
1
0
-1
-1
-1
-1
-1
-1
-1
-2
-2
-2
-3
-3
-3
-3
-2
-2
-2
-1
-1
0
0
1
0
0
0
0
0
0
1
2
1
2
2
3
3
1
1
1
0
2
2
0
0
0
0
-1
-1
-1
0
-1
-1
-1
0
-1
-1
-1
-1
-1
-2
-1
-1
-1
-1
-1
-1
-1
-1
-1
0
-1
-1
-1
1
1
1
2
1
2
2
2
2
2
1
1
1
0
1
-1
0
-1
-1
-1
-1
-1
0
1
-1
0
1
-1
0
1
3
4
4
4
4
3
4
4
3
2
2
1
1
1
0
-1
-1
-3
-2
-2
-1
-1
-1
-2
-3
-2
-2
-2
-2
-2
-2
-2
-1
-2
-2
-1
-1
-1
-1
-1
0
-1
-1
-1
-1
-2
-3
-2
-2
-1
-1
0
0
0
0
0
1
1
2
1
1
2
0
2
1
0
0
-1
-1
0
0
0
-1
0
-1
0
0
0
-1
0
0
0
0
1
0
1
1
1
1
1
2
1
1
0
0
0
0
0
0
1
0
0
0
1
1
0
0
0
0
0
0
0
0
0
2
1
0
0
0
0
0
-1
0
-1
-2
-3
-2
-2
-1
-2
-1
0
0
1
0
-2
-1
-1
-1
-1
-1
-1
-1
-1
0
0
-1
1
0
1
0
0
0
0
0
0
1
0
0
0
-1
0
0
0
1
1
2
1
2
2
1
1
1
0
0
1
1
2
1
2
1
3
1
2
1
1
3
0
2
2
-1
2
0
-1
2
-4
2
-4
0
-1
-2
-2
-3
-1
-2
-2
-2
-2
-1
-1
-1
0
-2
-1
-1
-2
-3
-1
-2
-2
-1
0
-2
-1
0
0
0
0
0
-1
-1
-1
-1
-1
-1
1
1
2
2
3
3
3
3
2
2
2
0
1
0
-1
1
0
0
0
0
-1
-1
-2
-2
-2
-1
0
0
0
0
-1
1
2
2
2
1
1
1
0
1
1
1
0
1
1
0
0
0
0
0
0
0
1
2
0
1
-1
0
0
0
0
0
0
0
0
1
0
0
0
0
-1
0
-1
-1
0
-2
-2
-2
-2
-2
-1
-1
-1
-1
-2
-1
0
-1
0
-2
1
0
1
0
0
1
0
0
0
-1
-1
-1
0
-1
-1
1
0
0
0
-1
0
0
1
0
1
1
2
3
3
2
3
2
1
0
0
0
1
1
-1
0
0
0
-1
-1
-1
0
0
0
-1
1
0
0
1
0
0
0
0
1
-1
0
0
0
0
-1
1
0
0
-1
0
0
0
1
1
0
2
1
3
1
1
1
0
0
0
0
0
0
0
0
-2
-2
-2
-2
-1
-2
0
-1
0
0
0
-1
0
0
1
1
1
1
1
1
1
2
1
1
0
0
0
0
-1
0
-1
-1
0
-1
0
1
0
0
0
0
0
0
0
0
0
0
0
-1
1
-1
-1
-2
-2
-3
-2
-1
0
0
0
-1
0
-1
1
1
0
0
0
-1
1
1
1
2
1
1
0
0
-1
-1
-1
-1
-1
-2
0
0
-2
-1
-1
-1
-1
0
1
1
2
3
4
4
4
4
3
3
3
2
1
0
0
-1
-1
-3
-2
-2
-3
-3
-3
-2
-2
-1
0
0
0
1
0
1
1
0
1
1
1
2
1
1
1
0
0
-1
0
-2
-2
-2
-2
-2
0
0
0
1
2
2
2
2
2
2
2
2
1
0
1
0
0
-2
-3
-4
-4
-5
-5
-6
-5
-4
-3
-2
-1
-1
0
1
1
2
2
2
2
1
1
0
0
0
0
0
0
-1
0
0
0
-1
-2
-1
0
0
1
2
3
5
4
5
7
7
7
6
5
6
3
1
1
0
0
0
0
-1
-2
-2
-4
-3
-3
-3
-3
-2
-2
-1
-1
0
1
0
2
2
1
0
0
-1
-1
-3
-4
-5
-5
-5
-5
-5
-5
-5
-4
-3
-2
0
0
0
1
2
3
3
4
3
3
3
3
2
1
1
0
-1
-2
-1
-3
-4
-3
-2
-2
-1
-1
1
1
2
4
5
6
6
8
8
7
7
6
4
1
1
-2
-3
-5
-5
-6
-6
-6
-6
-5
-4
-3
-1
0
0
2
2
3
4
5
5
6
6
6
5
4
3
0
-2
-3
-5
-6
-8
-9
-9
-9
-8
-7
-4
-4
-2
-1
0
1
2
3
3
3
2
2
2
2
0
0
-1
-1
-2
-3
-4
-4
-5
-5
-4
-3
-2
-1
0
2
4
5
5
6
7
7
6
6
5
3
3
2
1
