SAMPLES:	14755
BITSPERSAMPLE:	16
CHANNELS:	1
SAMPLERATE:	16000
NORMALIZED:	FALSE
0
0
0
0
1
-1
0
1
1
1
0
2
1
1
-1
0
0
0
0
0
-1
0
-2
0
-1
-1
0
-1
-1
-1
0
-1
-1
-1
-1
-2
-1
-1
0
1
0
1
0
0
0
0
-1
0
0
1
1
0
0
-1
-2
-2
-2
-1
-1
-2
0
-1
1
1
0
1
1
1
3
-2
5
-2
3
0
1
2
1
2
1
1
1
0
-1
1
0
-1
1
0
1
1
1
1
0
0
-1
0
-1
0
0
0
0
0
-1
0
0
0
1
-1
-1
-1
-1
-1
-1
0
0
0
-1
1
1
-1
0
0
0
0
0
0
0
0
0
0
0
0
0
-1
0
0
0
0
0
0
0
0
-1
0
0
0
0
-1
0
-1
0
0
0
0
0
-1
0
0
-1
0
0
0
1
0
0
0
0
0
0
1
0
0
0
0
0
2
0
1
1
1
2
0
0
1
-1
1
0
-1
3
-2
4
-2
2
-1
-1
0
0
0
-1
-1
0
0
0
0
0
0
0
0
0
0
0
0
0
0
0
0
0
0
0
0
0
1
1
1
0
-1
0
0
0
0
0
0
1
-1
-1
-1
-1
-1
-1
-1
1
0
-1
0
0
0
0
0
0
0
0
-1
0
0
0
0
2
1
1
1
1
1
0
2
2
0
0
0
0
1
0
0
0
0
0
0
0
0
0
0
0
0
1
0
0
-1
-1
0
0
1
0
0
0
0
0
1
-1
0
0
-1
2
-1
-1
1
-1
1
0
-2
3
-3
3
-3
2
-1
-1
0
0
-1
0
0
0
-1
1
0
0
0
0
0
0
0
0
0
0
0
0
0
-1
0
-1
0
0
0
0
0
0
0
0
0
1
0
0
0
0
0
0
0
0
0
0
0
1
0
0
0
0
0
0
0
0
0
-1
0
0
1
0
0
0
0
0
0
0
1
0
0
0
0
0
0
-1
0
1
0
0
0
0
0
0
0
0
-1
0
0
0
0
0
0
0
0
1
0
-1
0
1
-1
-1
-2
-1
-2
-2
-2
-3
-2
-2
-2
-2
-1
-1
-1
-1
-1
0
0
0
0
0
1
1
1
1
1
0
0
1
1
2
2
2
2
2
2
3
2
2
3
3
4
2
3
3
2
1
1
0
0
0
-1
-1
-2
-3
-2
-2
-2
-2
-3
-3
-3
-3
-3
-3
-4
-3
-4
-3
-3
-3
-3
-3
-2
-3
-1
0
0
1
1
1
1
2
2
2
2
2
3
3
4
4
4
6
6
5
4
5
5
4
4
3
3
2
2
1
1
0
-1
-1
-2
-2
-3
-2
-4
-4
-5
-5
-6
-5
-7
-8
-8
-8
-9
-9
-9
-10
-10
-8
-7
-6
-5
-4
-4
-2
0
2
4
4
7
7
7
6
8
8
9
10
11
11
11
10
9
7
6
5
4
4
3
3
3
1
0
-2
-1
-2
-2
-3
-3
-3
-3
-4
-5
-6
-6
-5
-5
-6
-6
-7
-6
-6
-5
-4
-4
-3
-4
-4
-4
-5
-3
-4
-3
-2
-1
0
1
2
4
5
6
7
8
8
10
10
11
12
13
14
16
15
16
16
14
13
11
8
5
2
-1
-3
-6
-9
-12
-16
-21
-27
-33
-39
-44
-50
-56
-60
-64
-70
-75
-79
-81
-82
-81
-78
-72
-64
-54
-45
-33
-25
-11
5
22
35
44
52
62
78
99
119
141
160
179
198
217
235
259
285
312
334
345
343
328
304
276
246
212
177
135
87
30
-27
-85
-142
-196
-253
-315
-383
-459
-540
-622
-704
-784
-860
-931
-994
-1038
-1063
-1063
-1036
-986
-916
-830
-734
-633
-525
-411
-294
-170
-36
100
244
401
564
721
880
1060
1256
1484
1753
2014
2281
2570
2812
3002
3196
3286
3243
3174
3003
2728
2473
2101
1626
1215
687
79
-428
-1031
-1645
-2118
-2640
-3133
-3493
-3838
-4121
-4287
-4373
-4386
-4328
-4163
-3958
-3728
-3393
-3071
-2760
-2342
-1988
-1697
-1304
-980
-782
-474
-243
-135
70
236
309
492
716
810
1102
1445
1653
2091
2548
2954
3432
3992
4515
4900
5470
5919
6107
6485
6651
6453
6484
6218
5585
5220
4463
3460
2693
1559
359
-652
-1908
-3058
-4048
-5154
-5979
-6708
-7388
-7704
-8011
-8135
-7937
-7800
-7424
-6809
-6334
-5644
-4836
-4259
-3524
-2757
-2272
-1673
-1126
-880
-534
-257
-236
-85
26
-15
92
216
306
561
860
1240
1771
2374
3109
3896
4735
5697
6533
7382
8291
8884
9488
10016
10106
10207
10106
9538
8996
8214
7002
5885
4556
2920
1490
-114
-1790
-3227
-4717
-6061
-7174
-8216
-8977
-9502
-9921
-10002
-9923
-9763
-9279
-8775
-8161
-7334
-6640
-5850
-5006
-4392
-3694
-3053
-2670
-2209
-1855
-1695
-1505
-1315
-1273
-1197
-964
-895
-686
-238
54
544
1335
1927
2723
3825
4565
5645
6756
7537
8672
9417
10080
10856
11073
11318
11456
11046
10631
10049
9033
8002
6790
5330
3832
2257
675
-1018
-2558
-3931
-5467
-6685
-7584
-8690
-9414
-9703
-10239
-10409
-10087
-10093
-9820
-9030
-8684
-8196
-7178
-6695
-6206
-5179
-4746
-4378
-3490
-3185
-2964
-2255
-2036
-1897
-1358
-1088
-921
-434
66
388
967
1791
2281
3017
4128
4747
5642
6899
7514
8416
9599
10006
10649
11488
11475
11614
11915
11384
10914
10567
9498
8445
7509
6035
4544
3179
1533
-191
-1707
-3206
-4872
-6249
-7338
-8681
-9671
-10182
-11030
-11487
-11355
-11676
-11597
-10900
-10826
-10368
-9309
-9017
-8358
-7163
-6801
-6101
-4980
-4592
-3973
-3041
-2664
-2227
-1480
-1046
-752
-94
510
764
1439
2335
2616
3411
4575
4921
5829
7201
7643
8532
9956
10336
10996
12243
12378
12607
13402
13108
12735
12870
12054
11035
10446
9101
7544
6318
4601
2701
1056
-771
-2735
-4480
-6055
-7800
-9337
-10374
-11650
-12706
-13019
-13680
-14140
-13767
-13804
-13701
-12783
-12297
-11795
-10584
-9783
-9124
-7875
-6968
-6367
-5284
-4419
-3949
-3117
-2331
-1936
-1314
-594
-170
367
1123
1703
2332
3218
4032
4845
5895
6948
7930
9046
10197
11160
12108
13135
13863
14420
15056
15299
15230
15211
14757
13959
13203
12018
10532
9133
7336
5347
3559
1471
-707
-2581
-4604
-6599
-8243
-9856
-11282
-12396
-13408
-14108
-14542
-14860
-14857
-14631
-14312
-13748
-13077
-12311
-11393
-10533
-9581
-8523
-7631
-6774
-5767
-4977
-4304
-3435
-2777
-2182
-1478
-946
-282
378
898
1710
2536
3145
4143
5161
5952
7109
8231
9189
10428
11519
12360
13503
14305
14773
15488
15720
15702
15679
15192
14567
13730
12483
11173
9688
7727
5868
3991
1703
-364
-2302
-4521
-6547
-8236
-9983
-11572
-12693
-13776
-14765
-15199
-15481
-15784
-15571
-15135
-14837
-14214
-13261
-12492
-11712
-10559
-9548
-8781
-7670
-6660
-6018
-5049
-4166
-3650
-2797
-1991
-1548
-753
93
603
1429
2471
3174
4122
5423
6333
7401
8910
9899
10976
12525
13381
14217
15583
16113
16405
17270
17323
16902
16929
16423
15274
14364
13215
11447
9758
7981
5827
3742
1608
-618
-2817
-4910
-7015
-9110
-10632
-12309
-14013
-14774
-15839
-16967
-16961
-17048
-17482
-16871
-16273
-16220
-15315
-14270
-13686
-12716
-11367
-10675
-9678
-8157
-7576
-6538
-5083
-4413
-3581
-2312
-1402
-852
205
1279
1907
2833
4103
4935
6010
7456
8314
9650
11173
11918
13268
14856
15326
16329
17669
17632
18020
18712
18343
18050
17932
17278
16242
15333
14034
12164
10545
8659
6222
4078
1854
-831
-3229
-5411
-8095
-10412
-11957
-14240
-16056
-16566
-18129
-19070
-18444
-19011
-19149
-18016
-17658
-17281
-16099
-14882
-14149
-12978
-11415
-10586
-9333
-7837
-7021
-5883
-4597
-3909
-3201
-2009
-1316
-960
311
1177
1496
2784
3814
4313
5667
6978
7790
9264
10767
11666
13167
14908
15552
16713
18410
18303
18604
19711
19076
18482
18614
17767
16300
15368
14058
11863
9986
8017
5385
2951
676
-1980
-4557
-6766
-9075
-11592
-13140
-14866
-17014
-17134
-18321
-19479
-18180
-18745
-18988
-17355
-17009
-16704
-15193
-13939
-13348
-11916
-10403
-9786
-8296
-6888
-6531
-5256
-3809
-3525
-2866
-1389
-820
-697
770
1709
1839
3244
4507
5152
6515
7866
8937
10416
11857
12948
14343
16025
16934
17610
19080
19501
19192
19856
19662
18790
18455
17554
16156
14905
13144
10883
8939
6685
3773
1388
-948
-3949
-6361
-8603
-11194
-13031
-14826
-16613
-17608
-18493
-19271
-19320
-19047
-19046
-18685
-17637
-16818
-16296
-14949
-13423
-12824
-11566
-9768
-9098
-8055
-6448
-5770
-4899
-3638
-3088
-2271
-1169
-722
112
1361
1995
2863
4316
5395
6342
7920
9314
10510
12016
13489
14981
16137
17243
18472
19364
19672
19788
20201
19876
19035
18626
17924
16391
14826
13364
11310
8973
6602
4285
1571
-1157
-3497
-6221
-8661
-10788
-13030
-14806
-16263
-17549
-18495
-19110
-19237
-19084
-19097
-18703
-17785
-17180
-16556
-15365
-14218
-13275
-12043
-10838
-9734
-8347
-7339
-6591
-5191
-4045
-3643
-2647
-1173
-687
-28
1480
2325
3142
4529
5741
6905
8307
9791
11083
12645
14276
15266
16654
18254
18778
19385
20290
20223
20005
19953
19273
18474
17661
16190
14562
13127
10915
8414
6572
4013
1256
-823
-3400
-5899
-8027
-10192
-12083
-13969
-15448
-16467
-17754
-18522
-18525
-18797
-18832
-18277
-17698
-17029
-16325
-15354
-13994
-13055
-12265
-10706
-9393
-8751
-7691
-6362
-5453
-4710
-3730
-2728
-1744
-1030
-161
1162
1955
3045
4371
5413
6901
8189
9339
11022
12285
13680
15251
15720
17628
18869
18265
19763
20195
19194
19467
19239
18006
17182
16222
14214
12841
10965
8193
6239
4015
1215
-1425
-3639
-5866
-8642
-10924
-12461
-14472
-16191
-16881
-18180
-18951
-18612
-19317
-19134
-17974
-17892
-17381
-16058
-15042
-14181
-12695
-11758
-10702
-8887
-8359
-7614
-5885
-4801
-4553
-3670
-1806
-1207
-1288
484
1994
2032
3354
4814
5714
7281
8309
9359
11136
12694
13476
14721
16664
17374
17958
19030
19482
19651
19384
19298
19064
18121
17336
16018
14566
13006
10654
8554
6423
3848
1393
-1197
-3602
-5838
-8660
-10899
-12334
-14313
-15966
-16919
-18018
-18625
-18723
-19085
-18957
-18173
-17742
-17393
-16406
-15113
-14208
-13557
-12094
-10560
-9878
-8820
-7397
-6186
-5349
-4698
-3475
-1932
-1597
-1033
808
1841
2580
3596
5324
6402
7222
9260
10142
11708
13439
14272
15403
16910
18186
18039
19117
19972
19442
19341
19172
18766
17829
16848
15508
14078
12402
9893
7713
5698
3189
371
-2164
-4412
-6916
-9594
-11480
-13040
-14959
-16287
-17370
-18364
-18638
-19024
-19276
-18650
-18202
-17970
-17272
-16423
-15313
-14154
-13314
-12032
-10476
-9566
-8789
-7387
-5887
-5057
-4513
-3140
-1666
-1335
-630
1231
2327
2883
4311
5812
6966
8235
9427
10944
12657
13534
14448
16213
17367
17714
18606
19549
19488
19112
19116
18860
18141
17273
16034
14654
13258
11138
8800
6923
4736
2110
-373
-2764
-5251
-7729
-9898
-11773
-13530
-15045
-16443
-17714
-18342
-18651
-18942
-18922
-18284
-17554
-17492
-16775
-15225
-14306
-13694
-12363
-10874
-9773
-9209
-8090
-6018
-5670
-4862
-3188
-2534
-1214
-634
343
1978
2818
3583
4932
6553
7154
8371
9819
11254
12880
13214
14328
16665
16953
16941
18966
19196
18650
19008
18949
18378
17421
17010
15391
13874
12524
9874
7886
6063
3637
652
-1443
-3485
-6745
-8881
-10521
-12789
-14323
-15560
-17305
-18093
-18432
-19097
-18985
-18680
-18362
-17681
-17365
-16573
-14769
-14000
-13710
-11727
-10022
-9986
-9089
-6941
-5860
-5618
-4442
-2965
-2264
-1591
-500
780
2150
2939
3729
5461
6850
7552
8887
10665
12147
13111
13931
15617
17158
17308
17987
19480
19421
18793
19170
19012
18116
17456
16348
14868
13521
11488
9158
7399
5272
2563
-16
-2188
-4661
-7522
-9705
-11412
-13513
-15159
-16384
-18067
-18536
-18719
-19311
-19236
-18541
-17844
-18051
-16954
-15459
-14624
-14028
-12521
-10771
-10615
-8843
-8349
-7032
-4682
-5502
-3795
-2014
-1997
-954
270
1798
2658
3513
5045
6376
7405
8527
9985
11882
13059
13400
15268
16805
16709
18056
19287
18916
18861
19266
19091
17961
17691
17085
14921
13871
12421
9373
7409
5952
3188
407
-1575
-4195
-6937
-8991
-10909
-12964
-14552
-15575
-17528
-18402
-18064
-19109
-19324
-18369
-17979
-17909
-17454
-16160
-14754
-14177
-13483
-11475
-10079
-10105
-8937
-6783
-6050
-5426
-3826
-2923
-2264
-1167
-188
1254
2606
3498
4639
5966
7381
8445
9495
11369
12870
13226
14577
16352
16476
17422
18788
18614
18765
19029
18633
17971
17518
16913
15238
13881
12405
9815
7741
5799
3593
1127
-1583
-3671
-6281
-8661
-10477
-12686
-13716
-14870
-17041
-17811
-17522
-18702
-18988
-17813
-17800
-17154
-16942
-16147
-14209
-13928
-12854
-11169
-10077
-9362
-8734
-7059
-5738
-5176
-4259
-3051
-2272
-1702
-622
802
2042
3004
4240
5601
6635
7872
9248
11041
12565
12996
14595
16194
16404
17574
18733
18966
18886
18913
19013
18005
17477
17180
15349
13888
12613
10201
7987
6153
3989
1578
-918
-3196
-5695
-8178
-9989
-11890
-13380
-14566
-16399
-17361
-17430
-18154
-18554
-17944
-17266
-17112
-17015
-15945
-14614
-14003
-13143
-11671
-10516
-10029
-9343
-7863
-6505
-5736
-4989
-3907
-2781
-2368
-1689
395
1701
2285
3782
4986
6082
7664
8981
10602
12508
13266
14368
16361
16966
17730
19159
19528
19345
19318
19291
18499
17955
17636
15935
14241
12822
10377
8154
6164
4099
1743
-1311
-3231
-5873
-8820
-9794
-12195
-13886
-14349
-17049
-17835
-17192
-18717
-18805
-17644
-17739
-17487
-16954
-16119
-14736
-13922
-13079
-11811
-10639
-9949
-9320
-7682
-6175
-5635
-4801
-3561
-2543
-1876
-947
735
1952
2883
4283
5385
6625
8016
9424
11541
12805
13756
15943
16820
17131
19135
19949
19279
19724
20084
18930
17991
18198
17265
14973
13729
12296
9528
7429
5623
3116
746
-1487
-4111
-6706
-8541
-10534
-12846
-13640
-14708
-17101
-17534
-17251
-18351
-18396
-17468
-17095
-17059
-16708
-15308
-14226
-13879
-12480
-11103
-10711
-9905
-8657
-7506
-6658
-5590
-4462
-4075
-3136
-1705
-965
241
1868
3000
4250
5346
6826
8574
9746
11650
12783
13667
15721
16091
16851
18689
18909
18821
18791
19416
18529
17225
17859
16299
14704
13240
11296
9016
6614
5300
2206
495
-1996
-5182
-6477
-9194
-10871
-12269
-13544
-15104
-16861
-16583
-17112
-18239
-17516
-16628
-17123
-16833
-15796
-14856
-13943
-13290
-12103
-10881
-10209
-9678
-8479
-7026
-6208
-5612
-4322
-3361
-3081
-1721
-346
794
1872
3289
4657
5454
7252
8818
10583
11736
12609
15005
15635
15934
17943
19206
18858
18864
19586
18938
17973
17858
17219
15772
14285
12352
10304
8476
6212
4019
1895
-589
-3237
-5736
-7691
-9793
-11799
-12710
-14155
-16205
-16711
-16889
-17672
-17742
-17129
-16555
-16632
-16540
-15038
-13885
-13789
-12656
-11002
-10581
-10402
-9091
-7752
-7116
-6130
-4991
-4452
-3744
-2611
-1386
70
1173
2227
3633
4906
6020
7344
9624
11279
11954
13795
15882
15929
17005
19348
19258
19259
19331
19562
18907
17626
17946
16266
14878
13054
10698
9340
6488
4545
2493
106
-2170
-4895
-7154
-9145
-11004
-12583
-13437
-15143
-16730
-16722
-17180
-17960
-17349
-16550
-16689
-16559
-15667
-14471
-14022
-13147
-11517
-10815
-10419
-9773
-8355
-7172
-6595
-5218
-4225
-3904
-3146
-2044
-504
951
2156
3647
4647
5902
7735
9153
11164
12814
13850
15420
16532
17301
18657
19848
19698
19678
20008
19044
18240
18211
17221
15603
14075
12007
9811
7712
5590
3567
1249
-1339
-4007
-6164
-8124
-10421
-12076
-12843
-14510
-16595
-16643
-16854
-17973
-17433
-16631
-16509
-16551
-15979
-14419
-13853
-13253
-11823
-11052
-10380
-9780
-8975
-7619
-6648
-5922
-4963
-3960
-3249
-2411
-1107
166
1420
2991
4253
5252
6791
8455
9877
11419
13191
14640
15292
16491
18125
18517
18782
19636
19590
18773
18498
17854
16793
15899
14027
12299
10584
7950
5848
3778
1651
-634
-3566
-5602
-7391
-9924
-11779
-12547
-13712
-15856
-16454
-16059
-17322
-17737
-16345
-16113
-16778
-15718
-14118
-14304
-13489
-11524
-11433
-10807
-9360
-9034
-8224
-6858
-5988
-5377
-4229
-3180
-2738
-1356
32
917
2580
3986
4906
6773
8571
9518
11459
13514
14285
15667
17376
17869
18611
19733
19685
19514
19708
18873
17744
17323
16199
14119
12598
10912
8205
5890
4007
1392
-1010
-3054
-5776
-8000
-9677
-11962
-13281
-13775
-15622
-16605
-16101
-17273
-17885
-16282
-15988
-16777
-15355
-13885
-14576
-13406
-11393
-11523
-10628
-9166
-8980
-8319
-7014
-6233
-5826
-4393
-3307
-3208
-1677
-63
569
2359
4207
4933
6831
8849
9495
11731
14127
14576
16183
18202
18389
18969
20105
19943
19588
19642
18771
17511
16993
15753
13480
11959
10231
7358
5116
3211
507
-1949
-4075
-6567
-8744
-10664
-12569
-13627
-14598
-16208
-16737
-16625
-17692
-17923
-16430
-16366
-16934
-15191
-13865
-14372
-13219
-11339
-11324
-10552
-9003
-8735
-7881
-6346
-5940
-5321
-3757
-3179
-2705
-919
582
1334
2905
4661
5737
7751
8706
10063
13018
13743
14869
17044
18102
18423
19234
20057
19455
19442
19262
18181
17479
16595
14964
12962
11530
9524
6615
4611
2802
-237
-2699
-4544
-7144
-9223
-11193
-12956
-13437
-14920
-16629
-15973
-16080
-17645
-16974
-15675
-15996
-15610
-14103
-13727
-13477
-12109
-11491
-10991
-9586
-8761
-8403
-7256
-6226
-5683
-4905
-3459
-2178
-2127
-265
1288
1555
4164
5265
6255
8604
9414
11126
13398
14178
15716
17872
17834
18493
19946
19371
19234
19662
18777
17348
16766
15764
13303
11630
10396
7509
4969
3456
632
-2013
-3679
-6223
-8641
-10232
-12273
-13683
-14411
-15928
-16253
-16149
-17375
-17266
-16124
-16167
-16025
-14421
-13664
-13724
-12206
-11279
-10998
-9475
-8673
-8420
-7294
-6045
-5749
-5163
-3158
-2699
-2622
-404
691
1105
3342
4895
5714
7678
9085
10397
12676
13854
15003
17246
17900
17990
19657
20038
19016
19499
19453
17688
16897
16246
13979
12127
10905
8267
5583
3907
1440
-1468
-3442
-5446
-8146
-10041
-11643
-13433
-14413
-15651
-16463
-16469
-17224
-17599
-16838
-16205
-16263
-15345
-13860
-13886
-12994
-11520
-11407
-10300
-8941
-8654
-7790
-6302
-5622
-5377
-3788
-2376
-2377
-1035
1033
1511
2965
5302
6077
7406
9568
10665
12116
14225
15522
16776
18127
18675
19217
19788
19622
19462
19355
18458
17270
16315
14714
12459
10787
8929
6013
3730
1679
-1269
-3608
-5633
-8118
-10241
-12214
-13661
-14727
-16331
-17024
-16957
-17817
-18229
-17492
-16869
-16680
-15958
-14577
-13981
-13579
-12343
-11284
-10389
-9288
-8831
-7831
-6379
-6049
-5352
-4002
-2645
-2055
-1226
1095
1992
3120
5332
6454
8119
9532
10981
12966
14126
15740
17135
18058
18863
19276
19719
19354
19340
19200
17672
16775
16074
14146
12102
10679
8729
6023
3867
1854
-896
-3349
-5249
-7834
-9860
-11447
-13635
-14224
-15230
-16822
-16430
-17004
-17769
-16947
-16224
-16115
-15699
-14208
-13891
-13439
-11744
-11477
-10368
-8758
-8537
-7738
-6298
-5156
-5038
-3899
-1774
-1554
-847
1600
2757
3441
5419
6794
8048
10006
11078
12608
14790
15526
16501
18232
18433
18695
19716
19399
18859
18890
18019
16522
15476
14078
11795
10069
8429
5524
3253
1456
-1532
-3964
-5796
-8161
-10161
-11870
-13204
-14382
-15913
-16486
-16665
-17469
-17734
-17308
-16627
-16339
-16035
-14578
-13881
-13673
-12042
-11096
-10518
-8936
-8219
-7598
-6145
-5180
-4637
-3515
-1752
-998
-308
2127
3267
3843
6349
7578
8566
11098
12113
13232
15591
16674
17405
18499
19254
19547
19376
19335
19104
18304
17327
15899
14591
13072
10595
8883
7066
4128
1735
-291
-2769
-5422
-7327
-9382
-11504
-13009
-14240
-15632
-16984
-16705
-17275
-18164
-17467
-17147
-16506
-15912
-15465
-14093
-13303
-13076
-11543
-10771
-9696
-8372
-8424
-6299
-5650
-5195
-3311
-2592
-569
-16
1081
3490
4067
5791
7705
8884
11053
12376
13305
15740
16926
17395
18801
19411
19558
19659
19641
19172
18446
17883
16358
14719
13780
11447
8956
7749
5199
2033
-6
-2068
-4906
-7382
-8874
-10995
-13145
-14287
-15322
-16944
-17494
-17124
-18158
-18289
-17567
-17091
-16288
-16368
-15172
-13588
-13712
-12503
-11036
-10478
-9071
-8176
-7444
-6007
-5112
-4093
-2870
-1314
285
813
2768
4951
5472
7389
9401
10911
12325
13502
15611
16602
17418
18864
19229
19567
19785
19372
19035
18520
17644
16494
14936
13554
11825
9283
7331
5347
2606
141
-2036
-4349
-6763
-8934
-10783
-12596
-14367
-15489
-16239
-17553
-17727
-17270
-18195
-17811
-16489
-16437
-16259
-14982
-13486
-13719
-12465
-10596
-11019
-9022
-7812
-7693
-5846
-4852
-3518
-2815
-1424
915
1187
2558
5345
6219
7280
9776
11186
12463
14058
15439
16954
17775
18660
19482
19422
19533
19523
18760
18280
17696
16320
14692
13267
11657
9025
6770
5191
2274
-635
-2325
-4731
-7548
-9366
-11101
-13094
-14895
-15719
-16470
-17999
-17724
-17368
-18520
-17890
-16563
-16303
-16096
-14991
-13404
-13231
-12512
-10619
-10215
-9284
-7582
-7072
-6063
-4538
-3490
-2611
-1053
665
1508
2974
5060
6375
7649
9798
11617
12815
14479
15909
17225
18407
19132
19704
19660
19797
19808
18773
18079
17715
16362
14375
12714
11328
8841
6023
4530
2221
-1220
-3173
-5204
-8097
-10030
-11752
-13726
-15273
-15900
-16854
-18285
-17970
-17294
-18447
-18099
-15982
-16511
-15856
-14041
-13732
-12466
-11825
-10573
-9526
-8900
-7442
-6854
-5595
-4372
-3369
-2350
-973
1014
1657
3119
5556
6721
8042
10117
11830
13221
14836
16269
17160
18445
19438
19436
19635
19814
19674
18821
17900
17596
16294
14285
12619
11037
8684
5908
3897
1310
-1564
-3743
-6238
-8648
-10715
-12527
-14341
-15878
-16317
-17550
-18696
-17787
-17754
-18639
-17719
-16316
-16104
-15703
-14187
-12997
-12480
-11180
-10105
-9466
-7947
-6968
-6331
-4956
-3625
-2715
-1845
-184
1416
2220
3554
5713
7089
8230
10212
11762
13204
14793
15776
17069
18381
18807
19076
19210
19301
19101
17979
17456
16830
14909
13264
11700
9784
7294
4833
2940
158
-2443
-4497
-7138
-9196
-11070
-13044
-14613
-15882
-16317
-17583
-18235
-17338
-17754
-17752
-16941
-15676
-15298
-14972
-12813
-12412
-11548
-10154
-9561
-8251
-7216
-6187
-5639
-4220
-2701
-2275
-1004
750
2132
3012
4735
6777
7867
9389
11089
12484
14303
15415
16243
17806
18673
19032
19353
19432
19341
18705
17855
17163
16110
14246
12313
10841
8667
5784
3577
1449
-1430
-4022
-6255
-8518
-10613
-12558
-14273
-15605
-16254
-17191
-18319
-17700
-17274
-18015
-17334
-16028
-15522
-14974
-13751
-12444
-11627
-10495
-9382
-8531
-7230
-6326
-5576
-4343
-3094
-2150
-1232
287
1730
2773
4058
5733
7494
8729
10162
12073
13534
14839
16118
17148
18288
19124
19225
19125
19350
19288
18067
17131
16811
14981
12781
11578
9515
6742
4440
2254
-455
-3213
-5337
-7751
-10146
-11779
-13830
-15717
-16040
-17098
-18594
-18207
-17974
-18151
-18011
-17117
-16135
-15875
-14669
-13438
-12565
-11493
-10279
-9158
-8023
-6851
-6030
-4771
-3577
-2248
-1203
-155
1643
2849
4224
5590
7150
9019
10182
11578
13431
14932
15944
17000
18210
19128
19344
19303
19330
19260
18540
17428
16833
15526
13580
11759
9891
7698
4993
2852
356
-2339
-4445
-7148
-9514
-11188
-13281
-15238
-16158
-16783
-18038
-18511
-17834
-18142
-18262
-16984
-16468
-15945
-14582
-13598
-12674
-11469
-10164
-9368
-8451
-6840
-6105
-5368
-3790
-2766
-1750
-562
688
2198
3279
4611
6279
7601
9292
10682
11925
13988
15072
15833
17453
18238
18605
18977
19124
19231
18544
17831
17288
16000
14425
12704
10756
8595
6185
3710
1140
-1138
-3743
-6574
-8524
-10690
-13010
-14619
-15715
-16544
-17788
-18218
-17660
-17842
-17974
-17206
-16175
-15395
-15027
-13633
-12003
-11783
-10253
-8762
-8541
-6797
-5653
-5398
-3833
-2475
-1947
-857
731
1824
2831
4262
5795
7123
8617
10071
11441
13223
14543
15516
16900
17988
18597
19077
19188
19232
19092
18100
17213
16644
14935
12797
11294
9298
6633
4232
1895
-662
-3213
-5768
-8369
-10436
-12183
-14453
-15991
-16276
-17433
-18620
-18040
-17682
-18216
-17672
-16302
-15626
-15060
-13729
-12396
-11456
-10299
-9182
-8160
-6892
-6027
-5072
-3786
-2803
-1755
-722
504
1771
2879
4111
5385
6870
8392
9683
11066
12792
14129
15113
16413
17492
18203
18744
18860
18934
19123
18348
17418
17021
15540
13507
11879
9988
7357
4877
2658
-171
-2815
-5196
-7843
-10200
-12112
-14114
-15904
-16721
-17375
-18613
-18645
-17769
-18403
-18062
-16688
-16275
-15496
-14467
-13069
-12028
-10929
-9453
-8582
-7158
-5976
-5192
-3945
-2634
-1472
-677
772
2234
3205
4455
5723
7243
8526
9814
11063
12800
14505
14802
16508
17885
17985
18727
18975
19077
18734
18365
17731
16672
15817
13958
11960
10500
8088
5179
3130
793
-2186
-4789
-7159
-9520
-11843
-13867
-15637
-16849
-17549
-18643
-19083
-18279
-18295
-18549
-17275
-16220
-15862
-14768
-13541
-12454
-10996
-9989
-9176
-7488
-6091
-5692
-4605
-2869
-1983
-1229
257
1636
2799
4139
5371
6605
8280
9755
10589
12076
14032
14757
15472
17104
17902
18151
18626
18638
18720
18502
17353
16756
16129
14098
12106
10780
8468
5752
3643
1320
-1412
-3965
-6295
-8928
-10977
-12803
-14929
-16360
-16711
-17800
-19190
-17977
-18093
-18552
-17413
-16520
-15576
-15449
-13442
-12471
-11900
-9756
-9356
-7881
-6371
-5617
-4589
-3298
-1766
-1128
50
1721
2758
3779
5418
6410
7548
9643
10587
11409
13620
15084
15361
16666
17998
18175
18533
18852
18711
18587
17916
16862
16202
14780
12696
11145
9285
6675
4190
1982
-744
-3361
-5842
-8532
-10636
-12651
-14708
-16417
-17089
-17695
-19185
-18802
-17866
-18762
-18227
-16491
-16304
-15654
-13871
-12725
-11918
-10393
-8903
-8294
-6636
-5142
-4843
-3287
-1788
-1089
-96
1074
2578
3754
4730
6253
7686
8886
10111
11303
12927
14190
15078
16492
17464
18253
18975
18662
18679
19152
18141
17033
16769
15415
13199
11472
9791
7070
4382
2271
-526
-3277
-5802
-8397
-10743
-12879
-14717
-16514
-17461
-18154
-19141
-18948
-18795
-18528
-17986
-17759
-16026
-15188
-15091
-12900
-11624
-11159
-9291
-8186
-7349
-5647
-4724
-3792
-2414
-1094
-61
828
2407
3924
4834
5778
7705
9047
9891
11263
12788
14393
14685
16158
17837
17904
18819
19232
19165
19150
18717
17826
16891
16285
14452
12206
10807
8595
5405
3030
707
-2217
-4988
-7659
-9961
-12197
-14438
-16175
-17535
-18290
-18896
-19605
-19214
-18546
-18671
-18106
-16840
-15931
-15063
-13981
-12533
-10993
-9969
-8950
-7389
-5987
-5155
-4193
-2721
-1466
-550
665
1950
2956
4175
5472
6473
7876
9504
10275
11251
13236
14402
14877
16388
17775
18167
18675
19014
18925
18945
18282
17128
16599
15376
13116
11410
9750
7073
4341
1936
-728
-3439
-6073
-8613
-10913
-12646
-14704
-16839
-17412
-17925
-19064
-19189
-18023
-18169
-18362
-16734
-16214
-15255
-13875
-13133
-11457
-10147
-9323
-8358
-6855
-5424
-4806
-3516
-2004
-1070
252
1378
2396
4193
5056
5803
7692
8865
9915
11272
12573
14047
14721
15778
17039
17664
18636
18685
18703
19165
18137
17083
16688
15467
13666
11891
10141
8016
5245
2617
213
-2589
-5252
-7875
-10269
-12056
-14219
-16183
-17323
-17974
-18779
-19525
-18745
-18238
-18490
-17682
-16578
-15595
-14789
-13770
-12074
-10689
-9466
-8094
-6931
-5363
-4129
-3430
-1934
-348
752
1691
2845
4455
5320
5903
7443
8986
9910
10740
12204
13767
14158
15148
16754
17136
18003
18597
18453
18823
18431
17634
16816
15914
14784
12689
10814
9137
6441
3744
1352
-1558
-4165
-6910
-9792
-11754
-13841
-16170
-17526
-18588
-19399
-19154
-19682
-19370
-17833
-18229
-17735
-15809
-15015
-14324
-12704
-11097
-9851
-8495
-7466
-5815
-4423
-3875
-2381
-927
169
1381
2382
3903
5237
5942
7183
8681
9703
10875
12077
13204
14684
15373
16130
17397
18021
18639
18742
18709
18813
18056
17118
16226
14998
13287
11344
9464
7365
4675
1996
-513
-3302
-6061
-8729
-11143
-13252
-15127
-16789
-18178
-18696
-19030
-19815
-19498
-18478
-18589
-18133
-16742
-15933
-15129
-13961
-12415
-11140
-9961
-8446
-7192
-5824
-4447
-3462
-2189
-553
632
1674
2979
4420
5711
6472
7656
9005
10061
11078
12086
13597
14596
15209
16502
17316
17662
18241
18386
18314
18326
17799
16794
15876
14690
12760
10785
8994
6722
3896
1136
-1226
-3985
-6931
-9386
-11445
-13486
-15520
-16862
-17875
-18620
-19127
-19471
-18967
-18508
-18375
-17722
-16349
-15125
-14594
-13281
-11621
-10584
-9374
-8186
-6757
-5184
-4240
-3193
-1775
-260
726
1545
3425
4942
5455
6728
8414
9527
10494
11689
13030
14330
15364
16110
17010
18031
18452
18499
18629
18602
18298
17259
16421
15679
13805
11974
10120
7970
5436
2595
339
-2413
-5323
-7843
-10253
-12272
-14360
-16091
-17274
-18073
-18540
-19330
-19354
-18493
-18469
-18180
-17012
-16062
-15188
-14188
-12819
-11474
-10252
-8830
-7748
-6312
-4648
-3826
-2775
-1006
311
1198
2508
4156
5300
6206
7671
8983
9829
11084
12306
13432
14608
15477
16617
17331
17856
18500
18408
18432
18432
17836
16899
16032
15000
13158
11191
9381
7200
4432
1884
-508
-3411
-6135
-8544
-11062
-13109
-14763
-16595
-17793
-18382
-18900
-19282
-19361
-18594
-18126
-18078
-16864
-15461
-14887
-13890
-12127
-11000
-9936
-8343
-7348
-5873
-4355
-3639
-2181
-641
522
1575
2977
4645
5767
6890
8130
9831
11102
11523
13192
14888
15359
16248
17566
18241
18367
18939
19092
18398
18473
17851
16320
15647
14352
12268
10282
8504
6231
3190
935
-1444
-4516
-6933
-9343
-11857
-13649
-15443
-17216
-17838
-18333
-19221
-19279
-18873
-18603
-18262
-17812
-16765
-15438
-14729
-13783
-12238
-10927
-9972
-8972
-7421
-5926
-5030
-3736
-2163
-794
422
1393
3035
4767
5381
6582
8458
9546
10551
11853
13241
14587
15558
16495
17435
18318
18901
18659
18634
18871
18146
17253
16602
15680
14261
12121
10348
8627
5803
3029
769
-1876
-4587
-7306
-9703
-11646
-13987
-15607
-16793
-17721
-17975
-18752
-18971
-18406
-17984
-18075
-17555
-15862
-15064
-14630
-13237
-11710
-10817
-9687
-8416
-7131
-5548
-4557
-3413
-1922
-606
579
1584
3090
4632
5484
6533
8211
9409
10327
11612
13045
14536
15475
16339
17741
18547
18706
18996
19087
18870
18477
17603
16617
15788
14133
12044
10211
8061
5395
2636
269
-2309
-5213
-7830
-10183
-12321
-14366
-15890
-17097
-18034
-18334
-18924
-19191
-18466
-18314
-18257
-17214
-15968
-14926
-14165
-12903
-11299
-10286
-9154
-7848
-6404
-5001
-4089
-2873
-1384
-72
889
1966
3747
5068
5833
7121
8639
9926
10791
11767
13381
14728
15409
16564
17871
18330
18669
18967
18808
18550
18277
17175
16184
15598
13594
11397
9791
7647
4809
2153
-9
-2711
-5770
-8336
-10361
-12848
-14761
-16071
-17717
-18024
-18487
-19573
-19258
-18609
-18584
-18232
-17216
-16005
-14958
-14259
-12816
-11010
-10298
-9388
-7626
-6371
-5546
-4107
-2718
-1562
-75
1017
2165
3954
5092
6191
7879
8927
10173
11610
12243
13723
15520
16127
17075
18378
18940
19073
19000
19022
18872
18126
17339
16423
15151
13499
11373
9379
7317
4548
1863
-445
-3121
-6043
-8437
-10635
-13043
-14696
-16005
-17619
-17986
-17986
-19013
-18926
-18013
-18293
-18179
-16911
-15787
-15067
-14078
-12617
-11572
-10591
-9200
-8055
-6994
-5392
-4269
-3291
-1748
-540
678
1677
3331
4825
5729
7379
8438
10151
11239
11761
13886
15208
15622
16689
18356
18710
18589
19262
19004
18421
18166
17263
16006
15080
13398
10962
9209
7255
4320
1734
-325
-3124
-5911
-8019
-10596
-12847
-14270
-16149
-17449
-17414
-18075
-19143
-18333
-17920
-18590
-17630
-16741
-16114
-14653
-13717
-12801
-11299
-9986
-9202
-8011
-6166
-5158
-4265
-2466
-1225
-318
985
2213
3764
4849
5795
7575
8751
9659
11153
12339
13470
14620
15655
16841
17540
18325
18812
18426
18610
18390
17440
16841
16106
14868
12903
11091
9311
6658
4051
1844
-745
-3722
-6096
-8381
-11153
-13145
-14638
-16268
-17502
-17782
-17999
-19058
-18770
-17818
-18284
-18007
-16599
-15410
-14705
-13754
-12066
-11118
-10183
-8697
-7641
-6264
-4784
-3716
-2601
-1177
139
931
2159
4019
5315
6047
7577
9382
10213
10994
12619
14150
14865
15767
17414
18434
18382
18921
19312
18535
18358
18184
16793
15839
15193
13022
10740
9136
6693
3619
1176
-865
-4077
-6639
-8784
-11653
-13447
-15392
-16973
-17753
-18319
-18752
-19457
-18919
-18586
-18728
-17885
-17071
-15785
-14620
-14012
-12232
-10714
-10107
-8773
-7246
-5828
-4950
-3759
-1806
-816
150
1538
2716
3983
5267
6631
7647
9095
11003
11486
12268
14575
15625
15945
17417
18878
19143
18894
19300
19086
18397
18199
17009
15894
15124
12942
10609
8808
6545
3298
655
-1285
-4316
-6963
-9154
-11611
-13662
-15446
-17015
-18102
-18092
-18574
-19231
-18306
-17969
-18407
-17542
-16532
-15795
-14483
-13571
-12219
-10716
-9840
-8687
-7574
-5988
-4685
-3850
-2310
-981
32
1066
2270
3771
4838
5829
7361
8849
10347
11395
12463
14211
15158
16003
17239
18193
18896
18976
19004
18915
18425
17668
16647
15892
14618
12570
10692
8846
6367
3511
1175
-1233
-4043
-6667
-9110
-11372
-13648
-15221
-16661
-17910
-17590
-18119
-19122
-18014
-17450
-18067
-17366
-16102
-15339
-14623
-13352
-11781
-10814
-9684
-8299
-7209
-5744
-4525
-3589
-2188
-839
336
1333
2507
4240
5017
5989
8135
9057
9877
11602
13041
13973
14825
16369
17265
17622
18737
19053
18497
18628
18561
17251
16196
15718
14161
11848
10302
8444
5445
2934
791
-2005
-4748
-7147
-9619
-12139
-14199
-15647
-17122
-18205
-18285
-18681
-19235
-18518
-17899
-18291
-17699
-15989
-15208
-14773
-13051
-11350
-10706
-9575
-7820
-6651
-5621
-4162
-2926
-1902
-486
891
1763
3065
4790
5847
6692
8164
9789
10865
11622
13211
15036
15388
16036
17786
18351
18292
18836
18913
18292
18038
17530
16253
15300
14359
11904
9707
8648
5244
2343
572
-2730
-5201
-7840
-10441
-12466
-14471
-16039
-17521
-18173
-18672
-19081
-19067
-18665
-18330
-18106
-17317
-16553
-15366
-14212
-13453
-11939
-10427
-9665
-8494
-6774
-5473
-4389
-3091
-1766
-312
977
1992
3425
5215
6107
6865
8880
10126
10786
12410
14008
14896
15671
17212
17801
18061
19290
19310
18860
19120
18737
17428
16652
15967
14318
12389
10563
8528
5712
2934
644
-2235
-5065
-7458
-10108
-12402
-14259
-15987
-17148
-18101
-18605
-18765
-19302
-18987
-18120
-18220
-17869
-16336
-15357
-14937
-13539
-11794
-11092
-10063
-8193
-7163
-6189
-4441
-3205
-2113
-627
711
1821
2882
4276
5837
6818
7954
9850
11182
11731
13016
15062
15651
15960
17876
18651
18215
18847
19268
18328
18237
18011
16422
15640
14369
12322
10107
8148
5818
2554
323
-2284
-5231
-7624
-10025
-12263
-14232
-15651
-17197
-17951
-18101
-18791
-18947
-18370
-18229
-18155
-17215
-16420
-15468
-14029
-13185
-12016
-10224
-9370
-8564
-6678
-5218
-4422
-3100
-1551
-410
638
1968
3300
4526
5737
6927
8258
9635
10831
12169
13599
14690
15743
16832
17522
18173
18953
18981
18516
18552
18230
16849
15858
15332
13681
11409
9685
7583
4693
2085
-260
-2964
-5652
-8193
-10839
-13098
-14751
-16323
-17604
-18062
-18270
-18771
-18904
-18411
-17997
-17768
-17080
-15950
-14947
-14030
-12824
-11451
-10191
-8885
-7630
-6359
-5086
-3784
-2475
-1363
164
1573
2312
3589
5468
6413
7112
9430
10937
11262
12944
14326
15027
16022
17030
18125
18566
19063
19257
18529
18647
18249
16650
15953
15174
12802
10761
9302
6467
3607
1643
-1085
-4055
-6434
-9098
-11614
-13480
-15377
-16897
-17851
-18501
-18657
-18930
-19119
-18403
-17940
-17994
-17120
-15803
-15028
-14025
-12496
-11200
-10188
-8926
-7449
-6263
-4941
-3427
-2155
-906
679
1993
2887
4480
6038
7002
8019
9703
11344
11842
13101
14733
15608
16497
17452
18419
18832
19227
19369
18909
18620
17875
16607
15501
14399
12819
10615
8594
6716
3786
725
-1302
-4008
-7045
-9314
-11848
-13806
-15623
-17400
-17888
-18271
-18765
-19154
-18938
-18483
-18433
-18007
-17167
-15919
-14850
-13866
-12550
-11142
-9786
-8573
-7155
-5622
-4275
-3163
-1864
-269
945
2044
3447
4795
5819
6706
8070
9728
10598
11643
13452
14410
15158
16476
17092
17691
18767
18867
18535
18590
18211
17318
16257
15200
14110
12146
9935
8277
5729
2693
530
-2158
-5234
-7520
-10108
-12708
-14221
-15617
-17161
-17945
-18100
-18590
-19217
-18837
-18104
-18095
-17658
-16268
-15247
-14578
-13227
-11716
-10726
-9433
-7824
-6750
-5564
-3868
-2656
-1659
-11
1599
2391
3456
5224
6280
6899
8525
10179
10929
11967
13580
15029
15745
16651
18094
18512
18594
19101
18869
18215
18315
17477
15762
15191
13569
11122
9258
7201
4720
1788
-645
-3173
-6176
-8744
-11081
-13235
-15044
-16531
-17729
-18452
-18843
-19144
-19204
-18855
-18293
-17888
-17205
-15946
-14785
-13914
-12725
-11197
-9955
-8866
-7557
-6063
-4687
-3714
-2378
-1056
282
1801
2789
4323
5820
6597
7602
9043
10699
11540
12569
14517
15320
15736
17106
17821
18221
18906
19077
18818
18344
18016
16785
15419
14870
13076
10690
8937
6763
3774
979
-1228
-3906
-6906
-9344
-11565
-13954
-15799
-16958
-18007
-18573
-18654
-19034
-19263
-18598
-17957
-17964
-17179
-15555
-14671
-14214
-12737
-10891
-10054
-8814
-7065
-5618
-4453
-3398
-1766
-466
841
2194
3207
4751
6047
6991
8138
9806
11165
11779
13075
14684
15402
16029
17324
18157
18406
18840
18967
18620
18350
17770
16569
15635
14727
12754
10522
8849
6677
3696
1126
-1044
-3750
-6733
-9235
-11438
-13626
-15476
-16853
-17783
-18184
-18498
-19067
-19173
-18568
-18271
-18265
-17313
-15840
-15136
-14412
-12833
-11387
-10484
-9280
-7511
-6008
-4802
-3401
-2089
-857
750
1898
2770
4555
6095
6998
8079
9667
11356
11743
12724
14947
15592
15826
17206
18347
18218
18477
19199
18329
18259
18103
16361
15535
14579
12780
10416
8550
6715
3446
615
-1447
-4239
-7453
-9611
-11705
-14082
-15491
-16844
-17904
-18124
-18591
-19040
-18668
-18502
-18407
-17685
-16904
-15770
-14510
-13578
-12372
-10802
-9437
-8275
-6856
-5108
-3989
-3079
-1501
-450
693
2066
3119
4783
5694
6582
8242
9021
10229
11927
12913
13923
15306
16453
16831
17704
18898
18915
18686
18805
18608
17616
16566
15794
14359
12323
10322
8163
5415
2618
52
-2797
-5638
-8222
-10759
-13219
-15176
-16412
-17704
-18886
-18723
-18790
-19669
-18864
-17801
-18189
-17440
-15649
-14950
-14322
-12637
-10972
-10171
-9016
-7158
-6168
-5328
-3466
-2131
-1380
192
1793
2421
3347
5249
6443
6996
8696
10478
11196
12111
13668
15036
15620
16417
17963
18420
18281
18928
18685
18053
18112
17156
15716
14946
13513
11186
9125
7424
4849
1605
-781
-3164
-6306
-8831
-10912
-13140
-14992
-16503
-17705
-18477
-18916
-19041
-19056
-18814
-18260
-17898
-17404
-16271
-15053
-14145
-12981
-11417
-10138
-9164
-7754
-6113
-4869
-3725
-2270
-878
266
1501
2861
4142
5440
6589
7652
9097
10511
11498
12746
14241
15298
16138
17122
18092
18665
18970
19195
18940
18575
18277
17243
16062
15352
13716
11327
9519
7443
4548
1688
-360
-3084
-6276
-8181
-10632
-13187
-14596
-16086
-17449
-18219
-18366
-18745
-19306
-18562
-17885
-18252
-17462
-15973
-15246
-14589
-13203
-11429
-10650
-9484
-7597
-6422
-5120
-3728
-2475
-1256
41
1497
2473
3714
5315
6133
7102
8843
9853
10712
12445
13796
14476
15595
16957
17280
17609
18870
18948
18074
18466
18397
16701
15696
15245
13597
11241
9491
7599
4624
1756
-488
-2973
-5960
-8226
-10499
-13068
-14677
-16290
-17711
-18436
-18545
-18876
-19379
-18456
-17909
-18148
-17193
-15678
-15049
-14371
-12575
-11183
-10420
-8877
-7034
-5978
-4769
-3097
-1997
-1059
431
1794
2572
3720
5322
6282
7065
8652
10251
11038
11899
13567
14992
15151
15953
17751
18077
17844
18673
18898
17909
17791
17256
15634
14848
13453
11125
9043
7176
4406
1215
-812
-3506
-6675
-8921
-11208
-13594
-15343
-16715
-17946
-18423
-18591
-18936
-18776
-18313
-18245
-17884
-16986
-16105
-14822
-13652
-12794
-11034
-9364
-8591
-7167
-5385
-4362
-3255
-1873
-696
494
1752
2981
4302
5573
6683
7821
9171
10505
11594
12836
14152
15067
16121
17093
17508
18404
19009
18482
18492
18550
17499
16519
15670
14565
13040
10730
8623
6604
3661
793
-1653
-4424
-7233
-9660
-11984
-14195
-15655
-16774
-18103
-18508
-18489
-19270
-19409
-18696
-18489
-18239
-17242
-15965
-14992
-14025
-12474
-11112
-10080
-8599
-7140
-5908
-4517
-3159
-1875
-653
801
2207
3046
4449
6218
6936
7960
9827
10924
11623
13142
14745
15485
16305
17756
18410
18471
19126
19119
18624
18623
18109
16850
15871
15126
13258
10884
8978
6813
3659
678
-1448
-4408
-7221
-9496
-11628
-13348
-15300
-16372
-17281
-18423
-18551
-18758
-19140
-18668
-18035
-17708
-16897
-15631
-14599
-13867
-12681
-11152
-10161
-9007
-7387
-6052
-4851
-3404
-2104
-1023
382
1793
2695
4004
5599
6408
7494
9344
10672
11551
12737
14350
15553
15903
16929
18282
18357
18510
19067
18676
18190
17923
17010
15757
14481
12749
10472
8224
6007
3232
432
-2012
-4636
-7326
-9785
-11947
-13756
-15445
-16852
-17815
-18417
-18697
-19009
-18961
-18135
-17614
-17505
-16638
-15315
-14385
-13559
-12173
-10498
-9288
-8197
-6590
-5074
-3923
-2603
-1281
-189
1118
2311
3141
4545
6213
6927
7795
9681
10906
11359
12759
14541
15311
15898
17115
17905
18026
18538
18861
18332
18083
17856
16464
15050
14122
12223
9702
7784
5599
2563
-300
-2730
-5373
-8107
-10475
-12525
-14409
-16050
-17351
-18166
-18566
-18917
-19219
-19057
-18495
-18041
-17668
-16782
-15364
-14217
-13347
-11920
-10240
-9054
-7736
-6021
-4644
-3467
-2064
-773
534
1931
2995
4139
5610
6577
7396
8894
10252
11197
12545
13819
14559
15537
16581
17074
17635
18412
18509
18141
18141
18012
17051
15918
15071
13672
11417
9364
7399
4560
1675
-705
-3521
-6426
-8787
-10956
-13029
-14809
-15962
-17065
-18487
-18775
-18706
-19448
-19046
-17961
-18070
-17636
-16129
-15229
-14453
-12999
-11376
-10293
-9093
-7348
-5984
-4946
-3393
-1745
-880
483
2127
2988
4168
5729
7155
7845
9112
10927
11735
12765
14187
15424
16043
16708
17938
18157
18282
19036
18624
17999
18084
17102
15599
14681
13188
11109
8882
6705
4262
1150
-1338
-3874
-6778
-8909
-11146
-13184
-14772
-16080
-17256
-18369
-18487
-18755
-19344
-18764
-18137
-17978
-17253
-16236
-15116
-14286
-13177
-11363
-10248
-8929
-7242
-5989
-4595
-3270
-1916
-662
733
2195
3211
4506
5991
6956
8014
9577
10828
11828
13174
14379
15229
16173
17078
17618
18222
18780
18583
18291
18230
17698
16538
15418
14502
12620
10198
8311
6061
3002
363
-1913
-5006
-7557
-9657
-12202
-13847
-15242
-16649
-17607
-18420
-18491
-18855
-19199
-18143
-17721
-17761
-16651
-15488
-14659
-13691
-12178
-10667
-9716
-8190
-6475
-5268
-3863
-2378
-1095
115
1453
2775
3719
5178
6767
7363
8593
10410
10922
11874
13786
14645
15233
16318
17327
17668
17891
18661
18541
18037
18175
17521
16065
15150
14027
11644
9390
7675
5091
1827
-495
-2902
-6175
-8508
-10624
-12939
-14588
-16163
-17178
-18019
-18717
-18608
-19110
-19093
-17983
-17963
-17755
-16245
-15150
-14580
-13343
-11538
-10339
-9383
-7479
-5983
-4988
-3304
-1846
-642
642
2322
3429
4284
6148
7418
7946
9295
11236
11711
12432
14211
15145
15657
16289
17675
17770
17708
18735
18281
17815
17830
17146
15659
14488
13342
10974
8549
6550
4088
894
-1711
-3982
-6828
-9227
-11250
-13051
-14685
-16406
-17320
-17991
-18814
-18853
-18957
-18971
-18385
-18095
-17526
-16405
-15323
-14383
-13258
-11551
-10290
-9216
-7355
-5911
-4609
-3144
-1907
-511
884
2262
3294
4619
6414
7252
8268
10002
11043
12064
13497
14478
15401
16466
17174
17714
18427
18908
18556
18298
18487
17849
16662
15680
14542
12957
10670
8333
6303
3686
685
-1936
-4379
-6950
-9666
-11770
-13169
-14963
-16387
-17221
-18141
-18280
-18602
-19158
-18427
-17863
-17989
-17307
-15856
-14923
-14409
-12785
-11087
-10151
-8584
-6939
-5840
-4411
-2833
-1766
-599
803
2326
3101
4245
6246
6858
7944
9480
10966
11964
12591
14858
15593
15919
17487
18116
18149
18665
19020
18279
18294
17815
16400
15403
14027
12239
9738
7573
5552
2336
-495
-2744
-5649
-8285
-10475
-12577
-14129
-15648
-16788
-17547
-18245
-18390
-18798
-19004
-18191
-17784
-17638
-16682
-15340
-14282
-13594
-12127
-10259
-9220
-7886
-6267
-4959
-3554
-2535
-1203
418
1384
2666
4059
5141
6646
7661
8689
10202
11362
12757
13587
14601
16197
16452
17044
18083
18209
18426
18354
18022
17892
17079
15757
14710
13579
11634
9064
6920
4639
1546
-982
-3464
-6383
-8506
-10839
-12926
-14191
-15716
-16907
-17867
-18343
-18672
-19368
-18953
-18378
-18302
-17445
-16422
-15517
-14333
-13135
-11676
-10343
-8966
-7247
-6147
-4741
-2972
-1854
-583
900
2354
3653
4386
5972
7584
7801
9371
11018
11378
13035
14135
14729
16149
16726
17296
17905
18284
18561
17890
17816
17747
16300
15350
14242
12380
10414
8010
5933
3327
322
-1992
-4913
-7361
-9261
-11859
-13332
-14560
-16381
-17199
-18272
-18739
-18694
-19507
-18907
-18259
-18203
-17489
-16360
-14793
-14138
-12955
-10946
-10041
-8905
-7188
-5721
-4531
-2972
-1484
-478
1029
2442
3569
4728
6224
7680
8186
9968
11563
11798
13623
15059
15743
16769
17580
18581
18483
18788
19247
18318
18262
17875
16488
15313
14065
12310
9868
7765
5611
2475
-308
-2612
-5457
-7830
-9742
-11870
-13395
-14800
-16231
-17191
-17915
-18290
-18679
-19022
-18487
-17989
-17972
-17127
-15747
-14815
-13896
-12496
-11028
-9819
-8542
-7091
-5680
-4181
-2903
-1809
-332
1208
2311
3345
4762
6122
7044
8044
9526
10911
11967
13070
14267
15622
16270
16929
18158
18441
18505
18660
18484
18078
17396
16515
15189
13927
12254
9638
7357
5279
2496
-462
-3047
-5471
-7881
-10321
-12264
-13619
-15123
-16417
-17470
-18245
-18395
-18784
-18815
-18213
-17800
-17364
-16742
-15515
-14390
-13613
-12006
-10374
-9354
-7997
-6471
-5126
-3719
-2424
-1086
293
1353
2582
3816
4953
6319
7381
8567
9882
10983
12485
13483
14467
16107
16726
17142
18120
18630
18719
18594
18493
18143
17299
16338
14932
13360
11701
9305
6950
4789
1950
-750
-3179
-5821
-8171
-10432
-12503
-14173
-15687
-16839
-17944
-18491
-18592
-19156
-18967
-18357
-18174
-17467
-16555
-15517
-14378
-13327
-11731
-10368
-9190
-7526
-6169
-4895
-3472
-2164
-863
359
1739
2930
4145
5652
6643
7719
9468
10456
11200
13089
14143
14584
16216
17273
17415
18157
19032
18944
18543
18579
18043
16960
15940
14804
13318
11247
9134
6874
4152
1545
-1158
-3898
-6377
-8837
-11252
-13033
-14589
-16080
-16999
-17946
-18474
-18687
-19162
-18907
-18316
-18091
-17456
-16408
-15383
-14306
-13102
-11441
-10190
-9147
-7424
-6335
-5166
-3453
-2245
-1087
282
1645
2716
3752
5332
6605
7321
8779
10337
11171
12406
13849
15096
16128
16796
17820
18500
18525
18812
18756
18419
18164
17264
16130
15056
13506
11554
9354
7051
4710
1837
-994
-3303
-5952
-8421
-10380
-12221
-13659
-15194
-16188
-16974
-17902
-17957
-18502
-18767
-17964
-17750
-17565
-16508
-15259
-14520
-13574
-12041
-10679
-9619
-8332
-6828
-5556
-4351
-2867
-1634
-494
1334
2206
3343
5350
6037
7272
9063
10007
11046
12742
13772
14457
16098
16760
17189
18092
18488
18615
18293
18312
18051
16899
15907
14954
13287
11218
9188
6911
4369
1798
-680
-3307
-5934
-8076
-10281
-12261
-13686
-15167
-16292
-17307
-18164
-18386
-18893
-18899
-18232
-18174
-17622
-16343
-15423
-14474
-13153
-11627
-10348
-9144
-7455
-6214
-5044
-3336
-2253
-1159
401
1511
2669
3962
5220
6366
7361
8920
10115
10825
12530
13854
14436
15831
16912
17356
17938
18473
18766
18260
18079
18217
17074
15875
15120
13527
11266
9213
7001
4252
1426
-974
-3639
-6721
-8872
-10897
-13115
-14664
-15883
-16902
-18081
-18491
-18419
-19166
-18871
-17890
-18090
-17642
-16164
-15355
-14661
-13103
-11416
-10605
-9252
-7384
-6381
-5077
-3458
-2286
-1200
220
1515
2682
3983
5419
6941
7410
9104
11068
11240
13067
14894
15241
16307
17543
18124
18431
18934
19229
18766
18336
18245
17271
15906
14996
13497
11268
9094
7034
4401
1529
-841
-3386
-6305
-8699
-10663
-12638
-14366
-15585
-16660
-17872
-18450
-18566
-19138
-19106
-18342
-18284
-18148
-17062
-15979
-15265
-14154
-12423
-11179
-10227
-8462
-7093
-6107
-4325
-2980
-2044
-440
1042
2238
3425
4851
6503
7434
8461
10358
11577
12305
13830
15477
16288
16901
18165
18939
18824
19253
19449
18716
18483
18074
16622
15401
14353
12337
9942
8044
5745
2672
84
-2335
-5112
-7464
-9732
-11826
-13227
-14791
-16136
-16890
-17705
-18109
-18363
-18753
-18370
-17906
-17866
-17212
-15999
-15027
-14373
-13080
-11229
-10267
-9418
-7537
-6121
-5317
-3830
-2210
-1162
32
1589
2780
3834
5338
6719
7857
9206
10658
12114
13261
14248
15746
16888
17347
18092
18856
19069
18814
18609
18552
17837
16544
15752
14691
12532
10606
8724
6081
3457
1027
-1578
-4403
-6679
-8764
-11299
-12841
-13998
-15801
-16877
-17502
-18055
-18531
-18870
-18158
-17893
-18059
-16946
-15999
-15413
-14191
-12819
-11584
-10523
-9155
-7726
-6753
-5211
-3570
-2757
-1313
345
1310
2455
4021
5648
6569
7664
9432
10518
11721
13169
14195
15471
16406
17077
17933
18332
18690
18934
18612
18296
17928
17036
15785
14694
13280
10978
8687
6716
4138
1216
-1304
-3912
-6613
-8778
-10997
-13081
-14448
-15710
-16863
-17861
-18222
-18319
-19054
-18764
-17943
-18026
-17652
-16504
-15371
-14449
-13562
-12002
-10472
-9643
-8112
-6816
-5555
-3831
-3002
-1626
17
1286
2598
3730
5434
6928
7826
9295
10922
11903
13235
14504
15550
16896
17492
18162
18881
19114
19273
18750
18409
18272
17096
15932
15057
13492
11437
9284
7281
4856
1980
-394
-3037
-5707
-7814
-10179
-12054
-13591
-15328
-16224
-17298
-18405
-18338
-18807
-19345
-18614
-18221
-18312
-17616
-16169
-15195
-14727
-13103
-11425
-10810
-9438
-7749
-6695
-5314
-3912
-2552
-1071
346
1806
3058
4591
6135
7183
8585
10098
11336
12543
13742
15060
16219
17087
18007
18693
19055
19391
19188
18746
18487
17774
16707
15561
14357
12848
10615
8492
6387
3702
1031
-1518
-4076
-6576
-8926
-10914
-12534
-13988
-15181
-16139
-17172
-17649
-17879
-18530
-18477
-17876
-17848
-17588
-16586
-15407
-14635
-13809
-12035
-10853
-9974
-8472
-7191
-5905
-4667
-3099
-1851
-619
1241
2214
3465
5212
6420
7501
8655
10125
11424
12442
13827
15282
16161
16924
17936
18410
18613
18791
18563
18209
17740
17111
15794
14524
13396
11197
9000
7012
4525
1731
-840
-3115
-5598
-7888
-9802
-11514
-12985
-14232
-15325
-16169
-16934
-17313
-17618
-18203
-17812
-17414
-17466
-16713
-15591
-14655
-14022
-12843
-11179
-10342
-9360
-7711
-6572
-5379
-3770
-2606
-1236
378
1606
2888
4289
5681
6914
8058
9502
10903
12200
13388
14566
16082
16995
17487
18429
18970
18925
18892
18793
18263
17547
16715
15294
13987
12484
10151
7993
5878
3258
438
-1981
-4288
-7088
-9052
-10767
-12968
-14116
-15154
-16430
-17198
-17735
-17850
-18422
-18769
-17925
-17730
-17653
-16612
-15549
-14413
-13697
-12462
-10588
-9891
-8666
-7071
-5967
-4489
-3240
-1896
-382
970
2321
3574
5133
6591
7516
9148
10672
11480
13179
14354
15244
16842
17731
18328
18989
19514
19454
19035
18879
18358
17352
16372
15291
13760
11908
9728
7532
5220
2470
-247
-2707
-5328
-7936
-9798
-11758
-13365
-14479
-15663
-16582
-17617
-17843
-18160
-18834
-18596
-18242
-18108
-17731
-16764
-15762
-14897
-14064
-12665
-11250
-10529
-9117
-7754
-6409
-4920
-3816
-2101
-489
876
2308
3655
5513
6748
7693
9529
11087
12018
13361
15207
16220
16900
18248
18903
18764
19188
19474
18601
18114
18228
17059
15556
14892
13550
11258
9321
7410
4737
1969
-386
-2966
-5620
-7642
-9588
-11577
-12846
-14022
-15237
-16212
-16826
-17124
-17812
-18212
-17793
-17453
-17756
-17140
-15936
-15452
-14546
-13266
-11829
-11056
-9811
-7872
-7148
-5634
-3899
-2805
-1425
41
1698
2734
4000
5764
6817
8069
9601
10911
12226
13504
14769
15934
16944
17707
18292
18670
18833
18762
18333
17901
17387
16384
15145
14047
12389
10143
8119
5854
3313
603
-1899
-4285
-7110
-8882
-10531
-12692
-13519
-14438
-15649
-16490
-17016
-17052
-17926
-18086
-17354
-17658
-17306
-16289
-15524
-14558
-13606
-12408
-11332
-10329
-8964
-7777
-6496
-4835
-3629
-2413
-658
775
2060
3519
5077
6450
7664
9021
10240
12047
13363
13987
15881
17200
17367
18247
19129
19080
18712
18777
18436
17567
17077
15851
14502
13581
11480
9167
7284
4895
1965
-718
-2839
-5633
-8057
-9479
-11507
-12984
-13770
-15137
-16163
-16846
-17494
-17898
-18343
-18335
-17961
-17843
-17508
-16642
-15491
-14671
-14007
-12326
-11049
-10463
-8859
-7268
-5995
-4667
-3143
-1394
-118
1407
2927
4196
5698
7048
8317
9730
11111
12432
13811
15016
16142
17262
18046
18632
19103
19266
19233
18997
18536
18026
17232
16122
15013
13545
11617
9522
7216
4655
1911
-626
-3048
-5703
-7888
-9711
-11569
-12978
-14204
-15423
-16250
-17243
-17945
-18083
-18670
-18664
-18285
-18145
-17713
-17226
-16005
-15052
-14340
-12730
-11542
-10452
-9057
-7758
-6073
-4663
-3577
-1900
-411
884
2198
3607
5261
6262
7610
9310
10502
12008
13547
14624
15514
16814
17770
17929
18563
19241
18927
18469
18596
18181
16947
16005
15196
13590
11573
9756
7569
4920
2410
-184
-2891
-5211
-7249
-9238
-10822
-11984
-13218
-14404
-15287
-16193
-16905
-17254
-17883
-18180
-17695
-17782
-17643
-16464
-15616
-14933
-13861
-12573
-11373
-10284
-9018
-7686
-6232
-4823
-3624
-2146
-571
722
1904
3327
4894
5982
7113
8887
10244
11441
13200
14488
15445
16578
17492
18157
18450
18817
18967
18424
18170
17933
17047
15940
14871
13487
11529
9418
7316
4916
2269
-360
-2833
-5181
-7326
-9114
-10541
-11972
-13290
-14286
-15413
-16433
-17047
-17561
-18135
-18254
-17762
-17659
-17371
-16323
-15508
-14851
-13856
-12564
-11630
-10595
-8938
-7799
-6585
-4885
-3534
-2218
-841
771
2078
3194
4925
6384
7672
9128
10581
12321
13493
14537
16215
17080
17543
18488
18817
18718
18754
18607
18143
17535
17197
16158
14672
13892
12058
9603
7783
5273
2544
94
-2507
-4887
-6914
-8822
-10381
-11803
-12898
-13935
-15376
-16323
-17040
-17561
-18348
-18632
-18006
-18246
-18182
-17411
-16382
-15691
-15041
-13517
-12412
-11523
-10131
-8461
-7142
-5646
-4089
-2668
-917
521
2140
3537
4984
6728
7774
9212
10904
12271
13727
14896
16092
17324
17838
18536
19129
19132
19293
18920
18589
18227
17399
16650
15456
14242
12854
10569
8345
6422
3602
652
-1309
-3734
-6298
-7996
-9566
-11008
-12359
-13644
-14484
-15648
-16909
-17283
-17836
-18676
-18534
-18099
-18262
-18035
-16920
-16081
-15605
-14339
-12845
-11943
-10798
-9170
-7727
-6322
-4764
-3266
-1784
-279
1065
2477
4136
5627
6886
8335
9819
11042
12339
13807
14959
15901
17016
17865
18209
18590
19017
18857
18374
18351
18111
16879
15722
14883
13285
11074
9080
7255
4721
1801
-182
-2259
-5078
-6902
-8217
-10046
-11355
-12440
-13621
-14533
-15670
-16581
-16979
-17787
-18302
-17889
-17909
-17855
-16910
-16153
-15364
-14373
-13378
-12075
-11065
-9993
-8596
-7241
-5743
-4317
-2764
-1049
444
1664
3188
4910
5859
7320
9135
10155
11556
13152
14176
15242
16400
17213
17805
18251
18707
18845
18602
18440
18133
17591
16414
15224
14351
12395
10140
8336
6119
3509
1011
-1018
-3197
-5729
-7211
-8644
-10616
-11625
-12870
-14374
-15262
-16382
-17123
-17626
-18258
-18216
-18021
-18008
-17537
-16592
-15676
-15010
-14005
-12622
-11683
-10508
-8842
-7555
-6051
-4384
-3092
-1634
-202
1261
2576
3771
5308
6474
7715
9378
10639
11875
13298
14268
15065
16058
16786
17258
17715
18249
18335
17987
17913
17817
16940
15832
15238
13771
11980
10169
7978
6006
3356
1021
-1060
-3500
-5702
-7545
-8859
-10750
-12297
-13224
-14649
-15820
-16728
-17369
-17945
-18725
-18717
-18366
-18438
-18076
-17032
-16112
-15405
-14267
-12728
-11635
-10601
-8714
-7373
-6113
-4290
-3000
-1524
-128
1278
2745
4033
5704
7073
8526
10017
11274
12709
13870
14878
16086
16887
17540
18369
18581
18816
19053
18688
18454
18230
17547
16440
15466
14340
12151
10162
8491
5845
3092
930
-1345
-4015
-6123
-7512
-9326
-11112
-12283
-13575
-14964
-16195
-17266
-17769
-18512
-19120
-18667
-18567
-18547
-17835
-16915
-16098
-15293
-13873
-12582
-11607
-10040
-8508
-7150
-5667
-4193
-2684
-1320
9
1485
2902
4210
5603
6963
8336
9812
10978
12287
13635
14434
15238
16338
16887
17333
18043
18318
18561
18187
18154
17982
16818
16207
15137
13823
12077
10118
8346
5720
3263
892
-1332
-3635
-5990
-7419
-8864
-10945
-12281
-13128
-14809
-16142
-17086
-17773
-18280
-19028
-18678
-18241
-18358
-17777
-16803
-15786
-15039
-14097
-12445
-11317
-10275
-8581
-7195
-5765
-4485
-3174
-1482
-430
786
2396
3626
4923
6316
7931
9304
10171
11853
13310
13571
14827
16210
16427
16980
17874
18414
18354
18343
18447
17957
17267
16331
15329
14238
12437
10616
8761
6362
3711
1373
-765
-3115
-5162
-6730
-8158
-9961
-11461
-12482
-14054
-15423
-16436
-17106
-17815
-18613
-18348
-18003
-18111
-17754
-16685
-15705
-15179
-13981
-12299
-11405
-10375
-8572
-7186
-5950
-4537
-3103
-1691
-632
718
2120
3127
4383
5848
7133
8466
9661
11074
12223
13046
14530
15041
16081
17379
17260
18374
18896
18330
18493
18393
17488
16455
15856
14644
12886
11121
9415
7100
4305
2147
-189
-2836
-5043
-6793
-8491
-10220
-11565
-12840
-14350
-15662
-16699
-17662
-18292
-18784
-18955
-18532
-18279
-18051
-17025
-15847
-15154
-14079
-12700
-11713
-10707
-9271
-7854
-6487
-4880
-3510
-2027
-705
304
1831
3042
4309
5659
6766
8451
9664
10705
12406
13416
14121
15317
16280
16930
17389
18049
18670
18427
18315
18458
17922
17118
16368
15632
14213
12153
10585
8602
5825
3560
1323
-1191
-3445
-5296
-6867
-8674
-10087
-11222
-13071
-14364
-15489
-17243
-17780
-18046
-18964
-18662
-17976
-18044
-17693
-16564
-15632
-15359
-14227
-12462
-11650
-10431
-8521
-7200
-5872
-4403
-3099
-1860
-768
506
1629
2971
4536
5302
6897
8445
9192
10858
12016
13016
14224
14826
16106
16962
16914
17997
18649
18047
18412
18493
17596
16992
16169
15107
13610
11827
10168
8038
5661
3102
559
-1638
-4245
-6205
-7236
-9255
-10982
-11672
-13549
-15294
-15926
-17251
-18100
-18137
-18510
-18380
-17827
-17466
-17158
-16299
-15222
-14856
-13740
-12041
-11190
-9925
-8242
-6900
-5673
-4555
-2985
-1688
-864
658
1944
2634
3982
5426
6428
7743
9227
10815
11913
12686
14313
15083
15463
16723
17451
17896
18409
18789
18761
18461
18090
17189
16224
15220
13557
11803
10187
7942
5397
3055
766
-1560
-3906
-5672
-7047
-8832
-10591
-11776
-13351
-15083
-16039
-16987
-17694
-17964
-18263
-18072
-17830
-17788
-17295
-16444
-15656
-14928
-13705
-12343
-11339
-10082
-8580
-7207
-6014
-4674
-3149
-2274
-1106
391
1116
2433
4067
4972
6449
8230
9253
10483
12211
13123
13955
15460
16345
17036
17981
18593
18924
18946
18874
18545
18012
17371
16519
15617
14128
12340
10529
8262
5625
3072
816
-1481
-3803
-5653
-7176
-8962
-10620
-11924
-13478
-14925
-15990
-17233
-18003
-18146
-18855
-18939
-18204
-18161
-17837
-16934
-16024
-15221
-14408
-12985
-11726
-10813
-9320
-7775
-6682
-5544
-3971
-2707
-1887
-490
943
1841
3176
4794
5908
7205
8886
10058
11297
12769
13873
15024
16053
17071
17879
18348
18992
19143
19059
18983
18529
17936
17018
15917
14709
13020
11001
9053
6707
4181
1968
-334
-2481
-4410
-6150
-7668
-9433
-10978
-12479
-14110
-15130
-16388
-17606
-17654
-17947
-18544
-17981
-17365
-17286
-16936
-16019
-14827
-14396
-13321
-11730
-10942
-9657
-8352
-7090
-5894
-4762
-3351
-2294
-1155
131
1295
2388
3728
5082
6320
7738
8991
10409
11744
12728
13885
15099
15883
16687
17685
18402
18672
18656
18861
18471
17769
17240
16483
15425
13788
12273
10340
8141
5881
3343
1482
-728
-2855
-4317
-6011
-7676
-9290
-10876
-12376
-13842
-14961
-16005
-16971
-17133
-17480
-18077
-17576
-17267
-17497
-16829
-15752
-15076
-14408
-13100
-11720
-10976
-9698
-7968
-7077
-6003
-4543
-3607
-2633
-1408
-247
846
2085
3720
5025
6164
7887
9215
10085
11429
12649
13494
14548
15662
16444
17128
18069
18547
18354
18598
18783
17971
17309
16916
15542
13653
12203
10531
8247
6050
4242
2226
-138
-2079
-3717
-5759
-7727
-9008
-10585
-12432
-13547
-14681
-16027
-16997
-17329
-17862
-18463
-18026
-17570
-17467
-17176
-15926
-14874
-14879
-13392
-11721
-11379
-10007
-8233
-7418
-6371
-4890
-3785
-2871
-1486
-36
886
2367
4146
5116
6165
7992
9197
9625
11338
12892
13222
14479
16042
16730
17368
18463
18984
18676
18881
19103
18357
17647
17336
16379
14742
13107
11633
9514
6883
4982
3048
392
-1734
-3261
-5112
-7093
-8545
-9785
-11775
-13633
-14465
-15889
-17329
-17572
-17907
-18473
-18537
-18061
-17877
-17863
-16881
-15975
-15472
-14333
-13028
-11940
-10921
-9534
-8075
-7172
-5976
-4463
-3606
-2644
-1100
-63
1026
2790
4037
5117
6559
7835
8920
9998
11306
12481
13241
14417
15767
16451
17157
18077
18474
18400
18506
18606
17931
17152
16784
15629
13860
12728
11082
8615
6878
4993
2663
718
-1196
-3049
-4724
-6861
-8524
-9659
-11980
-13389
-14055
-15822
-16793
-17149
-17593
-18157
-18361
-17674
-17442
-17568
-16605
-15367
-15021
-14119
-12580
-11601
-10717
-9404
-8023
-6923
-5772
-4604
-3531
-2251
-1037
-85
1296
2928
3891
4857
6338
7631
8393
9592
11265
12386
13261
14454
15832
16421
16918
18231
18603
18226
18650
18886
17873
17121
17185
16021
13940
12721
11381
8990
6891
5349
3414
1062
-1100
-2914
-4995
-7190
-8663
-10006
-11830
-13311
-14374
-15820
-17076
-17438
-17797
-18459
-18304
-17744
-17876
-17659
-16471
-15612
-15112
-13867
-12490
-11657
-10506
-8932
-7878
-6871
-5319
-4271
-3574
-2220
-885
-57
936
2545
3688
4125
5397
7000
7931
8751
10254
12109
12521
13079
15197
15956
15834
17287
18606
17980
17863
19050
18183
16862
17491
16615
14562
13758
12506
10351
8251
6476
4843
2343
-64
-1466
-3528
-5941
-7351
-8736
-10627
-12343
-13653
-14951
-16299
-17187
-17658
-17978
-18064
-18088
-17938
-17352
-16852
-16505
-15532
-14268
-13561
-12734
-11243
-9993
-9202
-7818
-6024
-5007
-4265
-2842
-1626
-926
156
1557
2763
3582
4652
6207
7041
7857
9404
10363
11117
12316
13124
14188
15249
15765
17047
17831
17737
18081
18440
18131
17285
17558
17355
15229
14270
13642
11191
8901
7707
5839
2925
1029
-185
-2812
-5086
-6220
-8212
-10178
-11594
-13333
-14757
-16070
-17126
-17756
-18194
-18094
-18384
-18233
-17397
-17345
-16973
-15668
-14456
-14031
-13140
-11282
-10354
-9854
-8029
-6250
-5748
-4634
-2969
-2272
-1580
-4
1227
2115
3379
4301
5214
6228
7161
8152
9594
10846
11115
12522
13842
13902
14955
16540
16976
16759
17639
18101
17093
16856
17356
16670
15253
14504
13474
11595
9795
8363
6876
4761
2484
664
-1387
-3754
-5521
-7163
-8936
-10572
-12309
-13846
-15018
-16044
-17060
-17676
-17646
-17950
-18539
-17756
-16945
-17372
-16414
-14665
-14006
-13529
-11908
-10191
-9929
-8501
-6325
-5570
-4791
-3314
-2175
-1827
-754
800
1418
2006
3379
4294
4501
5726
6954
7295
8584
10074
10269
11119
12869
13305
13788
15671
16542
16161
16996
18049
17421
17002
17694
17255
15764
15156
14480
12489
10702
9497
7491
5135
3204
1138
-1031
-3095
-4984
-6559
-8396
-10295
-11621
-13260
-14897
-15612
-16356
-17282
-17494
-17408
-17758
-17649
-16754
-16369
-16270
-15005
-13785
-13377
-12016
-10543
-9563
-8589
-7378
-5915
-5304
-4205
-2892
-2449
-1646
-374
561
1150
2441
3465
3694
4687
5934
6258
6847
8437
9031
9229
10915
12174
12270
13613
15464
15574
15668
17058
17588
16947
17463
18047
16985
16077
15505
14259
12603
10865
9433
7431
4863
2942
1018
-1245
-3292
-4869
-6609
-9021
-10564
-11660
-13666
-14908
-15250
-16181
-17114
-17345
-17046
-17209
-17461
-16444
-15768
-15747
-14885
-13738
-12826
-11996
-10664
-9153
-8430
-7482
-6130
-5451
-4565
-3296
-2735
-2007
-840
-244
266
1458
2476
2591
3246
4523
4768
5318
6769
7636
8315
9263
10417
11236
11650
13061
14364
14528
15265
16482
16671
16208
16847
17368
16095
15438
15623
13926
11783
11079
9617
7065
5390
4172
1674
-621
-1834
-4043
-5975
-7307
-8975
-10487
-11624
-12747
-14078
-14464
-15388
-16128
-15793
-16351
-16535
-16144
-15673
-15290
-14938
-13696
-12450
-11966
-11075
-9381
-8487
-8055
-6741
-5413
-4939
-4311
-3159
-2480
-1981
-1096
-268
496
1341
2022
2776
3793
4492
5094
6337
7402
7671
8476
9826
10320
10813
12299
13473
13853
14606
15795
16292
16218
16860
17581
16934
16132
16179
15327
13339
12183
11398
9225
6988
5894
4091
1424
-209
-1566
-3868
-5939
-7261
-8903
-10778
-11976
-12967
-14235
-14990
-15530
-16464
-16733
-16479
-16889
-16857
-15710
-15266
-15445
-14178
-12518
-12310
-11513
-9300
-8438
-8428
-6854
-5339
-5191
-4385
-2622
-1882
-1687
-491
410
567
1471
2352
2655
3421
4080
4437
5399
6361
6944
7716
9107
9734
9809
11512
12551
12370
13778
15201
14898
15620
16687
16419
16683
16376
16165
15736
13978
13212
12029
10277
8687
7106
5689
3395
1460
-37
-2140
-4143
-5787
-7171
-8801
-10171
-11131
-12670
-13821
-14379
-15429
-16431
-16515
-16454
-17127
-17236
-16256
-15942
-16244
-15092
-13392
-13182
-12638
-10580
-9502
-9387
-7608
-5615
-5305
-4356
-2507
-2135
-1853
-237
510
643
2113
3160
3012
3916
5118
5020
5550
6991
7196
7172
8456
9273
9221
10291
11799
12038
12297
13545
14291
14267
14996
16265
16407
15964
16210
16030
14746
13639
12938
11636
9643
8203
7090
4911
3168
2543
655
-1531
-2520
-4163
-6329
-7690
-8748
-9978
-11355
-12348
-13135
-14428
-15444
-15912
-16361
-16662
-16924
-16754
-16133
-15969
-15652
-14320
-13001
-12634
-11672
-9550
-8973
-8762
-6343
-5187
-5132
-3145
-2006
-1818
-616
147
820
1708
1992
2727
3220
3146
3647
3926
4495
4993
5167
5840
6276
6710
7192
8521
10022
10289
11466
13251
13281
13299
15430
16597
15941
16790
17566
16150
14954
15079
14177
12214
11495
10310
7987
6252
4853
3530
1750
414
-745
-2935
-4923
-6277
-7506
-9084
-10310
-11040
-12529
-14308
-15121
-15799
-16873
-16707
-16584
-17478
-16935
-16280
-16997
-15836
-13492
-13331
-12874
-10487
-9544
-9938
-8234
-5787
-5359
-4667
-2480
-1662
-1880
-717
572
865
1590
2614
2974
3104
3290
3560
4004
4280
4662
5377
5865
6327
7203
8214
9491
10710
11334
12368
13500
13604
14287
16022
16374
16047
16861
16883
15381
14517
14391
13179
11628
10464
9367
7936
5479
4470
4185
2023
243
-121
-2253
-5184
-5800
-7591
-9171
-9289
-11177
-12077
-12758
-14434
-15224
-16006
-16019
-15894
-17197
-16631
-15552
-16983
-16318
-13807
-13328
-13327
-11464
-9654
-10065
-9051
-6215
-5335
-4920
-2872
-1394
-1621
-983
833
1259
1285
2700
3128
2538
3046
3346
3457
4323
4693
4818
5269
5481
5730
6403
7690
8959
9533
10526
11745
12079
12706
14248
15368
15621
16142
16808
16120
15250
15535
15099
13765
12986
12152
10487
8610
7588
6829
5036
3491
2602
595
-1702
-3141
-4583
-6280
-7682
-8625
-9985
-11769
-12814
-13527
-14799
-15644
-15864
-16278
-16904
-17398
-16845
-16527
-16645
-15652
-14362
-13659
-13384
-11864
-10392
-10144
-8759
-6776
-5656
-4845
-3319
-2128
-1598
-506
781
1494
2098
2865
3061
3283
3570
3902
4161
4615
5232
5011
5632
6415
6609
7165
8519
9496
9094
10435
11994
11792
12611
14617
15145
14463
15340
15837
14653
14097
14333
13596
11785
10884
10469
8687
6931
6661
5588
3447
2200
1263
-368
-2408
-3463
-4073
-6100
-7709
-8126
-9558
-11437
-12036
-12738
-14588
-15286
-15550
-16685
-16545
-16353
-16801
-15956
-15399
-15711
-14688
-13182
-12703
-11876
-9745
-8089
-7764
-6161
-3764
-2918
-1981
-130
1127
1396
2010
3269
3639
3674
4384
4673
4460
4433
4399
4571
4737
4628
4886
5248
5479
5873
6424
7416
8055
8318
9465
10414
10354
10888
12246
12518
12181
13016
13289
12304
11972
11929
11168
10043
9599
9086
7524
6449
5797
4504
3199
2395
1406
-174
-1541
-2508
-4174
-5711
-6404
-8151
-9309
-9922
-11428
-12134
-13239
-14121
-14678
-15866
-15547
-15292
-16186
-15364
-14187
-15007
-14293
-11846
-11410
-11180
-8606
-6587
-6877
-5485
-2506
-2025
-1734
598
1886
1613
2270
3415
3244
3082
3763
3720
3327
3479
3323
3021
3342
3388
3082
3389
3711
3748
4323
5425
6015
6146
7118
8197
8338
9134
10760
11317
11371
12201
12709
12324
12244
12838
12813
11801
11382
11351
10246
8869
8640
8198
6365
5178
4581
2965
1329
467
-582
-2236
-3626
-4829
-6391
-7737
-8758
-10098
-11098
-11870
-13206
-14247
-14881
-14984
-15164
-15798
-14976
-14278
-14996
-14428
-12808
-12118
-11697
-9919
-8098
-7892
-6973
-4849
-3943
-3444
-1752
-648
-521
261
833
941
1464
1987
1975
2117
2331
1868
1919
2575
2498
2309
3129
3434
3223
3781
4634
5627
5769
6714
8256
8046
8603
10074
10658
10907
11630
12347
12203
11835
12027
12308
11834
11449
11479
10731
9559
8985
8396
7306
6482
5779
4603
3217
2193
1058
-427
-1481
-2456
-4071
-5734
-6757
-8170
-9680
-10374
-11248
-12541
-13534
-14146
-15196
-15393
-14960
-15443
-15028
-14315
-14465
-14108
-12676
-11392
-10668
-9108
-7377
-6707
-5967
-4112
-2773
-2243
-578
965
916
1212
2369
2489
2441
3543
3899
3321
3507
3577
3018
3220
3673
3530
3708
4114
3940
3945
4802
5375
5341
6275
7585
7275
7222
8795
8982
8387
9809
10601
9794
10152
10476
9795
9772
9837
9486
9338
8772
7924
7429
6773
5859
5266
4684
3424
2240
1297
-134
-1403
-2327
-3405
-4736
-6175
-7438
-8673
-10068
-10914
-11463
-12677
-13480
-14140
-14784
-14458
-14932
-14810
-13179
-13363
-13505
-11559
-10381
-10294
-8787
-6340
-5524
-5075
-3231
-1778
-1565
-731
1140
1740
1509
2400
3000
2434
2702
3487
3030
2867
3377
2697
2077
2826
2809
2131
2822
3385
2732
2830
4058
4233
4133
5526
6428
5896
6303
7917
7780
7420
9154
9551
8558
9214
9945
9093
8749
9596
9593
8756
8517
8653
7929
6856
6979
6847
5613
4859
4322
3108
1777
1075
53
-1357
-2278
-3550
-5210
-6535
-7526
-8695
-9986
-10658
-11276
-12620
-13503
-13310
-13760
-14344
-13345
-12602
-13101
-12571
-11061
-10505
-9974
-8171
-6583
-6191
-5303
-3676
-3133
-2778
-1168
-154
-266
449
1125
814
1042
1642
1734
1654
1843
1913
1588
1567
2075
2064
2010
3073
3080
2742
4037
4384
4093
5087
6135
6152
6057
7042
7833
7287
7422
8719
8726
7877
8450
9276
8402
7854
9072
9032
7598
7974
8588
7243
6631
7332
6620
5368
5319
4745
3186
2409
1884
516
-670
-1470
-2956
-4690
-5801
-6948
-8434
-9420
-10151
-11391
-12507
-13099
-13718
-14026
-13748
-13659
-13566
-12936
-12472
-12054
-10904
-9700
-8820
-7601
-6218
-5308
-4625
-3473
-2175
-1563
-735
625
966
937
1750
2194
2235
2923
3316
3280
3531
3472
3418
3785
3950
3932
4386
4548
4153
4302
4520
4591
4692
4974
5393
5115
4954
5334
5364
5169
5579
6307
6161
5823
6403
6773
6368
6644
7642
7733
7405
7697
7916
7359
6865
7400
7125
5978
5664
5247
3620
2288
2065
566
-846
-1382
-3211
-4779
-5960
-7533
-8684
-9407
-10221
-11313
-12151
-12659
-13430
-14013
-13309
-12811
-13281
-12481
-11287
-11764
-11394
-9250
-8499
-8302
-6269
-4832
-5153
-4227
-2128
-1604
-1332
568
1668
1240
1913
3083
3019
3384
4532
4654
4488
4815
4628
4474
4886
4829
4588
4851
4712
4132
3926
4049
3989
3677
3720
3968
3606
2981
3411
3700
3088
3603
4170
3648
3571
4092
4299
4234
4648
5187
5271
5088
5386
5840
5517
5525
6178
5995
5376
5490
5293
4337
3891
3802
2894
1702
1103
149
-1269
-2177
-2891
-4374
-5646
-5922
-7315
-8840
-8849
-9663
-10790
-10792
-10954
-11297
-11336
-11109
-10525
-10222
-9827
-8725
-7714
-7212
-6381
-4846
-3923
-3307
-1995
-602
-25
608
1998
2245
2737
3692
3561
4158
4571
4193
4261
4399
4096
3639
3685
3722
2966
2404
2534
1895
1322
1529
1269
794
531
583
496
123
443
956
629
737
1632
1608
1587
2582
3222
3424
4021
4751
5110
5459
6067
6632
7113
7236
7228
7448
7214
6864
6866
6428
5696
5175
4296
3107
2299
1351
-72
-1068
-1883
-3482
-4952
-5673
-6832
-8082
-8458
-9070
-10165
-10487
-10626
-11279
-11104
-10398
-10613
-10258
-8896
-8847
-8827
-7012
-6045
-6010
-4279
-2709
-2869
-2193
-439
179
324
1599
2808
2643
2635
3752
4054
3523
4275
5098
4336
3949
4504
4019
3384
3813
3790
3122
2766
2549
1978
1537
1733
1596
1088
983
745
251
253
673
622
612
1022
962
859
1219
1968
2370
2472
3463
3984
3691
4352
5297
5380
5575
6483
6618
5998
6185
6362
5729
5390
5442
4734
3609
3033
2115
788
160
-560
-1957
-3010
-3897
-5361
-6423
-6796
-7620
-8589
-8771
-8961
-9826
-10170
-9606
-9508
-9655
-8700
-7775
-7978
-7537
-6053
-5468
-5235
-3664
-2372
-2520
-1777
-209
-150
-60
1480
2144
1814
2440
3080
2573
2507
3367
3306
2741
3191
3188
2264
2267
2530
1898
1587
1853
1494
701
560
613
40
-184
246
-32
-777
-733
-440
-820
-895
-12
226
-303
279
1146
1011
1477
2799
3266
3379
4346
5169
5216
5779
6825
7026
7084
7763
7809
7259
7312
7239
6512
6092
5710
4644
3482
2643
1689
395
-621
-1252
-2533
-4093
-4787
-5478
-6700
-7371
-7448
-7937
-8826
-8980
-8528
-8780
-8927
-7866
-7239
-7564
-6935
-5681
-5497
-5212
-3716
-2864
-2955
-2113
-1069
-1071
-705
365
674
593
1081
1374
1116
1234
1676
1557
1323
1664
1568
951
1179
1386
721
710
1074
505
79
368
294
-166
-123
266
98
-186
246
501
232
542
1152
1314
1508
1884
2283
2684
2844
3326
4197
4369
4488
5322
5605
5458
6033
6515
6384
6515
6726
6361
6045
6048
5656
5140
4926
4262
3238
2603
1862
788
52
-648
-1776
-2816
-3694
-4710
-5490
-6033
-6773
-7354
-7647
-8281
-8825
-8564
-8471
-8834
-8332
-7575
-7808
-7592
-6349
-5832
-5739
-4559
-3373
-3338
-2930
-1564
-1040
-1105
-54
948
662
838
1896
1891
1446
2318
2798
2044
2374
3070
2346
2195
3004
2715
2286
2823
2755
2015
2055
2343
1846
1520
1807
1500
733
623
675
121
-136
33
-145
-508
-642
-337
-309
-467
181
829
747
1059
1993
2291
2494
3558
4391
4514
4937
5638
5720
5724
6287
6551
6249
6090
5964
5293
4499
4133
3490
2369
1674
881
-591
-1604
-2300
-3556
-4411
-4773
-5671
-6575
-6929
-7381
-7941
-8014
-7734
-7699
-7957
-7414
-6745
-7079
-6497
-5141
-4913
-4522
-3136
-2495
-2459
-1450
-416
-183
442
1527
1821
1776
2397
2720
2576
3031
3469
3179
3128
3254
2798
2502
2596
2364
1909
1662
1329
667
114
-170
-678
-1152
-1356
-1960
-2329
-2765
-3356
-3180
-3528
-3710
-3142
-3446
-3605
-2782
-2562
-2515
-1358
-522
-256
671
1811
2476
3139
4432
5541
6041
6909
7987
8396
8658
9397
9823
9615
9608
9711
9093
8226
7730
6941
5679
4669
3753
2403
990
-158
-1348
-2686
-3816
-4645
-5608
-6567
-7166
-7824
-8437
-8633
-8835
-8857
-8495
-8375
-8165
-7475
-7030
-6667
-5742
-4890
-4501
-3798
-2826
-2433
-2127
-1205
-572
-529
-32
567
435
466
959
944
819
1141
1097
802
971
986
676
873
1120
755
706
1117
877
495
894
1096
530
396
852
498
-230
128
368
-499
-706
-154
-545
-1185
-805
-445
-868
-845
-25
189
22
855
1763
1864
2566
3797
4261
4729
5699
6374
6821
7379
8045
8449
8336
8479
8601
7960
7639
7534
6560
5661
5078
3820
2456
1606
489
-996
-2013
-2925
-4438
-5674
-6231
-7063
-7989
-8280
-8518
-9150
-9535
-9377
-9193
-9182
-8822
-8082
-7735
-7627
-6918
-6078
-5690
-5022
-3930
-3291
-3008
-2266
-1408
-1111
-619
379
788
870
1553
1965
1828
2296
2921
2785
2873
3400
3152
2787
3226
3217
2679
2893
3062
2398
2045
2195
1879
1342
1351
1421
882
424
534
346
-197
-98
232
-65
-254
90
149
-19
355
901
1032
1232
1768
2075
2226
2720
3289
3653
4028
4440
4724
4876
5070
5349
5451
5414
5453
5299
4853
4540
4244
3618
2985
2477
1678
696
-43
-783
-1818
-2667
-3301
-4297
-5202
-5720
-6459
-7108
-7434
-7893
-8192
-8265
-8380
-8207
-7844
-7592
-7190
-6528
-5957
-5498
-4596
-3590
-3181
-2457
-1230
-812
-522
595
1240
1290
1990
2675
2589
2691
3212
3295
3081
3313
3542
3155
3008
3274
2938
2575
2842
2686
2172
2221
2193
1677
1455
1527
1259
834
745
666
132
-276
-243
-567
-1082
-1048
-1077
-1539
-1740
-1628
-1703
-1895
-1723
-1366
-1405
-1419
-959
-631
-544
-73
673
1011
1207
1921
2482
2526
3103
3931
4028
4190
4817
4935
4726
5041
5283
4929
4769
4779
4228
3625
3297
2741
2065
1448
740
-33
-951
-1824
-2467
-3258
-4068
-4558
-5165
-5850
-6197
-6526
-6804
-6761
-6757
-6655
-6263
-6074
-5830
-5137
-4566
-4158
-3341
-2512
-2146
-1581
-676
-270
61
879
1269
1257
1678
1994
1820
1885
2204
2060
1805
2017
1911
1424
1543
1642
1211
1256
1471
1134
991
1187
1109
983
1075
1126
1013
852
811
809
567
336
395
223
-219
-290
-290
-702
-956
-824
-848
-1069
-1004
-683
-636
-678
-206
270
325
726
1474
1752
1942
2591
3098
3267
3711
4232
4321
4392
4617
4566
4396
4365
4175
3763
3399
2926
2184
1580
1104
291
-464
-928
-1777
-2735
-3212
-3808
-4584
-4945
-5284
-5812
-6101
-6299
-6430
-6339
-6266
-5982
-5444
-5232
-4937
-4174
-3684
-3310
-2354
-1530
-1227
-576
282
579
946
1773
2191
2285
2729
3042
2915
2968
3242
3210
3121
3265
3124
2802
2771
2612
2323
2312
2194
1946
1789
1525
1314
1127
794
730
659
176
-71
-166
-733
-1137
-1125
-1485
-2012
-2149
-2377
-2931
-3219
-3154
-3337
-3615
-3429
-3291
-3515
-3360
-2865
-2667
-2425
-1738
-1129
-853
-310
484
929
1412
2328
3019
3395
4034
4663
4894
5241
5828
6053
6108
6396
6384
6046
5964
5777
5239
4882
4490
3724
3020
2359
1468
625
-140
-959
-1732
-2590
-3433
-4041
-4764
-5473
-5690
-5943
-6487
-6568
-6378
-6618
-6613
-5935
-5591
-5545
-4794
-3982
-3903
-3421
-2316
-1901
-1700
-716
-48
-122
353
1072
1027
1100
1711
1809
1539
1808
1981
1624
1662
1961
1804
1659
1860
1848
1607
1657
1847
1776
1690
1887
1919
1579
1523
1636
1292
1009
1134
899
327
195
84
-473
-775
-742
-1087
-1487
-1437
-1542
-1845
-1788
-1659
-1655
-1562
-1303
-1068
-985
-758
-377
-171
68
503
785
947
1261
1563
1711
1920
2240
2421
2517
2715
2867
2891
2976
3126
3188
3182
3180
3139
2985
2773
2615
2434
2129
1807
1451
938
359
-168
-691
-1248
-1777
-2237
-2789
-3394
-3814
-4208
-4633
-4773
-4820
-5012
-5011
-4847
-4795
-4584
-4128
-3715
-3285
-2759
-2270
-1843
-1407
-913
-410
3
388
733
948
1091
1236
1385
1494
1535
1563
1539
1445
1349
1281
1268
1231
1153
1148
1084
935
903
885
820
820
794
716
633
502
409
368
242
117
62
-107
-324
-399
-506
-656
-644
-675
-796
-687
-584
-655
-439
-75
-21
133
598
820
883
1248
1617
1728
1910
2215
2372
2424
2523
2599
2570
2476
2383
2252
2036
1781
1537
1239
873
533
193
-233
-611
-913
-1317
-1675
-1899
-2255
-2575
-2675
-2917
-3163
-3100
-3163
-3337
-3115
-2935
-3020
-2707
-2269
-2241
-1963
-1399
-1237
-1018
-447
-180
-15
461
751
856
1213
1465
1470
1654
1838
1743
1753
1902
1794
1637
1723
1680
1438
1423
1450
1239
1136
1182
1074
926
872
816
700
528
424
379
160
-65
-89
-264
-583
-676
-813
-1183
-1396
-1503
-1776
-1997
-2053
-2166
-2318
-2351
-2333
-2357
-2345
-2231
-2111
-2012
-1810
-1552
-1371
-1151
-820
-576
-403
-76
245
376
618
975
1109
1224
1514
1678
1705
1863
2078
2124
2130
2334
2460
2364
2463
2625
2478
2416
2551
2426
2229
2269
2181
1900
1800
1708
1403
1179
1048
765
473
273
5
-299
-542
-762
-988
-1201
-1368
-1489
-1635
-1766
-1799
-1855
-1956
-1924
-1869
-1936
-1885
-1741
-1773
-1753
-1574
-1570
-1611
-1451
-1385
-1436
-1305
-1180
-1207
-1128
-978
-937
-871
-718
-595
-495
-367
-218
-51
74
183
362
485
516
663
815
780
830
978
916
837
932
895
727
732
755
588
510
580
477
342
399
367
217
215
208
82
33
27
-46
-104
-146
-219
-291
-355
-424
-490
-544
-586
-627
-642
-615
-604
-581
-485
-411
-333
-159
-34
106
348
484
675
944
1043
1247
1494
1525
1696
1859
1820
1927
1981
1890
1905
1839
1710
1637
1500
1365
1235
1067
930
759
563
405
212
2
-174
-353
-546
-727
-898
-1062
-1233
-1410
-1558
-1690
-1855
-1986
-2064
-2190
-2316
-2347
-2398
-2497
-2505
-2463
-2489
-2469
-2347
-2267
-2208
-2041
-1868
-1779
-1614
-1377
-1234
-1088
-823
-634
-524
-278
-31
73
272
552
695
861
1135
1306
1440
1665
1829
1929
2081
2211
2295
2395
2467
2511
2552
2549
2520
2489
2424
2339
2258
2142
2018
1898
1739
1575
1420
1231
1050
914
741
566
459
329
174
86
-14
-161
-243
-320
-475
-582
-654
-813
-968
-1056
-1197
-1375
-1496
-1618
-1796
-1937
-2033
-2180
-2305
-2361
-2461
-2540
-2524
-2540
-2555
-2461
-2365
-2307
-2156
-1950
-1807
-1617
-1328
-1112
-920
-611
-352
-180
97
372
520
729
989
1116
1229
1415
1503
1520
1617
1685
1660
1685
1745
1735
1728
1771
1768
1724
1709
1697
1654
1609
1579
1541
1467
1394
1340
1245
1127
1040
922
766
639
502
324
162
5
-173
-349
-520
-673
-828
-998
-1124
-1223
-1375
-1479
-1519
-1629
-1721
-1712
-1767
-1842
-1801
-1793
-1841
-1775
-1705
-1710
-1618
-1476
-1419
-1301
-1100
-963
-815
-568
-352
-156
124
407
626
875
1132
1335
1542
1764
1932
2085
2251
2357
2421
2492
2506
2474
2459
2398
2291
2208
2090
1904
1743
1569
1314
1080
880
615
353
142
-124
-421
-665
-933
-1249
-1528
-1799
-2094
-2361
-2599
-2829
-3039
-3223
-3367
-3472
-3537
-3547
-3523
-3453
-3316
-3142
-2930
-2665
-2367
-2046
-1688
-1312
-935
-544
-137
257
634
993
1323
1619
1887
2124
2331
2506
2648
2751
2824
2872
2887
2868
2838
2804
2757
2696
2637
2563
2473
2382
2278
2157
2024
1875
1699
1512
1326
1122
904
691
463
221
-4
-237
-476
-693
-906
-1113
-1291
-1457
-1603
-1722
-1830
-1911
-1968
-2025
-2069
-2084
-2097
-2108
-2086
-2068
-2070
-2052
-2025
-2029
-2021
-1983
-1956
-1927
-1859
-1785
-1716
-1606
-1461
-1329
-1164
-951
-756
-542
-274
-27
210
489
742
966
1223
1463
1655
1855
2037
2167
2285
2381
2429
2446
2444
2421
2373
2313
2234
2144
2039
1900
1755
1629
1482
1323
1182
1026
850
678
492
291
86
-118
-318
-511
-696
-879
-1044
-1195
-1346
-1490
-1620
-1738
-1816
-1864
-1891
-1874
-1831
-1785
-1720
-1630
-1532
-1418
-1284
-1146
-999
-851
-708
-562
-430
-324
-226
-142
-73
0
65
117
169
228
279
321
365
407
444
490
534
572
620
677
725
771
820
859
888
912
929
937
940
930
901
863
819
761
696
624
547
475
409
336
261
190
123
57
0
-57
-119
-186
-256
-330
-398
-454
-512
-567
-619
-665
-713
-760
-793
-816
-836
-840
-829
-810
-769
-715
-649
-564
-475
-384
-278
-172
-68
37
127
207
287
358
424
485
518
543
571
574
562
548
526
498
469
438
411
385
355
320
278
237
197
158
128
99
65
32
1
-36
-74
-109
-145
-189
-224
-253
-282
-301
-310
-311
-298
-273
-238
-203
-167
-124
-81
-37
7
46
78
105
131
145
153
150
137
119
102
73
39
9
-32
-82
-123
-161
-205
-232
-241
-254
-263
-258
-260
-267
-257
-235
-213
-175
-125
-80
-37
12
58
99
139
175
202
227
252
276
301
317
327
334
337
334
331
326
311
286
257
223
182
135
83
23
-40
-97
-151
-204
-254
-301
-346
-386
-417
-443
-462
-467
-467
-457
-433
-402
-372
-338
-299
-262
-219
-166
-110
-61
-7
46
93
136
181
223
257
289
316
338
360
382
401
415
428
437
445
453
459
457
448
433
413
388
365
338
307
274
238
202
160
117
73
32
-2
-35
-65
-94
-123
-154
-187
-221
-254
-285
-313
-337
-357
-374
-389
-400
-409
-418
-428
-437
-445
-454
-460
-457
-448
-435
-417
-396
-375
-358
-342
-318
-294
-272
-250
-220
-194
-169
-135
-99
-71
-45
-19
3
19
39
63
84
106
133
161
191
221
254
282
306
326
347
363
379
398
416
427
434
438
435
420
410
400
388
379
377
375
365
359
357
350
339
326
312
288
269
256
242
228
216
199
177
152
123
89
53
17
-24
-65
-109
-156
-204
-249
-294
-337
-380
-420
-458
-490
-520
-547
-570
-587
-600
-605
-607
-607
-601
-590
-575
-562
-549
-535
-517
-496
-471
-445
-418
-388
-355
-317
-275
-229
-179
-125
-68
-6
56
118
179
237
291
340
387
432
475
513
546
572
594
609
618
614
603
585
561
535
509
480
448
414
379
344
312
278
243
205
167
131
99
69
39
8
-23
-53
-80
-103
-123
-141
-156
-168
-178
-187
-194
-199
-199
-196
-185
-171
-150
-127
-100
-75
-51
-31
-11
3
14
24
28
23
12
-7
-30
-58
-88
-115
-142
-165
-184
-200
-218
-237
-255
-270
-283
-292
-296
-300
-298
-293
-285
-272
-255
-235
-213
-188
-162
-135
-105
-73
-41
-15
12
37
64
92
124
154
182
205
229
251
268
282
293
298
299
301
302
298
289
275
255
234
210
184
154
121
89
57
29
2
-21
-41
-56
-68
-75
-77
-75
-72
-65
-59
-53
-46
-41
-33
-24
-15
-4
8
19
31
45
55
65
72
77
81
82
85
87
88
87
84
76
67
55
43
29
15
-1
-17
-33
-50
-69
-87
-109
-129
-148
-168
-186
-204
-219
-229
-232
-229
-222
-214
-207
-201
-192
-179
-162
-142
-120
-100
-81
-63
-46
-30
-12
3
19
36
53
70
84
95
105
112
119
124
129
132
135
136
135
130
125
119
114
109
105
102
100
97
90
82
72
59
45
32
18
5
-6
-16
-23
-32
-41
-49
-54
-56
-56
-55
-55
-55
-56
-57
-61
-63
-62
-56
-48
-36
-26
-16
-7
2
11
19
26
34
42
50
60
67
72
80
86
89
93
97
96
93
93
91
85
80
79
72
63
56
50
40
29
20
8
-8
-27
-43
-61
-76
-89
-98
-106
-112
-118
-127
-134
-144
-156
-164
-168
-171
-174
-174
-173
-171
-163
-154
-143
-128
-116
-100
-83
-67
-50
-36
-24
-12
2
17
33
48
59
69
75
82
85
85
84
84
84
80
78
78
75
71
70
65
57
55
58
62
67
74
82
87
92
99
104
111
119
129
139
143
145
146
149
149
150
150
151
152
152
149
142
134
121
105
92
75
54
37
19
-3
-26
-47
-71
-95
-119
-140
-160
-177
-195
-212
-230
-248
-263
-275
-282
-292
-300
-308
-311
-309
-300
-290
-277
-263
-248
-230
-210
-190
-168
-146
-120
-93
-64
-36
-6
23
51
80
109
135
160
181
200
217
230
238
244
247
249
254
257
260
259
255
248
236
226
213
201
188
173
157
142
127
112
97
81
66
50
32
13
-4
-22
-39
-56
-70
-81
-90
-95
-99
-99
-100
-99
-98
-97
-95
-91
-89
-88
-86
-83
-80
-76
-74
-74
-74
-74
-74
-71
-70
-66
-65
-63
-63
-62
-63
-58
-53
-45
-35
-25
-18
-11
-8
-7
-6
-6
-5
-3
-1
0
0
0
2
1
2
4
3
5
5
4
3
3
0
1
0
1
2
3
3
4
4
5
5
5
4
6
6
10
12
16
19
21
24
28
33
38
44
50
55
59
61
64
67
70
72
74
72
68
64
58
51
43
38
35
31
26
19
13
11
6
-2
-10
-13
-15
-18
-18
-20
-24
-30
-37
-43
-48
-51
-52
-54
-52
-51
-51
-51
-51
-52
-55
-56
-56
-56
-55
-52
-48
-42
-37
-32
-29
-25
-23
-22
-20
-18
-17
-15
-15
-15
-15
-14
-13
-12
-10
-6
-4
1
4
7
10
12
16
21
25
30
34
40
42
44
48
51
53
55
57
56
54
54
52
51
50
49
48
45
42
39
36
33
31
30
29
29
29
28
25
22
19
15
12
10
9
8
8
6
4
1
-2
-6
-8
-8
-9
-10
-11
-14
-17
-22
-25
-28
-31
-32
-33
-34
-35
-38
-41
-44
-48
-51
-53
-55
-56
-56
-57
-58
-59
-59
-58
-55
-51
-46
-42
-37
-34
-29
-27
-26
-25
-24
-22
-21
-19
-18
-16
-14
-13
-8
-5
0
4
10
14
18
22
23
24
27
29
29
30
30
31
32
36
37
42
43
45
45
44
44
43
42
43
42
42
41
41
41
43
43
42
43
44
44
43
42
40
37
35
31
28
24
22
20
16
14
11
8
7
3
1
-1
-3
-5
-8
-10
-11
-13
-16
-19
-23
-25
-26
-30
-32
-35
-39
-42
-46
-52
-54
-56
-57
-58
-57
-56
-56
-57
-57
-58
-58
-58
-57
-53
-48
-44
-38
-36
-32
-31
-32
-31
-30
-30
-29
-28
-24
-21
-16
-12
-7
-3
3
5
9
11
14
18
23
27
33
35
38
39
40
43
47
50
53
56
57
57
55
54
52
50
48
46
44
42
41
40
40
42
43
44
44
44
42
40
39
37
35
34
31
30
27
23
21
16
11
7
1
-4
-8
-13
-16
-17
-19
-21
-22
-24
-26
-28
-30
-33
-36
-39
-41
-42
-44
-45
-46
-45
-45
-47
-47
-50
-51
-52
-52
-51
-52
-52
-52
-53
-52
-52
-51
-50
-49
-47
-44
-44
-42
-41
-38
-35
-33
-30
-29
-25
-21
-18
-14
-9
-3
4
10
17
24
29
33
36
38
39
41
41
43
45
47
49
50
52
52
51
51
50
52
52
52
53
53
53
52
52
53
52
53
55
55
56
54
51
47
43
38
35
31
30
28
25
22
17
15
9
4
0
-3
-8
-12
-14
-15
-17
-20
-22
-22
-24
-25
-28
-31
-35
-40
-45
-51
-55
-59
-62
-64
-63
-65
-63
-62
-63
-62
-62
-63
-62
-62
-59
-56
-54
-51
-49
-47
-46
-44
-43
-41
-38
-36
-33
-28
-24
-19
-14
-9
-6
-2
0
5
9
13
16
19
22
25
28
32
34
37
39
43
47
50
54
57
60
62
64
67
67
67
68
68
69
69
68
68
67
64
62
60
57
55
53
49
46
42
37
33
29
25
21
19
15
10
6
2
-4
-7
-11
-13
-16
-20
-24
-30
-34
-38
-42
-44
-46
-47
-50
-52
-54
-57
-60
-64
-67
-70
-73
-76
-75
-75
-74
-71
-70
-69
-67
-65
-65
-63
-60
-57
-53
-48
-42
-35
-29
-23
-17
-12
-6
-2
1
5
8
9
11
13
15
16
21
24
27
29
31
32
35
34
37
37
39
41
44
46
50
52
55
56
58
59
60
61
62
63
63
62
61
59
58
53
49
44
40
36
32
28
25
23
21
18
16
13
9
7
3
1
-3
-6
-9
-11
-13
-16
-18
-20
-23
-26
-28
-32
-34
-35
-39
-41
-43
-46
-47
-49
-50
-51
-51
-51
-52
-50
-49
-48
-45
-42
-39
-36
-34
-33
-33
-33
-33
-33
-32
-30
-28
-27
-25
-25
-24
-25
-22
-22
-20
-17
-13
-9
-4
0
5
9
12
15
17
20
21
22
24
25
28
29
31
33
34
36
38
39
42
42
43
43
45
45
46
46
45
44
43
43
42
41
41
40
39
38
36
33
29
28
27
24
22
20
19
18
15
14
9
7
4
-1
-5
-9
-14
-17
-20
-23
-24
-27
-29
-29
-31
-33
-34
-36
-36
-38
-38
-37
-35
-34
-35
-35
-34
-34
-36
-34
-35
-33
-32
-31
-29
-30
-29
-29
-29
-30
-28
-28
-28
-24
-22
-20
-16
-11
-10
-8
-6
-5
-4
-1
2
4
