SAMPLES:	17293
BITSPERSAMPLE:	16
CHANNELS:	1
SAMPLERATE:	16000
NORMALIZED:	FALSE
7
7
7
7
7
6
3
0
-1
-3
-1
0
1
3
6
9
11
11
10
5
-1
-8
-12
-16
-16
-13
-6
-2
0
-2
-4
-5
-5
-5
-3
-4
-5
-8
-10
-11
-10
-7
-4
-2
0
0
1
3
5
6
9
8
7
5
1
0
0
3
7
12
13
11
8
5
3
0
-4
-5
-6
-4
-3
0
1
2
2
0
-3
-5
-10
-12
-12
-9
-7
-2
4
4
5
4
3
3
1
-1
-6
-10
-12
-11
-9
-7
-6
0
6
10
10
12
13
14
11
6
5
5
3
1
0
-1
-1
-1
1
2
6
6
6
4
0
-4
-6
-6
-3
-3
1
3
4
3
1
3
1
1
0
0
-1
-2
-3
-3
-5
-4
-4
0
1
2
3
0
0
0
1
-1
-3
-6
-8
-9
-8
-8
-7
-6
-5
-3
-2
-1
1
2
0
0
-2
-3
-4
-6
-6
-5
-3
0
6
9
12
12
15
16
16
12
8
3
1
4
7
10
12
9
5
0
-3
-4
-4
-4
-4
-5
-5
-4
-3
1
1
1
-1
-3
-4
-6
-8
-9
-10
-9
-7
-3
-1
1
2
1
0
-2
-4
-4
-5
-5
-4
-6
-8
-9
-8
-4
1
5
7
7
5
8
9
7
8
8
8
8
8
7
6
5
5
5
5
3
1
-2
-2
-4
-5
-6
-7
-9
-11
-12
-12
-7
-2
2
4
3
2
1
1
0
-2
-3
-3
-3
-1
1
1
3
4
5
6
3
1
0
-2
-2
-2
0
0
0
1
1
2
4
4
4
2
1
-1
-4
-7
-9
-10
-9
-6
-2
1
2
2
1
1
2
2
3
4
5
5
5
6
5
4
4
4
4
4
4
2
1
-2
-4
-6
-7
-7
-7
-5
-4
-2
0
2
5
7
8
7
6
6
4
0
-3
-4
-4
-1
-1
-1
-1
-3
-3
-4
-7
-8
-11
-12
-9
-6
-3
-1
1
1
1
-1
-4
-3
-2
-1
1
3
3
5
6
5
2
0
1
3
5
5
3
0
-2
-4
-3
-1
2
3
3
1
0
0
0
0
0
0
0
1
3
5
5
4
3
0
-1
-2
-2
-1
0
1
3
5
5
5
3
1
2
2
1
-1
-4
-3
-2
0
1
1
0
-2
-3
-4
-7
-7
-8
-8
-9
-6
-6
-6
-6
-5
-5
-4
-3
-1
2
5
8
10
10
9
8
5
3
1
-1
-2
-2
-1
-1
0
1
2
0
0
0
0
0
1
3
4
6
5
3
2
-1
-1
1
3
4
3
2
2
2
3
6
7
8
5
3
0
-2
-3
-3
-4
-3
-5
-4
-3
-1
0
-1
-4
-5
-5
-7
-7
-8
-10
-11
-10
-8
-4
-2
0
-1
-2
-3
-4
-5
-6
-6
-4
-2
0
4
7
7
7
5
5
3
3
3
3
6
7
7
6
6
4
3
1
0
-2
-3
-5
-5
-5
-1
2
4
5
4
1
-1
-3
-3
0
1
4
6
6
6
5
2
0
-1
-3
-3
-5
-3
-2
0
2
3
3
2
0
-3
-3
-4
-3
-1
0
1
2
3
4
5
6
6
5
2
1
-3
-3
-3
-2
-1
0
-1
-4
-7
-11
-14
-15
-14
-11
-7
-2
3
5
6
4
1
-1
-3
-4
-3
-1
1
2
3
7
9
12
13
12
10
7
4
1
0
0
0
0
0
0
-1
0
0
1
2
3
3
4
1
-1
-3
-5
-6
-6
-6
-7
-7
-5
-3
-1
-1
-3
-7
-8
-8
-7
-6
-7
-3
-1
4
7
11
11
9
5
2
-1
-1
1
4
9
12
14
14
12
9
5
2
-4
-7
-10
-11
-11
-10
-9
-7
-6
-6
-8
-8
-8
-5
-2
0
2
4
7
13
17
19
18
17
15
12
9
5
-3
-8
-13
-14
-13
-12
-12
-12
-13
-11
-10
-8
-6
-5
-5
-3
-3
-1
3
5
6
4
1
-1
0
0
0
-1
-4
-5
-4
-1
4
9
12
12
11
8
5
2
-1
0
1
3
5
7
6
6
6
6
4
1
-3
-7
-8
-7
-5
1
1
2
0
-2
-4
-6
-9
-10
-10
-6
-3
2
3
4
4
4
-1
-2
-5
-7
-8
-6
-4
-1
0
0
0
0
3
6
8
8
7
6
3
2
0
2
6
7
5
5
7
7
5
2
-1
-2
-4
-5
-3
-1
2
4
4
2
0
-3
-6
-8
-9
-10
-9
-9
-8
-7
-6
-4
0
0
-1
-4
-4
-6
-3
-2
-1
-1
1
3
1
1
0
-1
-2
-3
-1
0
0
0
2
1
-1
-1
-4
-3
-2
2
4
7
9
13
13
12
12
9
7
5
4
4
1
0
-1
-2
-2
-4
-4
-2
-2
1
3
3
4
1
1
1
0
-1
-1
0
1
1
2
2
1
-1
-3
-5
-8
-10
-11
-11
-11
-8
-5
-5
-2
-3
-5
-4
-4
-2
-2
0
1
2
3
4
3
5
4
5
4
1
0
-1
0
4
10
13
16
15
13
9
4
0
-3
-3
-4
-3
-3
-2
-2
0
1
1
1
0
-1
-1
-4
-5
-6
-7
-7
-9
-11
-11
-11
-10
-10
-9
-6
-3
0
3
3
1
0
0
0
0
0
0
1
4
7
9
10
10
9
8
6
8
7
6
6
3
2
0
-2
-2
-3
-2
0
0
3
3
3
1
0
-2
-3
1
3
5
4
3
1
2
4
5
5
3
-1
-6
-12
-18
-23
-25
-25
-22
-17
-15
-13
-12
-13
-12
-10
-5
0
4
6
5
4
4
5
5
5
5
5
8
11
17
23
29
30
29
25
20
14
9
5
1
0
-3
-7
-10
-11
-13
-13
-11
-9
-7
-3
-2
-1
-1
1
0
-1
-1
0
0
2
5
7
7
3
0
-5
-6
-5
-2
-2
-3
-3
-5
-6
-7
-10
-9
-7
-3
0
4
5
2
-2
-6
-8
-7
-4
0
1
3
2
1
1
-1
2
5
8
11
14
18
18
13
5
-1
-4
-6
-9
-10
-6
-2
-1
0
0
-1
-2
-2
-1
2
2
1
-3
-6
-5
-4
-1
2
4
4
1
-2
-6
-9
-9
-8
-4
0
3
5
6
6
5
4
3
4
5
6
7
7
6
3
3
3
4
5
7
5
4
1
-1
-3
-6
-8
-8
-7
-2
0
1
-3
-9
-14
-18
-18
-15
-12
-7
-1
4
3
3
1
-2
-4
-4
-3
0
4
8
11
12
12
11
10
6
6
4
4
4
5
6
8
9
10
8
7
3
-2
-6
-8
-10
-9
-6
-5
-4
-3
-4
-7
-10
-13
-14
-13
-10
-5
0
5
8
10
9
7
4
2
-2
-3
-5
-5
-4
-2
1
1
0
-3
-4
-4
-2
0
4
5
5
3
4
6
8
11
15
19
23
26
27
23
19
11
3
-6
-13
-18
-21
-21
-19
-16
-13
-12
-13
-16
-20
-22
-21
-17
-11
-7
-6
-7
-8
-8
-5
-3
-1
1
3
2
1
-2
-1
-2
-3
-1
0
2
8
13
17
17
13
10
7
7
8
11
11
11
12
14
13
12
10
5
4
4
6
8
9
9
6
4
1
-5
-10
-14
-16
-19
-20
-20
-18
-15
-8
-3
-1
-2
-1
0
1
0
1
1
0
1
2
1
-1
-3
-4
-3
-1
2
3
1
-2
-7
-10
-10
-8
-4
0
1
1
3
3
1
1
-1
0
2
4
6
5
3
1
1
4
6
10
8
6
6
8
9
6
2
-3
-5
-1
5
9
10
10
8
5
3
0
-3
-4
-5
-5
-3
-4
-2
-2
-5
-8
-11
-12
-11
-8
-5
-3
-3
-4
-4
-2
0
2
2
0
-4
-7
-9
-8
-6
-1
1
3
3
3
3
4
6
9
12
13
12
9
4
3
3
3
1
0
-3
-5
-7
-8
-7
-6
-5
-5
-4
-2
-4
-6
-7
-8
-8
-8
-6
-3
0
2
4
5
6
9
12
14
14
13
12
9
6
5
4
2
2
1
1
0
0
-1
-1
0
1
-1
-2
-2
-4
-9
-13
-19
-22
-22
-16
-10
-7
-7
-6
-4
-4
-4
-5
-4
-5
-7
-10
-9
-5
-3
2
8
15
20
26
28
25
20
15
10
6
7
10
12
14
15
12
9
9
9
10
11
8
1
-3
-10
-11
-11
-10
-9
-8
-8
-7
-5
-3
-2
0
1
3
3
5
5
3
2
2
4
5
6
6
5
4
2
-1
-3
-5
-6
-7
-8
-10
-10
-10
-11
-10
-11
-10
-13
-15
-16
-17
-17
-17
-19
-24
-29
-35
-39
-42
-45
-45
-45
-40
-33
-25
-16
-9
-3
4
7
8
10
14
19
27
33
36
37
38
37
36
36
34
32
32
32
30
27
21
15
13
17
21
28
36
48
69
102
142
190
234
273
310
337
355
367
356
315
247
172
87
-9
-102
-212
-342
-470
-625
-791
-945
-1095
-1213
-1383
-1603
-1718
-1776
-1806
-1672
-1474
-1316
-1091
-841
-620
-370
-151
12
199
361
465
569
664
738
793
844
906
941
965
993
982
1001
1053
1080
1151
1213
1227
1259
1250
1193
1142
1034
915
813
672
535
398
223
80
-36
-153
-213
-242
-254
-189
-95
8
163
326
481
649
783
877
931
937
913
828
641
379
69
-253
-594
-988
-1391
-1856
-2455
-3073
-3693
-4302
-4652
-4756
-4788
-4670
-4457
-4205
-3801
-3340
-2860
-2253
-1639
-1043
-382
228
750
1267
1720
2052
2300
2484
2629
2754
2838
2877
2854
2805
2765
2709
2646
2607
2601
2620
2621
2614
2569
2443
2324
2168
1903
1630
1303
930
634
316
-28
-313
-608
-850
-962
-1024
-1003
-862
-652
-376
-10
425
875
1278
1621
1886
2057
2137
2100
1918
1607
1159
582
-95
-884
-1748
-2662
-3598
-4466
-5262
-5956
-6447
-6783
-6926
-6865
-6704
-6347
-5844
-5306
-4590
-3795
-2988
-2035
-1106
-242
652
1423
2062
2608
2966
3223
3396
3408
3388
3334
3201
3124
3023
2893
2878
2824
2791
2849
2791
2763
2757
2609
2544
2425
2144
1959
1653
1272
992
632
319
76
-186
-323
-367
-441
-370
-233
-60
329
694
1129
1600
1988
2381
2706
2933
3015
3088
2940
2565
2140
1479
679
-174
-1106
-2216
-3269
-4210
-5256
-6099
-6776
-7451
-7816
-7945
-8017
-7783
-7319
-6774
-6100
-5287
-4382
-3610
-2737
-1761
-1050
-176
701
1169
1822
2332
2440
2864
3031
2920
3212
3145
3011
3288
3159
3168
3455
3297
3415
3633
3443
3587
3636
3436
3518
3289
2966
2873
2489
2193
1994
1507
1230
941
545
528
482
508
868
1077
1400
1928
2228
2634
3129
3274
3477
3618
3315
3055
2645
1779
997
29
-1335
-2465
-3730
-5253
-6364
-7588
-8878
-9549
-10298
-10934
-10932
-11049
-10889
-10091
-9404
-8419
-7047
-5931
-4620
-3151
-2015
-714
526
1406
2465
3210
3645
4254
4414
4481
4804
4687
4649
4913
4639
4690
4963
4674
4916
5084
4834
5098
5104
4946
5185
5059
4889
4941
4470
4167
3935
3240
2929
2541
1947
1807
1609
1406
1618
1699
1792
2107
2187
2381
2547
2511
2612
2312
1875
1412
325
-679
-1804
-3478
-4810
-6295
-8155
-9409
-10784
-12328
-12958
-13713
-14398
-13995
-13869
-13531
-12157
-11206
-9944
-7769
-6252
-4459
-2094
-683
954
2855
3718
4827
6017
6179
6658
7109
6639
6711
6632
5936
5966
5674
5129
5327
5152
5059
5481
5484
5686
6079
6007
6181
6281
5948
5985
5743
5263
5206
4646
4051
3847
3126
2634
2528
1972
1722
1771
1398
1378
1562
1336
1388
1454
1001
726
270
-761
-1591
-2705
-4248
-5451
-6963
-8666
-9819
-11305
-12703
-13316
-14308
-14866
-14654
-14804
-14247
-13057
-12108
-10565
-8631
-7041
-5084
-2964
-1330
581
2378
3626
5005
6025
6558
7153
7390
7304
7369
7119
6715
6534
6141
5820
5777
5596
5634
5818
5854
6247
6575
6720
7249
7380
7363
7671
7347
7053
6983
6261
5842
5552
4745
4371
3912
3208
2884
2381
1852
1561
1055
599
273
-387
-905
-1496
-2540
-3290
-4470
-5923
-7008
-8694
-10212
-11416
-13062
-14219
-15142
-16197
-16644
-16741
-16773
-16166
-15114
-14062
-12416
-10478
-8622
-6376
-4119
-1995
229
2252
4037
5729
7022
7936
8756
9140
9234
9387
9188
8815
8708
8309
7889
7880
7595
7352
7481
7399
7453
7832
7982
8156
8477
8584
8613
8596
8483
8153
7812
7396
6752
6227
5520
4798
4077
3410
2686
1996
1401
574
65
-763
-1485
-2219
-3408
-4157
-5614
-6977
-8116
-10062
-11468
-12938
-14899
-16143
-17360
-18715
-19345
-19859
-19774
-18918
-18289
-17004
-15219
-13798
-11573
-9002
-6929
-4109
-1370
663
3365
5556
7080
9048
10129
10842
11774
11778
11875
11884
11150
10982
10620
9735
9748
9485
8790
9063
8993
8585
8949
9025
8838
9102
9173
8970
8936
8786
8354
7978
7588
6879
6216
5694
4848
4177
3633
2807
2166
1544
735
77
-746
-1862
-2760
-3971
-5510
-6560
-8055
-9982
-11277
-12996
-15087
-16251
-17529
-18966
-19214
-19431
-19850
-19104
-18375
-17967
-16309
-14667
-13320
-10720
-8424
-6475
-3500
-1184
841
3613
5355
6881
8930
9669
10443
11544
11152
11286
11565
10462
10496
10381
9138
9324
9212
8190
8719
8832
8181
9056
9056
8753
9528
9113
9025
9307
8624
8541
8287
7415
7160
6513
5508
5207
4326
3356
2990
1996
1190
709
-427
-1289
-2146
-3553
-4602
-5817
-7399
-8533
-10170
-11968
-13125
-15143
-16755
-17399
-19023
-19669
-19297
-20069
-19639
-18357
-18386
-16945
-14878
-14051
-11518
-8871
-7283
-4213
-1646
109
2978
4837
6263
8431
9212
10097
11440
11237
11631
12214
11403
11518
11656
10795
10979
10953
10273
10534
10400
10018
10398
10230
10178
10414
9999
10041
9933
9332
9367
8880
8051
7949
7095
6099
5891
4814
3798
3583
2380
1366
1021
-359
-1424
-2033
-3741
-5088
-6137
-8173
-9810
-11242
-13409
-15154
-16757
-18526
-19556
-20433
-21169
-21218
-21194
-20728
-19867
-19069
-17495
-15958
-14330
-11744
-9619
-7304
-4363
-2087
370
2962
4750
6715
8510
9394
10632
11599
11729
12305
12575
12156
12247
12118
11486
11473
11331
10815
10920
10907
10594
10732
10727
10421
10383
10254
9824
9613
9400
8824
8402
7956
7105
6541
5950
5050
4569
3947
3112
2743
2066
1220
719
-196
-1269
-2168
-3470
-4968
-6451
-8193
-10151
-12127
-14071
-16126
-18069
-19522
-20760
-21721
-21996
-22042
-21868
-21058
-20155
-19083
-17348
-15548
-13489
-10888
-8483
-5930
-3139
-729
1796
4216
6140
8057
9523
10511
11495
11935
12118
12389
12203
11952
11849
11421
11069
10887
10515
10290
10203
9964
9898
9873
9632
9540
9416
9009
8770
8516
7969
7583
7143
6439
5847
5235
4553
3907
3275
2851
2197
1562
1422
731
6
-91
-999
-2013
-2579
-3988
-5406
-6653
-8526
-10173
-11848
-13905
-15565
-17188
-18818
-19861
-20544
-20954
-20891
-20413
-19673
-18706
-17289
-15540
-13637
-11308
-8754
-6351
-3754
-1068
1265
3526
5635
7260
8707
9851
10552
11170
11486
11487
11584
11469
11191
11123
10920
10691
10711
10569
10499
10621
10518
10565
10670
10465
10446
10338
9907
9678
9222
8515
8073
7385
6517
5969
5224
4406
3876
3163
2480
2053
1405
849
425
-302
-973
-1639
-2641
-3753
-4967
-6380
-8088
-9813
-11429
-13502
-15418
-16869
-18791
-20171
-20650
-21503
-21716
-21019
-20662
-19796
-18295
-17012
-15140
-12828
-10696
-8061
-5369
-3030
-303
2142
3992
6146
7905
8936
10238
11197
11461
11892
12082
11893
11805
11488
11389
11353
10829
11010
11307
10761
10913
11233
10826
10787
10755
10493
10188
9535
9187
8683
7660
7129
6427
5388
4778
4041
3262
2715
2062
1652
1201
545
337
-62
-868
-1133
-1611
-2771
-3573
-4505
-6045
-7504
-9021
-10746
-12640
-14608
-16183
-17909
-19649
-20421
-20998
-21556
-21227
-20601
-19939
-18820
-17372
-15537
-13527
-11366
-8570
-5928
-3642
-667
2051
3891
6206
8325
9417
10619
11729
12175
12507
12674
12683
12561
12093
11876
11803
11224
10956
11097
10708
10404
10587
10421
10079
10025
9889
9462
8986
8646
8058
7194
6605
5988
5058
4362
3715
2896
2240
1647
1111
713
169
-174
-273
-760
-1194
-1336
-2028
-2942
-3569
-4565
-5985
-7337
-8664
-10368
-12258
-13738
-15388
-17386
-18624
-19498
-20516
-20722
-20298
-19921
-19279
-18104
-16382
-14638
-12871
-10138
-7323
-5330
-2578
572
2499
4507
6913
8382
9559
10722
11445
12059
12224
12213
12508
12200
11726
11849
11547
11007
11111
11082
10736
10760
10858
10662
10421
10336
10212
9762
9339
9076
8426
7671
7063
6257
5405
4561
3749
3151
2393
1707
1369
806
214
7
-359
-878
-1206
-1681
-2414
-3231
-4127
-5202
-6686
-8241
-9709
-11719
-13743
-15410
-17381
-19077
-20225
-21096
-21292
-21361
-21057
-19917
-19163
-18113
-16025
-14261
-12263
-9513
-7022
-4466
-1741
745
3217
5306
7065
8870
10087
10847
11784
12251
12199
12413
12512
12181
11975
11879
11627
11316
11157
11205
11102
10911
10992
10965
10652
10440
10264
9787
9166
8711
8056
7166
6428
5610
4696
3752
2903
2448
1487
653
805
-51
-960
-463
-1063
-1929
-1641
-2134
-2939
-3457
-4322
-5229
-6723
-8218
-9342
-11392
-13266
-14547
-16569
-18264
-19232
-20290
-20786
-20779
-20598
-19835
-18984
-17922
-15976
-14054
-12142
-9324
-6597
-4251
-1341
1459
3759
6086
8096
9776
11227
12091
12875
13554
13468
13355
13505
13015
12392
12289
11926
11292
11103
11032
10674
10409
10436
10341
9982
9808
9687
9142
8581
8206
7455
6564
5928
5112
4091
3308
2572
1674
920
422
-163
-788
-1076
-1282
-1754
-2052
-2149
-2576
-3105
-3488
-4119
-5020
-6014
-7117
-8319
-9804
-11410
-12832
-14402
-16080
-17408
-18434
-19246
-19719
-19628
-19144
-18629
-17659
-16093
-14391
-12399
-10048
-7464
-4809
-2309
382
3066
5216
7176
8980
10480
11431
11915
12751
13028
12391
12548
12532
11538
11284
11203
10555
10302
10260
10149
10058
10026
10213
10151
9973
10051
9785
9283
8939
8363
7522
6750
6038
5104
4158
3447
2577
1702
1129
495
-41
-507
-983
-1255
-1750
-2261
-2486
-3106
-3907
-4425
-5332
-6564
-7659
-9007
-10496
-12131
-13815
-15119
-16861
-18496
-19121
-19965
-20599
-20177
-19801
-19372
-18264
-16933
-15278
-13135
-10938
-8319
-5486
-3053
-246
2589
4665
6919
9057
10287
11524
12596
12935
13273
13388
13199
13131
12658
12216
12156
11591
11174
11371
11111
10736
10909
10892
10541
10448
10437
10045
9506
9200
8694
7771
7044
6348
5278
4384
3500
2499
1772
821
-7
-419
-1349
-1986
-2218
-3043
-3433
-3606
-4450
-5062
-5484
-6310
-7581
-8562
-9137
-10958
-12659
-13046
-14828
-16910
-17409
-18452
-19756
-20044
-19791
-19437
-19354
-18334
-16432
-15370
-13599
-10503
-8101
-5846
-2695
390
2708
4854
7497
9648
10717
11983
13470
13902
13728
14130
14420
13608
12897
13036
12627
11558
11299
11555
11088
10440
10666
10951
10347
10000
10408
10028
9139
9145
8790
7601
7052
6437
5154
4333
3573
2434
1564
850
58
-784
-1558
-2006
-2579
-3308
-3546
-3867
-4689
-5211
-5610
-6514
-7550
-8428
-9345
-10671
-12240
-13279
-14472
-16409
-17606
-18106
-19244
-20077
-19618
-19133
-19323
-18508
-16346
-15050
-13908
-10873
-7902
-6158
-3499
71
2602
4329
6840
9473
10578
11275
12811
13649
13307
13360
13841
13497
12638
12482
12524
11621
10896
11249
10921
9921
10265
10632
9569
9391
10362
9730
8393
8997
9272
7238
6524
7336
5729
3881
4224
3521
1665
1153
881
-249
-1157
-1430
-1957
-2826
-3177
-3432
-4303
-4984
-5243
-6054
-7302
-8026
-8711
-10229
-11717
-12643
-13937
-15635
-17007
-17910
-18636
-19673
-20128
-19102
-18844
-19328
-17171
-14866
-14936
-12656
-8575
-7284
-5459
-1338
1282
2933
5401
7893
9948
10825
11612
13559
13854
12848
13921
14488
12956
12796
13373
12523
11812
11881
11913
11537
10960
11245
11526
10570
10371
10974
10064
9162
9490
8782
7444
7165
6482
5062
4273
3456
2131
1225
500
-574
-1482
-2018
-2766
-3662
-4019
-4397
-5355
-5838
-6074
-7013
-7834
-8380
-9267
-10382
-11594
-12504
-13465
-15045
-16235
-16908
-17936
-18962
-19125
-18697
-18869
-18616
-16813
-15691
-14746
-11952
-9587
-7832
-4760
-1907
369
2983
5284
7504
9271
10206
11859
13049
12595
13250
14282
13166
12722
13561
12695
11775
12128
11737
11315
11283
10858
11183
11185
10265
10715
10911
9652
9661
9873
8688
8101
8025
7023
5840
5239
4453
2982
1972
1505
263
-948
-1282
-2068
-3131
-3476
-3861
-4563
-5142
-5573
-5972
-7014
-8117
-8488
-9757
-11552
-12232
-13487
-15471
-16640
-17861
-19014
-19663
-20534
-20371
-19493
-19925
-19338
-16809
-15813
-15090
-11786
-8790
-7379
-4709
-1003
1371
3044
5683
8315
9653
10581
12020
13389
13451
13092
14013
14179
12820
12857
13244
12147
11610
11758
11473
11196
10854
10876
11081
10421
10291
10673
9701
9203
9521
8306
7456
7558
6178
4996
4907
3644
2308
1893
945
-132
-761
-1346
-2010
-2752
-3112
-3275
-4047
-4661
-4616
-5396
-6423
-6828
-7704
-8937
-10333
-11500
-12526
-14581
-16282
-16968
-18309
-19655
-20132
-20040
-19587
-19871
-19299
-16576
-15525
-15258
-11539
-8151
-7359
-4470
-343
1621
3448
6084
8505
10410
10942
11967
14251
13987
12890
14432
14482
12626
12948
13222
11945
11487
11404
11181
10946
10287
10415
10751
9948
9931
10415
9432
8961
9389
8383
7261
7231
6356
5040
4480
3609
2454
1662
725
-118
-729
-1585
-2260
-2601
-3118
-3648
-4015
-4403
-4774
-5245
-6053
-6885
-7548
-8710
-10445
-11677
-12612
-14521
-16549
-17416
-18294
-19912
-20706
-19976
-19530
-20182
-19272
-16533
-15702
-15320
-11655
-8289
-7402
-4723
-464
1914
3590
6154
9026
10878
11057
12518
14958
14071
13407
15289
14539
13102
13752
13144
12269
12017
11247
11316
10939
9928
10367
10330
9376
9472
9602
8808
8241
8331
7725
6460
6095
5675
4262
3227
2691
1832
632
-252
-603
-1371
-2275
-2462
-2806
-3287
-3293
-3595
-4071
-4194
-4676
-5500
-6096
-6772
-7831
-9189
-10404
-11517
-13386
-15291
-16307
-17551
-18986
-19834
-20197
-19720
-19597
-19954
-17959
-15706
-15718
-13476
-9143
-7681
-6170
-1969
1029
2619
5078
7713
9846
10861
11531
13549
14428
13321
13942
15028
13722
12932
13507
12766
11741
11775
11498
10981
10680
10335
10416
10119
9329
9550
9337
8087
8115
7912
6225
5851
5709
3938
3244
3138
1612
860
631
-465
-821
-1155
-1974
-1839
-1998
-2532
-2407
-2739
-3115
-3116
-3931
-4975
-5317
-6057
-8130
-9622
-10074
-12316
-14765
-15254
-16773
-18822
-19392
-19993
-19965
-19602
-20097
-18567
-16117
-16080
-14588
-10436
-8429
-7229
-3557
-231
1502
3644
6250
8715
10104
10482
12218
13904
13037
12949
14441
13754
12512
13033
12829
11813
11525
11241
11074
10822
10112
10322
10379
9230
9398
9834
8324
7932
8577
7191
6140
6369
5301
4173
3720
2784
2233
1525
361
317
-9
-1214
-1391
-1465
-2206
-2468
-2789
-3278
-3486
-4364
-5450
-5875
-6833
-8585
-10073
-11136
-12468
-14663
-16596
-17198
-18171
-20046
-20530
-19623
-19656
-20311
-18953
-16378
-15797
-15153
-11356
-8255
-7510
-4614
-388
1542
3192
6062
8642
10169
10765
12181
14170
13762
13040
14551
14631
12864
12926
13344
12089
11341
11453
10980
10372
10037
9927
9801
9059
8750
9049
8184
7354
7714
6991
5677
5664
5201
3861
3293
2770
1994
1402
490
153
105
-904
-1161
-939
-1732
-1883
-1842
-2630
-2816
-3208
-4355
-4985
-5778
-7268
-8814
-10093
-11317
-13414
-15575
-16398
-17519
-19493
-20190
-19767
-19858
-20288
-19619
-17510
-16336
-16128
-13290
-9623
-8555
-6474
-2205
384
1969
4583
7325
9375
10210
11055
13175
13832
12725
13442
14416
13142
12514
13012
12305
11494
11321
10910
10671
10322
9793
9960
9775
9124
9315
8969
8015
8304
7829
6205
6351
6123
4182
3866
3921
2457
1860
1662
883
759
356
-335
12
-76
-772
-697
-927
-1593
-1863
-2787
-3982
-4590
-5898
-7799
-9138
-10538
-12568
-14581
-16094
-17456
-18889
-20145
-20711
-20158
-20023
-20705
-19123
-16550
-16568
-15588
-11421
-8814
-8003
-4958
-857
1148
2259
5055
8340
9225
9226
11461
13370
12349
12034
13680
13511
12005
12143
12526
11682
11033
10938
10856
10642
10099
9980
10123
9408
9071
9162
8129
7747
8013
6533
5659
6258
4956
3362
3667
3216
2001
1659
1336
1108
792
85
233
286
-426
-421
-612
-1407
-1626
-2383
-3693
-4251
-5231
-7107
-8542
-9727
-11583
-13821
-15539
-16745
-18297
-19887
-20557
-20465
-20204
-20345
-19991
-17753
-16134
-16223
-13752
-9666
-8417
-6963
-2808
271
1674
3810
6764
9221
9808
10249
12770
13814
12215
12686
14178
12985
11807
12346
12289
11432
10899
10909
10943
10283
9847
10061
9668
9196
9127
8487
8062
7950
6818
5821
5701
4913
3529
2881
2679
1987
1023
598
742
526
-304
-319
301
-254
-846
-357
-574
-1308
-1402
-1925
-3037
-3859
-4865
-6651
-8502
-9639
-11247
-13956
-15585
-16288
-18448
-20372
-20166
-19945
-20552
-20525
-19062
-17015
-16458
-15814
-12002
-8805
-8546
-5793
-953
645
1556
4871
7768
8824
9270
10792
12984
12653
11506
12997
13589
11746
11321
12008
11591
10738
10487
10905
10936
10306
10231
10434
10183
9909
9429
8957
9150
8588
7006
6926
7131
5257
4190
4557
3556
2541
2333
1800
1735
1407
730
1134
1092
515
704
419
-94
-187
-1043
-2221
-3055
-4213
-5983
-7974
-9370
-10779
-13440
-15800
-16721
-18195
-20463
-21334
-20918
-20906
-21225
-20643
-18756
-17149
-16749
-14799
-10844
-8879
-7917
-4329
-488
1022
2316
5427
8372
8547
8876
11418
12431
11491
11481
12603
12998
11293
10711
12418
11593
9815
10859
11359
10371
10168
10448
10551
10005
9342
9335
8938
7995
7316
6780
6153
5252
4412
3913
3249
2601
2206
1617
1373
1557
1075
681
1246
1210
580
736
654
-109
-509
-1246
-2523
-3414
-4662
-6617
-8337
-9946
-11961
-14216
-16099
-17372
-18918
-20597
-21005
-20639
-20775
-20856
-19797
-17857
-16770
-16220
-13382
-9875
-8879
-6987
-2632
-144
875
3484
6437
8204
8776
9552
11744
12426
10973
11734
13352
12075
10938
11868
12127
11149
10442
10904
11384
10374
9746
10340
10120
9385
8933
8590
8558
7739
6410
6224
5895
4444
3453
3247
2829
1970
1332
1377
1449
1007
809
1154
1236
999
1024
1101
855
390
-148
-880
-1854
-2866
-4269
-6294
-7839
-9061
-11529
-14018
-15041
-16533
-18904
-20002
-20108
-20435
-20612
-20328
-19306
-17788
-16963
-15870
-12934
-10211
-8934
-6470
-2736
-346
1118
3380
6246
8116
8262
9161
11574
11763
10237
11223
12698
11439
10291
11190
11676
10569
9816
10806
11383
10081
9794
11090
10846
9656
9645
9800
9155
8175
7515
7310
6587
5246
4671
4580
3577
2531
2618
2563
1861
1698
1901
1818
1690
1568
1479
1288
844
453
-127
-1186
-2276
-3488
-5092
-6823
-8633
-10499
-12457
-14634
-16508
-18017
-19539
-20571
-21098
-21190
-20634
-20495
-19984
-17680
-16354
-15997
-12871
-9528
-8611
-6265
-2369
-193
1247
3397
6049
8030
8036
8923
11588
11467
10091
11689
12788
11270
10606
11565
11810
10561
9955
11136
11151
9634
10031
10979
9858
9178
9693
9229
8315
7887
7374
6671
6008
5219
4357
3999
3601
2602
2357
2469
1802
1641
1765
1317
1353
1429
1010
906
668
-12
-691
-1736
-2990
-4095
-5670
-7612
-9260
-10905
-12920
-15059
-16768
-18053
-19515
-20669
-20837
-20484
-20296
-20295
-18976
-16703
-16242
-15293
-11481
-9029
-8285
-5459
-1883
307
1684
3608
6815
8456
7871
9673
12404
11369
10490
12656
13077
11317
11320
12372
12085
10910
10652
11597
11345
9844
10129
10983
9835
8923
9305
8874
7735
7092
6704
6027
5112
4322
3816
3480
2806
1955
1953
1989
1343
1219
1343
1192
1235
997
870
975
249
-474
-826
-1889
-3184
-4381
-5864
-7404
-9141
-11030
-12655
-14530
-16710
-17919
-18644
-20320
-20872
-19516
-19799
-20551
-18311
-16277
-16368
-14762
-11025
-8741
-7986
-5282
-1114
690
1305
4146
7447
8059
7818
10180
12388
11015
10508
12795
12918
11145
11316
12479
12142
10792
10797
11828
11153
9908
10482
10920
9860
9281
9461
8964
8050
7476
7005
6361
5611
4861
4182
3630
3050
2263
1841
1949
1624
976
1043
1259
808
411
480
349
-235
-935
-1529
-2443
-3977
-5281
-6392
-8471
-10570
-11678
-13506
-16125
-17365
-18092
-19852
-20897
-20459
-19948
-19960
-19863
-17978
-15690
-15776
-14291
-9770
-8114
-7688
-3804
-237
887
2404
5245
8073
8641
8467
11094
12901
11072
11099
13448
12829
10982
11555
12518
11564
10126
10679
11683
10320
9185
10307
10429
8799
8477
9116
8171
7138
7189
6324
5621
5485
4095
3730
3996
2588
2281
2617
1707
1662
1619
987
1317
1117
377
514
236
-658
-1172
-1821
-3063
-4281
-5191
-6775
-8977
-10186
-11376
-13977
-15855
-16543
-18001
-19513
-20161
-20031
-19297
-19781
-19840
-16733
-15247
-16216
-12935
-8563
-8533
-7166
-2688
-88
887
2403
5310
8224
7816
7726
11343
12236
9907
11148
13558
12466
11088
12044
13115
12094
10548
11480
12560
10735
9926
11537
11042
9378
9794
9942
8711
8183
7814
6951
6562
5790
4607
4537
4167
2893
2631
2585
1898
1656
1331
925
1031
562
-109
-76
-637
-1661
-2050
-2910
-4467
-5583
-6777
-8705
-10704
-12106
-13645
-16052
-17750
-18366
-19550
-20768
-20983
-20078
-19373
-20188
-18710
-15058
-15316
-15229
-10197
-7599
-7976
-4911
-636
1177
1886
3851
7490
8834
7539
9631
12884
11417
10262
12784
13521
11671
11135
12424
12993
11180
10256
12254
12132
9531
10207
11788
9955
8839
9967
9433
7937
7675
7158
6191
5875
5055
3877
3862
3421
2067
1798
1766
1165
907
605
588
750
12
-268
34
-898
-1889
-2113
-3240
-4843
-5830
-7217
-9264
-10951
-12357
-14427
-16683
-17890
-19090
-20536
-20759
-20918
-20792
-19497
-19515
-18635
-15310
-14677
-14155
-9708
-7044
-6510
-3627
-171
2103
3334
4582
7929
9839
8351
9691
12927
11698
10108
12223
13231
11530
10665
11929
12755
10810
9648
11768
11848
9151
9612
11336
9709
8306
9104
8767
7519
6868
6260
5959
5212
3833
3701
3535
2094
1698
1881
1063
730
934
574
436
435
-25
-68
-132
-1208
-1697
-1677
-3468
-5250
-5406
-7051
-9875
-10857
-11786
-14293
-16205
-17013
-18056
-19133
-19983
-20244
-18881
-18306
-19497
-17236
-13440
-14361
-13801
-8214
-6112
-6658
-3150
984
2305
2985
5037
8665
9780
8054
10360
13875
11632
10198
13488
14003
11343
11180
12911
12797
10441
10044
12330
11426
8807
10217
11253
9093
8446
8932
8420
7639
6439
6061
6298
4786
3583
4011
3392
2252
2231
2061
1571
1422
1161
908
847
600
178
-200
-444
-1137
-2190
-2815
-3939
-5586
-6575
-8111
-10321
-11622
-12901
-15066
-16918
-17935
-18893
-19873
-20519
-20534
-19382
-18968
-19705
-17170
-13836
-14867
-13616
-7798
-6360
-7008
-2542
1653
2131
3118
5970
9589
9940
8192
11886
14630
10976
11039
14192
13702
11673
10861
13571
13896
9232
10870
14185
10320
9045
11506
10966
9158
8365
9198
8873
6509
6442
6764
5096
4234
4010
3354
2629
2065
1808
1313
985
876
521
435
275
114
91
-447
-646
-962
-1993
-2495
-3597
-5224
-6007
-7853
-9985
-10947
-13068
-15304
-16293
-18147
-19600
-19689
-20798
-21142
-19340
-19472
-20128
-16766
-14402
-15437
-12780
-7928
-7002
-6018
-2053
1329
2825
3640
6154
9748
9560
8406
11773
13654
10968
11113
13833
13226
11131
11379
12868
12172
9897
10691
12473
10288
8814
10890
10573
8369
8782
9232
8020
7286
6954
6424
5799
4960
4311
3887
3336
2734
2357
2082
1705
1522
1413
1075
991
923
409
269
129
-1003
-1480
-1877
-4007
-4909
-5565
-8281
-9315
-10794
-13508
-13789
-16398
-18815
-17408
-19904
-21697
-19082
-19646
-20126
-18670
-17266
-14759
-15051
-13820
-8157
-7330
-7486
-2553
865
1563
2717
5710
9305
8807
8053
12146
13636
10642
11451
14368
13317
11331
12084
13657
12757
10463
11539
13325
10832
9531
11677
11001
8899
9296
9311
8247
7633
6803
6336
6032
4799
4010
3919
3300
2544
2147
1824
1568
1144
546
288
272
-162
-1001
-1150
-1116
-2255
-3080
-3269
-4604
-6045
-6790
-8342
-10355
-11602
-12953
-15006
-16576
-17399
-18461
-19597
-20000
-19762
-19089
-19067
-19293
-16577
-14237
-15512
-13148
-7821
-7494
-7032
-2256
876
1681
3083
5918
9252
9308
8645
12332
14237
11438
11863
14829
13801
11512
12141
13564
12496
10186
11090
12782
10287
8843
11196
10677
8453
9091
9323
8403
7652
6701
6797
6239
4471
4323
4297
2896
2154
2064
1597
1044
608
631
547
103
106
-93
-542
-650
-1359
-2191
-2511
-3794
-5265
-6028
-7598
-9282
-10620
-12504
-14024
-15521
-17380
-18499
-19280
-19912
-20439
-20496
-19001
-18621
-19251
-16266
-13444
-14277
-11890
-6781
-5689
-4850
-637
2757
3937
5087
8041
11127
10701
10394
13549
14285
11933
12444
14302
13323
11469
11863
12965
11523
9710
11051
11771
9421
9096
10832
9863
8459
9329
9382
8167
7767
7580
7031
6300
5429
5059
4670
3579
2925
2861
2124
1105
1083
1011
-110
-390
-55
-987
-1537
-1503
-2483
-3148
-3852
-5650
-6527
-7191
-9620
-11573
-12096
-13758
-16412
-17768
-18219
-19316
-20598
-20611
-19529
-18935
-19434
-18733
-15112
-13597
-15067
-10842
-5371
-6928
-5231
1141
2226
2583
5417
7764
10208
9780
9534
13636
13817
10807
12887
14911
12675
11549
12852
13209
11448
10319
11679
11675
9332
9602
10942
9372
8498
9373
8780
7996
7869
7187
6826
6348
5282
4962
4461
3252
2915
2575
1534
1205
1058
281
-98
-166
-694
-1284
-1586
-2064
-2861
-3599
-4586
-5978
-6986
-8210
-10369
-11815
-12721
-14898
-16835
-17626
-18789
-19693
-20143
-20506
-19341
-18657
-19722
-17708
-14103
-14802
-14420
-8873
-6383
-7265
-3660
1102
1987
2865
5774
8960
10253
9416
11022
14250
12970
11207
13823
14772
12238
11797
13294
13058
11267
10861
12264
11566
9508
10565
11155
8979
8999
9779
8249
7684
8042
6812
5942
6155
4829
3672
4324
2750
1514
3109
1127
-435
2064
257
-1676
471
-725
-2214
-1461
-2684
-3297
-3613
-5526
-6139
-6720
-8916
-10664
-11502
-12883
-15373
-16988
-17419
-18796
-20038
-20280
-20449
-19587
-19012
-19632
-17505
-14484
-15146
-13924
-8733
-7017
-6992
-3085
674
2140
3655
5677
8895
10564
9360
11274
14581
13059
11925
14274
14606
12816
12247
13101
13404
11465
10728
12609
11676
9568
10945
11212
9363
9518
9672
8758
8219
7426
7196
6891
5411
5083
5188
3951
3220
3160
2610
1965
1486
1371
1128
347
157
50
-833
-1231
-1791
-2922
-3323
-4607
-6431
-6755
-8323
-10991
-11671
-12767
-15424
-16856
-17475
-18708
-19718
-20346
-20464
-19384
-19211
-20025
-17604
-14686
-15652
-14283
-9029
-7584
-7571
-3489
121
1461
2872
4673
8404
9976
7872
10796
14343
11279
11064
14159
13474
12189
11921
12766
13629
11045
10533
13233
11604
9505
11259
11288
9594
9414
9394
9115
8485
7330
7307
7345
5988
5288
5244
4464
3722
3155
2657
2362
1620
1135
1079
450
18
-337
-1156
-1350
-2071
-3420
-3706
-4999
-6893
-7263
-8927
-11286
-11945
-13417
-15587
-16843
-18193
-19189
-19719
-20657
-20673
-19330
-19242
-19940
-17476
-14715
-15627
-14158
-8934
-7386
-7351
-3442
405
1737
2821
5084
8639
9699
8303
10925
14002
11719
11001
14075
14333
12112
11877
13814
13802
10995
11398
13825
11748
9862
11817
11653
9836
9808
9655
9407
8706
7092
7377
7316
5100
4727
4891
3417
2797
2497
1735
1491
924
377
345
-182
-573
-625
-1474
-1972
-1811
-3190
-4672
-4521
-5796
-8131
-8825
-10147
-12251
-13255
-15142
-17166
-17541
-18736
-20318
-20323
-20036
-19607
-19410
-19580
-17140
-14415
-15316
-13991
-8505
-6883
-7485
-3386
937
1595
2603
5598
8979
9765
8682
11515
14821
12468
11387
14721
15146
12709
12579
14232
14079
11725
11593
13624
12107
9803
11494
11835
9425
9248
9738
8752
7898
7260
6836
6342
5312
4610
4024
3366
2753
1908
1547
1262
531
375
126
-452
-367
-777
-1637
-1503
-1895
-3273
-3746
-4330
-6001
-7185
-8315
-10257
-11745
-12838
-14645
-16425
-17342
-18226
-19253
-19820
-20044
-19352
-18587
-19224
-17946
-14665
-14761
-14749
-10025
-7254
-7800
-5010
-576
1317
2156
3991
7710
9931
8626
10196
14093
13093
11418
13801
15111
13235
12036
13593
14378
11705
10839
13153
12211
9616
10613
11470
9648
8773
9262
8951
7831
6933
6959
6804
5451
4811
5090
4272
3364
3281
2783
2256
2037
1621
1144
651
614
216
-1203
-1284
-1243
-3222
-4137
-4380
-6297
-7674
-8642
-10617
-12090
-13203
-15026
-16835
-17979
-18823
-19680
-20362
-20598
-19807
-18944
-19661
-18904
-15380
-14766
-15684
-11537
-7492
-8068
-6216
-1310
993
1780
3487
6722
9657
9036
9297
13309
14047
11834
13317
15677
14593
13002
13972
15417
13782
11806
13572
14208
11217
10930
12636
11032
9155
9687
9653
8262
7214
6990
6673
5581
4611
4193
3609
2848
2219
1728
1248
620
265
-51
-747
-1053
-1314
-2056
-2264
-2552
-3640
-4194
-4678
-6079
-7182
-8281
-9840
-10717
-12458
-14453
-14626
-16728
-18816
-17542
-19250
-21054
-18579
-18733
-19269
-17589
-16821
-14177
-13113
-13204
-8152
-5645
-6287
-2338
1417
2644
3900
5988
9681
10405
9153
12196
14596
12647
12289
14675
15176
13135
12649
14525
14227
11751
12077
13757
12189
10265
11209
11584
9843
8772
9126
9043
7460
6205
6513
5841
4023
3652
3485
2275
1548
1240
775
211
-159
-229
-800
-1020
-765
-1640
-1946
-1606
-2731
-3454
-3633
-4911
-6010
-6959
-8399
-9887
-11524
-12790
-14203
-16282
-17474
-18106
-19238
-20111
-20411
-19527
-18562
-19486
-18372
-14390
-14150
-14670
-9875
-6387
-6850
-4477
22
2417
3172
4361
8153
11032
9258
9964
14550
14099
11457
13452
15472
13865
11917
13000
14619
12206
10344
12650
12521
9636
9867
11149
9728
8179
8744
8713
7222
6701
6440
5475
4852
4094
3397
3021
2290
2018
1797
996
1032
1175
428
284
693
91
-785
-524
-719
-2218
-2745
-2995
-4651
-6062
-7090
-8571
-10109
-11879
-13217
-14325
-16372
-18042
-18553
-19107
-20332
-20830
-19254
-18734
-20008
-17882
-14593
-15169
-14286
-9681
-7347
-6924
-4426
-486
2293
2560
4164
9053
10303
8478
11393
14703
13002
12078
14345
15358
13561
12396
14332
14939
11937
11632
13946
12464
10197
11312
11793
10144
9178
9456
9373
7872
6756
7023
6355
4880
4468
4122
3198
2685
2328
1544
1093
1198
711
-30
305
302
-956
-1269
-955
-2149
-3365
-3644
-4686
-6291
-7443
-8605
-10111
-11990
-13623
-14487
-16103
-18328
-18854
-18986
-20368
-20964
-19896
-18912
-19473
-18972
-15405
-14200
-14965
-11154
-7373
-7030
-4925
-1488
1527
3521
3868
6953
10729
9665
9736
13521
14275
12501
12965
14908
15006
12821
12565
14792
13710
10929
12212
13439
11065
9953
11229
10982
9067
8563
9303
8310
6669
6771
6504
5079
4473
4025
3173
2643
1963
1497
1362
694
419
425
-174
-181
-239
-1122
-1019
-1056
-2495
-2963
-3085
-4806
-6269
-6869
-8214
-10392
-12321
-13153
-14509
-17275
-18433
-18377
-19832
-20953
-20436
-19502
-19273
-19797
-18100
-15004
-14990
-14511
-10143
-7249
-6848
-4343
-240
2283
2972
4703
8579
10188
9221
11121
13979
13392
12342
13505
14845
13947
12202
13187
14354
12244
11144
12641
12324
10550
10464
11055
10232
8902
8799
8836
7623
6755
6755
5944
5047
4895
4023
3200
3262
2323
1547
1888
1056
543
929
30
-55
100
-1240
-1085
-1201
-2999
-3068
-3626
-5868
-6743
-7616
-9734
-11594
-12754
-13905
-15989
-17845
-18366
-19043
-20262
-20892
-20174
-19105
-19725
-19491
-16085
-14641
-15426
-12149
-7965
-7382
-5786
-1950
1080
2680
3572
6487
9879
9510
9625
12903
14048
12709
12971
14775
15091
13296
12994
14667
13993
11879
12318
13126
11651
10381
10718
10753
9518
8419
8602
8462
6963
6216
6416
5608
4580
4319
3850
3212
2756
2185
1709
1467
1205
607
79
290
-92
-1322
-1334
-1337
-2944
-3819
-3962
-5564
-7351
-8221
-9534
-11438
-13105
-14368
-15525
-17133
-18652
-19036
-19196
-20334
-20756
-19128
-18447
-19423
-17557
-14216
-14200
-13531
-9150
-6421
-5895
-3294
495
3019
4005
5388
9209
11187
9676
11454
14742
13561
12467
14093
15010
14166
12731
13496
14710
12479
11275
12936
12242
10214
10299
10800
9918
8641
8505
8545
7289
6390
6285
5313
4416
4110
3251
2664
2300
1526
1239
820
357
562
-237
-837
21
-785
-2170
-1479
-1824
-3606
-3937
-4317
-5984
-7321
-8316
-9725
-11621
-13406
-14504
-16037
-18026
-18965
-19287
-19953
-20677
-20259
-18762
-18776
-18887
-15804
-13635
-14161
-11536
-7063
-5915
-4817
-1050
2271
3681
4721
7529
10609
10555
10464
13207
14415
12984
12862
14451
14672
12746
12204
13885
13248
10830
11410
12697
10938
9563
10694
10683
8871
8422
8894
7915
6673
6441
5934
5122
4509
3694
3288
2891
1953
1698
1440
663
840
608
-422
31
135
-1297
-1273
-965
-2554
-3381
-3444
-5071
-6603
-7287
-8918
-10851
-12112
-13522
-15154
-16738
-18187
-18886
-19353
-20406
-20529
-19010
-18649
-19467
-17364
-14232
-14447
-13514
-8983
-6602
-6067
-3246
411
2881
3949
5531
9298
11176
10124
11714
14707
14075
12731
14134
15327
14073
12759
13576
14304
12560
11263
12364
12315
10407
9962
10613
9965
8652
8220
8261
7581
6294
5718
5775
4897
3665
3599
3343
2348
2147
1922
1217
1451
1309
196
346
732
-497
-1195
-811
-1679
-3157
-3649
-4503
-6235
-7584
-8768
-10293
-11955
-13724
-15079
-16277
-18143
-19445
-19403
-19983
-21235
-20236
-18446
-19438
-19217
-15265
-13898
-14618
-11096
-6902
-6130
-4632
-894
2478
4128
4792
7732
11472
10892
10402
14020
15169
12889
13133
15383
14999
12291
12763
14865
12571
10788
12588
12096
10506
10528
10206
9955
9380
8220
8121
7929
6778
5903
5662
5227
4043
3276
2992
2114
1496
1136
384
258
253
-533
-771
-282
-757
-1623
-1258
-1274
-2675
-3308
-3578
-4986
-6300
-7359
-8777
-10120
-11839
-13626
-14693
-16181
-18082
-18841
-19046
-19962
-20541
-19525
-18563
-19159
-18214
-14850
-13798
-13652
-9761
-6250
-5570
-3314
605
3393
4642
6081
9531
11727
10829
11884
14819
14635
13124
14038
15394
14307
12533
13011
13841
12216
10794
11692
11835
10200
9498
9945
9679
8459
7639
7926
7590
5873
5181
5470
4284
2823
2774
2568
1598
1059
939
692
432
132
-248
-159
-84
-893
-1276
-833
-1701
-3130
-3092
-3573
-5571
-6687
-7212
-8825
-10695
-12002
-13052
-14641
-16720
-17810
-18357
-19395
-20169
-20210
-19103
-18511
-19252
-17150
-13841
-14095
-12986
-8386
-6033
-5399
-2600
1409
3799
4286
6388
10369
11285
10335
12563
15071
14030
12852
14306
15511
13761
12151
13683
14057
11383
10803
12242
11409
9631
9726
10272
9293
8025
7902
7829
6923
5830
5488
5463
4310
3210
3408
2901
1870
1954
1820
1181
1253
1147
540
569
631
-96
-379
-329
-1390
-2380
-2602
-3868
-5687
-6653
-7842
-9823
-11726
-13193
-14620
-16462
-18276
-19297
-19785
-20410
-21025
-20506
-19091
-18941
-19067
-16508
-13888
-13883
-12256
-7908
-5657
-4945
-1885
2079
3900
4601
7033
10442
11270
10565
12501
15126
13986
12400
14564
15667
12966
12281
14203
13431
11150
11310
12146
11003
9703
9702
9680
9293
8149
7044
8033
7687
5061
5435
6326
4128
3079
3583
2963
1865
1264
1304
997
289
178
-18
-110
-156
-837
-784
-768
-1968
-2368
-2601
-4244
-5527
-6170
-7725
-9787
-11280
-12461
-14246
-16326
-17609
-18420
-19360
-20137
-20629
-20119
-18942
-19210
-19032
-15926
-14067
-14492
-11686
-7221
-6059
-5101
-1360
2262
3625
4356
7364
10905
10817
10361
13299
14975
13131
12596
14745
14983
12404
12117
14129
13048
10579
11298
12377
10870
9506
10051
10515
9328
8088
8619
8895
7207
6362
7113
6313
4709
4664
4503
3383
2719
2412
2030
1482
932
824
611
162
-169
-559
-639
-1142
-2314
-2582
-3164
-4993
-5981
-6759
-8621
-10389
-11825
-13259
-14818
-16728
-18176
-18805
-19592
-20641
-20656
-19606
-19293
-19442
-18019
-15696
-14545
-13819
-11066
-7384
-6024
-4879
-872
2592
3206
4539
8178
10529
10039
10848
13797
14321
12855
13339
14958
14461
12382
12709
14308
12648
10845
12123
12410
10697
9915
10384
10527
9100
7975
8863
8558
6464
6258
6720
5284
4090
4068
3624
2747
1983
1656
1626
945
129
326
519
-287
-965
-620
-696
-2192
-3035
-2704
-3904
-5946
-6480
-7203
-9194
-11068
-12343
-13260
-15056
-17426
-18103
-18530
-20086
-20569
-20150
-19834
-19275
-19149
-17984
-15196
-14289
-13797
-10026
-6771
-6141
-3786
367
2777
3847
6001
9238
10923
10747
12047
14579
14661
13390
14330
15793
14541
12986
13950
14368
12387
11511
12459
12072
10430
9973
10540
10112
8606
8160
8655
7656
6055
6003
5774
4273
3395
3201
2658
1796
944
913
887
-216
-490
-49
-620
-1089
-1152
-1335
-1571
-2437
-2901
-2971
-4268
-5452
-6015
-7326
-8836
-10363
-11896
-13027
-14760
-16606
-17526
-18600
-19616
-20099
-20492
-19618
-18800
-19494
-17788
-14585
-14577
-13659
-9224
-6719
-6121
-3209
835
3108
3993
6213
9863
11161
10584
12484
14939
14129
13008
14507
15528
13830
12821
14366
14435
12248
12024
13255
12506
10853
10903
11668
10722
9159
9228
9428
8061
6705
6610
6362
4825
3654
3840
3256
1711
1411
1628
822
138
233
280
-70
-635
-780
-552
-1185
-2109
-2146
-2752
-4405
-5455
-6289
-7911
-9838
-11574
-12860
-14427
-16673
-18046
-18734
-19942
-20594
-20643
-20568
-19554
-19082
-19062
-16465
-14144
-14435
-12158
-7862
-6515
-5368
-1817
1572
3184
4195
7062
10192
10394
10621
13032
14457
13657
13148
14657
15382
13381
12796
14468
13883
11735
11953
13117
11912
10239
10924
11416
9822
8795
9114
8800
7392
6180
6113
5923
4305
3160
3409
2747
1216
810
779
173
-341
-530
-429
-532
-1212
-1299
-1013
-1787
-2585
-2621
-3379
-4870
-5937
-6904
-8455
-10415
-11917
-12841
-14624
-16838
-17641
-18356
-19738
-20155
-20290
-20177
-19102
-19158
-18679
-15511
-14296
-14501
-10786
-7091
-6738
-4676
-495
1949
3125
4990
8067
10374
10252
11204
14199
14582
13215
14214
15716
14912
13383
13709
14799
13387
11406
12529
13161
10671
9898
11459
10720
8815
8876
9284
8391
6947
6246
6428
5395
3553
3487
3418
1850
1074
1097
706
172
-295
-458
-423
-646
-1388
-1853
-1325
-2090
-3754
-3384
-3832
-6087
-6693
-7260
-9202
-10702
-11888
-13127
-14666
-16244
-17172
-18190
-18951
-19424
-20022
-19120
-18316
-19105
-17712
-14844
-14483
-13733
-10129
-7312
-6348
-4129
-305
2409
3399
5318
8821
10663
10515
11950
14558
14935
13899
14657
16324
15500
13593
14483
15583
13422
12135
13734
13406
11188
11160
11826
10708
9314
8885
8899
8080
6355
5921
6239
4748
3241
3505
3079
1589
1136
1183
566
31
-78
-220
-426
-674
-961
-1045
-1292
-2066
-2693
-3077
-4120
-5563
-6602
-7703
-9385
-11163
-12587
-13956
-15667
-17244
-18232
-19164
-20082
-20458
-20450
-19939
-19195
-19171
-18036
-15130
-14266
-13938
-9918
-6703
-6514
-3844
527
2368
3422
5895
8949
10633
10542
11679
14624
14926
12771
13970
16658
14551
12217
14778
15627
12267
11584
13906
13271
10424
10692
12409
10882
8875
9456
9595
8010
6724
6501
6329
4982
3559
3483
3260
1928
1024
1100
867
-45
-467
-341
-614
-1141
-1312
-1277
-1690
-2470
-2821
-3286
-4578
-5812
-6661
-7878
-9636
-11373
-12566
-13944
-16013
-17441
-18225
-19494
-20340
-20524
-20697
-19895
-19133
-19426
-17733
-14829
-14567
-13638
-9412
-6791
-6309
-3358
936
2923
3774
6403
9949
11054
10575
12535
15174
14398
13038
14635
15881
14034
12693
14147
14516
12208
11534
13082
12495
10375
10618
11627
10347
8907
9258
9350
8073
6914
6727
6473
5192
4009
3859
3353
2092
1492
1412
749
-25
-194
-288
-790
-1258
-1397
-1652
-2255
-2875
-3542
-4341
-5187
-6417
-7778
-8781
-9938
-11556
-13113
-14024
-15116
-17208
-18253
-18207
-19529
-20586
-19805
-18988
-19028
-19167
-17175
-14385
-14447
-13274
-8568
-6321
-5871
-2478
1600
3524
4526
6989
10591
11632
10947
13203
15870
14537
13346
15513
16375
14051
13025
14642
14683
12061
11402
13218
12455
9837
10306
11646
9754
8032
8929
8771
6951
6140
6078
5556
4337
3289
3358
2938
1619
1483
1564
736
556
542
12
50
-134
-764
-817
-1458
-2554
-2772
-3647
-5359
-6182
-7019
-8678
-10265
-11592
-12909
-14612
-16339
-17224
-18240
-19525
-19775
-20028
-20330
-19241
-18870
-19239
-16906
-14461
-14686
-12956
-8724
-6794
-5930
-2824
915
2903
3792
6264
9775
10637
10269
12454
14809
14083
12961
14636
16057
13988
12593
14490
14605
11903
11602
13273
12247
10108
10740
11535
9744
8579
9281
8847
7263
6605
6505
5767
4497
3747
3743
3083
2033
2157
2250
1388
1276
1652
1159
604
593
480
-99
-890
-1356
-1814
-3049
-4536
-5530
-6590
-8305
-10283
-11843
-13059
-14952
-17338
-18563
-19174
-20542
-21322
-21134
-21037
-20417
-19818
-19511
-17429
-15298
-15114
-13065
-8788
-6850
-5894
-2284
1668
3229
4329
7268
10486
11063
10647
12789
15056
13821
12568
14522
15504
13149
12224
14123
13961
11568
11567
13132
12250
10399
10963
11895
10511
9199
9606
9466
8000
7038
6977
6161
4652
4214
3859
2494
1763
1582
879
355
76
-72
-139
-711
-897
-551
-1315
-2351
-2299
-2594
-3884
-4928
-5606
-6675
-8356
-10082
-11209
-12551
-14666
-16181
-17224
-18850
-19776
-20058
-20986
-20743
-19385
-19676
-19421
-16532
-14825
-14696
-12128
-8255
-6263
-4731
-1516
2281
4366
5105
7653
11260
11607
10818
13370
15497
13811
12918
15007
15646
13272
12361
14242
13912
11116
11282
13009
11469
9500
10555
11150
9243
8212
8854
8363
6686
5845
5838
5081
3411
2749
3002
1810
398
869
767
-692
-664
-72
-891
-1431
-1159
-1295
-1778
-2440
-2847
-2936
-3914
-5232
-5739
-6559
-8077
-9312
-10362
-11506
-12813
-14369
-15495
-16330
-17609
-18500
-18869
-19333
-18900
-18286
-18623
-17232
-14592
-14246
-13162
-9032
-6609
-5964
-2748
1348
3140
4343
7085
10152
11206
11002
12681
15065
14229
12732
14577
15705
13244
12262
14148
13885
11396
11189
12660
11859
9670
9854
10945
9330
7699
8308
7872
6593
6060
5195
5043
4533
2822
3041
3078
1393
1624
1942
760
777
1157
643
41
-98
174
-655
-1922
-1687
-1963
-3893
-4929
-4988
-6317
-8395
-9352
-9994
-11802
-13724
-14673
-15754
-17478
-18679
-19118
-19691
-20297
-19828
-18870
-19106
-18618
-15654
-14017
-13964
-10627
-6375
-5474
-3814
714
3741
4544
6300
9671
11928
11330
11642
14786
15242
12686
13550
15901
14161
11902
13213
14168
12017
10614
11998
12348
10230
9574
10896
10229
8324
8466
8730
7347
6416
6251
5657
4642
3745
3568
3058
1749
1696
2022
697
168
1184
663
-809
-444
395
-712
-2163
-1714
-1343
-3243
-4971
-4703
-5242
-7810
-9577
-9685
-10908
-13832
-15288
-15304
-17155
-19434
-19457
-19556
-20695
-20333
-19214
-19233
-18306
-15870
-14773
-13694
-10073
-7067
-5940
-3183
749
3093
4490
6477
9287
11253
11037
11635
14246
14423
12486
13279
14907
13470
11698
12631
13641
11884
10261
11801
12466
9899
9405
11330
10281
8199
8838
9117
7474
6448
6345
5888
4597
3428
3571
3139
1364
1315
1911
396
-269
840
366
-829
-439
39
-853
-1916
-1866
-1768
-3152
-4697
-4739
-5175
-7467
-8998
-9148
-10798
-13181
-14084
-15060
-16932
-18357
-19018
-19336
-19980
-20302
-19127
-18526
-18804
-16596
-13942
-13817
-11845
-7364
-5561
-4647
-771
2938
4070
5252
8332
11170
11176
11000
13704
15127
12887
12597
15034
14329
11597
12122
13698
12123
10033
10914
11887
9888
8505
9961
9841
7631
7610
8414
7088
5794
5985
5652
4346
3901
4042
3234
2369
2406
2663
1992
827
1696
2534
354
13
1971
593
-1401
-624
-409
-2098
-3794
-3995
-4167
-6438
-8519
-8888
-10000
-12538
-14434
-14871
-16097
-18618
-19307
-18883
-20284
-21083
-19369
-18727
-19676
-17835
-14559
-14429
-13581
-8721
-5877
-5932
-2609
2485
3941
4140
7325
11178
11494
10434
12804
15654
13789
11807
14396
15328
11758
10876
13356
12471
9492
10048
11861
10428
8581
9736
10483
8727
8037
8783
8028
6753
6661
6352
5168
4371
4261
3658
2389
2146
2590
1437
269
1466
1900
-48
-286
1501
1002
-1017
-805
188
-1282
-3468
-3390
-3211
-5697
-8046
-8017
-8853
-11944
-13981
-14257
-15693
-18313
-19390
-19146
-20057
-21419
-20375
-18555
-19445
-19384
-15225
-13331
-14453
-10706
-5451
-5454
-4109
1506
4210
4492
6776
9917
11995
11526
11083
14350
15226
11491
11992
15093
12875
10018
11704
12965
10699
9229
11008
11604
9212
8917
10739
9650
7932
8889
8824
7171
6971
6781
5663
4948
4237
3755
3187
1879
1961
2225
304
102
1738
296
-1275
317
568
-1283
-1528
-801
-1292
-2959
-4021
-3629
-4662
-7512
-8297
-8228
-10746
-13327
-13704
-14580
-17140
-18757
-18634
-19040
-20534
-20652
-18699
-18424
-19657
-16727
-13142
-14472
-12836
-6577
-5380
-5750
-703
3477
3598
4769
8333
11224
10902
10115
13132
15174
11954
10912
14368
13892
10041
10511
12935
11193
8432
9763
11475
9226
7692
9692
9849
7698
7922
8799
7684
6973
7017
6379
5745
5161
4679
4422
3331
2814
3398
2217
1099
2492
2421
396
910
2325
746
-713
548
433
-1809
-2461
-2461
-3777
-5666
-7447
-8036
-9003
-12250
-13939
-13640
-15994
-18927
-18903
-18870
-20615
-21502
-19925
-18579
-19856
-19300
-14814
-13583
-14919
-10433
-5293
-6054
-4575
1261
3589
3508
5810
9355
11189
10143
10498
14187
13986
10461
12065
14586
11476
9259
11601
11973
9112
8738
10785
10319
8396
9149
10408
9135
8307
9263
8963
7718
7689
7670
6630
5762
5575
5202
3959
3041
3483
3124
1347
1480
2585
1112
-49
1329
1195
-574
-541
9
-906
-2250
-2943
-3055
-4198
-6554
-7504
-8005
-10745
-13021
-13441
-15330
-17941
-18739
-19328
-20377
-20973
-20932
-19609
-19066
-19679
-16740
-13367
-14422
-12429
-6436
-5450
-5568
-425
3486
3452
5090
8603
10549
10642
10269
12303
14608
11538
10218
14499
12763
8695
11481
12068
9272
9373
9837
10295
9594
8066
10054
10409
7898
9090
10007
7884
7641
8106
6849
5647
5171
4955
4197
2720
2582
3237
1644
423
2041
1675
-591
245
1323
-287
-1147
-595
-798
-2077
-3275
-3472
-4136
-6119
-7519
-8174
-9654
-11827
-13416
-14287
-15795
-17847
-18668
-18634
-19599
-20707
-19614
-18142
-19073
-18515
-14568
-13425
-14094
-9795
-5447
-5663
-3465
1693
3799
4510
6803
9839
11602
10830
11330
14179
13604
11107
12332
13763
11484
9676
11080
11440
8903
8209
9953
9352
7539
8379
9161
7740
7497
8304
7429
6774
7152
6555
5790
5364
4861
4784
3801
2691
3615
3349
1301
1825
2897
1256
456
1623
1436
267
195
421
-102
-1166
-2075
-2376
-3356
-5349
-6408
-7263
-9359
-11124
-12407
-14067
-15707
-17476
-18668
-19067
-20214
-21022
-19733
-18848
-20003
-18722
-14598
-14464
-14812
-9161
-5877
-6815
-2968
1958
2896
4263
6889
9543
11121
10266
11155
14170
13036
10409
12171
13393
10403
9046
10942
10712
8274
8361
9951
8971
7772
9067
9249
8091
8733
8766
7584
8045
7899
6469
6529
6283
5158
5012
4173
3278
3846
2810
1264
2483
2684
498
561
1836
724
-422
215
265
-861
-1667
-1946
-2555
-3898
-5366
-6419
-7462
-9225
-11632
-13015
-13696
-16183
-18555
-18398
-18787
-20829
-21116
-19059
-18638
-20229
-17911
-13602
-14355
-14054
-8135
-5340
-5744
-2296
2207
3863
4557
6577
9996
11290
9658
10733
13992
12568
9615
11653
13251
9994
8474
10823
10755
7864
8004
10172
9020
7572
9140
9238
8194
8888
8460
7787
8410
7455
6552
6958
5957
4972
4957
3919
3049
3158
2222
1045
1559
1534
-77
0
992
-149
-968
-80
-303
-1440
-1728
-1998
-2828
-3790
-5214
-6550
-7225
-9098
-11726
-12448
-13463
-16507
-18175
-18139
-19150
-20880
-20795
-18819
-18949
-20215
-16821
-13303
-14694
-12898
-6864
-5419
-5486
-1121
2928
3980
4998
7432
10597
11121
9454
11492
14241
11387
9362
12439
12535
8658
8647
11028
9640
7270
8323
9729
8452
7461
8699
9257
8329
8249
8694
8555
8146
7397
7168
7193
5851
5130
5604
4384
3286
3999
3105
1629
2459
2431
811
1128
1886
812
288
748
246
-530
-991
-1864
-2568
-3423
-5357
-6621
-7212
-9660
-12221
-12701
-14085
-17067
-18293
-18246
-19526
-21133
-20599
-18753
-19274
-20280
-16569
-13608
-15524
-13046
-6798
-6195
-5937
-891
2800
3616
4756
7543
10698
10606
9341
11970
14130
11044
9631
13036
12556
8365
9334
11746
9177
7264
9190
9865
8202
7853
9198
9460
8402
8208
8876
8778
7826
7284
7530
7066
5629
5282
5321
3863
3121
3553
2248
1184
2196
1477
-152
953
1318
-388
-160
532
-570
-1259
-1589
-2393
-3129
-4535
-6095
-6776
-8060
-10566
-12192
-12621
-14512
-17349
-17995
-17825
-19525
-21130
-19784
-17902
-19342
-19606
-14830
-12940
-14871
-10949
-5266
-5684
-4663
987
3862
4134
5794
8872
11500
10559
9631
13087
13788
9976
10181
12877
10867
7540
9022
10471
7448
6426
8404
8170
7018
6835
7981
8546
6748
7305
8512
6692
6809
7048
5735
6242
5097
4167
5421
3525
2603
4205
2508
1691
3368
2497
1576
2690
2506
1527
1905
1849
729
430
-33
-1344
-2107
-3339
-5128
-6090
-7669
-10033
-11495
-12794
-14815
-16839
-18018
-18540
-19799
-21132
-20187
-18855
-20038
-19780
-15742
-14448
-15569
-11418
-6589
-6706
-4800
185
2529
3399
5067
7752
10306
9742
9155
12154
12958
9737
9763
12424
10790
7901
9365
10661
8253
7075
8963
9295
7410
7679
9419
8605
7426
8438
8642
7596
7378
7213
6777
6221
5264
5359
5366
3622
3522
4601
2988
2181
3644
2845
1707
2771
2600
1672
2014
1648
951
894
-115
-1118
-1473
-2913
-4506
-5461
-7129
-9171
-10896
-12564
-14157
-15968
-17927
-18819
-19172
-20986
-21448
-18907
-19471
-20872
-16365
-14019
-16030
-12356
-7262
-7089
-5286
-892
1732
3300
4861
7056
9798
10143
9224
11392
13174
10564
9719
12322
11381
8652
9623
10525
8648
7710
8678
8888
7863
7721
8700
8441
7453
7963
8322
7222
6801
7176
6636
5558
5123
5390
4860
3197
3135
3928
2220
1192
2689
2146
828
1571
1507
1140
1397
628
794
1193
-581
-1348
-966
-2665
-4703
-5396
-6435
-8557
-10853
-12084
-12977
-15480
-17851
-17877
-18373
-20777
-21024
-18601
-18824
-20490
-17274
-13586
-14871
-13412
-7544
-5711
-5600
-1757
2095
3565
4379
6302
9604
10427
8729
10460
13030
10552
8696
11203
11336
8198
7945
9758
8630
6624
7619
8666
7682
7141
7844
8465
7773
7509
8658
8183
7531
7990
7035
6833
6610
5132
5808
5006
3133
4839
3965
1707
3734
3658
1581
2554
3000
2174
2070
1782
1785
1534
146
-518
-804
-2501
-4246
-5149
-6532
-8732
-11100
-12716
-13810
-16218
-18778
-18883
-19028
-21468
-21937
-19220
-19279
-21171
-17944
-14026
-15477
-14392
-8177
-6116
-6584
-2648
1612
2802
3612
5770
9174
10153
8309
10019
13145
10871
8689
11453
12117
8688
8104
10261
9384
6988
7768
9359
8210
7276
8507
8674
7745
8086
8403
8068
7935
7374
7160
7233
5971
5527
6178
4674
3611
4797
3749
2076
3421
3569
1824
2222
2992
2258
1816
1779
1777
1512
276
-539
-520
-1800
-4038
-5099
-5754
-8072
-10942
-11878
-12580
-15497
-17861
-17897
-18615
-20731
-21288
-19383
-18573
-20294
-18853
-14223
-14219
-15056
-9622
-5632
-6514
-4075
813
2608
3140
4846
8146
10312
8571
8836
12682
11610
8264
10458
12195
9053
7784
9731
9408
7257
7431
8748
8188
7319
8041
8576
8099
8080
8377
8294
8128
7634
7298
7336
6421
5763
6090
4872
3682
4598
3915
2142
3050
3467
1764
1785
2546
1681
1106
1230
1009
605
-210
-956
-1326
-2459
-4140
-5295
-6276
-8034
-10432
-11954
-12754
-15006
-17630
-17951
-18013
-20148
-21087
-18919
-18200
-20062
-18291
-13931
-14339
-14699
-9225
-6110
-6846
-3867
347
1964
3023
4425
7393
9667
8072
8363
12051
11235
7997
9959
12076
8907
7270
9690
9617
7205
7336
9025
8897
7441
7936
9519
8855
8151
9187
9411
8692
8330
8387
7929
6738
6720
6616
5215
5105
4985
3781
3599
3535
3347
2938
2121
2784
2658
1124
1485
1467
69
-548
-1389
-2379
-3435
-5228
-6577
-7747
-9516
-11700
-13417
-14102
-16105
-18772
-18626
-18444
-20786
-21422
-18933
-18371
-20195
-17994
-13601
-14162
-14174
-8577
-5655
-6410
-3312
1179
2527
3186
4981
7880
9529
7893
8367
11856
10498
7412
9993
11574
8129
7420
10001
9502
7374
8155
9899
9257
8240
9407
10306
9409
9400
10234
9871
9387
9262
8663
8198
7536
6681
6572
5707
4279
4632
4413
2566
2942
3881
2202
1747
3059
2365
1468
2121
1979
1008
372
-387
-1370
-2576
-4322
-5903
-6982
-8993
-11685
-12958
-13913
-16413
-18411
-18580
-19159
-20902
-21290
-19438
-18756
-20150
-18229
-13961
-14426
-14384
-8668
-6202
-6641
-2909
422
1855
3679
4479
7106
9579
7670
8144
11647
10351
7831
10053
11386
8436
7759
10012
9097
7196
8301
9225
8440
8167
8956
9364
8784
8862
9547
9118
8612
8734
8321
7664
7181
6725
6294
5262
4458
4792
4082
2621
3408
4029
2261
2203
3593
2396
1406
2402
1887
663
378
-571
-1626
-2611
-4551
-5990
-6948
-9195
-11706
-12875
-14048
-16608
-18456
-18418
-19087
-20891
-20986
-19087
-18664
-19912
-17798
-14035
-14595
-14226
-8813
-6156
-6584
-3250
1015
2107
2903
5173
7832
8969
8034
8886
11576
10377
8058
10331
11437
8288
7891
9979
8823
7066
8282
9258
8270
8077
9160
9204
8605
9227
9670
8875
8911
9161
8025
7526
7617
6862
6208
5406
4859
4998
3907
2991
3577
3341
2251
1905
2588
2351
806
1480
2064
-347
-826
-462
-2705
-3708
-4263
-6662
-7959
-9127
-11808
-13410
-14137
-16258
-18442
-18684
-18956
-20843
-21052
-18748
-18663
-20011
-17201
-13663
-14441
-13411
-8058
-5794
-5902
-2466
1574
2825
3595
5588
8466
9522
7989
9133
12224
10275
7636
10536
11474
7606
7523
10066
8423
6506
8029
8855
7763
7719
8966
9157
8663
9537
9890
8979
9359
9340
8037
8021
7769
6614
6398
5717
4717
4764
4022
2855
3362
3619
2219
2157
3334
2459
1585
2512
2160
1033
764
-69
-1125
-2157
-3874
-5421
-6706
-8554
-11014
-12719
-13553
-15925
-18354
-18387
-19005
-20917
-20946
-19350
-19136
-20026
-17866
-14508
-15007
-14078
-8815
-6786
-6848
-3168
500
1780
2887
4563
7855
9307
6951
8579
12416
9450
7132
11067
11300
7424
7926
10066
8439
6842
8149
8791
8033
8054
8345
8634
8899
8493
8490
8949
8647
7922
7537
7476
6872
5984
5796
5143
4234
4472
3901
2751
3566
3858
2464
2796
3624
2657
2404
2804
2083
1646
1113
-279
-754
-1468
-3881
-5408
-6070
-8632
-11401
-12307
-13665
-16092
-17719
-18437
-18949
-20278
-21043
-19000
-18494
-20221
-17378
-13895
-15350
-13885
-8424
-7057
-6979
-3190
249
1324
2504
4449
7143
8589
7227
8147
11490
9819
7335
10527
11496
7854
7850
10171
9014
7081
8087
9434
8283
7453
8849
9178
8188
8700
9369
8745
8526
8603
8017
7641
7218
6431
6195
5424
4359
4925
4498
2800
3606
4209
2455
2309
3453
2938
1753
2039
2715
1154
-281
216
-1031
-3236
-3932
-5307
-7299
-9005
-11062
-12573
-14029
-16182
-17671
-18230
-19013
-20409
-20459
-18695
-18860
-19864
-16938
-14085
-15065
-13373
-8163
-6708
-6633
-2637
819
1418
2604
4842
7429
8307
6818
8371
11252
8673
6761
10113
10230
6517
6961
9339
7696
5829
7738
8890
7314
7288
9070
9242
8370
9319
10498
9487
9269
10148
9198
8557
8620
7849
7688
6583
5230
6200
5167
2976
4439
4762
2405
2772
4019
2918
2154
2638
2486
1551
552
-168
-881
-2357
-4033
-5237
-6922
-9069
-10808
-12532
-14392
-16249
-18060
-18902
-19450
-20931
-20747
-18778
-19439
-20097
-16463
-14517
-15925
-13046
-8066
-7511
-6702
-2463
535
1448
2507
4810
7740
7630
6187
8682
10539
7631
6853
10029
9601
6135
7167
9511
7221
6001
8338
8406
7028
7786
8931
8514
8075
9277
9579
8409
9010
9420
8114
8023
8041
7283
7017
5930
5301
5961
4583
3263
4705
4435
2456
3209
4178
2828
2148
2792
2554
1285
485
192
-1077
-2792
-3915
-5585
-7701
-9277
-11248
-13490
-14813
-16289
-18263
-18923
-19275
-20670
-20263
-18538
-19299
-19166
-15440
-14155
-14964
-11379
-7359
-7329
-5782
-1765
398
1341
2589
4722
7386
7229
6129
8802
10289
7125
6946
10192
8723
5697
7587
9025
6648
6116
8396
8639
7022
7896
9705
8484
8012
10130
9733
8452
9610
9386
8024
8263
7899
7278
7191
5655
5149
6024
4168
2899
4673
4060
2060
3059
3695
2193
2050
2881
1963
758
646
-173
-1579
-2609
-4038
-5529
-7150
-9344
-11140
-12967
-14879
-16322
-18145
-19106
-19286
-20750
-20436
-18277
-19283
-19458
-15284
-14102
-15216
-11268
-7129
-7193
-5555
-1582
555
1507
2827
5129
7682
7309
6126
8862
10302
6825
6908
10425
8327
5287
7616
8610
6186
6121
8007
8027
7097
7805
9000
8815
8828
9655
9752
9569
9539
9116
8991
8774
7844
7590
7241
5600
5285
5838
4158
3325
4799
3913
2133
3270
3710
2243
2346
2975
2240
1506
1047
271
-562
-1754
-3477
-4891
-6233
-8556
-10960
-12248
-13681
-16288
-18339
-18580
-19241
-21250
-20958
-18671
-19240
-19974
-16612
-14401
-15085
-12566
-8252
-7041
-5930
-2563
222
1594
2606
4418
7333
7656
6062
8410
10344
7222
6778
9752
8678
5888
7004
8733
6435
5335
8188
7523
5717
8050
8437
7586
8811
8975
9463
9713
8700
9682
9815
8223
8440
8678
7608
6292
5971
6486
4874
3515
4938
4321
2343
3224
3644
2166
2097
2512
1672
997
608
-246
-1234
-2403
-3901
-5385
-6697
-8542
-10920
-12180
-13223
-15880
-17694
-17685
-18920
-20829
-20174
-18417
-19007
-19456
-16212
-13666
-14549
-12733
-7913
-6469
-6284
-3000
452
1641
1795
3602
7315
7437
5048
7843
10682
7052
5943
9745
8856
5508
6917
8457
6497
5713
7335
7812
6879
7130
8392
8604
8321
9071
9890
9419
9073
9946
9837
8503
8507
8930
7793
6462
6391
6516
5143
3907
4816
4696
2592
2794
3922
2498
1843
2773
2028
1159
976
-201
-1018
-1686
-3614
-5371
-6326
-8008
-11174
-12757
-12599
-15883
-18927
-17381
-18374
-21641
-20510
-18215
-19013
-20057
-17043
-13422
-14564
-13699
-7934
-6002
-6450
-3249
477
1950
2027
3376
7079
7736
5191
7076
10281
7388
5404
9008
9052
5341
6231
8247
6432
5523
7089
7522
7038
7451
8370
8891
8928
9437
10365
10340
10030
10450
10428
9556
8862
8987
8606
6559
5803
6686
5061
3251
4406
4240
2321
2607
3371
2405
1988
2616
2310
1610
1404
529
-436
-931
-2690
-4675
-5434
-7367
-10302
-11640
-12909
-15485
-17290
-17930
-18876
-20211
-20682
-19481
-18692
-19583
-18263
-14771
-14555
-14718
-10383
-7124
-7255
-5096
-1155
651
1076
2334
5282
6953
5411
5932
9102
8055
5422
7630
9119
6104
5560
7870
7108
5464
6607
8028
7447
6782
8496
9554
8113
9161
11214
9765
9392
10924
10238
9145
9049
9039
8649
7027
6114
6640
5659
3883
4213
4886
3294
2361
3646
3157
1841
2621
2536
1510
1342
431
-570
-1116
-2628
-4234
-5276
-6936
-9507
-11133
-11918
-14411
-16565
-16826
-18070
-19363
-19675
-19576
-18229
-18419
-18859
-15387
-13635
-14751
-11793
-7665
-6989
-6007
-2809
131
1203
1482
3682
6714
6367
5121
7812
9368
6478
6402
9034
7635
5697
7079
7535
6408
6497
7320
7914
7957
7834
8825
9669
9123
9538
10798
10180
9431
10317
10214
8826
8544
8996
8102
6012
5709
6570
4701
3101
4652
4406
2510
2906
3292
2521
2373
2335
2140
1819
907
-20
-712
-1918
-3666
-5002
-6368
-8880
-11109
-12297
-14266
-16784
-17972
-18387
-19777
-21107
-20269
-19062
-19471
-19254
-16915
-14587
-14170
-13150
-8991
-6025
-6144
-3840
477
1843
1697
3548
6791
7540
5580
6741
9708
7741
5557
8221
8845
6100
6115
7421
6803
6171
6758
7781
8000
7812
8702
9389
9174
9728
10486
10272
9970
10227
10271
9359
8660
9073
8561
6480
5868
6632
5080
3176
4448
4717
2509
2573
3444
2467
2260
2611
2235
2193
1691
513
-1
-724
-2537
-4128
-5330
-7565
-10044
-11517
-13352
-15639
-17066
-18315
-19516
-20159
-20542
-19899
-18984
-19301
-18160
-15264
-14669
-14105
-10099
-7101
-6790
-4802
-1175
813
1063
2302
5427
6691
5088
5793
8527
7570
5339
7005
8317
6010
5253
7039
6974
5814
6386
7625
7785
7532
8234
9240
9452
9524
10137
10880
10633
9928
10608
10510
8483
8517
9235
6839
5478
6815
5783
3388
4137
5012
3074
2387
3571
2980
2142
2573
2291
1817
1505
396
-344
-938
-2696
-4301
-5327
-7362
-9806
-11299
-12889
-14960
-16390
-17618
-18724
-19206
-19915
-19806
-18419
-18454
-18245
-15211
-13443
-13522
-10708
-6937
-5949
-4947
-1940
730
1395
1559
3948
6564
5471
4666
7635
8220
5432
6094
8334
7047
5687
6882
7558
6764
6579
7677
8502
8209
8274
9400
10000
9634
10074
11046
10518
9792
10316
9991
8726
8584
8738
7452
6026
6189
5834
4020
3946
4561
3226
2633
3115
2545
2328
2464
1907
1852
1591
290
-363
-868
-2690
-4422
-5480
-7296
-9710
-11567
-13045
-14788
-16494
-17869
-18893
-19376
-20067
-20306
-18711
-18147
-18653
-16063
-13593
-13931
-11850
-7766
-6190
-5325
-2711
303
1627
1782
3818
6773
6518
5384
7641
9090
6712
6408
8816
8184
6296
6971
7886
7375
6826
7550
8764
8499
8137
9343
9859
9420
10079
10739
10204
9877
10189
9822
8626
8213
8485
7223
5472
5767
5822
3947
3452
4485
3774
2450
2762
3175
2644
2217
2197
2106
1624
657
-287
-821
-1854
-3863
-5390
-6530
-8917
-11229
-12389
-14200
-16377
-17699
-18726
-19457
-20081
-20324
-18992
-18178
-18719
-16785
-13796
-13761
-12740
-8558
-6442
-6317
-3809
-368
872
1111
3012
5841
6181
4986
6513
8603
6952
5751
8129
8368
6034
6559
7963
7231
6653
7353
8509
8570
7919
9291
10427
9161
9582
11285
10358
9285
10260
10324
8732
8055
8572
7918
6062
5716
6385
5121
3542
4282
4665
3088
2662
3655
3215
2029
2214
2392
1158
137
-107
-1189
-2991
-4309
-5597
-7484
-9471
-11098
-12611
-14359
-16063
-17358
-18219
-18743
-19475
-19789
-18485
-17746
-18416
-16499
-13196
-13113
-12420
-8290
-5943
-5616
-3449
-463
1528
1997
2555
5683
7143
4932
6043
9203
7391
5581
8190
8864
6555
6700
8288
7788
6839
7752
8912
8494
8301
9593
10045
9306
9918
11120
10388
9359
10208
10341
8323
7643
8664
7718
5581
5532
6048
4478
3032
3707
3928
2566
1903
2391
2403
1531
1166
1454
898
-98
-960
-2105
-2893
-4362
-6703
-7767
-9250
-12016
-13334
-14363
-16256
-17328
-18102
-18856
-19118
-19284
-18488
-17512
-17572
-15929
-13016
-12615
-11668
-7322
-4944
-5229
-2581
1273
1886
1725
3912
6576
6509
5282
7078
9140
7170
6084
8611
8729
6295
6697
8316
7650
6773
7762
8922
8579
8191
9286
9942
9308
9871
11050
10336
9558
10279
10093
8464
7720
8097
7181
4982
4697
5365
3624
2268
3388
3197
1578
1594
2148
1675
1182
1132
969
448
-452
-1521
-2336
-3299
-5043
-6768
-8001
-9770
-11908
-13271
-14472
-16257
-17585
-18032
-18704
-19475
-18935
-17811
-17748
-17074
-14466
-12808
-12411
-9937
-6565
-5297
-4320
-1578
1153
1958
2214
4392
6771
6070
5289
7638
8385
5901
6087
8146
6981
5450
6558
7372
6797
6501
7431
8741
8476
8057
9637
10289
9167
9815
10892
9797
9144
9718
9153
7890
7624
7776
6621
5089
5290
5246
3451
2972
4045
3428
1876
2271
3021
1873
1278
1999
1381
264
-212
-1232
-2379
-3728
-5542
-6741
-8263
-10508
-12024
-13469
-15279
-16564
-17696
-18475
-18748
-19206
-18625
-17345
-17323
-16208
-13302
-12245
-11413
-8129
-5669
-4702
-2431
229
1820
2905
3934
5706
7175
6450
6447
8505
8078
6176
7421
8453
6758
6484
7539
7231
6966
7202
7495
8351
8199
7730
9096
9481
8456
9210
9710
8625
8567
8633
7576
7004
6750
5957
5144
4515
4086
3683
2877
2498
2823
2425
1812
2343
2528
1722
1614
1833
1137
243
-457
-1260
-2229
-3862
-5529
-6514
-8275
-10526
-11775
-13285
-15154
-16203
-17150
-17766
-18038
-18480
-17551
-16460
-16656
-14813
-12010
-11739
-10084
-6167
-4873
-4082
-883
1238
2005
3372
4552
6058
6930
5914
6837
8736
7025
6073
8130
7737
6123
6914
7539
7062
7071
7394
7921
8349
8200
8423
9220
9254
8811
9054
9132
8528
8198
7729
6745
6301
5837
4500
3710
3762
3036
1984
2069
2398
1802
1416
2031
2261
1718
1686
1875
1498
1036
257
-779
-1299
-2626
-4964
-6098
-7183
-9794
-11702
-12767
-14422
-15758
-16927
-17924
-17727
-17827
-18059
-16626
-15567
-15040
-12682
-10757
-9936
-7049
-4214
-3608
-1632
1589
2610
2950
4699
6337
6470
5928
6669
7951
6939
5599
6845
7320
5526
5374
6546
6196
5701
6226
6750
7125
7334
7590
8247
8469
8361
8630
8372
7919
8194
7610
6377
6465
6351
4874
3953
3998
3739
2528
1632
2344
2460
1125
1196
2319
2015
1148
1531
2008
985
65
-100
-1122
-2472
-3854
-5388
-6376
-8245
-10402
-11108
-12609
-14618
-15150
-15916
-16879
-16782
-16515
-16166
-15549
-14461
-12513
-11126
-10064
-7437
-4935
-3821
-1985
564
2310
3230
4095
5929
7230
6381
6524
8294
7774
6091
6684
7561
6424
5413
6156
6609
5684
5537
6554
6692
6456
7101
7460
7356
7743
7893
7471
7323
7367
7032
6162
5478
5599
5085
3416
3086
3856
2738
1256
2116
2704
1414
1114
2083
2028
1346
1322
1542
1271
488
-322
-927
-1813
-3288
-4783
-5972
-7453
-9332
-10933
-12245
-13597
-14801
-15652
-16255
-16565
-16168
-15448
-15199
-14259
-11997
-10651
-10060
-7634
-4762
-3618
-2407
139
2413
3166
3510
5389
7197
6281
5766
7856
7842
5657
6367
7613
6201
5486
6238
6366
5951
5690
6316
6939
6668
7122
7755
7606
8080
8462
8047
7895
7749
7360
6557
5337
4985
4654
2932
1901
2419
1872
349
462
1285
733
185
799
1359
1192
812
872
1108
604
-347
-952
-1458
-2532
-4217
-5662
-6693
-8315
-10243
-11514
-12670
-13934
-14852
-15740
-16212
-15786
-15469
-15234
-13988
-12070
-10451
-9266
-7393
-4476
-2655
-1924
443
3202
3699
4003
6025
7521
6983
6550
7830
8371
6761
6284
7397
6724
5368
5746
6106
5584
5429
5747
6060
6142
6264
6632
6654
6678
7105
6839
6285
6536
6303
5146
4510
4354
3762
2612
1806
2015
1689
275
125
978
464
-356
197
829
485
12
263
646
74
-818
-1009
-1321
-2498
-3896
-4741
-5561
-7272
-8696
-9276
-10578
-11920
-12181
-12679
-13444
-13317
-12578
-12258
-11972
-10283
-8484
-8054
-6639
-3862
-2327
-1628
115
2416
3554
3742
4911
6575
6748
6247
6898
7690
6847
5970
6674
6739
5564
5299
5788
5667
5019
4989
5581
5355
4928
5548
5655
5102
5587
5762
5064
5005
4915
4365
3759
3150
3008
2514
1364
1215
1598
645
-264
458
622
-407
-457
156
-9
-563
-624
-333
-655
-1483
-1730
-1959
-2931
-3839
-4507
-5356
-6259
-7229
-8224
-8939
-9486
-10277
-11086
-11304
-11228
-11279
-11039
-10315
-9159
-7888
-6991
-5736
-3751
-2353
-1456
128
1787
2714
3498
4568
5600
6113
6258
6857
7470
7076
6583
6852
6791
5948
5548
5801
5715
5071
4920
5363
5152
4748
4958
5211
4910
4643
4774
4618
4197
3741
3637
3130
2167
2197
1768
632
563
562
-326
-768
-604
-821
-1202
-1403
-1225
-848
-1163
-1593
-1067
-861
-1723
-1972
-1660
-2287
-3324
-3798
-4243
-5335
-6481
-6991
-7639
-8692
-9131
-9266
-9728
-9824
-9366
-8940
-8668
-7949
-6591
-5723
-5156
-3403
-1572
-941
191
2228
3400
3856
4889
6169
6657
6502
6792
7354
7019
6428
6578
6472
5850
5577
5239
4758
4624
4263
3855
3983
3929
3712
3769
3566
3470
3624
3016
2477
2738
2274
1357
1369
1312
657
232
21
-97
-357
-1043
-1260
-942
-1296
-1868
-1602
-1259
-1510
-1712
-1512
-1280
-1494
-1949
-1902
-1866
-2631
-3167
-3145
-3796
-4632
-4827
-5397
-6137
-6229
-6650
-7081
-6776
-6830
-6730
-6062
-5862
-4982
-3704
-3529
-2415
-556
-236
387
2096
2904
3218
4030
4872
5391
5508
5627
6162
6220
5450
5364
5674
4794
4121
4444
3933
3118
3197
3080
2627
2560
2586
2452
2148
1984
2137
1903
1455
1562
1509
1014
809
711
505
121
-461
-464
-523
-1463
-1653
-1178
-1800
-2292
-1746
-1742
-2230
-2119
-1892
-2051
-2195
-2091
-2044
-2266
-2397
-2373
-2655
-3031
-3148
-3441
-3980
-4279
-4403
-4714
-5011
-4980
-4880
-4869
-4690
-4359
-3855
-3197
-2798
-2215
-938
-103
238
1427
2609
2917
3524
4452
5024
5268
5273
5691
6105
5510
5254
5724
5206
4313
4348
4249
3345
2742
2842
2558
1748
1619
1943
1522
985
1266
1422
858
557
816
760
97
-265
124
-93
-1203
-1243
-787
-1777
-2474
-1884
-2127
-2890
-2680
-2450
-2725
-2761
-2535
-2352
-2288
-2246
-1991
-1739
-1780
-1784
-1646
-1816
-2110
-2163
-2389
-2795
-2896
-2984
-3337
-3518
-3443
-3476
-3527
-3276
-2819
-2402
-2001
-1391
-557
104
581
1423
2399
2828
3227
4104
4668
4729
5005
5348
5378
5209
4940
4806
4617
3972
3526
3491
3031
2393
2209
2043
1559
1106
1012
977
528
186
282
12
-462
-407
-457
-885
-1056
-1096
-1282
-1575
-1890
-2006
-2234
-2681
-2699
-2564
-2772
-2799
-2511
-2334
-2241
-2044
-1680
-1363
-1310
-1151
-800
-775
-871
-680
-616
-797
-825
-791
-946
-1164
-1250
-1237
-1385
-1571
-1458
-1362
-1506
-1465
-1123
-819
-760
-480
346
753
813
1698
2429
2323
2699
3329
3327
3275
3520
3702
3587
3429
3490
3365
2969
2725
2500
2122
1747
1424
1147
798
402
247
146
-217
-455
-421
-625
-1005
-1131
-1187
-1451
-1750
-1833
-1835
-2075
-2358
-2285
-2188
-2394
-2386
-2039
-1999
-2160
-1973
-1794
-1911
-1845
-1534
-1344
-1221
-940
-614
-474
-407
-165
53
-3
-20
183
190
-42
-4
170
-4
-218
-111
-39
-187
-198
70
267
220
340
765
955
924
1269
1737
1767
1777
2186
2497
2462
2552
2882
2982
2746
2706
2885
2638
2203
2230
2167
1588
1240
1220
835
229
-21
-105
-558
-1165
-1330
-1414
-2007
-2437
-2330
-2465
-2826
-2805
-2636
-2763
-2972
-2828
-2687
-2923
-2841
-2438
-2449
-2414
-2013
-1802
-1673
-1319
-915
-638
-456
-165
196
387
529
839
1133
1148
1106
1294
1390
1212
1141
1251
1205
972
909
1031
924
695
761
884
810
834
1052
1197
1246
1433
1733
1898
2012
2264
2452
2428
2428
2507
2411
2166
2038
1940
1640
1310
1129
853
391
-17
-350
-749
-1177
-1536
-1802
-2069
-2398
-2657
-2831
-3056
-3272
-3352
-3369
-3418
-3465
-3416
-3306
-3254
-3161
-2932
-2770
-2664
-2368
-2040
-1882
-1631
-1191
-846
-579
-127
371
641
885
1350
1727
1864
2129
2483
2543
2502
2631
2673
2547
2536
2633
2579
2430
2382
2304
2074
1908
1847
1687
1523
1511
1449
1271
1232
1330
1287
1181
1278
1326
1127
1062
1096
864
581
410
128
-233
-513
-716
-943
-1205
-1401
-1600
-1871
-2088
-2270
-2498
-2688
-2803
-2908
-3008
-3039
-3005
-2982
-2963
-2883
-2778
-2697
-2614
-2508
-2378
-2227
-2043
-1806
-1551
-1324
-1099
-820
-534
-276
7
313
577
825
1113
1413
1695
1992
2288
2528
2704
2833
2930
3001
3040
3042
3029
3016
2963
2866
2792
2726
2576
2375
2201
1994
1725
1521
1403
1252
1113
1084
1030
864
716
612
432
186
17
-107
-333
-561
-717
-971
-1289
-1538
-1772
-2004
-2195
-2368
-2540
-2727
-2878
-2951
-2995
-3021
-3019
-3025
-3028
-3009
-2963
-2881
-2777
-2652
-2496
-2323
-2154
-1976
-1756
-1501
-1223
-941
-704
-486
-286
-123
94
384
620
841
1150
1469
1675
1870
2165
2364
2446
2690
2971
3095
3256
3453
3509
3493
3478
3418
3310
3145
2930
2713
2516
2325
2154
2018
1882
1724
1568
1398
1193
965
721
445
166
-78
-294
-492
-672
-853
-1046
-1258
-1503
-1765
-2009
-2229
-2434
-2626
-2813
-3001
-3168
-3327
-3496
-3642
-3720
-3740
-3723
-3651
-3523
-3368
-3204
-3027
-2843
-2644
-2424
-2184
-1926
-1675
-1436
-1182
-926
-668
-372
-50
267
591
925
1263
1582
1874
2142
2399
2659
2910
3122
3296
3447
3567
3655
3715
3738
3725
3690
3622
3501
3336
3135
2898
2643
2391
2139
1879
1616
1357
1114
882
645
412
207
30
-137
-305
-476
-659
-842
-1010
-1171
-1344
-1530
-1731
-1947
-2147
-2304
-2440
-2588
-2732
-2860
-2994
-3120
-3183
-3185
-3159
-3110
-3042
-2956
-2841
-2688
-2512
-2321
-2121
-1934
-1775
-1637
-1499
-1344
-1157
-933
-683
-420
-153
122
403
701
991
1279
1554
1815
2093
2368
2660
2927
3130
3288
3377
3406
3385
3308
3197
3093
2965
2801
2625
2452
2310
2164
2012
1857
1680
1502
1289
1051
812
589
422
272
123
-10
-161
-327
-494
-662
-842
-1023
-1198
-1375
-1539
-1695
-1848
-1988
-2116
-2214
-2290
-2354
-2408
-2451
-2490
-2520
-2533
-2523
-2504
-2484
-2445
-2365
-2248
-2117
-1983
-1833
-1692
-1579
-1500
-1431
-1319
-1168
-968
-727
-467
-198
55
317
585
840
1104
1349
1600
1858
2080
2288
2469
2622
2754
2833
2873
2905
2914
2876
2807
2720
2598
2460
2322
2194
2057
1922
1806
1682
1557
1418
1253
1096
936
774
596
407
202
-19
-254
-513
-773
-978
-1125
-1240
-1325
-1385
-1460
-1564
-1683
-1801
-1905
-1992
-2068
-2121
-2163
-2200
-2244
-2291
-2309
-2329
-2336
-2330
-2326
-2276
-2206
-2114
-1996
-1902
-1830
-1774
-1716
-1620
-1475
-1279
-1052
-799
-530
-262
3
253
499
749
994
1216
1416
1601
1781
1956
2122
2281
2442
2584
2682
2725
2727
2721
2717
2704
2677
2630
2575
2500
2392
2257
2094
1912
1746
1594
1442
1302
1146
974
791
578
337
89
-158
-385
-587
-769
-927
-1051
-1141
-1208
-1282
-1368
-1454
-1520
-1563
-1605
-1680
-1781
-1885
-1987
-2080
-2140
-2184
-2236
-2268
-2266
-2263
-2247
-2203
-2151
-2087
-2000
-1897
-1780
-1668
-1563
-1433
-1283
-1114
-917
-695
-462
-214
53
317
548
748
927
1088
1233
1389
1557
1715
1864
2010
2145
2260
2356
2438
2488
2499
2491
2459
2403
2356
2293
2183
2071
1957
1835
1735
1625
1459
1257
1052
874
734
626
535
437
298
117
-79
-281
-470
-624
-743
-854
-968
-1075
-1180
-1289
-1404
-1512
-1604
-1682
-1753
-1823
-1906
-2012
-2123
-2202
-2239
-2249
-2240
-2220
-2212
-2216
-2198
-2141
-2031
-1876
-1709
-1551
-1397
-1235
-1064
-882
-688
-504
-349
-200
-34
138
321
527
761
1004
1228
1438
1623
1763
1881
1981
2065
2159
2256
2344
2408
2429
2418
2400
2382
2353
2319
2293
2237
2129
2006
1865
1685
1506
1355
1202
1043
876
691
507
328
168
39
-87
-241
-409
-602
-809
-1011
-1213
-1404
-1567
-1700
-1807
-1896
-1976
-2051
-2121
-2172
-2203
-2235
-2284
-2340
-2389
-2427
-2443
-2417
-2348
-2254
-2144
-2015
-1871
-1725
-1586
-1445
-1293
-1132
-969
-793
-581
-346
-114
101
289
447
606
788
977
1168
1381
1596
1773
1929
2100
2275
2413
2499
2531
2520
2483
2439
2402
2392
2411
2443
2445
2394
2298
2193
2095
1988
1855
1694
1512
1317
1134
973
818
637
433
219
6
-199
-402
-613
-834
-1056
-1271
-1473
-1659
-1843
-2025
-2179
-2283
-2342
-2367
-2391
-2433
-2463
-2472
-2481
-2451
-2400
-2379
-2346
-2272
-2213
-2154
-2042
-1895
-1716
-1513
-1323
-1145
-964
-767
-569
-390
-240
-93
62
239
455
667
886
1096
1290
1475
1620
1737
1835
1932
2029
2125
2232
2320
2368
2389
2401
2400
2386
2355
2307
2239
2151
2042
1924
1814
1717
1612
1482
1319
1137
951
762
568
373
187
30
-132
-297
-454
-638
-822
-1013
-1202
-1367
-1524
-1665
-1807
-1956
-2096
-2204
-2299
-2391
-2439
-2446
-2417
-2337
-2257
-2191
-2126
-2085
-2061
-2013
-1947
-1851
-1705
-1543
-1385
-1223
-1069
-899
-704
-506
-313
-126
61
264
453
594
715
853
1015
1200
1410
1616
1790
1937
2071
2176
2237
2283
2322
2348
2368
2373
2368
2360
2318
2246
2173
2033
1857
1663
1443
1260
1071
914
790
675
578
466
356
224
81
-63
-242
-444
-629
-787
-943
-1082
-1213
-1358
-1488
-1597
-1694
-1772
-1843
-1923
-2000
-2049
-2075
-2099
-2106
-2084
-2071
-2062
-2035
-1979
-1899
-1792
-1670
-1540
-1395
-1249
-1126
-1015
-894
-751
-582
-382
-186
-28
97
220
354
493
632
777
931
1093
1248
1378
1492
1608
1723
1823
1896
1943
1982
2037
2094
2126
2126
2124
2127
2107
2045
1949
1828
1685
1517
1340
1174
1031
915
817
718
611
494
353
187
11
-165
-342
-509
-650
-767
-871
-964
-1058
-1153
-1249
-1348
-1448
-1553
-1656
-1748
-1818
-1857
-1874
-1874
-1856
-1837
-1829
-1831
-1833
-1832
-1813
-1745
-1628
-1531
-1428
-1274
-1126
-978
-785
-579
-370
-171
-18
94
194
313
456
593
727
868
1005
1157
1331
1495
1629
1732
1804
1838
1834
1805
1764
1741
1749
1751
1730
1712
1702
1669
1607
1514
1385
1226
1053
877
713
592
495
393
292
200
113
23
-76
-203
-347
-476
-586
-682
-767
-849
-941
-1054
-1192
-1331
-1444
-1525
-1573
-1581
-1564
-1542
-1521
-1507
-1520
-1546
-1569
-1582
-1576
-1530
-1439
-1317
-1168
-1012
-884
-788
-698
-600
-477
-323
-157
-17
96
199
292
372
458
559
665
769
877
990
1116
1260
1401
1503
1568
1602
1594
1552
1490
1424
1390
1374
1361
1366
1369
1344
1291
1204
1109
1025
931
805
659
526
392
247
129
59
-16
-129
-263
-394
-502
-587
-676
-779
-861
-919
-983
-1051
-1112
-1179
-1246
-1294
-1325
-1346
-1348
-1332
-1317
-1298
-1266
-1233
-1208
-1181
-1147
-1093
-1026
-951
-861
-784
-731
-670
-603
-532
-437
-318
-174
-7
152
285
386
454
507
569
654
756
856
938
1009
1074
1133
1171
1195
1217
1241
1260
1257
1236
1212
1202
1199
1190
1163
1118
1065
1012
967
923
879
833
766
659
511
348
198
81
3
-46
-83
-125
-188
-261
-359
-481
-604
-715
-816
-911
-998
-1067
-1132
-1194
-1228
-1233
-1220
-1186
-1159
-1153
-1141
-1134
-1134
-1117
-1092
-1068
-1042
-995
-930
-844
-734
-641
-528
-421
-335
-234
-147
-77
5
104
193
283
389
498
601
693
777
840
878
910
949
993
1048
1107
1155
1194
1213
1207
1168
1106
1036
968
923
904
891
880
865
824
745
650
549
437
310
186
80
1
-64
-134
-204
-265
-321
-386
-456
-517
-566
-611
-663
-728
-799
-874
-944
-995
-1023
-1035
-1034
-1021
-992
-958
-929
-909
-888
-866
-836
-792
-732
-660
-578
-497
-428
-374
-328
-278
-213
-135
-46
54
143
206
238
254
277
314
362
408
452
494
540
592
649
700
739
766
784
799
811
823
834
847
855
858
844
815
778
740
705
666
621
559
477
383
305
264
250
224
180
136
81
-9
-115
-206
-272
-318
-347
-365
-378
-395
-422
-471
-536
-618
-713
-809
-881
-923
-935
-931
-933
-945
-949
-934
-896
-848
-810
-788
-775
-767
-753
-714
-650
-569
-475
-377
-297
-229
-148
-59
24
106
189
257
319
371
408
445
487
530
589
660
738
820
880
919
952
966
980
991
982
963
953
946
934
922
904
864
805
744
675
596
514
441
387
338
278
199
111
28
-45
-104
-157
-223
-294
-363
-427
-477
-520
-567
-613
-671
-734
-775
-807
-840
-867
-896
-918
-929
-946
-952
-935
-906
-867
-826
-797
-785
-771
-743
-703
-639
-544
-434
-326
-231
-146
-66
5
68
126
188
254
309
359
425
484
535
604
678
742
792
804
794
783
776
776
786
792
788
777
775
772
764
750
729
700
657
594
513
418
338
275
215
163
106
46
2
-43
-95
-149
-215
-281
-340
-396
-437
-457
-473
-491
-511
-538
-572
-591
-592
-591
-577
-568
-581
-593
-603
-624
-639
-655
-675
-677
-654
-606
-553
-512
-472
-425
-383
-345
-304
-254
-191
-121
-47
33
108
171
218
243
254
266
289
323
359
392
425
460
496
533
570
601
621
637
660
693
730
754
764
757
730
683
624
560
513
488
478
466
431
369
286
192
107
20
-62
-126
-184
-232
-266
-322
-382
-431
-486
-511
-514
-534
-535
-518
-507
-492
-497
-534
-571
-599
-640
-672
-688
-675
-625
-567
-521
-487
-476
-476
-468
-447
-410
-353
-287
-213
-135
-61
3
48
77
96
121
162
215
277
337
392
437
472
501
519
523
520
515
514
511
511
534
573
612
636
632
594
537
484
448
427
411
391
359
325
289
247
209
173
120
58
10
-17
-34
-53
-89
-140
-192
-238
-285
-330
-367
-393
-410
-424
-444
-463
-485
-511
-540
-567
-588
-586
-562
-541
-537
-532
-511
-480
-443
-399
-359
-323
-288
-257
-230
-198
-163
-119
-64
-4
44
74
108
159
180
195
235
257
281
324
346
362
386
393
395
399
403
410
409
408
419
430
445
455
448
430
408
392
397
408
401
363
314
259
208
177
163
153
132
90
42
0
-40
-86
-136
-191
-247
-293
-321
-337
-349
-363
-384
-405
-415
-421
-433
-448
-461
-480
-499
-520
-537
-535
-516
-483
-442
-399
-371
-348
-314
-285
-266
-230
-183
-145
-112
-72
-30
16
72
129
169
203
233
258
273
278
284
302
328
355
383
410
435
465
502
524
527
519
502
482
471
468
448
412
370
325
281
244
222
212
200
173
132
87
35
-7
-41
-79
-115
-141
-178
-228
-261
-282
-315
-342
-337
-336
-351
-366
-386
-418
-438
-446
-457
-468
-465
-448
-432
-407
-385
-377
-376
-369
-355
-321
-274
-235
-201
-175
-161
-146
-121
-75
-9
64
130
181
219
245
263
277
286
296
316
332
354
374
383
395
405
407
407
393
371
355
345
346
355
355
349
337
321
313
314
315
311
295
266
223
167
107
47
1
-35
-67
-106
-149
-188
-221
-250
-272
-299
-330
-360
-394
-418
-423
-431
-429
-407
-386
-373
-370
-380
-389
-390
-379
-349
-303
-265
-243
-227
-210
-193
-181
-179
-183
-187
-185
-170
-139
-92
-39
15
65
110
152
205
258
302
344
368
379
386
382
385
409
420
426
426
412
409
412
399
374
336
300
279
266
247
220
189
160
133
113
103
92
76
51
28
12
-9
-42
-88
-136
-182
-217
-239
-253
-268
-289
-314
-332
-338
-332
-317
-304
-295
-301
-319
-337
-345
-343
-334
-323
-307
-286
-265
-251
-241
-236
-236
-239
-226
-198
-151
-103
-53
-4
42
82
118
152
182
196
195
186
181
185
199
217
240
267
296
325
354
379
393
390
372
343
316
298
289
283
275
263
251
241
231
219
203
183
161
143
128
111
84
47
5
-40
-87
-133
-169
-195
-210
-216
-216
-212
-210
-216
-232
-257
-284
-311
-334
-348
-358
-356
-338
-318
-310
-318
-326
-328
-323
-307
-289
-276
-260
-236
-212
-192
-166
-129
-91
-59
-28
-4
15
30
55
87
124
159
185
202
220
244
269
288
300
306
306
308
312
311
309
304
299
289
274
270
276
283
291
298
302
297
288
271
246
217
187
161
134
103
63
26
-2
-30
-61
-91
-121
-150
-170
-180
-192
-213
-241
-272
-299
-316
-326
-328
-332
-335
-341
-349
-352
-350
-344
-328
-301
-266
-233
-214
-205
-194
-179
-163
-152
-150
-146
-138
-120
-94
-62
-28
4
36
66
91
110
129
148
170
191
208
219
225
238
260
285
309
326
327
318
311
304
296
294
301
304
301
288
266
236
206
179
156
138
119
98
80
60
43
24
2
-25
-50
-77
-103
-123
-139
-161
-187
-215
-249
-283
-302
-308
-309
-311
-315
-316
-309
-295
-283
-275
-273
-279
-287
-287
-279
-262
-232
-197
-158
-116
-77
-48
-29
-13
0
9
20
38
64
95
123
149
171
188
199
207
212
215
220
233
247
256
254
251
251
253
249
247
248
244
234
219
194
159
135
124
110
93
79
67
50
34
24
18
18
18
10
-12
-45
-83
-120
-149
-173
-188
-193
-189
-184
-183
-188
-195
-208
-223
-233
-232
-221
-213
-218
-223
-222
-219
-218
-205
-182
-153
-129
-104
-82
-63
-48
-32
-16
3
23
43
60
78
91
105
115
115
109
111
125
151
178
197
205
200
185
166
150
141
143
156
176
189
194
185
166
139
108
82
66
59
56
53
49
45
44
43
38
24
1
-26
-55
-78
-97
-107
-107
-104
-98
-94
-95
-103
-117
-134
-148
-161
-165
-161
-147
-129
-111
-102
-99
-103
-107
-109
-103
-86
-66
-50
-45
-56
-75
-96
-113
-117
-108
-92
-72
-49
-24
6
37
66
92
106
111
106
94
79
68
66
74
86
99
111
127
142
151
150
144
141
138
130
119
116
124
133
137
139
139
133
118
99
79
63
45
27
6
-18
-42
-65
-85
-98
-109
-113
-117
-117
-116
-115
-115
-120
-129
-143
-157
-168
-170
-165
-157
-148
-140
-129
-118
-104
-92
-85
-81
-78
-74
-67
-58
-46
-34
-23
-17
-14
-8
7
32
64
92
111
122
127
127
125
120
117
117
123
129
132
133
134
136
139
140
135
123
107
88
72
57
49
45
46
48
49
46
40
31
17
-3
-25
-46
-61
-72
-76
-77
-77
-75
-71
-69
-71
-78
-92
-110
-130
-144
-147
-138
-119
-97
-80
-71
-69
-70
-70
-68
-65
-63
-57
-49
-38
-26
-15
-9
-6
-5
-7
-8
-7
-2
4
15
27
35
37
37
36
40
53
63
70
70
65
56
54
54
60
67
74
79
83
84
82
80
78
75
76
80
84
83
80
75
68
60
57
54
51
48
40
22
0
-22
-38
-45
-45
-44
-43
-43
-42
-43
-48
-59
-75
-96
-112
-119
-119
-114
-109
-105
-97
-84
-74
-67
-67
-76
-88
-99
-104
-105
-99
-92
-81
-69
-56
-42
-28
-14
-3
8
16
21
25
28
34
43
53
64
76
88
101
113
120
120
114
104
94
89
89
89
89
85
78
72
69
72
80
88
94
91
80
62
43
26
14
3
-8
-15
-21
-21
-18
-12
-10
-13
-22
-31
-42
-51
-63
-78
-90
-101
-109
-112
-112
-105
-98
-94
-92
-93
-93
-90
-90
-87
-83
-75
-61
-42
-28
-19
-19
-23
-27
-27
-22
-15
-6
-2
3
8
17
26
35
43
51
59
65
68
68
66
65
66
69
74
81
87
92
94
90
82
73
67
66
67
68
66
60
52
42
30
17
0
-17
-28
-33
-29
-22
-18
-20
-22
-25
-22
-17
-16
-21
-30
-42
-49
-48
-42
-36
-34
-35
-40
-46
-53
-59
-69
-73
-76
-72
-65
-53
-38
-29
-29
-36
-46
-47
-40
-28
-18
-15
-17
-23
-26
-28
-30
-30
-26
-19
-9
4
15
25
35
45
54
60
66
69
71
71
71
71
73
80
89
102
113
119
118
110
92
72
51
33
19
9
5
7
17
28
36
35
24
5
-12
-25
-33
-37
-43
-51
-53
-52
-48
-44
-45
-53
-65
-75
-82
-87
-91
-98
-106
-114
-117
-117
-112
-102
-90
-79
-69
-60
-50
-40
-26
-16
-7
0
8
17
27
34
38
44
48
56
63
67
68
61
54
48
45
43
43
47
53
60
67
71
71
65
59
51
45
40
36
31
28
27
26
29
28
23
12
1
-13
-23
-25
-16
-4
6
12
17
19
14
3
-11
-17
-21
-20
-19
-17
-15
-16
-18
-22
-32
-42
-55
-65
-75
-79
-76
-68
-57
-51
-52
-57
-61
-63
-66
-69
-68
-59
-44
-31
-23
-20
-20
-18
-11
2
18
33
45
53
60
64
64
60
54
48
43
41
44
51
59
62
65
66
66
66
62
57
53
48
43
36
30
27
26
29
36
43
43
37
28
20
11
-1
-15
-26
-30
-28
-24
-20
-20
-24
-29
-37
-43
-53
-66
-80
-89
-94
-95
-92
-85
-75
-67
-60
-51
-39
-27
-25
-30
-36
-36
-34
-35
-37
-37
-37
-43
-45
-38
-22
-6
4
16
29
41
49
56
64
70
72
71
67
67
69
71
68
62
49
38
33
38
48
56
60
54
44
35
31
31
31
28
23
17
14
15
17
19
19
18
14
8
1
-6
-15
-23
-32
-39
-44
-50
-53
-54
-52
-50
-47
-49
-56
-63
-67
-64
-57
-51
-47
-46
-46
-42
-35
-27
-19
-16
-14
-14
-16
-18
-20
-20
-22
-23
-23
-26
-26
-23
-16
-2
13
26
34
37
38
37
37
36
37
39
47
56
62
69
73
76
78
78
73
63
50
39
33
31
31
28
25
23
21
20
15
6
-6
-12
-9
-3
2
-1
-9
-16
-18
-16
-16
-18
-22
-24
-21
-18
-15
-15
-21
-29
-38
-46
-52
-57
-63
-71
-78
-82
-78
-69
-59
-49
-42
-40
-37
-34
-31
-27
-22
-18
-14
-7
0
4
9
15
20
25
31
36
43
51
57
60
60
58
52
50
51
52
52
49
45
42
42
43
43
45
42
41
37
31
24
17
12
8
4
0
-4
-7
-8
-6
-5
-7
-13
-22
-32
-40
-45
-46
-45
-43
-40
-38
-39
-43
-47
-50
-44
-39
-32
-31
-33
-35
-39
-40
-38
-36
-33
-28
-24
-14
-4
5
10
11
11
9
10
14
22
30
38
44
49
51
51
50
45
40
36
32
31
33
36
37
35
27
15
2
-8
-15
-15
-14
-13
-9
-7
-4
-1
2
7
10
14
18
21
19
16
11
8
3
-3
-11
-19
-25
-26
-25
-24
-25
-28
-30
-30
-27
-21
-17
-16
-17
-18
-15
-10
-4
-1
-1
-4
-8
-7
-4
-1
-1
-4
-10
-15
-20
-23
-24
-28
-28
-23
-16
-9
-5
-6
-9
-9
-7
0
8
16
24
30
32
30
27
25
26
28
27
27
26
24
23
21
18
13
8
3
1
0
2
6
12
19
28
35
40
38
31
21
12
5
6
10
16
17
12
3
-8
-21
-29
-36
-42
-44
-44
-43
-41
-40
-40
-40
-43
-45
-45
-40
-34
-25
-16
-8
-2
1
6
10
13
14
11
7
4
3
5
7
6
5
1
-2
-5
-7
-7
-6
-2
2
7
11
14
15
14
12
10
13
18
26
31
34
34
32
30
27
22
13
9
8
9
16
20
21
16
7
-4
-13
-19
-19
-17
-13
-10
-4
-1
5
9
11
10
6
-2
-10
-19
-25
-29
-29
-28
-28
-24
-22
-18
-15
-13
-15
-19
-22
-24
-23
-22
-23
-25
-25
-22
-13
-5
5
13
18
20
19
18
17
17
17
15
12
7
5
4
4
2
3
4
8
13
13
12
7
3
1
-1
-2
-1
0
5
11
19
23
25
23
19
13
12
11
12
14
18
18
19
18
14
9
2
-4
-11
-15
-20
-23
-25
-27
-26
-22
-14
-7
-2
-2
-5
-13
-24
-33
-41
-45
-43
-34
-22
-11
-7
-6
-11
-14
-16
-15
-15
-15
-15
-11
-7
0
9
21
32
42
46
45
38
27
17
11
10
15
21
26
30
34
36
35
31
28
26
23
23
17
12
5
1
0
1
0
-3
-6
-12
-14
-14
-15
-15
-16
-19
-21
-23
-24
-27
-28
-27
-24
-20
-17
-13
-10
-7
-5
-4
-6
-8
-9
-9
-7
-6
-6
-7
-11
-17
-19
-19
-16
-9
0
8
13
15
13
10
6
5
5
9
14
22
26
28
28
26
24
20
15
11
4
1
-2
-1
1
7
11
15
15
14
7
2
-4
-9
-13
-15
-16
-14
-10
-5
-2
-1
-4
-7
-11
-11
-8
-1
5
9
11
11
10
10
4
-1
-5
-8
-5
-3
0
-1
-4
-8
-12
-14
-13
-11
-8
-7
-10
-15
-19
-22
-20
-16
-12
-8
-4
-1
1
0
3
6
13
20
26
26
21
13
5
-4
-11
-13
-9
-2
4
6
9
11
16
19
18
14
10
9
10
11
10
5
1
-1
-1
-1
1
1
3
5
4
4
3
3
4
5
3
-3
-7
-10
-10
-10
-11
-12
-16
-15
-14
-9
-5
-2
-1
-3
-6
-7
-10
-12
-13
-12
-12
-10
-6
-7
-6
-5
-4
0
1
1
-3
-6
-7
-4
1
5
6
5
1
-2
-3
1
6
12
16
16
19
20
20
18
15
11
6
3
2
2
8
11
14
15
12
8
3
-1
-3
-7
-7
-7
-6
-4
-2
2
1
-1
-6
-8
-10
-10
-8
-6
-4
-1
-4
-6
-13
-16
-14
-12
-6
1
6
8
7
6
6
2
-1
-1
1
3
1
1
3
6
7
4
-1
-4
-7
-8
-9
-10
-9
-8
-8
-6
-2
1
3
4
5
4
3
0
-2
-6
-9
-10
-13
-14
-13
-13
-11
-8
-4
-1
3
5
7
9
13
18
23
28
28
26
24
24
26
28
27
24
20
15
8
2
-6
-10
-11
-9
-6
-5
-7
-6
-7
-9
-11
-16
-20
-21
-19
-15
-13
-13
-14
-17
-18
-14
-10
-7
-3
-2
-2
-3
-3
-4
-4
-4
-3
0
5
10
13
12
10
5
0
-3
-3
-2
1
3
3
5
6
7
7
5
4
1
1
3
5
7
7
5
5
4
2
1
-2
-5
-8
-10
-11
-10
-9
-7
-4
0
2
4
5
6
8
11
11
10
6
2
1
2
5
5
3
0
-2
-1
0
1
0
-3
-6
-7
-10
-9
-10
-9
-9
-8
-6
-5
-4
-4
-5
-7
-10
-13
-13
-10
-6
-2
0
1
2
3
6
9
12
14
15
16
17
17
14
9
6
3
3
4
5
4
5
4
7
13
15
12
5
-4
-10
-13
-14
-10
-7
-5
-4
-4
-5
-5
-4
-3
0
0
-1
-6
-9
-12
-12
-11
-11
-10
-10
-8
-6
-5
-4
-4
-1
8
13
14
13
16
21
21
16
12
11
8
3
-2
-2
-4
-6
-9
-10
-11
-11
-10
-9
-7
-5
-3
-1
-1
-1
-2
-2
-1
2
5
7
9
10
10
10
8
7
4
1
-1
0
2
2
4
3
2
3
3
4
2
2
-1
-1
0
2
4
4
2
0
-4
-7
-10
-11
-10
-9
-4
-3
-1
-2
-4
-4
-2
1
4
5
4
4
1
0
-2
-5
-9
-11
-13
-13
-12
-11
-8
-2
2
7
10
11
10
8
6
2
-2
-6
-7
-7
-5
-3
-1
1
4
7
9
9
8
5
2
1
0
-2
-4
-7
-7
-4
-2
2
6
8
10
10
9
8
6
8
9
11
12
12
11
9
8
7
3
-2
-5
-6
-8
-8
-9
-10
-12
-13
-13
-13
-11
-10
-8
-7
-5
-6
-5
-5
-4
-2
-1
0
1
1
2
2
2
2
2
3
3
2
1
0
-4
-6
-7
-7
-6
-3
-1
1
5
6
8
6
7
7
7
7
7
7
8
8
7
8
6
4
2
-1
-4
-7
-9
-10
-10
-8
-5
-2
-2
-1
-3
-2
-1
-1
-1
0
2
4
9
12
13
12
9
4
0
-3
-5
-5
-6
-7
-9
-11
-9
-6
-3
0
2
1
1
3
3
2
2
2
1
-1
-5
-8
-9
-8
-6
-4
-3
-3
-4
-3
-3
-2
-1
0
0
1
1
4
7
11
13
13
12
10
10
12
11
9
6
4
1
0
0
-1
-2
-4
-3
-4
-5
-7
-6
-6
-5
-4
-3
-2
-3
-5
-7
-8
-6
-3
0
2
2
0
-1
-3
-2
-2
1
1
1
0
-1
-2
-3
-6
-7
-7
-5
-2
1
4
6
7
8
5
2
2
3
6
5
3
2
2
4
5
5
2
0
-1
-1
-2
0
0
-1
-1
0
0
1
0
-1
-2
-3
-6
-8
-9
-6
2
8
13
11
7
4
2
0
-3
-3
0
2
2
1
1
1
-2
-3
-2
-1
0
1
1
1
1
2
4
6
6
6
5
2
-2
-3
-7
-7
-7
-6
-4
-2
-2
-2
-3
-4
-7
-8
-10
-11
-11
-10
-12
-9
-8
-5
-3
-1
-1
-1
-2
-3
-3
-4
-1
3
6
10
14
15
15
15
12
9
6
4
2
2
4
6
9
12
11
11
9
6
4
2
0
-2
-3
-6
-5
-5
-3
0
4
6
8
6
5
2
-2
-4
-3
-2
0
0
2
1
1
-2
-4
-7
-8
-7
-9
-8
-7
-5
-5
-5
-4
-2
-4
-5
-4
-4
-6
-5
-7
-5
-3
0
0
1
0
2
1
0
1
1
2
3
4
5
5
4
3
1
1
-2
-5
-4
-5
-3
0
2
5
5
8
9
7
