SAMPLES:	16732
BITSPERSAMPLE:	16
CHANNELS:	1
SAMPLERATE:	16000
NORMALIZED:	FALSE
0
0
0
-1
0
1
-1
0
1
1
1
1
0
2
1
-1
1
0
-1
1
-3
0
-2
-2
1
-5
1
-3
0
-1
1
0
-1
0
0
1
0
0
0
0
2
1
1
2
1
1
2
1
1
-1
0
1
0
0
0
0
0
-1
0
0
-1
-1
-1
-1
-1
-1
-1
0
-1
0
1
0
1
0
-1
0
0
1
0
0
0
0
0
0
0
1
0
1
1
0
0
0
0
0
1
1
2
1
2
2
2
1
0
1
1
1
1
1
0
0
0
-1
-2
-2
-3
-2
-3
-2
-2
-2
-1
-2
-2
-2
-2
-1
-1
-1
-1
0
-1
0
1
0
0
0
0
0
0
0
0
0
0
0
0
0
0
0
-1
1
0
0
0
-1
0
0
0
1
0
1
1
0
1
1
0
0
1
1
0
1
1
1
-1
0
-1
0
-1
-1
0
0
0
0
0
0
0
0
0
0
1
0
0
0
0
0
0
1
1
1
1
1
0
0
0
0
1
1
1
2
1
1
1
1
0
0
0
0
0
0
0
0
1
1
0
0
0
-1
-1
-1
-1
0
1
0
0
-1
1
0
-1
-1
-1
-1
-1
-1
-1
0
-1
0
-1
-1
-1
0
-1
-1
-1
0
0
-1
-1
-1
0
1
-2
1
0
-1
3
-3
3
-3
2
1
0
1
0
1
1
0
1
0
0
-1
-1
-1
-1
-1
0
0
0
0
0
0
1
1
0
0
0
0
1
1
1
1
0
1
0
-1
0
0
0
0
0
0
0
0
0
0
1
0
2
2
2
1
1
0
0
1
1
1
1
0
0
0
0
-1
0
-1
-1
-2
-1
-3
-2
-2
-1
-1
-1
0
0
-1
1
0
1
0
0
1
1
2
2
1
-1
0
1
-1
0
0
0
0
0
0
0
0
0
0
0
1
-1
2
-1
-1
1
0
0
0
-1
2
0
-1
1
-3
4
-2
1
-1
-1
0
0
0
0
0
1
0
0
0
0
0
0
-1
0
-1
-1
-1
-1
-1
-1
0
-1
0
0
-1
-1
-1
0
0
0
0
0
0
0
-1
0
0
1
-1
0
1
0
0
0
0
0
0
0
-1
0
0
0
0
0
0
0
0
1
1
1
2
2
2
2
1
1
1
0
0
0
0
1
0
1
0
0
0
1
0
0
-1
1
0
-1
0
0
-2
-1
-1
0
0
-1
0
0
0
0
1
0
0
0
2
-1
1
2
-1
2
1
1
1
-1
1
-1
-1
3
-3
3
-3
3
-2
-1
-1
-1
-2
-1
-1
-1
-2
-1
0
-1
-3
0
0
-1
-1
-1
-1
-1
0
-1
-1
-1
0
0
1
1
0
0
0
0
0
0
-1
-2
0
1
0
1
0
0
0
-1
0
0
0
0
0
0
-1
1
1
1
1
1
2
1
0
0
-1
0
1
0
0
0
1
1
1
1
0
0
0
-1
1
-1
0
1
0
0
0
0
0
0
0
0
0
0
0
0
-1
-1
-1
0
-1
0
0
0
-1
1
0
-1
0
-2
-1
-1
-1
1
0
0
1
-1
0
0
-1
3
-4
4
-3
3
0
0
0
0
0
-1
0
1
0
-1
0
0
0
0
-1
0
0
0
0
0
-1
-1
0
0
0
0
1
0
0
0
0
-1
0
0
0
0
0
0
0
0
1
1
0
1
1
0
1
1
0
0
0
0
0
0
0
0
0
1
0
0
0
0
-1
-1
0
-1
0
0
0
-1
0
0
0
0
1
1
-1
0
0
-1
-1
0
0
-1
0
0
-1
0
0
-2
0
-2
-1
-1
-2
-1
-1
-1
-1
-1
-1
-1
1
-1
1
-1
1
2
0
0
1
-1
1
0
-1
3
-2
5
-2
3
0
1
1
0
0
1
0
-1
0
0
1
0
0
1
0
0
0
1
0
0
0
0
-1
-1
0
-2
-1
0
0
1
0
-1
0
0
0
0
0
-1
0
0
-1
-1
0
0
0
1
1
1
1
2
1
1
1
1
0
1
0
0
0
0
0
0
0
1
0
0
0
0
-1
0
0
-1
-1
0
-1
0
0
0
1
1
0
0
0
-1
1
0
0
0
0
1
0
1
0
0
1
1
0
0
0
0
0
-2
0
-1
0
-1
-1
1
0
0
1
-1
1
1
-1
3
-4
2
-4
1
-3
-1
0
0
1
1
0
0
0
0
0
0
-2
-2
-3
-1
-1
1
1
2
1
3
2
1
1
1
-1
0
0
0
-1
-1
0
0
0
0
1
1
2
1
1
1
0
1
3
2
2
3
1
1
0
-1
0
-1
-1
-1
-1
0
0
1
0
1
0
1
0
0
0
-1
-1
0
0
0
0
0
0
-1
-2
-3
-4
-5
-5
-4
-4
-4
-2
-1
0
0
1
1
1
2
2
1
2
2
1
0
-1
-2
-2
0
1
1
3
5
6
6
5
4
1
1
0
0
0
1
2
1
0
0
-2
-4
-5
-6
-5
-5
-3
-3
0
1
1
2
2
2
3
2
3
3
3
3
3
2
2
0
0
-2
-2
-2
-3
-3
-2
-2
-1
0
2
2
2
3
3
2
0
-2
-5
-8
-8
-8
-7
-5
-3
0
1
2
2
2
1
1
1
0
0
0
1
-1
-1
-2
-2
-2
-2
-2
-1
-1
-1
-1
-1
-1
-1
0
2
3
4
4
3
2
-1
-1
-1
-2
0
2
3
4
5
4
2
-1
-5
-7
-8
-9
-8
-6
-3
2
6
7
8
5
4
3
5
3
4
4
5
4
3
4
6
7
4
1
0
0
2
1
0
0
0
0
0
1
0
-1
1
1
1
0
0
0
0
1
-1
0
-1
0
-1
-1
0
0
0
1
0
0
0
0
0
1
0
-1
-1
0
0
0
0
0
0
0
-1
0
0
1
2
1
1
0
-1
-1
-3
-3
-2
0
1
0
0
1
3
4
4
0
-3
-10
-18
-20
-19
-14
-8
-6
-13
-19
-22
-17
2
27
48
73
91
89
83
83
78
83
145
218
224
196
104
-68
-199
-278
-341
-280
-161
-56
-27
-1
86
95
167
49
-329
-420
-234
11
1043
2528
3145
2732
660
-2804
-7258
-11037
-11570
-9613
-5892
-1549
2847
7314
10510
12276
12520
10748
6479
1272
-3471
-7873
-10161
-10370
-9649
-6722
-2714
346
4024
7239
7733
7497
6646
4210
2006
182
-2003
-3435
-4273
-5105
-5031
-4481
-4157
-3211
-1614
60
2264
4482
5501
5558
4735
2666
309
-1504
-3494
-5025
-5502
-5978
-5787
-4715
-3435
-1207
2056
4568
6242
7212
5339
2572
628
-954
432
3797
5639
5824
4547
1552
-2049
-4460
-5186
-5382
-4450
-2586
-1264
1186
3781
4843
5027
3931
2005
-415
-2254
-2898
-3665
-4747
-5914
-7094
-7148
-6283
-5879
-5210
-4129
-2213
1595
7632
14340
17511
16881
13503
6685
-1937
-8962
-13661
-16924
-17179
-14663
-9774
-931
8637
14371
18101
18309
12738
6422
210
-4589
-6973
-8900
-9088
-8292
-6205
-3357
-1207
1247
2632
2764
2964
2621
2648
3708
3985
4217
4084
1813
-472
-2963
-6746
-8768
-9389
-9657
-6285
-1347
1909
5908
8602
7919
7526
6329
2781
146
-2119
-4957
-6306
-7138
-7543
-5255
-1925
295
1743
2109
1845
1911
2518
5180
10433
14959
15214
12414
8690
2056
-5834
-10524
-13761
-15210
-12773
-9480
-3812
5160
10748
12146
11948
8276
2599
-2379
-6768
-8689
-8012
-7654
-7049
-5033
-3183
-2622
-3420
-4454
-5268
-5894
-3590
2686
10564
16519
18225
18126
14752
5427
-3189
-10404
-18630
-21599
-20797
-17537
-6288
5439
12338
19680
22314
17416
12592
7042
-860
-6261
-9903
-12943
-12770
-10016
-6144
-1979
2545
6245
5061
2728
3163
1688
499
2097
2647
3299
3297
1013
-982
-3983
-7656
-10165
-11749
-9377
-5402
-2165
3759
8553
9156
9559
8741
4977
2731
-420
-5306
-6628
-7145
-7171
-5385
-3394
-1521
-351
451
3083
10170
17445
20155
19325
14680
5291
-5126
-12442
-16948
-17025
-13621
-10963
-5674
3312
10021
14131
16136
13110
7107
272
-6893
-10875
-11729
-11923
-10043
-6030
-1477
3475
6681
6842
5018
1212
-3253
-6447
-7492
-6103
-4191
-2495
-415
1973
5846
9052
8904
7781
4952
-12
-3216
-5419
-5991
-2513
-840
-2555
-1340
1096
2309
4903
5874
3632
1074
-2453
-5520
-4373
-1678
236
1214
118
-433
-311
-782
-878
-452
-83
-61
-96
-1637
-1682
84
-379
-676
-1105
-1537
-612
-880
-1532
-1934
-1919
-1792
-1416
1204
3209
3530
2794
968
780
2780
6265
8116
6469
3685
-308
-4864
-6710
-4021
358
2900
4036
3157
2363
3534
2828
1956
2092
575
-1194
-2490
-1536
514
-438
-1793
-2649
-3674
-3349
-2810
-1873
-765
-355
-365
248
921
-395
-1604
-4446
-8206
-8087
-6593
-4727
-3203
-2425
1006
6435
11670
17499
20276
16369
9718
240
-10587
-14823
-14893
-16130
-13803
-7621
-1849
4221
9504
13206
14509
11930
6057
-794
-4558
-6575
-8397
-8369
-6535
-4279
-3198
-1264
1240
1641
1821
1405
90
1084
2282
2877
3516
1605
-201
-1258
-3206
-5266
-7472
-7280
-6374
-6341
-3240
1887
6226
7493
7050
7747
7256
7068
6798
4405
2396
-1582
-7228
-8004
-5101
-2470
719
3096
4300
4825
5590
5926
4576
5407
5134
3320
3291
2078
738
-1314
-4381
-5975
-6642
-5698
-3188
-1672
77
1493
859
984
426
-921
-1625
-2204
-2643
-4315
-4925
-5208
-7708
-10423
-12043
-9896
-4731
-703
4185
9828
13072
15892
17241
16294
13966
6117
-4181
-11670
-18088
-20460
-17644
-13726
-6713
2698
9181
13767
17177
16434
12380
6861
-298
-7253
-11590
-13407
-13058
-10388
-6332
-2412
1062
3918
5062
4786
3731
2042
757
-59
-422
225
-411
-2678
-3400
-3830
-5086
-5425
-5383
-4708
-2681
-1446
158
4710
7553
9003
10944
8627
5456
3694
-263
-3417
-2568
-1293
-1661
-1212
-1407
-1686
1056
2613
2648
4408
4245
3840
5250
5328
6730
6953
3314
345
-2734
-5501
-6805
-7539
-6306
-3871
-1321
-420
1228
4735
3903
1532
609
-1925
-4878
-6305
-6339
-5943
-5739
-6390
-6577
-6717
-8304
-7288
-2132
1148
1474
6335
13272
14401
14264
14957
11040
4318
-3436
-12279
-15800
-14599
-14615
-11894
-4926
813
5700
10727
13536
14252
11993
6334
444
-4578
-8466
-9977
-9822
-8175
-5146
-2732
-1104
639
1991
2847
2841
1795
1023
625
872
1326
-593
-2719
-3005
-4313
-5994
-6824
-6016
-3054
-2509
-1666
3658
6464
6127
5748
4198
5318
8849
10585
10048
7968
6329
637
-8827
-11003
-10314
-12032
-8121
-2396
2132
10612
15647
14208
14061
12587
6520
802
-3773
-8264
-10568
-11524
-11921
-9416
-4090
886
3277
5370
7567
6964
3818
-11
-2390
-4889
-8204
-8555
-7318
-6575
-5151
-4676
-6433
-6606
-6257
-6327
428
3565
2701
12310
13443
8527
14231
12750
6537
2931
-5175
-10367
-12249
-15258
-14580
-9681
-4064
2011
7999
12281
16455
16510
10026
4962
979
-5789
-10132
-10745
-11788
-11037
-7319
-4757
-2317
1681
3437
2863
3211
2094
921
2311
1581
-1030
-1046
-2462
-5947
-5240
-6657
-7792
-4504
-5207
-3479
1660
4139
6369
8277
9873
14932
20946
18549
12531
7330
-3154
-14368
-19176
-19003
-15767
-8327
-1077
5297
15247
20680
20532
19297
13040
6421
-248
-7850
-10452
-11423
-11548
-9890
-7084
-2213
2161
5963
7223
6349
5256
1920
-1277
-4249
-6982
-7847
-7912
-7387
-6131
-3686
-2268
-3882
-6214
-9198
-12751
-11332
-7089
-3622
4763
13977
17789
21172
23716
20010
12321
2147
-9431
-18827
-24466
-24118
-20379
-12603
-764
9284
15782
19785
21004
15559
10414
5953
-3331
-8336
-11035
-14539
-13325
-9161
-5708
-2034
2054
3651
4204
4852
3163
1414
2153
1407
246
778
-708
-2216
-4303
-8141
-8724
-8707
-9531
-6438
-2583
1579
7943
10646
11268
11678
8405
5698
7825
9616
7027
2860
-3144
-9066
-12953
-13054
-9174
-5539
261
4404
7719
14722
18016
16744
13584
7561
-938
-6814
-9268
-10951
-9341
-5800
-3254
-904
2371
4990
5906
5773
3764
582
-1981
-4351
-6474
-6877
-7129
-7480
-6509
-5830
-5591
-4961
-6430
-11559
-16206
-16031
-9298
1285
13475
25594
30560
27765
21470
12653
589
-10040
-17952
-25231
-25136
-21442
-15386
-2700
10057
19203
22292
20336
15718
8928
2006
-4604
-9157
-12423
-13381
-10860
-8563
-4715
159
1827
1954
3776
3160
725
2680
2185
1317
2655
690
348
-341
-3199
-5869
-8749
-10627
-11288
-8125
-2598
861
5205
9589
9475
9725
10672
8554
5274
-167
-5211
-5323
-2236
1286
2905
3673
3627
-375
-3292
-2188
-1515
789
4719
6870
10079
12540
10404
6999
2884
-2505
-6115
-7839
-7467
-4072
-1204
167
1921
2640
3302
3501
1650
234
-1351
-4004
-5701
-6205
-6768
-6616
-6415
-6257
-5237
-5501
-6508
-9893
-14014
-13716
-8723
2080
13481
21455
27388
25876
16848
8604
289
-10764
-18368
-21568
-22107
-16827
-8581
-1309
7606
15939
18647
17513
13839
7575
1504
-4207
-9369
-10856
-9598
-8261
-5765
-2384
-367
1066
1388
14
-146
856
1515
2218
3141
3210
2951
2461
-215
-3369
-6174
-8774
-10398
-10624
-6870
-2066
1172
4575
6653
8600
8945
7041
6544
4240
1592
2553
3266
1851
-55
-1654
-4355
-7013
-5708
-3503
-2171
2844
7329
9063
13164
14838
11285
7483
3074
-2609
-6745
-8168
-7137
-5346
-3102
-114
1963
4053
4690
3025
1659
-452
-3224
-5047
-5367
-5419
-5448
-4384
-4052
-4030
-4469
-6216
-7789
-11719
-16565
-16725
-12299
-2642
10771
22448
29636
28630
21596
14192
3574
-7838
-16242
-23438
-24601
-20590
-14965
-4827
6700
15199
19593
19514
16164
10880
4268
-2039
-5937
-8541
-10108
-9028
-6590
-4493
-2471
-14
1046
735
1018
816
1014
2717
4264
5205
6323
5087
1329
-1734
-6671
-10832
-12099
-13558
-10785
-5311
-1579
3543
8979
10814
11017
11781
9550
5918
2262
-4568
-8393
-7221
-5063
-1389
3225
3684
1197
1702
307
635
4340
4951
6767
7261
5806
5949
4963
2470
-507
-3512
-5153
-4393
-1766
1965
4556
5156
4241
2261
739
-704
-2509
-4234
-5272
-5761
-5778
-5083
-5213
-4376
-5053
-6039
-7695
-9909
-13443
-17460
-18882
-12975
1624
17274
30096
30358
30247
21475
9119
-5589
-16483
-23746
-27960
-26725
-18657
-8284
4906
15986
21387
21563
17642
10867
3645
-2205
-5475
-7357
-7675
-6843
-5262
-2927
-309
1072
786
-1095
-3181
-3969
-2791
89
3424
6304
8268
8549
7089
3400
-2696
-9404
-14671
-16509
-14740
-10018
-2798
2649
5129
7581
8662
9784
11627
9508
6315
3165
-4025
-9449
-9396
-6539
-997
2783
1891
27
-1679
-2314
-121
3762
7632
10008
10652
10294
8663
5785
1763
-3248
-7630
-9722
-8696
-4442
1601
7022
9803
9451
7276
4230
579
-2493
-4591
-6090
-6406
-6162
-6015
-4956
-4424
-5563
-5815
-5436
-5982
-5853
-7009
-12356
-17942
-17456
-5938
13196
26650
31068
31085
22602
7381
-4134
-11796
-18547
-22220
-23255
-21190
-12445
431
10989
18745
23000
19147
10865
5175
904
-2455
-3652
-5289
-7394
-7411
-5573
-3913
-2350
-149
-499
-2852
-2331
-724
778
4185
6522
6891
6560
4830
3057
216
-5420
-11080
-14639
-14685
-11301
-6429
501
6191
5932
4814
6801
8167
9054
10208
7658
1578
-4591
-9717
-11351
-7291
-956
1929
907
462
1429
2160
4910
8687
8959
7831
6649
2751
384
1380
-106
-2488
-2429
-2524
-1400
1989
4284
4955
4688
2680
-433
-1179
-38
-1836
-3477
-1946
-2329
-3356
-2563
-3684
-6491
-9307
-10727
-9638
-9115
-9305
-10031
-14085
-15903
-7289
9471
24656
30736
30085
25658
13234
-1335
-8381
-14379
-21277
-22623
-22449
-18209
-5096
6041
13381
20873
20876
14681
9445
4294
306
-2046
-5453
-8647
-9928
-9189
-6390
-2800
24
595
-825
-1410
-403
1806
4750
5306
4383
4295
2254
637
1039
-2159
-7499
-11642
-13607
-10379
-5880
-1405
5148
5355
1062
2996
5798
6845
10815
10695
5079
1004
-3983
-8656
-6993
-2802
-685
-1178
-2345
-1496
-743
2431
9521
11438
9789
10179
6486
1394
1251
489
-2404
-3221
-3113
-3001
-775
2893
4779
4060
2527
671
-1209
-1326
-912
-1324
-787
-1295
-3002
-3292
-5427
-7880
-8264
-9942
-9466
-7882
-9783
-12133
-16272
-15797
-2305
13708
25721
31848
28990
22514
11395
-1202
-7495
-15252
-22698
-23355
-23204
-16846
-2959
7090
15359
22058
20078
14586
10562
5649
1102
-2772
-7898
-11220
-10700
-9073
-6670
-2477
739
519
-390
554
1923
3602
5272
5229
4620
3297
1540
1750
184
-4817
-8086
-9874
-10721
-8245
-5070
-797
3944
2018
65
5246
7589
8581
12856
9983
2850
-1710
-7785
-9523
-4841
-2123
-1630
-1916
-2137
-532
1794
5943
10113
10388
8994
6694
3404
2097
1417
-919
-2756
-3150
-3183
-2096
396
2395
3079
2907
1469
-583
-235
1367
232
-937
-1046
-3608
-5644
-6235
-7757
-7970
-8485
-8966
-6685
-6075
-7735
-11575
-17051
-13475
776
15958
26492
30631
28916
19318
6351
-1323
-9525
-18102
-21754
-25369
-22690
-11737
-1516
10302
18955
20155
20108
14209
6599
5882
2359
-4868
-8727
-11364
-12375
-10730
-7052
-1613
1458
1581
1742
1949
2865
4345
4335
3520
2313
123
301
2651
460
-4788
-7394
-9358
-9775
-6657
-3583
472
3109
-273
-520
4512
6498
9640
13501
9585
3293
-982
-5682
-5603
-1587
-2257
-5640
-6851
-6834
-4305
2088
9064
13035
13533
12496
10007
5815
2634
25
-4075
-7222
-7635
-5949
-2449
1594
4097
4200
2926
1144
19
1067
1620
436
-85
-1702
-4338
-5823
-8136
-9896
-9826
-10351
-8948
-5158
-4116
-7228
-12995
-16655
-10044
6474
20988
27042
29528
26545
13816
2600
-2361
-10640
-18985
-22358
-25323
-22328
-10735
-631
9242
20985
22793
16880
15206
11517
3830
684
-4971
-14250
-16716
-15731
-11701
-4715
-1677
3769
7171
1442
2976
7365
2438
1744
3658
-484
-2313
-465
587
-510
-3875
-7459
-8960
-7450
-6768
-4443
2112
1027
-2783
3058
7542
9690
14890
13535
7172
1486
-4686
-7427
-6377
-4675
-4278
-5992
-5163
-1837
1239
6928
12197
12566
11307
9467
5476
1300
-1373
-3462
-4857
-4542
-3630
-2340
36
1304
1104
1307
508
-1175
-583
1483
2141
1888
1215
-1788
-6297
-9478
-11064
-10893
-9095
-7251
-5464
-5482
-10167
-15894
-14168
-1068
15373
23946
26974
28194
19726
6407
1312
-4846
-15630
-19247
-23319
-26479
-15033
-3851
2829
16179
21568
17112
16397
13674
8811
5787
-1480
-9452
-13807
-16930
-15352
-9773
-4610
806
3301
3739
6062
6366
6169
4757
1252
1661
-3688
-7538
2033
-1183
-7831
-818
-7160
-10839
-1576
-4888
-1540
5051
-3476
-80
8181
6984
13529
16815
9131
3899
-354
-5835
-8650
-7463
-5899
-7636
-6648
-1640
2180
7379
12976
12764
10258
9498
5522
-238
-1018
-1199
-3963
-3100
-286
-773
-431
1585
-35
-2262
-1655
-2193
-1937
1431
2564
2527
3774
1054
-4710
-8895
-12506
-13997
-12359
-10612
-7894
-6451
-10443
-12621
-5060
9279
21437
25931
26878
23557
11312
718
-3337
-10438
-17331
-20118
-23254
-19783
-8961
-758
8834
18798
18904
15836
14407
10304
6716
2480
-3972
-8921
-13585
-15185
-12416
-9400
-3905
966
1715
3855
5142
3655
3887
3876
2651
1898
960
1427
1775
-1541
-6491
-10405
-11228
-9534
-9009
-5586
879
584
274
8290
12955
14133
18067
14554
4413
-2644
-9336
-13244
-9892
-6574
-5420
-2385
1485
4983
7676
10381
13441
11510
6093
4014
1224
-3100
-2742
-1745
-3100
-1696
506
-194
516
2756
918
-1703
-1260
-2354
-3105
-481
140
39
1945
769
-2687
-5243
-8995
-12457
-13929
-15549
-15869
-14224
-12846
-7020
7368
21802
27395
27001
23930
14575
2734
-4204
-11180
-18392
-20186
-22126
-20624
-8872
2005
9642
17812
18738
14606
12050
8333
4686
2296
-1974
-6247
-7928
-8544
-8666
-6980
-4614
-4044
-3728
-1891
-710
1367
5575
6389
6084
7524
4108
1152
2796
-632
-6135
-9421
-12618
-10798
-8067
-6600
-808
970
-593
4241
9047
12438
16959
15301
8804
1804
-7356
-13738
-13341
-9877
-5379
-1197
1636
4994
7859
9935
13583
13998
9112
5586
1463
-5213
-6045
-3463
-4403
-2688
1657
1875
2668
6043
5519
2506
669
-2948
-6905
-6212
-3913
-2439
995
2630
153
-2001
-5319
-10213
-12564
-13179
-12079
-9677
-9639
-10821
-9659
-2280
11377
22188
26147
25788
18908
8022
-967
-9247
-15794
-18958
-22035
-20964
-11647
-643
9443
18429
20713
17080
12199
6217
1301
-434
-1940
-5000
-7519
-8132
-7678
-6077
-3022
-500
465
527
-189
-144
1156
1592
2286
3749
2736
1204
1814
963
-2392
-6433
-9854
-9809
-7726
-6051
-2133
1460
565
725
4722
8504
11884
14062
11879
5436
-3699
-10895
-11784
-8211
-2967
1015
2211
3323
4149
5356
9797
12242
9410
6314
3197
-1244
-3288
-3029
-3431
-2191
1394
2821
3618
7091
7430
3069
434
-2494
-7821
-8812
-6649
-5283
-598
3715
2536
1561
-219
-6007
-9465
-10924
-13460
-12056
-9188
-11611
-13501
-8413
-176
8868
19560
26175
23815
17636
10579
121
-8936
-13567
-18468
-20047
-15493
-10496
-2808
7405
12173
14174
15353
11137
7035
6254
3371
784
195
-2976
-6286
-7206
-8016
-7211
-5195
-4674
-3984
-2133
-679
400
3556
6793
5780
5394
6313
2408
-1754
-4936
-9755
-10975
-11109
-10574
-4792
-2157
-2564
1543
3755
4763
10222
13549
13164
10966
4175
-2886
-6882
-9456
-7913
-4833
-3829
-1291
795
2365
7337
10024
10274
12151
9697
4526
2937
248
-4022
-4255
-2638
-2147
-29
3805
5237
5125
4734
1751
-935
-1831
-3794
-5004
-3792
-2975
-1623
-223
-1343
-3403
-5946
-8020
-10303
-10376
-10488
-12198
-12551
-21691
-24179
-5366
11376
22657
32767
31427
22973
13160
-2163
-10708
-15219
-21942
-22666
-22226
-14778
-930
6839
16966
22554
16582
12385
5709
-9
2407
136
-3107
-2595
-4600
-5584
-5302
-4217
-3373
-5000
-4354
-4231
-4510
12
2514
4433
8433
6088
4012
6725
3939
-1474
-6325
-13171
-13791
-11058
-9344
20
4193
-1602
2745
7758
6115
11891
14144
9243
7104
-318
-8463
-7920
-5718
-4236
-3372
-3025
-1739
-1492
1596
8503
11422
10647
10217
8309
4668
2256
1372
-237
-2691
-3965
-3208
-852
2883
4727
4093
4110
1347
-2038
-1236
-1956
-2513
643
-1192
-3461
-546
-2018
-3817
-5005
-8865
-10227
-10698
-9696
-8087
-10612
-17904
-21343
-12301
5724
22412
28881
31068
27677
12875
1949
-4403
-14070
-18143
-20807
-26558
-19624
-5452
382
12794
24540
18065
13882
11962
4485
3364
2141
-4443
-6662
-7565
-12115
-10879
-4944
-2229
-2043
-1446
-682
-1864
-437
2422
4228
6911
4304
1556
4747
3141
-896
-4145
-11226
-11851
-8970
-9672
-1876
5518
1415
1402
5105
4453
8686
13756
11366
8721
3905
-5593
-9593
-8261
-7296
-6073
-5568
-4373
-1420
1509
7175
13513
14991
14425
12595
6454
423
-2127
-4355
-5117
-3355
-3145
-2330
1804
3696
2926
3170
1742
-918
-1061
-1151
-1830
-711
-830
-1942
-1637
-3860
-7043
-8332
-10605
-10971
-9467
-9826
-10764
-15737
-21794
-16988
-1098
16710
26814
29888
30204
20658
6967
-668
-10284
-18948
-22022
-26554
-23532
-10982
-2013
8883
21461
22388
18467
15323
8988
5666
2477
-3978
-6513
-10320
-13629
-9805
-6664
-2716
349
-933
1544
29
-2123
5060
4742
2323
7241
4062
895
3337
125
-4422
-9431
-12769
-10006
-9280
-5435
3753
3917
1753
5773
5769
5616
10814
10680
6412
3634
-2822
-8296
-7131
-5732
-5603
-4677
-4087
-3637
-2105
3555
11486
14699
15076
14498
8500
1939
-237
-3501
-6091
-4444
-4745
-5068
-339
2817
3211
5508
5012
1393
260
-469
-1777
-1504
-1218
-1750
-2480
-5148
-7356
-7730
-9118
-9461
-7763
-5705
-6109
-7916
-12634
-18159
-11308
3966
17102
25593
28903
24121
12183
3971
-3137
-12081
-16038
-19283
-23243
-17990
-7499
625
12951
21506
18937
16430
12091
5357
3911
-106
-6833
-8268
-9877
-11906
-9380
-4410
-679
-237
172
1094
427
1696
2291
2324
4792
3944
1984
3227
2556
-1703
-6729
-12804
-12095
-7278
-7935
39
8584
2628
-546
2771
2361
3778
8870
8388
7016
5956
-667
-4162
-2916
-3689
-5420
-6754
-7700
-6661
-3450
3952
12949
15168
14131
14234
10435
5123
2049
-2729
-7662
-8768
-7920
-5454
-712
3169
5382
7349
5849
1587
1053
1628
-292
-101
-435
-4551
-6480
-6191
-6782
-5863
-5165
-6851
-6678
-5743
-6145
-7934
-14002
-19556
-16296
-2155
14625
25147
30035
28931
18500
5808
195
-8318
-18194
-19165
-22886
-23320
-11543
-2210
7938
21021
22126
17974
14804
8223
4126
1181
-3648
-7899
-10747
-13128
-13343
-7188
-945
448
949
1828
2187
3543
4417
3266
4417
2778
-2117
412
2773
-1168
-4015
-7628
-9232
-6254
-6223
-3266
3430
2111
-1728
844
3901
3772
7960
13086
8409
4453
3506
-4676
-6309
-2182
-6316
-7594
-6838
-7999
-1777
4403
9752
16979
16734
14881
12159
3474
-705
-3245
-8867
-8006
-4874
-4667
-1013
3438
3131
2994
4577
1898
-635
1343
510
-1276
-81
-2799
-6185
-5001
-5826
-7600
-7964
-9158
-8671
-6900
-7879
-10816
-14136
-16515
-6906
10930
21512
26642
28214
21744
9942
3062
-3823
-14383
-18928
-22721
-23816
-15532
-6086
3851
16126
21121
18669
16451
11180
6137
4746
-908
-7418
-9914
-13100
-13807
-9747
-6226
-3122
293
2195
2771
4314
5870
4339
4620
5292
204
-1184
1473
-1457
-4269
-6765
-10724
-8592
-6593
-6147
1593
4300
-1733
-71
3696
4151
10328
13048
8666
7444
3058
-4533
-5487
-5027
-6436
-7497
-6929
-5252
-2765
3856
9442
13097
17485
15332
9662
8204
1765
-5841
-4812
-7630
-8563
-4173
-3929
438
4382
4094
5365
4062
1361
455
-509
-1398
-1771
-2329
-3122
-5014
-7315
-8368
-9418
-9123
-7496
-6437
-5286
-7227
-12523
-16747
-12201
2932
17703
25292
28057
25091
12357
4025
428
-10961
-16015
-18898
-25471
-19476
-9242
-1445
13065
22044
18713
16529
13598
7373
5031
1886
-5437
-10384
-12272
-13310
-10784
-5259
-1386
-452
420
2063
2883
3703
4480
5010
5213
2359
52
2011
1205
-3178
-6293
-10272
-11476
-8092
-6951
-2142
5471
2136
-835
4037
3718
6251
13602
11535
7922
4929
-3835
-7777
-6368
-6412
-5721
-6178
-5782
-1486
1831
7629
15105
15077
13189
12933
6221
-436
-1439
-6014
-9526
-6714
-3914
-3178
808
5343
1734
2266
6250
919
-1307
4209
-191
-4260
2630
-4135
-7704
-3109
-10940
-11191
-8491
-11061
-7021
-3764
-7787
-11481
-14139
-12584
909
15637
23651
27247
26128
14748
4214
1188
-9984
-16999
-17295
-23861
-21015
-10195
-3353
8676
20106
20553
18401
15054
9983
6729
2883
-2117
-7781
-12760
-14340
-13320
-9593
-3584
-150
1052
2787
3100
3607
5512
6406
6346
3062
-915
588
752
-3088
-5440
-9947
-12734
-9226
-8086
-4469
4512
3936
179
4996
6012
5422
12095
13036
7233
3219
-2656
-8203
-8322
-6779
-5365
-4757
-3600
-351
2675
8848
13466
13027
11948
8072
3033
-639
-1988
-3944
-5272
-3013
-2683
-1878
823
2352
2427
1472
1540
524
-406
1464
1658
593
650
-739
-3592
-7220
-9719
-9625
-12396
-10509
-4838
-9737
-7305
-8168
-20147
-6410
10991
14987
26779
31283
20689
10637
3521
-4881
-11613
-14975
-19817
-24108
-15480
-5276
-1322
11885
20504
16180
15093
14476
8683
5508
3300
-3838
-9252
-11291
-13792
-13375
-7479
-3446
-2777
689
2005
2814
6713
5942
5896
8430
3186
-239
2811
-1193
-6457
-7797
-12332
-12421
-9318
-9334
-1132
5756
306
2717
10004
7937
9631
13210
8623
3931
-1502
-9055
-10532
-8113
-6711
-4860
-1995
1122
3253
6843
13415
14531
10063
9356
6749
-680
-2102
-1444
-5062
-4467
-1064
-1556
389
5199
4054
887
1724
-448
-3816
-609
1229
-132
2440
2632
-1188
-3128
-7136
-12175
-13337
-13956
-13790
-10822
-8362
-10096
-13670
-10359
3068
17666
23961
27067
27426
15222
3454
-221
-12173
-18929
-16022
-24441
-19695
-4494
-3972
8063
21622
16984
15849
14682
6567
5701
5616
-1575
-5719
-8137
-11509
-12313
-9722
-6094
-5373
-3294
-326
349
4552
8109
6148
8184
8675
1438
1910
4153
-2720
-7205
-11630
-15355
-11593
-11512
-7338
4843
3200
-393
7180
7758
7544
14224
12878
7935
4453
-4828
-10907
-9800
-9321
-7244
-4456
-2121
2612
4608
8400
17060
16441
10720
9955
4130
-2996
-2245
-3702
-6385
-2948
-2155
-2802
2818
5322
2208
2253
1590
-2467
-2523
65
643
2535
4248
1665
-671
-3371
-9930
-13523
-14653
-16891
-12763
-6640
-7225
-9226
-11730
-11201
1390
16492
24020
28965
27748
15183
3934
-1490
-11663
-18970
-18380
-22337
-19981
-6754
-345
8548
20639
19171
15173
12676
7062
4977
2104
-2070
-6040
-10809
-10543
-11529
-10490
-1945
-2419
-4040
1580
-707
-706
5461
4937
6741
8579
2963
2866
5301
98
-6986
-13074
-15216
-13082
-12735
-6232
4428
3061
1654
8139
8274
9402
14933
11907
6888
2881
-5921
-10151
-8373
-8203
-6491
-3270
-2210
402
4761
8480
13550
15743
12003
8997
5351
-1260
-3016
-2831
-5558
-3783
-657
-1607
1245
4764
1602
80
563
-3147
-3371
492
1242
2914
5107
2492
-784
-4733
-11340
-14678
-15366
-16055
-12826
-7951
-8656
-11937
-12691
-8158
6702
20918
25506
29022
26430
12286
2797
-1015
-12521
-19048
-19218
-25272
-19483
-5822
-216
11226
20097
16563
15462
14260
8517
6352
4460
-1942
-6588
-9977
-13530
-13932
-10745
-4986
-2631
-1663
1424
1937
3034
5455
6166
8341
5536
635
4664
3308
-3586
-6742
-10970
-11711
-12017
-12731
-4557
3489
352
1972
10628
10026
12402
17222
11813
6484
-927
-11147
-12488
-11355
-9808
-3370
-858
791
5027
6654
11472
15131
10575
7436
6033
-7
-3318
-998
-1151
-1924
1058
1108
-706
1650
791
-3122
-1932
-2039
-4773
-1760
2611
3395
5158
6288
2980
-2084
-7799
-14102
-17899
-18612
-17377
-12658
-10095
-13010
-12832
-5403
9254
23491
28372
28298
24188
11238
-65
-3574
-11713
-18326
-19389
-23365
-17963
-6070
745
11753
20315
17742
15046
11597
6786
5059
2124
-737
-4337
-8942
-11203
-11399
-8629
-5238
-3230
-1801
-811
-42
2230
4290
5223
7551
6439
4047
5855
4268
-2115
-7700
-11855
-12147
-11560
-12351
-5726
692
-1398
2404
9859
11191
16237
17803
10270
7749
-1474
-13956
-12159
-12659
-11962
-2690
150
2847
8369
9481
12317
15002
9434
4255
4021
-1996
-6320
-1920
-1003
-941
3005
3430
962
653
-105
-2890
-3399
-2857
-4035
-3258
1036
3783
3580
3285
1433
-2860
-7503
-12129
-15677
-16357
-15263
-13037
-12086
-14588
-12027
1399
17004
26407
30169
28836
18411
5199
-939
-8435
-17238
-18742
-23159
-24329
-11709
-2607
5606
19759
20854
14534
14048
9363
3879
3475
-655
-5610
-6453
-7958
-8288
-6105
-5201
-4328
-2711
-1001
399
184
954
2435
3295
4368
3675
5807
8568
3531
-1820
-7061
-13971
-12993
-12049
-11237
-1235
799
-1867
6788
11424
11811
19129
17967
7984
3307
-5408
-12262
-10407
-11684
-8849
-5050
-3333
4491
7803
10003
14786
12182
10190
7274
581
1455
-2261
-7371
446
-1773
-4406
5127
726
-570
3369
-4095
-1392
957
-3324
1286
1827
-7
2682
-75
-2731
-4257
-11292
-14052
-13945
-16326
-13031
-10121
-14018
-13010
-2633
12454
25324
29260
29816
23513
8238
-319
-6188
-15756
-19955
-23047
-24823
-16033
-6629
2114
16553
21246
17897
16541
11216
7185
4242
-1935
-5619
-8508
-10595
-9937
-7283
-2976
-845
-1044
-698
491
1098
1327
1954
3278
3310
925
2580
5635
3822
1289
-4391
-12056
-13506
-14143
-12446
-2296
1690
-751
5170
9878
10560
16958
17991
11573
6044
-4277
-13264
-12608
-12542
-11168
-5297
-2314
2767
8202
11285
16500
17749
11030
4595
2866
-2454
-6145
-3241
-3653
-3262
616
1407
1126
2689
2450
-564
-1087
-231
-676
-1088
995
1590
-3240
-815
-1888
-10844
-10026
-12406
-15034
-10965
-12008
-15411
-15678
-10565
3979
22244
27946
29326
28796
13936
2339
-2472
-13482
-18960
-19079
-24392
-20670
-9169
-2233
9010
19332
18968
15872
12332
7414
4010
725
-2799
-5846
-8427
-8404
-6890
-4970
-2233
-1771
-1776
531
624
-225
1462
3586
5536
3940
2286
6324
5527
231
-3111
-10721
-14104
-10829
-12350
-7706
959
-2136
-1120
8476
10402
11447
17456
17153
11119
4428
-4879
-11410
-13623
-13707
-11263
-8286
-3041
1618
5928
13031
16221
15391
14460
11328
3707
-3414
-5379
-7573
-6587
-2379
-3254
-1365
1730
-740
1012
4712
2504
1833
3584
944
268
2334
-403
-3072
-5189
-10048
-13529
-15305
-15398
-12952
-10210
-11119
-14773
-10478
4340
19370
25994
30556
29480
11072
2754
1288
-14502
-18131
-18825
-27850
-22606
-12014
-4688
9856
20790
20237
20176
16673
9545
6318
1361
-4808
-8598
-11939
-13391
-10105
-5035
-1771
302
2859
3594
2553
4135
3417
1400
3746
1494
-805
5067
5214
1185
-647
-9086
-14140
-11981
-13933
-8808
1313
-811
-51
9858
12161
13828
18949
16120
10140
2948
-7216
-11669
-12932
-14066
-10813
-7762
-4008
2839
6826
11883
18522
17064
12606
11083
4836
-3087
-4910
-6940
-9157
-5885
-4188
-4017
318
1254
-61
3361
4693
3678
5068
4335
1571
-286
-2730
-5879
-9401
-12705
-14937
-15548
-13616
-11673
-12152
-12153
-6145
8031
21591
26794
29016
26070
12434
1569
-3338
-13012
-18727
-19502
-24564
-20924
-10152
-4977
6077
17686
16828
16997
17524
11679
10002
6589
-4291
-9393
-11520
-17038
-14853
-6949
-3944
-952
3750
5151
6098
6872
4453
3472
4763
1687
-1577
1352
2085
-1594
-4837
-10355
-12218
-9972
-11776
-7223
1184
-1209
640
9945
10160
11905
18320
14681
6803
1510
-6492
-11608
-10226
-9857
-7579
-3270
-80
2661
5242
10319
11659
9444
8871
7855
5044
1675
175
-2338
-4491
-4889
-5790
-5057
-4057
-4074
-1856
2353
4416
5160
6882
6729
3065
-26
-2603
-8357
-11853
-11894
-13285
-12172
-10786
-14710
-16595
-11814
-491
16384
27782
30504
28890
17314
3483
-1321
-8893
-16853
-16622
-22167
-25022
-14020
-6750
1285
14108
15613
14574
15718
11346
9430
7957
2085
-3373
-9337
-12977
-12741
-11433
-7260
-2753
-571
574
2655
6416
6530
5222
7525
6180
3004
4461
4225
1336
-2969
-10821
-14099
-12336
-13551
-9742
-682
-524
-1592
5788
10509
12588
18246
18632
11726
4307
-3853
-10864
-12667
-10972
-8765
-7206
-3941
934
3544
8262
14997
14151
10968
10950
6102
967
1254
-1332
-5298
-4729
-5452
-7954
-5710
-3431
-4405
-855
4565
5147
7263
9450
5560
3488
2243
-3973
-8513
-11497
-16627
-17122
-13262
-12706
-11991
-12481
-12426
1428
18899
26590
31304
31261
18339
4160
-1272
-10774
-19525
-19143
-24078
-25239
-15701
-8931
1961
16082
19527
17662
17022
12924
8305
6099
497
-6411
-10660
-13555
-14511
-12022
-7529
-4115
-1225
2642
5280
6598
7552
7117
7949
6848
3103
3767
3890
-267
-4786
-11092
-15764
-13878
-13438
-9509
1763
1558
80
9682
11774
10503
16604
16681
7725
3960
-3754
-18107
-12844
-8456
-12574
-269
3007
-191
7899
9588
9378
12690
9201
5517
4875
-1204
-2502
-1056
-4499
-3411
-3623
-5714
-3366
-2950
-3746
74
3692
4236
6643
8191
4651
1219
61
-3825
-8390
-10698
-13698
-14951
-12671
-12430
-14170
-12137
-3832
11496
24201
28218
29947
22925
8381
1284
-4758
-15250
-18094
-19727
-25081
-18887
-9829
-3816
9464
16428
14882
14916
12065
9330
7548
3328
-1230
-6287
-11177
-13118
-11043
-7355
-4458
-3085
-744
1505
2457
5045
5866
5655
6474
5024
4424
6622
4617
-999
-6242
-12874
-14032
-12356
-12043
-3918
-187
-2637
4198
9545
11631
17180
17627
13087
8048
-1189
-9625
-11193
-13361
-12531
-8394
-6451
-1890
3535
9588
15992
17528
13099
10419
7686
-662
-2788
-2305
-7089
-6945
-3723
-5789
-5349
-982
-1536
-1145
2263
2863
4580
7577
7275
5476
2819
-1883
-6529
-10618
-13425
-14094
-14109
-12299
-10399
-12999
-13509
-4114
10758
23797
29960
29715
23318
10056
943
-4557
-14829
-18947
-21150
-27537
-21590
-11669
-4905
9830
17777
16119
17902
15505
10637
8207
2624
-3143
-8603
-14115
-15296
-12959
-9002
-5669
-2379
2194
4227
5349
6910
6459
6769
5683
2484
4528
6194
2034
-395
-5633
-14419
-14129
-12177
-12016
-3455
506
-1550
6125
12191
12522
16983
16879
10738
4559
-3736
-10141
-12891
-13570
-10171
-6553
-3506
2056
5869
8735
14330
15308
10478
8606
6216
239
-922
-1539
-6252
-5368
-3332
-6909
-6125
-2836
-3959
-2031
2866
4349
5564
7805
7303
3993
290
-3186
-7856
-12075
-12596
-12914
-13743
-11053
-11692
-15909
-9111
7031
19687
26474
29801
27870
15404
2447
-1253
-9006
-17621
-18372
-23127
-23384
-13286
-6507
3330
14052
14206
13684
13850
10748
9011
6271
1676
-3816
-10116
-12544
-12327
-11454
-7478
-4095
-2663
847
4333
5960
6935
6864
7346
6208
3528
5873
6630
1397
-3395
-10609
-14451
-11472
-11981
-7051
808
-2909
-759
8433
9186
13662
19480
14824
10113
4309
-6477
-11450
-11772
-12103
-9279
-6684
-4492
1040
5472
9999
16195
15911
12685
11657
5198
-1501
-1788
-5130
-8840
-5699
-4937
-6462
-2910
-1962
-3624
303
3133
3043
6721
8416
6020
4876
1412
-3932
-8146
-12569
-14476
-13566
-12844
-11604
-10730
-13988
-11060
4151
17895
25996
30640
28034
16156
4940
161
-8822
-16181
-17309
-24909
-26823
-15761
-9048
1593
15547
15353
14687
16595
11890
9643
8546
1391
-5436
-9965
-14395
-14644
-12313
-9440
-6168
-3688
181
4069
7014
8404
8728
9717
5863
2597
5466
3926
-843
-4124
-10913
-14971
-11688
-12150
-8676
751
-1076
823
10559
12101
14572
19412
16532
10727
3927
-6882
-12080
-12045
-12263
-8585
-5513
-3694
248
3646
8937
14455
13088
10214
10203
6838
2688
1041
-3326
-6744
-5795
-7818
-9390
-6093
-6516
-6299
959
4801
6039
10695
10703
6198
3222
-1218
-6842
-10489
-13987
-16561
-15304
-12727
-12324
-12053
-8024
2695
17897
27086
30114
29455
18114
4790
-2119
-10061
-16634
-17710
-21302
-21889
-13048
-7489
-46
11963
13921
12657
13129
10668
9029
7131
3198
-2769
-9718
-12254
-13340
-11837
-6364
-5900
-4390
1467
2661
2181
6588
7457
5415
8197
5057
4908
7720
930
-2919
-9466
-15985
-12954
-13316
-9053
980
-686
1765
11598
11119
13706
18458
14610
9356
2361
-6635
-10678
-10462
-10512
-7191
-4795
-3058
1572
3970
7903
12358
11966
10334
11415
6980
937
2667
-1312
-7472
-6230
-7125
-9907
-8494
-6243
-4948
-1851
2277
5669
8556
10638
8011
2599
-2683
-9287
-13395
-15163
-15810
-14250
-14251
-15846
-12211
-1729
12134
25056
30421
30166
23273
9901
3191
-3956
-14595
-16676
-20712
-24714
-18556
-11537
-2727
8609
13325
13525
14038
11432
8676
8817
5306
-878
-6235
-11110
-12824
-11193
-9215
-8136
-6337
-3649
-1940
1538
6052
7168
8759
9006
5283
6124
8235
5044
63
-7675
-13583
-13336
-14134
-11134
-2162
-785
-1461
5379
9508
12101
19011
20074
14581
8291
-1438
-9452
-11222
-11623
-9957
-6866
-5110
-807
3891
7202
13265
15060
11172
10461
7706
2485
2446
760
-3626
-4986
-7730
-10149
-8727
-7708
-6199
-2789
454
4304
8208
10007
9540
6880
1995
-4582
-11226
-15075
-15753
-14750
-13565
-15194
-16071
-9076
3536
17402
27766
30834
28560
18303
6616
2160
-6556
-15470
-17193
-23846
-24464
-14507
-9571
-282
11308
12251
13956
15528
11405
9717
7128
1361
-3727
-8704
-11972
-12691
-10998
-7789
-5895
-5010
-3504
-2002
872
4598
7313
9121
7979
6946
7081
6843
4478
-2191
-8898
-13883
-16660
-16193
-8385
-32
74
4445
10679
10983
14600
18620
15844
10382
2256
-7189
-10189
-10918
-10946
-7075
-5711
-2729
451
1251
10932
14464
9380
14640
12413
3096
6868
2295
-6207
-1937
-8381
-12763
-7704
-11271
-7987
-1445
121
4608
6209
6896
8860
6589
2901
-2830
-10396
-13223
-14265
-14691
-13657
-15119
-16978
-10160
5777
18634
26354
30665
26337
14475
6103
329
-8965
-12759
-16492
-22599
-19855
-13701
-7794
1680
9727
11066
11567
12114
10072
9130
7269
2564
-2596
-7290
-11243
-11857
-8812
-6961
-5947
-3822
-4182
-4379
-321
3053
6050
9964
9271
7481
8412
6536
2283
-2981
-10216
-13398
-13626
-13400
-6368
-727
-1809
2975
8594
8826
13999
18369
15166
10650
2589
-6895
-10200
-10913
-10309
-5861
-2179
-1250
861
4916
8769
11151
11269
10035
8006
4185
1683
1239
-560
-3023
-4763
-7219
-9394
-9296
-8400
-4845
-107
2386
5717
8907
6715
4746
3259
-6205
-9034
-10229
-16424
-11459
-10942
-16820
-16138
-9871
3288
18191
27127
29429
26582
14394
4532
1535
-6925
-13961
-17157
-21758
-20756
-13960
-7281
2887
11649
12322
11986
12060
11042
9604
6361
1825
-4418
-9896
-11342
-11440
-9143
-5071
-4632
-4491
-2742
-1895
291
3189
4985
6268
6405
6858
7812
6674
3181
-3641
-10835
-12490
-13339
-13052
-4861
-653
-2823
2949
8351
9043
15269
18022
14124
10490
2339
-6161
-8887
-10163
-9516
-6886
-4146
-1250
961
5150
10753
12736
11846
10659
8668
5328
2421
564
-2551
-5451
-6605
-8391
-9033
-8145
-7473
-4194
326
3367
7080
9448
7335
4000
-1505
-8716
-11565
-12369
-12625
-11076
-11173
-15544
-15635
-4385
9888
21620
28282
28391
20502
9508
4608
-1282
-9817
-13930
-18516
-22240
-17356
-11600
-2265
9532
10431
11516
12872
10394
9355
8457
7063
127
-7220
-11029
-12409
-10032
-8220
-6698
-4139
-3713
-3925
-314
2733
3988
6703
6104
4262
6535
7352
5102
1898
-6302
-13173
-12860
-13879
-12235
-3497
-1042
-1274
5991
9978
11689
17735
17467
11511
5532
-2856
-8141
-9793
-10800
-8283
-6596
-5387
-369
4160
10106
16754
15469
11620
10847
7366
3192
1639
-1615
-5795
-7634
-8225
-7014
-5353
-6138
-5512
-2122
150
2017
6808
9670
6274
2201
-2853
-10210
-14234
-14546
-14444
-12727
-12257
-16020
-12017
1762
14845
25235
29637
27336
17629
5734
1940
-3726
-11405
-14092
-19827
-21786
-16263
-10719
-1049
9657
12487
12352
13173
11266
9489
8294
3899
-1678
-7463
-10318
-10319
-9936
-6979
-6232
-5722
-2174
-3251
-3162
3432
4089
3674
7549
4920
7221
10161
3868
1000
-7432
-16047
-14297
-14761
-10140
-703
-410
1804
8322
9017
12563
17909
15270
10319
5319
-2641
-8889
-11121
-11521
-9323
-6286
-3705
655
5382
10134
14894
15624
13389
10950
6729
3206
1858
-1396
-5589
-8107
-10157
-10445
-8675
-7394
-4436
639
3536
5983
9867
9928
5017
-90
-5982
-13217
-16440
-15762
-14486
-12876
-13758
-14845
-5803
9651
20574
27959
30572
23443
11402
4468
-1984
-10816
-13283
-18218
-22819
-16400
-11963
-5312
7068
10374
10769
13636
12005
9709
9635
5881
459
-3344
-9120
-11628
-9546
-8858
-7391
-5040
-5147
-5197
-2513
-18
2507
5969
7063
6419
8238
9242
5741
2507
-3553
-12357
-14984
-14346
-13042
-4955
-263
-1646
5829
10266
10891
17220
18675
12966
4748
-1527
-8677
-11214
-9828
-10177
-6389
-5230
-2934
3189
7730
13712
15558
12812
12237
9817
4827
3539
1143
-3476
-6074
-8361
-8969
-8059
-7470
-5634
-1712
1526
3810
8222
10804
7391
3245
-1476
-9273
-13797
-14599
-14190
-13266
-15272
-17497
-13486
-953
14353
25324
30542
29313
19669
8296
3012
-4659
-12855
-15475
-21748
-23424
-16211
-10102
-216
9546
12116
13431
13978
11876
10025
8345
3026
-2759
-7185
-12135
-12911
-9437
-6423
-4007
-2624
-4080
-4586
-1653
686
3135
6368
6221
6224
9580
9653
5877
691
-8087
-14290
-14809
-15088
-9662
-519
-686
484
8404
8649
10098
17654
16816
11428
5977
-2945
-9002
-11939
-13264
-11007
-9277
-6163
-1526
3721
10091
14966
17596
15286
13022
11149
5266
739
711
-4189
-10648
-8655
-11967
-11599
-4984
-4727
1312
4864
4807
9811
9131
3934
-39
-6056
-12171
-14009
-14107
-14135
-15539
-17707
-14539
-3548
10690
22352
30147
30935
22209
12026
4820
-3881
-11474
-14304
-18387
-20769
-16008
-11683
-3770
6089
8916
10772
11004
10650
11872
11145
8199
2831
-3901
-10208
-12928
-12067
-9649
-7486
-5342
-3546
-3980
-2658
184
2454
5197
5511
5268
8518
9462
6377
2990
-4570
-12561
-14258
-14422
-11244
-4622
-3497
-1628
5079
8247
12524
19325
19057
12827
4528
-3817
-8634
-10803
-10389
-8467
-8441
-6856
-2476
1687
7960
13593
14211
14795
14036
8763
6431
5473
490
-2019
-4269
-10177
-10900
-8426
-8946
-5548
13
1009
4310
8868
8371
6843
4145
-2849
-9515
-12740
-15207
-13804
-11666
-13451
-15467
-15030
-5278
10460
22839
29192
29819
23194
10805
5035
227
-9881
-15091
-20153
-24775
-20204
-13532
-4980
8034
12982
12097
14005
13479
11753
11213
7475
907
-5915
-11600
-13315
-11401
-9324
-6955
-3885
-2737
-2753
-1450
41
2149
5564
6408
5477
7491
8830
6524
2840
-4889
-13161
-15030
-15181
-12150
-3554
196
1781
7680
10051
11240
16320
17419
13151
7586
-39
-8123
-12864
-12935
-10605
-8969
-6528
-2334
1499
6996
13874
16322
15534
14170
9679
5269
3688
566
-3668
-6218
-9300
-12331
-11432
-8090
-5020
-163
4294
5235
7311
8986
5819
1181
-5070
-11900
-14038
-13540
-12278
-11729
-14602
-15470
-9795
2892
16984
25880
31027
27033
14650
6552
1141
-6510
-11512
-14900
-18314
-18988
-16032
-6182
1810
4570
11712
11650
8259
13000
10839
7802
6958
-1472
-6563
-9413
-12379
-9343
-7236
-7226
-5461
-4688
-3972
-1624
1122
4469
5727
5355
7475
8757
6800
3985
-1628
-9141
-12702
-13570
-11926
-5665
-2295
-1910
3098
7310
9378
15104
17916
15292
10942
2541
-5236
-9177
-12785
-12166
-8987
-8210
-5255
-622
3691
9653
13397
14344
14897
12147
7755
5309
2347
-1488
-4578
-8509
-11785
-11421
-9901
-7483
-2007
2271
3834
6690
8566
6307
2374
-2265
-7937
-12516
-14069
-12626
-10639
-11324
-13169
-10514
-1344
10474
20538
27084
26978
18601
9818
4227
-3173
-8337
-10888
-16994
-19137
-15811
-12732
-3819
6199
9049
11224
12160
10555
11346
10626
6253
1447
-4124
-9548
-11356
-9682
-8642
-7450
-5246
-5707
-4575
-1576
-1610
2616
7270
4116
5335
9505
6353
4164
1171
-7422
-11061
-12122
-14127
-8550
-3392
-4267
719
7421
8691
12801
17632
16453
11909
5047
-2094
-7304
-11290
-11487
-9273
-8392
-6164
-2448
1464
7867
12919
13394
13936
13100
8487
6291
5215
164
-3721
-5919
-10333
-11712
-9487
-8935
-5935
95
2136
4062
8793
8336
4139
1144
-4642
-11187
-13634
-14061
-12888
-11301
-12957
-14171
-8124
3872
15388
24706
30480
26130
14760
7725
2028
-6823
-11033
-13492
-19208
-19265
-14836
-9765
804
8784
10185
12616
12343
10315
11319
8559
3083
-998
-6711
-10539
-9821
-8595
-7434
-5594
-5044
-5654
-4542
-2571
-677
3689
6684
5771
7242
9163
6783
3955
-1411
-10231
-13888
-14133
-13697
-6908
-1437
-1343
4267
9807
9283
13576
18500
15096
10170
4527
-4471
-10992
-13246
-12896
-10457
-8081
-4850
451
5787
11323
15492
15508
14001
11297
6405
3482
1907
-1811
-5104
-7375
-10154
-10873
-8514
-5065
-1231
2109
3961
5648
6774
5160
1367
-3938
-9711
-13031
-14166
-13448
-10820
-11648
-14317
-10859
-951
11461
22179
28367
27360
19045
9528
2605
-4799
-10949
-13530
-17841
-18791
-14113
-10187
-1893
7160
9180
10399
11984
10737
9826
9381
5411
871
-3230
-9078
-10270
-8288
-8085
-6589
-4737
-3997
-4178
-3419
-944
1274
3896
5014
5429
7641
6993
3554
126
-5792
-11504
-12658
-11501
-7010
-1447
-1221
821
5242
5664
10489
18200
18518
13963
6138
-3627
-9951
-13241
-12378
-8566
-6977
-4749
-663
3957
9729
13977
15365
14235
11182
7667
3957
1602
108
-4133
-8273
-9261
-11333
-10405
-4648
-1990
1793
5096
4609
7057
5810
151
-4346
-10260
-13796
-13991
-12743
-9257
-9252
-11835
-8528
539
11602
20868
26099
25403
16858
8227
2911
-4148
-9505
-12349
-16294
-17015
-14010
-9711
-1639
6005
8685
10515
11174
9334
9177
8570
4809
1389
-2657
-7544
-8723
-7355
-6951
-6774
-5930
-5579
-5353
-3537
-1306
1134
4413
5698
6290
8478
8116
4460
-530
-6800
-10947
-12095
-11120
-5611
-985
-1477
1030
5276
5815
10367
16973
16327
11936
4924
-4440
-9437
-11032
-10704
-7464
-5860
-5165
-1908
2575
8051
12150
12927
13202
11948
8444
6399
4261
-192
-3762
-6965
-11015
-11649
-9419
-7212
-2502
2094
2861
4242
5266
1954
-1784
-5006
-9074
-11218
-11627
-11507
-11282
-12649
-12340
-5299
6393
16885
23747
26225
21658
12703
5555
-1057
-7741
-11433
-14123
-15599
-13467
-9995
-4565
2548
5683
6518
8923
9229
8291
9298
8271
4690
1387
-2736
-6316
-7418
-7497
-7052
-6506
-6701
-6734
-5243
-3005
-870
2376
4527
4788
7552
9522
6956
3240
-3086
-9391
-10357
-10942
-9122
-1918
314
29
5497
7936
6955
10763
12753
9400
5667
121
-5436
-7118
-7331
-6209
-4418
-4494
-3985
-1657
2279
7896
11282
12432
13373
10544
6597
6017
3337
-1296
-3282
-6970
-11154
-10223
-8574
-7034
-1732
2372
3192
4732
4101
-423
-4157
-7365
-11445
-13051
-12365
-12447
-13049
-12088
-6592
4171
14805
21541
25002
21562
12615
7317
1886
-7069
-10579
-13365
-18450
-14740
-8766
-5421
4007
8568
4408
6839
8750
4654
7618
9909
4172
2331
734
-4847
-5934
-6512
-8903
-8419
-8132
-7711
-5299
-2345
1285
3881
5300
5700
5869
7927
7293
3528
-1158
-8343
-11628
-10868
-9727
-3751
-388
-939
4759
9784
12061
16371
15603
10040
3015
-5325
-9231
-9559
-9050
-5692
-2764
-2434
-2028
-30
3390
6792
9135
10374
11546
11660
8683
6678
5744
567
-4388
-6643
-10710
-12377
-9576
-7336
-3558
1623
3473
5413
7072
3106
-1900
-5629
-10747
-13161
-12683
-13072
-14256
-16697
-16044
-6436
8517
21195
27487
27629
21157
11534
7086
2719
-5795
-10510
-15400
-20822
-17384
-11329
-5490
3374
7063
5930
6674
7666
9316
12003
11761
7771
2791
-2221
-7126
-8684
-8153
-9960
-10769
-9504
-9179
-6429
-1067
3060
6521
7752
6909
8953
11315
9576
4568
-4205
-12292
-14712
-14845
-10645
-2816
-1105
-336
5776
9215
11583
16577
16999
12105
4847
-4094
-10063
-11950
-11668
-8695
-6230
-5564
-3184
265
4558
9636
11291
11437
12347
9977
7035
6427
3649
-374
-2798
-6235
-10094
-11114
-10621
-9356
-5062
-315
2646
6915
9277
5751
1021
-3909
-9916
-12555
-11942
-11389
-11088
-12273
-14629
-11924
-799
12145
21202
26938
25698
16729
9788
5759
-1996
-9021
-13074
-18347
-19372
-14188
-8625
-717
6806
7596
7592
8780
8252
9975
11891
8910
3400
-2581
-8013
-10320
-9236
-8038
-8167
-7193
-5920
-5004
-1688
2332
4948
5833
4327
4535
7213
7620
5674
446
-7881
-12635
-13315
-11626
-4554
1824
2849
5843
9293
9383
11507
13051
9774
3811
-4049
-9362
-10573
-9589
-4658
-1059
-994
67
-375
1014
6511
8025
8142
10026
8261
6267
7033
5743
2744
704
-2297
-6957
-8789
-7613
-7193
-5228
-1515
137
1867
4915
4172
223
-4027
-9348
-13122
-12887
-9990
-8346
-8253
-10234
-12617
-5618
7695
18697
26114
26923
19516
8836
3800
-924
-9188
-11437
-14832
-18861
-13939
-8489
-1934
6878
9142
7387
6357
4498
4515
7827
8266
5311
1760
-2827
-5540
-4752
-4492
-5840
-6662
-8225
-10107
-8460
-4520
-936
3921
6482
5551
8233
10218
7307
4793
-1931
-10174
-9706
-7365
-3667
4974
5596
465
1643
2223
1963
7539
10291
7266
4416
36
-3742
-2622
-904
-450
-833
-3936
-6632
-5396
-208
6204
9333
10398
11641
10229
7501
7120
4965
316
-3225
-6404
-9220
-9590
-7336
-5550
-4167
-5620
-7432
-6736
-9649
-9627
-6436
-6287
-5794
-5913
-8455
-8761
-28
12364
20404
24464
22992
13853
4436
367
-5997
-12572
-14558
-17369
-16023
-8266
-904
8344
15320
12895
8478
4203
-1112
-2112
-1100
-1675
-876
1101
1632
2230
3532
1486
-3503
-6777
-9105
-10787
-9125
-6435
-3559
1299
4095
5395
9410
10310
7042
3581
-3763
-9452
-8388
-7411
-2679
4606
3932
3810
7857
6759
5494
7109
5411
1705
-1458
-3529
-3471
-2066
656
2680
1317
-714
-2044
-2720
550
4641
5499
8078
10596
8081
6718
6582
2295
-894
-1828
-4982
-6280
-5006
-5501
-4456
-2390
-4795
-7148
-7842
-11919
-13613
-10154
-8099
-6140
-5289
-9213
-9745
-1934
10126
22005
28152
26547
17887
6209
-624
-5787
-13471
-16547
-16430
-17620
-13115
-2683
5806
11671
15051
12988
7295
2034
-906
-872
-545
-1585
-1359
-750
-653
1395
1972
-1327
-4575
-8103
-11478
-10618
-7924
-4700
1071
4638
6063
10383
12331
9586
5146
-3186
-9725
-10071
-9287
-4106
2220
609
85
3684
4388
7795
13586
13655
9393
2692
-3743
-5453
-5219
-3879
-189
33
-3453
-4160
-2559
564
5791
8744
9611
10975
10139
8237
6942
3097
-1495
-3843
-6626
-8924
-7663
-6018
-3989
-100
-32
-3134
-4784
-8329
-11047
-9008
-7603
-6238
-6263
-11233
-14695
-11944
-1420
13812
24508
27373
24125
14231
5457
2489
-5001
-12443
-15357
-20126
-18890
-11694
-3406
6585
10835
9613
7240
4418
3761
5056
6404
4852
1370
-829
-1493
-419
-143
-1643
-4629
-8367
-10928
-11684
-8945
-6029
-2657
1864
4805
8633
11587
14601
13592
4271
-4442
-8668
-10560
-9624
-3219
-137
-3621
-2008
1262
3003
9601
14027
12760
11113
5404
-214
-904
-2816
-2676
-1247
-4671
-7337
-7687
-6570
-562
5286
8459
12679
13912
11189
10532
9435
4014
-912
-4668
-9096
-10084
-9199
-9437
-6020
-2512
-3720
-3382
-3002
-7095
-9387
-7914
-7133
-5079
-4357
-9382
-14269
-12178
-243
13781
22509
26225
22860
12482
4493
1512
-5983
-10432
-12116
-18549
-16828
-9665
-3930
4740
11467
10818
6394
3119
1573
1867
4119
6048
4648
1583
-818
-2809
-3262
-3508
-5934
-9209
-11550
-11769
-8696
-4487
-173
4175
5885
7621
10967
11586
8407
1927
-4468
-6506
-8332
-8151
-1059
1191
-1763
1655
4191
3612
8499
10275
7445
7777
-27
-5393
660
-511
522
5140
-376
-4896
-4482
-4430
687
6785
7203
9822
10704
7045
7749
8040
3327
-1117
-3964
-8238
-11182
-9599
-6075
-2251
-831
-3128
-4925
-6468
-9554
-9486
-7219
-7193
-6918
-6918
-10348
-12635
-7700
3492
15632
23359
25580
21632
12487
6387
1879
-6534
-12074
-14855
-19255
-17057
-10430
-5279
4266
9782
8131
7634
7010
5124
3689
4509
3565
1921
1017
-978
-481
-1729
-5496
-7667
-9552
-11759
-12095
-9687
-6109
-299
5484
7817
11257
15544
13042
7516
2059
-6119
-9330
-8459
-7839
-2779
-2277
-6844
-2384
3835
6672
13465
17339
14194
8372
1436
-2853
-4072
-3701
-2365
-2994
-4794
-4767
-3397
217
5471
8454
10314
13057
13499
10278
9729
7205
366
-2127
-6754
-11837
-10826
-10126
-9777
-2901
29
-3377
599
-3381
-10368
-8706
-10181
-7796
-4699
-6454
-10180
-15618
-15316
-4169
13011
24874
28117
25439
15638
4538
357
-4339
-10539
-12775
-17492
-19426
-13623
-6598
3494
11735
10295
6170
2888
1024
4066
7300
6826
4192
993
-160
489
708
-160
-3174
-7958
-12149
-14825
-14239
-9077
-2843
1756
5323
9010
12652
14268
13055
7234
-2621
-8060
-9762
-12029
-6199
-883
-5407
-4284
1086
2936
10273
18777
17752
13807
6355
-3647
-5257
-5301
-4664
-1811
-3554
-6945
-7047
-2474
3446
9313
12776
13997
16109
13601
9362
8606
3348
-4314
-7072
-12213
-16643
-12433
-8123
-4678
968
1927
403
1269
-1972
-7277
-8752
-10880
-11993
-9349
-9531
-14672
-17866
-12565
1872
18881
30164
30288
23586
16905
4848
-2815
-4103
-14161
-19764
-19191
-20614
-13724
-2387
5499
11634
11167
5449
4261
3796
3976
6700
5420
2683
-338
-3333
-2568
-1966
-3955
-5538
-7852
-11513
-12557
-10492
-6756
-887
4001
5551
8654
12517
12878
11735
5809
-3775
-8219
-9914
-9616
-4513
-3210
-5185
-2218
1647
6479
14355
19325
17581
10617
2652
-3299
-6823
-7886
-4395
-3047
-5923
-5198
-2956
658
6535
11402
11148
10090
11798
8598
6900
7233
1429
-3403
-6705
-12352
-13131
-9376
-7104
-2981
767
972
1403
727
-3090
-7137
-10874
-12621
-10147
-9581
-10199
-11393
-15063
-9732
5396
18801
26655
29439
23442
11470
5605
-396
-9909
-12525
-16538
-22023
-18563
-12985
-4936
6524
10580
10197
10023
5824
3824
6344
4711
3750
2224
-2808
-1734
-1822
-2434
-2995
-6657
-6896
-10510
-11072
-6754
-5044
-1866
2960
6871
8994
13244
14441
10276
3239
-6061
-9827
-10408
-9710
-4568
-4068
-7985
-4092
1688
7482
19065
24305
21200
14794
3699
-3592
-6833
-10396
-8756
-7780
-10173
-6986
-1936
3309
11417
14283
13124
14510
12621
8839
9102
5764
-2379
-7025
-10314
-14321
-13856
-9943
-7228
-4128
659
3231
4105
4368
-411
-6452
-9065
-12409
-13492
-10983
-13198
-17592
-16366
-8229
7098
22416
29839
31273
24583
12293
5708
-309
-9473
-13464
-17842
-22549
-19241
-13826
-5687
4996
8292
9309
10777
8198
7590
8558
6652
3942
715
-1435
-2025
-3537
-5435
-7527
-9497
-10375
-10524
-9175
-6430
-2806
1648
4193
6006
10790
13746
12272
9267
1533
-7085
-9907
-12186
-11048
-5974
-7556
-6512
2512
7128
12682
21493
21716
16168
9610
1182
-5874
-10241
-10347
-7978
-8785
-8730
-4558
-581
5174
12423
13928
13410
15519
13497
9634
8844
3136
-4694
-6285
-9541
-14157
-11843
-9645
-9198
-3733
1367
3711
7747
8582
3494
-1861
-7215
-13027
-14496
-13248
-14363
-16256
-17567
-15321
-2906
14135
25216
30744
29058
18461
9994
5979
-1549
-8178
-12936
-20843
-23766
-19873
-14422
-4187
5413
8874
11216
10822
8863
10148
10718
9214
6335
1011
-4139
-7282
-8265
-8407
-9345
-9867
-10352
-10083
-7136
-4035
-461
4423
6532
8343
12778
14186
12148
7291
-2634
-10097
-13292
-15982
-11886
-6964
-7985
-3466
3553
6815
14305
20461
20413
19345
13225
3854
-2237
-7619
-10871
-10822
-11166
-10337
-8093
-4048
4322
10659
14059
19927
19979
14089
12919
9532
1557
-1372
-4727
-11739
-14626
-15298
-15521
-11013
-4882
-189
5889
10235
8836
5804
920
-7744
-13016
-14148
-15970
-15867
-16583
-20037
-14925
257
14171
24267
30370
26093
15590
10036
4704
-4433
-9219
-14244
-21494
-20549
-16036
-10101
897
6135
6174
7611
5909
6253
10866
11689
9384
5395
-137
-4012
-5800
-6161
-6902
-8689
-10303
-11940
-11201
-7890
-4461
1138
5835
5934
8575
13739
14072
11480
4998
-6033
-11921
-13197
-13302
-7422
-2871
-3050
1356
6246
8343
13308
17069
15623
10334
2696
-3517
-7693
-9449
-6908
-4380
-4598
-4308
-2430
1052
6597
10934
11993
12768
12128
8445
7282
7126
2426
-2060
-5366
-10693
-13146
-12314
-11226
-6600
-839
2286
6458
8798
5821
1927
-4198
-10914
-12369
-13711
-14362
-11543
-13705
-15529
-7143
5052
16346
24997
27357
22448
13063
6492
864
-7488
-12168
-15992
-19974
-16960
-12230
-6981
1653
5730
6362
8650
8918
8915
11426
11617
7353
2745
-1232
-6563
-9649
-9451
-10667
-11602
-10418
-9947
-8206
-4131
-384
3759
6731
7668
11126
13873
12059
8893
561
-10095
-12944
-13788
-13035
-5449
-2162
-2096
4119
8679
11087
16306
17805
14025
8032
558
-5286
-8034
-7767
-5116
-3885
-4593
-3719
-1366
1740
6990
10940
11512
12998
13049
9780
9037
6933
286
-3539
-7378
-13554
-14131
-11688
-9888
-4472
1077
3613
6312
6416
2070
-2422
-7025
-12048
-13477
-12423
-13031
-14699
-15255
-11568
-816
12852
22415
26255
23866
15523
8640
4656
-2867
-9721
-13953
-19344
-19210
-14774
-10308
-569
6069
5917
9000
10038
7963
10601
11874
8585
4547
260
-3296
-6933
-9838
-10019
-10281
-10841
-10126
-9218
-6572
-1485
2978
5939
7922
9629
12041
12774
10198
3819
-6363
-13104
-14164
-13286
-7861
-3193
-2348
2872
7039
8812
15407
17639
14087
10618
3152
-3533
-6191
-7811
-5053
-3208
-5884
-5111
-2258
-162
5240
10678
12277
13342
13688
11328
9212
6881
1782
-2814
-6681
-11584
-13219
-11794
-10014
-5173
266
2898
5470
6435
2833
-1699
-5892
-10587
-12604
-12394
-13146
-14464
-15363
-14619
-6062
8664
19677
25861
27001
21125
11765
6390
847
-8000
-12347
-17266
-20702
-17849
-13263
-4840
4075
8526
10289
10228
8697
9832
10623
8397
6620
1437
-4409
-6897
-9736
-11108
-10451
-11547
-11158
-8792
-6890
-2905
1643
6345
8590
9466
13037
14335
10458
2539
-5123
-13052
-17799
-15019
-10251
-4437
-1542
256
5834
9319
12692
19423
21835
17195
9657
53
-7674
-10200
-9672
-8317
-8505
-8924
-6558
-2185
3855
10974
15420
17072
17112
13835
10360
8468
3720
-1928
-5792
-11600
-15443
-13405
-11665
-8995
-2055
2608
4836
7764
6863
1973
-3040
-7526
-11188
-13330
-13466
-14002
-16844
-17700
-11987
870
15454
25189
29296
24859
13785
6652
2226
-3971
-8802
-13890
-18330
-18328
-15345
-8156
1230
6185
7569
7959
7240
7222
8791
9816
8034
4196
778
-2652
-6202
-8301
-9615
-11520
-12996
-12227
-9980
-6709
-1887
3860
7216
8987
12252
13813
13021
8938
603
-8231
-12969
-15072
-14437
-7641
-5301
-4909
1822
6578
9816
16686
23589
21383
14617
9682
-608
-8827
-8342
-9677
-11162
-9244
-9706
-6738
687
5989
11744
15894
16135
15450
13984
12647
9706
3494
-2200
-8168
-14511
-16040
-14582
-12511
-7598
-2658
1313
6736
9344
7074
2766
-3422
-8956
-12202
-14286
-13997
-14462
-17339
-16387
-8280
4988
17965
26115
27752
20575
11163
6472
934
-4926
-8160
-13783
-17998
-16166
-12034
-4748
3567
6035
5452
5689
5147
6340
10009
10839
8161
4303
-525
-4470
-6389
-7976
-9950
-11636
-12647
-12087
-8994
-4961
-218
5555
7751
8159
12024
13699
11218
6822
-2511
-11102
-14304
-15757
-11725
-5136
-4449
-2035
5526
9879
13212
18419
18987
14128
7661
335
-5719
-8283
-7913
-6822
-7112
-7263
-5771
-2510
3567
9007
11257
13352
14249
12220
10794
10597
6806
84
-3369
-7845
-14794
-13874
-11326
-12066
-5269
1559
3181
7882
8928
4980
1715
-5335
-12029
-14198
-15716
-15314
-15226
-16780
-15646
-8922
4513
18925
26855
28117
23349
13743
8358
4547
-4507
-10154
-15285
-20701
-18075
-13516
-7305
1343
5675
6884
7620
8362
9491
12093
12208
7312
2527
-3502
-8698
-9413
-10753
-12172
-11465
-11524
-10757
-6811
-2695
1911
7048
8500
7893
9545
10913
9088
5551
-2106
-11476
-14484
-14588
-12788
-6001
-3199
-2107
5192
9914
13160
19243
19118
14599
9470
1249
-4635
-7653
-9974
-8268
-7374
-8878
-5937
-1568
2069
8968
13536
13174
14337
14532
11902
11272
7654
-146
-4492
-8943
-14351
-13545
-11312
-10270
-4454
1056
3751
7996
9336
5235
120
-5563
-12954
-16638
-15370
-13721
-14573
-15685
-15163
-10375
3870
17267
25819
29158
23751
15994
9420
4666
-4308
-10595
-14694
-21610
-19049
-14661
-9158
1295
6499
7921
9187
8556
9145
12638
12312
7724
2408
-3548
-8480
-10118
-9740
-10521
-11165
-10625
-9712
-6947
-2024
2297
5571
7834
8082
9808
12221
10245
5275
-2811
-12373
-16583
-17191
-14287
-6371
-1764
721
5944
8476
10343
15702
20053
19308
13058
5086
-2813
-9842
-10890
-9008
-9831
-9997
-8709
-5749
1723
9771
14573
17631
18205
15499
13068
11342
6641
931
-3950
-11068
-16318
-15405
-13240
-9876
-3142
1974
5057
8593
8689
4964
226
-6759
-13003
-15020
-15406
-14379
-13460
-15695
-16198
-9462
4149
18556
27432
29834
23490
13728
9026
2230
-5497
-8386
-15080
-19820
-16408
-13660
-7686
1293
4270
4918
6789
8182
8051
9978
13399
7949
1203
616
-5793
-10571
-8049
-10884
-12521
-10115
-11049
-7655
-1718
664
5043
7515
6437
9521
12537
10649
5437
-4040
-11949
-14970
-16492
-12082
-5017
-4177
-1851
4013
6382
10884
18247
22292
21178
14253
4703
-3845
-10607
-12876
-10438
-11662
-13033
-9174
-4412
3678
11473
15684
17681
17285
14715
11934
11317
6312
-484
-4172
-10365
-15212
-13618
-11403
-9574
-4372
-290
3192
8419
9459
6764
2772
-5205
-12678
-15148
-16599
-15786
-13513
-14892
-16767
-12502
-1104
13075
24758
28753
26049
17569
9204
5443
-724
-6279
-11797
-17991
-18625
-16488
-11716
-3562
2873
5208
6963
7588
8045
11159
11835
9433
5359
-439
-4989
-7594
-8554
-9309
-10373
-10351
-10350
-8560
-4391
-1076
2552
5342
5807
8690
11297
11737
10267
198
-8046
-11343
-16727
-13869
-6592
-3995
-2387
1384
5364
9097
15020
20032
21537
17114
8467
43
-7192
-11173
-11874
-11710
-12162
-11027
-6756
-282
7348
13156
15815
16948
16423
13819
11254
8156
3162
-1951
-7127
-11840
-13572
-13448
-12140
-8266
-4271
-304
5841
9640
8394
5139
-1388
-9851
-14018
-15018
-14499
-12313
-13524
-16524
-15169
-8027
5964
20254
27544
28795
21931
12411
8563
3006
-4708
-8498
-13239
-17173
-15856
-12637
-6805
-130
2651
4435
6111
6642
9632
12707
10899
6784
1972
-3109
-5295
-6102
-7640
-8416
-9658
-11402
-9897
-5565
-2385
57
3066
3913
4764
8911
11331
10490
6796
-2120
-9529
-11996
-13199
-8832
-2740
-3084
-1490
4360
7136
11215
17517
17769
13521
8291
-514
-7527
-8873
-10774
-9692
-5154
-7355
-7050
1230
4434
7535
13540
13345
13024
12748
8956
8410
5818
-661
-3111
-5997
-10328
-11164
-10883
-9524
-6075
-2302
2002
6154
7902
6347
2249
-3544
-9594
-13565
-15388
-15242
-13655
-13791
-14844
-12927
-5931
6857
20058
27288
28261
22990
14786
9041
2632
-5784
-11427
-16253
-20661
-19072
-13863
-8031
265
6514
8193
9163
9516
9965
11130
9635
5619
720
-4220
-7053
-7801
-7608
-7764
-8634
-8468
-7594
-6301
-4123
-1768
1428
4198
6283
10049
11876
9541
5023
-3077
-10674
-12290
-11439
-8112
-2511
-1802
-2032
2632
5553
8196
15121
19262
18177
13048
4136
-3352
-8663
-11099
-9253
-9449
-10319
-7285
-3526
2748
10395
13372
14483
15390
13842
11845
10218
6595
1112
-3253
-7445
-12699
-14211
-12160
-10737
-7626
-2320
2030
5089
6252
5038
1191
-5845
-11126
-11936
-13587
-14608
-12347
-13738
-16455
-11790
-553
13877
25044
28507
25829
16320
7668
4645
-1351
-6774
-9510
-15604
-17060
-13538
-10895
-3783
2547
3047
4536
5576
5793
9734
12385
9770
5756
1829
-2207
-4332
-5229
-7269
-9231
-10246
-10980
-10127
-7675
-4767
-496
3356
4569
7219
10897
10565
9266
5530
-3638
-8190
-7977
-9112
-5923
-2965
-4937
-2330
2921
6414
12240
15981
14329
10682
5038
-1008
-4969
-7219
-7480
-6969
-7248
-6345
-3171
821
5490
9485
10364
10810
12168
11622
11033
10098
5783
1594
-2587
-7975
-10000
-10902
-11879
-9056
-6115
-3542
1455
4838
5480
4496
1373
-3201
-8600
-12062
-12864
-12617
-11045
-11273
-13468
-12205
-4677
8589
20334
25794
26508
19444
10838
8686
3697
-4769
-9639
-15259
-20050
-19070
-14727
-7696
-288
4144
6881
8238
8865
11043
13092
11878
7399
1733
-2816
-5473
-7093
-8415
-9865
-10870
-10689
-9902
-7837
-3928
235
3682
5718
7241
9514
10634
10143
6566
-1584
-7550
-9235
-10789
-8233
-3681
-4622
-3950
1901
5972
11090
17792
18136
13816
7980
-68
-5487
-7514
-8921
-8290
-7821
-7680
-3901
503
4388
9806
11996
11808
14058
13798
10917
10297
6750
-265
-4077
-7081
-10855
-11512
-10711
-9866
-7300
-4428
-1215
3629
6498
5603
3273
-1737
-7974
-10515
-11656
-12533
-11255
-12323
-15397
-14819
-9568
2444
17726
25989
27182
23642
14589
8411
6229
-1075
-8466
-12971
-19957
-21624
-16586
-11452
-2745
4671
5798
6969
9007
11381
12419
11721
10757
2934
-4029
-2546
-6122
-9843
-7581
-11162
-14025
-11339
-9764
-5655
-994
2052
6594
8565
9532
12323
12354
8685
1372
-6953
-10712
-11992
-10984
-5961
-4556
-5645
-536
4729
7476
14541
20684
20490
15967
6946
-2575
-8927
-12490
-11641
-10023
-10552
-8170
-3202
2122
9598
14739
15091
15893
15375
11578
10111
8056
1104
-3858
-6199
-10358
-12035
-10962
-11448
-10271
-6755
-3787
1497
6941
6880
4707
1568
-4864
-9361
-10455
-11936
-12202
-12225
-15080
-16981
-13382
-2459
13016
24093
27345
25075
17697
11220
8926
3330
-4740
-11000
-18523
-22581
-19264
-13895
-6589
1054
4670
7011
9197
10681
12694
13087
10185
5194
438
-2621
-5112
-6847
-8076
-10820
-13494
-13688
-11594
-8193
-3923
1049
4461
6357
9828
12820
13179
12223
7202
-1981
-8552
-10547
-10274
-8464
-6790
-5802
-4297
-1152
5970
14529
18901
20066
17210
7734
-1491
-6600
-10560
-11185
-9434
-9744
-8616
-4266
305
6448
12299
13343
13562
14801
12737
10207
8875
3717
-1838
-4107
-7894
-11707
-12262
-12387
-11789
-9197
-5283
543
5902
8256
8118
4736
-828
-5716
-9192
-11750
-13357
-14564
-15937
-16262
-15141
-9268
3417
16137
23595
26497
23869
16321
11695
8447
-266
-7989
-14309
-20952
-20596
-16818
-12039
-3486
2700
5190
8195
10510
11423
13074
12956
9169
4307
-355
-3569
-5849
-8670
-11279
-13595
-15058
-13449
-9057
-4508
-663
3431
7377
9827
12190
14739
14537
10057
2300
-6245
-11830
-13034
-11850
-8202
-5793
-6951
-3628
3204
8897
16168
20545
19438
12715
3576
-1806
-7524
-11235
-10430
-10379
-10868
-6470
-1069
2288
10201
13250
12696
15168
14388
12848
10665
6963
935
-3731
-5946
-10283
-12742
-12971
-13140
-10854
-5800
-1592
2954
7328
7966
6417
2102
-3677
-7993
-11193
-13266
-14036
-14583
-15333
-15516
-11517
-982
11729
22462
26970
24927
19160
12609
8739
2426
-6033
-12292
-18267
-20727
-17790
-12958
-6300
1029
4571
6692
8951
10052
12225
13039
10594
6305
1323
-2398
-5170
-7862
-10041
-12895
-14640
-13540
-11954
-7964
-2877
1106
5607
9179
11970
14465
15992
13145
5438
-3133
-10520
-14720
-15569
-12232
-8555
-7645
-3100
3322
7099
12661
18489
20422
18857
11987
3284
-3825
-10246
-11824
-10741
-11649
-10391
-6304
-1169
5528
11282
14857
16106
15365
14258
11479
8211
4903
-594
-4875
-8613
-13668
-15133
-13423
-11815
-8937
-2882
1903
5904
11918
10854
5877
1176
-6711
-11339
-13616
-15313
-14259
-13721
-14675
-14764
-10308
1518
15988
24949
27790
24156
15876
10962
7179
-318
-7176
-13406
-19497
-20532
-18003
-13096
-4938
1820
6009
8941
10295
11819
13207
12553
9378
3917
-870
-3524
-6324
-9594
-12193
-13898
-14239
-12563
-9230
-5341
-991
3771
7697
10380
12235
13482
13577
10135
2442
-5949
-11554
-13718
-12785
-10002
-8095
-7337
-4181
1712
7259
12614
18117
20939
18450
11381
3348
-4590
-11058
-11788
-10315
-11268
-9559
-4796
-620
5808
12216
14488
16257
16397
12557
9773
7121
2071
-664
-2950
-8807
-13461
-14566
-13908
-11489
-8070
-3635
2321
7771
10731
10099
5626
-527
-5964
-10185
-13558
-15613
-15640
-14735
-14214
-13377
-10226
-1551
13415
25733
27636
22859
16752
11415
5867
41
-4782
-10983
-17301
-17283
-14771
-12537
-4997
1306
4149
5929
5965
8105
10698
12333
10548
6420
2502
-2084
-5240
-8358
-10854
-13375
-15124
-13119
-10301
-6819
-1925
3598
8992
11000
11562
14441
13665
9424
4626
-5306
-12777
-13627
-13981
-10063
-5573
-6148
-2818
3590
7659
13467
18776
19031
14697
7115
-749
-7282
-11044
-10469
-9050
-8722
-6403
-2528
1145
6686
11752
12316
13016
14218
10882
8448
7852
2330
-2130
-3124
-8230
-12513
-11755
-12015
-10781
-5466
-1324
3099
9120
11415
9751
6707
1430
-4832
-9907
-14031
-16656
-17066
-15587
-13452
-11637
-10292
-5647
4916
16243
24227
26926
23575
16172
9266
5160
-2522
-10418
-14211
-19982
-19623
-15746
-11980
-1493
3877
6255
10075
9759
9405
13003
12418
5905
4105
-3176
-8444
-7580
-13026
-12356
-11142
-12760
-9443
-5517
-1166
3368
7110
9293
8971
8969
10082
8286
5022
-753
-9353
-13546
-14428
-12974
-7935
-4841
-3524
518
4360
7394
12912
17452
17540
14158
8147
1208
-4568
-7552
-7662
-8426
-9549
-7740
-4649
250
7629
12480
14590
15893
13763
9962
8034
5651
1644
-1957
-5691
-9353
-10499
-10430
-9999
-7100
-3837
-1276
3107
6824
7902
7811
4449
-1531
-6139
-10774
-15080
-15488
-14421
-13473
-11268
-11039
-11472
-5656
5786
17356
24845
25996
21438
14094
8875
5435
-552
-7061
-13067
-18184
-18470
-16359
-11773
-2941
2151
3538
6341
7390
8923
12918
13405
9433
4408
167
-3177
-6016
-8709
-11831
-12955
-11814
-10438
-6273
-1423
659
3274
5391
6531
9761
11953
12212
9535
53
-7902
-9444
-12091
-11880
-6701
-7125
-8401
-3173
1348
6692
14962
18357
17556
14303
7433
1589
-2842
-6441
-7003
-8396
-10403
-8198
-4143
675
7249
10893
11003
12201
13261
12547
11506
7685
1466
-2335
-5343
-9085
-9513
-8457
-9296
-8140
-4862
-2857
720
5969
8436
8754
7333
3045
-1443
-5724
-10884
-14673
-17025
-18377
-16550
-13756
-12344
-8769
-1183
9602
20352
26104
27470
23664
14922
9299
3836
-5872
-11978
-16747
-22086
-21274
-17840
-11782
-1208
5423
8645
12092
12593
12512
13127
11249
7011
1787
-3107
-7284
-10773
-12495
-12714
-11638
-8923
-5886
-3164
-336
2423
5069
7377
8990
10200
10269
8002
3155
-3884
-9804
-12401
-13689
-12594
-9039
-7825
-5777
1378
6781
9859
15681
19534
18382
16063
11107
2900
-3486
-8224
-11163
-12124
-12336
-9968
-5412
1050
7492
12541
16212
17174
15230
11356
7950
3236
-1250
-2362
-5127
-8524
-8704
-9611
-10067
-6703
-4007
-1446
3707
7271
8389
8728
7018
3082
-1561
-6868
-13020
-17475
-18431
-16975
-14057
-11399
-10216
-7808
-597
11481
22418
27293
27444
21982
13027
7491
2477
-5045
-10967
-16631
-21960
-22177
-17678
-10184
-1526
4843
8282
9554
10691
13561
14909
12357
7979
2150
-4122
-7769
-9790
-11392
-11223
-10558
-10123
-8118
-4692
-1040
2897
6876
8891
9443
11084
11249
8447
4047
-3874
-11388
-14079
-15153
-13228
-8626
-7092
-4486
1594
5192
9376
16332
20349
20398
17176
9868
2087
-3806
-8086
-9278
-11777
-13969
-12070
-8038
0
6788
11229
15908
16334
14345
13645
9959
4221
1878
-2713
-6962
-7963
-10236
-9254
-7466
-7189
-4699
-1366
2321
6215
7983
8019
7622
5725
2182
-3589
-10778
-16372
-19608
-19839
-17158
-13987
-10669
-7423
-4483
2713
13727
21388
25682
26378
19473
11408
6725
-157
-8292
-14107
-19729
-22503
-19985
-15353
-7711
237
5488
9238
10656
12039
13849
14233
11794
6863
1509
-3702
-7265
-9888
-12164
-13684
-14271
-12171
-8229
-3061
2714
7196
10065
10505
9486
8637
7728
5003
-593
-7938
-13859
-14962
-13945
-9970
-4654
-4185
-1680
3866
7150
12058
17292
18212
16232
11365
4489
-618
-5802
-10425
-11611
-12997
-13195
-8714
-3436
2636
9963
13601
15198
15934
13097
9508
6071
1362
-2538
-4707
-6827
-8166
-7272
-5775
-3934
-405
809
462
3933
4563
4863
8896
7292
4188
2186
-3718
-9651
-13419
-17728
-19297
-16585
-14337
-9770
-5323
-4773
-1495
6327
16108
23377
25912
23105
14169
6227
472
-7101
-12957
-17404
-21490
-21461
-17262
-10498
-1298
7224
11604
13333
13498
12199
11250
9713
5856
1253
-3052
-7045
-8988
-9208
-10195
-10555
-8539
-6295
-3936
-332
2629
5126
7624
7325
6233
6356
4741
1163
-3544
-9223
-12577
-11967
-10510
-6262
-1503
-967
1781
6026
7446
8964
11542
12799
12009
9807
5030
126
-3853
-6868
-6710
-7055
-9169
-9087
-6413
-875
6311
10901
14406
16089
12821
9959
7363
1639
-1682
-2771
-5859
-7021
-5555
-4471
-2104
351
502
840
2193
2476
3316
5275
5047
3271
1453
-1767
-7031
-12183
-16411
-18639
-17536
-14519
-9592
-5386
-3430
-3433
-274
8163
14977
21873
24955
19291
10415
3493
-1900
-9930
-15430
-18280
-21204
-18809
-12720
-5328
3711
9866
11641
11855
10082
8689
10088
9613
6065
2050
-1999
-5936
-8205
-8130
-9127
-9826
-8904
-8482
-5760
-2133
1384
5320
6930
6913
7514
8058
6237
2712
-3559
-10625
-12908
-11896
-8566
-3748
-2518
-2038
2173
4732
6541
10957
13360
13442
12689
9633
5319
1108
-3667
-6356
-9039
-13437
-13445
-10754
-5792
2703
9612
13804
16347
16204
13781
11526
7692
2560
-238
-2777
-5707
-6370
-5762
-5529
-3866
-949
889
2406
4460
5691
5945
6167
5242
2738
-653
-5364
-9892
-12834
-15404
-16439
-14854
-12726
-9588
-7005
-7658
-7324
-1992
7517
17375
23479
23862
18580
10192
4215
-1237
-9664
-14552
-17884
-21080
-18272
-11297
-4442
3043
10360
10903
10951
12104
10488
12646
11566
5193
961
-3084
-6820
-8213
-9346
-10794
-10986
-10456
-8831
-6068
-2948
1051
5493
8164
9025
10452
10337
7268
2586
-4570
-10751
-12647
-12739
-9953
-5225
-3688
-1895
2515
5123
7537
11683
13769
12964
10405
5757
641
-2556
-3670
-3681
-4246
-6639
-9029
-8736
-5436
3
5755
10302
13728
15389
15493
14462
10750
5845
1574
-3282
-6653
-7225
-7231
-5876
-3280
-1581
320
3299
6037
7142
6352
5128
4139
2795
1029
-1785
-6461
-12257
-17528
-20470
-20408
-17926
-13217
-8502
-6912
-7097
-6343
-1041
10489
20494
24997
25317
17501
7922
3974
-2453
-10459
-14193
-18444
-20867
-17239
-10723
-1695
7187
11947
13475
12207
11259
12315
10247
6953
4511
-2564
-7740
-6011
-7191
-9717
-8692
-9306
-9808
-7787
-4908
-687
2818
5817
8310
8439
9332
9914
7332
2085
-6809
-13873
-14697
-12850
-8144
-3499
-3163
-2065
1055
3683
7930
12239
13410
12247
9454
6419
4214
2027
891
-815
-6336
-11347
-12737
-12759
-8628
-605
5380
11216
17987
20431
19837
18137
12248
5055
121
-4830
-8826
-10012
-9952
-7944
-3934
-611
2345
5732
7503
7342
6415
4275
1493
-508
-2656
-5471
-8609
-12682
-16272
-18351
-19681
-18474
-14357
-9902
-6338
-5408
-5619
-855
8594
17930
24838
25187
18391
11286
5678
-1062
-7514
-13291
-18443
-19742
-16732
-11077
-2996
5784
12553
15197
13719
11707
10604
8592
5842
2448
-2071
-5624
-7283
-8354
-8651
-8766
-9411
-8201
-6229
-5166
-946
3484
3802
5996
7922
5843
7142
7972
1921
-4313
-9044
-12595
-11428
-7966
-5006
-2937
-1724
107
3024
7147
10546
11722
11829
9008
4588
2132
-154
-1039
-275
-2432
-5462
-7056
-8175
-5826
-296
4633
9183
13923
17281
18313
17017
13047
7014
1242
-3651
-7562
-8772
-7831
-6411
-4528
-2332
313
3293
5355
5915
4928
2862
854
-701
-2055
-4029
-7124
-10446
-13471
-16143
-18045
-18532
-16585
-12462
-7893
-4991
-5511
-6303
-1286
9264
20078
26742
26134
18823
9785
2477
-3971
-9842
-13808
-16450
-17360
-14170
-7204
1737
9786
13078
11950
9107
6711
6477
6398
4285
1104
-2409
-4679
-4800
-4704
-4849
-5165
-6284
-6823
-5666
-3569
-1316
912
2381
2294
2326
4307
7211
8750
6094
-859
-7600
-10912
-10310
-6732
-3958
-3936
-4299
-3053
447
5842
11246
14733
14925
11358
6077
1534
-823
-503
-100
-1975
-5065
-7322
-6966
-2667
2123
4642
7821
10939
12682
14045
14229
11325
6845
2855
-2415
-6157
-7868
-8549
-7024
-5834
-3826
-244
3344
6129
6286
4027
1565
97
-661
-1235
-3001
-5417
-7454
-10229
-13049
-15353
-17483
-17241
-14320
-10962
-7275
-4364
-3157
-1880
1743
9457
17910
22616
23132
17853
8959
2164
-3322
-8507
-12043
-14501
-14482
-11340
-6102
1284
7500
9748
9826
8270
6070
5822
5882
4064
1386
-1620
-3872
-4149
-3773
-3707
-4304
-5220
-4730
-3620
-3119
-2548
-2187
-1400
332
1842
3955
6767
7446
4601
-580
-5947
-9564
-9780
-6319
-2923
-2550
-2835
-2044
-305
3859
9419
13045
13542
10375
5513
2497
751
212
1157
284
-1781
-2598
-3552
-3672
-1708
460
2924
6037
8835
11318
12424
11091
8914
6557
2809
-1518
-4940
-7758
-9367
-8399
-5715
-2596
685
3109
4094
4404
3969
3497
3786
2290
-1180
-4140
-7638
-10711
-11340
-12577
-14627
-15363
-15106
-12816
-9034
-5386
-2154
-1485
-2574
-140
6739
15164
21619
22769
17879
9254
2463
-2250
-6680
-9478
-12751
-14219
-12440
-9099
-1782
5156
8404
10321
9823
8362
7895
7355
5461
2128
-1375
-4102
-4983
-4794
-4906
-5338
-5270
-4573
-4112
-2985
-1654
-976
511
2213
2686
3414
5062
5870
4431
369
-4062
-6454
-6920
-4848
-2625
-3825
-4990
-3857
-1297
3859
9068
11595
12426
9932
5530
3191
919
-1187
-2375
-4031
-5116
-3922
-1932
-756
1451
1952
1631
3671
6899
9229
9690
10223
7555
5126
3741
-176
-1653
-4338
-7620
-7297
-6683
-4705
-119
3384
4762
5983
5724
4328
3250
1655
-619
-3326
-6283
-8626
-9661
-10505
-11652
-13073
-14436
-14564
-13119
-9913
-5412
-1614
293
761
851
3862
10860
17497
19744
16837
9980
2847
-372
-3005
-6862
-9491
-13227
-14127
-9821
-4283
3812
10772
12639
11574
8339
5884
5754
5486
3165
-848
-4552
-6069
-4668
-3054
-2820
-3130
-3543
-3181
-2149
-1246
-649
182
728
472
1293
3583
5276
5816
4178
-975
-5566
-6499
-5773
-2774
-336
-2379
-3560
-3104
-3067
1097
6734
8463
8261
5198
607
-1264
-2148
-1053
-143
-1446
-1511
-1170
-324
1646
3675
3639
2944
2927
2663
4377
6486
7536
8072
7308
4632
2190
-96
-3271
-4511
-5656
-5345
-2712
-331
3047
5068
4243
3070
2464
993
-434
-1281
-2994
-4345
-5414
-6567
-6950
-7213
-8447
-10755
-12971
-13933
-12952
-9734
-6014
-4356
-5384
-6869
-4756
2765
12241
19450
21874
17738
11299
6550
1841
-2829
-6279
-11117
-15148
-13475
-9685
-1961
6859
10667
12392
10404
8197
7862
7525
6505
2956
-1217
-5196
-6801
-6490
-5534
-3699
-2555
-1858
-1298
-497
344
1545
2814
2978
2930
3646
4712
5196
3353
-1703
-6292
-8803
-10262
-8146
-5421
-6739
-7019
-4956
-3421
1060
6361
7814
7851
6284
3379
2503
1723
321
-689
-3394
-5287
-4644
-4599
-2755
747
1180
2760
5443
5203
6897
8770
7366
7109
6873
4109
1704
-637
-3080
-4367
-3606
-1553
-1498
2258
6039
5879
9138
9468
7680
7207
3326
-1328
-4879
-8352
-9793
-7981
-7334
-6796
-6089
-8356
-10335
-12068
-13905
-13499
-12334
-11630
-10058
-8923
-8195
-4339
2611
10929
18478
22173
21269
16672
11255
6165
111
-4850
-8825
-12875
-13614
-10691
-6425
369
6558
8922
9292
7765
7594
8171
9050
9391
6402
3801
-346
-3035
-2909
-4385
-4522
-3937
-3992
-3739
-2194
-388
1257
2636
2680
3168
3481
4010
4554
1426
-3963
-8073
-11185
-11522
-8734
-7916
-8112
-7004
-6324
-3379
2425
7064
9742
9284
5676
1844
-1593
-2679
-1747
-3106
-4635
-4690
-5595
-4451
-899
956
3192
6523
7670
8896
10316
9089
7543
6801
4747
3436
3859
3581
3140
2661
1572
376
1895
3550
4151
6579
6472
5801
6010
4831
1092
-1928
-5156
-11674
-12267
-13255
-12599
-6638
-6137
-4747
-4623
-7868
-8508
-10147
-12478
-11567
-9673
-8013
-6652
-7985
-7752
-3472
4267
13096
19076
20836
17946
14038
8627
1740
-3311
-8394
-11855
-11968
-11364
-7558
-790
4018
8823
12834
12894
12701
12243
9799
7758
5923
3603
1906
273
-1668
-3727
-6309
-8727
-9826
-8909
-6238
-3359
-298
2431
3365
5005
7170
6434
4022
-509
-7199
-11530
-13975
-14128
-10865
-9948
-10059
-8181
-7494
-4827
962
4530
6280
7145
4659
2098
571
-2248
-3500
-4074
-4577
-2926
-923
1399
3843
6147
8155
9071
10339
11150
11466
10388
6884
5229
4708
3922
4386
3408
1792
1592
1486
2052
3433
4506
5278
5768
5596
5073
3673
1863
-816
-3921
-5266
-7677
-8592
-8311
-7973
-4397
-2604
-1037
219
-1453
-3926
-7835
-12335
-16976
-19303
-18616
-16737
-14931
-13797
-12706
-9760
-1338
9963
20276
26623
25572
21134
16642
10263
4054
-1246
-7891
-12823
-14434
-13722
-9185
-2692
2857
8032
11716
13183
15067
16836
15950
12878
8321
2708
-2538
-6354
-9026
-11823
-14447
-15394
-14252
-10813
-5858
-1053
2648
4740
6073
7078
6655
5085
1629
-4469
-9859
-13437
-15905
-14423
-10784
-9115
-6723
-3900
-3153
-716
2967
5139
7593
8462
7312
6352
3133
-179
-858
-2757
-3431
-1204
-1427
-911
2998
5371
8890
13796
14122
13659
13564
10107
7963
6635
2434
-516
-2436
-4680
-4472
-2843
-814
1969
4574
6471
7355
8114
8369
7125
5423
2716
-502
-3068
-6146
-8589
-10226
-11517
-10631
-9823
-9084
-5085
-2097
-2034
-1481
-3342
-7663
-9795
-11140
-12723
-12948
-13064
-12863
-11703
-10259
-5314
2950
11454
20229
25094
23278
19849
15828
8460
3166
-1262
-8575
-11342
-11421
-10808
-5881
-879
2373
5842
7948
8203
9054
9115
8166
7157
4373
1209
-1680
-4793
-7281
-9418
-10893
-10758
-9654
-7634
-4657
-1962
890
3289
4144
5183
5503
4091
2177
-2081
-7323
-10474
-12620
-12225
-9574
-7809
-5313
-2880
-1379
2040
5355
8071
10544
10232
7900
4485
1294
130
-115
-490
-10
-1216
-2676
-116
1787
3856
7637
9365
10577
12291
12950
11733
9937
6854
2318
-844
-2950
-4252
-3819
-2906
-2328
-922
223
695
2064
3394
4039
4858
5074
3356
1352
-606
-3798
-6357
-8094
-10840
-11329
-9783
-9867
-6131
-2645
-4411
-4089
-5185
-8006
-7726
-8220
-9041
-8098
-7626
-6545
-4212
-3470
-1780
1666
5406
10289
14049
15838
15471
12588
8513
3869
-778
-4166
-6138
-6473
-5376
-3203
373
3030
5247
6398
5905
6481
6314
5664
4928
3745
2676
1385
508
-1426
-3916
-5884
-7809
-8759
-8019
-6651
-4838
-1890
-56
959
2527
2989
3175
2611
-1537
-6277
-8598
-9999
-9064
-6088
-4909
-4201
-2317
-1130
316
2825
4381
5001
4926
3680
2503
2190
2529
2754
2113
1827
2825
4884
7918
10380
10565
8856
6663
5083
4252
3793
2960
1520
153
-1159
-1736
-863
-474
-752
-510
-536
607
3637
5843
6668
6416
3689
605
-994
-3003
-4669
-5938
-7741
-8493
-7509
-6308
-4516
-3367
-4190
-4304
-5429
-5812
-5406
-6272
-6485
-8476
-9911
-9791
-8532
-6904
-5977
-4928
-7591
-9222
-6448
-1527
6606
13699
17217
18000
16103
13786
11391
7021
2289
-1571
-5893
-7501
-5869
-3268
1823
5676
7011
7899
7165
6724
6725
5808
4377
2964
1759
758
-354
-2129
-4474
-7034
-8639
-9355
-8722
-6134
-3209
-741
1401
3131
4186
5419
4878
747
-3604
-8444
-11870
-11156
-10044
-6805
-3389
-3084
-971
314
653
3367
5147
6361
6395
4870
3435
2157
2498
3492
3863
2840
1203
-373
-1918
-1133
-340
587
4407
6654
7423
9769
9448
7410
5987
2333
-1409
-3700
-4542
-3808
-2634
-879
415
1570
2934
3121
2411
2068
1153
142
640
-44
-1511
-2236
-4314
-6331
-7023
-7908
-7211
-5736
-5765
-5687
-6996
-7699
-6087
-5274
-4034
-3180
-4657
-6114
-6018
-7252
-7574
-4601
-3925
-2909
946
3440
6608
11315
14157
14979
14255
11977
9461
6867
4882
3296
845
-620
-1056
-1885
-1456
-459
-596
390
2010
2684
4565
6657
7424
8433
8323
5639
1545
-3182
-7805
-11871
-14049
-13511
-11555
-7874
-3403
-464
2271
4381
3881
2766
679
-2985
-5106
-5735
-6640
-6654
-5534
-4810
-3598
-2270
-1372
-410
475
1270
2696
5328
6514
7982
7645
4171
2114
-100
-733
-1648
-3459
-4597
-6334
-4250
-488
2311
5891
8481
8493
8634
8160
4729
2732
731
-2604
-3707
-4706
-5950
-5514
-5412
-5156
-3577
-2068
585
3538
5794
6948
6500
6358
5590
3861
1794
-795
-3748
-5695
-6207
-5074
-4189
-2898
-269
-2714
-1142
1853
324
3837
3209
312
-843
-3006
-4012
-5440
-5988
-7398
-7616
-6646
-5245
-2957
-751
2271
4504
7160
9318
10495
11429
10225
7478
4503
977
-2448
-4057
-5277
-5717
-5030
-4994
-3084
-520
2139
5612
6146
6251
5241
3167
2955
1092
-585
-1961
-4319
-5107
-5427
-6041
-6010
-5692
-5389
-4035
-2186
-510
1442
3138
4062
4070
3242
1180
-1353
-3183
-4647
-4751
-3691
-2743
-1222
-235
448
1417
1546
2163
2190
2116
2526
1660
1442
151
-1423
-1650
-2863
-2536
-1787
-1916
-532
64
-245
357
-54
-376
583
431
347
500
-24
522
1064
1292
1351
677
790
1061
1687
2728
2745
2893
3029
2965
3528
4139
4596
5152
5415
4862
4344
3300
1865
1492
448
-107
-45
-818
-671
-488
-446
-81
203
-433
-1672
-2408
-3987
-4813
-4747
-5236
-4850
-4575
-5170
-5460
-5714
-6067
-5896
-5661
-5283
-4047
-2395
291
3010
4307
5209
5105
4588
4200
3345
1609
-164
-1157
-2991
-3088
-2234
-2006
-171
866
1174
1969
2534
2858
3084
2940
1925
1178
724
-226
-1046
-1680
-2616
-2781
-2309
-2085
-940
484
1354
2571
3236
3045
3120
2515
1059
75
-1112
-2205
-2173
-2471
-3210
-3429
-4235
-4948
-4141
-3131
-1977
-120
1037
2037
4038
5474
5488
4410
1685
-1813
-4066
-5309
-5909
-4913
-3092
-1063
1617
3686
4776
5485
5328
5010
4758
4246
4324
3942
3170
2780
1704
1238
1118
114
-230
-33
755
2786
3852
4637
5243
4117
4392
3465
1329
1196
-695
-2167
-2141
-3445
-4516
-4298
-4756
-5535
-4704
-4899
-5340
-4565
-4754
-4876
-4074
-3738
-3916
-3837
-4077
-4323
-4156
-4317
-4599
-4280
-2845
-611
1664
3382
4245
4586
4828
4815
4341
3441
2125
622
-665
-1347
-1318
-900
-487
-238
107
995
2337
3537
4161
4210
3948
3718
3472
2672
1228
-283
-1537
-2402
-2536
-2152
-1871
-1458
-466
709
1818
2936
3365
2525
996
-557
-1972
-2970
-3345
-3546
-3869
-3893
-3481
-2758
-1681
-522
554
1465
2099
2582
2544
2002
1391
262
-952
-1672
-2375
-2317
-1218
-91
1234
2079
1969
2301
2895
3330
4102
4518
3939
3393
3065
2600
2375
2137
1374
-116
-1225
-1865
-1501
-245
954
1565
1079
1271
873
1027
1065
-269
-1524
-3768
-4212
-5146
-5256
-4360
-5606
-5139
-5255
-5162
-3734
-2538
-1301
-1038
-1136
-1761
-2313
-2874
-3413
-3791
-4331
-3832
-2805
-1185
984
2565
3928
4440
4169
3861
3428
3508
3500
2950
2038
1087
834
1186
1741
2036
1878
1466
1459
2165
3219
4188
4483
3938
2898
1969
1651
1347
349
-785
-2068
-3227
-2959
-1927
-1125
-483
-464
-669
-512
-286
12
-234
-1063
-1496
-1829
-1900
-1233
-837
-779
-528
-480
-495
-174
207
522
555
41
-755
-1445
-1463
-966
-600
-349
30
118
372
1271
1737
2249
2706
2612
2535
2644
3056
2973
2892
2373
1284
925
488
116
-16
-139
-49
-16
-270
-793
-1325
-1543
-1352
-1670
-2208
-2478
-3335
-4122
-4172
-4789
-5402
-4661
-3894
-3144
-2272
-2057
-2167
-2257
-2529
-3083
-3327
-3929
-4229
-3629
-2719
-1074
335
1881
3294
3973
5048
5598
5353
4934
4078
3320
3041
2765
2748
3003
3199
3739
3926
3703
3663
3178
2870
2886
2819
2875
2588
2077
1107
50
-603
-1374
-1829
-1918
-1679
-1267
-656
46
-140
-149
185
-234
-303
-296
-1017
-1580
-2125
-2946
-3440
-3519
-3601
-3523
-3114
-2563
-1809
-942
-84
472
729
1086
971
492
-49
-1207
-2111
-2422
-2594
-2134
-1403
-457
749
1702
2599
3134
3252
3243
2688
1883
1390
1075
770
599
439
-156
-559
-504
-467
32
551
678
845
704
580
401
-277
-774
-1485
-2011
-2263
-2676
-2528
-3018
-2981
-2804
-3356
-2695
-2602
-2595
-1796
-1234
-1151
-913
-576
-917
-159
487
552
954
999
1193
1459
2057
2318
2181
2208
2047
2407
3119
3687
3975
3509
2836
2318
1823
1835
1557
618
-131
-827
-902
-63
709
1142
1169
868
765
851
977
782
22
-675
-1318
-1632
-1443
-1445
-1520
-1708
-1785
-1616
-1227
-673
-491
-397
-408
-365
-214
-160
-91
-472
-607
-409
-232
509
1087
1342
1490
1598
1766
1611
1734
1427
632
415
-36
-232
177
358
586
737
395
-237
-1013
-1876
-2499
-2779
-2939
-2921
-2802
-2774
-2403
-1806
-1403
-1277
-1738
-2658
-3583
-3838
-3487
-2659
-1510
-868
-307
121
266
499
338
-191
-696
-1078
-1082
-504
-21
398
805
1021
1757
2425
2913
3234
2884
2732
2914
3350
4179
4360
3714
2743
1540
873
798
1151
1688
1598
1487
1455
1337
1675
1950
1507
680
-178
-1081
-1316
-928
-579
-228
-119
-355
-566
-687
-721
-400
-241
6
261
-185
-385
-700
-1319
-1499
-1652
-1935
-2131
-2202
-2234
-1994
-1539
-956
-409
-180
39
19
-215
-225
-341
-566
-538
-661
-971
-944
-895
-880
-400
139
342
572
781
729
735
946
1079
1063
951
669
235
-167
-508
-877
-1124
-1329
-1529
-1418
-996
-551
3
506
469
322
14
-341
-421
-570
-661
-1011
-1328
-1345
-1197
-599
-78
157
83
-109
-110
120
733
1184
1266
1224
667
169
109
-85
105
163
129
561
809
1553
2337
2669
2663
2183
1834
1307
1043
1101
830
654
523
377
357
409
299
87
-1
-126
45
292
408
489
195
86
-17
-201
-125
-337
-735
-1085
-1347
-1504
-1375
-1021
-805
-645
-578
-558
-381
4
456
705
596
199
-358
-800
-796
-602
-424
-203
-264
-400
-303
-198
40
202
50
-96
-311
-438
-109
25
-4
166
-153
-426
-493
-738
-821
-797
-665
-564
-290
-192
-392
-421
-547
-509
-417
-503
-729
-1126
-1264
-1103
-749
-173
238
272
229
40
-176
-141
-83
-14
56
77
91
61
80
105
49
78
81
-40
47
205
458
907
1256
1417
1416
1262
984
937
863
922
1162
1130
1067
695
424
304
329
786
1084
1205
956
547
203
87
270
275
202
-125
-546
-518
-175
90
179
-62
-712
-1120
-1115
-944
-554
-219
-269
-393
-372
-398
-386
-359
-425
-476
-412
-141
193
381
562
633
500
423
192
-201
-341
-392
-373
-139
-78
-258
-469
-747
-893
-897
-996
-1090
-1163
-1120
-804
-292
173
401
410
183
62
128
107
165
78
-30
111
248
554
636
464
403
241
248
349
331
122
-173
-274
-317
-96
167
71
-107
-409
-752
-864
-852
-779
-762
-689
-485
-267
220
670
924
1023
863
702
489
446
532
553
623
546
429
342
271
212
204
160
-49
33
40
-48
156
34
17
73
-48
55
-71
-249
-377
-550
-623
-590
-431
-286
-23
200
367
478
373
197
-111
-331
-452
-556
-451
-417
-368
-179
-59
113
273
293
237
205
224
308
457
578
593
480
377
240
68
-43
-148
-171
-141
-17
89
106
252
281
244
293
106
-79
-134
-155
-54
38
107
41
-125
-180
-267
-347
-389
-520
-610
-601
-451
-242
-137
-80
-178
-281
-243
-227
-158
-123
-159
-178
-192
-65
61
173
279
192
77
-38
-69
90
265
481
579
550
534
480
521
545
497
358
125
-22
-142
-124
-112
-269
-426
-717
-880
-819
-678
-361
-107
102
175
195
179
-2
-10
-208
-299
-209
-219
74
260
398
495
386
284
113
-13
-127
-202
-214
-192
-111
-46
-41
-114
-282
-501
-703
-852
-890
-853
-664
-395
-136
160
385
524
544
537
475
353
346
341
382
488
584
681
711
771
771
744
814
807
806
787
694
548
379
224
-20
-218
-434
-629
-744
-796
-755
-787
-709
-659
-663
-529
-466
-367
-297
-274
-205
-222
-176
-122
-121
-49
-38
-19
-9
-57
-60
-68
-10
93
173
269
302
317
333
291
248
135
-2
-105
-193
-186
-161
-139
-133
-196
-217
-209
-139
19
169
331
423
435
410
299
177
15
-132
-196
-267
-247
-143
-37
68
92
77
-6
-125
-143
-129
-77
4
52
78
26
-26
-102
-217
-278
-358
-377
-327
-250
-126
-28
54
84
65
49
10
-31
-31
-23
28
134
238
350
410
443
416
348
326
262
235
246
244
266
269
235
152
22
-144
-287
-381
-390
-325
-225
-101
-37
-9
-21
-74
-117
-164
-188
-203
-196
-157
-129
-76
-40
-48
-54
-79
-90
-81
-56
-2
18
45
69
50
44
14
-40
-92
-148
-163
-143
-64
59
162
250
279
251
194
114
56
-3
-44
-58
-83
-66
-46
-11
61
103
164
213
232
248
215
142
29
-137
-295
-431
-528
-519
-476
-371
-231
-131
5
87
136
167
139
92
19
-18
-45
-38
2
32
53
52
40
11
6
21
62
141
228
331
415
473
489
443
357
236
104
-7
-87
-132
-151
-144
-113
-73
0
85
164
227
251
229
156
60
-55
-180
-269
-330
-347
-310
-238
-137
-46
45
94
101
88
29
-31
-108
-164
-209
-255
-265
-296
-304
-315
-323
-305
-290
-221
-148
-44
72
156
233
251
246
210
157
132
97
93
92
87
91
71
69
56
55
73
92
135
173
203
209
179
110
17
-90
-188
-267
-313
-314
-299
-244
-176
-100
-27
25
54
44
20
-30
-55
-72
-72
-51
-37
4
8
37
73
85
125
140
166
169
151
139
85
41
-11
-54
-68
-80
-57
-33
-5
28
42
67
78
89
101
95
88
58
21
-17
-50
-62
-64
-49
-23
10
59
102
143
163
161
146
108
69
16
-38
-81
-121
-132
-134
-120
-98
-80
-56
-46
-33
-27
-18
-6
3
20
25
20
-3
-43
-87
-132
-152
-150
-124
-74
-20
38
87
121
145
148
144
128
105
85
51
26
-5
-29
-40
-49
-30
-11
25
61
86
108
101
85
50
5
-40
-86
-113
-129
-126
-113
-97
-82
-76
-81
-96
-125
-148
-175
-184
-176
-162
-118
-88
-43
-7
7
33
24
30
34
32
55
59
81
89
87
90
76
76
79
90
114
132
156
169
171
159
128
85
29
-31
-92
-151
-190
-213
-202
-167
-117
-55
-5
36
54
52
34
1
-24
-41
-40
-24
-5
17
32
42
46
45
49
59
82
111
144
171
183
174
141
90
26
-40
-98
-141
-163
-168
-155
-133
-103
-71
-40
-14
2
13
15
19
22
23
23
18
13
13
13
19
29
49
76
108
137
156
160
149
121
79
30
-19
-63
-94
-114
-125
-134
-138
-138
-136
-128
-122
-114
-112
-113
-120
-130
-135
-136
-120
-93
-50
-2
48
96
133
160
168
164
145
117
83
50
21
-1
-12
-11
-2
12
22
26
17
-2
-29
-57
-84
-102
-107
-98
-78
-58
-40
-29
-23
-14
-5
6
19
34
53
75
101
126
144
150
145
125
95
54
9
-34
-67
-84
-85
-73
-56
-36
-17
-3
7
7
0
-12
-27
-42
-59
-70
-74
-67
-50
-28
-3
22
47
73
97
114
125
129
127
118
101
74
40
0
-41
-72
-91
-94
-79
-53
-22
5
19
15
-5
-36
-66
-90
-100
-96
-75
-47
-14
16
39
54
60
59
55
44
36
29
27
27
33
34
32
26
18
3
-12
-32
-54
-71
-82
-83
-77
-67
-57
-48
-39
-31
-20
-11
-5
-7
-15
-29
-43
-53
-55
-47
-27
1
39
76
105
124
123
106
76
39
1
-30
-48
-51
-39
-19
3
20
28
26
13
-3
-21
-35
-42
-42
-36
-26
-17
-6
3
11
16
21
25
29
37
49
62
74
79
76
63
43
18
1
-9
-7
2
14
24
26
19
4
-15
-34
-51
-63
-69
-69
-62
-43
-23
0
20
30
33
28
19
9
2
-2
-2
4
14
23
30
30
27
19
12
3
-5
-16
-24
-29
-34
-37
-40
-44
-46
-47
-47
-49
-48
-42
-36
-27
-19
-13
-8
-6
-3
-2
3
11
24
39
52
56
52
38
17
-7
-25
-36
-35
-23
-4
19
38
47
43
27
4
-23
-45
-60
-64
-55
-41
-25
-10
-3
1
2
5
13
20
32
42
49
53
52
50
43
33
23
16
12
11
12
14
15
16
15
15
11
7
5
0
-3
-8
-14
-22
-29
-35
-39
-40
-34
-24
-11
4
16
25
30
31
30
26
21
18
17
19
21
20
16
8
-4
-14
-20
-22
-20
-15
-7
-4
-6
-15
-26
-40
-52
-58
-61
-59
-53
-46
-37
-29
-21
-15
-10
-5
-1
4
9
16
23
32
35
34
28
20
12
5
-1
-6
-9
-8
-4
5
11
18
21
22
22
20
15
10
3
-4
-8
-14
-16
-16
-13
-6
2
11
19
26
29
32
30
25
22
17
12
7
2
-3
-7
-10
-13
-13
-11
-6
0
5
9
12
13
14
13
9
3
-5
-13
-19
-24
-27
-27
-24
-16
-9
2
11
19
24
26
24
21
16
9
4
-3
-10
-15
-20
-22
-24
-27
-28
-27
-21
-13
-3
8
15
17
16
10
3
-5
-12
-18
-21
-20
-17
-13
-10
-7
-6
-4
-1
2
7
11
17
21
24
23
18
9
-1
-10
-17
-20
-18
-12
-3
7
17
25
28
26
18
8
0
-4
-5
-5
-3
-2
-1
-1
-2
-7
-12
-16
-15
-7
3
13
19
20
14
6
-7
-15
-19
-21
-21
-20
-17
-12
-8
-5
0
2
3
4
4
6
7
9
10
10
6
-1
-10
-17
-23
-22
-15
-4
9
21
33
37
36
31
25
17
10
2
-4
-8
-10
-8
-5
0
6
10
12
12
12
14
17
21
23
21
15
6
-2
-12
-18
-20
-17
-11
-4
1
3
3
2
2
2
1
3
2
0
-3
-8
-10
-12
-13
-12
-12
-12
-11
-8
-4
-2
0
-1
-5
-12
-16
-22
-24
-21
-18
-16
-18
-19
-18
-14
-7
-1
2
2
2
3
1
-2
-8
-15
-21
-26
-28
-27
-24
-16
-4
7
16
21
22
19
15
12
9
8
7
6
4
0
-3
-6
-6
-2
6
16
25
31
31
30
25
21
15
10
5
1
-1
0
3
9
13
16
18
19
20
21
20
21
21
18
15
10
4
-1
-5
-7
-7
-6
-2
2
5
7
8
6
3
-1
-5
-12
-18
-22
-24
-27
-27
-26
-21
-16
-10
-5
-1
3
5
5
5
4
-1
-5
-10
-15
-18
-18
-16
-12
-7
-1
4
7
9
10
9
8
4
-1
-6
-13
-18
-21
-21
-19
-15
-13
-10
-8
-7
-4
-3
1
3
2
-1
-5
-10
-14
-17
-18
-14
-9
-1
6
11
13
15
15
15
14
11
8
4
1
0
0
3
6
8
9
9
8
7
9
12
15
17
17
12
3
-7
-13
-13
-6
6
17
24
24
16
4
-6
-13
-14
-8
2
9
9
4
-3
-10
-12
-10
-4
2
8
12
13
12
11
9
8
5
1
-5
-10
-13
-11
-8
-1
7
14
18
19
18
15
12
10
7
3
-3
-9
-16
-19
-17
-13
-7
-3
2
4
6
6
7
4
0
-5
-10
-14
-17
-18
-18
-17
-15
-14
-12
-11
-9
-7
-3
-3
-2
-4
-5
-9
-12
-16
-18
-20
-18
-17
-13
-7
0
10
17
22
24
21
17
11
5
0
-3
-3
-5
-4
-2
-1
3
5
9
12
14
15
14
11
10
8
5
3
-1
-4
-6
-8
-7
-4
1
5
7
5
2
-1
-5
-6
-7
-8
-9
-9
-9
-10
-12
-11
-8
-3
3
6
7
7
8
8
8
7
7
5
4
3
2
1
1
3
6
9
10
9
9
6
7
8
8
8
6
4
1
-1
-2
-4
-4
-3
-1
1
2
-1
-3
-4
-6
-7
-9
-10
-11
-10
-7
-3
-1
2
1
-1
-3
-2
-2
-2
1
1
2
3
4
4
4
4
5
6
7
7
7
7
6
5
3
1
0
-1
-3
-2
-2
-1
-1
-2
-3
-3
-5
-5
-5
-7
-8
-7
-8
-8
-8
-5
-5
-3
-3
-3
-5
-4
-3
-5
-4
-3
-4
-6
-9
-10
-10
-10
-8
-3
-1
0
2
1
2
3
6
6
6
4
5
3
2
3
2
3
3
2
2
1
1
2
4
7
7
5
4
1
0
1
0
1
-1
-1
-2
-4
-4
-3
-1
0
0
0
-1
-3
-4
-3
-2
-1
0
0
-1
-2
0
2
3
6
7
6
7
6
6
5
5
6
6
6
6
4
4
1
2
2
2
2
1
0
0
1
0
2
1
0
-1
-2
-3
-4
-3
-2
-1
-1
-3
-5
-6
-6
-5
-4
-2
-3
-3
-5
-6
-7
-7
-6
-7
-8
-8
-9
-9
-9
-8
-5
-3
-1
1
3
3
4
6
7
9
10
10
9
7
6
4
4
4
4
3
2
4
3
3
4
3
4
3
2
2
0
0
0
0
0
0
-2
-3
-2
-2
-2
1
1
1
0
0
-1
-1
-1
0
0
0
-1
-2
-4
-5
-4
-3
-1
0
1
0
0
0
1
3
3
2
1
-1
-2
-2
-1
-1
-1
-2
-3
-4
-4
-3
-4
-4
-3
-2
-3
-3
-3
-4
-5
-5
-4
-3
-1
0
-1
0
1
-1
0
0
1
1
2
0
-1
-3
-2
-3
-4
-4
-3
-2
-1
0
1
3
3
4
3
3
3
4
4
3
5
5
7
7
7
9
10
10
9
11
11
11
10
9
7
6
4
5
3
4
4
3
2
-1
-2
-2
-3
-2
-1
1
0
0
0
0
0
0
0
-1
-1
-3
-6
-6
-5
-4
-2
0
0
0
-1
-1
-3
-4
-3
-3
-3
-3
-3
-3
-3
-3
-3
-3
-2
-4
-3
-3
-2
-3
-2
-2
-1
-1
-2
-3
-4
-5
-5
-5
-6
-7
-8
-9
-9
-9
-7
-6
-4
-4
-4
-4
-4
-3
-2
-1
2
2
