SAMPLES:	18845
BITSPERSAMPLE:	16
CHANNELS:	1
SAMPLERATE:	16000
NORMALIZED:	FALSE
-3
-3
-3
-3
-3
-4
-3
-2
-2
-3
-1
-1
1
1
1
1
1
2
1
2
1
1
1
2
1
2
3
3
3
3
2
3
2
2
3
3
2
2
0
1
1
2
1
0
-1
1
0
0
0
0
-1
0
-1
-1
-1
-2
-2
-2
-2
-2
-2
-1
0
-1
-1
-2
-3
-2
-1
-2
-2
-1
-2
-1
-1
-1
0
0
0
0
0
0
1
1
1
2
1
3
2
3
2
1
1
1
1
1
1
1
1
1
1
0
0
0
0
1
0
-2
-1
-1
-1
-1
-1
-1
-2
-1
-1
-2
-1
-1
-1
-1
-1
0
0
1
1
0
0
0
0
0
1
1
0
2
2
2
1
1
1
0
0
1
1
1
1
0
1
0
1
-1
0
0
-1
0
0
-1
0
-1
-1
-2
-2
-2
-2
-2
-1
-2
0
-1
-1
-1
-2
-1
0
0
0
0
1
0
-1
1
1
1
1
2
1
0
1
0
1
1
1
2
1
1
1
0
0
0
0
0
0
0
1
0
0
0
0
0
0
0
0
0
0
0
0
0
-1
-1
0
0
1
-1
0
0
-2
1
-1
-1
1
-1
1
0
-1
2
-3
3
-3
2
-1
0
0
0
0
0
1
0
1
1
2
1
0
0
1
1
1
1
1
0
0
0
0
0
0
-1
1
0
0
-1
0
0
0
1
0
-1
0
0
0
-1
-1
-1
-1
0
-2
-1
-2
-1
-2
-2
-1
-1
-1
0
0
0
0
0
0
1
0
-1
-1
0
0
0
0
0
0
0
-1
0
-1
0
1
0
0
0
0
1
0
0
0
0
0
-1
-1
0
0
0
0
-1
0
1
0
1
0
0
0
0
-1
0
1
-1
-1
0
-1
1
0
0
0
-1
1
0
0
3
-4
4
-3
3
0
0
1
1
1
0
-1
0
0
0
0
0
-1
1
-1
0
-1
-1
-1
-1
-1
0
-1
0
-1
-1
0
1
0
0
0
0
0
-1
0
0
0
0
0
0
0
0
0
-1
0
0
0
0
0
0
0
0
0
0
1
0
1
0
0
1
0
0
2
1
1
2
1
1
2
1
1
1
1
1
0
0
0
0
0
0
1
0
0
-1
0
0
-1
0
-1
0
0
1
1
0
0
-1
-2
-1
0
0
0
0
1
0
0
0
-2
1
-1
0
1
-2
1
1
-1
3
-3
3
-3
1
-1
0
0
0
0
0
0
1
0
0
0
0
0
-1
0
0
0
0
0
1
0
0
0
0
0
0
0
1
0
-1
0
-1
1
0
0
1
1
0
1
0
0
0
0
0
-1
1
0
0
0
1
0
-1
0
1
1
0
-1
0
0
0
0
0
0
0
0
-1
1
1
1
0
1
-1
0
0
-1
0
0
0
0
0
1
1
0
0
0
-1
-1
0
0
0
1
0
0
0
0
0
0
1
0
0
-1
0
0
1
0
0
0
-1
-1
-1
-2
-3
-4
-3
-3
-2
-2
-2
-2
-2
-2
-1
-2
-1
-1
-1
-1
0
0
0
1
1
1
1
2
2
2
1
2
2
2
2
3
2
2
2
1
1
1
2
0
1
0
1
1
0
1
0
0
0
0
0
0
1
0
0
0
0
0
0
0
0
0
-1
0
0
0
1
0
0
0
1
0
0
-1
-1
-1
-1
-1
-1
-1
0
1
0
1
0
-1
0
0
-1
0
0
0
-1
0
0
0
-1
0
-1
1
-1
1
0
0
0
0
0
1
0
1
0
0
0
0
0
0
0
0
0
0
0
0
-1
-1
-2
-1
0
0
0
0
1
1
1
1
1
-1
0
0
1
0
0
-1
1
1
1
1
1
1
1
1
0
1
2
1
0
0
0
1
0
0
0
0
0
-2
-1
-1
-2
-1
-1
0
0
0
0
0
0
-1
-1
-1
0
0
0
0
-1
-1
-2
0
-1
-1
0
0
0
0
0
0
0
0
0
0
1
0
0
1
0
1
0
0
1
0
0
0
0
1
0
0
-1
0
0
1
1
0
0
-1
0
-1
-1
0
0
0
1
1
-1
-1
-2
0
-1
-1
1
0
1
1
0
0
0
0
3
-3
4
-4
2
-1
0
1
0
-1
0
-1
-1
0
0
1
0
0
0
1
1
0
0
1
1
-1
0
-1
-1
-1
-1
1
0
0
0
0
-1
0
0
-1
0
0
-1
-1
1
0
0
0
0
-1
0
1
0
0
0
-1
1
0
1
0
1
-1
0
0
0
-1
0
0
0
0
0
0
0
0
0
0
0
0
0
0
0
0
0
1
0
0
0
0
1
0
0
0
-1
-1
-1
-1
-1
-1
-1
-1
-1
-1
-1
0
0
0
0
1
-1
2
0
0
1
-1
-1
1
-1
2
0
-1
2
-4
3
-4
2
0
1
1
1
1
0
1
1
0
0
0
0
-2
0
0
0
0
-1
0
0
0
0
0
0
0
0
0
0
0
0
0
0
0
-1
0
-1
-1
-2
-1
-2
-1
-2
0
0
0
0
1
0
0
0
1
0
2
1
1
1
1
1
3
2
2
2
1
1
1
2
1
1
0
0
-1
0
-1
0
0
0
-1
-1
-1
-1
-1
-1
-1
-1
-2
-1
-1
-1
-1
-1
0
0
1
1
0
1
0
0
0
0
0
1
1
0
1
0
0
2
-1
0
0
-1
1
1
-1
1
-3
3
-3
2
-2
-1
1
0
0
1
1
1
2
1
0
0
-2
1
0
0
0
0
0
0
-1
0
-1
-1
-1
-1
-1
-1
-1
-1
-1
-1
-1
-1
-1
-1
0
0
0
0
0
-1
0
-1
0
-1
0
0
0
0
0
-1
0
-1
1
1
1
1
1
1
0
1
0
1
0
1
0
0
0
-1
0
-1
0
0
-1
-2
-2
-2
-2
-1
0
0
0
0
1
1
1
1
2
2
2
2
1
1
0
-1
0
-1
-1
-1
-2
-3
-3
-3
-2
-1
0
1
2
4
6
5
7
6
7
6
5
4
2
1
0
-3
-4
-5
-5
-7
-6
-6
-6
-5
-4
-2
-2
0
1
2
1
2
2
2
2
1
0
-2
-3
-5
-6
-7
-7
-8
-7
-6
-5
-4
-3
-1
1
3
4
5
7
9
9
9
9
8
7
6
5
2
3
1
-1
-2
-3
-5
-4
-5
-4
-3
-1
0
2
3
4
6
8
7
7
6
5
2
0
-1
-3
-5
-5
-6
-7
-7
-6
-6
-5
-3
-2
-1
0
0
1
1
3
4
5
5
5
3
2
1
0
0
-1
-2
-2
0
-1
-1
1
0
1
1
3
3
6
6
7
5
4
2
1
-1
-5
-6
-8
-11
-13
-15
-17
-19
-20
-20
-19
-18
-16
-14
-11
-9
-5
-2
-1
-1
-3
-8
-13
-18
-22
-25
-25
-24
-24
-27
-28
-27
-21
-11
3
16
29
37
40
38
33
31
38
51
62
76
109
180
277
374
433
432
358
211
18
-189
-380
-528
-599
-555
-391
-148
110
347
548
699
757
696
525
289
31
-231
-498
-772
-1043
-1308
-1556
-1720
-1746
-1626
-1337
-951
-539
-155
159
426
697
1066
1520
1918
2246
2391
2214
1877
1306
421
-432
-1255
-2072
-2510
-2574
-2323
-1639
-801
-55
649
1213
1463
1435
1281
990
570
186
-141
-373
-508
-719
-901
-946
-1025
-1128
-1163
-1158
-1101
-1010
-889
-733
-538
-333
-210
-121
-82
-148
-152
-221
-537
-837
-1062
-1116
-655
259
1509
2917
3896
4382
4669
4528
3864
2817
1431
89
-975
-1861
-2262
-2061
-1584
-862
29
913
1878
2753
3314
3632
3692
3529
3235
2731
1936
914
-169
-1106
-1823
-2457
-3100
-3736
-4325
-4886
-5366
-5538
-5442
-5252
-4840
-4227
-3539
-2960
-3068
-3729
-3850
-2364
783
4000
6293
8156
9382
9823
9584
8057
5528
2280
-1622
-4650
-6482
-7980
-8441
-7876
-7141
-5509
-2739
98
2659
4960
6797
8143
8846
8768
8004
6540
4426
1851
-879
-3296
-5167
-6433
-7112
-7468
-7242
-6018
-4262
-2063
729
2945
4037
4751
5029
4336
2489
89
-1935
-4327
-7230
-8556
-8495
-8328
-6762
-3812
-1080
1546
3739
4720
5133
4767
3212
1376
-711
-2722
-3468
-3398
-2909
-1518
118
1376
2348
2804
3206
5214
8801
11235
11595
11398
10625
9075
7215
4277
815
-1633
-3555
-4927
-4931
-4343
-3272
-1494
-213
841
2322
3087
3178
3254
3066
2792
2174
891
-716
-2674
-4773
-7016
-9375
-11115
-12555
-13647
-13669
-13322
-12226
-10179
-9020
-7915
-5505
-2934
1017
7264
12330
14965
16750
16712
14848
12583
8277
2531
-1601
-5461
-8703
-8910
-9022
-9512
-7882
-6383
-4910
-1302
2330
5136
7712
9536
11092
11914
11281
9822
7451
4149
512
-2962
-5749
-7626
-8381
-8437
-8256
-7184
-5311
-3205
-777
1469
2884
3783
4595
4246
2133
145
-1823
-4836
-6750
-7758
-9357
-9238
-7489
-5766
-2624
898
2744
4169
5205
5308
5381
4902
3932
3285
2051
1128
1495
1153
327
226
-368
-1212
-1347
-929
404
2400
4429
6323
7701
8531
8803
8490
7913
6632
4625
2900
1500
-29
-1312
-2054
-2618
-3030
-2871
-2353
-1993
-1525
-464
940
2029
2414
2196
1488
-112
-2944
-6564
-10296
-13922
-17347
-19683
-19644
-17545
-14860
-12804
-12366
-11517
-5621
4413
13089
19323
23787
25033
23988
21812
17253
11058
4153
-3850
-10600
-14305
-16128
-16133
-14777
-13504
-10835
-5544
223
5051
9279
12923
15569
16765
16611
15460
12960
8795
3546
-1615
-6036
-9647
-11878
-12708
-12921
-12001
-9539
-6192
-1852
2321
4578
6447
7911
7137
6031
3685
-1332
-4234
-6297
-10919
-12613
-11552
-11946
-10189
-5544
-1387
2033
4571
6306
7479
7540
7031
5892
3646
1128
-688
-1419
-1716
-1962
-1562
-791
-352
-85
605
2071
3811
5201
6448
7940
9603
10851
10956
9704
7666
5752
4257
2573
261
-2065
-3263
-3098
-2368
-1654
-1026
-633
-519
-406
-9
620
1073
1226
1459
1852
1729
618
-910
-2907
-6472
-11533
-16637
-20066
-20952
-20271
-19036
-16874
-13748
-10466
-8331
-6852
-1060
10074
18350
21123
23642
24710
22411
19276
13940
6913
997
-5820
-11830
-13972
-15282
-15424
-13111
-11343
-8168
-1820
3195
6694
10957
14241
16207
16916
15593
13629
10759
5882
318
-4859
-8783
-11319
-12880
-12819
-11830
-10274
-7798
-5521
-1994
2572
3883
4016
6139
5955
2792
1079
-153
-3597
-7374
-9506
-10699
-11585
-11251
-8119
-3577
-877
1470
5031
6669
6803
7517
7007
5299
3243
1302
974
175
-1663
-1630
-890
-595
2
92
51
1002
3494
6262
7530
9137
10651
10204
10458
10481
7975
6122
4926
2067
-1025
-3152
-4204
-4230
-3882
-3416
-2846
-2013
-1032
-110
1051
1914
2144
2069
1345
393
-535
-2503
-6277
-11491
-16190
-19336
-20975
-20266
-18273
-15412
-11168
-8941
-9081
-7387
-703
10799
19005
20487
22259
23445
21522
19417
14703
7748
1287
-6149
-11275
-13089
-15194
-14914
-12300
-11236
-8420
-2064
3132
6313
9827
13083
14796
15199
15006
13826
10529
5652
115
-4845
-7917
-10343
-11985
-11894
-11371
-10242
-8737
-6247
-1993
701
3030
5504
4585
4916
5804
1852
-940
-2059
-5518
-8564
-11239
-12166
-10680
-9511
-5563
-642
907
2998
5442
6184
7295
7637
6562
5087
3289
2613
2081
31
-699
403
192
-581
-493
-1031
-678
2161
4169
4867
7335
10106
10774
11179
11352
9250
6942
5728
3207
-101
-2555
-4304
-4795
-4670
-4748
-4424
-4148
-3885
-3017
-1970
-642
886
1902
2266
2074
1204
-1328
-5896
-10992
-15489
-18872
-20346
-19951
-17789
-14094
-11031
-10032
-10252
-7985
1887
14019
18946
21628
25070
23582
21578
20285
13933
6862
138
-8350
-12494
-13733
-15920
-14712
-12478
-11920
-7411
-390
3840
7063
10697
13404
14712
14630
14120
12784
8994
3803
-1114
-5343
-8855
-11625
-12630
-12325
-12316
-11159
-8495
-5887
-1576
1762
1891
5099
6885
3578
5136
4740
-2530
-2534
-3293
-11220
-10927
-8833
-10633
-7078
-2754
-228
3393
6063
7119
8176
9388
8587
7109
5321
2588
1732
904
-312
30
-555
-1831
-1728
-1599
-2061
-25
3391
4607
6160
9299
11081
11435
11495
10056
7742
5980
3339
-258
-3112
-5414
-7425
-7955
-7757
-7785
-6515
-4708
-3827
-1980
423
1487
2542
3140
2212
1355
87
-2520
-5290
-8065
-11087
-13829
-15451
-15341
-14102
-12425
-10201
-6965
-2422
2593
7113
10876
14075
16722
17772
17325
15976
12366
7249
2589
-2317
-6386
-8228
-9855
-10703
-9181
-7332
-4865
-736
2360
4315
6577
7777
8328
9056
8496
6637
4268
1512
-1260
-3767
-5956
-7823
-9440
-9786
-8714
-7682
-5666
-3356
-2246
-129
1456
1108
2792
2887
200
898
-1588
-4860
-2773
-4930
-6794
-4269
-4769
-4758
-1840
-222
1925
5237
6227
7056
8581
8941
8110
7302
7033
4947
2692
1677
-260
-1890
-2607
-3171
-2672
-1714
-523
1650
3570
5256
7641
9787
10835
10946
10811
10348
8746
6063
2995
119
-2675
-5771
-8301
-9381
-9447
-8510
-6347
-4238
-3243
-2426
-1500
-2068
-4198
-6667
-9774
-13514
-16364
-17501
-17440
-16484
-15058
-15416
-17461
-14485
-3260
8535
15766
21395
24959
25384
25271
22774
17273
11850
4444
-3883
-8864
-13044
-16380
-16433
-16382
-16065
-12303
-6359
-593
4315
9462
14809
17771
18710
19192
17539
13348
8107
2437
-2421
-6175
-9571
-12019
-13616
-14342
-13946
-13117
-9678
-4155
-1499
851
5098
6018
5629
6866
4498
410
-593
-3652
-9429
-10825
-9450
-9846
-8287
-3634
-622
539
2331
4316
5435
5699
5683
5082
3388
2138
1961
1589
1549
2334
2650
2119
1228
455
579
1754
3375
5091
6819
8516
10058
11094
11086
10055
8602
7078
5385
3284
694
-1861
-3530
-4295
-4891
-5638
-6606
-7346
-6739
-4937
-2870
-1129
-320
206
1010
970
-1167
-4965
-8637
-12951
-17726
-19150
-18690
-18197
-15559
-14010
-15683
-16860
-11532
2705
14036
17363
22597
26314
25379
25861
22495
15420
9870
965
-6800
-9091
-13569
-16526
-14608
-15647
-15775
-8778
-1892
1755
6031
10498
14389
16729
17366
17213
15450
11545
5662
323
-3265
-5687
-9288
-12431
-13251
-14599
-13137
-11148
-8795
-4019
-2455
936
5544
4592
5466
7214
2536
102
-56
-4835
-8300
-7335
-9030
-11067
-3917
-2610
-3360
4462
2758
2154
7283
6092
6568
7433
3696
2987
4439
2080
2237
2688
-155
-722
-64
-231
-413
2034
4762
4742
6964
11495
12820
12617
12861
10752
8565
8079
5573
1221
-2126
-5010
-7237
-8000
-8638
-8923
-8171
-7080
-5392
-2770
-268
1189
1575
573
-1735
-4251
-7459
-12020
-15987
-18013
-18638
-18212
-16991
-16291
-17220
-16100
-7746
3819
11678
17480
22452
23699
23106
22163
18725
14138
8697
769
-5867
-9504
-13012
-14549
-14061
-14841
-12804
-6493
-1513
2963
8223
11727
14372
15906
16058
15914
13241
8735
4641
358
-3323
-6439
-9029
-10577
-12110
-11970
-10006
-7917
-4571
-1927
-529
2341
3656
3149
3998
2248
-1802
-2917
-4762
-8574
-8872
-7513
-7061
-5241
-2064
981
2069
3037
5507
5058
4538
5999
3193
1091
2292
385
-440
573
-38
1375
2402
1663
2303
1766
1764
4417
5519
6232
8467
9598
10131
10754
9799
8359
7613
6165
4034
1848
-824
-2866
-3721
-4830
-5823
-5776
-5998
-6631
-5681
-3560
-2003
-524
600
644
926
1027
-1116
-5289
-10625
-16429
-20375
-20688
-18698
-16433
-14909
-16356
-20115
-16902
-2912
9518
14885
20787
25206
25171
25911
24616
19183
13371
4947
-3695
-7730
-11267
-14291
-14628
-15967
-16267
-11556
-5502
-920
3260
7463
11308
13937
15909
17534
16441
12687
7946
3034
-259
-3365
-7223
-9376
-11430
-13315
-12794
-11580
-8730
-5376
-4122
-831
2549
2550
4463
5491
1377
-386
202
-3452
-7109
-7228
-8199
-8855
-5363
-1226
792
3016
4824
4572
5420
7738
6841
4016
3277
2294
127
-261
696
947
544
822
1227
-61
-423
2361
4318
4291
6023
9215
10876
11344
11437
10199
8942
8486
6214
2463
-844
-4010
-5795
-6429
-7730
-8460
-8729
-9024
-7588
-4844
-1827
782
1948
2334
2153
1431
17
-3649
-8524
-12835
-16165
-17531
-17717
-17031
-15440
-15816
-17756
-16351
-8121
4258
13390
18408
22403
24036
24453
24405
20781
14904
7960
-246
-5931
-8985
-12056
-13836
-14668
-15437
-13044
-7486
-2549
1666
6271
9820
12314
14393
15038
14330
12093
7719
3583
949
-1936
-5080
-7770
-10066
-11215
-11653
-11884
-10050
-6510
-4301
-2593
541
2463
2805
4177
3587
96
-1038
-1335
-4333
-6478
-6733
-7137
-6192
-3357
-712
1225
2958
3767
4154
5741
6821
6004
4940
4113
3810
3492
2617
3222
2757
-638
-970
564
-877
115
4260
5398
6206
9498
11129
11100
11170
9449
7092
6493
5647
2962
-428
-3862
-6772
-8294
-8951
-9638
-9747
-8766
-6853
-3883
-875
1001
1587
87
-3106
-6080
-8651
-11428
-14004
-15471
-15541
-15293
-15246
-15779
-17087
-14273
-4249
5563
11361
17653
22487
23361
23643
21916
17484
13454
7401
-218
-4700
-8222
-12017
-13293
-14130
-14689
-11188
-5752
-1694
2120
6567
10351
12341
13414
14459
13625
10450
7072
3752
917
-2002
-5149
-7785
-10610
-12446
-12750
-11686
-9422
-5936
-3598
-1791
2443
3343
3947
6020
2299
-19
-233
-4333
-7710
-8502
-8291
-8317
-5930
-1988
-762
1432
3519
4360
6746
7384
6894
6716
5145
3966
4461
3058
487
1056
-361
-890
1721
452
473
3091
5055
6390
8299
10398
10566
11806
11780
9937
8676
6598
4361
1350
-2390
-5312
-7648
-9461
-10121
-10374
-9424
-7463
-5798
-2905
-596
-243
-852
-3755
-7240
-9433
-11922
-14383
-16220
-16614
-15208
-14669
-15511
-16808
-14976
-5635
4573
10178
16106
21180
22507
23426
22543
18364
13756
7753
1033
-3213
-6854
-10047
-11340
-13082
-13777
-10764
-6524
-2289
1995
5966
10170
12795
13466
14718
14953
12164
8378
4590
871
-2297
-5450
-8049
-9638
-11145
-12227
-12144
-10021
-6796
-5261
-3128
566
2095
3512
4632
1703
-109
276
-2990
-6852
-7848
-8668
-8648
-6169
-3334
-1427
587
2469
3757
5635
7380
7476
6605
5558
5167
4868
3230
2363
2501
409
-1534
-617
-42
547
3885
7062
8077
9279
11355
13563
14639
13004
10539
9041
6671
3762
1313
-2494
-6342
-8100
-9398
-10090
-9413
-8958
-7901
-5353
-3040
-1273
-485
-1882
-4492
-7577
-11398
-14653
-16095
-16371
-15807
-14257
-13932
-16501
-17746
-11841
-1074
6545
11069
16871
20679
21884
23240
20769
15579
11482
5183
-930
-3966
-7781
-10481
-11140
-12845
-12038
-7605
-3537
349
4111
7284
11061
13297
13730
14839
14056
10408
6778
3404
401
-2835
-6576
-9062
-11219
-12395
-11806
-11092
-8103
-4999
-3926
199
3398
2714
4098
3754
408
407
-275
-4584
-7740
-9256
-10273
-9312
-6313
-3545
-1542
710
2383
4037
6482
7791
7784
6860
5805
6377
5971
3813
2822
1542
-510
-1175
-1084
-758
763
3824
6335
7782
10647
12824
14034
15810
13486
10432
11166
8789
4527
1540
-3783
-7220
-7979
-10166
-10607
-9991
-10126
-8161
-5839
-4022
-1707
-2003
-4477
-6928
-10593
-14068
-15844
-16753
-16156
-15030
-14673
-15911
-19515
-17467
-5857
3291
7524
14350
19748
21878
24247
22901
18434
14407
7775
1157
-2374
-6439
-9227
-10529
-14144
-14970
-10482
-5829
-1488
2953
6630
10412
13342
15423
17072
15935
12667
8931
4699
1925
-836
-5540
-8293
-9939
-12842
-13460
-12505
-10769
-6654
-3966
-2025
1350
2350
3724
6306
3726
1014
2239
-1102
-7045
-7875
-8489
-10182
-7416
-4319
-4006
-2299
-477
918
4382
6601
6811
7103
5907
5121
6085
5307
3886
3663
2427
719
-506
-1951
-1445
1519
4095
6093
8423
11051
13103
13906
14798
13539
10055
10243
9724
4231
-36
-3261
-5957
-8035
-11625
-10154
-8001
-11899
-9184
-3046
-4229
-3096
-885
-4744
-7760
-9920
-13956
-15805
-16393
-17042
-15611
-14083
-16084
-19469
-15900
-4352
3916
7449
14149
19932
21599
23418
22427
17885
13344
7446
1642
-2880
-7876
-10523
-11204
-13524
-13913
-9314
-3906
-771
2243
6732
10686
13430
16279
17204
15302
13158
9670
5463
2922
-961
-5414
-7547
-10330
-12980
-13958
-14319
-11185
-7790
-6679
-2988
1082
2264
4195
5867
3687
3019
2964
-987
-4620
-7274
-8347
-8373
-6958
-3302
-3092
-2267
794
1636
3831
5741
6360
6112
4644
5263
5780
5258
4314
2820
2245
1168
-735
-1452
-86
2366
4595
6786
9741
12202
13811
15243
14690
13004
11562
9610
7183
3723
-560
-5117
-8104
-8804
-12026
-13271
-8515
-9238
-10147
-2785
-1528
-4325
-2076
-3485
-8105
-11798
-14951
-15388
-16922
-18473
-16223
-15864
-18554
-19900
-14963
-3289
4934
8695
15455
20840
22407
23558
21287
16830
13058
6426
236
-2869
-7190
-9822
-10786
-13396
-12017
-7774
-4943
-401
3788
6642
10718
13662
15509
16733
15617
12789
8699
5508
3349
-1385
-5871
-7945
-10754
-12443
-12816
-13688
-10841
-7047
-6449
-2620
1348
719
3551
5646
1533
1233
1691
-3838
-6564
-6541
-9097
-8606
-4810
-3366
-2475
-757
-246
1490
4467
4953
5324
6046
4406
4176
5229
4171
3726
3152
1043
-26
-694
-970
271
2860
6474
8299
9958
13911
15860
16106
15553
12623
11130
10667
6832
2743
-893
-6062
-9093
-10431
-11336
-11059
-10618
-9817
-6367
-3116
-1787
759
-437
-2573
-5682
-10363
-11836
-16990
-18070
-15687
-18041
-17430
-17257
-20203
-19047
-8961
1633
6148
13132
19463
20967
23475
22995
18746
15393
9781
2693
-1856
-5773
-9200
-10592
-12330
-12760
-9402
-5878
-2530
1995
5377
7977
11437
14005
15193
15466
13288
9626
6154
2690
-571
-4001
-6952
-9220
-11727
-12948
-12187
-11058
-8720
-6698
-4802
-162
381
1226
5919
2621
80
2673
-904
-6125
-7667
-7837
-7942
-6041
-3301
-2359
71
1788
3015
6012
6762
7150
7284
5889
5661
5682
4033
1963
786
-481
-1549
-2038
-1999
-390
3162
6862
8265
9917
14241
16451
15982
16485
14754
11823
11402
8883
4054
-1083
-7015
-9595
-10959
-13543
-13124
-11579
-10289
-8305
-6218
-3836
-2824
-3768
-6486
-10942
-12855
-14982
-17052
-12922
-15251
-18326
-14637
-20119
-19176
-5348
1012
4838
13009
17108
19861
24064
22149
18540
15322
8648
3003
-689
-5218
-8936
-10093
-12568
-13840
-9430
-5318
-2213
2707
6048
9406
13888
15521
16192
16229
13391
9741
6330
3636
446
-4461
-8102
-10762
-13337
-13575
-12691
-10776
-7650
-6022
-3667
-115
1060
2638
4662
2592
516
1030
-1789
-6468
-7619
-8589
-9715
-7015
-4284
-3368
-1352
63
1659
4901
6706
7814
7965
5846
5661
6174
4358
3426
2690
585
-681
-1244
-1636
-1032
1578
5520
8088
10622
14582
16890
17539
17650
15572
13208
12082
8944
3916
-549
-5092
-8809
-10552
-11932
-12659
-11893
-10245
-8178
-5878
-2943
-1377
-2585
-4510
-7528
-11372
-14334
-16287
-16259
-16126
-16032
-15855
-20038
-20727
-12003
-3397
4423
10910
14171
20811
24013
21760
22725
18402
9696
6407
1480
-4593
-6759
-9691
-12990
-14276
-12588
-7532
-2646
1143
4698
7916
11193
13657
15640
16714
15138
11634
7473
4542
1885
-2780
-6496
-8756
-11975
-13384
-12819
-12299
-9582
-7162
-5726
-2233
161
637
3402
4288
521
1169
1081
-4594
-7400
-8248
-9816
-9629
-5646
-3645
-2929
-421
199
3259
6232
7064
8533
7036
5622
6935
6169
4250
3677
1578
-386
-642
-1345
-1369
766
3908
5980
8044
11641
14639
16009
16482
15492
13740
12837
11578
7944
2642
-2132
-6033
-9427
-11458
-12252
-12665
-12320
-10758
-8478
-6098
-3948
-3229
-4977
-7920
-10494
-12601
-14614
-16178
-16087
-14931
-15082
-17364
-19948
-17492
-7487
1985
5874
11861
19782
21378
22443
24834
19146
12871
10690
3151
-3210
-4399
-7823
-10259
-12194
-13611
-8714
-4365
-2314
2748
6907
10101
13415
15079
16676
16005
12781
9718
5793
2756
96
-5020
-8644
-10409
-13451
-14384
-12546
-10953
-8556
-5759
-3328
-145
1764
3107
4859
2946
443
777
-2066
-6963
-8726
-9904
-10220
-7523
-4976
-3701
-2097
-526
1651
5273
7797
8058
7808
7187
6728
7097
6400
4898
3665
1725
391
130
-786
-495
1888
3736
5574
8886
12127
14476
16498
17006
15213
13419
12798
10630
5554
197
-3958
-7733
-10751
-12438
-13108
-12768
-11440
-9208
-6976
-5259
-3329
-2873
-4706
-7153
-10624
-13826
-15522
-16828
-16175
-15326
-16706
-17809
-18679
-15195
-4570
3285
7558
14746
20016
21803
23503
22557
18287
13472
8367
2420
-2220
-5313
-9128
-11081
-11579
-12943
-9107
-2632
-838
2525
8089
10421
13058
15645
15584
14975
12670
8484
5208
2369
-1674
-5762
-8470
-11209
-13316
-13414
-13348
-11369
-7828
-6548
-3638
272
545
2390
4415
1486
239
847
-3066
-7483
-8658
-9367
-9271
-6624
-4063
-3085
-1467
743
3080
5943
7225
7350
7723
7029
6875
7484
6234
4539
3178
1507
576
-6
-12
1307
3246
5779
8309
10479
12826
14497
15779
16373
14650
12870
11713
7683
2400
-1250
-5363
-9260
-10952
-12422
-13183
-11812
-10263
-8919
-7138
-5706
-5631
-7224
-9542
-12681
-15713
-16467
-16192
-15254
-13855
-14945
-17941
-19269
-14160
-3033
4586
8446
14585
18923
21065
23383
21016
16111
12414
6481
1336
-1167
-5271
-7706
-9158
-13225
-11931
-5768
-2321
1132
4617
7790
12113
14011
16514
18667
14737
12041
10714
5015
1640
-363
-6066
-10083
-11681
-13403
-13599
-12533
-10723
-8533
-6319
-2779
-264
498
3078
3492
403
1006
1055
-4136
-6981
-7999
-10378
-8829
-5223
-4189
-2715
-497
231
1917
5352
7090
6883
6629
6048
5879
6533
6095
4867
3767
2021
796
487
-368
275
3274
5319
7339
11285
14013
15315
16795
16078
13981
13528
12465
8488
3493
-937
-4939
-8136
-10373
-11957
-12080
-11252
-10167
-7665
-5648
-5224
-4507
-5772
-9280
-11827
-14562
-17068
-17355
-16850
-16164
-15902
-17479
-19969
-17635
-7032
2461
6276
12504
18801
20808
23031
22903
18763
14330
8193
2181
-1465
-5794
-8874
-9804
-12331
-13200
-8596
-3211
117
3528
6801
10802
15292
15632
16120
18670
13482
7058
7834
4458
-2459
-4697
-6949
-10625
-13474
-14069
-12480
-12150
-10235
-6328
-4023
-1221
243
1599
4559
1997
-199
2290
-1536
-6917
-6850
-8627
-10049
-7128
-5040
-3933
-2043
-962
543
3769
6663
7783
7281
6236
6172
6400
5664
4881
4097
2652
1337
383
-639
-679
1403
4101
5995
8689
12661
15731
17252
17662
16796
15465
14412
11914
6623
914
-3290
-7025
-10145
-11820
-12632
-12661
-11510
-9238
-6900
-5147
-3838
-4876
-7649
-9606
-12701
-16371
-17791
-17999
-17585
-17902
-19149
-20159
-21227
-15327
-2552
4358
8778
16545
20085
21554
23467
21029
17731
13951
6901
1606
-1805
-6344
-9429
-11390
-13811
-12981
-7737
-2769
933
5604
10166
14064
16778
17744
18412
16583
12898
9477
4257
1712
-999
-8799
-10271
-10369
-15917
-14191
-11844
-12419
-7289
-5616
-3505
2329
701
1672
5072
927
707
1494
-4276
-7079
-8161
-10161
-8669
-6508
-5178
-3241
-2035
-946
1604
4251
5402
5872
6046
5868
6225
6302
5230
4081
3010
1660
728
354
20
675
3144
5596
7439
10373
13687
15645
16783
17271
16338
14933
13697
10560
5267
438
-3596
-7433
-10078
-11386
-11952
-11681
-10141
-8091
-6618
-4925
-3847
-5071
-6974
-9403
-12633
-15081
-17411
-18417
-17403
-17709
-19123
-20985
-20771
-12126
-1038
4453
10312
17236
20297
22560
23452
19835
15305
10600
4365
-273
-3714
-7985
-10295
-11643
-13819
-11354
-5329
-1902
2085
7274
10419
14050
16854
17209
17451
15317
10960
7246
4157
1297
-2607
-5957
-9057
-12787
-12551
-12615
-13492
-9132
-7771
-6378
-355
-1664
-524
5656
706
-1403
3511
-1286
-6327
-5517
-7833
-9901
-7948
-5517
-4304
-2576
-1102
-985
1976
5087
4499
5462
6195
4941
6194
6503
5055
5246
4115
2137
1610
679
-65
930
3022
4984
6824
10026
13539
15544
17000
17136
15547
14971
13959
9752
5023
771
-4294
-8035
-10027
-12003
-12958
-12468
-11233
-9034
-6516
-4003
-2410
-3459
-4838
-5806
-9599
-13843
-15945
-17929
-18822
-18777
-19957
-21274
-21602
-17149
-6695
1916
7789
15150
19723
21341
23402
22056
18133
14771
8712
2274
-1410
-5735
-9221
-10839
-13149
-12825
-8955
-4767
-124
4275
8239
12285
14507
15871
17408
16615
13308
9121
5506
2873
-739
-4645
-7297
-10479
-12753
-12803
-13411
-12020
-8447
-7154
-4198
-191
95
2052
3941
62
-989
473
-4133
-7832
-6767
-7266
-8641
-5740
-3140
-3827
-1866
283
1309
3357
4729
5916
6251
5758
6040
6113
4888
4431
4121
2674
1902
960
252
851
2466
4486
5219
7516
12102
14060
15392
17070
15485
14377
13761
9860
5769
1578
-3671
-7142
-9249
-11141
-12336
-12869
-12257
-10457
-7651
-4444
-2485
-1910
-2501
-4358
-7608
-11242
-13829
-16195
-17992
-18191
-17710
-19212
-21618
-19565
-12092
-2700
4436
10768
17431
20576
23026
24217
20779
17220
12502
5819
1148
-2725
-6553
-9027
-11134
-13050
-11627
-7005
-2527
1141
4877
8869
11662
13956
16380
16243
13407
10181
7445
5039
1714
-2474
-5849
-9792
-12972
-13477
-13839
-13365
-10517
-8400
-6646
-2188
-21
1217
3683
2046
502
1041
-800
-4980
-6490
-6944
-8433
-6552
-4612
-3631
-2670
-1492
507
1899
4322
6383
6771
6560
6642
6494
5578
5149
4110
2145
879
545
3
-87
1522
3645
5319
7563
10958
13926
15540
16064
15364
13785
12297
10375
6569
1412
-3263
-6673
-9184
-11132
-12569
-13264
-12583
-10467
-7386
-4103
-2226
-2349
-3690
-5822
-8358
-11164
-13709
-15483
-16980
-17357
-17244
-18750
-20175
-18858
-12344
-2051
5140
10581
17457
21080
22749
23772
20727
16995
12930
6394
1472
-2457
-7070
-9638
-11373
-12946
-11526
-7372
-2901
588
3876
8078
11746
14607
17008
16871
14460
11841
8621
5144
1786
-2442
-6037
-9654
-12598
-12942
-13649
-13871
-11437
-9015
-7244
-2622
788
1105
3801
2754
55
1461
-1075
-4736
-7027
-8559
-7341
-8482
-6409
-1642
-3461
-2593
3248
3102
3315
8158
7286
6132
7097
5714
6033
4621
2792
2824
1311
247
418
641
2396
4842
5723
7808
10890
12877
14265
14732
14025
12301
11314
9804
5989
1573
-3099
-6802
-8625
-10612
-11968
-11782
-11701
-10464
-7709
-5247
-3260
-3116
-4938
-6587
-8850
-11906
-13667
-14904
-16016
-15845
-16008
-17934
-20083
-18046
-9381
-287
5327
11673
17538
20321
22628
22590
19286
16249
11497
4987
968
-2855
-7234
-9027
-10909
-12552
-9883
-5597
-2205
928
3924
7718
11216
13309
15295
15473
12979
10331
7870
4994
1345
-2654
-6173
-9494
-12360
-14049
-14309
-13151
-10970
-9440
-6354
-1744
-515
1491
3981
1779
1043
1542
-1778
-5220
-6588
-7960
-8906
-6695
-4423
-3608
-2060
-514
1757
3772
5801
8188
8266
7034
7515
7412
5427
5156
3483
1268
1265
548
431
1211
3258
5771
6854
8773
11935
14133
14880
14624
13517
12636
11904
9651
4822
-891
-5010
-8149
-10694
-11812
-11892
-11609
-10698
-8547
-5856
-4163
-4087
-5509
-7259
-9199
-12402
-14565
-14876
-15664
-15438
-14338
-15935
-19318
-19012
-10655
-237
4548
9334
16112
19085
21441
23345
20038
15958
12151
5842
1579
-1277
-5528
-7456
-9603
-12702
-10117
-5612
-3499
-64
3374
6441
10810
14205
16457
16966
15093
12470
9285
6614
3696
-1979
-6935
-10057
-13560
-14267
-14062
-14563
-11790
-8792
-7390
-2578
787
-239
2786
2632
-316
2487
502
-5340
-7179
-7756
-9455
-7964
-4278
-3602
-2127
-647
946
4594
6879
8071
8775
7828
7535
8511
6043
3774
4706
2329
388
2548
1444
-126
3128
5270
5585
7506
10467
13398
14558
14845
14751
13336
12640
10872
5892
792
-3972
-7755
-9320
-11089
-12311
-11566
-10948
-10384
-8834
-7407
-7042
-7292
-8843
-12161
-14286
-14999
-15763
-14418
-12912
-13936
-15803
-18381
-16121
-5245
3565
6585
10765
15189
18612
21763
20948
17348
13638
7910
2715
263
-2740
-5434
-7150
-11105
-13023
-8472
-3452
-1272
1146
4251
8012
12441
15611
17373
17274
14101
10297
7757
4928
960
-3644
-8261
-11943
-13849
-14625
-14872
-13355
-11184
-9465
-5641
-1927
-1051
861
2088
70
805
2721
-808
-5257
-6660
-8390
-8946
-5655
-2852
-2317
-1001
373
1952
5940
8935
8917
8270
7310
6957
7268
6734
6309
5052
2452
1346
2123
2352
1116
2643
6186
5383
7090
13710
14145
13389
16163
14679
12864
12436
8347
3515
-1990
-7236
-8433
-9551
-11822
-12316
-11711
-10602
-9574
-8616
-7279
-7490
-9446
-11438
-13316
-14653
-14688
-14018
-13209
-12609
-13869
-17236
-17405
-9980
-606
4515
8908
13944
16756
19714
21711
18773
14782
11042
5123
889
-1338
-4460
-6757
-9352
-12496
-10749
-5599
-2468
409
3382
6045
10498
15078
17166
17709
16927
12848
9356
6654
2130
-1726
-6428
-10747
-13342
-14270
-13649
-14251
-11669
-8900
-8132
-2574
-30
-601
2225
1856
14
1535
534
-4680
-6596
-7246
-10121
-7737
-3428
-3091
-1166
1654
3048
6811
9729
10593
11231
7760
5329
7257
6798
5106
4499
3054
2341
1874
978
972
969
2286
4429
7473
12073
14782
15760
16485
15755
13903
13439
9762
4408
910
-5996
-8930
-8392
-11588
-13808
-13166
-12581
-13124
-11763
-11432
-13284
-14440
-15950
-16583
-15154
-13559
-13055
-11858
-12470
-16878
-17853
-10164
152
7132
10909
13271
16668
19369
20713
18924
13913
9511
3517
-1021
-3260
-5958
-7143
-10358
-12969
-11528
-8176
-2407
1454
4464
9180
13251
17983
20839
20661
19211
15370
10239
6838
4213
-1109
-7067
-11677
-15267
-15655
-14900
-14735
-11946
-9139
-7870
-2243
1508
-122
3090
3072
-829
1482
90
-4385
-6429
-8369
-8552
-7836
-5161
-1514
-145
1517
3871
6180
9219
10014
9301
7973
6792
7290
5806
4495
3760
2868
3248
2071
1068
1120
1870
3419
4791
7264
10829
14156
16196
16523
15108
13383
11781
8943
5364
1038
-4276
-7808
-8256
-9041
-11269
-12097
-12203
-14404
-15600
-13907
-15720
-20054
-19600
-17595
-16761
-13149
-9458
-10689
-15345
-16279
-7225
4519
9284
12343
16244
16926
18864
20566
16487
12145
6506
-2023
-5602
-7822
-10813
-10002
-12578
-16962
-14006
-8420
-3090
2239
5114
9103
14932
19199
22203
23112
20512
15617
10853
7565
3572
-2118
-7465
-12359
-16194
-17314
-16917
-15152
-11806
-9259
-5917
-677
2039
3704
6356
4946
1978
2135
35
-4800
-7060
-8321
-9023
-6486
-2942
62
2743
3805
5734
9477
10818
10695
10351
6408
2493
2324
783
-1923
-1837
-2130
-2750
-702
647
1612
5426
8667
10867
14184
15830
16484
17631
15917
12200
9635
7156
3389
-1323
-5588
-8541
-10545
-10729
-9413
-9207
-9764
-9764
-10396
-11591
-12891
-15221
-16951
-16642
-16256
-15727
-13450
-12746
-16426
-16099
-5594
4907
10379
16095
18830
18702
20854
20447
16715
12548
4536
-3537
-7554
-11691
-14500
-14753
-17358
-19379
-15290
-9051
-4441
596
6249
10992
15914
20942
23084
22422
20728
16505
11281
8010
3774
-1891
-6731
-11745
-15006
-15632
-15679
-13323
-10423
-9170
-4824
47
1357
4748
7770
4897
3679
4946
1228
-2854
-3544
-5542
-6809
-4604
-2566
-1089
1374
3549
4724
5304
6011
6670
5444
3025
2111
2065
1091
92
50
-172
-816
-146
1058
1478
3554
6897
9059
11664
14238
14939
15304
14185
10408
7532
6255
3355
-1097
-4619
-7480
-9633
-9547
-9147
-9238
-8554
-9275
-11012
-11615
-12495
-13185
-13443
-14119
-12988
-10664
-10358
-12758
-15007
-10290
308
6703
10020
14933
16599
17697
20570
16955
11409
8842
1489
-5793
-8363
-11999
-14192
-15841
-19343
-18614
-14552
-10157
-5113
-650
4669
10238
15515
20999
22319
21068
19926
15138
10328
7655
1673
-4433
-7836
-12325
-15518
-16508
-16574
-13012
-10247
-8754
-2684
1008
2089
7280
8288
5994
7760
6091
1076
-1160
-3101
-4287
-3126
-1011
1038
1896
2658
3777
4349
5005
5118
4049
2287
667
430
365
-713
-1872
-2590
-2490
-2047
-1275
481
2705
6263
9899
11637
14428
16986
16600
15722
12746
8236
6353
3626
-1030
-4484
-8294
-11162
-11349
-11950
-12540
-12175
-12573
-12509
-12091
-12492
-11482
-10064
-9758
-8501
-7322
-7884
-10783
-12280
-5001
4016
7331
11966
15415
15433
18381
18303
13745
10530
4843
-2283
-6223
-8891
-12112
-15158
-16852
-18987
-18521
-12295
-8475
-5295
152
2438
10107
18941
17951
19821
22017
15212
12365
11482
5605
1109
-4023
-9251
-13060
-14787
-14557
-15228
-11960
-9896
-8730
-2072
801
2840
7678
6742
6161
8638
5896
2791
2141
-418
-2632
-169
3386
3301
4649
5624
4512
5052
4799
4046
1960
-821
-1491
-2126
-2993
-2555
-2370
-3475
-2954
-1004
-259
214
2882
6744
8828
11309
15695
17298
15540
13726
10396
6770
5814
3305
-1988
-6348
-10077
-12081
-11228
-11825
-13401
-13506
-14773
-15270
-14186
-14857
-13251
-9637
-8999
-6890
-3812
-6160
-9873
-6801
2589
9737
13111
16870
17684
17691
19875
16704
10566
6019
-1062
-6191
-8216
-12753
-14888
-14979
-18946
-18871
-12618
-9120
-6749
-3120
699
6684
12688
17453
19945
18770
18032
14452
9089
8432
1901
-5422
-5791
-12132
-15944
-13591
-16370
-15205
-11048
-11756
-4956
962
-1546
5065
8530
4939
9250
10399
4833
1992
1272
-1304
-541
4505
6187
6205
7302
7708
7938
8046
7392
6045
2135
-1854
-2264
-3414
-5566
-4825
-4432
-6105
-5108
-1917
-552
1090
5155
8922
11669
15358
18020
16977
14634
11973
7859
4845
1854
-3862
-7945
-10324
-14028
-14445
-12386
-13365
-14215
-13252
-13249
-13113
-12827
-13290
-12404
-10646
-9242
-6364
-4760
-8277
-10215
-3998
4835
11127
16457
19533
19973
21473
21418
16999
12370
6858
-991
-6172
-9894
-14019
-15475
-17450
-20726
-19155
-13485
-9311
-5483
-699
4081
8951
14373
19343
19776
18099
15327
11389
8057
3962
-1124
-7073
-10490
-14322
-16383
-15311
-15630
-12554
-10425
-8187
-2276
-192
1221
6966
7331
4925
8550
6728
2061
1303
269
-963
-802
3842
6276
6183
8565
8787
8473
8712
7279
5565
2047
-1170
-814
-2185
-4011
-2582
-4009
-5026
-2024
-1120
-372
2216
6141
8766
10482
14100
15183
15608
14573
10688
6795
2960
393
-3366
-7835
-11241
-13039
-13235
-13861
-14263
-13565
-12625
-13112
-13623
-13332
-13042
-11959
-11297
-10184
-6891
-5799
-8478
-10286
-6701
3121
11140
14759
19656
21712
21336
22499
18990
13979
9995
2058
-3913
-7218
-11169
-12335
-14511
-18403
-17788
-15042
-10967
-5933
-3345
858
6472
12290
17549
19255
19010
16396
13103
9539
5083
151
-5832
-10189
-14026
-16625
-17486
-18664
-15975
-12710
-11987
-4986
66
-313
6271
8678
6600
10065
9863
4189
1242
918
-2667
-2703
2265
2771
1096
4385
7122
5215
7782
9375
5908
3210
2354
3413
1304
-557
454
-273
-1039
-477
-256
-73
1176
2703
5257
8672
11743
14254
15081
14341
11975
8359
5957
3549
-1137
-5390
-9532
-13725
-13820
-13522
-15552
-15089
-14603
-16338
-15656
-14130
-14503
-14239
-12574
-9645
-6117
-3820
-3525
-7028
-10415
-4638
6121
12517
16875
19676
18908
19816
20950
17525
13746
8563
-209
-5076
-6672
-9694
-10787
-12394
-16793
-17285
-12924
-8068
-4652
-1994
2384
7705
12832
17890
20362
19586
16573
11481
7530
4671
-446
-4937
-9258
-15169
-17613
-17802
-18594
-15522
-13091
-12597
-5380
-1593
-311
7197
7517
5851
9267
8120
4211
2232
15
-2670
-1783
1671
2633
2259
3541
3398
4885
6730
6318
5715
2055
966
552
1446
2150
1272
3709
447
549
3623
1900
2612
5049
7127
8191
13189
16173
14539
14588
11148
5852
4247
2788
-1624
-6229
-11024
-14345
-14079
-15323
-16855
-15264
-14613
-14898
-13650
-13453
-14849
-14132
-13719
-12223
-7372
-4864
-3370
-5901
-11015
-9452
1874
12265
13778
18495
18994
16962
20854
18568
15020
12187
5119
-1754
-4394
-6171
-7374
-7285
-12958
-17337
-13052
-8604
-6046
-1393
985
2406
8557
14332
17790
19430
16498
11882
9018
6944
3416
-2105
-7704
-13496
-17117
-16590
-16962
-16052
-13722
-14059
-8400
-1941
-2894
2331
7587
3907
6291
9318
3492
494
781
-1680
-2580
779
3083
1640
2481
4653
4063
5404
5639
3445
2683
535
691
2318
836
1223
2587
1861
2491
2956
4268
4627
4202
11386
10275
8208
16477
13868
12459
14210
8363
6186
5171
-866
-5521
-7892
-12851
-13922
-13480
-15462
-15435
-14538
-13005
-12126
-10523
-10181
-13234
-14599
-14611
-12964
-8152
-5716
-6414
-8965
-14157
-9881
4950
12221
13982
18140
17295
16884
21891
20474
15138
11202
2810
-3549
-4734
-7802
-9147
-9663
-14952
-16633
-11404
-6833
-3603
-865
1537
5864
11534
16562
19334
17965
14442
11507
8520
6341
2538
-2968
-8949
-14302
-15934
-17148
-17462
-16044
-13913
-12404
-6591
-701
-1865
4118
6752
3096
7083
7449
2859
1109
1231
-1882
-3047
362
1094
1414
2038
1372
1598
3247
4613
4572
1248
-1417
1280
2959
2388
3346
3882
3073
3790
5969
6504
6233
7699
7786
7257
11515
13581
13058
12855
9588
7399
4934
3336
2684
-3194
-9904
-9765
-11562
-14567
-9319
-12438
-15238
-11248
-13610
-11330
-11398
-16354
-16659
-17278
-15237
-9682
-7426
-7025
-9618
-15581
-9331
5673
12153
15849
19941
18275
19015
23317
20046
14879
10846
2144
-3607
-4995
-7689
-8012
-10127
-16470
-16097
-11787
-8413
-3077
-307
1557
7669
13639
17126
20650
20152
16123
12826
8560
6279
3050
-3006
-7997
-14216
-17018
-16780
-17575
-14391
-13186
-13450
-5565
-975
-843
5295
6261
3169
7261
8314
3681
1466
-519
-3638
-2670
454
-6
514
135
-1688
1614
3082
2528
3855
1751
-448
2302
4884
4668
4470
3543
3186
5438
6517
4358
3168
4300
5027
7379
10877
11782
11831
11992
9553
7775
8498
6541
2471
-1673
-6627
-9994
-8700
-9484
-11750
-9925
-11644
-11580
-7834
-10058
-13551
-11875
-15060
-19795
-13263
-11901
-11104
-6114
-10569
-14532
-13474
-3425
7881
10623
15079
17282
18074
23371
21707
16531
14420
6549
1185
93
-5485
-7417
-9694
-17229
-18993
-16027
-12597
-6745
-3024
-1277
4240
10828
15925
20421
21600
19671
16717
13635
10459
5791
738
-4748
-10661
-14749
-16529
-17725
-16465
-13588
-13761
-8992
-2521
-2657
2615
7155
3564
4657
6256
2751
705
131
-2499
-3841
-1119
384
1095
2054
1588
2636
3808
4221
5619
4502
1243
1092
1077
-975
-323
815
-666
-209
2446
2499
2362
5376
6875
7544
11356
13627
13745
14555
12375
8495
8003
7370
3938
-888
-5536
-7617
-9450
-10105
-9218
-9559
-9388
-9417
-8914
-9275
-12116
-14546
-17187
-17799
-16655
-14769
-11463
-11005
-12580
-15645
-12277
1841
10553
14376
18682
18254
20013
23524
21474
17683
11274
2227
-1951
-5017
-9503
-10220
-12252
-18287
-19604
-14762
-10218
-6104
-1905
621
5098
12517
18085
21310
22428
19621
16146
14081
11158
7097
2177
-4198
-10390
-13540
-15154
-16283
-15257
-14629
-14443
-9190
-4491
-3799
1346
3338
1067
4578
5531
3180
2646
806
-1061
-973
1315
1602
570
748
-1070
-296
1635
1444
2035
702
-2129
-1292
2481
3599
4762
5158
4078
5318
5192
4289
4254
5676
5817
5904
8362
9045
11195
11966
8828
8197
8777
6959
4772
1968
-2816
-4813
-5067
-6671
-6934
-8273
-10685
-11113
-11736
-13235
-14943
-17398
-19763
-18909
-15260
-12042
-9868
-9434
-12190
-14298
-5202
7686
11520
15319
17890
16770
19234
19996
18852
13609
4642
466
-5332
-9513
-7780
-10573
-15921
-18860
-18563
-13371
-8008
-4551
-1312
2262
8871
15171
19221
22687
21309
18535
17228
13280
9778
6366
82
-6178
-11306
-14140
-15903
-17279
-15664
-15223
-13800
-7670
-5078
-2668
3259
3527
3252
7160
6519
3467
2615
623
-1150
-468
861
1692
1758
447
-207
1179
1142
642
1716
575
-1077
446
585
488
2669
1803
1043
1962
1732
2275
3892
6154
6496
8169
11346
11158
13152
13966
10710
10053
8510
5372
3166
259
-3804
-6956
-7626
-9047
-9429
-9144
-11080
-9585
-8046
-10922
-12169
-13289
-15709
-14843
-12986
-11546
-9570
-10814
-14060
-14591
-6639
6326
11201
14117
17406
16939
20179
20862
17598
14528
6823
-1335
-5354
-8092
-10734
-12178
-16245
-20351
-18272
-14852
-9353
-2683
298
3908
9649
17358
21979
22249
23580
20502
14801
12355
9645
5675
495
-5957
-12133
-15502
-17289
-17545
-14408
-14156
-12563
-6438
-5122
-1610
4891
4073
3977
6687
4775
3176
3180
1447
-815
-1128
450
135
1173
1334
-1323
-253
332
125
1096
-591
-1927
-572
1014
2937
4838
4079
3548
5256
4809
2369
3710
6368
5898
7336
10133
10747
12216
12885
9415
7459
7406
5331
3607
90
-4447
-6467
-6595
-7864
-9459
-9265
-11440
-11990
-12636
-16095
-16602
-16937
-17147
-15970
-13295
-9717
-8278
-10228
-12990
-6846
5526
10956
14538
19605
17518
16765
20139
16566
12132
8140
-1035
-6482
-8032
-10649
-11022
-13239
-18435
-18372
-14352
-10970
-6120
-1802
2843
8352
13651
19739
21458
22104
22299
17642
13649
13131
7628
-525
-3053
-10849
-15270
-14185
-18697
-15749
-14319
-16498
-9002
-5235
-4111
3221
4102
3462
8404
7443
4320
3535
2096
-334
-714
1057
-1020
-1897
-1351
-3528
-3036
-1018
-704
-335
-538
-1063
277
1828
2842
3910
4388
4790
5497
5437
3342
2674
5204
5602
5366
8847
10837
10838
12536
11345
8080
8426
8000
3912
84
-3130
-5071
-5374
-6789
-8320
-8810
-10174
-10456
-8951
-9342
-10910
-12722
-15169
-16111
-13716
-10893
-9297
-7953
-10888
-14493
-10159
1290
9040
11614
15103
14468
15935
20358
17820
13946
9525
1576
-3740
-4608
-6806
-8844
-11296
-17777
-19499
-14810
-10262
-5938
-3114
-969
5406
12657
17905
22668
22567
19519
18280
15423
12278
9545
3032
-3197
-7967
-14363
-16621
-15756
-17570
-16865
-13261
-10647
-5569
-497
1389
3954
5428
5832
7815
6817
3927
2340
-637
-1695
-126
-667
-1384
-2498
-4970
-4057
-1441
-766
502
525
-1414
130
3367
4430
5615
6352
5156
5802
6696
4685
3323
3871
4032
3743
6424
8703
9271
11648
10319
8136
9462
9104
6345
1913
-2113
-5383
-6446
-5171
-7780
-9773
-10037
-11519
-9266
-8050
-10054
-11257
-13887
-16703
-15283
-11882
-10378
-8869
-8423
-12423
-15076
-8125
3126
8645
10478
12476
13942
17138
20236
18082
13440
7944
1550
-1411
-3383
-6853
-8635
-11771
-16940
-17494
-13110
-8192
-5068
-3325
451
6404
12666
19131
22506
21204
19307
17284
14634
12479
7500
736
-6076
-12492
-14505
-16216
-18386
-16708
-16291
-15446
-7606
-2926
-2976
2874
4288
2085
7511
8757
5010
2973
135
-2170
-3082
-510
-41
-4130
-4681
-4419
-3624
-327
2101
3342
938
-1556
1430
4372
5072
6924
7207
5366
5342
5857
4386
2688
3791
4025
2326
5574
8757
9086
10378
8800
8169
9628
8423
5460
1212
-2590
-5001
-4528
-4145
-7057
-8063
-9470
-10461
-8976
-10770
-12667
-14417
-17681
-18406
-16779
-13343
-9077
-7151
-10098
-15749
-13490
-311
9408
11537
14137
14819
15318
20402
21089
15925
11473
4230
-2381
-3719
-6420
-8527
-10134
-16961
-19867
-15033
-9917
-4936
-2223
-1686
3623
11570
17620
22165
22793
19961
17097
14394
12733
9988
3439
-3415
-9879
-14506
-15196
-17089
-17545
-15298
-16264
-11499
-3604
-3501
65
4514
2133
5145
10212
7426
3822
2169
-949
-4392
-2285
635
-4990
-5296
-3081
-6793
-2067
2147
993
1849
136
88
3123
3913
6555
8819
5219
5589
7818
5033
3994
4274
3826
3286
3768
6877
9379
9229
9335
8707
7772
8697
7093
3685
81
-2979
-4368
-3880
-3606
-5877
-7026
-9020
-9179
-8513
-11385
-13175
-16295
-19251
-18781
-15936
-12442
-10082
-10337
-13634
-16199
-11222
3284
10798
11024
15199
14660
16144
23528
20447
13369
10033
2192
-2666
-2921
-6024
-8999
-13437
-18709
-19459
-14686
-8819
-5083
-2967
-961
5437
13800
20181
23229
21693
19434
16980
13993
12210
7698
386
-5363
-11740
-15867
-15425
-17166
-17756
-15587
-15144
-10234
-3437
-1324
2092
4022
2769
7168
11056
6839
3530
2070
-2126
-3273
-1140
-1573
-3570
-4009
-4422
-3157
-127
2030
2214
644
1080
1794
4716
6193
6004
7764
3654
3346
5548
2820
2028
1894
1676
1470
5215
8806
8091
9671
9697
8151
9037
9702
7014
1354
-1582
-3179
-3573
-2540
-4756
-6302
-8288
-10701
-9256
-8847
-10477
-13081
-17392
-18893
-16544
-14239
-11516
-9053
-9777
-13505
-14386
-5582
5807
10748
12958
14181
14776
19222
22225
18421
13410
7192
-194
-2548
-3698
-7673
-11020
-15724
-20026
-17692
-12564
-8135
-4040
-2393
1217
9310
15278
19830
23603
21044
17195
16647
14792
10443
4062
-2474
-8238
-13855
-14773
-14753
-18013
-17475
-15737
-13553
-6063
-1965
-912
2653
2801
3999
9079
9150
5116
2021
-224
-2039
-2118
-499
-1906
-4933
-4322
-3087
-1518
668
1678
2474
946
768
4145
4630
4312
6060
4191
3199
4677
2842
2095
1654
2557
1981
961
6419
7487
8481
11353
8545
7694
9638
9952
6052
1789
-1128
-4413
-3419
-2897
-4926
-5259
-8036
-10019
-8687
-10047
-12408
-14552
-17821
-18929
-16871
-13488
-10600
-9522
-10282
-13225
-12426
-2017
7990
11237
14219
15931
16303
20451
21630
16606
11957
5382
-1838
-3761
-5989
-9688
-11627
-16380
-19667
-15279
-10244
-6791
-2839
-788
3588
11736
17171
20763
22734
20247
17270
15024
12071
8260
1872
-4609
-10031
-14596
-15671
-16659
-17516
-15606
-14763
-10550
-3091
-1504
569
5154
4213
4635
8975
7921
3683
1714
-610
-2773
-1735
-658
-2010
-3323
-3766
-2598
208
1319
1807
2536
592
484
4603
6038
4582
4560
4006
3588
5034
3885
846
694
1824
1931
3704
6186
7549
9175
9687
8830
8141
9343
7761
4402
2633
-2678
-3982
-1386
-3422
-6386
-7114
-7653
-9341
-9085
-10048
-13635
-15705
-16998
-17060
-15208
-12485
-9478
-8328
-11419
-14115
-9000
2399
10281
12053
13893
14882
16597
21753
20603
14031
9565
2657
-3234
-4861
-8543
-11154
-13469
-18963
-19248
-14271
-9951
-5277
-1817
1109
7271
14178
19735
22815
21386
18668
16488
13661
10851
5248
-1966
-6702
-12436
-16139
-15529
-17469
-17148
-13705
-13239
-7406
302
387
2942
6863
4870
6317
9774
5904
1165
143
-2608
-4472
-1546
-495
-1989
-1261
-907
254
3222
3710
4053
3659
836
1775
3390
1411
966
415
-981
113
436
-187
1227
3317
4763
5638
7522
10345
10644
10512
11140
8990
6853
6748
5347
1160
-2744
-4268
-6576
-7209
-6523
-7797
-6591
-7787
-7772
-5115
-9739
-12020
-12987
-16722
-16929
-13454
-9405
-10220
-11703
-14075
-12902
-1487
6955
10539
15260
15682
16179
22017
22169
16636
12087
5162
-1397
-5060
-8377
-10415
-12583
-17117
-18860
-14833
-9674
-5611
-1760
1749
6026
12191
17731
21230
22143
19504
15794
12707
9784
5973
534
-5241
-10572
-14789
-15320
-15499
-16555
-13377
-11834
-9458
-2212
-523
1134
4843
4006
5056
7095
5445
2452
385
-2048
-3960
-1585
-888
-2286
-1356
-2257
-1955
1433
2770
2530
2636
1385
668
3084
4350
4288
5081
3861
2337
3467
3379
2039
2503
1960
1880
5194
7655
8593
9653
8593
6993
7353
7334
6156
4251
990
-1939
-3216
-3751
-4205
-5339
-7079
-8806
-10367
-11377
-13765
-17241
-18195
-18776
-18573
-13636
-9151
-8305
-10129
-13639
-8121
5873
12415
14015
17250
16384
16310
20308
19161
13965
8243
87
-5241
-6673
-8500
-9865
-13867
-19808
-18875
-13258
-8388
-4216
-1917
1182
7339
13515
18587
21926
21251
18814
15920
12948
10634
5933
118
-6025
-11639
-14958
-16028
-15960
-15680
-14044
-12854
-7526
-2135
-707
4691
5786
3637
7373
8699
5466
3689
1395
-2493
-2672
-352
-877
-3307
-4295
-4847
-3560
154
1656
1989
1664
259
1815
4516
5087
6000
5513
3588
3542
3437
3686
2966
1932
2462
2776
5809
7728
8094
9728
7181
5798
7789
7439
5634
2357
-1049
-2946
-2809
-3133
-5354
-5334
-6365
-8595
-8017
-8722
-11332
-14046
-16783
-17587
-15606
-12270
-10064
-8812
-9245
-13598
-12411
676
9150
10519
15313
14574
14050
19682
19666
16018
10284
3058
-1327
-3822
-6823
-8624
-10662
-17082
-19334
-15531
-11044
-5727
-2522
-935
3629
10822
16977
20385
20690
19223
16810
13937
11780
7986
2051
-4135
-10488
-14185
-14838
-16705
-16573
-14184
-14436
-9666
-1885
-1490
1596
6919
4088
5316
10273
6511
2604
1371
-2449
-4083
-2498
-1477
-2171
-3085
-3244
-2872
-224
3223
3615
2932
2103
2596
5388
4182
2851
3233
732
897
1885
539
109
1651
3718
3705
6571
10260
9731
10499
10599
9054
9225
9530
7296
2338
-287
-3000
-6561
-5310
-4808
-7208
-7689
-7699
-6858
-5052
-6267
-8694
-11863
-15888
-16452
-15094
-13428
-11394
-11125
-13253
-16290
-12362
403
8966
11049
13693
15022
16791
20822
21491
16426
10450
5524
-1193
-4374
-4499
-9827
-15056
-16124
-19192
-17922
-8709
-5819
-4886
625
3324
11063
19216
19448
21122
19539
14545
13292
11562
7327
907
-5403
-10988
-14352
-14167
-14957
-14688
-12946
-12365
-7234
-1390
-1272
1554
4326
1807
4224
7578
4055
1688
810
-2807
-3449
-959
-1454
-3609
-4536
-4695
-2951
425
2394
3356
2351
-122
1759
4512
4336
5824
6784
4320
3804
4688
4137
3261
2017
2595
1858
2486
6768
8030
9316
9166
7263
8287
9754
8112
4292
1449
-1788
-2092
-896
-3484
-5409
-6794
-8737
-8649
-9945
-13521
-15929
-18900
-20410
-18458
-15831
-11507
-8981
-11323
-14023
-11339
-266
10128
12752
15003
16262
15454
19987
21669
16113
11815
5491
-2854
-5257
-5703
-8736
-11022
-15794
-19874
-16322
-9960
-6089
-3658
-302
2585
9821
16035
19105
23065
18930
15888
15849
13128
9620
3395
-2284
-9396
-13882
-13626
-14901
-16025
-14968
-14057
-11195
-3569
-900
16
5122
3020
3204
9203
7008
3568
2131
-1871
-4052
-1903
-897
-3171
-4442
-5556
-5408
-2814
41
2302
2591
1057
533
2960
3773
4597
8268
6915
4293
5282
4941
4459
3932
3045
2049
1805
4531
6677
8507
9298
8131
8485
8892
9614
7010
2199
978
-1399
-2120
-1877
-4654
-5130
-7060
-10211
-8593
-8725
-12032
-15227
-19661
-19876
-17451
-15301
-10542
-8791
-11661
-14696
-12119
-986
9679
11427
12529
14386
13743
19892
22124
15563
11323
4827
-1986
-3412
-5059
-9000
-11171
-15534
-19946
-16492
-10159
-5670
-3735
-2080
3089
10604
16437
20389
21097
18927
16673
14614
14182
9161
2954
-3052
-10476
-12231
-13750
-15800
-16384
-14413
-14903
-12513
-1238
-981
-1220
5780
3462
3626
10768
8007
1713
952
-2995
-5854
-3417
-2028
-4188
-5363
-4540
-4088
-50
3179
3592
3338
1855
3563
4969
4653
6034
4689
2281
2311
1810
1177
655
1013
2599
2670
4357
7559
9032
10412
10231
9765
10142
10224
9975
5009
1264
321
-3876
-2965
-3040
-7744
-6320
-6949
-8395
-6493
-7405
-8771
-12110
-15158
-15968
-16427
-13853
-11173
-10962
-11123
-13362
-15290
-5919
6233
8366
10518
14164
14783
18771
22430
18843
14010
8498
792
-2718
-4783
-9462
-12449
-15268
-19154
-18387
-12467
-7173
-5019
-2666
2809
9414
14848
20533
21681
18433
17115
15316
13128
9538
4160
-1681
-7727
-12171
-12632
-14549
-17371
-12545
-14149
-11139
-886
-3108
-421
4040
2357
4077
8413
7614
2164
838
-1533
-4015
-3095
-1778
-2777
-4294
-2691
-1044
1269
3171
3956
3929
1977
2357
4772
4163
2910
3254
1825
1084
2628
2034
211
949
2442
2688
4205
7206
8637
8964
10005
9822
9253
11031
10479
6166
3033
-50
-2456
-2021
-3012
-4962
-6216
-8179
-8051
-7505
-9779
-12395
-15581
-18619
-18870
-17045
-14094
-11949
-10897
-11235
-14323
-11625
611
9504
11392
13282
15235
17479
20789
20690
16213
10229
3669
-1362
-4181
-8164
-12085
-14032
-17916
-20313
-15617
-9928
-6428
-3212
-798
4361
11566
16540
20492
21078
18400
17166
15100
11225
6782
1150
-3989
-8977
-12737
-13785
-15269
-15047
-13117
-13102
-8521
-2030
-2629
-590
4091
1695
4389
10020
4111
1148
3035
-2874
-3778
69
-3064
-4107
-3271
-4797
-2194
398
606
2449
2397
977
2090
3415
4114
4556
4519
5280
5790
5296
4311
2634
2052
3436
2613
1567
4281
5756
7198
9365
8710
8791
10093
8714
5032
3190
1203
-621
755
-1565
-4214
-4306
-7294
-8087
-9804
-13707
-15084
-18718
-21519
-20559
-17783
-13013
-9168
-8053
-10931
-13914
-6536
6917
12380
13544
15867
15530
17505
21133
17748
11849
6255
-1615
-5135
-5717
-9430
-11597
-13143
-17041
-17712
-13424
-7628
-3523
-1450
2333
7956
13265
18872
22257
21066
18229
15686
13723
11309
6237
484
-5157
-11382
-14016
-14322
-15821
-15159
-14288
-13623
-7208
-2056
-1661
2314
4638
2453
5812
9213
4740
2693
2171
-2668
-3569
-866
-2656
-5312
-4856
-5943
-4239
-1006
683
2760
657
247
2347
3611
4208
5362
6424
4547
5885
6051
3997
2929
1868
3497
3499
3816
5682
6604
8177
8811
9211
10462
10962
8120
3490
1761
-471
-2350
-360
-1604
-4227
-6021
-8841
-8403
-9482
-11838
-12943
-17558
-20836
-19008
-15775
-13456
-11303
-10074
-12012
-13583
-7107
4523
9224
10509
14379
15126
16914
21090
18027
11825
7555
985
-3393
-4481
-8024
-11056
-13268
-17574
-18110
-12585
-7008
-4153
-2951
-12
6344
13019
18463
21425
20978
19209
16597
13632
11033
6480
985
-4280
-10600
-13986
-14977
-16766
-16062
-14290
-13491
-8192
-2653
-3186
1005
5197
1993
5588
9618
4705
1585
1371
-1375
-3371
-1246
-1778
-5692
-5580
-4508
-3132
182
728
1641
2015
-1546
1837
5535
1208
6285
9326
2450
5345
6963
3435
4282
4228
3079
2240
3465
5931
7121
8598
9497
8686
8904
10212
8981
5237
1957
-804
-1679
-187
-2464
-4129
-4421
-8021
-8075
-8186
-11192
-13998
-17241
-19583
-20197
-17387
-13663
-11522
-10501
-11216
-13575
-11389
-596
8209
10531
12477
14244
16522
20490
20450
15407
9931
3638
-1759
-4005
-6117
-8697
-11400
-15663
-17971
-14926
-9941
-5765
-2903
-834
3370
10249
16758
20843
21734
20245
18069
15386
13370
9205
2248
-2857
-8704
-13688
-14269
-15427
-16586
-14841
-14235
-11106
-3530
-2580
-1084
4757
2914
4739
9691
5062
2000
1615
-2104
-4737
-3804
-2758
-4979
-4945
-3353
-3243
-203
2358
2312
2420
2540
4245
5430
4011
4639
5340
2421
2307
3166
185
-937
527
1899
1336
2336
6542
8809
10374
12070
13338
12010
11337
11820
7109
2970
-4
-2710
-2295
-3536
-5712
-6057
-7583
-9171
-8861
-10187
-12470
-14664
-17913
-19153
-18001
-16207
-13426
-11521
-11823
-13252
-12855
-5216
5742
10216
12084
15759
17017
19046
21644
18955
12848
6832
1160
-3797
-6996
-9773
-11856
-15893
-19116
-16141
-11718
-6199
-2755
-943
3853
9694
16910
21418
21458
20093
17838
15073
12846
9668
3826
-1790
-7463
-12173
-13500
-15063
-15532
-13438
-12894
-10749
-4528
-2296
-1899
3105
3005
1427
5947
5383
1952
1027
-912
-3081
-4529
-3136
-2990
-5261
-4717
-4004
-3117
-546
1909
2424
1448
2446
2753
1796
3341
5373
5137
4342
5251
5393
4226
4504
4764
3450
2920
5063
7064
9082
10871
8777
8553
11120
9633
6045
5893
2910
-3630
-1165
1639
-1849
-4148
-5891
-7199
-9395
-11025
-11669
-14707
-18979
-21323
-20154
-17123
-13805
-11225
-10296
-11636
-12500
-6626
5070
11766
12044
14514
16153
16172
19972
19087
11404
5946
491
-4955
-6366
-8166
-10723
-13241
-17145
-16795
-11122
-6276
-3104
-536
2105
7313
13876
18397
20243
19729
17939
15883
13663
10999
5916
-164
-4924
-10299
-13606
-14195
-15730
-14670
-13209
-13211
-7683
-3488
-3670
852
3198
1856
5962
8114
4413
2509
1084
-2817
-4396
-1886
-1516
-4242
-4887
-5000
-5030
-2141
696
1655
1269
778
2546
3319
3013
5928
7118
4628
4870
5591
3394
3357
4770
3338
2544
4170
5349
7135
9739
10128
9684
11307
11888
9310
7340
3795
-749
241
-532
-3540
-1757
-5081
-10056
-7215
-9558
-12953
-10680
-16116
-20549
-19292
-19715
-15830
-12241
-12600
-12264
-13015
-13923
-6804
5954
9684
9729
14923
15749
16673
21461
17797
10694
6375
-264
-4246
-5252
-7978
-10143
-13218
-16897
-16439
-10403
-4732
-3077
241
3481
8207
16478
20137
20751
19975
17124
15107
13370
10531
5073
-1092
-5833
-10720
-13322
-13466
-15756
-15746
-13228
-11461
-5727
-2152
-2837
336
2125
1447
5772
7576
3206
135
-1415
-3212
-4276
-1329
-1521
-5913
-5463
-5690
-4573
-469
836
1238
1126
1039
2697
4175
3546
5010
6291
4265
4928
6046
4113
3294
4005
2553
1991
5364
7829
8924
10718
10458
9914
12553
13124
10024
7323
4361
1522
802
96
-1975
-3761
-6222
-7904
-9219
-10036
-8835
-13062
-17935
-17717
-19720
-19978
-13780
-13600
-14967
-9527
-13013
-13960
-5191
2268
9838
11678
13221
15912
17497
20585
17644
10942
6443
917
-4015
-4096
-6780
-10554
-12206
-16809
-16696
-10253
-5934
-3277
179
3005
8067
15308
19718
20948
20439
18539
15766
14190
10740
4404
-475
-5105
-10191
-13240
-13879
-15895
-16355
-13552
-13166
-7838
-2248
-4207
326
3554
555
5310
7765
2391
82
-130
-3609
-4824
-1271
-2247
-6135
-5831
-5900
-5437
-929
870
407
379
-11
2698
4276
3796
5898
5709
3418
4589
5253
4415
3728
2268
2263
2260
5213
8817
9198
11534
12095
11671
13536
14404
11595
7457
4708
958
269
444
-3401
-6141
-7831
-10494
-10706
-9046
-9860
-12329
-15593
-19116
-19932
-18290
-16875
-15785
-13705
-11932
-11243
-12317
-11923
-2642
7756
9973
12796
15666
14607
18775
21011
14027
9673
5731
-1481
-3044
-4243
-8868
-9937
-12810
-17215
-13203
-7124
-4559
-917
2447
5977
12446
17572
20794
22647
19587
15972
14495
11597
7631
3721
-2736
-8731
-11368
-14393
-15172
-15209
-14503
-12936
-11635
-4469
-2983
-3661
3211
2181
1836
6869
4213
-326
-2137
-3074
-4841
-3525
-757
-3056
-4113
-4262
-4021
-1277
364
1730
2088
1152
2086
4119
4609
4677
4208
2798
2461
3091
3231
2009
1878
2714
2931
6022
9447
9779
11832
13785
12717
13793
15652
14095
10013
4960
1883
717
-1595
-4421
-6599
-8650
-10009
-10308
-9417
-8483
-10756
-13868
-15732
-18809
-19598
-16477
-15110
-14459
-12504
-12144
-13022
-13807
-6051
5156
8274
12127
14434
13760
18524
20664
15299
13737
8186
-2108
352
-2625
-9195
-8114
-13091
-15863
-13879
-9628
-3924
-1350
1232
4389
9613
16802
20272
20274
20009
17170
14633
13426
9428
3885
-1966
-7236
-11473
-13253
-13518
-15467
-15699
-13517
-12174
-6906
-1927
-3187
179
2888
428
4126
5843
714
-1764
-1148
-2642
-3671
-383
-1094
-4662
-4328
-4378
-2967
-663
-132
1342
522
-657
2303
4564
3838
4398
5579
4348
4510
4994
4138
5134
5172
4585
5487
8291
10636
11476
13141
11662
11560
14771
14363
10348
6152
3913
227
-1881
-1489
-4562
-7182
-8588
-11127
-11046
-10281
-12066
-14065
-17304
-20286
-19384
-18400
-17077
-14743
-13887
-11942
-11899
-13354
-9265
1428
9771
9928
13214
16600
15576
19606
19708
11819
8531
5207
-2420
-3281
-3868
-9854
-12290
-11640
-14130
-12098
-3215
-2944
-720
5033
6731
15889
20448
19588
21356
18544
15419
13808
11081
7136
235
-5344
-8703
-13032
-13842
-14856
-16667
-14329
-13849
-9666
-3066
-5062
-3417
2080
-141
1464
6663
3056
-1248
-612
-1719
-3391
-1240
107
-2684
-4590
-4340
-3646
-1557
-529
-475
272
-376
298
2713
2865
3842
6178
4518
2862
5077
6369
5433
5287
6547
6521
8754
12045
11041
12467
13687
12101
13968
14709
12308
8298
3219
-521
-1911
-1454
-4245
-7417
-8404
-10986
-10241
-8525
-10257
-11775
-14629
-18452
-19039
-17999
-18268
-17810
-15207
-13108
-12723
-13300
-13455
-6670
5472
9976
10342
14324
15945
18084
20743
16714
11879
7386
1172
-1006
-3109
-8485
-9037
-11630
-16816
-12761
-8299
-4539
1587
2777
3466
12460
18617
18084
22252
19820
16230
16556
10844
8928
4563
-3268
-7069
-11548
-14136
-16463
-17274
-15127
-15280
-13013
-6238
-4663
-5992
399
1346
-1226
4983
4592
382
-166
-173
-1552
-2696
223
-1616
-4753
-4624
-4605
-3326
-2522
-1739
-501
-883
-1497
1533
3413
2302
4694
6972
5275
5742
7944
6695
6208
7749
7680
8250
10041
10447
11181
12972
12234
11310
14005
14182
9283
5314
2298
-401
-956
-2488
-4991
-6326
-7818
-8577
-8650
-9715
-11334
-13539
-15897
-18081
-19657
-19838
-19630
-17931
-15179
-13951
-12758
-13497
-14148
-5021
6360
9639
12881
16164
15043
18578
22553
17212
11768
7406
858
-1513
-2921
-6866
-8326
-11767
-16321
-12331
-6305
-2172
872
2459
5264
12802
19571
19448
22178
20944
15985
12577
11586
9650
-157
-726
-6601
-14661
-11601
-16234
-16640
-13301
-14566
-12069
-5648
-4980
-5193
1193
774
-222
5071
4253
-610
-93
-400
-3855
-1940
167
-3186
-5055
-4441
-5562
-4136
-1518
-1159
198
-858
-1260
2956
3646
3791
7685
6666
5035
7559
7256
6094
6197
6884
6929
7375
10436
10333
10371
11992
10884
12512
13519
11352
9824
6508
2418
-150
-1244
-3392
-5536
-5978
-8851
-10392
-9422
-10246
-10643
-11058
-14013
-17965
-20183
-20064
-18886
-16683
-14330
-14086
-13875
-14837
-15328
-5153
5979
7375
11110
15186
14671
19437
22514
17377
13009
8210
2595
238
-2814
-6234
-8236
-12187
-15422
-12328
-6314
-2617
-446
2347
6088
10752
15758
19871
21578
18336
15713
14171
10349
7602
2358
-2442
-6135
-12293
-15376
-14017
-16098
-17274
-12044
-12310
-7817
-3589
-6982
581
1524
-1750
6204
5012
-1295
720
-328
-3640
-853
258
-2034
-3964
-5776
-6070
-4470
-2463
-1094
-950
-2327
-704
3330
3170
3327
6983
7149
6429
9433
9480
6913
8022
9122
7363
7611
9905
10298
10341
10999
10656
11639
13297
11794
9264
6463
2606
1178
476
-2380
-4313
-5511
-7494
-8750
-9651
-10720
-11573
-13481
-16882
-19829
-21079
-21272
-20118
-17612
-15696
-13332
-10889
-13705
-14660
-3060
7515
8157
11909
15807
14359
18684
22421
16948
12646
8782
2034
-544
-2414
-6069
-7584
-11752
-15680
-11772
-6729
-3666
-106
1404
4642
11693
17169
20854
20567
17542
16601
14003
10460
7682
3572
-1495
-7029
-11410
-12581
-14900
-15595
-13518
-15427
-10716
-6220
-7403
-3217
-546
-1683
-836
5829
4333
-1018
1463
-1707
-4584
-1610
1139
-1564
-4540
-4719
-6639
-4497
-1578
-766
-1575
-3016
-968
1750
2866
5194
8078
6887
6310
9336
9035
6180
7479
8851
6395
7221
10049
9429
9548
10558
9630
10928
13215
11722
9611
7183
3075
1720
1265
-2160
-4497
-5889
-8722
-9947
-10273
-11758
-12759
-14199
-17622
-20469
-20520
-19692
-18599
-15801
-13562
-11924
-10617
-13647
-13214
-2158
5979
7237
11304
13615
13677
19287
21768
16346
12071
7920
2522
573
-1908
-5581
-6539
-10372
-15051
-11781
-6216
-4057
-1675
534
3348
9611
15547
18906
19100
17367
16090
13650
11359
8711
3496
-1843
-6705
-11553
-13068
-13676
-16884
-16351
-15105
-13765
-7145
-5620
-5094
-748
-2003
-50
5654
4692
699
-234
334
-3376
-3076
1569
-2530
-6051
-3606
-3887
-2810
-546
-664
411
-163
759
5705
6151
5500
6676
5212
5573
8291
7621
4671
4162
5815
5791
6831
10214
10617
10833
12673
13018
14568
15594
13263
9821
5304
2823
2584
-396
-3612
-5603
-8768
-11125
-11559
-11415
-12886
-15672
-16969
-18988
-21260
-19793
-18749
-18477
-14662
-12388
-12297
-11325
-13078
-9401
3502
8615
8237
13808
15231
14779
20353
19944
13842
10185
4184
-492
-822
-4478
-7790
-8853
-14078
-16028
-9547
-4715
-3255
-228
3353
8133
14593
19631
20763
20010
18488
15173
12940
10523
5350
-672
-5229
-9550
-12808
-13565
-16251
-15846
-14142
-15012
-8970
-4716
-6613
-1972
928
-1860
2706
5675
1952
218
-282
-1918
-3904
-972
-347
-4495
-5400
-4384
-4718
-3867
1035
-51
-1877
-32
597
3982
4818
7198
9433
6291
7020
9589
8635
6574
7643
7840
5505
7842
9796
8807
10315
10629
10138
11832
12565
11271
8142
3452
1638
2273
-529
-2949
-3776
-8028
-11555
-12061
-13046
-14815
-17661
-20830
-22562
-22967
-20985
-17467
-14285
-11786
-10646
-10624
-11038
-6070
5401
10913
10949
13656
13843
14555
19123
17514
12103
8364
2430
-2078
-3028
-4907
-7043
-9392
-13198
-13710
-8833
-4293
-2176
376
2872
6671
13661
18304
19541
19829
16905
13866
12996
10551
6473
1130
-5645
-10229
-12707
-14379
-14942
-15342
-15121
-14852
-10089
-5065
-6643
-2981
1024
-1451
2587
7041
3996
1127
898
-406
-2305
-628
-580
-3689
-5794
-5842
-4583
-4168
-442
1211
-2209
-822
2783
2310
4875
9264
7026
6757
7508
7692
10082
7150
6262
7209
4454
6341
9735
9041
9576
10547
9631
11519
13288
11111
8265
5213
2021
1177
1183
-1139
-4682
-8035
-10588
-11688
-12196
-13705
-17221
-21100
-22914
-22323
-20054
-17126
-14420
-12512
-11460
-11137
-10724
-5705
4047
9810
11039
13340
14394
15086
18369
17748
11997
7349
3063
-1384
-3603
-5873
-8448
-10405
-13402
-13828
-9410
-5093
-2429
-9
2478
7130
13727
18864
20778
20112
18066
15575
13884
11502
6727
1594
-3110
-9171
-13446
-14109
-15757
-16286
-14946
-13820
-9662
-4733
-4596
-2505
1508
-407
3322
6892
3336
2330
668
-1101
-2158
-362
-1388
-4405
-4913
-7642
-4899
-2022
-1734
-51
-152
-654
1105
2842
5809
8387
6412
8068
6617
7365
8505
5253
7434
3299
3778
7442
8125
9769
8850
11442
9557
10559
14184
11066
8642
5705
2290
1615
1686
-1253
-4620
-7888
-10726
-11502
-12256
-13619
-17119
-21233
-23647
-22825
-19424
-17210
-14945
-11469
-10259
-11083
-10779
-5704
3682
9060
11254
14093
13575
15322
19995
16877
11259
8533
2715
-1904
-2732
-5894
-9310
-11222
-14619
-15520
-11183
-6531
-3739
-1225
1749
6828
14042
19636
21256
20734
19502
16757
13694
11078
7206
1596
-4013
-9190
-12927
-14489
-16009
-15704
-14918
-14505
-9436
-3797
-4309
-1905
2818
574
3983
7202
3296
1924
-259
-1677
-2536
-1325
-1083
-3633
-3347
-4539
-3661
-616
284
533
682
1208
1631
3687
4335
3156
4450
4223
3504
4962
5218
3611
5509
5887
4046
9353
9334
10489
12300
9402
12900
11012
11942
12008
5995
2921
72
1099
-1480
-3399
-4321
-7922
-9090
-10702
-11086
-11725
-14429
-17809
-20217
-20469
-18198
-16120
-14194
-11072
-11064
-11326
-10271
-6822
2824
9640
10240
13065
15008
15297
18974
18533
12292
7299
2718
-2178
-5103
-7285
-10249
-12878
-14760
-15211
-11082
-5117
-2763
-505
3685
7989
14623
20392
20852
20115
19207
16294
13857
11238
6180
-205
-5668
-9847
-12791
-14441
-15916
-15157
-13457
-13026
-9025
-4027
-4741
-2264
2186
-153
3368
6918
2619
1067
-882
-1757
-1174
-724
-259
-3908
-4333
-3659
-3166
743
840
978
1120
-265
795
1835
4495
5668
5237
6230
5204
6065
7241
5504
5623
5619
4325
6111
9501
10007
11031
10339
8951
10158
10276
10964
6400
3945
1244
-1544
2714
-3112
-6013
-6863
-11909
-12465
-14719
-15567
-20357
-23799
-23385
-23190
-17815
-13975
-11457
-9832
-11716
-10555
-2106
8555
12607
13455
15384
14538
15864
18913
15736
9254
3239
-2510
-5055
-5630
-8060
-9721
-13323
-18113
-15548
-9461
-4545
-400
427
3018
9873
15267
20450
22723
20174
17855
15378
13528
11479
6025
297
-4265
-10925
-13616
-12544
-15478
-14665
-13438
-14219
-7519
-4161
-4568
938
1611
126
6015
7228
3217
2787
1352
-2560
-2061
1799
-77
-3526
-4052
-5351
-4256
-1201
203
-198
-2063
-2647
-228
1897
2752
6029
6630
4480
6654
6867
5807
6663
6339
5909
4901
6771
9319
9627
10651
9742
8088
8459
9205
7651
4844
2122
-331
1093
524
-2077
-2389
-7437
-10674
-9358
-12074
-15422
-15465
-20632
-24896
-18188
-16936
-14328
-7543
-11093
-12562
-10576
-2369
9628
11934
14053
13982
11475
16784
19500
15085
9921
3572
-3321
-6049
-6146
-7675
-10277
-15749
-19531
-16513
-10869
-5580
-2067
-359
3227
10540
17592
21988
23447
20747
16934
14551
12452
9890
5586
-756
-7272
-11798
-13696
-14727
-15560
-14539
-14230
-12893
-5908
-3420
-2534
3076
1892
1630
6845
6407
3636
3049
1478
-1433
-1174
1697
1323
-695
-1107
-1524
-596
-100
447
1757
-2017
-3529
-1009
-1702
-1076
987
15
-973
1457
3011
3477
6272
8070
7728
8003
10708
13818
13853
12273
10939
8866
7412
6563
3377
9
-1911
-4182
-4269
-3584
-4688
-4821
-5862
-7629
-7550
-8609
-11349
-13055
-16979
-19628
-17358
-15589
-12255
-11670
-14865
-15238
-7382
4230
8939
13963
15073
14074
18419
19478
18337
14122
7366
57
-5500
-7550
-10335
-12472
-15325
-19733
-19235
-13869
-9357
-4707
-505
2531
8776
15965
21295
23725
21997
19002
16157
14395
11846
6040
883
-4277
-10683
-13210
-12741
-14301
-14007
-12314
-12751
-8230
-4266
-3950
644
1292
214
4788
6024
4222
4155
3103
329
1032
3280
1141
565
345
-2377
-1315
190
-371
-136
-2131
-4302
-2317
-1287
-778
2220
2574
1998
4038
4176
3331
5360
6497
5933
6931
8420
9746
11224
11284
9493
7468
6571
6618
5037
1710
-325
-1356
-2413
-3391
-4378
-5686
-7301
-9117
-10095
-11685
-15165
-16367
-17315
-17495
-14673
-12479
-9836
-10641
-13614
-9428
509
8489
11164
14338
15643
14638
18748
18959
14386
9046
2552
-3127
-8042
-8291
-11038
-14645
-17644
-21999
-17405
-11958
-8773
-4401
-1745
2675
9394
16054
20464
21539
20539
19029
16493
14382
11283
5831
143
-6232
-11117
-13175
-14267
-14962
-14569
-14859
-12366
-6963
-5801
-1864
2632
853
3620
7493
5594
4588
5031
3493
1957
4203
4800
2449
2017
241
-557
907
741
73
-1648
-3366
-2946
-2684
-2818
-2393
-2887
-2819
-1251
245
1268
2062
4354
6497
7310
10229
13033
13305
14153
13270
9993
9578
9034
4988
1282
-2489
-6240
-6921
-7472
-8329
-7185
-6976
-7191
-6280
-6184
-6289
-7753
-10994
-12581
-12551
-11561
-10147
-9850
-10848
-13883
-13309
-3841
4684
7722
11059
12975
13623
17133
19794
17500
12667
6156
-764
-5184
-7750
-10352
-12991
-17547
-22882
-18735
-11943
-9589
-3947
-831
1442
8560
15522
19943
20908
19884
17747
15096
12523
9890
5685
-297
-5718
-10134
-11962
-12569
-13158
-12405
-13126
-11559
-6121
-4947
-2651
1875
144
698
4778
4594
4222
4940
3949
2789
4606
7141
6709
5443
3222
1138
2112
2785
1755
320
-2580
-5499
-5538
-5558
-5980
-4544
-4454
-3994
-2015
16
3476
6271
8232
9652
10798
12555
12922
12662
11200
7730
5781
5319
3817
520
-3204
-6230
-8579
-8028
-6923
-7453
-7356
-8540
-9409
-9235
-10810
-11755
-12460
-13678
-12612
-9481
-7514
-8425
-9267
-5146
3282
10027
14081
16963
17007
16111
16583
15234
11601
7622
1510
-5367
-9464
-12126
-14154
-15737
-18511
-19917
-17178
-12330
-7551
-3397
366
5482
10392
14045
18577
19941
17117
15742
14278
9581
7058
5900
-731
-6786
-9640
-13502
-14725
-13604
-13122
-12730
-10197
-7622
-7314
-1778
2284
985
5162
7414
4983
5580
6978
5557
5395
7559
6291
5407
5835
4045
2463
1601
684
-464
-1360
-1681
-2167
-3531
-3568
-1808
-1375
-1340
-353
-309
-568
1452
4652
6630
7991
10597
12491
11473
10902
10453
7290
5443
5157
2488
-603
-3414
-6112
-6927
-8494
-10495
-10096
-10939
-12660
-12168
-13729
-16597
-16007
-14565
-13001
-10139
-7756
-6528
-8205
-7207
3505
12566
14588
18480
19997
17758
19887
20121
13816
7976
2686
-3697
-8394
-11499
-13441
-15208
-18858
-20900
-18137
-13518
-9320
-6109
-3299
1492
7935
14077
18030
18891
18690
17847
15888
13582
10561
6394
1361
-3513
-8254
-12946
-14298
-15287
-18648
-15824
-11519
-12093
-7827
-1822
-764
1892
6457
8156
8916
7958
6541
7741
6303
6527
9215
6018
3447
3091
2107
2097
882
566
-1369
-4083
-2789
-1698
-1767
-1343
-873
-1040
-126
782
1629
2941
2865
5315
7035
8482
12112
11576
11130
10896
7400
5813
4701
2174
-484
-3759
-6952
-8918
-8705
-9522
-11077
-10929
-12062
-12911
-13358
-14010
-13858
-15201
-14321
-11306
-8776
-5418
-6579
-9311
-5288
4582
13861
16865
18836
19892
18627
20273
18936
13954
9709
2992
-3973
-7532
-10789
-13717
-14882
-18539
-21409
-17725
-12366
-9292
-6603
-3206
1482
7487
13473
18081
19178
17773
16295
15188
12541
8105
4603
-482
-7189
-10677
-12405
-15923
-16897
-14978
-16617
-14170
-8468
-8734
-3614
1977
1327
6130
9482
7861
7617
8110
6618
6240
7989
6994
7520
5133
1962
4086
2402
-13
-209
-2179
-3720
-2244
-1265
-1872
-1341
-1013
-218
1308
2777
3642
3740
5357
7288
7972
10366
12907
12274
11476
9409
5121
4030
3749
-126
-3757
-6516
-9775
-10428
-10090
-11491
-11843
-11473
-12095
-12355
-13270
-14945
-14999
-14549
-14104
-11442
-7537
-6330
-9198
-9498
-645
10300
15586
18959
21025
19998
20789
22018
18216
12814
7328
-262
-6252
-9756
-12655
-14085
-16832
-20796
-19926
-15043
-10581
-6957
-3873
-186
5364
11407
15941
18613
19469
17559
14449
12730
10275
6125
2427
-2926
-9556
-12573
-14286
-16186
-15385
-15687
-15507
-10667
-8800
-7639
-1087
1353
1774
6970
8980
8024
8450
7671
7046
8295
9366
8506
5953
4401
2563
1084
2060
63
-2242
-3485
-4943
-2444
-2243
-2101
1155
427
712
3088
3976
4714
5787
8794
9969
9637
11938
13277
12330
10465
6982
3543
2799
853
-3036
-5633
-9264
-11779
-11637
-12127
-12400
-12192
-13167
-14105
-13977
-14364
-15270
-14477
-12936
-12225
-9240
-5582
-6671
-8985
-5729
3219
11300
15282
18515
19589
18545
20543
20948
16206
11625
6111
-879
-5784
-8911
-10378
-12259
-16552
-19149
-17449
-13889
-10060
-7143
-3793
1455
7095
13006
16571
18565
19558
17261
14103
11042
8571
5162
801
-4413
-11177
-14448
-16264
-17080
-15218
-16712
-15602
-10468
-10085
-5758
1439
717
3014
9273
8782
7224
8278
8250
6925
8054
9947
6947
5020
4660
3059
3552
1406
-740
-1123
-4191
-4015
-2636
-2988
-2653
-1221
1092
251
1024
4471
4755
5011
10390
11799
9886
15625
14588
12553
13856
7319
5618
3850
-1439
-3710
-7501
-10969
-12463
-13521
-14371
-14779
-13891
-12435
-12582
-12340
-12270
-13079
-12470
-12738
-11672
-8062
-6223
-5854
-7409
-8532
-1019
9490
13439
16550
18918
17072
18750
21266
17485
13593
8820
492
-4064
-6576
-10145
-11084
-13869
-18918
-18109
-13859
-10728
-6818
-3080
224
5780
11703
15675
18422
18711
16129
13323
12231
9885
5512
1389
-4614
-10568
-13538
-15480
-16761
-16079
-16191
-16114
-11277
-9520
-7869
141
1627
1860
7831
8113
6067
7947
8948
6575
6703
8985
6790
5597
4902
1859
1939
1047
-1157
-1211
-4014
-5726
-2779
-2440
-2693
283
1984
2211
2934
4659
5891
6028
8731
11040
11234
13133
14564
13563
11705
9191
6105
4811
1568
-2221
-4103
-10091
-12930
-12056
-14461
-16197
-14753
-13485
-14721
-14058
-13463
-14830
-14811
-14950
-14085
-9891
-6031
-5681
-6887
-8619
-5219
6358
13937
15072
18158
18889
17606
20865
20368
14267
10259
4702
-2523
-6191
-8451
-9809
-11291
-15896
-17492
-13734
-10632
-7252
-3585
-1623
2911
9639
14662
18546
19924
18135
15410
12520
10712
7893
3339
-1986
-8399
-12928
-15557
-17204
-17131
-16483
-17261
-14552
-10188
-9451
-3456
1638
1346
5244
8766
7359
6673
8914
7454
5660
8364
7747
4647
3897
2786
868
31
-261
-620
-2705
-4222
-2536
-1910
-1600
713
1779
1658
2413
4643
6382
5936
7501
9916
9720
11883
15132
13620
12245
11775
8029
5836
4284
130
-3105
-5746
-10359
-11818
-11822
-14886
-14038
-13758
-14628
-14414
-14305
-13667
-16360
-14807
-13995
-13754
-7758
-5909
-6494
-8146
-8185
130
10606
14022
16610
19935
17057
17984
21010
17195
13557
9229
901
-4576
-7246
-9790
-10558
-13503
-18148
-18131
-14181
-9500
-5009
-2022
588
5826
12542
17336
20123
20491
17743
14336
12003
9720
6452
2311
-4292
-11047
-14470
-16138
-17850
-17614
-16107
-16865
-13163
-9391
-7948
-804
737
1824
8507
8694
7510
7904
7986
6861
6315
8590
5083
2650
3432
186
311
509
-2372
-3605
-3871
-3881
-2720
-638
598
1821
2289
2740
5035
5169
3057
4992
8623
8727
10175
12984
13314
14067
13780
9734
6465
5226
3350
846
-3003
-7754
-10817
-11790
-12230
-13218
-13478
-12377
-12143
-12793
-12790
-13333
-14720
-15333
-14810
-13013
-9561
-6720
-7947
-11451
-10012
-259
10152
14030
16596
18603
16005
17892
22796
18540
12842
8753
-124
-4994
-5256
-7901
-9887
-14289
-20268
-18798
-13724
-9498
-4676
-2194
407
6997
13790
19451
22488
20710
18215
15489
12402
11210
7154
840
-4499
-11491
-14907
-14671
-16340
-16154
-16985
-17956
-12231
-8768
-7257
-928
449
118
6466
9116
7495
9062
8202
4681
5539
7106
5278
3480
1468
-1393
-1970
-1266
-1151
-1632
-3605
-4258
-1882
-56
1500
3708
3745
3543
5689
6671
5747
6706
8477
7924
8520
11607
12074
11125
11196
8885
6459
6412
4529
478
-3632
-7055
-8429
-9195
-10668
-11359
-11766
-12617
-12727
-12668
-13303
-14137
-15870
-17546
-16374
-12969
-9657
-7951
-8938
-11642
-9160
3065
12938
15006
18753
18177
15185
21379
21161
13843
12930
5559
-4308
-4969
-7424
-9954
-11749
-18039
-19642
-16991
-13599
-6912
-2796
-868
4089
9501
15817
20996
21609
20484
17147
14105
12607
9859
5631
-119
-6173
-11869
-13811
-14968
-17028
-15781
-16891
-16593
-10979
-8952
-5631
387
554
3192
7942
7212
7998
8769
6415
5341
6530
5750
3212
2677
-626
-3598
-2146
-2488
-3631
-3318
-3814
-3309
-714
949
2014
3652
4620
4680
4848
5269
5043
5829
7348
7535
8762
10565
10421
10622
10047
6957
6216
6303
3125
434
-1718
-5288
-6541
-6787
-8765
-8961
-9693
-11379
-10761
-10590
-11866
-13761
-15814
-17788
-17009
-13649
-10881
-9799
-10673
-12662
-11864
304
11778
12888
17202
18782
16613
21275
22145
17244
13763
6850
-1508
-3307
-6522
-11789
-12318
-17939
-20913
-17201
-13676
-7083
-5010
-2809
3030
8714
15147
20268
22843
20062
17773
16207
13869
12105
6984
945
-5076
-10586
-13021
-14438
-16230
-16695
-17334
-15691
-10721
-8905
-5699
-376
-276
1992
7876
7812
6812
8429
6487
4599
6125
5779
3413
1967
-642
-3599
-3279
-2340
-2894
-3059
-3910
-3476
-521
624
1885
4384
4083
3689
5903
6035
5303
6546
6834
6465
7634
9938
9486
9861
10257
6408
6139
5898
2672
460
-2282
-4989
-6433
-6617
-8035
-9275
-9581
-10416
-9797
-9212
-10657
-12978
-14783
-16236
-15886
-12981
-11570
-10749
-9513
-11459
-11053
-709
9691
11485
15007
17587
16089
19808
21305
17557
12866
6461
635
-3123
-6215
-9548
-11867
-17099
-21181
-17597
-13995
-9761
-5399
-3117
3071
8886
14164
20753
22040
19170
19522
17246
12480
13820
7800
328
-2690
-12298
-14364
-13700
-18593
-17217
-16708
-17962
-12744
-9540
-6704
-234
269
1660
7582
7937
7138
8334
7067
4836
4857
5198
2962
2044
281
-2809
-1655
-1630
-2776
-1870
-2603
-2930
-457
857
1099
3178
3775
3473
4905
4812
4269
5845
7076
7740
8959
9657
10458
11301
10300
8024
6046
4877
3381
550
-2399
-4928
-6748
-7808
-8296
-8750
-8795
-7920
-8683
-9931
-10836
-12702
-14746
-16097
-15604
-14684
-12620
-10672
-11404
-12320
-10024
628
9902
11365
16652
18415
15979
20185
20992
16858
12513
5445
-819
-4822
-8697
-11133
-13444
-18313
-20726
-17438
-13322
-10142
-5405
-1439
2850
10848
16825
20379
23400
21951
18704
16818
13623
10919
7275
147
-5590
-11017
-14336
-15894
-16582
-14945
-17107
-15597
-10454
-9644
-5688
764
1354
2323
7567
7554
7118
9125
7711
5681
5719
5898
3336
2349
341
-3276
-2319
-2671
-3150
-1474
-3120
-3005
-288
76
1775
3337
2754
3847
4878
4777
4438
5201
7628
7623
8624
10774
9461
10079
9928
6912
6108
5190
2536
-419
-3102
-5913
-7292
-8174
-9748
-9434
-8998
-9237
-8703
-9012
-10648
-12068
-13686
-15328
-14924
-13349
-11941
-10184
-9663
-11553
-9730
-346
8094
11468
14937
16572
15682
18032
19535
16091
12004
6423
-240
-3813
-6886
-10018
-11945
-16506
-19837
-16847
-13230
-9595
-4265
-1199
2781
9608
15204
20247
22617
20516
18114
15454
13263
11318
6738
1237
-5454
-11557
-14021
-15829
-16797
-16543
-17637
-15514
-11247
-8875
-3693
112
1103
2699
5586
8711
7333
7645
8132
4573
4166
5226
3572
1172
-418
-2205
-2328
-1803
-2144
-2180
-3545
-3432
-1123
825
2727
3885
4166
4446
4915
5348
5608
6933
8047
7150
8270
10271
9797
10373
9768
6278
4897
4141
2101
116
-3322
-6462
-7291
-7903
-8370
-8418
-8844
-9234
-10009
-10997
-11460
-12847
-14594
-14985
-14642
-12535
-9384
-8374
-9302
-10437
-6104
4400
10375
12702
16243
15564
15831
19705
18294
14631
10402
2574
-2459
-5587
-9728
-10369
-12733
-19056
-19666
-15326
-11498
-6640
-2287
1033
6296
12186
17944
22242
22231
20310
17999
15011
12475
9254
4279
-2124
-9020
-13314
-15494
-17437
-16876
-16846
-17563
-14307
-10105
-7339
-2071
2123
1429
4613
7670
7231
7890
7275
6084
3911
5008
6013
3844
2545
693
-1207
-2335
379
301
-1927
-1894
-3683
-2082
-40
-236
1046
1691
935
2032
4251
5538
8380
10059
10077
12055
13608
13549
13167
10054
5700
4256
2341
-676
-3269
-7943
-11361
-10976
-10851
-9972
-8325
-9249
-9478
-9059
-9529
-9544
-10781
-12728
-13440
-12506
-10762
-8944
-9262
-11596
-10537
-3191
6304
10562
13498
16326
14371
16518
19017
15791
14116
8258
170
-3553
-7486
-9418
-10504
-14987
-18899
-18020
-14152
-9772
-5227
-1879
2159
8567
14582
18973
21703
21169
18355
15738
13133
10372
6686
1138
-5216
-10834
-13858
-15509
-16461
-15326
-15676
-15759
-11716
-8864
-5971
-11
999
1449
6550
6434
6048
8837
7290
4706
5015
5516
3743
2656
1228
-1101
-1638
-3402
-2556
-1718
-3644
-1942
-1672
-225
1452
2223
5989
4511
4633
6579
5278
6099
8491
9798
8492
10458
11553
9678
10055
7575
4406
3972
1819
-1488
-2952
-5242
-7293
-8089
-9354
-9158
-9050
-9793
-9977
-10544
-11626
-12496
-13822
-15165
-14876
-12925
-10703
-9906
-10372
-11245
-7483
2345
9916
12544
15263
16852
15515
18362
18759
13696
11570
4984
-2611
-4960
-7785
-10455
-12237
-16203
-20027
-17383
-12239
-8077
-3768
-24
5091
11004
16628
21295
22712
21157
18638
15631
13148
10151
4868
-470
-6833
-12604
-14164
-16024
-17241
-15744
-16296
-14459
-9976
-8664
-4190
820
819
4398
8085
6427
7525
9042
6349
5631
6362
3956
1606
679
-2127
-4167
-3282
-4228
-4922
-3623
-4258
-3273
-928
498
3876
5654
5741
7368
7015
7004
6714
5890
9741
7244
5764
12389
8926
7433
10926
5328
3764
5330
591
-1331
-2209
-6464
-6687
-6331
-8596
-8791
-8080
-8403
-8533
-8034
-9625
-11815
-12885
-14981
-15183
-12791
-11294
-10015
-9652
-12049
-12303
-5047
5456
10787
13083
15179
14828
17188
20277
17797
13301
7658
1097
-2626
-4383
-7063
-10046
-14249
-18883
-18429
-13852
-9406
-5523
-2225
1445
7124
13776
19009
21674
21469
18884
16065
14578
12170
7219
1610
-4704
-10960
-13806
-15175
-16951
-16647
-16484
-16311
-12070
-8285
-6128
-1285
1527
2189
6385
9107
8128
8227
7236
4434
3795
3581
1829
-120
-2816
-5113
-5039
-4371
-3582
-2550
-3327
-3546
-573
2450
4562
6953
8026
7754
7700
7246
7020
7508
7101
6569
6555
7050
8391
9034
8637
7307
5491
5061
4702
1931
-1436
-2103
-4480
-6802
-4392
-6318
-8732
-7592
-8264
-7241
-7823
-10269
-11307
-13993
-16009
-15221
-13955
-12603
-11288
-11722
-13216
-12612
-5163
5755
10278
11365
14660
16081
17324
20887
19514
13712
8830
2993
-1941
-4067
-6926
-10629
-14928
-18902
-17725
-12998
-9092
-5227
-2420
526
7308
14360
19337
22609
21223
18063
16777
14900
11746
6813
327
-5850
-11714
-14716
-15121
-16452
-16892
-16667
-15868
-11334
-7053
-4600
-620
1269
1900
6529
9830
8510
7925
6784
2909
1940
3117
577
-3062
-4910
-6677
-7026
-4876
-2539
-2194
-3415
-2128
2064
4608
6400
8958
8686
7386
8533
8453
6708
6512
5726
3935
3970
5069
6300
7170
7001
6591
5986
6098
6385
3954
538
-1851
-3348
-3423
-4013
-4849
-5687
-8305
-8136
-5837
-7213
-8528
-9879
-14445
-16706
-16104
-15622
-14055
-13096
-13211
-13326
-14342
-11466
-1805
6328
9192
12064
15309
17818
21445
22665
18822
13477
7369
1506
-1417
-4665
-9614
-13254
-17054
-19896
-16797
-11051
-7658
-4563
-423
4782
11927
18299
21565
22327
20550
17774
15554
12563
7886
2218
-3345
-8645
-12578
-13892
-15619
-17236
-15641
-14226
-11768
-6380
-4563
-3724
517
2348
4038
8309
8013
4933
4344
3019
1456
1950
746
-2874
-5774
-7320
-7132
-5148
-3213
-2433
-2526
-1944
658
3799
6377
8699
9358
8570
8431
8356
7471
5887
4139
3201
2113
1916
3864
4671
5148
6621
6013
6425
8719
7839
5569
2925
-811
-1555
-565
-1545
-3330
-5444
-7489
-8215
-7644
-6665
-7653
-11018
-14141
-16057
-16472
-15292
-14836
-15002
-13296
-11620
-12001
-10997
-5238
2635
7665
10813
14628
16979
18779
20623
18149
13501
9835
4205
-1185
-4134
-8026
-11639
-13943
-16367
-15345
-10665
-7177
-4099
63
4049
9755
16020
19218
20662
20934
18050
14346
12038
7778
2456
-1763
-6624
-11313
-14098
-14796
-15443
-14895
-12198
-10716
-7839
-4481
-3612
-650
2020
2639
5147
6317
3962
2479
1995
-486
-1201
-349
-3006
-5365
-5546
-6373
-5233
-2215
-975
-6
1013
1387
3471
5992
7417
8750
8891
7853
7169
6358
5016
3541
2153
1240
1125
2196
4163
5819
6928
7664
8434
10164
11072
9206
6278
3777
1966
1698
1001
-2146
-5172
-7490
-9558
-9631
-9042
-10380
-12084
-13949
-17022
-17496
-16566
-16302
-15298
-14194
-11976
-10443
-10594
-9422
-3269
5372
9580
12355
15985
17123
18240
20046
16928
11324
7449
1924
-2621
-5187
-9245
-11679
-13681
-16571
-13899
-8124
-5020
-1133
3262
6430
11632
16987
19479
20311
18814
15634
13111
10324
6957
2364
-3136
-7184
-10737
-12754
-12619
-13349
-13101
-11606
-10293
-6392
-4108
-4020
-648
-6
-498
3247
3643
900
136
-299
-1688
-1393
294
-1484
-4058
-4655
-5029
-3079
-599
397
1117
715
674
3187
6453
7608
7635
7033
5518
5263
5478
4084
2358
1593
818
1108
3558
5793
7346
9370
10259
11088
13886
14434
12194
8844
4521
2209
985
-940
-4279
-8432
-10849
-12369
-12363
-11314
-11518
-12594
-14759
-15995
-16033
-15797
-14791
-14881
-14027
-11421
-9569
-9191
-10104
-7366
-491
5100
10007
13401
14726
17545
17690
15973
16096
11342
5524
3299
-1611
-5527
-6329
-9067
-11294
-11932
-10747
-6365
-2807
-13
4076
8047
11890
15827
18705
18900
16863
13951
10896
7751
4340
735
-3444
-7887
-11704
-13008
-13167
-13313
-11267
-10603
-10035
-7420
-7797
-6024
-2506
-3039
-882
1805
-140
-283
1429
150
-494
1370
786
-871
-314
-707
-1689
-134
1483
1834
1507
871
2901
5043
4553
5783
6790
4916
4870
5204
2884
1696
2311
2574
3287
5242
7550
9349
11054
12577
13640
15157
16036
14358
10722
6374
2523
-392
-3288
-6723
-10430
-13058
-14397
-15283
-14879
-13976
-13434
-12499
-12606
-12914
-12677
-13662
-13331
-12340
-12413
-10351
-9302
-11132
-11125
-8056
-1414
4897
7548
11062
13341
14840
18365
18280
16051
13023
7914
4642
1109
-3027
-3779
-7660
-12892
-11320
-10128
-7858
-2943
-1195
3006
8422
11758
15926
18442
18296
17436
14606
11306
8824
4483
195
-3515
-8247
-11769
-13209
-14854
-15124
-12998
-12676
-10877
-8115
-8509
-6298
-3609
-3896
-1528
1160
580
391
336
212
1602
3065
3034
1995
1865
1758
2394
3368
2562
2659
2605
1859
2475
2688
2381
2141
876
19
535
357
415
2040
4085
6554
9424
11892
13807
15553
17264
18068
16978
16034
14637
10082
5122
1301
-3063
-7506
-10200
-12787
-14991
-15499
-15669
-13888
-11985
-10426
-8591
-8750
-9379
-10220
-11109
-11912
-12776
-12449
-11695
-11386
-12054
-13290
-12058
-6722
-3
5069
8434
11635
14974
17591
19461
18816
15137
11382
7007
3368
609
-3371
-6449
-9935
-11951
-9967
-7497
-5485
-1119
1895
3775
10307
13535
15559
18293
15701
14104
12285
9047
6633
2519
-2579
-6436
-9697
-12159
-13218
-14419
-13758
-13450
-13451
-10729
-9996
-9074
-5459
-4378
-3484
96
1534
931
1612
2270
2247
3299
4495
3208
1695
1452
52
-4
1091
379
572
999
1274
2365
2727
3340
4000
4269
4738
4575
3786
3907
4479
5110
6862
7736
8577
11240
12853
13910
15091
14454
13856
12699
8731
4884
1253
-3604
-7374
-10093
-12913
-14973
-16177
-16897
-16084
-13458
-11243
-9752
-8219
-8142
-8449
-8462
-10153
-11327
-11570
-13079
-13132
-12071
-13255
-14082
-10694
-4174
1974
7754
13532
16229
17685
20132
19450
16849
14835
10274
4822
855
-3244
-5713
-6876
-9657
-10299
-8231
-6034
-2088
1151
4057
8732
11089
13099
17193
16820
14008
13278
9019
4650
2409
-2537
-6078
-9226
-13165
-13965
-14486
-13923
-12332
-12252
-9656
-7662
-7853
-4373
-2363
-3023
-177
1300
54
479
1096
1174
1809
3757
4251
2893
2913
2520
1706
1157
420
561
486
640
1902
1906
1187
2546
4235
4615
5085
5551
5196
5378
7372
8991
9415
10513
11530
11760
12279
12327
11541
10567
9030
7063
4558
1190
-2147
-5148
-7906
-9996
-11742
-13215
-13912
-13973
-13125
-11334
-9719
-8651
-8384
-8897
-9068
-9663
-11352
-12935
-14188
-13951
-12328
-12223
-12617
-11148
-7426
-689
6124
10076
13152
15646
16999
18401
18219
16092
13779
9523
4539
1476
-1943
-4944
-5609
-7184
-8448
-6169
-3676
-1572
1279
4115
6173
8401
11394
12100
11668
10905
8948
6129
4600
2621
-2049
-4304
-7802
-11183
-11857
-13626
-13190
-12660
-12148
-10071
-8592
-6757
-4483
-3863
-2957
97
647
-242
110
93
41
1679
3843
3049
1400
1343
1577
2205
3446
3766
2560
2195
3259
4282
4926
4608
4073
3854
4015
5278
6071
5548
5313
6369
6733
7107
9472
10200
9543
9998
10068
10238
11112
10727
8440
4827
410
-3163
-5498
-8030
-11057
-13981
-15965
-16363
-15137
-13290
-12017
-10798
-9736
-9063
-8562
-8390
-8557
-10175
-11754
-12211
-13144
-13113
-11881
-11885
-12026
-8398
-1201
5173
9984
14751
17407
18540
20242
20406
18560
14915
10304
6349
2409
-756
-2749
-4936
-7431
-8483
-7224
-5622
-3950
-1077
1488
3452
6528
9584
11324
12182
11638
9314
6807
5452
2757
-1669
-3827
-6117
-10118
-11130
-11339
-12733
-12363
-11295
-10041
-8435
-7841
-5988
-4315
-4395
-1930
-99
-569
-160
407
902
1395
2678
3339
3654
4351
4139
4473
4752
4398
3517
2186
1276
832
974
1488
1817
1774
2778
4464
5281
6137
7151
7702
8423
9199
9825
10756
10941
10206
9396
8443
7852
7426
6028
3669
737
-2391
-5239
-7672
-9827
-11908
-13322
-13684
-13308
-11999
-10551
-9668
-8396
-7189
-6559
-5806
-6206
-8386
-10849
-13304
-15070
-15010
-13952
-12661
-11679
-11205
-8425
-1954
5220
11548
16573
18454
19048
20655
20670
18818
16537
12005
6699
2963
-822
-3793
-5640
-8362
-10222
-10032
-8293
-5160
-2519
-574
1870
4437
7767
10890
11630
11566
10853
8693
6601
4561
1071
-2936
-6314
-9636
-11589
-12944
-13388
-12344
-11782
-10587
-9062
-6953
-5285
-4817
-3429
-2055
-955
-266
345
1027
1266
2200
4149
6043
6963
7300
6807
5896
5460
4521
3158
1770
-187
-1538
-1560
-1427
-612
885
2069
3563
5214
6454
7773
9266
10325
10649
10647
11008
11032
9817
8114
6287
4263
2477
924
-1282
-3800
-5823
-7270
-7994
-8917
-9357
-9620
-10215
-9877
-9895
-9367
-8443
-8371
-7814
-7913
-7773
-7444
-8364
-8996
-10230
-11091
-10636
-9922
-8455
-7361
-6180
-3956
84
6258
11354
14789
17604
18504
18270
18160
16767
13972
10182
5465
1177
-2109
-4163
-5429
-6615
-7034
-6719
-5645
-3475
-1586
54
2242
3843
5245
7454
8748
8764
8372
6680
4486
2778
359
-2983
-6104
-9398
-12279
-13512
-13609
-12762
-11832
-9734
-7573
-6492
-4227
-2023
-616
-466
-55
877
650
1432
2856
4482
6560
8400
9412
8969
8081
6915
5060
3023
1003
-1259
-2799
-3284
-3284
-2299
-756
956
3293
5528
6890
7847
8369
8389
8759
9207
8900
8603
8621
7907
6661
5395
3692
1922
164
-2140
-4674
-7030
-8855
-10099
-10929
-10908
-10564
-10276
-9588
-9246
-8746
-7576
-7306
-7190
-6615
-6891
-6929
-6577
-7119
-7461
-7256
-6904
-5851
-4793
-4136
-3141
-1576
1153
5172
8940
11605
13622
14864
15017
14452
13081
10594
7271
3421
-197
-2865
-4677
-5486
-5549
-5334
-4143
-2225
-503
1270
2769
3753
4762
5303
5396
5517
5034
3970
2679
982
-855
-2811
-5120
-7548
-9619
-10840
-10928
-10092
-9150
-8008
-5886
-3841
-2237
-182
806
743
1241
1199
597
770
1731
2849
3398
3964
5029
5113
4864
4881
3434
2092
1215
-15
-573
-880
-500
961
2607
3509
4795
6350
6544
6968
7198
6506
6150
5712
5204
4738
3912
3464
3406
2689
1754
922
-178
-1571
-3037
-4229
-5401
-6195
-6518
-6991
-6879
-6375
-6218
-5647
-5194
-4995
-4219
-4070
-4444
-4370
-4536
-4558
-4502
-5318
-6118
-6296
-6465
-6734
-6624
-6307
-6409
-5615
-2871
807
5041
8948
11685
14175
15816
16040
15454
13149
9583
6102
2247
-1232
-3349
-4804
-5830
-6293
-6048
-4830
-3104
-1551
-418
532
1694
2896
3772
4179
4044
3525
2870
2011
934
-351
-2121
-4177
-6002
-7421
-8081
-7908
-7150
-6022
-4974
-3792
-2385
-1038
305
705
663
1173
533
93
1167
972
1005
2833
3935
4765
5390
4985
4703
3792
2448
1894
1159
479
384
716
1313
1557
2538
4017
4275
4452
4545
3498
3041
3298
2880
2323
2029
1806
1510
1362
1480
1214
208
-976
-1979
-3373
-4332
-4822
-5525
-5814
-5965
-5518
-4971
-4881
-4473
-4374
-4194
-3704
-3505
-3036
-2856
-3236
-3129
-3238
-3509
-3558
-3934
-4083
-4343
-4272
-3893
-3752
-2751
-1447
-64
2047
4679
7319
9411
10876
11592
11544
10859
9446
7145
4325
1496
-1080
-2949
-3983
-4479
-4698
-4545
-4037
-3285
-2336
-1336
-581
-147
408
957
1099
914
836
734
503
255
-329
-1126
-2187
-2782
-3161
-3721
-3889
-4129
-3826
-3166
-2058
-698
155
1230
1858
1912
1599
1656
2397
2064
1459
1734
1468
1388
2631
3531
4076
4334
4300
4607
4309
3887
3676
3099
2319
1744
1609
1300
645
213
28
-303
-231
82
-106
-117
105
267
609
940
986
783
487
65
-547
-1295
-2379
-3728
-4826
-5789
-6489
-6609
-6700
-6748
-6392
-5894
-5070
-3950
-3097
-2423
-1864
-1683
-1567
-1183
-1085
-1523
-1644
-1584
-1807
-1397
-591
-79
1006
2596
4170
5756
6894
7653
7939
7582
7244
6305
4546
3051
1396
-316
-1194
-1890
-2527
-2671
-2738
-2537
-1916
-1322
-731
-288
0
344
465
450
682
505
-5
254
77
-893
-1228
-1632
-2671
-2919
-2464
-2601
-2097
-1120
-681
208
785
963
1203
842
578
490
228
91
179
576
989
1760
3142
4030
4548
5382
5258
4668
4766
3966
2980
2185
736
115
-303
-1063
-1169
-1165
-1221
-916
-596
-414
-122
203
434
468
517
496
185
-270
-956
-1956
-2835
-3286
-4079
-4982
-5540
-6076
-6278
-6026
-5561
-5341
-4826
-4083
-3676
-2921
-2259
-1746
-825
-149
278
1157
1982
2367
3070
3699
3725
3717
3611
3129
2407
1808
1382
757
181
50
-2
-251
40
564
598
937
1364
1605
1892
2089
2351
2175
1742
1572
1015
330
-55
-813
-1631
-2148
-2542
-2696
-2697
-2393
-2175
-1965
-1456
-1022
-358
250
723
1320
1559
1680
2015
2030
1829
1895
1775
1471
1432
1413
1193
1227
1579
1642
1657
1806
1785
1636
1581
1513
1431
1282
1109
982
377
451
587
57
299
206
-156
-304
-575
-913
-1445
-1739
-2073
-2269
-2426
-2627
-2761
-3011
-3012
-3019
-3115
-3102
-3124
-3194
-3074
-2917
-2548
-1826
-1218
-565
128
566
801
1026
826
527
402
-206
-524
-784
-1225
-1175
-1138
-1077
-778
-551
-491
-256
42
302
833
1275
1581
1974
2343
2759
3255
3625
3768
3597
3187
2808
2397
2108
1932
1322
582
152
-319
-614
-521
-613
-829
-940
-1118
-1035
-713
-534
-240
-11
-50
210
488
520
698
642
513
635
459
410
531
264
263
334
19
-131
-387
-803
-1016
-1282
-1295
-1137
-1213
-936
-619
-624
-161
275
201
409
441
55
145
8
-386
-276
-476
-773
-582
-610
-729
-436
-549
-557
9
57
346
883
942
915
919
872
535
220
-192
-833
-1401
-2099
-2677
-2954
-3242
-3320
-2953
-2694
-2495
-1953
-1448
-1123
-585
68
367
552
844
954
998
1234
1336
1272
1218
1008
957
938
997
1342
1488
1721
2003
2106
2197
2221
2365
2264
2186
2403
2215
2161
2223
2041
2024
1932
1739
1511
1123
595
99
-385
-893
-1324
-1730
-2073
-2414
-2579
-2688
-2741
-2703
-2669
-2606
-2584
-2393
-2381
-2158
-1795
-1620
-991
-591
-302
143
133
128
178
-33
-101
-76
-228
-123
101
299
752
1190
1515
1909
2175
2221
2329
2338
2110
1883
1692
1441
1151
960
782
532
187
-3
-261
-571
-676
-1052
-1271
-1401
-1582
-1633
-1366
-1050
-1072
-545
-445
-426
-71
-324
-186
-251
-649
-705
-877
-1115
-1140
-1093
-1056
-789
-606
-310
109
336
774
1135
1373
1686
1764
1847
1921
1860
1840
1660
1384
1025
604
290
-42
-283
-486
-797
-981
-1114
-1173
-995
-885
-849
-768
-808
-829
-644
-530
-585
-509
-556
-595
-254
-2
231
540
592
685
736
636
573
188
-330
-727
-1282
-1650
-1784
-1980
-1964
-1841
-1628
-1186
-755
-153
496
1074
1716
2159
2482
2752
2910
3019
3016
2789
2388
1930
1471
1095
818
517
104
-246
-550
-746
-628
-520
-449
-397
-557
-667
-707
-692
-644
-654
-686
-830
-823
-815
-807
-721
-867
-954
-1059
-1176
-1195
-1175
-1252
-1238
-1168
-1280
-1020
-1047
-1080
-845
-976
-768
-599
-495
-164
1
341
847
1196
1586
1969
2024
2111
2240
2105
1990
1843
1462
1146
965
710
567
515
359
297
355
405
527
699
756
741
833
844
801
866
669
328
18
-530
-1047
-1455
-2009
-2481
-2807
-3158
-3292
-3127
-2922
-2651
-2257
-1996
-1782
-1415
-1154
-940
-735
-713
-640
-529
-417
-147
97
275
547
789
967
1237
1483
1599
1792
2004
2045
2180
2281
2233
2320
2347
2339
2296
2058
1841
1573
1322
1252
1075
822
620
250
-65
-200
-461
-665
-865
-1183
-1326
-1349
-1315
-1137
-1023
-949
-785
-669
-523
-389
-368
-487
-647
-802
-1124
-1331
-1554
-1896
-2087
-2155
-2209
-2193
-1884
-1722
-1422
-819
-414
171
758
1190
1667
2037
2296
2448
2449
2320
2149
1924
1641
1344
1048
748
511
406
308
261
283
260
308
432
560
670
705
730
633
491
403
121
-164
-423
-838
-1181
-1504
-1866
-2084
-2203
-2284
-2297
-2307
-2327
-2252
-2093
-1823
-1499
-1222
-944
-688
-394
-2
409
773
978
1082
1147
1126
1169
1195
1051
939
808
650
683
721
728
818
840
904
1098
1241
1408
1576
1593
1612
1646
1562
1448
1266
929
559
165
-283
-672
-1042
-1389
-1608
-1762
-1848
-1786
-1685
-1525
-1254
-1016
-770
-495
-336
-191
-33
31
97
121
37
-55
-178
-289
-340
-373
-327
-260
-193
6
219
425
749
996
1138
1324
1394
1355
1358
1240
1027
858
608
358
208
32
-98
-169
-288
-338
-329
-341
-296
-266
-314
-338
-362
-438
-512
-627
-833
-1040
-1215
-1385
-1513
-1596
-1684
-1741
-1720
-1656
-1566
-1435
-1315
-1237
-1130
-1001
-889
-766
-633
-501
-327
-73
236
556
910
1275
1597
1948
2277
2486
2661
2755
2723
2693
2620
2447
2266
2052
1789
1559
1379
1186
1012
905
765
649
639
546
402
311
95
-170
-371
-705
-1089
-1410
-1790
-2119
-2296
-2441
-2521
-2473
-2372
-2196
-1896
-1564
-1251
-931
-661
-473
-310
-202
-159
-120
-110
-130
-119
-118
-115
-28
94
209
387
578
684
847
1070
1179
1300
1422
1351
1287
1273
1167
1136
1095
942
868
806
754
820
849
816
762
631
499
373
187
-49
-362
-744
-1117
-1438
-1714
-1974
-2209
-2434
-2625
-2688
-2641
-2540
-2359
-2166
-1990
-1725
-1407
-1114
-800
-549
-406
-247
-96
34
234
422
585
812
1060
1327
1637
1930
2159
2313
2409
2433
2385
2318
2203
2032
1865
1676
1467
1307
1158
1012
890
749
594
473
390
309
231
144
11
-137
-268
-432
-629
-842
-1108
-1378
-1583
-1735
-1825
-1836
-1814
-1753
-1618
-1440
-1249
-1052
-902
-824
-763
-722
-693
-638
-584
-514
-406
-285
-107
101
287
497
686
834
999
1118
1193
1254
1255
1227
1176
1069
940
769
589
431
266
145
74
9
1
45
107
193
274
313
310
261
167
36
-122
-323
-568
-814
-1058
-1277
-1430
-1547
-1636
-1674
-1679
-1637
-1517
-1352
-1155
-934
-728
-532
-334
-154
5
143
239
307
389
487
623
805
1003
1204
1408
1590
1745
1872
1935
1927
1861
1727
1550
1356
1139
911
691
469
267
103
-26
-107
-141
-157
-158
-140
-116
-86
-53
-55
-111
-214
-368
-546
-719
-894
-1067
-1225
-1365
-1459
-1477
-1439
-1361
-1255
-1156
-1046
-900
-736
-556
-379
-228
-95
45
192
337
474
576
633
666
685
693
695
673
624
562
502
448
409
373
328
286
249
226
229
239
247
258
265
280
302
312
312
291
248
195
121
34
-61
-166
-266
-362
-461
-556
-650
-736
-800
-854
-892
-907
-910
-885
-817
-727
-614
-487
-371
-260
-147
-44
48
129
181
217
261
310
377
463
543
613
683
746
813
886
937
961
954
909
848
784
706
617
506
368
227
99
-9
-87
-150
-212
-268
-307
-321
-303
-267
-239
-231
-250
-279
-304
-329
-357
-402
-472
-545
-598
-622
-603
-560
-512
-455
-387
-301
-190
-67
40
128
192
243
292
336
361
359
321
255
179
106
35
-32
-101
-164
-213
-230
-221
-183
-129
-78
-25
28
77
131
184
218
237
236
211
173
128
71
16
-44
-108
-167
-215
-247
-259
-259
-254
-244
-232
-214
-191
-169
-148
-132
-117
-99
-74
-45
-12
21
49
70
83
91
101
111
122
133
144
164
197
244
299
354
405
452
496
534
560
570
559
523
469
400
322
240
151
51
-55
-165
-264
-345
-399
-429
-437
-432
-415
-387
-342
-285
-223
-164
-118
-84
-61
-40
-21
-3
7
7
1
-7
-7
-3
3
8
6
1
-1
1
8
10
2
-15
-33
-48
-54
-60
-67
-81
-95
-104
-103
-92
-76
-64
-56
-52
-44
-31
-17
-10
-11
-21
-33
-43
-53
-61
-73
-88
-103
-115
-122
-121
-110
-89
-65
-41
-20
5
40
83
124
149
153
143
130
123
115
101
73
37
6
-14
-16
-6
4
15
27
47
82
131
181
222
250
266
278
289
296
288
257
206
146
91
43
0
-46
-96
-147
-187
-203
-199
-181
-163
-149
-137
-120
-93
-62
-38
-28
-35
-48
-58
-60
-59
-62
-76
-96
-113
-116
-104
-84
-62
-44
-27
-6
19
53
85
109
120
116
108
95
79
58
25
-17
-61
-99
-126
-141
-150
-156
-160
-158
-141
-114
-81
-50
-25
-4
15
36
56
69
68
54
33
12
-8
-25
-39
-54
-61
-63
-53
-32
-2
29
61
86
112
141
175
206
220
219
203
187
175
160
127
78
24
-22
-55
-80
-104
-126
-144
-151
-148
-138
-125
-111
-93
-74
-52
-32
-13
5
24
39
53
62
66
70
71
72
70
64
55
43
30
20
14
7
-1
-8
-16
-21
-22
-21
-15
-9
-3
0
2
10
19
33
44
51
52
53
54
58
61
57
46
33
18
7
-3
-15
-35
-61
-90
-117
-140
-159
-175
-188
-200
-205
-201
-188
-170
-149
-126
-100
-70
-39
-8
17
33
41
44
44
45
42
35
23
11
2
0
7
17
31
46
65
85
112
139
165
183
193
197
195
189
178
160
135
105
76
48
24
2
-19
-41
-62
-79
-91
-97
-100
-100
-102
-104
-106
-111
-115
-119
-123
-127
-127
-121
-110
-94
-75
-51
-26
1
28
53
72
90
100
104
103
97
88
81
74
68
58
48
36
25
17
14
13
15
14
17
20
27
37
46
52
55
53
51
46
39
28
12
-6
-23
-37
-47
-57
-71
-88
-106
-122
-131
-135
-135
-136
-139
-139
-131
-116
-96
-75
-57
-42
-31
-17
-5
7
15
19
19
19
19
22
26
32
38
43
51
59
72
86
97
109
120
129
136
136
132
124
114
102
87
71
53
32
13
-6
-23
-34
-40
-43
-48
-56
-64
-66
-63
-57
-58
-68
-83
-98
-109
-119
-125
-132
-133
-126
-112
-93
-69
-40
-6
30
65
95
118
138
151
159
161
153
139
117
93
69
44
20
-2
-22
-38
-49
-51
-46
-33
-18
-2
14
29
46
58
66
62
50
34
17
0
-17
-37
-61
-84
-100
-108
-112
-113
-114
-115
-113
-107
-96
-85
-72
-61
-53
-41
-26
-10
5
14
19
23
27
34
43
48
49
47
42
41
41
44
46
45
41
38
39
46
53
57
63
66
72
78
84
84
76
61
42
23
4
-12
-30
-52
-70
-85
-94
-97
-95
-95
-94
-91
-83
-73
-61
-52
-50
-50
-50
-49
-43
-40
-36
-35
-30
-23
-9
9
29
47
67
85
102
118
130
137
137
131
122
111
100
87
72
55
37
22
10
3
-4
-8
-13
-17
-19
-22
-24
-29
-35
-43
-51
-58
-65
-73
-81
-89
-95
-96
-91
-83
-72
-61
-50
-39
-29
-20
-15
-14
-15
-18
-21
-21
-20
-16
-12
-6
3
14
26
37
50
60
69
76
79
78
72
66
56
45
37
28
19
11
6
2
0
0
2
6
10
12
13
12
10
6
0
-8
-19
-30
-41
-49
-56
-60
-63
-62
-59
-55
-49
-41
-35
-29
-26
-21
-18
-14
-10
-5
-4
-2
0
4
9
20
29
40
51
61
71
81
85
87
87
85
80
74
68
59
51
43
35
26
20
11
5
-2
-8
-14
-18
-22
-25
-29
-34
-39
-46
-53
-60
-67
-73
-78
-82
-82
-82
-78
-73
-66
-56
-48
-39
-31
-24
-20
-15
-15
-13
-13
-11
-8
-3
2
9
16
26
35
44
49
51
54
53
49
45
38
33
29
22
17
13
8
4
3
1
2
4
6
12
15
18
19
19
16
11
3
-6
-16
-25
-33
-39
-42
-42
-39
-35
-29
-22
-15
-8
-2
4
7
10
11
11
11
10
11
10
12
13
16
19
22
26
30
34
39
41
46
46
47
47
45
41
35
28
19
12
3
-3
-8
-13
-17
-22
-25
-29
-29
-28
-29
-28
-28
-29
-32
-35
-38
-43
-47
-49
-51
-52
-52
-51
-48
-43
-38
-31
-25
-19
-13
-9
-5
-4
-1
1
2
4
7
11
14
18
21
24
27
29
33
34
36
36
35
33
31
28
25
22
20
16
14
12
13
11
13
13
13
14
14
13
11
10
7
4
-2
-7
-12
-18
-22
-25
-26
-26
-24
-21
-16
-12
-7
-4
0
2
3
2
2
1
0
0
-1
-2
-1
1
0
1
3
6
9
12
14
16
19
18
17
15
14
11
9
6
4
1
-1
-4
-6
-9
-11
-11
-11
-13
-13
-14
-14
-16
-17
-19
-20
-23
-22
-24
-25
-25
-22
-21
-18
-14
-11
-8
-6
-4
-2
-1
2
3
4
4
4
3
3
4
6
8
10
10
12
15
14
15
16
15
15
14
15
14
16
15
15
13
12
11
10
10
7
7
8
8
9
11
12
12
12
11
9
6
3
0
-4
-8
-10
-13
-15
-16
-15
-14
-13
-11
-9
-8
-7
-7
-8
-9
-9
-10
-11
-12
-11
-11
-9
-9
-9
-7
-5
-4
-2
1
3
6
7
9
10
12
11
9
8
5
3
0
-2
-2
-2
-2
-1
-1
-1
1
0
-1
-1
-2
-3
-4
-7
-9
-11
-12
-12
-12
-10
-10
-6
-6
-3
-2
1
3
4
5
5
6
6
5
5
5
5
5
6
7
8
8
8
8
9
10
11
12
12
12
11
10
8
6
4
1
0
-1
-2
-2
-3
-3
-2
-1
-2
0
-1
0
1
0
-1
-1
-4
-5
-6
-6
-6
-6
-5
-4
-3
-2
-1
-4
-3
-5
-4
-4
-5
-4
-4
-3
-3
-4
-2
-2
-1
0
0
2
1
0
0
0
0
0
1
0
2
2
2
2
1
1
-1
0
0
0
0
1
1
0
2
1
1
0
-1
-2
-2
-3
-3
-3
-2
-2
-1
0
0
0
-1
-1
-2
-2
-4
-5
-5
-4
-2
-1
-1
2
5
5
6
7
7
8
8
9
8
8
9
9
8
7
4
1
0
-2
-5
-4
-3
-2
-2
0
1
2
1
1
0
0
-1
-2
-2
-3
-4
-4
-4
-3
-4
-4
-4
-2
-2
-2
-2
-1
0
1
2
3
2
2
0
-2
-4
-4
-6
-6
-5
-5
-1
1
1
1
3
3
3
2
1
0
0
1
1
2
3
4
3
3
2
1
1
0
0
-1
0
1
0
0
-1
0
-1
-1
-1
-2
-1
0
0
1
2
3
4
4
3
2
1
0
0
-1
0
0
1
2
2
2
1
1
0
0
0
1
2
3
5
6
7
8
7
4
3
0
-3
-6
-8
-9
-9
-8
-5
-3
-1
1
1
1
0
-1
-3
-5
-7
-9
-11
-14
-18
-22
-25
-29
-31
-30
-25
-16
-3
10
28
46
62
72
72
62
42
18
-11
-36
-56
-67
-67
-57
-37
-14
9
30
47
57
61
60
54
45
35
25
16
8
2
-7
-15
-26
-35
-41
-41
-34
-22
-5
14
30
46
55
56
45
27
1
-27
-51
-68
-74
-69
-53
-31
-4
23
45
58
60
53
38
18
-4
-23
-39
-50
-55
-54
-50
-43
-34
-25
-15
-4
8
19
32
41
48
52
49
42
29
12
-8
-27
-42
-51
-53
-49
-36
-19
1
19
34
43
47
43
35
25
12
1
-8
-14
-19
-22
-22
-24
-22
-20
-19
-15
-10
-4
2
9
15
20
21
20
17
9
1
-7
-16
-19
-19
-16
-10
-1
8
17
24
28
29
27
24
18
13
10
5
2
-1
-3
-7
-10
-13
-15
-13
-11
-7
-1
4
10
14
16
17
16
13
6
-3
-12
-20
-24
-25
-24
-22
-19
-15
-9
-4
-1
-1
-3
-6
-8
-8
-10
-10
-9
-7
-5
-3
-1
0
2
5
5
5
6
7
7
10
10
10
11
11
9
7
6
3
2
1
1
2
4
5
5
6
5
2
1
-3
-3
-4
-4
-3
-2
-1
0
0
0
-2
-4
-6
-7
-9
-9
-8
-7
-4
-2
1
3
5
6
6
6
5
4
3
1
3
2
3
2
2
4
3
4
4
4
4
5
3
4
4
4
3
2
2
-1
-2
-4
-4
-4
-4
-4
-2
-2
-1
0
-3
-4
-4
-6
-7
-9
-10
-11
-12
-12
-11
-10
-9
-8
-5
-3
-1
2
3
4
5
6
7
6
4
4
4
4
4
3
5
5
6
6
6
4
5
4
4
4
3
4
4
5
5
5
4
3
2
1
0
-1
-2
-4
-5
-7
-6
-6
-6
-6
-6
-6
-6
-6
-5
-3
-4
-4
-3
-4
-4
-5
-5
-5
-5
-4
-3
-2
0
2
4
6
7
9
10
10
10
7
6
3
1
0
-1
-1
-1
-1
0
1
3
5
7
8
6
5
4
3
1
0
-2
-3
-6
-7
-8
-7
-7
-7
-6
-4
-4
0
0
0
0
0
0
0
-1
-1
0
-1
-2
-2
-1
-1
0
1
3
5
6
8
9
9
8
7
5
3
2
0
-2
-4
-5
-5
-4
-3
-2
-1
-1
1
0
0
0
-1
-1
-2
-2
-3
-3
-5
-5
-7
-8
-8
-8
-6
-5
-2
-1
2
4
3
4
3
2
1
0
0
-1
-2
0
0
2
2
6
7
10
12
13
14
13
12
12
10
9
7
5
2
-1
-2
-4
-5
-5
-4
-3
-2
-1
-2
-1
-1
-2
-4
-6
-9
-10
-12
-13
-12
-12
-10
-10
-8
-7
-6
-5
-4
-3
-2
-1
0
1
0
1
-1
-1
-1
-3
-1
-1
1
2
3
5
7
8
9
7
7
4
4
3
2
1
2
3
4
4
5
3
3
2
1
0
-1
0
-2
-1
-1
-1
-1
-1
-1
-1
0
-1
-1
0
1
2
1
2
1
1
0
0
-1
-1
-2
1
1
2
3
4
5
4
4
4
1
0
-2
-1
-1
0
0
1
3
4
5
3
1
1
1
0
0
0
0
-2
-2
-2
-3
-4
-3
-4
-3
-4
-4
-4
-4
-4
-3
-2
-3
-3
-3
-5
-4
-5
-5
-5
-4
-2
-3
-1
0
1
1
1
1
1
0
0
1
0
1
1
2
2
3
2
4
4
3
4
4
3
4
3
3
2
2
1
1
0
1
-1
-1
-3
-1
-2
-2
-3
-3
-2
-2
-2
0
-2
-1
-1
0
-1
1
0
0
0
1
-1
0
1
1
2
2
3
4
4
5
5
5
4
5
4
3
3
3
3
2
1
0
0
1
-1
0
0
-2
0
-2
-2
-2
-3
-4
-5
-5
-5
-5
-5
-5
-4
-4
-4
-4
-3
-2
-2
-1
-1
-1
0
-1
0
0
0
-1
0
0
-1
-1
0
1
1
2
2
3
4
2
3
2
3
3
3
3
3
3
2
2
2
1
0
0
0
-1
1
0
0
1
-1
-1
-2
-3
-3
-3
-4
-5
-5
-4
-4
-4
