SAMPLES:	12504
BITSPERSAMPLE:	16
CHANNELS:	1
SAMPLERATE:	16000
NORMALIZED:	FALSE
1
0
0
-1
1
1
0
0
0
0
0
0
0
0
0
1
0
0
0
0
0
0
-1
0
0
-1
0
0
1
0
-1
0
-1
-1
-1
1
0
0
0
0
0
0
1
-1
0
0
0
1
0
-1
0
0
0
0
0
-1
0
0
0
0
1
0
0
1
0
0
0
1
0
0
0
1
1
1
1
-1
0
0
0
1
0
1
1
-1
1
0
-2
2
-3
2
-4
2
-2
0
0
0
1
1
0
0
0
-1
1
0
0
0
0
1
0
1
0
0
1
1
0
0
0
0
0
-1
0
0
0
-1
0
0
1
0
0
0
0
1
0
1
0
0
0
0
-1
0
0
0
0
0
-1
0
0
0
1
1
0
0
-2
-1
0
1
0
0
-1
1
0
0
0
0
-1
0
0
0
0
0
0
0
0
0
0
0
1
0
0
0
-1
0
1
0
0
1
-1
0
-1
-1
0
0
0
0
1
-1
0
0
-1
1
-2
1
1
0
2
0
-1
3
-3
3
-3
2
-1
0
0
0
0
0
0
1
0
-1
0
0
0
0
0
0
-1
0
0
-1
0
0
0
0
0
0
0
1
1
0
0
0
0
0
0
0
-1
0
0
0
0
0
0
-1
-1
0
0
0
0
0
1
0
1
-1
0
0
-1
0
0
0
1
0
0
0
0
0
0
0
1
0
1
0
0
0
-1
-1
0
0
0
0
1
0
-1
0
0
0
0
1
0
-1
0
0
0
0
0
1
0
0
0
0
0
0
1
-1
0
0
1
1
-1
0
1
-1
1
0
-1
3
-3
3
-3
2
-2
-1
0
0
0
0
0
0
-1
0
0
-1
0
0
0
0
0
0
0
0
0
0
0
0
0
0
0
0
0
-1
0
0
1
0
0
-1
1
0
0
0
0
0
0
0
0
0
0
-1
1
0
0
-1
0
0
0
1
0
-1
0
0
0
0
0
0
0
1
-1
0
-1
0
-1
-1
0
0
0
1
0
0
0
0
0
1
0
-1
-1
0
0
0
0
0
0
0
-1
0
-1
0
1
0
0
0
0
1
1
-1
0
0
0
0
-2
0
1
-1
1
-1
-1
4
-3
4
-3
2
-1
0
-1
0
0
0
-1
0
0
0
0
0
0
0
0
-1
0
0
0
1
0
1
0
-1
0
1
0
0
-1
0
0
0
0
-1
-1
0
-2
-1
-1
-1
-1
0
0
1
0
1
0
0
0
1
0
0
0
0
0
-1
0
0
0
0
0
0
0
0
0
-1
0
0
0
0
0
0
0
1
1
1
2
1
2
0
0
1
0
0
1
0
0
1
0
0
1
0
0
0
0
0
0
0
0
0
0
0
2
-1
0
-1
0
1
-2
0
0
-1
1
1
0
3
-3
3
-4
2
-1
0
0
0
0
1
0
0
-1
0
0
0
0
-1
0
1
0
0
0
0
0
-1
0
0
0
0
0
0
0
1
0
0
0
0
0
-1
0
0
0
0
0
1
-1
-1
-1
-1
-1
0
0
1
0
-1
0
-1
1
0
0
0
0
-1
0
-1
0
0
0
0
-1
1
0
0
0
1
0
-1
0
1
1
0
-1
0
0
0
0
0
0
0
0
-1
0
0
0
0
1
-1
0
0
-1
0
0
0
0
0
2
0
0
0
0
0
-1
0
1
-1
2
0
-1
3
-3
4
-3
3
-1
-1
-2
-1
-1
0
-1
-1
0
0
0
1
0
0
-1
0
0
0
0
0
0
0
0
1
0
0
0
0
0
0
0
0
1
0
0
0
0
0
0
-1
0
0
0
0
1
0
0
1
0
0
0
2
0
1
0
1
1
1
2
0
0
0
0
0
0
1
0
-1
-1
-1
-2
-2
-2
-2
-2
-2
-1
-1
0
1
0
0
0
1
0
0
0
0
0
0
0
0
0
0
1
0
1
0
-1
0
0
-1
1
0
1
0
0
1
-1
-1
0
-2
2
-1
0
2
-3
3
-3
2
0
0
1
0
0
0
0
0
0
0
0
0
-1
0
0
0
-1
-2
0
0
0
0
0
0
0
0
0
0
-1
0
0
1
0
1
0
1
1
1
1
0
0
0
0
-1
0
1
0
0
0
0
1
0
0
0
0
0
-1
0
0
-1
0
0
0
0
0
0
0
0
0
0
0
1
1
1
1
-1
-1
-2
0
0
0
0
0
0
0
0
0
0
0
0
0
1
0
0
1
0
1
0
0
1
0
0
1
-1
1
0
-1
0
-1
0
1
0
1
0
-2
3
-4
3
-2
2
0
2
2
1
0
1
2
1
1
1
1
2
1
2
-1
1
1
0
0
0
-1
0
0
0
1
0
-1
0
-1
-1
0
0
1
0
0
-1
0
-1
-2
-2
-1
-1
-3
-1
-2
-1
-1
-1
0
-1
-1
-1
0
-1
0
0
-1
0
0
-1
-1
1
0
0
0
0
-1
0
1
0
0
0
0
2
1
2
1
2
0
1
0
0
-1
0
0
0
0
0
0
0
0
0
0
0
0
0
0
0
0
0
1
0
1
-1
0
1
0
1
-1
0
1
-1
1
0
-1
2
-3
3
-3
2
-1
0
0
0
0
0
1
0
0
0
0
0
0
1
2
1
1
1
0
0
-1
0
0
0
0
0
0
-1
-1
-1
-2
-1
-1
0
-1
0
0
0
0
-1
0
0
0
0
0
0
0
0
0
0
0
0
0
0
0
-1
0
0
0
-1
0
-1
0
-2
-1
-1
0
0
1
0
0
0
0
-1
1
0
0
0
0
0
1
0
0
0
0
0
0
1
0
0
0
0
-1
0
-1
0
0
0
0
0
0
0
1
-1
0
0
0
1
-1
0
1
-1
2
0
0
3
-3
4
-3
2
-1
0
0
1
0
1
0
0
0
1
0
1
-1
1
0
1
0
-1
0
0
0
0
-1
-1
1
0
0
1
0
0
1
0
0
0
0
2
1
1
1
1
1
1
0
1
1
1
1
1
1
1
1
1
1
1
1
0
0
0
0
0
0
-1
-1
-3
-3
-5
-5
-7
-6
-7
-7
-6
-6
-6
-5
-5
-3
-3
-3
-2
-1
-1
-1
1
1
2
2
4
4
5
5
4
4
3
3
3
1
1
1
1
1
1
2
1
1
1
1
1
1
1
2
2
2
1
1
0
-1
-1
-1
-2
-2
-2
-4
-6
-7
-9
-11
-13
-14
-14
-14
-13
-11
-11
-9
-8
-7
-4
-2
1
4
7
11
13
16
19
23
26
29
33
36
38
41
45
45
45
44
41
33
29
22
10
9
6
-12
-11
-8
-30
-32
-22
-40
-46
-31
-40
-47
-34
-37
-44
-35
-36
-40
-38
-35
-38
-37
-32
-39
-39
-36
-39
-45
-47
-37
-46
-49
-36
-28
-31
-33
0
-5
-22
38
18
10
71
52
50
113
118
102
168
183
179
197
228
254
198
260
280
208
213
256
181
84
219
90
-34
146
-11
-113
20
-95
-171
-108
-201
-214
-239
-322
-289
-369
-403
-397
-455
-429
-464
-488
-366
-489
-423
-246
-536
-238
-235
-526
-109
-279
-417
-116
-168
-334
-86
19
-292
44
144
-135
166
264
111
230
423
361
328
608
658
528
798
1056
752
1059
1458
959
1337
1592
1105
1291
1452
1033
872
1252
627
445
894
-30
117
249
-562
-197
-459
-885
-727
-936
-1158
-1177
-1218
-1494
-1330
-1592
-1610
-1473
-1781
-1523
-1801
-1414
-1606
-1912
-956
-1911
-1510
-778
-1865
-928
-823
-1326
-666
-624
-605
-611
-35
-135
-356
480
138
111
861
522
575
1254
909
1041
1548
1455
1507
1980
2125
1811
2629
2400
2220
3093
2698
2652
2838
3007
2288
2262
2936
1550
1670
2055
698
641
854
-64
-379
-173
-871
-1348
-1276
-1707
-2092
-2090
-2239
-2447
-2656
-2556
-2725
-2907
-2514
-2855
-2511
-2623
-2835
-2023
-3018
-2302
-1608
-2933
-1736
-1413
-2533
-1621
-1136
-1836
-1365
-653
-994
-1042
-295
-90
-582
260
876
-12
879
1518
848
1363
2101
1928
1633
3104
2592
2276
4092
2779
3392
4389
3239
4163
4184
3657
4058
3954
3418
3630
3635
2406
2869
2601
1012
1692
1143
-218
141
-378
-1652
-1548
-1641
-2976
-2581
-2592
-3799
-3374
-3538
-4080
-3946
-3702
-3788
-4151
-3299
-3728
-4122
-2471
-3632
-3370
-1647
-3591
-2569
-1477
-3015
-1974
-1007
-1901
-1856
-348
-1373
-1614
140
-521
-848
412
418
-503
879
988
662
1585
1464
2152
1616
2265
3117
2379
3330
3882
3690
3680
4473
4567
4071
4973
5350
4614
4688
5535
4400
3873
5322
3840
2974
4105
2197
1347
2087
508
-80
185
-1230
-1991
-2032
-3031
-3339
-3514
-4129
-4085
-4823
-4914
-4713
-5227
-4902
-4927
-4554
-5078
-4907
-3596
-5407
-4067
-2475
-5126
-3068
-1880
-4486
-2642
-1323
-3221
-2305
-556
-2035
-2105
-211
-1011
-1505
237
171
-640
458
641
499
814
1555
2360
1351
2509
3329
2163
3472
4464
4188
4374
5467
5669
4906
6269
6719
5841
6662
6861
6131
5855
6079
5642
4635
5145
4523
2914
3051
2152
713
653
-42
-1149
-1979
-2656
-3549
-4514
-4521
-5071
-5520
-5907
-6168
-6348
-7139
-6210
-6394
-6615
-5884
-5997
-5793
-6217
-4747
-4729
-5512
-3019
-3816
-4606
-2428
-2926
-3343
-1691
-1335
-1947
-1306
-490
-1190
-696
477
124
539
876
1024
1279
1240
2388
2524
2469
3656
3486
3375
4603
4583
4957
6273
5870
6520
7038
6515
7534
7780
7496
8007
8056
7160
7131
7261
6143
6002
5872
4465
3663
3228
1598
816
515
-1097
-1866
-2625
-3952
-4812
-5495
-5980
-6775
-7371
-7396
-8019
-8619
-8136
-8177
-8544
-7988
-7333
-7705
-7538
-6142
-6377
-6190
-4811
-4418
-4504
-3987
-2605
-3129
-2987
-1098
-1604
-1746
-326
-391
-1015
166
911
16
1000
1760
879
1519
2252
2220
2379
3183
3357
3206
4110
4264
4218
5346
5712
5147
7047
6816
6106
8353
7281
7730
8683
8096
8537
7929
8227
7602
7173
7227
6144
5712
4596
3636
2999
1739
628
102
-1034
-3158
-3358
-4241
-6377
-6338
-6631
-8037
-8836
-8443
-9166
-10206
-8948
-9301
-9490
-8591
-9093
-7921
-8033
-8042
-6204
-6151
-6688
-4793
-4119
-5777
-3382
-2292
-3961
-1958
-1120
-2234
-1416
-445
-705
-541
399
365
531
566
1355
1548
1277
2737
2631
2570
3426
3665
4244
4535
5276
6202
6110
6313
7529
7891
7651
8963
9613
9006
9364
10224
10083
9206
10176
10071
8218
8776
8444
6619
6354
5744
4060
3181
2158
348
-357
-1694
-3251
-3722
-5457
-6533
-7164
-8325
-8607
-9436
-10018
-10251
-10507
-10887
-10906
-9650
-10760
-10703
-8298
-9963
-9894
-6736
-7976
-8629
-5236
-5771
-7578
-3993
-3659
-5867
-2746
-1880
-3786
-2231
-450
-1909
-935
556
163
357
1015
2045
1560
2271
3814
3111
3502
4869
4757
4550
6251
6661
6032
7630
8170
7622
8854
9740
9567
9963
10938
10785
10267
11596
11336
10200
11344
10438
9179
9584
8092
7240
6516
4672
4140
2581
586
-91
-1505
-3707
-4403
-5301
-7861
-8151
-8586
-10735
-10790
-10971
-12307
-12439
-11864
-12550
-12410
-11308
-12460
-11045
-9871
-11579
-8709
-7799
-9645
-6799
-5395
-7552
-5371
-2884
-5366
-3502
-1054
-3110
-2141
-56
-849
-734
1162
946
900
1664
2078
2725
2276
3626
4212
3163
4902
5269
4698
5919
6800
6695
6494
8492
8702
7226
9881
11202
8570
10312
13001
9732
10450
13597
10847
10420
12433
10777
9341
10006
9050
7476
6726
5351
4427
2425
526
453
-2090
-4130
-4313
-6647
-8446
-9184
-9981
-11533
-12805
-12015
-13894
-14815
-12763
-14722
-14522
-12196
-14175
-13148
-11051
-12689
-11211
-8887
-10002
-8870
-6355
-7213
-6677
-3824
-4152
-4194
-1467
-1610
-2134
243
173
-60
1344
1346
1950
1944
2352
3640
2853
3489
4756
4526
4738
5633
6292
5685
6902
7940
7006
8458
9007
8389
9766
10638
10120
10853
12082
11231
11853
12801
11771
12398
12447
11501
11893
11086
9620
9686
8801
6455
6334
5085
1922
1480
115
-2283
-3567
-4877
-6898
-9055
-9321
-11070
-12656
-11946
-14136
-15158
-13654
-15855
-15470
-13713
-15438
-13807
-13055
-13362
-11757
-10986
-10517
-8892
-7598
-8194
-5452
-5623
-5699
-2623
-3798
-2366
-1498
-1588
-619
-771
181
749
1038
952
2377
2149
1355
3865
3306
2936
4917
4493
4380
5423
5868
5828
6406
7466
7668
7479
8382
9793
8442
9122
11972
10137
10073
12713
11650
10362
12319
13059
10736
11540
12585
9707
9673
10314
7927
7127
6855
4562
2883
2114
-274
-1781
-2419
-5156
-6468
-7330
-9873
-10748
-11326
-12368
-13232
-14428
-14108
-14437
-15806
-14555
-13210
-14437
-14254
-11451
-11983
-13347
-9338
-8331
-10877
-7135
-4847
-8272
-6172
-2290
-5114
-4742
-362
-2217
-3221
33
26
-938
598
2240
1553
1068
3580
3674
1612
4763
5738
2591
5424
6801
4110
5935
7785
6350
6310
8777
8273
7192
10316
9578
8248
11051
11095
10361
11246
12505
11566
10872
13435
12097
10922
12865
10982
10156
10443
8280
8248
7120
4332
4698
2368
-1134
99
-2263
-5953
-5005
-7060
-10422
-10335
-10774
-13169
-14009
-13808
-15174
-15000
-15764
-16654
-13608
-15342
-16891
-11946
-13170
-15839
-10974
-9666
-12602
-9398
-6718
-9762
-7648
-4646
-6647
-4814
-2803
-3639
-2569
-1704
-1378
-378
-93
944
2055
1040
2572
3693
2432
4556
5693
4506
5377
6755
5751
6095
8438
7481
7112
9691
8916
7574
11533
11438
8467
12890
13729
9957
13418
15544
11590
13491
16397
12678
13585
15276
11371
12292
12618
9164
10378
8988
4878
5721
4071
-551
49
-117
-5490
-6468
-5766
-10726
-12256
-10009
-12510
-15892
-14954
-14883
-16966
-17296
-16315
-14890
-17262
-17456
-12695
-15428
-17455
-10631
-11328
-15874
-8195
-7106
-13842
-7249
-4672
-9326
-5061
-2352
-4518
-3846
-1863
-1401
-1179
-87
1129
1886
909
2144
3622
1883
4398
5869
3553
5850
6858
4374
6290
8483
6616
7485
10008
8057
7561
11923
11049
8112
13115
13981
9575
13682
16318
11883
13470
16847
14347
13600
15399
14320
12699
12899
12239
10630
9201
7566
6621
4504
1321
1119
-353
-4434
-4663
-6024
-10557
-11230
-11682
-13575
-14198
-16051
-16736
-16722
-18772
-18614
-16706
-17010
-18778
-16186
-13920
-17255
-15418
-11589
-12876
-12638
-8831
-8469
-10853
-7187
-5121
-6611
-3832
-2194
-2821
-2270
-1130
-173
339
1269
2608
2720
2316
3906
3616
3120
6257
5289
4982
8212
6056
4846
8551
8150
6435
10667
10879
7714
10048
11454
10656
10924
13969
14230
10641
14363
15455
11615
16006
16708
13143
15525
14770
12802
13776
11515
11284
11666
6947
6643
6992
1229
-34
1668
-2360
-5606
-4681
-8290
-12811
-12089
-13077
-14356
-15823
-18136
-16556
-18509
-20763
-17210
-16786
-18725
-17162
-15216
-17121
-16826
-13691
-13798
-11722
-9881
-10825
-8325
-8011
-9548
-5532
-2863
-5491
-3059
445
-3528
-2984
1335
137
-295
2954
3546
1274
2435
3605
3621
5121
5016
6815
7352
4794
7534
9516
6475
8248
12723
8931
7950
13970
10550
8610
14935
14484
11582
14678
16267
12984
14530
17249
15178
15637
15744
14869
14614
11978
12097
12493
9542
8383
8564
4996
1081
2242
727
-3652
-3558
-4955
-9882
-11819
-12171
-13875
-14035
-16189
-18686
-15868
-18706
-21715
-15763
-16775
-20165
-15300
-14266
-17559
-15207
-13070
-14545
-11667
-10127
-11137
-7860
-8763
-10590
-5092
-4450
-7019
-2104
-767
-5063
-2530
806
-977
455
3089
2692
2924
2453
2757
5470
4757
4172
8533
7637
3103
7897
10052
4140
8966
14805
6784
7871
16094
9332
8656
17115
13778
10318
15142
16207
11888
14070
17279
14180
13700
15411
14476
12234
12135
12460
10902
9236
8053
6928
3770
985
1148
-181
-3875
-5042
-5720
-9677
-12289
-12052
-12448
-14096
-16309
-17101
-16485
-18512
-20098
-16852
-16332
-19505
-17360
-14577
-17292
-17165
-13396
-13102
-12931
-10561
-9722
-9440
-9004
-8696
-6311
-4561
-5057
-3099
-1218
-3330
-2803
602
214
114
2783
3364
2723
2524
3757
6031
5332
5899
9441
7831
5016
8860
11376
6850
8773
16191
9031
5824
18963
13158
4143
18182
17277
7721
17255
18335
10745
13905
16594
15025
14169
15126
14984
11207
11256
12457
9676
8883
8070
6027
3942
341
53
-601
-5133
-5529
-5790
-10892
-13332
-12639
-13704
-15909
-17154
-17341
-17372
-18547
-20258
-17985
-15536
-19322
-18677
-12801
-16567
-19243
-11221
-11443
-16078
-9678
-6904
-12304
-9739
-4872
-7728
-6908
-2257
-2649
-3558
-1353
-1129
-1319
1031
1611
3166
2425
2315
4173
2778
5879
5585
4486
8363
7308
5418
8238
10114
6354
8773
13144
8664
9527
14653
10896
9079
15935
14944
10988
16314
16719
12080
15444
17485
13718
15050
16107
13160
13282
12273
10307
11561
8801
5469
7559
3742
-768
1287
-1306
-5312
-4741
-6317
-11470
-12611
-11207
-12747
-16175
-16339
-16472
-18484
-18156
-20665
-14561
-16256
-23831
-11706
-14954
-21236
-11524
-11984
-16736
-10959
-7409
-13054
-7904
-6207
-10428
-4386
-3971
-5811
-1757
-1256
-3991
-1778
940
-296
688
2768
2666
1815
1794
4912
5927
2995
6545
9229
4296
5842
10946
7362
5682
13307
11918
5310
13800
16615
6622
11561
18470
10785
11539
18648
14012
11295
15727
14837
13292
14800
14490
13326
10989
10172
11854
9148
5849
7449
5757
-278
-188
1366
-4419
-6295
-4059
-9409
-12973
-11120
-12219
-14235
-15809
-16756
-16347
-17693
-19854
-17020
-14469
-19691
-18675
-11796
-16212
-18800
-11777
-11517
-14569
-11121
-8364
-9690
-9962
-8028
-5694
-5323
-5565
-2651
-1907
-3673
-1406
163
-417
977
2714
2152
2398
4259
2952
5199
7400
3900
7654
10047
4345
8097
12349
5447
9933
16284
6234
9960
18535
8252
8989
18423
13333
11052
17089
16437
11606
13458
17252
13952
13078
16087
13899
11273
10925
10687
10290
7863
5464
6537
2923
-2210
857
-1454
-7236
-5952
-6706
-12123
-13735
-11032
-13398
-17561
-17255
-16287
-17450
-19930
-18271
-14983
-18218
-20015
-13930
-13988
-19208
-14510
-10060
-14362
-13453
-7875
-9248
-11479
-8173
-5471
-6334
-6415
-3149
-2122
-4839
-2880
888
-1435
-1417
2866
1533
395
3642
2935
2394
5860
5173
4451
7741
6502
5755
9418
8176
7199
12157
11193
9064
14813
13230
8795
14483
16915
12228
15010
19228
12945
13163
18269
14620
13781
16243
14888
13247
12238
10507
11171
9732
5391
6473
5503
-283
-733
243
-5036
-7423
-4290
-9166
-15188
-9140
-9985
-18984
-14741
-14526
-18888
-16221
-19519
-16234
-14207
-23034
-16150
-10162
-20766
-16778
-8079
-15335
-14590
-8311
-10042
-10538
-8713
-7032
-6258
-6227
-4997
-2377
-3281
-4687
-811
202
-1828
568
2363
701
2121
3663
3674
5294
4461
5332
8678
6620
6175
10801
9006
6294
13008
12407
6305
14701
16945
7358
12396
19156
11750
11543
20082
15787
10538
16798
17084
12300
13858
15715
13031
10344
10445
10987
9051
5243
5272
6089
596
-1676
608
-3414
-7123
-5988
-8667
-13316
-11791
-10002
-15195
-18098
-15472
-15474
-18974
-18972
-13640
-15843
-21740
-15378
-11701
-18419
-17502
-10195
-11212
-15474
-10785
-7203
-11300
-10695
-5816
-4801
-6810
-5764
-1481
-3185
-5387
-203
1540
-1804
688
4142
869
1576
4686
4039
5067
5914
6598
7332
7699
7253
9622
10807
7519
13216
13463
7939
15750
16034
8258
14219
19519
12796
13112
19642
15053
11387
16822
17387
14272
14145
14468
13710
11207
9203
10406
9734
4955
4150
4973
-96
-2844
-715
-4182
-8767
-7441
-9835
-14657
-12664
-11786
-17024
-19304
-16119
-16074
-21006
-19505
-13726
-17975
-21519
-14326
-13276
-18450
-15098
-10522
-12623
-13054
-9869
-9191
-10109
-9175
-6846
-4964
-5853
-6135
-2385
-2806
-5342
-748
1029
-1753
938
2656
842
2528
3247
3541
5610
4292
5524
8113
6333
7321
10424
7669
7795
14692
10818
8080
17191
14112
8025
15740
18310
11772
14187
19901
14811
12786
17094
16118
14795
14391
14270
14277
11318
9897
10837
9026
4998
4945
5065
-194
-2017
-215
-5134
-9240
-5527
-10690
-16243
-7946
-13462
-21213
-12521
-16287
-21289
-16023
-17593
-17175
-16099
-19933
-15685
-13406
-19207
-15149
-10427
-14006
-13542
-9782
-8930
-10838
-9467
-5305
-5633
-6833
-4035
-2124
-4342
-4151
679
431
-2285
1696
2750
-80
2630
4041
3070
4859
5241
5862
7265
6590
8237
9103
7250
11092
14051
9582
11420
16951
11512
9667
19060
17668
11382
17873
19073
12059
15225
18557
14779
14735
15648
13752
12164
10325
9884
10400
7538
3936
4161
2880
-2428
-2628
-1520
-7238
-8628
-7159
-13138
-14096
-10198
-15458
-19566
-14969
-14718
-20555
-19293
-13578
-16813
-21131
-15270
-12522
-17426
-15781
-11729
-12871
-13025
-10410
-10123
-9587
-8176
-9347
-6185
-4458
-6057
-4269
-1905
-2941
-3845
1532
-136
-1368
3088
1720
2656
3527
2932
4658
5572
4227
7903
8723
5681
10592
8815
7046
12938
14151
10077
13044
17806
10392
11530
19570
16039
12493
18564
17945
12277
16367
17085
15102
14341
14752
14884
10171
9919
10540
8223
5082
3368
4263
246
-3844
-2790
-3763
-8820
-10154
-9117
-13829
-13400
-12171
-18619
-18901
-15306
-16772
-21205
-16599
-13335
-21465
-18965
-12378
-15863
-17413
-12379
-11971
-14356
-10961
-9947
-11187
-8813
-8008
-8734
-5076
-4303
-6039
-3109
-2413
-3961
-1107
1628
-1409
601
2988
762
2599
2581
4559
5142
3789
7548
7519
5827
8400
10171
6880
9751
15501
10307
9238
16348
14193
9563
16522
19752
12971
13823
18835
15646
12855
16234
17598
14378
13042
15125
13232
8491
10122
11660
6470
4324
4862
2368
-1916
-2339
-1792
-6889
-8328
-9149
-12989
-11876
-10148
-17395
-18832
-12384
-18352
-19432
-16194
-15811
-16665
-21440
-14869
-13259
-18086
-15302
-12724
-13304
-13304
-10688
-10843
-9644
-8698
-8630
-6006
-5355
-5946
-4275
-2306
-4727
-3043
1622
-731
-2263
2195
2741
643
2509
4368
4941
2912
6257
9328
5458
8156
10695
8002
8119
15092
14798
7277
14505
18899
10174
12036
21349
17233
11525
18247
19696
13583
14361
18839
16798
12861
14813
15219
9575
7857
11155
8644
3009
2757
3105
-1199
-4055
-3202
-5404
-9078
-10273
-11934
-11933
-11191
-16046
-18592
-14047
-15211
-20428
-16556
-12928
-19012
-19921
-13681
-15092
-17399
-13005
-12663
-13967
-11073
-11011
-10925
-7782
-8086
-8354
-5002
-5082
-6090
-3129
-2533
-4249
-2246
834
-412
-1378
1165
3490
1634
671
6007
5916
2416
5731
10458
6089
4222
13106
8867
5535
15498
14328
7271
12769
18864
10976
11580
20583
16377
11510
16758
18073
13707
15179
16630
15800
13264
12218
14870
10966
7907
10805
9016
3334
2718
3646
-708
-3388
-2928
-5737
-8466
-9440
-13042
-12678
-9833
-16459
-20112
-12866
-14548
-22029
-16214
-11838
-19585
-19550
-12868
-15051
-16717
-13123
-13657
-13445
-10501
-11660
-11058
-7599
-9113
-9466
-4883
-4742
-6947
-3806
-1967
-4698
-3265
707
-859
-2651
814
3017
680
-50
3956
5775
2749
4370
9683
6646
3898
10815
11499
7358
13001
15094
9030
12665
17160
12551
14269
18145
15351
15036
17826
16498
15317
16837
15321
16153
15959
12528
13526
11968
8918
9608
9129
4773
1846
3383
-49
-4034
-1394
-5369
-9386
-7486
-13082
-12389
-8626
-16401
-18150
-13193
-14723
-20250
-17173
-12718
-18286
-20265
-14867
-12803
-17616
-16966
-10629
-13068
-15333
-9453
-8009
-11783
-9446
-5661
-7060
-7342
-4422
-3174
-4819
-4438
-1239
-952
-2320
-849
1170
1587
1530
1753
3736
5388
3397
5491
9726
6938
5471
10249
10672
7999
13408
13604
9866
14640
15429
12410
14237
18844
15590
14059
19372
15751
14682
17376
15335
15821
16051
13471
12948
12571
9197
8671
9533
4981
1656
4123
736
-4999
-2189
-4478
-10379
-8703
-10925
-13367
-10824
-16576
-19480
-12919
-16845
-22267
-15047
-13542
-20275
-18487
-13846
-16007
-16855
-13755
-12038
-12159
-13371
-11981
-8351
-10099
-11220
-5320
-5291
-8653
-4984
-2168
-4467
-5675
-1071
1196
-1498
-1325
1693
2307
1783
326
4468
10167
89
6369
14245
922
7661
14362
8682
10013
15365
12473
9210
16126
15833
14178
14745
18090
17452
13270
18714
16748
14334
16767
16064
16490
13109
12430
13273
9826
8398
8444
8064
2755
785
3422
-2798
-6359
-3008
-5872
-11926
-11523
-11527
-14184
-13439
-16911
-18822
-13484
-17056
-22622
-13854
-12533
-23256
-17915
-9504
-17546
-19259
-10188
-11663
-16120
-10658
-7809
-10856
-9643
-7081
-6641
-5890
-6500
-5068
-2188
-4484
-4583
-342
-1184
-2373
-426
1148
2647
1053
544
5660
6243
2265
6373
10109
5401
5258
11212
10416
7501
13355
12589
9062
14632
14465
12173
14902
17351
14778
14075
18536
15820
14335
16501
15586
15939
13343
13404
13975
9803
8814
9482
8812
2593
2075
5049
-2625
-4992
-1400
-6231
-11211
-9139
-11503
-10986
-11805
-19986
-14353
-11589
-20491
-19253
-10898
-15292
-22160
-14183
-12051
-18122
-16789
-11781
-12252
-15034
-12041
-9339
-10795
-11100
-8167
-6070
-6732
-7629
-4610
-2168
-5411
-4274
141
-916
-2182
-91
1884
2646
-71
1208
7879
4494
2724
9032
8443
4370
8512
13641
7999
10346
16106
9761
11130
17586
15589
12230
16631
19356
13815
15856
19056
15228
15602
16061
16133
15654
11882
13020
12100
8512
8678
8207
6525
1349
825
2647
-3774
-5708
-3063
-6731
-11456
-11311
-11048
-12184
-14961
-18686
-14476
-12960
-21983
-19535
-10220
-17861
-22767
-11066
-11141
-20562
-14905
-8371
-13543
-14282
-8004
-7587
-11130
-9326
-6132
-5978
-6458
-5816
-2674
-2054
-5612
-2529
1936
-1587
-1188
907
3341
3250
-1608
5110
7936
1633
5158
9993
5252
7273
10400
7491
13693
9687
10987
15610
8044
16391
15689
9412
18319
17229
11650
17551
17220
12772
16118
14621
15310
14724
11605
12943
10768
8481
7398
8686
5434
131
2700
1180
-4357
-3879
-3803
-7669
-10014
-11983
-11137
-9625
-15448
-18136
-12728
-14832
-21976
-16490
-9861
-17559
-21195
-12451
-11883
-18259
-14158
-8921
-12642
-13444
-9160
-8258
-9573
-9914
-7606
-4643
-6227
-7183
-2613
-2698
-7019
-3679
685
-1731
-3399
557
3320
372
-1750
4375
7931
1318
4162
10315
6202
5617
10854
11796
7695
11898
14606
9440
14362
16923
11502
13331
18545
16926
13462
17257
17516
14356
15407
15801
16406
13066
12058
14204
10261
8262
8126
8138
4361
-174
3336
382
-5094
-4052
-5144
-6744
-12375
-14159
-5968
-11905
-22274
-11851
-11753
-23282
-16222
-13803
-15751
-15756
-20339
-12471
-12315
-20384
-13057
-9120
-14047
-13117
-8276
-7706
-11319
-10216
-4492
-5601
-8417
-3652
-1478
-5240
-6052
-1343
354
-3279
-1044
1924
2236
780
-814
6758
6693
1453
8003
10132
4621
6961
13271
8929
8645
16370
11052
9672
17487
15057
10999
15271
19043
14115
14876
18994
14245
13885
15759
15184
14967
12739
11733
12191
9610
6638
8533
7733
1816
722
2616
-1265
-5408
-4365
-5492
-9618
-12255
-11887
-9310
-12438
-19385
-15531
-11280
-20356
-19639
-8339
-15384
-23275
-11965
-9740
-18860
-14688
-8198
-12418
-13652
-9010
-8266
-9969
-9798
-7943
-5234
-6008
-8188
-3112
-1559
-7013
-3777
474
-2048
-2021
557
2141
2547
-475
2436
7626
3783
4483
7586
9469
7479
7098
14249
9441
10781
15864
10133
14279
17027
12558
13650
17472
16224
13867
16860
17115
13874
14212
14053
14453
14199
9714
11894
11841
6067
5758
6840
5307
-316
521
1895
-4850
-6169
-4917
-7904
-11936
-11607
-9181
-11391
-16912
-17323
-13026
-17215
-21279
-14119
-12333
-19662
-18441
-12072
-14972
-18526
-13215
-9074
-12549
-13792
-8885
-7474
-11296
-10827
-5238
-4532
-8337
-5686
-615
-4845
-7892
-689
1488
-3142
-1015
3011
1809
-147
891
5384
6396
3277
6742
10382
5615
7226
13205
9479
9891
16247
12804
10742
17584
15025
10433
17018
18697
14061
14952
18289
14903
13273
15539
14880
15618
12784
11678
11888
8959
7229
6008
7691
3423
-14
1818
-2433
-4606
-4741
-7453
-7448
-11862
-12179
-5731
-16930
-18780
-9582
-18970
-19251
-13354
-14933
-15925
-19199
-16242
-11688
-17542
-16648
-7778
-12309
-14989
-9060
-9321
-10313
-9996
-7515
-4076
-6243
-7511
-3381
-2933
-6259
-3727
883
-179
-2248
-153
2865
1764
-271
3354
7146
4462
4094
9497
8375
5388
10589
12531
8703
13054
16554
10520
14510
18019
12560
15084
18930
17293
14434
17363
17970
13694
15102
15670
14509
13263
11746
11109
9528
6599
5041
6550
3609
-1007
427
-207
-5762
-6293
-5964
-10856
-11333
-8827
-10956
-14315
-16107
-15891
-15611
-17689
-16620
-13401
-16881
-20332
-15054
-12261
-18191
-17732
-9211
-10273
-15723
-10437
-6178
-11535
-12232
-5473
-3738
-7239
-6577
-2537
-3383
-6245
-2431
914
-2184
-1260
2668
1797
738
1513
4136
5913
3969
7253
10351
5637
7500
12139
9900
10857
13855
13942
13254
13391
16431
15318
12855
18050
18467
13969
16608
17802
13901
13160
15831
16526
12657
10707
12205
9417
5681
6306
6016
2802
608
538
-1078
-5128
-6751
-6646
-9766
-12277
-9789
-9307
-15004
-17620
-14278
-15343
-19936
-16858
-11606
-16037
-21273
-16240
-12405
-17897
-18435
-10201
-9681
-16007
-13001
-6788
-10822
-14140
-7371
-3876
-8256
-8047
-3426
-4040
-6302
-3521
-307
-1245
-2169
474
2525
652
247
4233
5606
3718
6336
9425
6402
6022
11354
11239
9151
14215
15994
11045
13025
18591
14910
12333
18616
19993
14334
15176
19145
14940
12372
15910
16800
12995
10582
12795
10306
6086
6762
7270
4356
517
1015
103
-4623
-5650
-5008
-9055
-12165
-8774
-8413
-14365
-17217
-14340
-14945
-20132
-16915
-10596
-16742
-22079
-14810
-11759
-17450
-17568
-10833
-9558
-15336
-13855
-6586
-9246
-14351
-8403
-2667
-7360
-9507
-2619
-2506
-8894
-4534
1841
-2128
-3755
1369
2862
-328
-884
4350
6651
2506
5349
12023
6515
2839
12049
12897
7059
13754
17490
9985
12124
18221
13564
12398
18670
18167
14536
15917
17006
15261
13502
14527
16431
13981
10679
12061
10745
5571
6388
7217
4070
1686
1053
-22
-4416
-5414
-5310
-8542
-10827
-10761
-8389
-11410
-18268
-15650
-11120
-18826
-20361
-9308
-13174
-23131
-15779
-9982
-17778
-18783
-10440
-9272
-14390
-13850
-8081
-8357
-13017
-9616
-2589
-5651
-9657
-3799
-1441
-7007
-6063
1330
-48
-3473
970
3096
545
-343
3999
6537
4030
5583
9511
8285
4629
9639
13669
7239
12086
18648
10830
11756
18263
14701
12477
17331
19104
15928
14912
16297
16160
12890
13171
16529
13777
10155
11484
10918
5966
4564
7139
5106
-151
-3
1307
-4359
-8258
-5434
-6834
-12586
-11715
-7937
-12608
-18696
-14579
-12290
-19978
-19444
-10326
-13514
-21571
-16761
-11345
-16899
-18862
-11233
-8635
-13544
-13752
-8600
-8018
-12128
-10345
-3167
-3930
-9321
-5135
-636
-6248
-6799
508
245
-3138
-114
2803
1636
-233
1500
6115
5665
4035
8779
9544
5248
8625
12733
9604
11353
15909
12839
11919
16297
14766
12061
16723
18562
15144
14608
16642
15898
13499
14537
15246
14510
11396
10856
11550
7001
6368
6835
5977
2033
620
2695
-3728
-6264
-4276
-6376
-10197
-11072
-8355
-9834
-16471
-16194
-12275
-16788
-18257
-15522
-10136
-16181
-22837
-9819
-13301
-20437
-12812
-9358
-12566
-14717
-9828
-8436
-10555
-12323
-6618
-2545
-9361
-7992
-957
-3873
-8545
-937
1895
-3485
-1498
1974
1934
-357
805
5399
5613
3870
7879
10029
4828
7134
13265
9565
9485
17243
14818
9921
15974
17268
11769
14817
19977
17249
14478
16232
16625
13687
12709
15465
15088
10879
10738
11921
7682
4359
6304
5865
1094
-38
2176
-1613
-7591
-5878
-4904
-11157
-12169
-6880
-9830
-18040
-16303
-11219
-17146
-21271
-12691
-11073
-20481
-19210
-11410
-14715
-19375
-14045
-9032
-11469
-14323
-10967
-7359
-11279
-13167
-5427
-2361
-8608
-7794
-1554
-4208
-8098
-2301
2014
-1999
-2145
2920
3571
-532
-219
7089
7027
3005
9612
11827
5011
7097
14357
10260
8964
18739
13821
10643
18083
14019
13102
16174
16980
17430
14478
15101
16439
13862
12182
15250
15895
10451
9937
12444
7715
3166
6101
6063
287
-187
1486
-3148
-7592
-6806
-6310
-10300
-12480
-8175
-8367
-16559
-17632
-11694
-15464
-21406
-13850
-9518
-18618
-19525
-12145
-14278
-18471
-14826
-9416
-10159
-14811
-11544
-6057
-11027
-13386
-5927
-3485
-7996
-7831
-2336
-3445
-8557
-3536
1871
-2185
-2019
3508
2337
-858
970
4808
6028
5505
8959
9810
6024
7724
12456
10303
9326
17510
15837
9672
15715
17340
11507
13330
19320
17250
13803
16194
17020
13285
11874
15188
15476
11507
10082
12520
8877
3026
5590
7376
2195
-1434
2592
-296
-8433
-5296
-3611
-10393
-11737
-6169
-8504
-16822
-16453
-11161
-15971
-21573
-12513
-9037
-18791
-20518
-11480
-12989
-19896
-14704
-8574
-8921
-15278
-12633
-5311
-10945
-12852
-6119
-3007
-7715
-8803
-2934
-3238
-7827
-4359
1192
-1794
-1257
2326
1959
42
-215
4666
5806
4637
8441
9518
4903
6735
12437
9362
8739
16325
15312
8817
14329
17223
10988
13080
18541
17041
13216
14932
16037
12917
12324
14184
15420
11332
8677
11668
9346
3503
4599
7300
3182
-110
1876
-46
-6985
-6630
-3145
-8790
-13368
-8095
-6702
-15864
-17769
-11559
-14449
-20944
-14593
-7520
-17504
-21631
-12049
-11919
-18381
-15611
-7948
-9963
-14632
-10742
-7111
-10258
-12455
-7115
-2782
-6546
-8231
-2616
-2703
-7978
-4337
1447
-758
-2143
2082
3316
-67
-162
5030
7028
4440
7286
11114
6734
5922
12709
10774
8627
15955
14859
10732
14568
15072
12151
14115
15957
17095
16224
11869
15908
15249
9441
13969
15805
11569
8880
11246
10291
3660
3634
7106
3946
-1569
308
100
-7149
-8470
-4158
-7150
-13851
-10229
-6553
-14400
-18467
-12434
-13656
-21316
-16636
-8456
-15020
-22120
-14937
-10364
-17058
-17555
-8898
-8096
-14717
-12504
-5699
-8708
-13185
-7598
-1714
-5279
-9104
-4002
-1381
-7085
-5496
1433
-477
-2898
531
2444
938
-884
2404
7018
4289
4269
10492
8030
3390
9479
12684
8632
12171
16690
11370
10732
16831
14744
11470
16594
18682
14601
14272
16672
15814
12701
13013
16151
14383
9323
10485
11811
5296
4217
7935
5261
792
503
1341
-4313
-6973
-3437
-6130
-11292
-9576
-6587
-12483
-17957
-13882
-12064
-18727
-17783
-9549
-13736
-20804
-16124
-10708
-15329
-18752
-11667
-6649
-13208
-15304
-5758
-8284
-15327
-8473
-2301
-6339
-10606
-4172
-1095
-8585
-7320
1742
-1193
-5261
1841
2729
-937
-194
3281
5619
4260
6456
10189
7752
4802
10060
12242
7913
12736
18135
11484
9838
17433
15225
10964
16269
19534
15314
13109
16899
15952
12019
12866
15779
14593
9496
11077
11956
4890
3731
7658
6004
206
314
2415
-4188
-7590
-3780
-5242
-11398
-10385
-4927
-10839
-18480
-14061
-11329
-18201
-19131
-10987
-12171
-20375
-17617
-10910
-15133
-19255
-12391
-7705
-12735
-14616
-8124
-6836
-12736
-11084
-3581
-3773
-8748
-6395
-882
-4767
-8120
-1045
1148
-3439
-561
2872
470
-223
1052
4842
5933
5227
8976
8515
5450
8483
12756
9619
10495
16989
13362
10482
16318
16661
10890
14714
20193
15996
13057
16111
17106
12205
12935
15271
13571
11506
9665
11163
7406
3270
5693
6180
1755
-574
2019
-1738
-7826
-5958
-4398
-10134
-11790
-6057
-8733
-17079
-16024
-11411
-15755
-19828
-13602
-11086
-18159
-18862
-12529
-13822
-19034
-15412
-8497
-10484
-15055
-10778
-6655
-11209
-12058
-5132
-3196
-8119
-7644
-2344
-3678
-7036
-3198
1306
-2136
-2484
2655
1455
-760
601
4091
5530
4917
7416
8490
6655
7206
11541
11700
9811
14150
15844
11671
13241
17031
13403
12568
17567
18835
14769
13563
16978
15459
12650
13978
15647
13213
10142
12328
10264
5140
6243
7653
4908
517
1015
890
-5300
-5463
-3042
-7419
-12094
-8837
-6271
-13380
-17318
-13664
-12964
-18466
-18718
-11761
-13302
-21030
-17514
-11471
-16715
-18233
-12606
-9135
-13269
-15045
-7518
-9482
-13187
-8719
-4683
-5680
-8738
-5106
-2912
-6073
-5996
-1379
-615
-3066
-758
1763
957
-1130
1351
6609
4973
4132
10451
9468
3257
8843
14760
9356
10141
18496
14970
9297
16708
18776
11009
13820
20870
16632
12625
16515
17076
12563
12144
15755
15291
10916
10650
11765
6650
3042
6680
7138
1577
-618
869
-2335
-7456
-5495
-4045
-10504
-13088
-8475
-8844
-15620
-17365
-12552
-14950
-21221
-14722
-8708
-17385
-21335
-13073
-11474
-18495
-16362
-7821
-11462
-17046
-9287
-5731
-12786
-12372
-5437
-5059
-8188
-6204
-2597
-4838
-6767
-1861
151
-2846
-975
2794
1105
155
2719
3847
5134
6617
8441
8860
6920
8762
11166
10430
10616
15150
16739
11137
12826
17999
13394
12381
18513
18141
14609
14213
16303
15919
11184
12314
15883
13137
9774
10436
9683
4666
3903
6304
4367
535
-720
-715
-3988
-7321
-6286
-6683
-10795
-11393
-9612
-12081
-15986
-16172
-14212
-15903
-18496
-14555
-12203
-18180
-19231
-12729
-13387
-18176
-13744
-8226
-12115
-14015
-8977
-8467
-11543
-10102
-5798
-4112
-6770
-6807
-2677
-3710
-6285
-2344
428
-1813
-1643
1846
2218
-74
1465
5776
5843
4831
9347
9469
5313
8647
13019
10732
8855
16172
17294
9074
13647
18625
12275
12072
19162
19105
12698
13984
18503
14325
10490
14388
16624
12378
9702
11619
10229
5178
4427
7573
5562
-739
-686
646
-4480
-6832
-4118
-5949
-11230
-10740
-7848
-11740
-16438
-14688
-13250
-17207
-18521
-12464
-12901
-20179
-17138
-10938
-15627
-19120
-12019
-9623
-14714
-13472
-7714
-10045
-13515
-7733
-6282
-7646
-6620
-6073
-3262
-5220
-6074
-1390
-933
-2230
394
1152
88
952
1531
4943
6012
5850
8844
7428
6136
9880
12597
9439
10792
18232
13900
10148
18177
17363
11867
15632
19853
17622
13458
15607
17713
12966
11818
15825
15761
10780
10036
11976
8449
4698
5264
7566
4210
-2262
-53
1330
-6131
-7465
-3443
-7387
-11917
-10289
-8640
-11952
-17805
-17092
-12875
-17040
-20374
-12621
-12877
-21572
-18112
-11759
-14603
-17460
-12546
-9941
-14344
-12585
-8392
-9769
-10654
-9378
-6135
-5216
-7949
-5702
-2414
-4991
-5884
-596
1109
-2896
-370
3341
1008
-117
2682
7282
5432
4217
10948
10100
4661
10296
15494
8808
10266
19275
13594
9335
18082
18225
11483
14571
19915
17076
12256
15757
19321
11852
10187
17483
14481
8559
10778
11707
7296
3092
5507
8394
1395
-3016
1709
-468
-7812
-6626
-3352
-7974
-13485
-11013
-7129
-12072
-18729
-14994
-11591
-19635
-20593
-9785
-12493
-22352
-16527
-10545
-16577
-17748
-11145
-10550
-14335
-12095
-8042
-10038
-11547
-8135
-6335
-6405
-6857
-5150
-2782
-4765
-5377
-1882
101
-1765
318
2376
1072
1802
2283
6022
5881
5265
9389
8419
7998
10333
12302
10769
11303
17016
14806
10490
15735
18225
12422
13330
18973
17173
13321
15200
17742
14233
11343
15267
16841
11050
9297
13091
9911
3394
5684
9320
3101
-1853
2006
588
-6549
-5404
-2056
-6897
-11959
-11580
-8203
-9502
-17332
-17219
-10886
-16072
-21904
-11990
-9632
-20010
-19818
-11579
-12784
-19229
-12673
-8840
-14365
-15074
-8799
-7663
-14533
-8651
-7173
-9212
-5179
-7614
-3457
-3730
-8010
-2271
506
-2435
-1305
2253
1065
9
2637
6131
4903
4474
9425
7850
5640
10367
12083
9828
10377
15878
15536
10115
14605
18289
13089
12168
18209
19454
13069
13388
18421
14382
10341
14066
15490
11711
9430
10970
10003
5016
4627
7204
3961
-746
728
909
-4953
-6388
-3856
-6433
-11336
-11827
-8142
-9972
-17364
-16475
-11114
-15307
-20532
-14202
-10978
-18912
-19484
-12541
-13270
-17523
-14615
-9760
-12248
-14364
-10207
-8590
-10953
-10431
-6614
-5680
-7411
-6457
-4065
-3743
-5694
-3600
691
-1925
-2283
2884
2264
-486
1634
6241
5981
3094
8626
11038
5479
7936
13978
12303
8064
13610
18786
11072
10298
19144
15279
9147
17121
19339
12972
12596
16372
16907
10955
11871
17116
12602
8087
12013
12410
4544
4076
8556
4769
-837
801
2391
-3560
-6987
-4151
-4786
-10631
-13227
-9389
-8538
-15454
-17964
-12137
-13766
-21203
-17290
-10801
-16634
-21029
-14215
-12237
-18518
-17053
-9926
-11517
-15055
-10262
-8068
-12155
-10343
-5839
-7478
-7482
-4620
-4474
-4355
-4760
-4058
-1427
-2211
-2699
1807
2485
-286
894
4080
5845
2890
6497
11789
6873
6312
11937
13786
7995
10341
19332
14051
9655
16638
18428
10815
12092
20461
17168
11389
15258
18427
12909
10202
15065
15591
9942
9278
12889
9223
3243
5635
8185
2676
-673
2023
251
-5390
-5812
-3291
-6226
-12211
-11562
-7392
-10896
-17353
-15449
-11743
-16843
-20441
-13494
-12186
-20101
-18256
-11370
-14376
-18357
-14281
-10184
-12851
-13381
-8865
-10770
-12188
-7314
-8585
-8769
-4017
-6056
-6643
-3632
-4639
-3445
-1690
-2095
-22
1162
572
869
2398
4322
3952
5532
9804
8363
5491
9580
13466
9620
7938
15876
17441
9259
12289
19996
13660
9222
17936
20409
12230
11659
18208
16104
10258
13177
16646
12169
8597
11305
12149
6575
3025
6592
7019
35
-1805
2192
-1518
-7817
-4953
-3713
-11382
-13806
-8183
-8731
-16071
-17707
-13176
-13805
-19455
-17449
-11101
-15524
-21496
-14655
-10538
-17228
-16547
-10110
-11775
-13594
-10421
-9840
-10490
-9371
-8908
-6974
-4991
-6413
-6204
-3174
-3909
-5467
-1324
-309
-2156
669
1991
1693
1769
3638
6146
4640
6473
10231
7862
6701
11244
13101
9146
10812
18526
14286
9267
18138
18682
10518
13795
20613
15862
12189
15824
16421
14635
9708
13506
17249
7907
8977
13398
7776
3533
5234
7516
2442
-2953
603
1393
-6546
-7950
-3796
-7570
-13930
-12273
-8409
-12331
-17793
-16214
-12656
-15979
-20752
-15495
-11033
-18564
-20179
-11565
-13114
-19018
-13646
-8943
-13063
-13784
-9110
-8972
-10905
-8697
-6920
-6875
-6014
-5656
-4409
-3612
-4950
-3149
-425
-1177
-501
1814
1863
1229
2668
5168
5330
5542
8834
9790
7727
8986
12247
11631
9863
14120
17768
12514
11306
18523
16960
10621
15818
21105
14699
11415
17380
17347
10512
11032
15839
13330
8567
10417
12496
6903
2195
6356
7738
183
-2097
2592
-675
-8569
-6821
-2964
-9108
-14112
-9822
-8193
-13712
-17395
-14246
-12017
-18254
-19765
-11546
-12267
-19827
-17794
-11116
-13045
-19114
-13368
-6736
-14298
-14203
-6274
-10978
-12446
-7347
-7991
-6504
-5481
-7359
-4481
-3320
-5369
-2417
-701
-1609
913
1432
1059
2917
4232
4512
4951
8777
9968
7591
9615
11773
11869
10444
11492
17596
15888
10879
15397
18472
13178
12232
18606
18013
11617
13541
17509
12987
9920
13242
14187
10613
7954
10320
10871
4459
2568
7170
4571
-2117
-256
2281
-4935
-9337
-3993
-4677
-12479
-12893
-8993
-10052
-14737
-17306
-14122
-12898
-18895
-18215
-9685
-12893
-21825
-15903
-8319
-14926
-18041
-10150
-9394
-14774
-11673
-7206
-9754
-11047
-8708
-6321
-4740
-6116
-5835
-2524
-4198
-5255
-388
582
-1350
733
2599
1472
1914
5425
6859
5409
7636
11123
9378
8756
12649
13771
10946
12627
17541
15369
11210
15223
18935
12627
12248
19362
16249
12122
14494
15979
13259
10347
12149
14203
10974
6387
9844
10813
1863
2174
8796
2295
-4647
1257
1503
-7965
-8384
-2999
-7507
-14662
-12245
-8588
-11829
-16961
-17184
-13367
-15730
-20904
-14580
-9764
-19451
-21754
-10929
-11066
-19076
-14667
-8108
-13063
-15066
-8593
-7864
-11284
-10579
-7296
-4828
-6372
-7507
-3431
-1984
-5960
-3391
1386
-1785
-1367
3023
2760
1293
2496
6246
6375
5714
9794
11053
8910
9446
13288
12925
9313
14522
18168
11862
12089
18582
15799
10781
15410
19106
14711
12077
16008
16923
10759
10095
15894
13527
7671
10630
12586
5733
1628
6238
7087
-595
-1841
2222
-2978
-8665
-5070
-4156
-10546
-13333
-9047
-7916
-14176
-17069
-13369
-12408
-18653
-18875
-9449
-13568
-22794
-14482
-9787
-18085
-16433
-10781
-12164
-11760
-12694
-10423
-8000
-12835
-10517
-5478
-6012
-7224
-6573
-3203
-4210
-6447
-1885
84
-1648
941
2616
1421
2012
3975
5996
6055
7765
10968
8110
7512
12482
13403
10100
11569
17715
15099
11565
16684
17980
12616
12528
19333
18387
12361
14167
17214
13302
10032
13779
15380
10316
8047
11608
10384
3218
2915
7657
4187
-2488
-574
1157
-5956
-9320
-3597
-4681
-13998
-13679
-7325
-11166
-18268
-16393
-12200
-15752
-20467
-15261
-10756
-17988
-20893
-12976
-11795
-17860
-15544
-8894
-11553
-15074
-10186
-8116
-10921
-10045
-7647
-5901
-5905
-7793
-4699
-2493
-5495
-3699
464
-298
-881
2446
2886
1682
3448
6729
6748
5017
10472
11606
6862
9690
14952
12414
9595
16204
17614
12388
13368
18134
15609
12234
16751
17829
15786
12563
14673
17258
10649
10924
14600
12411
8911
8715
10547
6911
1888
3839
6162
-58
-3641
487
-1928
-9692
-7841
-3214
-10025
-15753
-10428
-8763
-15719
-17701
-13579
-14287
-19125
-18840
-13452
-13726
-19749
-17999
-11771
-14707
-17622
-11711
-10158
-14324
-12513
-8904
-9582
-10097
-9471
-7984
-5635
-6097
-6801
-3673
-3073
-5376
-2891
338
-497
-41
2774
3083
2712
4414
6398
7060
7818
10466
10472
9655
11251
13210
12876
11166
15751
17204
12342
14386
17778
14785
13273
17323
17712
14380
14595
16233
14923
11936
12455
14139
12204
9310
9525
10342
6082
2550
6041
5524
-1456
-1474
1582
-3593
-9109
-6538
-4954
-11528
-14812
-9437
-10148
-17675
-18207
-12558
-14431
-21914
-17127
-9954
-17239
-21782
-13065
-12087
-18846
-15874
-10734
-10775
-14678
-13272
-7557
-10591
-12269
-7829
-4922
-6560
-8851
-4354
-1702
-5845
-5140
415
-482
-2695
1842
3832
1038
1666
6196
7145
4707
8821
12129
8234
8699
13107
13286
9854
12784
18279
13029
11225
17415
16146
12636
15289
18289
15217
12961
15768
15922
12645
11508
13879
13101
9254
9471
10904
7663
3009
4264
6954
2246
-2789
323
192
-7623
-7938
-2942
-7591
-14647
-11534
-8119
-13796
-18228
-14142
-12488
-18899
-20295
-12960
-11859
-19908
-19327
-11084
-13143
-18192
-13470
-9033
-13091
-14371
-9291
-8257
-10662
-11094
-7924
-4898
-7042
-7595
-2844
-2645
-6072
-2383
1548
-1392
-906
3909
3614
1138
3645
7792
6006
4844
11446
11535
6394
10240
15252
12096
8725
15972
18646
10246
13383
20084
13527
10587
17701
18175
12547
13410
16826
15036
10870
11623
15104
11816
7492
9987
11717
5976
1719
6190
5554
-2560
-2750
1836
-2763
-9890
-6451
-4148
-12437
-15903
-8836
-8763
-17816
-17589
-11791
-16372
-21980
-15879
-11350
-17850
-20641
-13846
-12196
-18066
-17052
-10693
-11592
-15048
-11681
-8210
-10284
-11778
-9009
-5387
-5983
-7796
-4839
-2160
-4523
-4798
-603
-381
-1300
2310
3419
2157
2819
4838
6259
5694
8765
11304
8402
8744
12735
13665
10254
12027
18110
14550
11266
17123
17319
11772
13705
18520
16032
12882
15602
16517
12535
11315
14374
14062
10045
9578
11629
9327
4068
4715
7352
2387
-1673
884
621
-5591
-8067
-3822
-6297
-13199
-11355
-8842
-11878
-15651
-15740
-12554
-16310
-20503
-14063
-12283
-18442
-18209
-14414
-13546
-16061
-17128
-10992
-10684
-15892
-11289
-8499
-11719
-10833
-8998
-6681
-6183
-8202
-4825
-2781
-5801
-3877
-498
-865
-832
1790
2956
1387
2719
5745
6164
5795
8656
10747
9621
9284
11217
14105
11224
11381
17963
15450
11114
15652
18099
12923
12505
18142
17554
12572
13672
17748
13728
9436
13898
15027
9282
8124
11474
9046
2008
2882
7769
1708
-4284
867
522
-8018
-8688
-4121
-7490
-14425
-12446
-7514
-12228
-18922
-15699
-11114
-17053
-21702
-12815
-9885
-20968
-19722
-8488
-13069
-20435
-12399
-7137
-13872
-14692
-7334
-7190
-12070
-10292
-5048
-4661
-7761
-6208
-1115
-3065
-6558
-1013
2336
-1738
-788
5022
4410
155
4263
9214
4990
4898
11871
10878
6605
9920
14621
11651
7397
16004
18459
8489
13224
18912
12634
11706
16028
16590
13662
12551
15294
15065
9952
10960
14380
11265
7904
8535
10241
6137
1300
5158
6174
-1337
-2896
1385
-2351
-9052
-6292
-3497
-10450
-13959
-9747
-9929
-14104
-15840
-14512
-13426
-17264
-19182
-12941
-12041
-19610
-17911
-10278
-13998
-18734
-12030
-8870
-14202
-13232
-7952
-8788
-11182
-9426
-6189
-5024
-7235
-6652
-1247
-2774
-6865
-1276
2073
-2393
-572
4456
3061
511
2986
8467
5798
3802
11880
12073
6100
9207
15976
12922
8726
15748
18235
11263
12151
18972
15905
11224
15423
18042
15092
12768
14826
16600
12288
9842
14381
13989
7513
8401
11941
6471
1437
5384
6640
-1197
-3352
2089
-2501
-10009
-5767
-3677
-12176
-14295
-9306
-10330
-16051
-17687
-12170
-14253
-20855
-17717
-11132
-14694
-21409
-12987
-10696
-18167
-16296
-9914
-9700
-16238
-11727
-5646
-9969
-12085
-8157
-4206
-7047
-8403
-2855
-1065
-6851
-5255
2311
-489
-3213
3198
5815
964
1291
7508
7847
4469
7675
12876
10232
7067
11967
15146
10408
10342
17227
16162
10287
13818
18111
13159
11382
16720
16965
12682
12926
15867
14085
9712
11227
14425
10532
7077
10084
9428
2916
2070
6582
3304
-3652
-1204
910
-6151
-9276
-5101
-6900
-13340
-13492
-9644
-11619
-17449
-16134
-12897
-16206
-20358
-15642
-10431
-17645
-20013
-12169
-11922
-18233
-15525
-8061
-12014
-15578
-9226
-6901
-11467
-11306
-6189
-4898
-7368
-6616
-1602
-2534
-6170
-1980
2505
-1014
-1263
5679
4504
1053
4746
8162
7193
5256
10736
13877
7875
8636
15230
14320
8595
12523
19338
13145
10082
16815
16733
11177
12814
18232
15746
11798
13954
16035
12826
9326
12143
14170
9192
6329
9949
8480
1329
2036
6245
956
-4801
-856
-512
-8369
-9228
-4635
-8581
-15336
-13163
-9252
-13597
-18499
-15136
-12782
-19048
-20292
-11963
-12008
-19554
-17025
-10272
-13800
-18086
-12074
-7499
-13309
-14574
-6116
-6620
-12139
-9278
-4369
-4617
-7921
-4042
476
-4048
-5768
-10
2001
-2107
342
5684
2564
826
5130
7841
5134
5059
11918
11583
6496
9621
14866
11787
8215
15262
17458
9957
11557
18375
14825
9907
14779
17796
13239
11630
15343
15301
10375
9864
13690
12449
7690
8243
10268
5824
1596
4357
5516
-471
-3359
57
-2658
-8780
-6675
-4768
-10429
-12908
-10556
-10689
-12998
-16305
-14038
-12580
-18398
-17916
-12666
-13071
-18089
-16596
-11572
-14669
-17224
-11769
-8500
-14139
-13491
-6670
-8511
-11564
-8790
-5202
-6090
-7515
-3859
-1420
-4359
-5101
-307
1035
-1351
1606
4936
2896
2009
4801
8134
6926
5264
11384
13142
6653
9117
16697
12319
7508
16313
19220
10376
11907
19271
14809
9730
15209
18310
13260
11296
15176
15230
9900
9197
13320
11697
6421
7578
10135
5248
562
3804
4939
-2062
-4424
349
-2477
-9681
-7690
-5091
-11118
-14522
-10556
-9778
-14934
-17328
-13215
-13112
-19696
-17960
-10743
-14361
-19857
-13712
-10328
-16824
-16776
-9270
-9179
-14642
-11424
-6062
-9607
-11303
-6868
-4255
-6473
-7192
-1300
-723
-5674
-2736
2109
-76
-1233
4516
5834
2152
3522
7470
8200
5722
7964
13164
11484
7349
12339
17473
10142
9440
19100
16524
9518
15160
19073
12281
10314
16299
17362
11752
11525
15563
13074
7853
9782
13375
8666
5401
8364
7958
2636
303
3582
2053
-3739
-3683
-1378
-5117
-10251
-7826
-6845
-13416
-14994
-10372
-11046
-16962
-17173
-12688
-15646
-20538
-15238
-10738
-17415
-19273
-11197
-11571
-17964
-14321
-7435
-10874
-14498
-7732
-5615
-10757
-9589
-4987
-4027
-6512
-5459
-770
-2134
-5383
-2170
2137
-274
-1367
5059
5511
1182
3680
7630
7000
5164
9257
13673
9352
7272
13128
14703
9136
11004
18750
14049
8794
16246
17828
10436
11460
18035
15529
11087
14088
15344
11442
8909
11656
12910
7789
6348
8977
7160
2137
1531
4818
678
-4601
-1345
-1044
-6952
-9703
-6569
-7189
-14565
-13453
-7426
-12738
-18582
-13021
-11618
-18394
-17271
-11537
-11729
-17122
-16549
-9173
-12689
-18007
-11011
-7440
-12851
-12960
-6089
-6566
-11674
-8333
-3615
-5480
-6955
-3101
-942
-4245
-4660
83
1193
-2019
1437
6039
2066
1562
6123
6366
4752
6930
11438
10150
7846
11215
12787
10968
10419
14329
16346
11695
12133
16637
14336
10837
13750
16724
13109
11015
14350
14004
9620
9410
12212
10226
6952
8069
7823
4317
1439
2575
3169
-2268
-3202
-872
-4877
-8215
-7209
-7256
-11304
-13088
-10407
-10940
-14384
-15510
-13868
-14064
-17257
-16675
-12057
-13122
-18231
-14593
-9981
-15306
-16389
-9417
-8859
-13220
-10500
-5647
-8742
-10755
-6270
-4276
-5152
-4826
-2571
-1600
-3545
-2761
916
1439
-69
3282
5122
3035
4247
6398
7770
6716
8401
11830
10566
9179
11123
14399
10986
10168
16388
15713
11607
13494
16568
12927
10930
15260
16457
12459
11355
14269
12887
8921
9731
11927
8209
5692
7984
7225
2808
81
2852
1719
-4004
-2861
-1576
-6416
-9449
-7326
-7724
-12662
-13437
-10547
-11471
-14822
-15456
-13771
-14551
-17527
-15975
-11717
-14012
-18078
-13681
-10357
-15345
-15190
-8889
-9891
-13466
-9343
-5986
-9175
-9825
-6087
-4562
-5812
-5229
-2244
-1859
-3948
-2748
1020
686
-945
2876
4739
2372
3661
6144
6405
5890
7975
11304
9346
8662
11955
12278
11419
11598
14742
15670
11847
13779
16797
13522
11827
15133
16315
12840
12089
14157
12664
9309
10016
12150
9204
6485
7456
6993
4311
1687
2550
2246
-2546
-2980
-1596
-5548
-7366
-6355
-8664
-10466
-12438
-12270
-9541
-14033
-15801
-11821
-14857
-17560
-14216
-11991
-14075
-16681
-13290
-10559
-15109
-14829
-8698
-9869
-13141
-9271
-6689
-9494
-10036
-6686
-4440
-5691
-5536
-1870
-1671
-4551
-2721
1652
658
-839
3896
5308
1814
3765
7800
7171
5243
8827
13322
8904
7258
14222
13648
8683
12367
17455
13578
10079
15617
16311
10590
12550
16371
13808
11619
12877
13246
11725
9668
9362
11113
8734
5783
7367
6250
2484
1295
2558
1128
-3040
-3136
-2322
-5725
-8502
-6579
-7545
-12337
-11861
-10327
-12028
-13895
-14569
-13150
-14327
-17103
-13985
-11219
-14913
-16361
-12074
-11571
-15370
-13093
-8629
-10801
-12694
-8191
-6396
-10053
-8887
-5537
-5326
-5657
-4996
-1708
-1817
-4352
-1348
1629
384
102
4526
5956
2223
4587
8480
6918
6063
9965
12782
9324
8769
12940
14020
10422
10579
17283
14774
9217
15198
17118
10261
11185
16815
13740
10238
13120
13259
10596
8785
8886
10248
7691
4960
6368
5998
1519
-364
1890
370
-4087
-3679
-2387
-6237
-8841
-7279
-8093
-11821
-12975
-10589
-10204
-14198
-15341
-12144
-13979
-17919
-13549
-9908
-15245
-16271
-10386
-11377
-15839
-11895
-7627
-10915
-11771
-7006
-6128
-9802
-8688
-5021
-5045
-5604
-4232
-1621
-2721
-4838
-1283
1519
-492
133
4679
4103
1264
4589
7694
5710
5959
10039
10409
8346
9787
12080
11627
10723
12065
14307
14017
12037
13457
14974
11782
11204
14994
14234
11055
11915
12622
10747
8931
9276
10111
7747
5277
6197
5985
2079
1082
1955
18
-2288
-3194
-2748
-5228
-7775
-7372
-7844
-9836
-11945
-11012
-10212
-12231
-14499
-13280
-12238
-16297
-14888
-9639
-13022
-16399
-11474
-10595
-14671
-11924
-8045
-10178
-11434
-7976
-6502
-8684
-8511
-5568
-4701
-5441
-3392
-1874
-2766
-2953
-1899
678
1033
643
3809
4413
2888
4078
6202
7092
6448
8465
11138
9064
8319
11611
12014
10146
11603
13702
12823
11774
12693
13275
12094
11413
12494
13250
11954
10470
11021
11204
8554
7628
9682
8028
4801
5601
5364
2239
779
822
243
-2018
-4197
-3731
-4224
-7471
-8553
-7250
-8813
-12262
-11363
-8911
-11783
-14422
-12069
-12164
-15283
-13880
-10523
-11892
-14269
-12294
-10604
-12374
-11774
-8492
-8646
-10339
-8238
-5984
-7412
-7819
-5318
-4415
-4779
-3242
-2014
-2129
-2021
-1077
398
1203
1860
3240
4281
3542
4636
6313
5368
6978
9295
9073
8435
9400
10588
9992
10645
12013
12136
11440
11714
12288
11726
11953
11369
11039
12235
11436
9873
9820
9881
8181
6952
8337
7470
4498
4328
4455
2136
371
645
111
-2168
-3552
-3226
-4732
-7290
-7130
-6927
-8635
-10092
-10024
-9820
-10809
-11903
-11469
-11693
-13114
-12195
-11165
-11331
-11636
-11865
-11045
-10907
-10534
-9084
-8434
-8961
-8757
-6708
-6561
-7227
-5243
-4329
-4797
-3612
-2207
-2098
-2026
-1188
45
1000
916
1958
3822
3582
3351
5166
6184
5549
6986
8705
8059
8049
8852
9275
9374
10040
10708
10127
10414
10563
9885
10706
10582
9186
9769
10655
9390
8079
8658
8293
6516
6403
6800
5668
3724
3312
3144
1575
375
-29
-152
-2351
-3498
-3242
-4985
-5854
-6201
-6708
-7870
-8604
-8845
-9360
-9331
-10262
-10134
-10467
-10981
-10032
-10374
-10085
-9616
-10058
-9465
-8509
-8323
-7985
-7116
-7164
-6765
-5209
-5091
-4949
-3690
-3315
-3325
-2331
-897
-949
-1026
609
1032
667
2185
3271
3225
3886
4529
4741
5233
6149
6295
6682
7942
7311
6824
8224
8336
7790
8657
9317
8389
7961
8932
8776
7897
8312
8628
7885
7462
7116
6703
6601
5180
4590
5566
3891
2150
2917
2061
-165
-453
-138
-1345
-2832
-2974
-3524
-5142
-5719
-5808
-6271
-7064
-7639
-7453
-8366
-9278
-8652
-8768
-9441
-9108
-8520
-8913
-9177
-8145
-8099
-8554
-7395
-6650
-6706
-6338
-5604
-5070
-5183
-4369
-3015
-2847
-2900
-2020
-1065
-1162
-612
902
1063
697
2089
3126
2574
3374
4661
4393
4410
5598
5831
5746
6591
6840
7062
7054
7063
7646
7684
7856
8088
8100
7996
7705
7600
7624
7431
7046
6952
6663
5909
5365
4957
4387
3938
3563
2771
1911
1378
588
-344
-744
-1198
-2249
-2850
-3182
-4160
-4802
-5334
-5907
-6019
-6339
-6941
-7302
-7296
-8018
-8438
-7717
-7930
-8248
-7981
-8099
-8008
-7960
-7823
-7046
-6800
-6881
-6515
-5891
-5368
-5641
-4892
-3350
-3908
-3774
-1816
-1864
-2261
-672
293
199
740
1869
2282
2377
3302
3853
4240
4684
4983
5896
6023
5869
6661
6748
6551
7514
7771
7127
7711
7775
6912
7500
7911
7087
6874
7042
6460
5719
5802
5663
4607
4233
4268
3199
2521
2360
1425
865
208
-356
-949
-1708
-2001
-3065
-3566
-3859
-4798
-5290
-5227
-5629
-6519
-6304
-6809
-7357
-7173
-7359
-6972
-7184
-7498
-7135
-7142
-7251
-6864
-6293
-5962
-5847
-5727
-5257
-4909
-4621
-4069
-3256
-2488
-2577
-2189
-885
-974
-1049
826
1460
815
1925
2946
2451
2863
4190
4274
4121
5059
5438
5084
5402
5723
5810
6160
6043
6339
6677
5969
6150
6470
5828
5822
6150
5877
5378
5244
4984
4300
4127
4135
3634
3127
2686
2021
1486
1098
523
231
-168
-1153
-1611
-1803
-2730
-3292
-3191
-3908
-4607
-4544
-4898
-5548
-5790
-5709
-6015
-6360
-6298
-6366
-6389
-6460
-6464
-6222
-6202
-6138
-5846
-5456
-5370
-5214
-4525
-4383
-4228
-3573
-3273
-2654
-2007
-1950
-1322
-494
-511
79
1246
1618
1833
2453
3245
3411
3525
4732
5155
4694
5628
6205
5605
6086
6548
6305
6521
6753
6573
6469
6494
6166
6019
5878
5571
5433
5054
4684
4236
3630
3295
3053
2407
1856
1601
873
164
-231
-655
-1349
-1956
-2211
-2946
-3559
-3674
-4384
-4904
-4823
-5420
-5898
-5752
-6021
-6359
-6417
-6439
-6481
-6336
-6282
-6201
-5688
-5741
-5929
-5205
-4721
-4934
-4521
-3682
-3604
-3441
-2803
-2352
-2003
-1726
-1032
-360
-135
278
870
1581
1633
1930
3142
3259
3335
4188
4437
4566
4897
5237
5591
5799
5825
6003
6185
5791
5877
6247
5832
5648
5678
5289
4945
4714
4306
4009
3671
3155
2776
2226
1866
1357
484
394
3
-950
-1128
-1395
-2279
-2755
-2736
-3447
-3997
-3797
-4317
-4762
-4717
-5033
-5433
-5268
-5193
-5656
-5400
-5078
-5359
-5222
-4863
-4748
-4583
-4213
-3779
-3418
-3232
-2998
-2474
-2011
-1913
-1537
-696
-531
-603
202
696
518
946
1770
1977
1850
2242
2802
2792
2594
3369
3839
3207
3675
4253
3716
3742
4271
4068
3729
4095
4039
3506
3601
3770
3234
2961
3227
2756
2251
2370
2068
1615
1478
1233
1021
803
359
115
42
-340
-820
-820
-874
-1516
-1750
-1578
-1992
-2439
-2414
-2443
-2711
-2973
-2919
-2869
-3175
-3252
-3059
-3076
-3165
-3165
-2981
-2836
-3031
-2896
-2464
-2524
-2509
-2095
-1957
-1899
-1656
-1536
-1239
-892
-1028
-721
28
-280
-385
638
537
206
1010
1242
1168
1239
1446
2087
1757
1405
2592
2488
1525
2498
2725
2019
2338
2566
2561
2311
2246
2602
2253
2010
2350
2071
1856
2019
1667
1571
1580
1194
1180
1161
824
614
671
423
-72
172
-24
-605
-399
-536
-929
-1088
-1082
-1169
-1546
-1607
-1546
-1675
-2056
-2053
-1658
-2153
-2444
-1800
-1889
-2417
-2067
-1657
-2049
-2142
-1674
-1610
-1808
-1710
-1313
-1240
-1416
-1155
-911
-890
-814
-729
-410
-222
-456
-188
293
17
28
587
552
440
691
845
942
830
904
1335
1264
996
1386
1710
1138
1205
1945
1479
1197
1852
1776
1332
1521
1831
1591
1405
1709
1739
1423
1373
1518
1378
1141
1195
1181
1062
840
637
830
513
42
475
236
-354
-82
-355
-572
-689
-1089
-668
-1003
-1647
-1078
-1160
-1936
-1693
-1282
-1786
-2059
-1653
-1543
-2078
-2086
-1500
-1829
-2094
-1609
-1548
-1719
-1722
-1419
-1336
-1465
-1125
-1041
-936
-747
-865
-608
-282
-422
-365
182
180
-53
371
686
498
533
1004
1092
867
1063
1407
1344
1145
1448
1822
1488
1320
1921
1891
1309
1693
2171
1662
1480
2069
2014
1416
1579
2013
1617
1161
1542
1696
1008
793
1289
1034
258
440
818
97
-384
143
3
-765
-698
-419
-805
-1240
-1192
-976
-1329
-1864
-1548
-1306
-2020
-2204
-1601
-1821
-2428
-2100
-1741
-2168
-2318
-1921
-1825
-2046
-1991
-1695
-1560
-1651
-1606
-1207
-1049
-1204
-1024
-457
-519
-721
-69
110
-118
154
564
478
562
890
830
1257
1126
1133
1778
1500
1457
1847
2057
1797
1752
2357
2220
1743
2165
2563
1883
1797
2508
2105
1529
1940
2137
1542
1258
1692
1589
825
868
1290
713
81
547
620
-286
-323
114
-426
-973
-694
-705
-1266
-1327
-1267
-1424
-1643
-1953
-1733
-1738
-2307
-2178
-1861
-2250
-2547
-2079
-2032
-2565
-2226
-1912
-2250
-2153
-1837
-1853
-1866
-1584
-1468
-1445
-1158
-1097
-1055
-734
-596
-580
-302
-51
-40
149
363
506
672
716
1005
1256
1171
1301
1736
1747
1514
2065
2320
1859
2155
2605
2323
2112
2499
2658
2186
2157
2493
2313
1836
1895
2197
1653
1224
1564
1504
858
650
1005
731
-19
145
423
-429
-658
-318
-747
-1089
-1157
-1109
-1346
-1656
-1679
-1650
-1773
-2181
-1970
-1819
-2313
-2308
-1949
-2165
-2515
-2061
-1927
-2371
-2108
-1765
-1947
-1940
-1584
-1459
-1510
-1278
-1095
-982
-799
-773
-544
-233
-304
-204
256
282
195
590
786
737
899
1163
1290
1283
1421
1630
1693
1643
1741
2021
1951
1835
2127
2201
1991
2004
2223
2146
1841
1944
2059
1772
1513
1633
1696
1210
1085
1369
1015
563
700
719
193
12
186
-90
-428
-496
-507
-748
-1080
-1070
-1153
-1416
-1553
-1621
-1650
-1870
-2029
-1891
-1947
-2253
-2161
-1954
-2298
-2325
-1938
-2135
-2281
-1880
-1795
-1981
-1755
-1413
-1468
-1472
-1067
-883
-977
-715
-377
-390
-239
48
110
356
478
538
873
916
1004
1229
1310
1467
1533
1648
1842
1855
1864
2019
2135
2023
2031
2206
2160
2031
2040
2136
2009
1758
1830
1849
1528
1304
1417
1327
809
767
966
507
121
333
251
-327
-403
-201
-560
-930
-834
-801
-1170
-1364
-1202
-1338
-1630
-1632
-1558
-1674
-1865
-1818
-1711
-1867
-2006
-1817
-1722
-1972
-1870
-1579
-1762
-1799
-1477
-1416
-1553
-1367
-1008
-1100
-1139
-662
-536
-731
-438
-75
-162
-150
205
395
331
438
794
869
759
1043
1273
1197
1281
1504
1585
1554
1670
1779
1742
1805
1852
1807
1845
1849
1764
1730
1710
1613
1470
1410
1392
1166
974
1043
878
515
513
550
136
-85
107
-150
-555
-462
-446
-811
-953
-865
-998
-1198
-1316
-1214
-1281
-1604
-1464
-1380
-1633
-1654
-1557
-1555
-1687
-1677
-1486
-1553
-1646
-1434
-1292
-1421
-1326
-1019
-1034
-1067
-793
-592
-642
-556
-219
-96
-175
43
377
346
297
619
830
657
705
1097
1097
897
1149
1375
1214
1181
1383
1429
1315
1329
1426
1435
1398
1295
1318
1475
1253
1040
1333
1285
860
972
1159
832
624
789
751
412
304
420
218
-103
-51
-56
-356
-454
-420
-563
-719
-801
-828
-885
-1068
-1113
-1039
-1179
-1319
-1235
-1224
-1383
-1409
-1292
-1314
-1423
-1366
-1262
-1309
-1359
-1277
-1197
-1187
-1185
-1063
-900
-929
-870
-641
-599
-593
-421
-278
-205
-168
12
211
87
308
532
324
592
769
618
817
968
913
1016
1132
1112
1205
1284
1284
1322
1430
1473
1335
1448
1613
1356
1285
1567
1436
1119
1288
1392
1039
898
1065
924
604
572
624
433
184
155
159
-68
-301
-312
-362
-598
-743
-734
-796
-961
-1064
-1041
-1080
-1254
-1282
-1201
-1314
-1422
-1346
-1363
-1455
-1438
-1420
-1411
-1388
-1412
-1347
-1245
-1302
-1252
-1048
-1070
-1067
-801
-728
-782
-562
-389
-415
-284
-72
1
72
210
334
435
517
579
685
828
854
848
1043
1177
1036
1120
1414
1298
1143
1433
1499
1220
1325
1531
1311
1197
1366
1278
1079
1117
1091
924
859
804
704
605
479
398
324
145
28
11
-134
-331
-334
-351
-588
-681
-596
-753
-936
-866
-866
-1019
-1078
-1008
-983
-1106
-1140
-995
-1010
-1162
-1102
-953
-1028
-1142
-1007
-875
-1012
-1050
-814
-776
-929
-771
-529
-618
-613
-318
-248
-336
-154
35
-10
39
239
309
303
419
563
592
611
716
806
808
823
932
1017
1003
1036
1140
1176
1149
1163
1210
1200
1117
1096
1131
1043
914
915
900
749
635
611
543
387
259
247
187
-12
-95
-40
-166
-375
-350
-319
-539
-649
-530
-620
-836
-783
-736
-921
-965
-872
-949
-1041
-981
-948
-995
-984
-924
-921
-953
-927
-883
-887
-881
-842
-793
-756
-765
-716
-560
-560
-591
-338
-233
-341
-112
98
18
135
351
398
440
526
661
743
728
824
952
946
945
1022
1089
1067
1034
1118
1161
1084
1084
1150
1111
1024
1008
998
896
779
749
687
529
445
417
295
180
139
63
-23
-98
-179
-218
-280
-393
-401
-395
-534
-596
-536
-646
-797
-745
-751
-916
-925
-848
-948
-1026
-954
-948
-1000
-985
-934
-885
-893
-910
-811
-746
-800
-732
-584
-592
-603
-448
-349
-377
-315
-157
-100
-106
6
170
195
202
374
497
446
517
699
697
657
789
883
824
830
947
967
880
909
1011
950
854
932
953
798
772
826
712
618
631
575
483
411
358
286
167
117
49
-72
-69
-133
-259
-218
-245
-356
-355
-362
-402
-480
-518
-472
-576
-667
-565
-625
-746
-664
-655
-757
-723
-671
-727
-748
-686
-676
-715
-681
-604
-605
-620
-532
-464
-502
-458
-333
-327
-334
-217
-149
-167
-105
-5
20
49
136
207
245
290
354
417
449
479
550
610
616
641
714
732
700
735
789
743
710
777
763
672
691
718
627
570
592
549
460
430
416
340
257
224
188
106
40
13
-35
-107
-149
-185
-237
-274
-322
-365
-373
-426
-500
-484
-496
-603
-607
-567
-664
-713
-633
-667
-743
-674
-652
-724
-702
-652
-656
-640
-599
-546
-495
-490
-457
-351
-317
-355
-244
-96
-159
-134
78
80
27
186
278
256
308
412
465
454
490
592
603
587
660
706
682
687
725
715
666
673
683
633
612
619
577
535
518
472
420
389
320
252
229
166
90
88
58
-32
-62
-68
-141
-205
-214
-234
-299
-356
-349
-368
-469
-488
-434
-512
-589
-515
-517
-619
-583
-527
-594
-612
-557
-549
-571
-568
-520
-488
-514
-486
-396
-389
-404
-315
-254
-264
-216
-123
-73
-53
-6
82
121
110
181
280
259
257
372
402
348
414
497
449
440
523
533
492
520
565
537
504
538
546
486
481
492
438
406
402
353
304
290
252
193
186
166
86
69
60
-30
-76
-77
-124
-171
-202
-208
-240
-321
-319
-300
-388
-415
-361
-399
-459
-423
-402
-457
-463
-409
-419
-453
-412
-380
-397
-391
-354
-340
-338
-314
-282
-260
-243
-216
-176
-148
-130
-94
-44
-19
-4
44
93
93
116
187
203
191
253
302
272
294
365
349
329
389
405
361
382
421
391
379
417
414
379
383
385
338
303
297
261
211
199
187
139
114
109
64
15
3
-31
-90
-104
-113
-160
-181
-171
-200
-235
-225
-238
-274
-274
-269
-293
-299
-288
-294
-303
-307
-299
-288
-298
-298
-266
-262
-283
-253
-223
-249
-240
-189
-186
-196
-151
-118
-125
-107
-63
-45
-42
-18
28
52
50
89
142
133
142
204
214
193
233
269
248
249
290
290
266
286
307
285
274
295
290
261
258
262
233
205
199
183
151
132
123
102
75
59
42
15
-5
-19
-38
-59
-72
-84
-101
-115
-121
-131
-145
-151
-156
-172
-188
-191
-199
-222
-224
-211
-226
-234
-205
-201
-221
-202
-179
-203
-206
-169
-170
-187
-154
-125
-143
-136
-95
-95
-111
-80
-48
-59
-47
1
20
12
44
89
85
87
132
149
135
157
192
185
181
214
229
210
217
244
227
205
225
230
201
199
217
194
161
165
161
118
102
116
88
57
66
58
20
0
-3
-30
-71
-77
-77
-111
-124
-103
-119
-144
-130
-129
-156
-161
-149
-159
-176
-164
-152
-162
-163
-141
-136
-152
-140
-117
-130
-139
-109
-101
-126
-113
-83
-103
-116
-76
-62
-87
-63
-18
-31
-36
14
33
13
42
84
71
67
110
123
103
125
157
142
135
160
163
142
151
166
155
148
158
156
142
136
137
130
113
110
112
97
80
86
81
53
46
51
22
-3
3
-10
-46
-47
-40
-69
-84
-66
-78
-111
-103
-95
-127
-141
-121
-131
-155
-143
-129
-151
-159
-140
-141
-160
-150
-130
-141
-147
-121
-112
-124
-115
-86
-79
-83
-54
-21
-27
-13
30
32
28
59
75
68
82
108
112
109
131
144
131
137
157
148
139
156
162
146
147
159
144
127
132
128
107
101
105
91
74
73
68
41
28
25
5
-19
-21
-27
-47
-55
-50
-62
-79
-75
-79
-100
-105
-102
-118
-130
-123
-126
-137
-129
-121
-125
-121
-109
-109
-111
-104
-102
-104
-102
-94
-89
-84
-75
-66
-59
-51
-41
-30
-22
-11
2
10
16
26
34
36
45
55
58
61
71
76
78
86
94
99
106
114
117
119
121
121
120
118
116
116
116
110
106
106
102
88
82
82
68
46
44
44
18
-1
8
-1
-31
-34
-25
-48
-68
-60
-63
-83
-85
-80
-93
-99
-99
-105
-112
-112
-114
-116
-116
-117
-117
-118
-119
-116
-113
-111
-105
-92
-86
-79
-64
-53
-51
-40
-27
-22
-12
6
15
22
36
47
48
56
65
69
74
84
90
91
95
100
98
97
100
100
99
102
105
102
99
100
93
84
81
78
69
63
62
57
46
40
35
22
10
6
-4
-15
-20
-23
-30
-36
-38
-41
-48
-52
-53
-60
-67
-69
-73
-79
-80
-80
-83
-84
-82
-83
-85
-82
-82
-83
-79
-74
-72
-68
-61
-55
-53
-47
-39
-34
-29
-22
-15
-10
-7
0
3
8
12
19
26
33
40
47
53
60
64
67
71
77
78
81
85
87
83
84
85
79
75
76
74
68
68
66
59
53
51
44
34
28
22
12
3
0
-5
-12
-15
-17
-25
-31
-34
-40
-50
-53
-57
-65
-69
-71
-76
-81
-81
-82
-83
-83
-81
-81
-82
-81
-78
-78
-74
-66
-61
-56
-47
-39
-35
-33
-24
-20
-15
-8
1
4
10
18
21
25
32
40
45
50
58
64
64
66
70
70
68
70
68
69
70
74
77
78
79
81
77
72
68
62
55
51
47
42
35
30
23
14
8
0
-9
-16
-21
-26
-33
-39
-42
-50
-55
-57
-60
-64
-67
-65
-65
-68
-66
-63
-63
-64
-61
-60
-61
-60
-58
-58
-60
-55
-49
-48
-42
-35
-31
-28
-22
-17
-18
-17
-13
-10
-7
0
8
16
22
31
36
38
40
42
43
44
47
48
52
53
56
59
62
64
65
67
67
66
64
61
57
55
52
49
47
44
41
38
33
28
23
17
11
4
-3
-10
-16
-23
-29
-34
-38
-41
-45
-46
-47
-50
-51
-52
-52
-51
-51
-51
-51
-52
-52
-53
-52
-51
-50
-48
-47
-44
-43
-41
-39
-38
-35
-33
-31
-27
-25
-21
-17
-13
-6
-1
5
10
16
20
23
27
29
32
34
37
39
42
44
47
49
51
53
54
55
56
56
56
55
54
53
50
47
45
42
40
38
35
33
30
27
24
21
18
14
10
5
0
-4
-8
-14
-18
-21
-24
-29
-33
-37
-41
-45
-49
-52
-53
-52
-52
-53
-53
-53
-56
-57
-57
-56
-53
-48
-46
-42
-40
-35
-34
-33
-31
-27
-24
-20
-16
-12
-7
-5
-1
0
3
5
8
10
12
16
19
25
29
33
38
43
46
48
51
52
53
53
53
53
52
51
51
48
47
45
42
38
33
29
23
18
13
9
7
4
2
1
0
-2
-4
-6
-9
-12
-15
-19
-23
-26
-29
-32
-35
-37
-40
-42
-43
-44
-46
-44
-43
-42
-41
-40
-40
-39
-37
-35
-32
-28
-25
-20
-17
-13
-12
-9
-7
-5
-2
0
3
6
9
12
15
17
18
21
23
24
23
25
25
27
30
32
35
37
39
39
37
38
35
34
32
31
31
29
29
27
24
20
19
17
11
9
6
2
-1
-4
-7
-9
-12
-13
-15
-17
-18
-20
-21
-25
-26
-27
-28
-28
-28
-28
-28
-29
-28
-28
-27
-27
-27
-28
-27
-27
-25
-21
-19
-16
-13
-9
-7
-6
-4
-3
-2
0
1
3
5
6
7
6
6
6
7
6
8
9
10
12
13
16
18
20
21
23
24
25
24
25
25
26
24
26
27
26
25
23
21
19
16
13
10
8
6
4
2
0
-2
-4
-5
-7
-9
-11
-12
-13
-15
-16
-18
-19
-21
-22
-23
-24
-25
-24
-25
-23
-24
-23
-23
-22
-22
-21
-21
-17
-16
-16
-13
-12
-12
-10
-9
-8
-6
-4
-1
0
2
3
6
7
9
12
16
18
20
23
23
25
26
26
26
25
24
22
22
23
22
21
20
20
17
16
14
12
9
8
6
4
1
1
1
0
-1
0
-1
-4
-6
-8
-11
-13
-14
-15
-15
-15
-14
-15
-15
-16
-16
-17
-18
-18
-19
-18
-18
-19
-17
-14
-13
-10
-10
-8
-8
-9
-8
-8
-8
-8
-7
-5
-4
-1
-1
-1
0
0
2
1
2
4
4
7
9
10
12
13
15
16
17
17
18
18
18
16
18
15
16
16
14
13
11
10
8
7
6
5
5
5
5
5
4
3
2
2
0
0
-1
-1
-2
-1
-3
-5
-6
-7
-8
-8
-8
-8
-8
-8
-8
-9
-11
-11
-11
-11
-12
-10
-9
-7
-7
-8
-8
-9
-9
-11
-10
-8
-9
-9
-7
-7
-6
-6
-7
-5
-5
-4
-3
-1
-1
1
3
5
6
8
9
9
9
10
10
9
11
11
13
14
15
14
13
12
12
10
8
8
7
4
4
3
2
1
1
0
0
0
0
-1
-1
0
-2
-2
-3
-4
-5
-4
-3
-4
-4
-5
-5
-7
-5
-5
-6
-6
-5
-4
-6
-5
-5
-7
-7
-7
-7
-8
-7
-6
-5
-3
-2
-2
0
-1
0
-1
-2
0
0
1
1
2
2
2
4
3
3
3
5
6
6
7
8
8
7
7
6
6
6
7
5
5
4
3
2
1
-1
-1
-2
-3
-3
-3
-2
-3
-2
-1
-1
-1
0
2
1
1
1
0
-1
-1
0
-2
-1
-1
0
1
0
-2
-3
-4
-5
-6
-6
-7
-6
-5
-5
-4
-3
-4
-3
-1
-1
0
1
2
2
2
3
3
3
4
3
4
4
4
5
5
5
5
3
2
1
1
-1
-1
-2
-3
-3
-2
-3
-2
-2
-2
-1
-1
-2
-2
-1
-2
0
-1
0
0
1
2
1
3
2
2
3
4
3
3
3
3
2
1
1
1
1
0
1
1
1
0
-1
-2
-3
-2
-4
-3
-4
-4
-4
-3
-3
-2
-2
-1
-1
-1
-2
0
0
0
1
1
1
1
1
2
2
3
2
2
0
2
1
1
1
1
0
1
1
1
1
1
1
1
1
1
1
1
2
1
0
0
-1
0
1
0
0
1
-2
-2
-4
-4
-3
-3
-3
-2
-2
-2
-2
-3
-4
-3
-4
-1
-2
0
1
0
0
0
0
0
0
0
0
0
0
0
