SAMPLES:	18429
BITSPERSAMPLE:	16
CHANNELS:	1
SAMPLERATE:	16000
NORMALIZED:	FALSE
-1
-1
-2
-3
-4
-5
-5
-6
-6
-6
-6
-8
-7
-7
-7
-7
-7
-6
-5
-5
-3
-1
-1
0
1
1
2
2
3
3
4
4
4
3
2
2
1
0
0
-1
-1
-2
-2
-4
-3
-3
-3
-2
-1
-1
0
0
-1
-1
-1
0
0
-1
-1
-2
-2
-2
-2
-2
-2
-1
-1
0
-1
-1
-1
-1
0
-1
0
1
1
1
1
2
1
2
3
3
4
4
4
3
5
5
5
5
4
3
3
3
1
1
1
1
0
0
0
0
0
1
3
3
3
3
3
2
2
2
2
2
1
1
2
3
2
2
2
2
2
2
2
0
0
0
0
-1
-2
-1
-2
-2
-2
-2
-2
-1
-2
-3
-3
-4
-5
-5
-4
-5
-6
-5
-6
-5
-6
-7
-7
-7
-6
-6
-6
-6
-6
-7
-7
-6
-6
-5
-4
-5
-3
-2
-1
-1
0
1
1
2
2
3
3
5
5
6
8
8
9
10
11
11
11
11
11
12
12
11
11
10
9
9
9
9
8
9
7
7
5
3
1
1
0
-1
-1
-2
-2
-2
-2
-3
-4
-6
-6
-6
-8
-8
-8
-7
-7
-6
-5
-6
-5
-4
-5
-5
-5
-4
-4
-2
-2
-1
0
0
1
1
2
1
1
1
1
1
0
-1
-1
-1
-1
-3
-2
-5
-5
-6
-7
-7
-7
-6
-6
-5
-4
-4
-3
-3
-2
-1
0
0
0
1
1
1
1
1
2
2
3
3
4
4
4
7
7
9
8
8
9
8
7
7
7
6
7
5
5
4
4
3
3
3
1
0
-2
-1
-2
-2
-2
-1
-2
-2
-1
-3
-4
-3
-3
-3
-3
-2
-2
-1
0
0
0
1
0
1
1
1
2
1
0
0
0
1
-1
-2
-2
-1
-2
-2
-3
-2
-3
-3
-3
-2
-3
-2
-2
-2
-1
-2
0
0
0
0
0
0
0
0
0
0
0
0
0
0
-1
-1
-1
-2
-2
-2
-2
-2
-2
-1
0
0
-1
0
1
1
2
2
2
2
2
3
3
3
3
3
3
2
1
0
0
0
-2
-1
-1
-2
-2
-2
-3
-3
-3
-3
-3
-3
-3
-3
-1
-1
0
0
0
0
1
2
4
3
4
4
6
6
5
5
6
5
7
7
5
4
3
3
2
2
1
2
0
0
-1
0
-1
-2
-2
-2
-2
-3
-3
-3
-3
-4
-4
-4
-4
-4
-4
-4
-5
-5
-4
-3
-2
-2
-1
-2
0
0
0
0
1
2
2
3
3
4
3
4
3
3
2
2
2
2
2
0
1
1
-1
0
0
0
0
0
0
0
-1
0
0
-1
-2
-2
-3
-3
-3
-3
-3
-3
-4
-2
-3
-3
-3
-4
-4
-5
-4
-4
-4
-3
-3
-2
-1
-1
-1
-1
0
0
1
1
2
4
3
4
4
4
4
3
5
5
5
4
4
3
2
1
1
2
1
2
1
1
2
0
2
1
1
1
0
0
1
1
0
-2
-1
-1
1
1
1
-1
0
0
-1
-1
-1
-2
-2
-2
-2
-3
-3
-1
-1
0
-1
-1
-1
-1
0
0
1
0
0
0
1
1
0
0
0
0
0
-1
-1
-1
-1
1
0
0
0
0
0
0
0
1
0
0
-1
0
0
0
-1
-1
0
0
1
0
-1
0
0
0
0
0
0
0
0
1
2
1
2
1
2
0
0
0
0
0
0
1
0
0
0
-1
0
0
-1
-1
-1
0
-2
-1
0
0
0
0
0
0
0
0
1
0
0
0
0
0
0
-1
0
0
-1
0
0
-1
0
0
0
0
0
0
1
1
2
1
0
-1
1
0
0
-1
-1
1
0
1
2
0
1
1
1
0
1
1
0
0
2
-2
0
0
-1
1
0
-1
3
-3
3
-3
2
-2
0
0
-1
0
-1
-1
-1
-1
-1
-2
0
-3
-1
-2
-3
-1
-2
-2
-2
-2
-2
-2
-2
-2
-1
-1
-1
-1
0
0
-1
0
1
1
1
1
2
2
1
2
2
2
2
3
3
3
3
5
5
5
5
5
6
5
2
2
1
2
2
2
1
1
0
0
-1
0
-1
-2
-2
-2
-3
-2
-3
-3
-2
-3
-3
-4
-4
-3
-2
-2
-3
-3
-2
-2
-2
-2
-1
-2
1
0
1
0
0
1
0
0
1
0
0
0
1
-1
-1
1
0
0
0
-1
0
0
1
0
0
0
0
0
0
-1
0
0
0
-1
0
0
1
1
-1
0
0
0
0
1
1
1
1
1
0
1
0
1
2
1
2
2
2
3
1
2
2
2
2
1
3
2
2
1
2
2
2
2
2
1
1
0
1
0
0
1
0
1
0
0
-1
-1
-2
-2
-4
-3
-4
-5
-4
-6
-6
-7
-8
-8
-8
-9
-8
-8
-7
-6
-7
-6
-6
-6
-6
-4
-3
-3
-3
-1
0
2
2
4
3
4
5
5
5
7
6
6
6
6
5
5
5
5
5
5
4
3
4
3
3
3
4
4
4
4
4
4
3
2
2
1
2
1
1
1
0
-1
0
0
0
1
0
0
0
-1
-1
-1
0
0
0
-2
0
0
-1
0
0
0
0
1
1
1
1
0
-1
-1
-2
-3
-4
-4
-4
-5
-5
-5
-5
-5
-5
-7
-6
-6
-7
-7
-8
-7
-8
-6
-6
-5
-4
-4
-4
-3
-2
-3
-1
-1
0
1
1
1
2
2
3
3
5
4
5
5
6
6
8
8
8
9
10
10
9
9
9
9
9
8
8
8
9
8
7
5
4
1
1
0
0
-1
-2
-1
-1
-1
-1
-2
-2
-2
-2
-3
-3
-3
-4
-4
-5
-5
-6
-6
-6
-6
-6
-6
-5
-5
-5
-6
-7
-5
-4
-3
-2
-1
-1
0
-1
-1
0
0
0
0
1
2
2
1
2
2
1
1
0
0
0
0
0
1
1
2
2
3
2
1
1
1
0
-1
1
1
0
0
0
0
1
0
0
0
0
0
0
0
0
0
1
1
2
3
3
3
3
3
3
3
3
1
1
0
0
1
1
1
1
1
0
1
0
-1
0
0
-1
-1
-3
-2
-2
-2
-2
-1
-1
-2
-1
-1
-3
-2
-3
-3
-4
-2
-3
-2
-2
-2
-2
-2
-2
-2
-1
-1
-1
-1
0
-1
0
0
2
3
3
4
4
4
4
4
3
4
3
3
3
3
3
4
4
4
4
3
3
3
1
1
0
0
-1
-1
-2
-2
-3
-5
-5
-6
-5
-7
-7
-7
-6
-6
-5
-5
-3
-4
-4
-3
-2
-2
-1
-2
0
1
0
0
1
2
2
3
4
4
3
4
3
3
3
3
4
4
4
4
3
1
2
2
1
0
-1
0
0
0
0
-1
0
1
1
1
2
1
0
0
-1
-2
-2
-3
-3
-4
-3
-3
-3
-4
-4
-4
-4
-4
-3
-2
-3
-3
-3
-2
-1
0
0
0
1
1
3
2
3
3
4
4
4
5
5
5
4
5
4
4
4
4
4
4
3
3
2
2
1
1
-1
0
-2
-1
-1
-2
-2
-2
-2
-3
-2
-3
-3
-3
-2
-2
-2
-2
-2
-3
-3
-3
-3
-3
-2
-2
-1
1
1
0
-1
0
0
0
0
1
2
2
3
3
3
3
3
3
3
3
3
3
2
1
1
0
0
1
-1
-1
-1
-2
-2
-2
-2
-4
-4
-3
-4
-4
-4
-4
-6
-6
-4
-4
-4
-5
-2
-3
-3
-3
-2
-1
-1
0
0
1
1
2
3
4
4
4
4
4
5
6
7
6
6
4
5
5
5
5
4
4
4
3
3
1
1
2
2
1
1
0
1
1
1
1
1
2
0
0
1
0
1
0
-1
-3
-3
-3
-3
-4
-3
-4
-4
-4
-4
-4
-3
-5
-5
-5
-5
-5
-5
-5
-4
-3
-3
-2
-2
-2
-2
-2
-3
-3
-2
-2
-2
-2
-2
-1
-1
-2
0
0
-1
-1
0
-1
-1
0
0
0
1
1
1
1
1
0
2
1
2
2
2
3
3
3
3
3
4
3
4
3
3
3
4
2
4
4
4
5
5
6
6
7
7
7
6
7
7
7
6
7
6
3
3
1
1
0
0
0
-1
-2
-3
-4
-4
-5
-5
-5
-4
-4
-4
-5
-6
-6
-6
-4
-4
-5
-6
-7
-7
-6
-7
-7
-6
-7
-6
-4
-6
-6
-8
-6
-7
-6
-6
-7
-8
-8
-6
-7
-5
-4
-3
-2
-1
0
2
2
1
5
6
6
7
5
7
7
9
7
6
5
7
7
8
9
7
5
3
2
3
2
3
3
3
4
2
0
1
1
3
6
6
6
3
3
4
4
4
5
5
5
4
4
3
1
0
0
1
2
2
2
0
-3
-3
-2
-3
-2
-4
-5
-5
-6
-6
-8
-8
-7
-5
-3
-2
-2
0
-1
0
0
0
-1
-1
-1
-1
0
-1
1
0
0
0
0
0
-2
-2
-3
-4
-4
-4
-5
-4
-4
-2
0
2
4
8
11
14
16
16
16
17
19
19
18
17
17
18
17
9
-3
-10
-10
-1
7
0
-16
-22
-14
3
16
9
-11
-15
13
67
131
164
123
45
5
50
172
303
332
188
-42
-194
-186
-71
26
9
-129
-320
-466
-525
-537
-588
-692
-750
-649
-402
-179
-140
-295
-480
-474
-184
272
688
863
721
426
259
365
666
1012
1244
1195
923
662
453
285
176
81
40
62
39
-81
-370
-821
-1197
-1322
-1163
-805
-492
-437
-665
-1027
-1270
-1211
-836
-292
200
479
504
352
181
131
259
536
855
1089
1144
993
691
341
64
-60
-23
120
271
306
137
-238
-744
-1173
-1213
-703
161
964
1279
891
89
-478
-359
361
1283
2005
2203
1755
959
257
-97
-97
77
275
327
124
-298
-1171
-2566
-3904
-4389
-3375
-1398
-108
-294
-1691
-3482
-4282
-3530
-1737
460
2043
2225
1306
196
-208
369
1504
2636
3378
3742
3834
3412
2381
1219
547
657
1397
2248
2552
1951
544
-1279
-2783
-3137
-2236
-914
-194
-531
-1669
-2950
-3780
-3909
-3328
-2165
-816
82
126
-537
-1371
-1786
-1432
-424
845
2024
2800
2789
1925
739
-30
45
945
2258
3353
3618
2697
790
-1151
-1840
-636
1776
3748
3875
2079
-398
-2007
-1994
-694
953
2033
2059
1100
-351
-1663
-2381
-2409
-1967
-1289
-543
-125
-644
-2364
-4651
-6000
-5123
-2387
366
1509
677
-1378
-3208
-3452
-1915
540
2828
3914
3492
2376
1533
1342
1685
2220
2788
3382
3986
4221
3352
1521
-191
-1175
-1179
-225
722
881
252
-1416
-3682
-5001
-4813
-3723
-2384
-1606
-1771
-2408
-3144
-3721
-3699
-2877
-1502
-27
1077
1502
1400
1126
866
924
1643
2788
4021
4966
4880
3756
2417
1647
1669
2387
3522
4001
3469
2311
580
-564
-408
357
1109
1338
845
-348
-1377
-1679
-1674
-1249
-638
-540
-924
-1370
-2589
-4015
-4079
-3957
-4109
-3780
-3857
-4930
-5826
-5102
-3512
-2145
-545
-135
-1641
-1738
48
1514
3351
5346
5658
4789
4400
4722
5132
6045
7221
6647
4767
3867
3374
2252
1513
1068
-279
-1450
-1661
-2834
-4539
-5033
-6161
-7892
-7727
-7009
-6902
-6169
-5882
-6675
-6553
-5130
-3664
-2405
-1211
-103
1223
2353
2648
3042
3996
4969
6384
7804
8413
9107
9869
9725
9110
8393
7586
7172
6887
6479
6013
5089
3322
922
-1006
-1596
-1660
-2045
-2391
-3710
-6114
-8076
-9270
-9766
-9970
-9567
-9183
-9768
-11749
-13768
-14320
-15033
-11136
-3314
-530
281
743
-2371
-3322
1246
6414
9528
13196
16359
14163
11246
11858
11575
10269
10889
13176
11014
8636
9389
3596
-1878
-2918
-5295
-6508
-5943
-6901
-9998
-11262
-13043
-16535
-16908
-14640
-12784
-11286
-8883
-7619
-6653
-4977
-4151
-2101
755
3434
7841
10354
9862
11167
11693
10715
12470
14366
14899
16691
18123
16043
12382
10548
8997
7527
8072
7328
4585
2243
-1283
-5042
-7571
-9019
-8154
-8075
-10016
-11431
-14020
-16894
-17328
-18471
-19884
-18581
-17109
-16301
-16361
-15969
-11042
-4501
-1814
137
1354
-378
3352
9281
12154
15765
18421
19166
16241
14531
15573
15318
16390
16579
12836
8034
6590
5014
824
-1983
-4076
-6482
-8349
-9879
-12520
-15374
-15961
-16147
-17640
-16960
-13860
-12567
-11575
-9916
-10021
-7865
-3569
-1014
2251
5218
6889
8921
9628
9264
11010
12205
13461
15277
13841
13955
15096
17091
16826
15073
14762
8590
6970
8579
6667
6007
4913
2740
-2697
-5767
-6552
-8091
-7814
-8928
-11529
-13793
-15260
-17384
-20499
-21717
-19893
-18519
-17412
-15541
-17015
-15901
-8065
-3568
-2795
883
2099
1335
6646
12195
13586
17367
21297
19351
16420
17421
18607
17674
17792
16856
10998
6594
6053
2393
-1800
-2246
-4995
-9840
-11299
-13028
-16903
-17778
-17485
-19874
-19896
-16074
-14321
-14206
-12687
-11905
-10933
-6398
-1255
1185
3472
6770
8506
9032
10697
12746
14015
15419
16190
14723
13599
15637
18126
18226
16944
14306
10033
7295
7441
7397
6012
4398
1600
-2543
-5443
-6471
-7403
-8537
-9616
-11572
-13847
-14745
-15605
-18431
-20997
-20752
-18860
-16322
-13962
-14734
-17194
-15253
-9329
-4170
708
5039
5058
3582
5935
9965
13659
18605
21546
19588
17296
17202
16958
16879
16821
13872
9705
7856
6479
3536
533
-2356
-6068
-9569
-12093
-13985
-14721
-14901
-16416
-18600
-19398
-18209
-15722
-13536
-12314
-11020
-8450
-4968
-2240
226
3231
5575
8111
10567
11273
12741
14755
14823
14832
14286
14185
18666
21550
18059
15307
13130
8386
7534
9361
7586
6071
5780
1470
-4247
-6698
-7282
-7894
-8532
-9238
-11794
-14799
-15945
-17971
-21612
-21755
-18415
-17351
-15321
-13386
-16655
-18592
-15460
-8968
-3275
2005
7798
6127
2955
6047
10140
14159
18205
22117
21650
17750
17968
17337
14248
13675
13385
10241
7294
6373
3792
-723
-4026
-7606
-12861
-14206
-13649
-14508
-14610
-16057
-18108
-19961
-18869
-15521
-14564
-11746
-8410
-6923
-4595
-1840
778
1206
4897
10669
10383
12242
16120
15196
14049
13903
14624
17965
21214
21822
20052
15729
10559
7590
7794
8490
7957
8160
6066
-511
-5798
-8214
-10502
-10567
-8671
-9860
-13227
-15188
-17952
-21511
-21318
-19008
-17792
-15770
-13833
-14951
-17467
-16362
-10285
-4672
-322
5461
6584
3151
4956
10146
12878
16248
20647
20660
16895
16497
18184
15908
14277
14558
10126
6018
6779
4794
253
-1909
-5667
-11053
-12802
-12725
-13918
-14736
-14520
-15999
-19236
-18849
-15611
-14893
-12670
-7739
-6138
-4917
-1391
85
608
3522
7636
10433
12217
14740
15778
13954
12738
14408
17805
19987
20895
20648
15870
10415
9188
7717
6054
7054
7082
4186
-879
-5652
-8205
-10492
-10977
-10018
-12895
-16661
-17343
-19264
-21210
-19357
-18311
-19112
-17365
-15038
-16826
-17398
-11291
-4299
-1349
2309
7069
4902
3842
9490
13453
15704
19108
22543
19885
16121
16565
15181
13682
13769
13043
9335
6119
5145
946
-3820
-5196
-7737
-12068
-12672
-12192
-14771
-16106
-15372
-17891
-20431
-16595
-13319
-12997
-8898
-5725
-5820
-3268
-454
1089
3790
7358
11745
13366
13151
15768
15580
12727
15078
18782
19208
19867
20519
16303
9848
8238
7657
5196
5948
6450
3015
-687
-4775
-8522
-10718
-12325
-11503
-12274
-16063
-17291
-18346
-20848
-19578
-16683
-17613
-16430
-13915
-15607
-15677
-11127
-3791
259
2316
6461
5661
4385
9591
14298
15840
18087
21045
20479
15975
15727
16560
13020
13406
13527
9024
6098
4899
1745
-3783
-6182
-7696
-11589
-12699
-12662
-15090
-16865
-16559
-17526
-19069
-17509
-14689
-12918
-10991
-7665
-5509
-4386
-1339
695
2460
5967
10597
13425
13817
15276
14572
13461
14764
18625
21593
20139
20413
17102
9944
8731
8615
6848
7205
6682
3040
-1178
-5063
-8031
-10484
-11853
-11868
-13674
-16134
-17135
-18526
-20060
-19607
-18415
-18003
-16735
-14663
-14669
-15197
-10625
-3183
523
2935
6125
5851
5188
9226
14651
17615
19209
21619
21015
16205
15603
17129
14203
13233
12987
7957
4933
4178
385
-3243
-5290
-8513
-11666
-12936
-13660
-15557
-17154
-16952
-18123
-19743
-17984
-14697
-12682
-9959
-6684
-4907
-3081
-1573
1901
4505
6251
12190
14369
13480
14798
15126
13870
17161
23527
22688
20544
19066
12334
7811
9401
10685
9031
7155
4547
-612
-5987
-7664
-8677
-11163
-11498
-12503
-16290
-18300
-18272
-20114
-21342
-19836
-18805
-18647
-16099
-13672
-15842
-14402
-7490
-1710
1459
4797
8652
6593
6849
12918
15933
17883
21559
23039
18683
16335
17455
15423
13869
14382
11084
6506
5633
2876
-1894
-5036
-6925
-10774
-13942
-13749
-15939
-16726
-16205
-17601
-19196
-19387
-16648
-14569
-11510
-8067
-6288
-3650
-1902
-205
3305
6502
10050
14175
14616
14011
15323
15769
19127
24572
23647
19736
17711
12815
8883
11269
12510
9688
7344
4552
-595
-5331
-7342
-9014
-12085
-13633
-14255
-16866
-18605
-18290
-20126
-22260
-20816
-19316
-18908
-16165
-13697
-15072
-13670
-6887
-1526
1211
5518
8418
6180
7487
12907
16483
18728
21545
23595
19078
16076
17581
15630
13402
13181
11570
6914
4370
2953
-2560
-6550
-7490
-11170
-14755
-13763
-14943
-18177
-16757
-17579
-21374
-20069
-16663
-14832
-11863
-7793
-5674
-3812
-2571
-269
3544
4946
9877
15031
15879
16663
17367
18167
18860
21241
22041
19455
17641
15279
12544
11666
10757
8055
4919
1490
-1485
-3681
-6889
-9905
-12443
-16099
-18554
-18264
-18453
-19366
-19637
-20699
-21068
-19328
-17743
-16583
-15701
-15655
-12421
-4588
1134
3353
6501
7357
5304
8118
13719
16829
20649
23053
20731
17791
15689
14564
14997
14660
12997
10404
7351
4762
1011
-3602
-6985
-9929
-12237
-12613
-12462
-14164
-16859
-17820
-18627
-20335
-18708
-14555
-12257
-9912
-6510
-4631
-3215
-1368
412
3694
7605
11002
14456
15313
14523
16603
19744
22122
23628
21694
18116
15645
13223
11946
12143
10781
7484
4156
474
-3398
-5487
-7828
-11880
-15101
-18186
-19317
-17057
-18212
-21000
-20888
-22972
-23524
-19162
-17035
-15736
-13798
-13531
-8652
-1284
1136
4448
8145
5840
6131
13558
18150
19470
22531
21962
17628
16299
17253
16263
15169
14340
10865
6599
3887
2485
-1673
-5605
-7631
-11855
-14152
-14646
-14687
-16250
-18187
-17889
-19881
-20027
-16182
-13018
-11386
-8907
-5439
-3820
-2034
1566
4593
6468
9817
13990
15833
15929
16729
18816
20517
21163
20809
18731
15517
13300
12479
11331
9166
6583
3553
-154
-3587
-5757
-7497
-10279
-13877
-16827
-18292
-18511
-18169
-19031
-20763
-20929
-20308
-19523
-17131
-14745
-14797
-13532
-7657
-880
2770
5626
8398
6773
6612
11097
15714
20096
21923
22684
20195
14828
15230
15210
12947
14129
13009
8209
4681
2723
-2015
-6052
-6897
-11342
-14306
-13136
-14431
-16011
-16284
-17779
-19748
-19751
-16689
-12699
-10637
-8323
-5309
-4307
-2700
1018
4069
6418
9724
12854
14304
16234
20028
22360
21603
20113
18607
16570
16448
17793
16883
13717
10103
6295
2075
-645
-1748
-3386
-6971
-10729
-14925
-19158
-19477
-19653
-19196
-20293
-23398
-21533
-21633
-20857
-16800
-15611
-14771
-14560
-8050
-317
1518
7591
9195
4998
6471
11923
17470
20467
24121
24359
18762
16065
14976
12554
12453
13582
11205
7452
4620
809
-3588
-7004
-10073
-13519
-14804
-14132
-14425
-15372
-16223
-18058
-20265
-19706
-15807
-11605
-8250
-5133
-3670
-3370
-1769
1182
4454
7372
11161
15562
17028
17909
20416
19763
18222
18944
17322
16370
18962
18133
14127
11138
6338
1092
401
836
-1462
-4000
-8108
-14103
-17691
-20537
-20923
-17688
-19407
-21700
-20084
-22531
-22809
-18791
-18266
-15981
-13596
-11853
-2787
3578
3848
7534
8368
5350
8428
15666
20400
22735
25017
23880
18092
14966
14824
13376
13088
13339
10320
5740
2777
-101
-5299
-9239
-10572
-13601
-15528
-13540
-13982
-17032
-17706
-19114
-21873
-19403
-13186
-9902
-7811
-4679
-3941
-4074
-831
3786
7108
10094
13446
15247
15328
17659
20705
20581
21388
22319
18946
17178
17803
14601
11269
10610
7545
2687
598
-783
-5091
-9284
-11674
-15770
-19490
-19055
-17981
-19154
-20823
-22061
-23451
-23755
-21244
-17934
-15693
-13841
-11551
-6634
-712
2678
6027
7938
6404
8572
14610
18504
21786
24254
22668
18888
16249
15621
15542
14988
13963
11060
6579
2913
-290
-4291
-7984
-10283
-12204
-14965
-16431
-15413
-16932
-19919
-18439
-18726
-21294
-16306
-10503
-9808
-6922
-3747
-2865
-850
2439
6628
9719
12239
15416
16111
17715
21308
22391
23092
21675
17439
16302
16011
14749
14821
12701
8190
3899
-337
-3034
-5158
-7856
-10462
-13746
-17434
-19239
-19297
-19955
-20476
-21984
-22873
-21788
-21099
-18020
-15690
-15424
-12777
-8012
-1483
2409
5280
8954
7777
8336
13583
17866
20987
23357
23933
20075
16193
16217
15437
13557
12809
10706
5982
2473
594
-3159
-7610
-9744
-11941
-15817
-16953
-15817
-16973
-18204
-17353
-18460
-20090
-16629
-11643
-9528
-6622
-2540
-1506
-1146
2527
6326
8714
13172
17475
17982
18423
21097
22753
21501
19593
18419
15784
14426
16407
14708
10192
7661
2766
-2392
-3987
-5952
-8028
-10334
-14214
-17168
-19866
-21135
-19662
-20469
-22650
-21839
-20718
-20463
-17822
-14788
-15314
-13467
-5215
544
2728
7910
10389
7954
9603
14482
17243
20674
24378
23733
20039
17098
15491
14109
12802
11938
9685
5665
2964
521
-4073
-7877
-10005
-13205
-16000
-16158
-16233
-17730
-18210
-17789
-19197
-19569
-15921
-11878
-9497
-6206
-2053
-637
-12
3303
6694
8666
13309
17828
17239
18344
22017
23017
20435
19296
18914
14039
14310
16782
13337
9960
7312
2438
-3315
-5631
-7114
-9776
-11705
-13309
-16540
-19904
-19877
-20228
-22301
-22511
-20420
-20544
-19445
-15219
-14840
-15113
-10418
-1897
1202
2790
8986
8651
7102
12403
16904
17879
20558
23804
21922
18308
17408
16434
13479
12327
11750
7851
3871
1785
-1864
-6461
-8440
-11305
-15526
-16583
-16405
-17964
-18586
-18301
-18615
-18527
-18335
-13778
-9952
-10083
-5170
-681
-418
1156
5191
8007
9303
14406
18302
19196
21924
24450
23885
19635
17384
16259
14127
16080
16610
13316
8810
4215
246
-4566
-6535
-7789
-11089
-13120
-14650
-17863
-20564
-20505
-21445
-23286
-22126
-20557
-20599
-18037
-14719
-15298
-13050
-5162
-311
1363
5965
9059
7715
9692
15649
18703
20008
22515
22279
19031
17679
17720
15963
13492
11614
8740
5226
2944
-44
-4669
-7627
-9546
-13168
-16097
-16328
-16709
-18381
-18153
-17583
-20177
-20182
-15828
-13391
-10719
-6143
-3255
-765
1329
3380
6673
8435
11761
17386
19079
20651
24457
23754
20335
18630
16528
14685
15862
17213
14622
10187
6311
1220
-3482
-5215
-6761
-9536
-11684
-13986
-17695
-20180
-20026
-20754
-22603
-21875
-20686
-21093
-18874
-15377
-16178
-16214
-8759
-1137
1011
4865
9302
7673
7649
13426
17186
18811
21886
23590
21424
18112
17550
16744
13454
12383
10988
5895
3534
2774
-2450
-7183
-8601
-12273
-16704
-16542
-16039
-18559
-18525
-16839
-19086
-20499
-16979
-13744
-12072
-8289
-3690
-1288
423
3107
5419
7307
10658
15341
18788
20238
22163
23405
20986
18618
17806
15309
14621
16690
15355
11800
8371
2481
-2774
-4920
-7388
-9490
-10229
-12577
-15971
-18653
-20659
-21130
-21489
-22233
-20651
-19373
-19705
-16946
-14705
-15742
-10755
-1739
689
2504
7775
7735
6783
12566
16976
17974
21290
23029
20957
19041
17674
16400
14982
12978
10687
7261
4293
2730
-1205
-6217
-8492
-11160
-15157
-16121
-15765
-18053
-19417
-18116
-18724
-20090
-17913
-13927
-11384
-10160
-6381
-779
-6
164
5809
9248
9583
14327
19785
20723
20218
20932
20891
18348
16493
17273
17706
16597
14189
10573
6824
2702
-1121
-3031
-4282
-6566
-9591
-12712
-16197
-19320
-20118
-19748
-20338
-20527
-20144
-19850
-19401
-18492
-17248
-16779
-12337
-3411
1073
2960
7339
6925
5253
10409
14972
18578
21946
23020
21828
17952
16819
15980
14333
13545
11897
9118
5662
3923
241
-4901
-8325
-11703
-14401
-14810
-14386
-15713
-17911
-18569
-18435
-20227
-18596
-14164
-11752
-7804
-4831
-2047
240
512
4065
6749
10403
17318
18812
18868
21429
21656
20377
20795
20467
17319
16154
16225
14324
11476
8048
4557
151
-4400
-7052
-8865
-10914
-12696
-15731
-18997
-21129
-22993
-22222
-21213
-21559
-20505
-19657
-18487
-17475
-17755
-10625
-1341
401
4996
6694
4116
7517
10350
16071
21810
21062
22243
22454
17489
15971
17326
14866
13636
12315
8309
6083
3669
-620
-5039
-8094
-11274
-14266
-14650
-15305
-17741
-18055
-17335
-19544
-20719
-17452
-13341
-11067
-8489
-5344
-2908
-473
2605
5477
6332
9669
15080
18239
21342
22869
23116
21473
18010
16936
15704
16064
17270
14999
12278
7416
2020
-1490
-5318
-7764
-9155
-9928
-12062
-16411
-19475
-21315
-22537
-22264
-21561
-21868
-21200
-18339
-16649
-17398
-14911
-7275
-1603
943
4424
6560
5662
7121
13138
17938
20179
22713
21876
18262
17282
15979
15086
16606
13634
8508
6636
3507
-390
-2629
-5618
-9500
-13335
-15115
-14991
-16778
-18361
-17215
-17441
-19261
-18528
-15470
-12629
-10189
-7095
-3864
-1545
1204
4381
6919
11064
14667
15175
17838
21023
20695
21772
22349
18905
16536
15718
15471
14712
11209
8712
6002
-119
-4131
-4982
-7801
-10666
-11956
-14849
-19258
-20686
-19492
-21673
-21488
-19417
-20900
-20249
-18467
-16928
-15847
-10882
-1729
1444
2520
6534
7222
5546
9876
15946
18961
22608
23685
21093
17824
15085
14195
14522
14146
11725
7860
4888
1975
-2829
-6267
-7676
-11104
-14936
-15172
-14750
-16940
-18123
-17388
-18628
-19818
-16832
-12681
-10562
-8083
-4491
-2185
-266
3004
5381
6983
11455
16493
17865
18966
21899
21964
19779
19670
18564
15236
15237
16836
13974
9946
7245
2420
-2460
-4655
-6973
-9750
-10857
-13191
-17935
-20796
-20842
-21878
-22429
-20209
-20658
-21621
-19958
-18521
-17110
-14160
-5074
2209
1975
4982
6918
4942
8456
14884
18289
20766
24290
22553
18041
17328
15055
13888
15075
12834
9730
6825
3156
-978
-5714
-7889
-8919
-13056
-14708
-13565
-16324
-18909
-17916
-17768
-19402
-18540
-14264
-11363
-9998
-6411
-2842
-1165
1292
4548
7074
9876
14123
17563
18575
20303
22480
21629
19833
18365
15667
14845
16368
15118
11526
8376
3734
-1520
-4024
-5692
-8144
-9708
-11565
-15091
-18594
-20716
-21182
-21240
-21768
-21347
-20499
-19914
-18685
-18077
-15361
-6851
202
1746
4187
5999
4083
6276
13426
17836
20768
23933
22537
18563
16749
15524
15054
15825
13925
9810
6929
3688
-1071
-4794
-6862
-9500
-12815
-14294
-14549
-16051
-17334
-17358
-18044
-19134
-18681
-15804
-11523
-8269
-6274
-3772
-979
678
2918
7668
11847
14385
17189
19128
20450
20675
19933
20549
17235
13474
17569
17040
11209
12063
9098
530
-2177
-3255
-5958
-8032
-9154
-10435
-15582
-19914
-19895
-20297
-19825
-18927
-19829
-19622
-18879
-18147
-17667
-15616
-7217
213
1945
5685
7999
5070
5738
11288
15914
19534
23153
23826
20364
16504
14085
13002
13813
13458
10319
7376
4867
575
-4801
-7619
-8821
-12944
-15554
-13560
-14658
-17532
-16063
-15886
-18688
-18452
-15297
-11390
-7572
-5163
-2625
379
1362
2684
6580
9632
13172
18217
18742
18919
22538
20121
16313
18345
15745
11947
15291
14928
9569
6981
3510
-1825
-5196
-7087
-8134
-9031
-11379
-14530
-17402
-20293
-21746
-20416
-19099
-19488
-19253
-18485
-17723
-17190
-15740
-8410
349
3328
4882
7361
5628
5497
11745
17004
20192
22902
23982
20105
16661
14096
12190
14999
11190
8315
8933
3414
-2091
-3223
-6270
-12412
-11629
-14766
-17153
-14386
-18139
-16510
-15370
-19091
-17600
-14498
-12213
-7999
-4105
-2460
563
2699
4343
7903
10677
13405
16897
18456
19903
22656
20977
17894
17687
14682
11866
14417
14588
10348
7179
2117
-3892
-5869
-7618
-10144
-10070
-11639
-16371
-18387
-19324
-21637
-20938
-18275
-18849
-19574
-17560
-16361
-15835
-13875
-6047
2080
2708
6003
8658
5342
7365
13193
17667
20960
22707
22279
18641
15496
13045
11941
13397
12428
8986
5571
2697
-1823
-7122
-8445
-9654
-13998
-15764
-14554
-16149
-17957
-16103
-15675
-18191
-17032
-12666
-10860
-7645
-2530
-1119
916
4126
4815
8416
13891
16291
18451
20058
20783
21131
19409
18432
17380
14264
13348
13619
10689
6607
3865
162
-5009
-6992
-7714
-11331
-11633
-12452
-18420
-20095
-19462
-21328
-20474
-17640
-18714
-19377
-17170
-15908
-15829
-13476
-2474
4525
3593
8243
9517
5151
7762
14759
18135
21392
25044
23254
19036
15423
12320
11555
12305
11004
7551
4848
2182
-3065
-8515
-10319
-11938
-15348
-15797
-14621
-16611
-18193
-16541
-16428
-18184
-16365
-11663
-8779
-5970
-1852
236
2153
4820
5743
8936
14196
17140
19662
20765
20421
21447
20425
18567
17986
14641
12030
12436
10325
6451
3407
-428
-4894
-8136
-9954
-11562
-12769
-14555
-18162
-20613
-21645
-22174
-19992
-18212
-19105
-19017
-18013
-18061
-17021
-9486
1723
5434
5388
8714
7502
4844
10354
17293
21195
24702
25495
22478
17645
13456
12152
12805
12709
10159
6622
4069
263
-5298
-8776
-10637
-14002
-16093
-14742
-15467
-18885
-17858
-15235
-17888
-19264
-14604
-11088
-9435
-4551
-320
-99
1695
5757
7807
11291
17808
21155
20785
20507
20639
20434
20003
19765
17564
13361
12375
11215
6758
4970
2431
-3265
-6189
-8740
-12783
-13550
-13934
-16786
-19887
-21812
-21711
-22178
-19718
-17027
-18920
-18264
-16497
-17058
-15916
-6543
3949
5985
7442
9077
7280
6854
12028
18582
21564
23556
24511
21556
16006
12349
11631
11810
10987
8179
5017
2501
-1196
-6460
-9962
-11631
-14494
-16130
-14616
-15104
-18202
-17943
-16287
-18042
-18171
-13166
-8814
-6766
-3209
175
1116
3196
7402
10206
12265
16225
19601
20036
20460
22227
21938
19385
17435
15351
12701
11286
10277
7755
4402
404
-4591
-8243
-9994
-12511
-14198
-13354
-15791
-20062
-21260
-21265
-20623
-19798
-17897
-16816
-18108
-18032
-15448
-12451
-4521
6673
7524
7294
9442
5338
7993
16076
20062
23155
24487
21815
18009
15362
12655
11585
12905
11637
7209
4495
1218
-4537
-8507
-10824
-12786
-14667
-15953
-15588
-16725
-18759
-17700
-17634
-19455
-17084
-12710
-9481
-5138
-1863
-381
2527
5088
7209
11737
15659
17686
19911
20515
20320
21444
21092
19521
17901
14282
11763
11471
8726
5624
3936
-902
-6230
-8312
-10915
-13332
-13331
-14842
-18217
-20458
-21649
-21174
-19151
-18108
-18256
-18149
-17293
-16659
-15521
-8759
1714
6336
6878
9341
8656
5758
10083
17826
21194
23408
24591
21215
17047
14157
11905
12634
13014
9013
5686
4095
-947
-6546
-8610
-10980
-14448
-15850
-15671
-16142
-18277
-18869
-17243
-18367
-18901
-15328
-11533
-7171
-4446
-2467
3394
4339
2977
9901
14292
14634
19647
22551
21312
20168
20222
21710
19922
16171
14726
12553
9494
6844
4296
1979
-2702
-7604
-9435
-11654
-13860
-15056
-17299
-19699
-21128
-21949
-20956
-18679
-18954
-18716
-17298
-17395
-16583
-13652
-4633
4609
6444
8204
9350
6940
6894
13334
20856
22192
23702
24102
18003
14438
13531
12011
12880
12141
7322
4467
2361
-3628
-7564
-8727
-12156
-15621
-15972
-14981
-16518
-18461
-16952
-17049
-19369
-16957
-12487
-9490
-5564
-2148
-160
1926
4369
7136
10351
15340
19726
20448
20366
20599
20267
20311
20392
18798
15396
12646
11741
8415
4014
2746
-1190
-5871
-7985
-11023
-12586
-14017
-16283
-18549
-20559
-21038
-21914
-20091
-17617
-18423
-17863
-16746
-16121
-15418
-10048
1164
6945
8300
9148
7636
7739
9783
15029
22417
23908
22569
22293
17888
13041
11439
11443
13078
10637
5248
3673
522
-6391
-9738
-10366
-13598
-16565
-15969
-16095
-18071
-17382
-16328
-18133
-18442
-15637
-12267
-8098
-3694
-1452
149
3715
7231
9018
11819
16087
18561
19307
20775
21768
20773
19906
19244
16314
12726
11399
9999
7383
4933
1122
-3426
-6328
-9022
-12590
-13970
-14492
-17354
-19948
-19961
-20422
-21259
-17952
-17287
-19124
-17673
-17171
-16111
-12400
-3484
5070
6896
8645
9026
6188
7607
14543
19606
23086
25437
22727
19101
15907
12702
12272
13117
11640
7651
4163
1564
-3055
-7947
-9591
-11771
-15855
-16902
-16254
-18087
-18846
-16579
-16699
-18761
-17239
-13672
-11033
-6913
-2127
-239
1583
5485
8271
10712
14763
17872
18259
18468
21317
22695
20628
20640
18853
12272
10341
11202
8463
6862
4991
-343
-5223
-8445
-11069
-13331
-14177
-14803
-17927
-20330
-20237
-21399
-20635
-17738
-18619
-19285
-17676
-16790
-15065
-7019
3769
6375
6958
8505
5722
5980
11497
18485
22988
23629
23326
19724
15782
13850
12336
13268
12577
9072
6036
2994
-1401
-6415
-9381
-11435
-14261
-15562
-14964
-16272
-18418
-17464
-16684
-18523
-17921
-13748
-10964
-8395
-3307
-27
477
3684
8476
10155
12328
16932
19053
19067
20163
21437
21312
19813
18597
16478
12458
10666
9646
6652
4622
981
-4101
-6194
-9404
-13172
-13188
-14321
-17690
-19429
-20027
-20404
-20132
-18727
-17816
-19003
-19076
-17149
-15112
-8914
1378
6746
6806
7449
6617
4882
8921
17021
21991
23607
24347
21364
16468
14741
11969
10848
14595
10746
4380
5485
629
-7356
-7559
-9325
-13706
-15547
-15949
-15288
-17051
-18336
-16137
-17758
-20098
-16233
-11498
-8875
-5309
-1143
538
1591
6094
10610
12549
15453
18417
19012
19183
20382
21376
20838
19262
16718
13169
10773
9331
7283
5661
2723
-2989
-7043
-8771
-11858
-14278
-14751
-16990
-19796
-20160
-20075
-20230
-19105
-17935
-18355
-18671
-17730
-16234
-10374
13
5929
7235
8686
6730
4583
8779
15210
20599
24337
24006
21132
17801
14266
12406
12841
13040
10808
7563
4975
1118
-4219
-7868
-10051
-13138
-15539
-15358
-15438
-17251
-17711
-16988
-18020
-18546
-15731
-12070
-8998
-5234
-1930
85
2573
5700
8423
11421
15415
18454
18719
19108
21364
21954
20915
20023
16528
12189
11223
9970
7039
6195
3393
-3625
-6657
-6816
-12093
-15258
-13009
-15865
-21146
-21185
-20173
-20835
-20241
-18200
-17717
-19467
-18558
-15082
-9902
182
5330
5498
8341
6294
4612
9606
15817
21189
23335
23762
21709
17112
14639
13268
13492
13690
11127
7841
4593
839
-4406
-7765
-9167
-12618
-15264
-15040
-15369
-17148
-17046
-16283
-18063
-19307
-16332
-11915
-8915
-4983
-805
447
1673
5966
10087
12556
15609
17708
17829
19048
21077
21578
21671
20231
15263
11219
10397
8619
6433
6194
3331
-3063
-7045
-8940
-12249
-14428
-14711
-16531
-19113
-20165
-20454
-19869
-18524
-18300
-18470
-18189
-18718
-16809
-8382
1280
5483
6445
6830
4946
3740
8635
17002
22201
23395
22984
20289
15240
12022
12370
13142
12250
10003
7174
3761
-556
-4771
-7920
-10288
-13227
-15981
-15329
-14546
-16813
-16472
-15358
-18422
-18689
-14586
-11473
-8048
-4367
-1577
1153
2259
4340
9706
13302
15066
18197
19156
18149
19987
21860
20806
19294
15995
11315
9790
8806
6413
5908
3592
-2774
-7246
-9665
-13015
-14851
-14739
-15794
-18447
-20438
-20467
-19625
-19076
-18516
-17681
-17669
-18510
-15696
-6630
2144
5576
7057
7168
4354
4186
10159
17550
22493
24207
22789
19205
14635
11842
12445
13653
12756
9881
6518
2867
-2026
-6269
-8222
-10466
-13701
-15134
-14903
-15807
-16804
-15972
-16542
-18721
-17946
-14847
-11266
-6886
-3515
-1120
1296
3507
6503
9449
12128
15806
17966
18783
20934
21928
20549
19441
18159
14554
10967
10172
8670
5699
4285
1030
-4198
-7305
-10364
-13084
-14002
-15774
-17789
-19201
-20667
-21256
-19654
-17047
-18112
-19028
-15888
-16873
-15295
-2821
4249
4062
7890
8525
5049
6639
12266
18684
23227
23460
21436
18506
14304
11149
12080
14042
11866
7910
4902
578
-4164
-6654
-7905
-10325
-13769
-15451
-15627
-16748
-17007
-15569
-15996
-17579
-16301
-13139
-10448
-7052
-2926
-341
1318
4512
8443
11007
13606
17281
18405
17225
19112
21600
20568
20081
18972
13536
9716
9121
7130
5389
4109
0
-5075
-8954
-12370
-14377
-14620
-15618
-17624
-18819
-20132
-20996
-19020
-17396
-18389
-18207
-17113
-16677
-11529
-963
6116
7450
8377
7685
4461
6018
13570
20529
24337
24516
21288
16966
12574
10443
12270
13559
11099
7495
4433
278
-4677
-7496
-9117
-12113
-14723
-15546
-15745
-16254
-16367
-15283
-15773
-17549
-15918
-12021
-8632
-5183
-1160
2194
1836
3157
10400
13006
12865
18914
19955
15735
18934
22277
20083
18956
16885
12303
9440
7617
5757
4725
2639
-1530
-6044
-9785
-12593
-14831
-16244
-16367
-17252
-19705
-19932
-18569
-18307
-17268
-16744
-17008
-16467
-15246
-8965
1831
6846
7665
8884
5907
5008
8885
15078
22054
23929
23198
20567
16164
12023
10677
12405
11441
8970
6125
2382
-1983
-6250
-8523
-10356
-12674
-14952
-16310
-16504
-16390
-16055
-14943
-14956
-16042
-14363
-10945
-7505
-3917
-792
2499
4221
5466
9906
13250
15175
19070
19548
18079
19581
19640
18849
18896
15737
11325
8965
6798
4433
3217
1871
-2215
-7577
-10874
-13231
-15300
-16086
-16586
-17912
-20011
-20531
-18709
-17139
-17171
-16921
-16501
-16369
-13899
-6379
3511
7577
8653
8652
6229
5735
8419
17211
23653
23533
23517
20088
13616
10446
11104
11390
10840
8105
4382
1791
-2861
-6992
-8484
-10925
-14482
-15107
-15660
-16427
-15875
-16094
-15366
-16210
-15984
-13203
-9866
-4903
-2664
-77
3540
4217
6410
10722
14666
16804
19007
19700
18046
20161
20006
17798
18283
14635
10123
8605
6082
2685
1092
-892
-4842
-8215
-11606
-13965
-15027
-16872
-17978
-18674
-20167
-20464
-18308
-16960
-16991
-16194
-16448
-15985
-12165
-3440
5332
8788
10567
8776
6173
6453
10033
17543
22714
24035
22261
18630
13836
9187
9384
11772
10623
7036
4363
545
-4918
-8414
-10090
-12609
-15372
-16023
-15667
-15956
-16261
-15729
-15395
-16200
-16184
-13147
-8309
-4708
-1711
1911
4324
5700
8149
11098
14091
17195
18620
18903
19339
20481
20000
18548
17718
12355
8019
8598
5993
2169
2887
-504
-7605
-8445
-11795
-15106
-14729
-17416
-17781
-18298
-20656
-19792
-17652
-17245
-16677
-16632
-16553
-14312
-11639
-2347
6828
7517
9356
8997
5280
6809
12290
19008
23483
23951
21828
17845
13228
9632
9801
10970
9657
6859
3661
85
-4977
-8812
-10132
-12421
-15379
-15917
-15527
-16468
-16775
-15715
-15402
-16214
-15483
-12267
-8432
-4723
-1407
1448
4087
5624
8002
12827
15775
16763
18919
19543
19449
20852
20283
18653
17162
12507
8653
7959
4868
2288
2648
-790
-6446
-9040
-11796
-14579
-14924
-15909
-17517
-18806
-20120
-19721
-17276
-16387
-17074
-16275
-16484
-16049
-10987
-985
6689
8217
9876
8450
5542
6855
12699
20409
23684
24026
21944
17305
12940
10681
11372
11699
9549
6344
3345
-769
-5644
-8836
-10400
-12316
-14915
-16034
-15761
-15875
-16124
-15514
-15244
-16135
-15654
-11980
-7202
-3836
-1032
2106
4026
5297
8360
12704
16244
17882
17998
18064
18693
19914
20547
19619
17279
12234
7744
6729
4538
2380
2720
-597
-6086
-9031
-12578
-15090
-15956
-17210
-17764
-18723
-19868
-19084
-17521
-18051
-17339
-16494
-17190
-15690
-10579
99
7566
9104
9579
7496
5474
6664
13741
21184
23492
23386
21455
16739
11957
10245
10836
11510
9125
6202
2779
-1532
-5541
-9212
-10267
-13229
-15794
-15626
-15577
-15474
-15977
-15086
-15638
-16672
-14988
-12139
-7261
-3340
-1843
1429
4707
5386
8798
13446
15002
17377
19245
18466
19491
20632
19528
19416
16710
10778
8483
7221
4176
3122
1750
-2854
-7147
-9288
-11865
-14403
-14876
-16678
-18939
-18351
-19660
-20253
-16346
-16330
-18091
-15800
-15927
-16231
-9115
1139
7332
8589
8556
7320
4705
7388
15444
21183
23503
23652
20622
15525
11217
10205
11947
12536
10041
6394
2605
-2107
-6292
-8063
-10026
-13346
-15182
-15272
-15541
-16132
-16027
-16164
-16613
-16481
-14432
-10686
-6847
-3330
-981
2016
3759
5315
9615
14021
17825
18692
18413
17399
17714
20322
19511
18950
16672
10709
8070
7040
4397
3266
1976
-2437
-5847
-9220
-13412
-14277
-15266
-18205
-18600
-18637
-20104
-18537
-16313
-17095
-17446
-16719
-17222
-15550
-7573
2124
7484
9407
9150
6362
4733
8227
15535
22144
24889
24043
20714
15544
10778
9470
11183
11451
8795
5797
2238
-2353
-6099
-8632
-10644
-13282
-15709
-15747
-15367
-16072
-16697
-15947
-14929
-17239
-15758
-7531
-6387
-6607
1414
3309
2041
7962
11482
12507
15400
17266
18922
19135
19274
20916
20152
18369
15274
10166
8065
6837
4371
3382
919
-3547
-6866
-10246
-13641
-14852
-15505
-17479
-18555
-18593
-19921
-19562
-16634
-16585
-17969
-16656
-16166
-15265
-7218
3150
7204
8077
9004
6600
4480
9133
16908
22175
24311
23398
20216
15577
10881
9860
11918
12017
9313
6235
2559
-3037
-7796
-8902
-10038
-13384
-15057
-14853
-15871
-16787
-15807
-15195
-16086
-15954
-13562
-10022
-6118
-2674
-92
2052
3830
6301
10620
14684
16760
17953
18281
18590
20092
20244
19391
18483
14012
9603
9035
6950
4318
3665
266
-4704
-8162
-11449
-13480
-14311
-15999
-17713
-18624
-19497
-20081
-18561
-16341
-17129
-17967
-16262
-16516
-14785
-4401
5009
6895
8449
8987
5596
5140
10475
17815
23064
23932
22563
19387
13709
10265
11027
12259
11659
8724
4898
1484
-3406
-8319
-9603
-10732
-14395
-15918
-15052
-15915
-16695
-15302
-14979
-16438
-16067
-13117
-9436
-5873
-2990
29
3179
4620
6776
11346
14808
17095
18853
18386
18403
19786
19738
19692
18583
13584
9568
8200
5287
3113
2832
-9
-4366
-7845
-11571
-14247
-15075
-16065
-17414
-18644
-20033
-20273
-18451
-17066
-17479
-17091
-16201
-16474
-12710
-2584
5511
7826
8809
8203
5362
5904
12113
19436
23600
24127
22234
18146
12947
9878
10297
12022
11716
8133
4068
706
-4271
-8437
-9109
-10920
-14587
-15773
-15915
-16680
-16345
-15639
-15770
-16235
-15767
-12970
-8726
-5113
-2311
728
3396
5046
7955
12464
16115
18544
18938
18320
19876
20023
17770
19084
18792
11837
8663
9660
5254
1462
2403
-531
-5946
-8533
-11630
-15170
-16579
-17645
-18788
-19449
-20468
-20416
-18342
-17382
-17862
-17089
-17078
-16874
-10049
307
6169
8218
8926
7345
5276
7684
15243
22181
24822
24330
21042
15728
11574
10651
12193
12831
10219
6465
3124
-1345
-5768
-7813
-9480
-12580
-14902
-15431
-16230
-17287
-16747
-16187
-16924
-16629
-14855
-11861
-7370
-3993
-1518
1879
3883
6151
10776
13344
14850
17920
17938
17049
20448
22319
20252
19055
15997
10219
8120
7736
5480
4367
1855
-3460
-6725
-9934
-13983
-14665
-15057
-17533
-18937
-19560
-20402
-20269
-18932
-17974
-17960
-17234
-16561
-14436
-6378
2490
6260
8295
8202
4882
4774
10213
17248
22841
24573
22616
19644
15748
11795
11569
13684
12360
8422
6380
3388
-3452
-7619
-7519
-10756
-15574
-15908
-16235
-18516
-17567
-15333
-16032
-16848
-16258
-15434
-12270
-7243
-3636
120
4128
5174
6785
11643
14871
16720
19641
19940
19517
22102
22458
20163
18886
14852
9459
8145
7121
4829
3969
791
-5354
-9648
-12670
-15172
-15432
-15800
-17721
-19470
-21093
-21923
-20594
-18644
-17619
-16846
-16420
-16309
-12024
-2222
5471
8019
9095
8221
6015
7255
13420
20847
24564
24524
22725
18375
13658
11765
12039
12720
10909
6817
3782
279
-4667
-7641
-9343
-12729
-15997
-16821
-17266
-17886
-16543
-15799
-17293
-17296
-16109
-14571
-9991
-5044
-2284
1491
5356
7174
9705
12381
13641
16257
18740
19303
21944
24417
22044
18932
16331
10882
7166
8159
7504
4900
3394
-1416
-7564
-10331
-14168
-16090
-14611
-17302
-18895
-17829
-20986
-21553
-17972
-17882
-17725
-16328
-16289
-14692
-8930
766
5986
7360
9445
6904
5905
9449
14363
21332
24251
23310
20861
16538
13059
11034
12199
12753
9951
6669
2778
-1322
-5900
-8785
-10192
-12977
-15465
-16006
-16485
-16895
-16036
-16268
-16789
-16970
-15335
-12483
-8806
-4078
-1506
2816
6092
7453
10221
11495
13927
16900
17946
18794
21431
22377
19744
18375
15745
10022
7316
7391
5513
3613
2064
-2418
-6984
-10264
-13822
-14992
-15238
-17530
-18416
-17774
-19742
-19988
-16993
-16866
-17263
-16302
-15256
-14113
-7710
3114
7374
8801
9176
6665
6001
8940
15891
22025
24233
22852
20042
16104
11281
10360
11931
11463
8861
5470
1345
-2911
-7084
-8940
-10450
-14115
-15645
-17036
-17717
-15380
-14742
-16046
-15134
-15728
-16388
-10694
-7307
-4111
977
2163
5280
8226
11065
14776
15512
17254
18859
18727
21297
22821
20116
18008
14432
9057
6986
5942
4414
3950
1441
-3835
-7818
-11070
-14516
-15605
-15651
-17091
-18922
-20018
-20287
-19490
-18141
-17427
-16962
-16517
-16273
-12267
-3231
4036
6956
8398
7824
5753
6363
11440
18509
23316
24215
22770
19122
14019
11181
11263
11828
11106
8061
4504
949
-4147
-7838
-9497
-12149
-14401
-15680
-16739
-16672
-16191
-15621
-15766
-16607
-15700
-13862
-10809
-5983
-2974
148
4852
7333
9625
12442
13174
14661
16830
17816
20501
23510
22502
19380
16357
11430
7067
7042
7011
5032
3728
195
-5264
-9064
-12930
-15592
-15631
-16588
-17594
-17793
-19329
-19803
-18635
-18282
-17332
-16732
-17972
-15685
-8287
-893
4858
8645
8712
6393
5512
8439
13906
20007
24876
24965
21353
17415
12619
9809
11402
12202
9889
6855
3313
-996
-5007
-7657
-9803
-12840
-15476
-16447
-16564
-16366
-15629
-15001
-15686
-16602
-15774
-13059
-8736
-4270
-1040
2311
4902
5794
9117
14060
15786
17383
19289
17869
18949
22558
21109
19017
17410
11286
7287
6902
4598
3756
3425
-1251
-6542
-10268
-13916
-15902
-16225
-17124
-18314
-19255
-20524
-20254
-18024
-17284
-17313
-15995
-16173
-15135
-6615
3359
7440
9065
8874
5788
5211
9255
16110
22776
24457
22743
20366
15253
10493
10145
11447
11084
8945
6224
2396
-2762
-6259
-8033
-10871
-13925
-15673
-16827
-17216
-15949
-14360
-14737
-15970
-15752
-14926
-12551
-7067
-2862
-359
4026
6051
7003
12185
14422
13946
17723
18398
16515
20609
23330
20815
18908
15186
9482
6757
5455
4527
4245
1786
-2728
-7211
-11628
-14502
-15483
-16541
-16875
-17552
-19478
-20086
-18558
-17634
-17482
-16539
-17216
-17380
-13730
-4534
4723
7900
9421
8020
5525
5499
9360
17316
22305
23736
22661
19051
14068
9973
9934
11264
10365
7724
4906
670
-4101
-7097
-9451
-11841
-14130
-15958
-16661
-16734
-15942
-14309
-14694
-15909
-15129
-13954
-10787
-5334
-2197
643
4712
5690
7350
12459
14746
15915
18460
17597
17111
20293
21101
19947
18752
14191
8750
6195
4881
3299
2650
1219
-4130
-9143
-11871
-15033
-16118
-15268
-17079
-18307
-18472
-20128
-18251
-16815
-17482
-16345
-16110
-16267
-11313
-473
5905
8667
10356
7103
5221
6742
12344
20027
23668
23792
21843
17354
12127
9760
10697
11664
9696
6931
3618
-1053
-5142
-8250
-9856
-12492
-15353
-15787
-16820
-16783
-15142
-14936
-15525
-16213
-15702
-13583
-9144
-4372
-1416
2287
4995
6690
9390
12097
14601
16515
17827
17756
18991
21916
21086
19259
17152
11041
6774
5867
4357
3962
3369
-517
-5328
-9433
-13562
-15522
-15428
-16936
-17845
-17476
-19228
-19263
-17079
-16717
-17202
-17086
-15586
-14017
-8208
2316
7003
8761
10096
6816
5533
7854
13427
21186
24110
23189
20532
15762
10904
9477
11642
11295
8599
6063
2222
-1712
-5413
-8152
-9909
-13010
-15847
-16448
-16349
-16301
-14840
-13757
-14975
-15581
-14434
-11884
-7330
-2745
521
3783
5752
6345
9618
13860
15588
17457
18699
17319
17973
20165
19672
18721
16289
10505
6793
5432
3000
2379
2309
-1713
-6441
-9754
-13562
-15956
-16359
-17004
-17724
-18408
-18833
-17737
-16358
-16467
-16673
-16034
-16107
-13751
-4860
3712
6790
8989
9090
5613
5407
10324
17245
23256
24524
22304
19112
13944
10085
10671
11367
9563
7393
4591
261
-3641
-6233
-8519
-11159
-14169
-16168
-16677
-16976
-16223
-14599
-14706
-15533
-15312
-14094
-10589
-5829
-2148
1321
4300
5685
7490
10843
13628
15683
18402
19243
18633
20616
21275
18842
17681
14030
8310
7033
5795
2974
2491
107
-5084
-8534
-11776
-14868
-15394
-15938
-17334
-18240
-19428
-20530
-19063
-17473
-17506
-16599
-15897
-15350
-10926
-847
5682
7638
10387
7918
5530
8451
13456
19938
24332
24641
21472
17618
13209
10070
11389
11949
10539
7339
3143
-953
-6162
-7736
-8950
-12283
-15470
-16279
-16881
-18986
-15070
-15041
-16787
-14452
-15463
-12899
-9015
-5436
-1304
1598
5391
7409
9707
13270
14306
15746
18818
18090
18436
21880
20713
18364
17066
12145
7346
6274
4955
3329
2857
-334
-5601
-9396
-13256
-16243
-16787
-17472
-18763
-18773
-19380
-19791
-17696
-17393
-17390
-16434
-16178
-14598
-7869
2399
6651
9054
10490
6788
5568
8349
13984
20898
24664
23758
20833
16200
10507
9580
11342
10759
8559
5658
1653
-2832
-6114
-8141
-10493
-13367
-15328
-16530
-17114
-16364
-15014
-14518
-14729
-14621
-14258
-12287
-7912
-4088
-806
3742
6486
7557
10652
13527
14728
17029
18729
18512
19557
20597
19254
17671
15085
10217
7779
7007
4105
2623
1130
-3544
-7439
-10189
-13967
-15975
-17194
-18619
-18454
-19645
-19958
-18970
-17860
-17160
-17450
-15872
-16234
-13208
-3714
3778
7794
9722
9448
6804
6954
11411
17705
23241
24641
22935
19193
14553
10608
10583
11887
9997
8169
5470
694
-3827
-7157
-8897
-11656
-14420
-15389
-17251
-17619
-16050
-15335
-15068
-15599
-15150
-13822
-11196
-5679
-1843
1193
5005
6113
7812
11733
14962
17142
18430
18516
18298
20030
21152
19882
18543
14085
8271
6432
5136
3083
2350
551
-4280
-9091
-12299
-15669
-17339
-17892
-18825
-18489
-19501
-20266
-18632
-18393
-18250
-17071
-16387
-15520
-10778
-566
5948
7659
10217
7918
4902
8251
13893
20253
24795
24880
21422
16854
12524
10427
12107
12675
10084
6983
3267
-2044
-5801
-7354
-10170
-13371
-15286
-16545
-17807
-17417
-15694
-15212
-15336
-15249
-15060
-13137
-9064
-6158
-2133
3486
4954
7742
11897
11216
12910
16589
17803
19672
21382
22154
20528
16942
14357
11188
7937
7134
6093
3161
358
-2973
-7014
-10469
-13298
-15720
-17103
-17854
-18473
-19075
-19668
-18391
-18142
-17895
-16475
-17751
-16870
-13213
-5859
3936
7064
8618
9676
6101
5781
10515
16912
22740
24538
22893
19578
15369
10819
9897
11999
10295
8277
6076
1423
-2905
-7113
-8544
-10416
-13188
-14631
-17000
-17584
-16922
-15853
-14728
-14813
-15059
-14385
-12134
-8405
-3844
-337
3373
6551
7625
10566
13784
14964
17517
18939
18419
20398
20906
19124
18092
14809
10528
7676
5210
3634
2645
118
-3425
-7329
-10426
-12985
-16289
-17229
-17567
-18579
-19451
-18671
-16594
-17543
-17535
-16879
-16978
-16032
-11610
-2040
5283
8827
8387
7169
8360
5909
9391
21694
24412
21712
23402
18931
11684
10099
10837
12238
10260
6520
4955
549
-4908
-6826
-8672
-11616
-14285
-16361
-17217
-17049
-15921
-15216
-15801
-15702
-14707
-13206
-9931
-5949
-2781
795
4386
6838
9948
12893
13443
14734
17444
18317
19792
22588
21661
18384
16070
12157
8052
6983
5848
3841
2562
-789
-5707
-9015
-12376
-15434
-16069
-16963
-18432
-18324
-18698
-19561
-18401
-17462
-18156
-17987
-17414
-15342
-7380
2007
5999
7795
8642
6116
4933
8751
14976
20863
24197
24333
21586
16326
11985
11195
11982
11532
9482
7158
3757
-1716
-5996
-7887
-10199
-12548
-13860
-15983
-18105
-17422
-15654
-15579
-15566
-14921
-14753
-12827
-8954
-5693
-1903
2602
5376
7074
9741
12847
14866
16831
18449
18667
20626
21696
18738
18428
17334
10507
7874
8274
4755
2197
1034
-1752
-5546
-10496
-13497
-14782
-17857
-18875
-18246
-19485
-19979
-18727
-18510
-18572
-17767
-18349
-17451
-13058
-4040
4077
5773
8127
8143
5202
6277
11791
18359
22202
24352
23336
19308
14508
11134
11550
12325
11076
8972
6189
1371
-3608
-6229
-8322
-11344
-13859
-15276
-16823
-17507
-16586
-15579
-15227
-15478
-15126
-12961
-10240
-7316
-3350
484
3261
5343
8078
11501
13374
15274
18476
18961
18774
20833
20761
18635
16717
13122
9361
7866
5474
3289
2830
32
-4762
-7735
-9830
-14404
-16436
-16781
-18821
-19440
-20126
-18982
-18048
-18070
-17318
-17326
-16993
-16180
-9349
724
5538
7600
9211
7628
5203
7995
15370
21500
23438
24189
21622
16090
12140
10724
12919
11066
8093
9502
3851
-3720
-4580
-6471
-11163
-13170
-12264
-15047
-18758
-17490
-15636
-15563
-16128
-14961
-13432
-13023
-9748
-5318
-2072
1832
4411
5915
10821
14645
14357
16286
17943
16053
17523
21467
21888
20695
17454
11563
7632
5129
3257
4175
3897
-520
-5300
-8841
-12800
-16338
-17377
-17408
-18472
-19187
-18311
-17539
-17779
-18120
-18106
-17953
-17714
-13882
-5030
3521
7031
8314
8767
5918
4775
9064
17073
22372
24010
24457
19604
14100
11032
10886
12365
10831
8675
5599
1611
-2734
-6226
-7697
-10473
-13710
-15135
-16244
-17603
-16813
-14907
-14862
-15625
-14801
-12948
-10801
-7240
-4021
-968
3047
4877
7027
12284
14377
14371
17612
19095
18464
20586
21470
19495
17568
13973
10443
8851
5878
3327
3041
173
-4592
-7440
-10499
-14010
-16203
-16889
-17705
-19465
-20589
-19693
-18284
-18875
-18116
-17318
-17860
-16577
-10386
341
5414
6858
8562
7305
5513
7044
14418
20679
22926
24022
22431
17356
12212
10712
11830
11902
9647
8115
4493
-1229
-5644
-7599
-8552
-12224
-13622
-14946
-18007
-18406
-16823
-15156
-16075
-15623
-14196
-13226
-9436
-6071
-2915
1940
4933
7610
11865
12448
12262
15357
16594
17130
20528
22482
20595
18626
15761
10543
7650
7001
5162
3931
2051
-2495
-5243
-8399
-13345
-15205
-16012
-18020
-18111
-17075
-18651
-18033
-16525
-17735
-17646
-17412
-16443
-13890
-6402
2648
5747
7927
8808
6683
5408
8418
15303
21228
23893
23326
20351
15291
10506
9880
12040
11337
8519
6997
3042
-3275
-6340
-7151
-10082
-13490
-14517
-15823
-17412
-16161
-15419
-15946
-14623
-14791
-14375
-9868
-7421
-5577
-617
2736
5112
8431
11171
14004
15247
14893
15839
17197
19233
21865
22592
20407
15258
9582
5896
3891
3175
3737
2715
-1419
-6841
-10863
-13582
-16869
-17428
-17179
-18188
-18868
-18834
-17009
-17705
-18352
-17291
-17620
-16117
-11430
-2314
5170
7142
8335
7172
5370
5511
10237
18589
22655
23920
22525
18160
13578
10581
11578
11638
9803
7969
4599
-64
-4638
-7436
-9709
-12151
-13674
-14909
-16619
-17304
-16497
-15004
-14276
-15173
-14639
-12686
-10510
-6809
-3279
186
3748
5740
9797
14067
14064
15469
17697
16951
18433
20956
20734
20090
17692
12945
9302
6679
3925
2508
2164
-471
-5064
-8091
-10994
-15154
-17349
-17652
-18470
-18977
-18500
-17851
-17235
-17190
-17592
-17121
-16422
-14888
-8065
1978
6791
7238
8928
8347
4673
6926
15533
21113
22685
24047
22014
15351
10544
10431
11401
11191
9770
7114
2914
-2309
-6206
-7985
-9653
-12096
-14222
-15666
-17418
-18061
-16092
-15075
-15557
-14418
-13462
-12290
-8524
-5265
-2078
2524
4790
7236
12291
14299
14732
17106
17207
16979
19772
20555
19820
19199
15053
10337
8072
5524
3185
2386
597
-2793
-6420
-9218
-12031
-14896
-16089
-17861
-18638
-18537
-18992
-17037
-16435
-16777
-16473
-16796
-15964
-13447
-4922
4499
7271
8899
9155
6596
5473
8903
16939
21919
23033
23135
19072
13774
9579
9739
11967
9972
7651
4671
328
-4961
-8345
-8415
-10877
-13173
-14292
-16089
-17167
-16672
-15204
-14722
-14697
-13470
-11657
-9303
-5945
-4278
-734
3561
5153
9137
12932
16282
17260
15445
18054
17908
16163
20311
21298
18129
14849
10255
7018
3984
1383
2255
1677
-3310
-6955
-8943
-14044
-16994
-17804
-18977
-18229
-19295
-17765
-15458
-16931
-16941
-16721
-17186
-16789
-10665
133
6776
8714
9624
8250
5271
6000
11563
18978
22352
23285
22273
17266
12201
8965
10665
11375
9204
7699
3899
-1316
-6399
-8516
-9824
-12236
-13594
-14988
-16890
-17207
-16018
-15357
-14491
-14148
-12870
-11238
-8758
-5336
-3236
577
3716
7362
11281
13184
15042
15752
16801
17145
18193
20189
19536
18723
16623
11778
8870
7116
3415
1920
1264
-2554
-5091
-7496
-12385
-14883
-16264
-18958
-18937
-18241
-19364
-17589
-15431
-16024
-16019
-16387
-16651
-14588
-7219
2655
7125
9421
10009
7398
5416
7089
15062
21235
22384
23608
21043
15052
10083
9815
11983
10083
8074
6615
1840
-3593
-6437
-7686
-10378
-13088
-13920
-14993
-16691
-17108
-16278
-15293
-14737
-13949
-11819
-9810
-7761
-4597
-1490
2543
4990
6506
11523
15415
16459
17530
17352
15419
16517
18488
19387
21361
17833
12747
8517
2748
243
287
1173
-427
-3602
-6732
-12064
-16621
-18224
-19129
-19248
-18056
-17205
-15886
-16087
-16991
-17130
-17397
-16578
-14416
-5456
4950
8031
9532
9344
6419
4375
7382
16198
21539
22960
23112
19090
13615
9388
9068
10840
9995
7698
5037
863
-4527
-8069
-9107
-10355
-12413
-13654
-14915
-16698
-16973
-16264
-15620
-14608
-13002
-10885
-8342
-5567
-3868
-2508
1071
5082
9068
14008
15506
15095
16539
15615
15175
18748
19909
19080
18515
14565
9015
6393
4804
1223
660
2223
-2469
-6897
-7058
-12679
-17255
-16376
-18811
-18794
-17682
-18626
-15600
-15157
-16871
-16465
-16818
-16664
-12751
-2727
5977
8900
10395
9083
6290
5337
9369
17289
21820
23025
22081
18084
12432
8660
9367
10971
10199
7911
4611
-542
-5579
-8232
-9782
-11345
-12587
-13789
-15737
-17198
-16891
-15879
-15229
-14512
-13159
-11298
-9104
-6744
-3767
-82
3002
5619
9043
12817
16018
17783
17750
16956
16363
16841
17962
18840
18803
15298
10475
7550
2959
-428
858
-45
-2952
-4748
-8710
-12976
-16311
-19532
-19785
-19105
-19155
-17254
-15329
-15714
-16983
-17407
-17176
-16931
-12200
-1294
7118
8873
9433
9688
6526
5018
11561
20014
23096
23837
23175
18084
11413
8586
9957
10766
9473
8215
5065
-855
-6386
-8734
-9204
-12720
-14324
-11563
-15828
-19890
-14665
-15024
-18581
-14543
-11754
-11024
-8111
-5411
-2334
-754
601
5696
10995
14259
16152
17296
17888
16449
16347
18791
19177
18774
17766
13453
9758
7090
2834
1223
1221
-1987
-4441
-5947
-10540
-14072
-15647
-18752
-20518
-19906
-19346
-17938
-15558
-15104
-16980
-17742
-17453
-16814
-9916
1528
7655
9582
10914
8378
4773
6327
12499
19534
23849
24037
21618
16803
10891
8691
10459
11429
10041
7496
3633
-1927
-7005
-9128
-9961
-11515
-12928
-14399
-16228
-16983
-16745
-16397
-15467
-14069
-12812
-10507
-7154
-5115
-3118
647
3002
4643
9662
14715
16624
17906
17871
16168
16273
17445
18318
19982
18828
13663
9836
6453
1136
-699
644
-1063
-3979
-5808
-9695
-14463
-17515
-19873
-20478
-18858
-17879
-17066
-15402
-15797
-17898
-18212
-17029
-14951
-8814
1469
8766
9266
8208
7673
5374
6040
13517
21130
23651
23608
21523
15727
10314
9438
10406
10644
10006
7530
3288
-2190
-7275
-9316
-10161
-11807
-12533
-13468
-15806
-17004
-16848
-16784
-16235
-15025
-13037
-9510
-6135
-4582
-2791
-146
2081
5855
10844
13391
15302
17757
17235
16622
18920
19006
17671
18595
16670
12010
10204
7922
3481
1071
-754
-3061
-4465
-7385
-10446
-11781
-15563
-19347
-18843
-18759
-19316
-16782
-14587
-15528
-17240
-17588
-17420
-16099
-8669
2027
7319
8713
9358
7035
4510
6664
13239
20123
23244
22909
20911
16391
10502
8328
10562
11418
9516
7514
3547
-2324
-6545
-8993
-9985
-10750
-13038
-14548
-15108
-16407
-16698
-15638
-14984
-14875
-13432
-10549
-8138
-4813
-1849
-950
2894
7092
8348
12784
17117
17150
17382
17409
17488
17966
17477
19077
18743
13766
10720
7367
1990
295
-188
-2067
-3445
-6243
-10072
-13042
-16748
-19583
-19361
-18876
-18454
-15960
-14419
-16408
-18169
-17540
-17725
-17316
-9613
1968
7341
8037
9131
7472
4024
5630
12674
20109
23631
22884
20803
16835
10754
8842
11763
12099
9403
7905
5348
-720
-6115
-7769
-8805
-11295
-12968
-13084
-13837
-15850
-17045
-16456
-16134
-16385
-14058
-9538
-6897
-5788
-3634
-1658
44
4022
9132
12618
15384
17596
17113
15749
16309
16909
17448
19153
18423
14736
11611
7893
3486
1549
563
-1167
-2440
-4806
-8395
-11169
-14668
-18076
-18661
-18693
-18870
-17154
-15172
-15783
-17956
-17931
-17403
-17722
-11603
-673
5401
7424
8183
6851
3894
3051
10251
19409
22019
23220
22852
17151
11393
8664
10185
13452
12019
9194
7335
1583
-5158
-7724
-8207
-9733
-11504
-11749
-12569
-15377
-17107
-16917
-17120
-17626
-15818
-11421
-7896
-6258
-3823
-1018
-199
921
5884
12447
16289
17793
18522
17509
15313
15055
17342
19264
18990
17141
14191
9484
4419
1531
765
-165
-2252
-3983
-6090
-9926
-14280
-16945
-18653
-19755
-19217
-17424
-15268
-16365
-17677
-17756
-18828
-18896
-15462
-4402
5105
7221
7663
6576
3812
1731
7023
17043
22639
23996
23641
19826
12795
9137
10693
13074
12920
11376
9662
4359
-2966
-6546
-8077
-10103
-10392
-10327
-11653
-13595
-16105
-17457
-17721
-18185
-16048
-11459
-8703
-6895
-4150
-2991
-2504
1157
6476
9994
12712
15601
16456
16407
17258
16354
16923
20359
17923
14081
15960
13164
6229
4817
3988
205
-2633
-3502
-4788
-8589
-11969
-14361
-17497
-18674
-19148
-19282
-16561
-15503
-17070
-17643
-18133
-19052
-18279
-11021
661
5960
6185
7211
4891
936
3235
12012
20218
23009
23521
22241
16060
10224
10080
12677
13490
12121
11143
8064
530
-4835
-6017
-8010
-9743
-9554
-10257
-12603
-15248
-16735
-17114
-18198
-18151
-14458
-10612
-8675
-6018
-3462
-2695
-1858
310
5092
11807
15964
17978
19433
17269
14656
15934
17351
18296
19750
18388
14937
10664
5131
2158
1601
-479
-1711
-1714
-4836
-9800
-13781
-17221
-19687
-20756
-20008
-17478
-15900
-16395
-17404
-18474
-20468
-21478
-15301
-3575
3263
5184
7261
5583
608
978
8402
17123
22558
24486
23839
19149
12160
9281
11385
13580
14165
13482
11054
5142
-2656
-6491
-7995
-10375
-10211
-8387
-9911
-13060
-15731
-18019
-19866
-21415
-18156
-13070
-9011
-5744
-5557
-4669
-4629
-3564
2113
9334
14352
16153
18056
16897
14538
15775
17423
19169
20863
19864
16648
13056
8613
4976
3191
1527
80
-1280
-3725
-7221
-10641
-14388
-18118
-19557
-19425
-19122
-17074
-15100
-16966
-19535
-20036
-21485
-21050
-12319
-652
4760
5907
6281
3201
-881
1732
11019
19893
24317
25084
22728
16701
10106
9081
13253
15567
14597
13767
10818
2906
-4278
-6673
-7787
-8893
-8417
-8006
-10608
-14557
-17516
-19199
-20049
-19100
-15795
-11439
-7244
-6427
-5901
-5159
-5205
-2296
2327
9523
15424
17935
18074
15750
15467
15166
15913
19856
21819
20004
17487
13358
6264
3301
3694
868
265
2526
-2332
-9062
-10084
-14570
-21204
-20389
-17548
-17769
-16918
-15286
-16738
-20644
-22748
-21547
-18283
-10230
1094
5920
4515
4126
1806
-1828
3089
13606
20278
24303
25315
20657
14917
10669
9739
14393
17270
15295
14268
10541
1367
-4855
-6041
-7187
-8261
-7434
-7082
-10075
-14784
-18452
-20786
-21524
-19844
-15648
-10496
-7592
-7688
-8046
-6765
-3969
-7
4816
9765
13534
15066
15159
15739
16684
16891
17758
19923
20116
17224
14666
12986
9287
4703
2691
2095
209
-1850
-2971
-5670
-11181
-16177
-18131
-18861
-19233
-17188
-14459
-15873
-19838
-21283
-21561
-22229
-17601
-6482
1944
3433
3467
3407
371
-1146
5179
15349
21465
23685
24708
21479
13795
9318
11876
15972
16606
15546
13809
8138
-53
-4967
-5648
-6256
-8399
-7919
-6716
-12503
-18793
-18020
-19064
-22397
-18949
-13239
-10904
-9356
-8362
-7587
-6408
-5541
-1472
6001
10949
13653
16146
15882
14715
15531
16751
19219
22148
21101
18266
16518
12126
6367
4640
4754
3514
2562
1180
-2754
-8232
-13646
-17279
-18239
-18318
-17616
-15492
-15476
-18517
-20630
-21474
-22419
-21453
-15852
-5803
1901
2107
1312
2178
-754
-1402
7309
16639
21247
24470
24172
19259
13377
9634
11684
16583
17574
16840
15210
8116
-699
-4883
-5803
-6234
-5803
-5249
-7625
-12693
-17346
-20488
-21793
-21095
-18410
-13904
-10208
-9017
-8993
-8791
-7683
-5914
-2065
5078
11193
14166
15680
14759
13091
13505
15459
19218
22248
21313
19150
16351
10537
5386
5143
6035
4194
2931
2157
-2491
-8586
-13044
-16377
-17759
-17438
-15703
-14216
-16126
-19180
-21143
-21645
-20344
-20179
-16403
-5247
716
-460
1615
2004
-2506
-1431
6563
14693
21366
24839
22799
18113
13217
9555
11711
17355
18717
17282
15443
9162
525
-4286
-5303
-5093
-4661
-4845
-6710
-10742
-16020
-20340
-21792
-20770
-18274
-14153
-10258
-9129
-9711
-9712
-8520
-6459
-2723
3825
10161
12973
13698
13314
12179
13000
16086
19707
22493
21883
18504
15410
11313
6843
6183
6925
5580
4141
1917
-3048
-8217
-11712
-14242
-15868
-16000
-15170
-14824
-15715
-18024
-20687
-21600
-20985
-19889
-16593
-9628
-2497
-11
-109
759
-19
-1183
3471
12296
19394
22742
22485
19658
14934
10679
11889
17150
19167
17305
15315
11110
2933
-3347
-4577
-4598
-4744
-4651
-6410
-10412
-15390
-19978
-21856
-20592
-18667
-16555
-12332
-9233
-11033
-11682
-8450
-7145
-5093
1802
8261
11860
13505
12754
11939
12924
15388
19149
22455
22519
19336
15972
12881
9054
7470
8291
7837
6091
3241
-1031
-5266
-9627
-13472
-14822
-14653
-14962
-15994
-16891
-18177
-20552
-21451
-19948
-18980
-18690
-15573
-8571
-2523
-1120
-354
1234
144
532
7497
15592
19902
21775
21360
18074
13384
10965
14229
19004
19206
17203
14448
7615
-224
-3411
-3454
-3840
-4304
-4981
-8164
-13359
-17832
-20272
-20318
-18946
-16948
-13981
-11866
-11918
-12435
-11818
-9521
-5921
-747
5390
8999
10364
11613
11437
12257
16252
19302
20932
22526
21020
17153
14663
12804
10891
10086
9087
6991
4656
1133
-3194
-6587
-10397
-13656
-13842
-14582
-16904
-16800
-16792
-19533
-20953
-20360
-19921
-19313
-18378
-14518
-6543
-2148
-3189
-994
1856
-638
1418
11066
17005
19279
22176
21368
17351
14268
13610
16986
20387
18735
15512
12723
6947
419
-1648
-1410
-2993
-5305
-7417
-10760
-15443
-19640
-20661
-19247
-18612
-17695
-15044
-13140
-13415
-13699
-11167
-7790
-6037
-1347
6406
10137
10955
13015
13914
13823
15927
19368
21929
22277
20255
18008
15774
12141
9879
10516
9756
6713
4491
1566
-3730
-8116
-10654
-13273
-15078
-15732
-16459
-17232
-18787
-20415
-20702
-21407
-21564
-19768
-18216
-14010
-6129
-1969
-1597
-25
441
-39
3623
11042
18123
21756
21456
19929
17244
13093
13358
18561
20220
17743
16211
12415
4279
-1263
-1841
-2474
-3960
-5018
-7233
-11011
-15984
-20124
-20333
-19418
-19533
-17159
-13637
-13433
-14519
-13139
-11146
-9417
-3829
2868
5369
8295
11596
10757
11712
16311
18736
20029
21674
21276
18973
16815
15874
14676
12476
10947
9456
6545
2934
-557
-3732
-7040
-10238
-12265
-14106
-16473
-17616
-17712
-18923
-20539
-20890
-20869
-20705
-19974
-18960
-14594
-6830
-2783
-2340
-211
712
-98
3619
11381
17666
20801
21639
20472
17079
13779
14836
19009
20304
18173
16117
12394
5464
445
-654
-1884
-3889
-5077
-7092
-11298
-16257
-19487
-20000
-20017
-20093
-17660
-14455
-13846
-13786
-12283
-10706
-9300
-6030
438
6932
9901
11560
13328
13134
13271
16646
20213
21580
22118
21853
19490
15367
11791
10555
10021
8506
7351
5929
1475
-4397
-8255
-11381
-14847
-15817
-15213
-16522
-18656
-20174
-21270
-21724
-22128
-21622
-20075
-18571
-13268
-5129
-2556
-2925
-432
-299
-926
5264
13681
19124
22311
21725
18819
15680
12652
14564
20184
21552
19516
17389
12060
3934
-566
-483
-1193
-3176
-4177
-6783
-12159
-17158
-19624
-19818
-19529
-18600
-15705
-14097
-15596
-15846
-14044
-12043
-7902
-2478
1688
5016
6935
8423
10651
12352
15425
18838
19166
19818
20765
18782
17415
17117
14721
12284
11170
9312
6475
3737
370
-3712
-7105
-10371
-13036
-13863
-15200
-16926
-17694
-19635
-21453
-21498
-21412
-20514
-19613
-18535
-12762
-5984
-4565
-3669
-532
-181
-99
5419
12645
17345
20212
20551
18729
16119
13731
16062
21056
20468
17531
16142
10617
3665
1750
984
-1107
-2442
-4501
-8256
-12493
-16666
-18868
-18494
-18693
-18877
-16203
-14427
-15489
-15290
-13945
-12051
-7904
-3334
730
4697
7537
8699
9149
12040
15435
16320
19804
23254
20850
18744
18062
15764
14130
12825
12525
11859
7531
3813
1056
-3320
-6640
-9443
-11455
-12341
-15493
-17473
-17126
-19937
-22380
-21179
-21045
-21424
-20554
-19091
-13455
-6524
-5330
-4555
-1239
-1884
-2072
4575
11776
16324
20014
20469
17945
15179
13720
16524
20937
20731
18436
16713
11593
5215
2970
2119
-67
-1331
-2776
-6614
-11363
-15589
-17664
-17662
-18624
-18667
-16016
-15121
-15845
-14950
-13688
-12598
-10369
-5567
1057
4788
5925
8191
9068
8851
12720
17942
20109
21581
22266
19918
16860
14671
13215
13512
13797
12118
9660
5621
-258
-4049
-6021
-9464
-11514
-11339
-13701
-16698
-17291
-18950
-21405
-22221
-21971
-20875
-20625
-19398
-12885
-7030
-6711
-5401
-2166
-2291
-1805
5106
13086
17405
19685
18233
15809
15576
13658
15672
23537
23083
17381
16744
12559
4922
1908
2870
3113
-102
-2707
-5329
-11031
-16542
-17852
-17102
-17592
-16591
-15086
-15629
-16526
-16435
-15416
-13405
-10064
-5249
623
4043
4686
5787
6442
7411
11569
16130
18817
20952
20962
18744
16588
14159
13092
14793
14969
12562
10304
5990
-548
-4426
-6172
-8679
-9968
-9936
-11977
-15454
-17556
-19337
-21282
-21755
-21387
-20735
-19679
-17208
-12198
-8114
-7452
-5867
-3490
-3216
-442
5572
11494
15422
16688
16244
14378
13093
13704
17715
21765
21140
19381
16102
10232
5323
3588
4094
3115
1634
-651
-6436
-11679
-15013
-16735
-15857
-15355
-14760
-14239
-15618
-16968
-17642
-16230
-12189
-7455
-3332
-191
2098
2553
2753
4990
8632
13215
17099
19143
19568
18272
16107
15757
17222
16014
15459
15692
11625
8275
5027
661
-1065
-2850
-5648
-6785
-9200
-13834
-15430
-17155
-20164
-20582
-20358
-21074
-21186
-20313
-19348
-14493
-9481
-9023
-7083
-4486
-3832
-1375
4424
9876
12969
15501
15968
15087
14910
14715
17678
21255
20075
18094
16209
11933
7392
5691
5633
3600
1376
-848
-5242
-9445
-12800
-14016
-13834
-15801
-16237
-15017
-16030
-17612
-17088
-15119
-12948
-9001
-5670
-3065
-35
640
2403
5726
8369
12339
15816
16928
17640
17534
15906
15708
16768
16712
16382
15517
12527
8638
5107
1948
176
-1719
-5161
-7210
-9462
-13655
-15825
-16966
-19448
-20361
-19753
-21081
-21477
-20828
-19823
-14156
-9655
-8822
-6392
-4281
-4568
-2461
3813
8714
12682
15719
15196
14912
14424
14264
18563
21217
19203
18456
16767
11619
7940
6897
6672
4917
2237
497
-4204
-9321
-11532
-13286
-14371
-15708
-15801
-15064
-16400
-17811
-16795
-14855
-13746
-9850
-4003
-1485
-1303
385
2684
3603
6574
12209
16063
17184
17709
17663
15738
14420
15838
17760
17714
15418
12881
9435
4118
486
-66
-1503
-5039
-6234
-8038
-13463
-16281
-17494
-19334
-20287
-21297
-20606
-20214
-20502
-16881
-12016
-10014
-9435
-7317
-5673
-5467
-1426
5547
9949
12061
13420
13413
12728
12935
15764
19894
20964
19501
17765
14100
9270
7226
7485
7050
5776
3527
-617
-5536
-9829
-12572
-12874
-12505
-13080
-13273
-13898
-16473
-18253
-16973
-13901
-9955
-5982
-3773
-3145
-2674
-1414
1538
6049
10384
13575
15370
15036
13530
13393
14952
16159
17265
17445
15460
13004
9797
6660
4321
1665
-385
-1177
-4000
-7947
-9039
-11820
-15304
-16782
-18792
-19577
-20583
-21679
-20300
-17472
-13969
-11080
-9660
-8888
-8361
-7319
-3593
2259
7532
10772
11973
11697
10494
10690
13933
18065
20275
20389
18712
15256
11116
8024
7302
7542
6732
5190
2689
-1871
-6263
-9268
-11715
-12095
-11911
-12325
-12504
-13850
-15827
-16096
-14490
-12790
-8408
-2873
-2836
-2429
474
254
1858
7035
11251
13720
15017
15143
14094
13540
13738
14831
16407
15646
13366
11310
7726
2973
563
-282
-2370
-4449
-5797
-8364
-11863
-14609
-17026
-18902
-19812
-20781
-20262
-16684
-13458
-12702
-11902
-10864
-11197
-10273
-5772
-193
4856
9226
10695
9517
8615
8497
10604
15817
19809
20684
20170
16718
11083
8260
7691
8123
9477
8605
5865
1116
-5069
-8007
-8983
-11044
-10027
-7836
-10214
-12108
-13024
-14429
-13550
-12627
-9733
-6134
-5273
-2841
-405
158
1787
3966
6493
8659
10262
12574
13347
12683
13244
13192
11987
11802
11637
10294
8347
6199
2931
-740
-3189
-5143
-5760
-6090
-8060
-10437
-13612
-17501
-20109
-20259
-17497
-13046
-9806
-9176
-10082
-11330
-12443
-10459
-4680
524
5092
8558
8474
7179
6077
6693
10506
14460
16721
18169
17095
12870
9272
7740
7061
7379
8128
7329
4215
165
-3127
-5627
-7672
-8529
-8189
-7887
-8352
-9253
-9747
-10017
-10741
-10564
-8506
-5703
-2811
470
2747
2863
2354
2761
4541
6946
10106
13125
13824
12549
9964
8509
8651
8336
8296
8241
6536
2825
-1178
-4281
-6469
-7144
-6955
-7010
-8574
-12344
-15721
-17917
-19007
-15750
-10880
-8196
-7224
-8486
-10369
-11148
-8598
-3021
2189
6444
8286
7806
6075
4918
7474
11148
13627
15752
16345
13969
10021
7902
6831
5743
6491
7201
5613
2564
-915
-4310
-6741
-8011
-8096
-7026
-6886
-7715
-7698
-8013
-9454
-9713
-8081
-6219
-3735
209
3157
3351
2919
3395
4271
5639
8190
11565
13444
12812
11042
8767
6767
5982
6291
7292
6589
3127
-413
-4007
-7787
-9034
-8436
-8281
-9046
-11257
-14562
-17923
-19272
-16319
-11452
-8587
-7380
-7200
-9109
-10809
-8079
-2443
2162
6061
8830
8642
7199
6850
8124
10737
13186
15238
16715
15168
11511
8760
7573
6711
6065
6562
5385
2075
-797
-3876
-6530
-7926
-8835
-8852
-8197
-8566
-9411
-8037
-7301
-9717
-9380
-6572
-5499
-2035
3070
4324
3673
4274
4316
4583
7645
10877
13647
15058
12768
10319
8799
6707
6400
8040
7670
4491
924
-3522
-8289
-10314
-9928
-8968
-8920
-11323
-15249
-18829
-21126
-18819
-12934
-9811
-8175
-7495
-9595
-11557
-9974
-4133
1708
6425
9313
9251
7668
5946
7946
12301
15225
17205
18251
16129
12352
10352
9362
8413
7645
7314
5794
2757
-800
-3365
-5250
-8295
-9132
-9012
-9569
-9715
-10273
-9440
-8782
-9931
-10207
-8352
-6535
-4096
709
3795
3867
4120
4628
4882
7034
10997
14320
16167
15283
11875
9355
8374
7926
9278
10098
7217
2968
-1683
-6856
-9468
-9244
-8639
-8833
-10916
-14619
-18590
-21653
-21071
-16339
-11969
-9586
-8029
-9461
-13001
-13005
-8201
-2297
3495
8454
9850
7945
6291
6265
8705
13952
16672
18243
19393
14851
10813
9862
8511
8297
9193
8792
6280
2998
-579
-3849
-6651
-7954
-7903
-8407
-8683
-9426
-10632
-10660
-10708
-11194
-10450
-8834
-6448
-2304
1205
2249
2599
2659
2633
4859
8866
12187
14935
16206
14047
10758
9099
8430
8975
10815
10893
8041
3628
-2090
-6903
-8389
-8210
-7895
-7724
-10147
-15682
-20384
-22379
-20621
-15262
-10914
-9312
-9410
-11498
-14588
-14375
-9001
-2972
2312
7218
8355
6101
4048
5043
9246
13298
16637
19221
18431
14674
11449
10251
9350
9034
10179
10059
7707
4457
1209
-2162
-5730
-7171
-7281
-7918
-7785
-8222
-9048
-9240
-10513
-11865
-11344
-9403
-6927
-3184
134
837
881
1291
1407
3176
7035
10565
13795
14225
11640
9697
9032
9190
9246
10628
10385
6247
2093
-1303
-4975
-6778
-5314
-5748
-7499
-10361
-16053
-19261
-20312
-18298
-13025
-10565
-10540
-10920
-13295
-14825
-11677
-6574
-1815
2758
5423
5075
3641
3676
6125
10303
13831
15859
16964
15689
12831
11264
10658
10142
10521
10826
8877
6221
3878
1146
-1256
-3282
-4537
-5423
-6093
-7198
-8735
-8862
-9142
-10231
-10488
-9708
-8315
-5804
-2476
-568
-469
-365
161
1151
3952
7271
10175
12532
12081
10378
9366
8344
8197
9900
11237
9142
5489
1569
-3251
-5305
-4517
-4114
-4318
-6251
-10544
-15507
-18936
-18606
-14249
-9881
-8735
-9253
-11496
-15542
-16152
-10958
-4664
121
3929
4825
2452
598
1937
6047
10706
13756
15931
16579
13306
9825
9772
10298
10275
11450
11781
8823
5096
2969
232
-2407
-2388
-3570
-4752
-4034
-6268
-8077
-7154
-7865
-9252
-9031
-8092
-6732
-4592
-2359
-897
-783
-811
-273
792
3189
6226
9692
11649
10053
8076
7261
6497
7542
10037
10394
8001
4341
28
-3877
-5256
-4161
-3077
-3570
-6474
-11488
-16464
-19389
-17949
-12350
-8192
-7980
-8705
-10781
-14660
-14855
-9791
-4077
843
4818
5239
2188
-148
1322
5731
10313
14093
16475
15614
12002
8951
8497
8474
8922
11386
11569
8554
5687
3061
138
-2564
-3187
-2600
-3263
-3858
-4407
-5811
-7011
-7979
-9008
-9196
-7855
-5848
-3432
-1250
-561
-484
-465
-643
289
3111
6610
9529
10694
9283
6968
5878
6044
7119
9041
9836
7624
3520
-1277
-5392
-6250
-4747
-3493
-3232
-5873
-11474
-16668
-19084
-16832
-11230
-7375
-6343
-7123
-10834
-15014
-14299
-8658
-2491
2756
6521
5772
1873
128
1883
5763
10130
13566
15551
14368
10591
8402
7833
7183
8658
11120
10050
6665
4167
1580
-1179
-2103
-1760
-2026
-2902
-3885
-5261
-6501
-6558
-6351
-7119
-7536
-6058
-3583
-1823
-530
599
449
-90
802
2819
5226
7627
9441
9908
7865
5277
5370
6156
6671
8062
8316
5810
1098
-3627
-6636
-7218
-5731
-3959
-3630
-7127
-12916
-17365
-19670
-16792
-10118
-6341
-5568
-6706
-10870
-15023
-13890
-7500
-788
5061
8291
5983
2160
148
1181
6274
11693
15210
16853
14696
9765
6164
5368
6265
8264
10295
9767
6703
2977
-777
-2986
-3581
-3761
-3310
-3396
-3972
-4366
-5965
-6758
-5962
-6609
-6236
-3296
-1133
-41
859
1850
2006
1326
2437
5004
6948
9025
11262
10818
8024
5784
5063
5400
5882
7030
7669
4721
-697
-5501
-8577
-9501
-8320
-5988
-5487
-9733
-15591
-19201
-21074
-18591
-10973
-5748
-5037
-5603
-9520
-14007
-12200
-6799
-1077
6029
10285
8859
5803
3401
2873
6409
11927
16130
18052
16291
11423
7155
5255
5083
6606
8841
8854
6008
2320
-1540
-4887
-6269
-5837
-4713
-4232
-5031
-6690
-8954
-10194
-9031
-6487
-2995
-105
-62
-578
-199
-557
747
5049
8288
9854
11221
10602
8915
8664
8869
9481
10651
10155
8435
6931
4071
114
-2651
-4740
-6767
-7680
-8416
-9535
-10613
-13690
-17921
-20410
-21867
-19530
-12280
-7930
-7638
-7374
-9947
-13573
-11893
-6314
30
6896
11175
10286
7325
4369
3278
8755
15669
17719
20180
19403
10773
5942
6608
6021
7824
10929
10160
6265
296
-4577
-6615
-8324
-7982
-4925
-4296
-7075
-9521
-10987
-12289
-11563
-8137
-4701
-2594
-1092
-282
-428
-346
1373
4264
7061
9696
11869
12479
11527
10454
10140
10038
10223
11129
11192
9479
7034
3891
-122
-4066
-6704
-7447
-7843
-8629
-9139
-11761
-16749
-20094
-21952
-22462
-17860
-10917
-7908
-8013
-9222
-12056
-13937
-11345
-4297
4015
9192
10510
9836
6444
2847
5249
11803
16618
19719
20659
16864
10754
6555
5571
7120
8906
9776
9228
4638
-2154
-5524
-6756
-8080
-6716
-4814
-6472
-8958
-10263
-11891
-12507
-10475
-7470
-4969
-3329
-2576
-1307
-200
-243
2409
6595
7694
9964
13568
12712
10981
11492
11409
10925
11302
12121
11412
9208
6947
3006
-649
-2908
-6206
-6644
-5866
-8771
-10285
-12482
-18555
-21011
-21115
-21395
-16404
-10383
-9455
-9952
-10491
-12712
-13412
-9261
-2400
3706
8082
9844
8162
5247
4635
7629
13042
17976
20125
19486
15808
10210
7247
7659
8447
10022
11312
8153
2259
-2171
-5708
-8115
-7505
-6274
-6548
-7241
-9192
-12260
-13662
-13709
-12482
-8270
-4527
-3900
-2729
-1335
-2366
-1595
2658
5927
8251
11384
12830
12016
11440
11735
12228
12797
13215
13048
12274
10006
6488
3829
1010
-2467
-4004
-4788
-7053
-8785
-10500
-13824
-16909
-19360
-21086
-20794
-16846
-12339
-11295
-10858
-11728
-13938
-13181
-9491
-3051
3799
7936
9192
7821
5782
4379
7181
13670
17821
19942
19677
15831
11284
8490
8202
9897
11565
11297
8663
4289
-1223
-6442
-6814
-6114
-7459
-6008
-6363
-10230
-12684
-13205
-13538
-13161
-10063
-6589
-4884
-4141
-2936
-2254
-1806
1177
5014
7738
9754
11191
11782
11522
11201
12203
14091
14447
13446
12505
10506
7145
4987
3714
929
-2222
-4295
-6626
-9160
-10336
-12117
-14877
-16777
-19207
-21498
-20444
-16090
-12636
-11896
-11365
-11848
-13396
-12324
-7675
-1491
3422
7010
8876
7269
5260
6064
9802
15015
18706
19904
19033
15259
10350
8454
9196
10285
11548
11127
7353
2225
-2162
-5281
-6755
-6943
-6406
-6153
-7958
-11109
-12968
-13525
-13788
-12250
-8662
-6224
-5923
-5264
-4082
-3309
-1014
2728
5281
7135
8923
9766
10711
11825
12143
12753
13653
13883
13811
13060
10982
8597
6635
4246
1462
-940
-3685
-6322
-7660
-9039
-11056
-13710
-17045
-18953
-19965
-20628
-17385
-12626
-11659
-12176
-12033
-12859
-13091
-9566
-3149
2314
5534
7377
6871
4894
5316
8878
13680
17917
19514
18601
16153
12025
9283
10079
11063
11416
11903
9228
3765
-360
-3365
-5739
-5924
-5407
-5974
-7283
-9880
-13148
-14377
-13507
-12500
-10675
-7471
-6121
-6581
-5108
-3710
-3337
-56
3764
5537
7791
9380
9995
11429
11841
11780
13214
14058
13550
13488
13022
10412
7935
6700
3706
505
-466
-2578
-5654
-7055
-9043
-12332
-14995
-17039
-18717
-19790
-19450
-16905
-14039
-12949
-12760
-12582
-12942
-12480
-8593
-2618
1712
4592
7075
6885
5351
7012
10768
14176
17509
19227
18399
15774
12256
10722
11342
11528
11879
11770
8488
3617
-115
-3210
-5357
-5513
-5885
-6615
-7040
-10645
-13733
-12636
-14364
-15687
-11379
-9739
-8983
-4359
-2549
-3259
-3449
-3375
-447
3714
7538
11836
13710
13041
11552
9950
10569
12799
14872
16825
16782
13523
8997
5254
2395
339
20
253
-1395
-5158
-10295
-14959
-17267
-18003
-18105
-17936
-18452
-18270
-16332
-15601
-16141
-14763
-13218
-12860
-9675
-3809
419
3062
5285
5720
5120
6384
10266
15184
18593
19178
18548
17076
13599
11255
12529
13814
13763
13925
11547
5344
-425
-3449
-4666
-4328
-3332
-3610
-5910
-10038
-14619
-16893
-16022
-13477
-10530
-8579
-8327
-9163
-10631
-10670
-7136
-2179
1782
5068
6790
6241
6066
8051
10741
13205
15891
17657
17077
14721
12600
12539
13001
11913
10834
9374
5043
727
-1527
-4596
-7746
-9038
-10255
-12980
-15364
-16862
-19332
-21107
-22013
-21482
-16935
-13469
-13330
-11913
-10748
-11589
-10348
-5835
-1323
2612
6795
9147
9279
8666
9005
12068
15544
17553
19137
19443
17032
13204
11404
10948
10144
10643
10400
7567
4249
355
-3676
-5741
-6955
-8075
-7930
-7811
-10507
-14088
-15178
-16509
-16920
-13269
-10234
-9464
-8182
-6905
-7148
-6826
-3742
278
3825
7547
10481
11809
12470
12435
13074
14476
15219
16843
18486
17918
15652
13251
10615
7303
5512
4743
3141
1058
-2367
-6403
-10039
-13389
-14896
-15372
-16381
-17725
-19599
-21609
-22423
-19862
-15790
-13581
-11511
-10084
-10878
-11153
-8598
-3810
1078
5478
8814
9339
8537
8911
10969
14774
18023
19675
20433
18341
14679
12298
11492
11514
11704
11424
8869
4970
919
-3207
-5809
-6849
-7579
-8116
-9349
-11485
-14133
-17253
-16992
-16190
-16963
-14009
-11890
-12161
-10768
-8185
-4463
-1516
294
3134
5244
6083
9321
13477
15270
15803
16852
17628
16816
17209
18792
18515
16748
14817
12496
9322
6399
4205
1883
-1569
-4726
-6753
-9899
-13631
-15473
-16236
-17938
-19443
-20435
-21681
-22454
-20668
-16209
-13632
-12534
-10717
-10193
-10270
-8179
-3511
1629
6059
9484
11180
10646
9620
11458
15302
18277
19925
20136
18433
15517
13444
12726
11966
10746
9711
8172
4641
570
-2759
-5597
-7201
-8040
-8996
-10716
-12983
-15267
-16864
-16575
-16194
-16134
-14700
-13323
-11941
-9738
-8803
-8135
-5732
-2746
131
3965
9582
12844
12455
13203
13759
13507
16207
19849
21060
20232
18546
15832
12583
10364
9314
9859
9948
7064
3655
-905
-7146
-10409
-10669
-11068
-11744
-12257
-14690
-19045
-21265
-21008
-20396
-19812
-18148
-14337
-11115
-10238
-9240
-8031
-7693
-5855
-1033
4484
8423
11253
13382
12655
10609
11456
14104
17344
20031
20290
19256
16322
11925
9217
8777
8648
7940
7666
5336
-496
-5070
-7635
-10676
-11798
-10787
-10592
-11464
-13044
-15579
-18015
-18365
-17222
-14711
-10495
-8068
-7138
-6146
-7193
-7708
-4939
-525
4371
9754
13324
12384
10655
10806
12176
15620
19291
20601
19594
17014
13365
10862
10439
10433
10709
10482
7611
3137
-496
-3810
-6256
-7172
-7996
-9055
-10878
-13313
-15716
-17248
-17563
-18069
-18291
-17954
-17595
-16903
-15807
-12523
-8489
-6598
-5021
-3408
-2699
-1026
3256
7828
10528
12781
14317
13569
12607
13708
15639
17794
18977
17851
16014
13481
9803
8501
8568
5509
4407
3808
-1323
-4777
-6555
-9211
-10827
-10943
-11515
-13314
-14609
-15598
-15796
-15360
-14547
-13199
-11986
-10690
-9416
-7560
-5510
-4143
-2359
115
2212
4683
7416
8628
9734
11472
12499
13943
15832
16250
15818
15192
13875
12761
12092
11087
10095
9128
7139
4565
2738
916
-1481
-2880
-3525
-5275
-7126
-8361
-10718
-13274
-14343
-15057
-15324
-14569
-14049
-13952
-14154
-15422
-16919
-15617
-10252
-4803
-2274
-594
-101
-2095
-2417
1482
6542
10876
14706
16353
14443
11432
10462
11980
14687
16644
17270
16855
13605
8031
4743
3796
2547
2841
3577
509
-3730
-6410
-9887
-12892
-13319
-13134
-12702
-11625
-11826
-13340
-14049
-14093
-14157
-12307
-8734
-6089
-3668
-1435
-1620
-2269
-1137
512
3148
8043
12134
12689
12822
12806
9719
9281
14104
16589
16678
17126
14589
10190
6925
5584
6684
7414
7014
6444
3049
-2094
-4838
-5882
-6593
-6033
-5298
-7053
-10768
-13984
-16469
-17333
-16054
-14110
-12289
-12299
-14225
-15972
-16908
-15465
-9394
-3262
-1137
739
949
-1538
-1013
3418
8090
12424
17049
17820
14663
12475
11861
13181
16234
17361
17166
16862
12782
7796
5753
3504
899
1203
2062
-904
-4206
-6660
-10909
-14227
-14932
-14351
-13046
-11662
-12186
-13507
-13655
-14435
-14443
-11422
-8379
-5850
-2193
-462
-1233
-1369
-890
665
4328
8228
10820
12449
12932
11840
10534
10636
11665
13073
14787
15023
13100
10403
7519
5079
4249
4853
5871
6487
4658
427
-3241
-5383
-6533
-6029
-4408
-4876
-6609
-8523
-12340
-15860
-16122
-14610
-12736
-9617
-10040
-13109
-14458
-17453
-16880
-9820
-3402
527
2507
1282
-1521
-2119
422
5267
11061
16184
17802
15467
12459
9948
10228
14011
16752
17301
17039
14128
8963
5024
2612
1095
1521
2262
282
-3396
-6796
-10152
-12869
-14251
-14454
-13127
-11556
-11753
-12465
-12677
-13794
-14412
-12297
-9269
-6377
-2763
-675
-1368
-1719
-588
948
4037
8207
10620
11554
11571
9697
8640
10366
11882
12974
14897
14612
11645
9235
7168
4792
4160
5197
5989
5695
3409
-170
-2553
-3736
-4574
-3744
-2589
-3471
-4906
-6346
-8944
-11576
-12532
-12235
-11152
-9921
-8933
-8772
-10518
-12477
-13950
-14250
-11738
-5396
898
2170
1969
83
-3321
-2483
2803
9068
13815
16998
16435
12311
8666
7148
9554
14144
16432
17074
16502
11486
4511
771
-241
93
1812
3213
883
-4690
-9165
-12536
-14652
-13935
-12187
-9987
-9089
-10941
-13018
-14453
-15402
-14174
-9942
-5774
-3695
-1653
-811
-2966
-3571
-1276
1539
5211
8336
10207
11103
9974
7886
7435
8391
9318
11781
13803
12441
10646
8987
5848
3892
3875
4433
6572
7727
5546
1952
-1674
-4155
-3923
-971
862
661
706
-1660
-5820
-8100
-9241
-9155
-7900
-7121
-7163
-8150
-10238
-12278
-13226
-14337
-15307
-13517
-8848
-4565
-3207
-3426
-4361
-6249
-6066
-1364
4924
9707
13109
14216
11838
8549
8077
10927
15338
18844
19960
18552
14560
9152
5542
5557
6397
6883
7488
4893
-1092
-6320
-9127
-11173
-12132
-10415
-9358
-10644
-13041
-16517
-17888
-17223
-16512
-13035
-9491
-8964
-7868
-7500
-8238
-6279
-4863
-2309
3545
5210
6185
9527
9060
8729
9799
9609
11956
13895
14005
15795
15056
12000
10497
8536
6960
7439
8005
8456
8047
4724
1219
-898
-2995
-3429
-2009
-986
-1919
-4082
-6237
-9067
-10536
-9332
-7895
-7446
-8731
-11014
-12664
-13693
-13754
-12092
-9970
-9893
-10790
-10760
-9386
-5053
-429
1213
2375
2286
51
1829
7283
10696
14328
17674
15905
12316
10781
10935
13320
16546
16567
14052
11668
7517
3545
2583
1710
393
-192
-1946
-6059
-9683
-11204
-12775
-13823
-13441
-14124
-14502
-13805
-14457
-14021
-12646
-12291
-10958
-9015
-7153
-4202
-767
881
1257
2182
3137
4716
7854
10657
11850
12731
12476
10205
8914
9079
9054
10164
11140
9840
8141
5241
1612
1
405
2380
3375
2813
674
-4234
-6881
-4782
-4208
-3281
1116
813
-1498
-1771
-4118
-3890
-1267
669
3071
2716
170
-2930
-6776
-7762
-6046
-4287
-2551
-2542
-5452
-9735
-13257
-13353
-8428
-2327
341
1149
19
-4638
-6556
-2658
948
4857
11046
12618
9570
7614
6810
7005
9855
13210
13978
14193
12522
7770
4901
3560
1491
1666
3591
1893
-1884
-3997
-7454
-11857
-13181
-12992
-12980
-11308
-9984
-11052
-11971
-13214
-15148
-14022
-10934
-8372
-4011
-660
-2108
-3486
-2899
-2845
-359
5021
8423
10393
12413
11516
8855
7707
7326
8579
12133
13843
13279
12252
8668
4008
2582
3153
3957
6682
8035
5124
1474
-2023
-4744
-5132
-3689
-742
1228
959
-1040
-4348
-6298
-6539
-4703
-512
959
289
79
-4004
-8322
-8624
-9106
-6463
-2120
-2948
-3598
-5730
-11986
-13340
-10070
-4729
703
2564
3375
396
-4560
-3376
-99
2622
8419
12689
11779
9358
6733
5272
6531
8990
11344
12862
11900
7681
3816
1850
-679
-1399
778
292
-2967
-4360
-5949
-9676
-11474
-11325
-12121
-11236
-8236
-7601
-8626
-9245
-10943
-11406
-8615
-5993
-3125
759
785
-1062
-160
-347
-483
3548
6508
7327
9558
9452
6817
5862
4963
4225
6443
8475
7895
7113
5119
975
-1063
-403
-136
1570
4238
2379
-1146
-1880
-2753
-2862
576
3220
2973
3467
3119
1300
1718
2730
3810
5557
5883
5761
5032
3735
3072
1732
99
-1451
-2903
-4134
-6070
-7577
-8478
-10552
-13400
-15986
-16183
-11868
-7395
-6598
-6466
-7356
-11146
-11593
-5925
-1358
2103
8656
11123
6904
4574
5010
6536
11857
16801
17753
17294
13971
8587
6756
6680
5710
7318
9109
5508
158
-2615
-5575
-9019
-9466
-8139
-8188
-8844
-9487
-11426
-13486
-13862
-13258
-11997
-10075
-8366
-6271
-4365
-4614
-4946
-3657
-2674
-645
3581
6315
7142
7866
6892
5171
5268
6136
7969
10589
10500
8449
7044
4662
2293
2673
3501
3634
4917
5010
1831
-1156
-2247
-2999
-2308
273
1676
1440
1109
-100
-1590
-906
1226
3626
5966
6254
4970
3915
2494
1855
3402
4503
4068
2479
-1216
-4926
-6752
-7304
-7366
-7243
-8270
-11416
-14434
-16902
-16573
-12121
-8988
-7979
-6928
-8582
-11206
-8564
-3847
-968
3711
8425
8551
6759
7205
8895
11350
14909
16279
16311
16100
12731
11277
12082
8413
7514
10226
7183
3773
2613
-762
-3874
-6834
-9044
-9169
-10154
-10157
-9645
-12044
-14471
-15875
-16146
-14297
-13144
-11272
-7078
-6279
-8702
-8388
-6912
-6041
-1817
3621
5310
6191
7783
7176
6291
7444
9564
12844
15400
14385
12519
11131
8276
7308
9115
8731
8057
9122
6620
1831
67
-771
-1788
-728
89
-1225
-2380
-3809
-6209
-6522
-5244
-4369
-2358
-1372
-2930
-2886
-2536
-4201
-3745
-1793
-1798
-1637
-1523
-4107
-6568
-6599
-6965
-7407
-6614
-7590
-7834
-3252
-1019
-3601
-3279
-2389
-4548
-2666
2175
3496
5385
8409
6750
4114
4991
6544
9153
12785
12855
10759
9678
6896
3700
4154
5252
4584
4485
3578
-756
-4781
-5379
-6204
-7690
-7147
-7144
-8474
-9465
-10071
-10204
-11924
-11345
-6346
-7073
-8997
-3744
-2680
-5397
-3593
-1938
-968
266
2125
5987
5922
4391
6533
6138
4864
6992
8691
9973
10547
8552
6780
5937
4405
3534
4502
5222
4560
3726
1642
-1622
-2922
-2762
-2498
-1213
-443
-1478
-2780
-3822
-4813
-4591
-2576
-311
977
1406
498
-1212
-1813
-1457
-397
1506
2686
2837
2063
-585
-3788
-5502
-5975
-5794
-5592
-5947
-6107
-5100
-3732
-4391
-5255
-5057
-6019
-5410
-2352
21
1924
3736
3871
2037
1180
2834
5428
8607
10763
10334
9325
7424
4604
4233
5234
5655
6643
6394
3262
-370
-1929
-2570
-3754
-3534
-2907
-3958
-5657
-7478
-9126
-9974
-9240
-7705
-6753
-6164
-6288
-6684
-6458
-6504
-6251
-4283
-2445
-1517
385
1564
1790
3354
3966
3940
5637
6889
7841
10288
10811
9396
9289
7560
5603
6075
6487
7447
8111
6393
3286
606
-901
-1848
-1804
-737
-921
-2610
-3778
-5322
-7442
-7449
-5760
-4037
-2284
-1710
-2502
-2937
-3188
-2959
-941
1527
3231
4289
3924
2553
1499
823
343
657
1020
211
-1090
-3161
-6083
-7445
-5104
-2253
-1792
-1805
-3337
-6221
-7153
-5544
-3243
-1031
1880
3221
1870
237
112
1951
4555
6475
7726
8248
6846
4899
4401
3852
3317
4848
6132
4235
1808
1075
-408
-3054
-3925
-3840
-4674
-4367
-3826
-5603
-7002
-6988
-7671
-7893
-7062
-6293
-4880
-3745
-4543
-5253
-4468
-3525
-1823
1007
2447
2939
4491
4841
3813
4257
5641
7302
9276
10128
9660
8578
6659
4489
3740
4671
5300
5693
5955
2217
-1706
-1986
-3300
-3588
-1765
-1886
-2694
-3195
-5015
-6650
-6318
-5170
-3585
-2117
-1351
-1101
-1301
-1352
-1310
-455
1489
3089
4017
4287
3649
3093
3096
2734
2211
2145
1879
952
-352
-2102
-3956
-5354
-6668
-7007
-5095
-2985
-2778
-3483
-5041
-7740
-8581
-6351
-3925
-1712
1200
2209
339
-1181
-992
188
2925
6414
8174
8077
6893
4795
3444
3581
4237
5924
7660
6648
4205
2392
-6
-1883
-1429
-930
-1132
-714
-1350
-3606
-5301
-5997
-6152
-5595
-4713
-3932
-3344
-3492
-4483
-4819
-4077
-3223
-1282
1234
1873
2157
3176
2883
2307
3016
4020
5168
6037
5728
5069
4291
2860
1800
1617
1579
2021
2944
2819
1162
-459
-1351
-2170
-1690
-256
-110
566
825
-1869
-2492
-1142
-1866
-439
2502
2340
1391
637
-378
-908
-1299
-504
572
183
-616
-1998
-3695
-5290
-7181
-7435
-6468
-6092
-5119
-4021
-4430
-5204
-5625
-5655
-4844
-3235
-901
1299
2864
2714
2032
2755
3175
4532
7246
8941
9546
9409
8339
6528
5382
5333
6061
6799
6437
5228
3451
944
-1742
-2968
-3007
-3382
-3607
-3958
-5486
-7000
-7784
-8376
-8167
-7369
-6490
-5062
-4297
-4723
-4479
-3766
-3372
-1905
161
1330
2393
3699
4519
4828
4860
5056
5557
5989
6534
7122
6785
5360
3937
2941
1847
1266
1934
2353
1370
1
-1281
-2955
-4184
-3834
-2770
-2335
-2419
-2760
-3558
-4395
-4697
-3932
-2500
-1514
-633
160
84
-410
-274
482
1299
2402
3841
3801
3044
3705
2628
1438
2836
2691
2100
2445
1931
965
-341
-1269
-1520
-2394
-3092
-2721
-3462
-4660
-5101
-5925
-6233
-6105
-6168
-5828
-5295
-4879
-4700
-4453
-3774
-2981
-1958
-513
811
1708
2034
2450
3336
3946
4978
6590
7107
6983
7272
7296
7380
7863
7900
7847
7875
7142
6506
6317
5272
4279
4161
3174
1753
1231
260
-957
-1238
-2092
-3595
-4163
-4831
-6326
-7460
-8360
-9308
-9526
-9544
-10110
-10507
-10721
-11349
-11735
-11918
-12216
-10599
-6559
-3313
-1812
-493
-211
-895
492
3880
6931
10044
13184
13940
12192
10760
11001
12316
14237
15542
15292
14088
11402
7742
5319
3535
2497
3150
2341
-865
-3712
-6308
-9166
-10956
-11391
-11499
-11540
-11197
-11655
-12822
-13035
-12585
-11229
-9440
-8386
-5812
-2940
-2538
-1549
-15
369
2422
5543
7457
9052
10430
11034
10597
9532
9113
9486
10369
10816
9851
8444
6520
3602
1384
62
-1094
-1140
-870
-2361
-4962
-7172
-8810
-9568
-9309
-8708
-8007
-7398
-7523
-8241
-8542
-7884
-6381
-4263
-2230
-922
58
864
1219
1658
2628
4224
6210
7352
7340
7200
6823
5945
5466
5407
5010
4693
4616
3746
2157
763
-299
-925
-1431
-2164
-2353
-2387
-3194
-3838
-4133
-4742
-4773
-4073
-3718
-3505
-2929
-2452
-2225
-1969
-1752
-1352
-347
542
593
636
1112
1386
1657
2101
2114
2044
2244
2209
2325
2833
2921
2640
2323
1642
1004
997
1086
828
547
308
-88
-521
-836
-1068
-977
-592
-673
-1044
-989
-1138
-1377
-1110
-1027
-651
-219
-835
-859
-584
-1407
-1201
-292
-720
-681
75
-204
-548
-377
-267
-305
-344
-38
130
63
152
73
82
207
73
327
522
28
-30
184
-81
-264
-45
39
-181
-59
165
41
3
110
213
296
248
309
583
536
295
358
313
133
482
837
475
247
496
403
275
439
320
232
380
153
-172
-269
-306
-75
108
-95
3
368
245
2
171
400
519
673
786
778
574
337
404
412
201
422
720
292
-197
-319
-668
-1000
-911
-778
-658
-675
-1066
-1373
-1642
-2077
-2008
-1581
-1442
-1247
-993
-1247
-1697
-1797
-1635
-1369
-933
-440
-297
-432
-511
-674
-815
-510
-28
388
911
923
763
1005
989
1074
1517
1913
2277
2632
2912
2970
2813
2802
3198
3430
3318
3409
3506
3240
2822
2547
2160
1630
1516
1613
1121
297
-191
-909
-2497
-4098
-4784
-5010
-5200
-4978
-4706
-5353
-6626
-7668
-8705
-9377
-7856
-4217
-1258
-388
-656
-1683
-2983
-2500
268
3583
6687
9146
9243
6747
4436
4559
6435
8727
10437
10438
8846
6255
3148
1015
332
659
1800
1688
-634
-3089
-5334
-7772
-8979
-8752
-7901
-6609
-5815
-6396
-7350
-7809
-8009
-7096
-4926
-3118
-1124
1343
2051
1548
1704
2097
3103
5076
6824
8173
9045
8402
6550
4899
4047
4097
5019
5846
5289
3446
1317
-995
-3298
-4279
-3734
-2733
-2200
-2960
-4725
-6630
-7792
-7491
-6789
-5549
-3408
-2975
-3493
-3290
-4112
-3984
-1755
-140
1570
3180
3389
3573
3188
2470
3179
4423
5760
6861
6749
6204
5286
3884
3171
3092
3245
3813
4038
3174
1608
-36
-1392
-2126
-2298
-2094
-1624
-1681
-2688
-3949
-5150
-5894
-5370
-4276
-3593
-3007
-2700
-3148
-3616
-3630
-3348
-2299
-1054
-363
339
600
166
42
306
597
1341
2579
3014
2542
2349
2113
1644
1527
1592
1640
1784
1928
1722
1235
661
143
140
377
373
495
566
44
-607
-1041
-1273
-1011
-567
-400
-362
-491
-836
-1142
-1309
-1205
-812
-452
-223
-281
-656
-856
-880
-831
-391
65
344
605
381
-20
-46
-43
226
760
836
781
835
399
-67
166
362
362
962
1081
229
167
309
-286
38
811
732
806
885
547
633
772
690
892
879
562
682
876
603
387
380
45
-389
-402
-375
-635
-812
-916
-1355
-1880
-1983
-1837
-1717
-1603
-1616
-1774
-1923
-1981
-1770
-1398
-1154
-820
-443
-444
-457
-113
194
359
657
992
1164
1265
1412
1506
1469
1393
1361
1390
1393
1322
1263
1128
778
433
273
128
-48
-78
-94
-350
-701
-914
-1076
-1216
-1203
-1065
-982
-955
-935
-1022
-1193
-1176
-935
-692
-448
-78
260
331
224
188
292
550
941
1301
1505
1442
1217
1123
1016
919
1260
1589
1346
1121
1029
481
-17
41
40
-91
33
17
-406
-811
-980
-1162
-1215
-974
-914
-793
-451
-757
-1038
-668
-762
-806
-224
-30
74
362
331
294
205
122
460
701
790
1088
1068
687
516
400
170
302
665
568
251
141
-178
-702
-887
-823
-816
-781
-722
-866
-1194
-1427
-1427
-1325
-1263
-1061
-657
-552
-798
-769
-580
-569
-291
254
529
620
744
747
611
597
907
1285
1369
1353
1423
1267
897
778
908
897
811
906
829
368
67
-18
-294
-406
-196
-131
-251
-467
-735
-934
-1117
-1107
-811
-597
-497
-419
-517
-712
-789
-656
-358
-38
248
429
434
340
279
324
478
690
903
1046
1068
1010
917
763
637
652
705
741
770
624
299
39
-222
-572
-562
-275
-417
-520
-396
-1013
-1586
-1318
-1355
-1389
-768
-567
-775
-872
-1098
-1093
-814
-612
-253
70
17
-56
-43
-162
-87
367
648
608
624
600
500
538
567
584
739
820
753
650
470
390
505
411
150
146
167
18
48
64
-179
-282
-335
-622
-672
-399
-242
-175
-249
-555
-664
-499
-366
-126
196
271
219
141
-59
-20
409
760
891
892
669
426
384
391
502
772
826
574
279
-47
-291
-194
-26
-122
-269
-384
-650
-880
-899
-863
-782
-663
-728
-874
-862
-795
-695
-452
-295
-277
-118
42
-1
57
251
280
285
406
423
414
538
593
526
415
255
191
223
229
268
313
265
-32
-428
-402
-231
-239
41
260
-64
-307
-315
-371
-244
137
502
602
424
218
94
113
363
678
846
804
570
272
-53
-277
-108
193
148
-42
-265
-670
-912
-859
-794
-680
-536
-539
-670
-823
-796
-504
-213
-18
203
368
444
601
767
821
947
1142
1202
1196
1211
1203
1156
972
691
507
380
246
164
13
-268
-530
-795
-1128
-1352
-1346
-1225
-1186
-1286
-1420
-1561
-1619
-1475
-1257
-1011
-706
-525
-459
-383
-333
-157
212
530
723
861
894
825
769
810
922
1060
1135
1048
843
657
552
520
514
440
296
137
-71
-254
-304
-294
-257
-254
-394
-561
-590
-485
-399
-283
-60
-75
-214
-148
-247
-217
272
442
348
412
290
188
277
335
486
566
477
419
268
130
204
295
307
242
141
134
137
75
54
52
22
-17
-95
-144
-63
-14
-92
-185
-304
-393
-359
-396
-454
-399
-452
-565
-601
-725
-778
-649
-609
-574
-470
-469
-460
-380
-354
-305
-123
90
230
339
399
388
442
529
564
688
842
851
778
606
377
293
288
225
192
125
-90
-300
-455
-662
-756
-684
-689
-736
-762
-877
-906
-798
-752
-648
-458
-342
-181
9
83
217
453
575
679
863
983
1094
1235
1222
1129
1129
1094
1003
1004
973
838
735
540
212
32
-71
-207
-249
-384
-590
-662
-801
-975
-985
-929
-809
-694
-716
-747
-705
-585
-440
-322
-148
23
131
227
238
304
525
640
656
694
633
585
640
585
480
490
422
223
71
-73
-197
-188
-229
-407
-529
-599
-705
-760
-766
-769
-731
-685
-709
-744
-693
-593
-497
-386
-274
-169
-39
67
106
163
255
338
406
464
491
496
491
437
354
325
321
332
369
328
238
206
126
22
25
36
31
92
84
-11
-43
-71
-111
-50
14
39
122
137
32
-21
-41
-70
6
112
108
96
78
-30
-102
-70
-33
47
134
103
38
-4
-44
-18
62
120
150
177
170
99
72
94
86
120
115
51
68
31
-37
-16
-91
-147
-103
-158
-185
-168
-224
-229
-254
-318
-296
-275
-258
-214
-227
-225
-191
-183
-154
-116
-102
-70
-26
-4
28
65
62
40
34
30
67
134
157
143
105
45
15
21
48
88
105
81
22
-60
-93
-68
-43
-15
-7
-65
-118
-133
-152
-131
-67
-51
-57
-47
-68
-47
35
72
77
108
92
65
122
176
205
261
258
193
180
181
173
226
254
209
183
145
63
37
53
43
56
63
5
-42
-64
-106
-103
-54
-44
-40
-39
-93
-130
-119
-121
-110
-73
-68
-81
-86
-106
-122
-109
-94
-87
-74
-61
-54
-35
-20
-28
-17
12
4
9
62
84
95
110
85
61
62
69
95
111
103
84
39
-18
-48
-57
-62
-73
-98
-130
-162
-187
-203
-215
-220
-220
-214
-191
-159
-131
-111
-100
-99
-79
-33
32
110
173
191
178
158
148
182
248
309
337
304
219
139
95
101
153
204
202
135
34
-57
-109
-99
-48
-16
-21
-66
-141
-192
-200
-179
-137
-109
-118
-131
-139
-147
-128
-86
-64
-49
-18
0
27
76
100
105
108
88
88
133
177
212
235
207
153
122
115
132
172
188
151
83
-4
-83
-112
-98
-83
-86
-126
-205
-279
-322
-333
-306
-273
-265
-274
-295
-313
-301
-257
-194
-122
-70
-29
19
80
147
206
249
275
294
314
344
376
392
379
341
295
253
222
200
164
103
22
-80
-174
-239
-289
-335
-375
-423
-471
-483
-473
-454
-422
-405
-395
-347
-251
-135
0
108
133
139
185
279
454
666
799
809
711
556
469
511
607
678
654
472
195
-43
-183
-213
-156
-134
-231
-407
-611
-788
-846
-767
-635
-521
-474
-502
-537
-518
-434
-280
-96
51
151
216
249
277
319
363
403
447
480
484
457
388
291
199
125
85
77
62
19
-49
-146
-237
-280
-274
-232
-179
-167
-186
-219
-256
-260
-206
-111
-16
46
67
46
10
4
26
79
135
137
129
103
28
-2
10
0
23
57
39
2
-40
-79
-72
-25
37
87
103
79
43
30
49
97
156
186
178
140
90
59
67
90
105
97
48
-24
-87
-125
-136
-124
-122
-141
-174
-214
-241
-241
-225
-201
-173
-153
-138
-116
-92
-71
-40
-8
25
73
122
155
181
186
173
175
190
215
246
257
234
188
136
96
83
89
88
71
24
-44
-108
-149
-164
-156
-147
-153
-172
-199
-223
-229
-216
-197
-172
-145
-126
-107
-87
-70
-55
-33
-7
25
67
106
133
149
150
144
141
149
165
181
195
188
162
124
90
69
68
80
84
74
47
2
-44
-73
-87
-83
-68
-67
-80
-113
-153
-180
-186
-169
-141
-118
-110
-118
-132
-138
-129
-99
-58
-15
14
30
34
35
45
67
98
134
165
185
189
179
160
143
135
136
145
148
135
105
63
20
-10
-23
-22
-21
-30
-57
-99
-140
-167
-171
-156
-133
-118
-118
-129
-141
-142
-126
-96
-64
-34
-11
5
18
29
40
52
67
85
104
121
126
119
100
78
64
62
71
78
70
43
0
-43
-69
-73
-60
-46
-47
-70
-107
-140
-153
-140
-110
-78
-60
-58
-66
-69
-57
-28
14
49
75
85
87
90
98
116
139
156
157
143
116
95
80
72
63
47
26
0
-23
-44
-58
-68
-74
-78
-82
-91
-98
-99
-93
-75
-52
-32
-17
-8
0
10
24
41
58
69
73
69
64
60
60
61
57
48
33
18
6
-3
-10
-15
-19
-25
-31
-37
-41
-46
-50
-52
-51
-46
-35
-25
-22
-27
-40
-49
-50
-39
-23
-11
-11
-22
-35
-43
-40
-27
-10
3
5
-2
-11
-16
-12
-1
14
25
29
26
22
21
23
31
42
50
55
53
49
42
37
34
35
39
42
40
30
13
-9
-27
-34
-31
-20
-13
-14
-26
-43
-55
-53
-37
-14
4
9
0
-14
-22
-15
8
36
59
67
59
44
30
28
37
51
62
62
49
24
-4
-24
-32
-31
-24
-23
-34
-52
-72
-84
-85
-74
-57
-43
-39
-43
-50
-51
-44
-25
0
23
36
36
30
23
21
28
41
55
62
59
47
31
16
8
8
11
12
5
-9
-29
-45
-54
-54
-46
-37
-31
-33
-39
-44
-44
-36
-21
-6
6
10
8
4
3
11
23
40
55
59
57
49
40
35
35
38
41
38
30
17
4
-6
-8
-6
-1
2
-1
-9
-19
-28
-30
-26
-19
-12
-8
-10
-15
-18
-18
-14
-8
-1
3
3
1
-1
0
3
5
8
11
14
14
8
1
-5
-6
-2
1
3
-2
-9
-13
-12
-8
-3
1
3
4
1
1
0
3
9
11
16
14
11
7
3
0
0
-1
-2
-5
-8
-14
-17
-20
-21
-22
-19
-17
-16
-15
-13
-12
-9
-5
-2
0
2
3
3
6
8
13
17
20
20
18
16
12
10
9
9
7
3
0
-3
-6
-9
-11
-11
-9
-8
-5
-5
-6
-6
-5
-1
4
8
11
10
9
7
9
11
13
13
13
13
13
14
12
9
6
3
0
-4
-7
-10
-13
-13
-11
-10
-12
-12
-13
-10
-9
-6
-5
-4
-3
-3
-2
-2
-2
-1
0
3
5
6
6
5
5
2
2
1
-1
-3
-5
-6
-7
-7
-6
-4
-5
-6
-7
-9
-10
-10
-10
-7
-5
-4
-1
0
-1
1
1
2
2
3
4
4
5
6
5
5
4
7
7
9
9
11
12
12
10
10
6
5
4
4
3
6
6
6
5
5
1
0
-1
-3
-4
-4
-4
-4
-4
-3
-2
0
-1
1
1
1
0
-1
-2
-3
-4
-4
-4
-2
-4
-2
-2
-3
-2
-4
-5
-6
-7
-7
-7
-6
-6
-6
-6
-5
-5
-3
-2
-2
0
0
0
0
-1
-1
0
0
1
1
1
-1
0
0
-1
-1
0
0
0
0
0
1
2
0
2
1
2
2
2
3
3
4
4
3
3
2
2
3
4
4
7
7
8
9
7
6
5
4
4
5
5
3
2
1
1
1
0
1
0
1
0
0
-2
-4
-4
-6
-7
-6
-8
-8
-8
-7
-9
-8
-5
-5
-4
-2
-2
1
2
3
3
3
3
4
5
6
5
7
7
7
6
6
6
7
6
3
3
1
0
-2
-4
-5
-7
-8
-10
-12
-10
-11
-10
-8
-8
-7
-6
-5
-4
-5
-3
-2
-2
-1
-1
2
2
2
1
2
2
2
2
1
0
0
-1
1
0
1
2
2
2
3
3
3
2
1
0
0
2
3
3
4
2
3
2
1
1
1
-1
0
0
1
1
-1
-2
-2
-2
0
3
3
3
1
0
0
1
1
4
4
5
6
5
5
5
3
2
2
1
1
1
0
-1
-2
-3
-4
-6
-5
-6
-6
-6
-6
-7
-7
-8
-8
-9
-9
-9
-8
-7
-5
-4
-4
-3
-2
-3
-1
-1
-1
1
0
0
1
1
2
3
4
5
6
6
8
8
5
5
4
3
2
2
2
3
4
4
4
3
2
1
0
0
0
0
-1
-1
0
0
1
1
3
3
3
3
2
3
2
3
3
3
4
4
3
3
3
1
2
1
0
1
-1
-2
-3
-4
-5
-5
-3
-4
-3
-3
-3
-4
-3
-5
-5
-6
-5
-4
-5
-5
-4
-4
-4
-4
-3
-4
-3
-3
-3
-3
-2
-2
0
0
0
-1
0
1
1
1
2
2
3
3
3
2
2
1
1
1
1
2
2
3
3
3
3
4
5
5
5
4
3
4
3
2
2
1
0
1
0
0
2
2
3
3
3
3
2
0
1
0
0
0
0
0
-1
-2
-4
-4
-5
-5
-6
-5
-6
-5
-5
-4
-4
-4
-2
-1
-2
-1
-1
0
1
1
0
0
0
-1
-1
-1
0
0
1
1
1
1
0
-1
-2
-2
-2
-1
1
0
1
1
1
1
1
1
1
2
2
3
2
1
2
1
1
0
-1
0
-1
-1
-1
-1
-1
-2
-1
-1
-1
0
1
1
1
4
3
4
4
4
4
4
4
5
5
5
5
5
5
3
3
1
1
0
-1
-2
-3
-3
-4
-4
-5
-4
-6
-7
-7
-7
-7
-6
-6
-5
-4
-4
-4
-3
-3
-3
-2
-1
0
1
2
3
3
2
3
3
4
3
3
3
2
2
1
1
1
0
-1
-1
-1
-2
-2
-3
-1
0
0
0
0
1
0
0
0
0
-2
0
0
0
0
1
1
1
1
2
1
0
2
3
3
3
2
3
3
3
2
1
2
2
2
2
3
2
1
0
0
-1
-2
-2
-3
-4
-3
-3
-3
-4
-4
-4
-5
-5
-4
-3
-3
-2
-1
0
0
1
0
0
2
1
2
0
1
1
1
1
1
2
2
2
1
2
1
1
2
2
1
1
1
0
0
0
0
0
-1
0
-1
-1
-1
-2
-2
-2
-2
-3
-1
-1
-1
0
0
0
0
0
0
0
0
0
0
1
1
2
3
4
5
4
2
3
2
1
0
-1
-1
-1
-1
-1
-1
-1
-1
-1
-1
-1
-1
-1
-2
-2
-2
-2
-2
-1
-2
-1
-1
0
0
0
0
-1
-1
0
0
0
0
1
0
1
2
2
2
1
2
1
1
0
1
0
0
0
0
0
0
0
0
0
0
0
0
0
-1
-1
0
-1
-1
-2
0
0
0
0
0
0
1
0
0
-1
-1
0
0
0
0
-1
0
0
0
0
0
1
0
0
1
0
1
0
0
0
0
0
-1
-2
-1
-1
-1
0
-1
1
1
-1
1
-1
0
1
-1
0
-1
-1
2
-3
3
-3
2
0
1
2
1
2
1
1
1
1
1
0
2
1
2
1
2
0
0
0
0
0
0
0
-1
-1
-1
-2
0
-2
-1
-1
-1
-2
-2
-2
-2
-2
-1
-1
0
0
0
0
1
0
1
1
1
1
0
0
0
0
0
0
-1
1
1
1
1
1
1
0
1
0
0
0
0
0
0
0
0
0
-1
-2
-2
-2
-2
-1
0
0
0
0
-1
0
0
0
0
0
-1
1
0
1
3
2
2
3
2
2
1
2
0
2
0
1
-1
0
2
-2
0
0
-1
0
-2
-2
2
-5
1
-3
2
-1
1
-1
0
0
1
0
0
-1
1
0
0
1
0
-1
0
0
1
0
0
1
1
2
1
-1
0
-1
0
1
0
1
-1
0
0
-1
-1
-1
-2
-2
-3
-1
-1
-1
-1
-1
0
0
0
0
0
-1
0
1
0
1
0
-1
0
0
1
0
0
0
0
0
0
-1
0
-1
0
0
0
0
0
0
0
1
0
1
0
0
0
0
1
0
2
2
2
1
1
0
0
0
0
0
0
0
2
1
1
1
0
2
-1
0
0
-1
1
0
0
1
-1
0
0
-1
2
-4
3
-3
1
-2
-1
-1
-1
-1
-1
-1
0
0
0
-1
1
0
0
0
-1
0
0
0
1
0
0
0
-1
0
0
0
0
1
1
0
1
0
0
-1
0
-1
0
0
0
0
0
0
-1
0
0
0
0
0
0
1
0
0
0
0
0
0
0
0
0
0
0
0
0
0
0
0
0
0
1
0
0
0
1
0
0
0
0
0
0
0
0
1
1
0
0
1
0
0
0
0
0
1
0
0
-1
1
0
-1
-1
0
0
1
-1
0
1
-1
1
-1
-1
-1
-1
0
-2
-2
1
-4
3
-4
2
-1
0
-1
0
0
0
0
0
0
0
0
1
-1
0
0
0
0
-1
0
0
0
0
0
1
0
0
0
0
0
0
0
0
1
1
0
0
0
0
0
-1
-1
-1
-1
0
-1
-2
-1
-1
-1
-1
0
0
0
0
0
0
1
0
1
1
1
0
0
0
0
0
0
0
0
0
0
1
1
0
1
1
1
0
1
0
1
0
0
0
0
0
0
-1
1
0
1
0
0
0
-1
0
0
-2
-3
-2
-1
-3
-2
-3
-3
-3
-3
-3
-2
-2
-1
-1
0
0
0
1
-1
0
0
1
1
1
2
2
1
2
1
2
2
2
2
2
1
2
2
1
1
0
1
0
0
0
0
0
0
0
0
0
0
0
0
0
0
1
0
1
0
-1
-1
-1
0
0
0
0
0
0
0
-1
0
0
1
-1
0
1
-1
-1
-1
-1
