SAMPLES:	18784
BITSPERSAMPLE:	16
CHANNELS:	1
SAMPLERATE:	16000
NORMALIZED:	FALSE
-2
-4
-7
-5
-2
3
6
7
6
3
-2
-3
-5
-6
-7
-7
-6
-6
-5
-2
3
2
-3
-8
-11
-13
-15
-17
-14
-6
1
11
18
25
27
25
17
7
-2
-9
-10
-7
0
5
10
14
14
11
7
3
1
-1
-1
-2
-2
-3
-1
-2
0
1
2
3
3
3
1
0
-1
-3
-5
-5
-5
-3
-1
0
-1
-3
-5
-7
-8
-9
-9
-7
-4
0
4
8
13
14
12
9
5
1
-4
-7
-8
-6
-2
1
4
5
7
8
8
3
-5
-15
-24
-29
-29
-27
-21
-14
-9
-5
-3
-3
-2
0
3
5
6
7
6
7
10
16
22
25
26
27
24
21
15
12
9
8
7
5
1
-4
-9
-11
-11
-10
-8
-6
-5
-5
-6
-7
-10
-11
-12
-10
-9
-9
-8
-6
-2
4
9
13
14
13
10
6
2
0
-1
1
2
2
1
1
2
3
4
6
3
0
-7
-12
-17
-18
-17
-15
-12
-8
-5
-3
-1
0
1
1
-2
-5
-8
-9
-9
-6
-2
3
9
11
12
11
10
10
10
9
6
3
0
0
2
6
9
11
10
10
7
4
2
0
-3
-5
-7
-8
-6
-3
0
2
2
1
-1
-1
-4
-6
-8
-8
-9
-9
-10
-11
-10
-7
-4
-2
-3
-3
-3
0
0
3
5
8
11
13
16
18
20
19
17
10
4
-1
-3
-3
-1
-1
-3
-3
-5
-7
-9
-11
-12
-11
-8
-5
-2
0
0
0
1
2
4
3
1
-2
-4
-6
-4
-3
-2
-1
0
-2
-1
-2
1
6
9
11
13
10
8
2
-3
-10
-12
-12
-8
-4
0
1
-3
-5
-7
-7
-6
-7
-7
-6
-6
-3
4
7
7
7
3
3
3
5
6
9
11
13
11
9
7
3
0
-3
-6
-7
-9
-7
-4
0
5
6
5
4
0
-2
-3
-4
-1
-2
0
2
3
6
8
9
10
7
5
2
-4
-12
-18
-20
-19
-17
-13
-5
2
4
1
-2
2
2
-1
-4
-4
0
1
3
6
8
9
8
5
4
1
0
-3
-6
-9
-11
-10
-9
-6
-6
-1
2
7
11
13
12
7
3
0
-2
-2
0
2
7
11
13
13
11
8
4
-3
-9
-13
-16
-15
-13
-10
-8
-8
-8
-7
-4
0
2
1
2
3
3
5
6
7
8
10
11
11
11
10
9
6
2
-3
-7
-10
-9
-8
-6
-4
-3
-1
-2
-5
-6
-8
-6
-3
-1
1
0
-1
-1
3
9
13
16
14
9
1
-4
-7
-6
-5
-4
-6
-7
-7
-6
-2
3
6
4
1
0
2
2
0
-1
-2
-3
-5
-7
-5
-2
-1
0
-1
-1
-2
-3
-3
-4
-6
-7
-9
-8
-5
1
5
10
13
15
16
15
13
10
9
8
6
6
6
5
5
5
5
5
6
5
4
1
0
-4
-8
-9
-7
-5
-2
2
6
10
11
13
11
9
5
2
-3
-7
-8
-9
-8
-9
-13
-15
-20
-23
-25
-23
-21
-19
-18
-20
-23
-26
-28
-25
-20
-10
-1
8
15
21
29
34
36
35
29
23
15
9
5
4
5
8
11
12
11
8
2
-2
-7
-10
-12
-13
-12
-8
-3
3
7
11
15
16
14
14
14
12
9
11
14
16
14
6
-1
-9
-16
-21
-20
-15
-9
-3
0
1
-1
-3
-4
-4
-3
-3
-2
-2
-3
-4
-3
-3
-2
-2
-3
-4
-6
-7
-7
-6
-2
-3
-4
-8
-9
-9
-6
-2
1
1
1
2
2
-2
-4
-5
-4
0
7
14
18
20
20
18
17
16
14
10
1
-4
-9
-9
-4
3
10
11
7
1
-7
-11
-14
-14
-13
-11
-8
-2
5
7
6
2
-1
-6
-9
-9
-7
-4
1
4
7
8
8
6
3
-1
-7
-10
-12
-11
-9
-7
-4
-2
0
-1
-3
-7
-10
-9
-6
-5
0
5
13
14
14
12
9
5
-3
-9
-11
-9
-6
-2
5
11
15
17
17
16
13
9
5
1
-2
-3
-1
4
7
8
6
1
-3
-5
-5
-3
0
1
3
2
1
-1
-2
-5
-5
-6
-2
-2
-4
-4
-6
-10
-11
-12
-11
-8
-5
-1
0
-3
-5
-6
-6
-3
0
2
0
-2
-4
-7
-5
-3
0
3
7
9
8
8
7
4
4
4
6
5
7
6
5
2
1
-1
-1
-1
3
6
7
7
7
5
0
-4
-7
-9
-10
-10
-10
-7
-4
-1
1
3
4
4
3
2
1
0
-1
-3
-4
-3
-2
-2
1
1
2
3
1
0
-2
-5
-7
-8
-8
-8
-5
-3
0
4
8
12
13
14
11
7
4
2
0
1
3
3
1
-1
-4
-6
-5
-3
-1
3
0
-1
-4
-9
-10
-10
-7
-5
-4
-4
-3
0
4
7
9
7
3
-1
-2
-3
-1
3
7
8
10
6
2
-1
-4
-6
-7
-8
-8
-8
-6
-4
-1
0
2
2
2
1
3
4
7
9
8
7
6
4
0
-1
-4
-8
-11
-10
-7
-2
4
7
9
8
5
2
1
-1
-2
-1
-2
-3
-3
0
2
5
8
9
7
5
3
0
-3
-5
-7
-8
-8
-5
-5
-4
-2
-2
-3
-1
0
2
3
5
7
8
7
6
3
1
0
-2
-3
-5
-6
-7
-5
-2
-2
-1
-2
-3
-4
-3
-5
-7
-9
-9
-9
-8
-3
1
4
7
9
9
7
5
3
-1
-2
-3
-4
-2
-2
2
4
5
7
7
6
4
1
-1
-3
-2
-2
0
2
6
7
6
4
2
0
-2
-3
-3
-3
-3
-3
-4
-4
-5
-5
-5
-4
-4
-1
-1
-2
-1
0
3
4
5
8
9
9
8
6
-1
-6
-8
-7
-4
-1
2
1
2
2
1
1
-1
-2
0
1
2
4
6
7
8
7
5
2
0
-4
-7
-7
-7
-4
-1
3
3
2
-1
-4
-6
-5
-5
-3
-2
-3
-5
-7
-8
-6
-4
0
3
5
4
4
2
-1
-4
-5
-8
-8
-7
-4
0
2
3
3
2
0
1
-2
-3
-4
-4
-1
2
8
10
12
14
14
12
12
12
11
9
6
4
2
1
-1
0
0
1
1
2
2
2
4
2
3
0
-2
-4
-5
-7
-7
-7
-5
-3
0
2
5
4
1
-1
-4
-8
-10
-11
-9
-8
-5
-4
-1
-1
0
-3
-6
-9
-10
-9
-5
-3
-3
-4
-6
-9
-8
-2
5
8
8
11
12
10
4
1
5
7
3
-1
1
2
4
2
1
3
3
3
4
5
6
6
7
6
6
3
4
2
2
2
0
0
-1
-1
-1
-2
-3
-5
-7
-9
-10
-12
-12
-10
-5
-2
0
2
1
0
0
1
1
0
0
1
2
5
6
5
4
2
1
-1
-1
-2
-2
-1
1
2
3
3
2
0
0
0
1
2
0
-3
-7
-9
-7
-3
0
2
1
-1
-5
-6
-8
-5
-3
0
3
5
6
8
8
9
8
6
4
2
1
2
0
-1
-4
-6
-7
-10
-10
-7
-5
-3
-1
3
2
-1
-4
-6
-8
-10
-10
-8
-2
6
8
8
7
5
5
4
5
6
6
5
4
3
0
-2
-3
-2
-2
0
3
4
4
3
0
-3
-6
-8
-9
-8
-6
-4
-1
3
5
5
5
3
1
-1
0
1
1
3
4
4
3
2
2
1
1
0
-2
-4
-6
-8
-8
-6
-3
0
3
6
7
8
7
7
6
8
5
4
1
-1
-3
-3
-3
-2
0
1
0
0
-3
-6
-9
-9
-7
-4
1
4
6
8
6
4
1
-2
-3
-4
-3
-6
-5
-7
-5
-6
-5
-2
0
1
3
3
2
0
-2
-3
0
0
1
5
8
6
1
-1
2
5
6
4
6
5
4
3
-1
-4
-8
-11
-11
-11
-9
-6
-3
-1
-1
-1
0
-1
-2
-3
-4
-2
0
1
4
7
11
15
17
16
14
10
6
1
-3
-8
-11
-10
-7
-2
0
0
-2
-3
-4
-4
-2
-2
1
0
-2
-4
-5
-7
-8
-9
-7
-7
-5
-3
-2
-3
-2
-2
0
2
3
3
3
4
8
10
13
14
15
15
17
16
15
14
13
12
10
9
7
4
1
-2
-6
-9
-11
-13
-15
-14
-13
-12
-10
-10
-11
-13
-14
-14
-13
-11
-10
-6
-2
4
9
11
10
8
4
2
2
0
0
2
2
3
5
6
6
6
5
4
3
3
4
8
10
11
6
0
-9
-16
-18
-17
-12
-8
-5
-5
-8
-12
-16
-21
-22
-20
-16
-9
-3
0
3
1
0
1
7
16
25
33
39
44
46
43
37
28
18
8
1
0
1
3
5
7
8
8
7
3
0
-5
-12
-21
-30
-34
-34
-31
-26
-20
-15
-12
-8
-4
-1
2
4
4
4
-1
-6
-10
-13
-9
-5
0
4
3
-1
-5
-10
-12
-14
-15
-14
-12
-5
0
4
7
9
9
8
9
9
9
9
10
13
16
18
20
22
23
22
20
15
11
6
1
-2
-3
-6
-5
-4
-3
-2
-5
-11
-18
-26
-30
-33
-32
-27
-21
-16
-8
1
6
4
-1
-10
-16
-20
-20
-16
-12
-5
1
9
17
25
29
30
26
23
21
20
18
18
16
15
14
17
20
22
17
8
0
-3
-4
-1
4
11
16
18
21
24
28
28
28
24
20
17
18
20
20
14
8
0
-11
-26
-44
-66
-90
-115
-144
-175
-205
-231
-256
-274
-287
-287
-270
-236
-195
-155
-114
-69
-18
40
100
162
224
288
353
415
466
491
490
466
427
388
359
322
272
221
171
126
95
73
42
9
-13
-33
-60
-87
-111
-136
-165
-194
-209
-199
-157
-102
-43
17
72
122
168
197
196
167
121
58
-23
-118
-215
-317
-424
-541
-645
-729
-789
-827
-828
-775
-666
-522
-357
-181
9
207
400
580
746
885
976
1009
992
938
857
752
635
511
386
258
135
26
-59
-118
-157
-185
-216
-255
-305
-358
-417
-484
-565
-653
-745
-844
-947
-1029
-1050
-983
-842
-655
-440
-204
51
306
541
746
921
1075
1220
1359
1491
1599
1654
1627
1516
1355
1179
1005
851
733
667
638
628
629
624
610
583
506
370
190
-37
-311
-639
-991
-1385
-1850
-2325
-2851
-3459
-4059
-4587
-4895
-4958
-4935
-4735
-4309
-3822
-3158
-2277
-1340
-337
713
1688
2577
3403
4097
4661
5087
5351
5467
5418
5232
4896
4434
3913
3276
2607
1933
1226
570
-73
-705
-1316
-1928
-2500
-3046
-3574
-4075
-4570
-5009
-5362
-5607
-5725
-5697
-5520
-5165
-4613
-3870
-2963
-1918
-750
484
1710
2919
4053
5033
5885
6604
7171
7626
7958
8144
8243
8229
8092
7866
7537
7098
6566
5959
5282
4485
3537
2428
1119
-410
-2148
-4078
-6185
-8431
-10764
-13059
-15171
-16956
-18303
-19078
-19217
-18730
-17629
-15950
-13719
-10933
-7707
-4216
-567
3092
6596
9866
12802
15246
17125
18396
19042
19105
18654
17743
16442
14817
12948
10949
8908
6886
4900
2957
1032
-882
-2784
-4659
-6489
-8305
-10094
-11845
-13532
-15033
-16292
-17179
-17631
-17609
-17123
-16219
-14804
-12875
-10504
-7777
-4790
-1591
1731
5038
8209
11160
13818
16068
17781
18925
19579
19807
19669
19246
18613
17802
16804
15583
14133
12445
10490
8233
5654
2772
-434
-3967
-7709
-11610
-15560
-19186
-22209
-24501
-25938
-26553
-26410
-25551
-24124
-22239
-19942
-17200
-13893
-10078
-5967
-1705
2584
6722
10550
13980
16866
19008
20320
20846
20714
20102
19142
17860
16259
14395
12347
10199
8023
5863
3722
1600
-481
-2514
-4490
-6393
-8225
-9975
-11630
-13168
-14518
-15610
-16401
-16851
-16917
-16556
-15736
-14387
-12522
-10236
-7567
-4638
-1576
1579
4718
7710
10524
13017
15057
16691
17919
18672
19014
18972
18557
17858
16889
15625
14152
12461
10470
8201
5738
3096
242
-2782
-5902
-9122
-12386
-15522
-18353
-20669
-22281
-23181
-23467
-23111
-22142
-20763
-19073
-16955
-14348
-11299
-7857
-4150
-361
3385
6954
10198
13059
15488
17370
18580
19113
19096
18692
17986
16960
15573
13862
11912
9808
7639
5465
3297
1103
-1116
-3321
-5432
-7400
-9226
-10929
-12517
-13964
-15162
-16013
-16472
-16555
-16272
-15607
-14503
-12918
-10894
-8529
-5935
-3214
-404
2496
5436
8295
10940
13300
15309
16942
18176
18941
19214
19068
18586
17753
16562
15076
13302
11237
8906
6312
3575
742
-2219
-5229
-8308
-11406
-14321
-17002
-19214
-20843
-22086
-22770
-22837
-22469
-21450
-19896
-18069
-15657
-12763
-9666
-6125
-2348
1296
4948
8410
11448
14239
16653
18465
19761
20394
20351
19934
19066
17749
16214
14204
11894
9640
7129
4632
2342
-224
-2658
-4806
-7123
-9095
-10710
-12403
-13788
-14904
-15920
-16476
-16641
-16508
-15990
-15128
-13888
-12256
-10229
-7869
-5319
-2612
233
3123
6085
8994
11706
14181
16245
17963
19239
20069
20464
20270
19678
18583
17133
15380
13224
10809
8031
5048
1935
-1261
-4418
-7547
-10565
-13461
-16177
-18542
-20399
-21711
-22491
-22802
-22682
-22092
-20982
-19366
-17353
-14910
-12127
-9129
-5729
-2077
1523
5133
8547
11527
14313
16771
18606
19975
20716
20654
20195
19388
18055
16429
14460
12030
9435
6771
4041
1422
-1130
-3671
-6097
-8284
-10157
-11729
-13051
-14203
-15188
-15896
-16246
-16217
-15801
-15122
-14222
-12993
-11411
-9362
-6992
-4423
-1682
1077
3998
6954
9877
12708
15121
17170
18787
19947
20678
20828
20507
19540
18112
16372
14156
11845
9235
6218
3178
-11
-3126
-5978
-8846
-11603
-14153
-16569
-18601
-20132
-21176
-21843
-22180
-22017
-21508
-20530
-18902
-17033
-14780
-11994
-9081
-5741
-1929
1714
5363
9035
12209
15154
17905
19874
21208
21967
21851
21240
20301
18782
16916
14686
11946
9082
6211
3322
651
-1973
-4582
-6921
-9103
-10967
-12356
-13636
-14725
-15505
-16211
-16529
-16371
-16074
-15416
-14420
-13289
-11716
-9647
-7414
-4872
-1991
797
3765
6869
9861
12748
15309
17584
19166
20310
21157
21122
20787
19963
18356
16554
14317
11805
9135
6227
3198
-27
-3142
-6131
-8922
-11434
-13863
-16071
-18028
-19645
-20714
-21347
-21721
-21681
-21288
-20619
-19263
-17400
-15321
-12690
-9748
-6653
-2958
901
4661
8448
11783
14821
17572
19754
21537
22326
22252
21891
20696
19221
17690
15276
12615
9778
6524
3691
986
-1783
-4202
-6662
-8929
-10686
-12163
-13276
-14196
-15028
-15680
-16068
-15957
-15528
-14922
-13976
-12985
-11717
-9735
-7470
-4935
-2150
558
3328
6301
9413
12266
14847
17069
18549
19738
20623
20832
20540
19630
18072
16034
13791
11398
8699
5925
2963
-179
-3083
-5784
-8343
-10648
-12859
-15020
-16848
-18311
-19483
-20223
-20695
-21093
-21066
-20538
-19706
-18157
-16098
-14025
-11369
-8266
-5068
-1184
2847
6478
10195
13543
16322
19012
21025
22127
22652
22313
21370
20163
18507
16327
13830
10945
7618
4583
1698
-1246
-3657
-6059
-8523
-10388
-12008
-13376
-14217
-15036
-15787
-16251
-16473
-16303
-15756
-14918
-13967
-12726
-11119
-9092
-6526
-3734
-728
2389
5424
8494
11677
14547
17058
19263
20570
21331
21704
21430
20781
19681
17884
15491
12994
10353
7533
4699
1708
-1400
-4384
-7059
-9452
-11570
-13547
-15472
-17234
-18636
-19770
-20575
-20940
-21201
-21166
-20757
-19893
-18481
-16465
-14061
-11550
-8297
-4909
-1305
3007
6976
10796
14545
17593
20198
22363
23403
23646
23343
22070
20501
18661
16235
13662
10682
7328
4165
1102
-1748
-4221
-6616
-8808
-10686
-12286
-13486
-14414
-15165
-15764
-16209
-16360
-16180
-15679
-14868
-13831
-12531
-10876
-8804
-6327
-3532
-521
2610
5782
8933
11947
14682
17020
18880
20216
20996
21205
20814
19901
18537
16725
14531
12060
9393
6624
3899
1280
-1375
-4009
-6444
-8738
-10780
-12516
-14116
-15579
-16951
-18151
-18974
-19624
-19992
-20064
-20145
-19723
-18635
-17229
-15099
-12386
-9669
-6426
-2729
1015
5214
9340
13022
16412
19339
21625
23140
23886
23648
22814
21367
19350
17345
14709
11682
8693
5136
1888
-802
-3687
-5913
-7878
-10091
-11553
-12860
-14000
-14570
-15223
-15783
-16080
-16245
-16026
-15349
-14540
-13369
-11881
-10205
-7761
-4951
-1996
1392
4540
7485
10671
13488
15957
18244
19600
20315
20729
20364
19657
18632
16787
14678
12413
9838
7541
5308
2855
512
-1785
-3960
-5835
-7554
-9119
-10701
-12331
-13720
-15090
-16298
-17140
-18182
-18948
-19143
-19574
-19274
-18080
-17268
-15523
-12815
-10577
-7294
-3291
-32
4087
8517
11823
15467
18818
20663
22373
23456
23012
22419
21385
19096
16815
14356
11177
8236
5258
1888
-1007
-3551
-6151
-8060
-9605
-11332
-12644
-13534
-14553
-15185
-15305
-15991
-16051
-15792
-15754
-14494
-13260
-11793
-9690
-7563
-4949
-1836
1575
4876
8254
11303
13979
16484
18496
20024
20879
21142
20665
19680
18325
16516
14474
12090
9554
7007
4476
2087
-118
-2178
-4167
-6042
-7683
-9262
-10733
-12010
-13367
-14582
-15852
-17001
-17707
-18600
-19041
-18985
-19199
-18617
-17317
-16101
-13866
-10963
-8339
-4771
-751
2700
6870
11153
14363
17681
20572
21975
23078
23552
22760
21855
20421
17896
15360
12631
9324
6316
3434
224
-2533
-4833
-7171
-9025
-10522
-12114
-13290
-14193
-15055
-15464
-15806
-16090
-15955
-15797
-15229
-14027
-12727
-10884
-8539
-6206
-3322
-25
3146
6569
9916
12672
15244
17491
19055
20191
20780
20532
19786
18659
16975
15033
12882
10449
7971
5519
3154
1053
-991
-2916
-4533
-6286
-7718
-9103
-10630
-11663
-13107
-14502
-15421
-16540
-17480
-18060
-18432
-18613
-18496
-17872
-16619
-15163
-13178
-10326
-7557
-4332
-375
3178
6904
11048
14275
17132
20021
21592
22429
23043
22440
21281
19931
17539
14874
12299
9121
6014
3186
76
-2700
-5001
-7274
-9121
-10637
-12158
-13328
-14292
-15148
-15575
-15961
-16278
-16114
-15881
-15293
-13923
-12444
-10587
-7997
-5448
-2559
999
4284
7572
11046
13790
16189
18455
19779
20579
21008
20425
19382
18098
16135
14053
11945
9404
6974
4708
2308
189
-1656
-3527
-5180
-6651
-8132
-9396
-10526
-11752
-12830
-13800
-14976
-15934
-16482
-17164
-17604
-17379
-17303
-16977
-15600
-14227
-12540
-9618
-6945
-4250
-353
3100
6337
10561
13879
16419
19437
21123
21782
22727
22275
20937
19895
17517
14600
12250
9043
5713
2945
-294
-3227
-5520
-7881
-9734
-11143
-12648
-13797
-14592
-15350
-15787
-15889
-15967
-15940
-15578
-14846
-13729
-12150
-10099
-7780
-5243
-2270
996
4313
7720
10928
13642
16025
18089
19575
20476
20872
20537
19481
18081
16374
14299
12068
9729
7257
4763
2450
357
-1623
-3408
-5053
-6653
-8013
-9247
-10408
-11356
-12393
-13450
-14386
-15384
-16079
-16537
-16973
-16875
-16689
-16522
-15428
-14061
-12681
-10161
-7369
-4835
-1324
2371
5543
9332
12919
15473
18120
20250
21123
21794
21863
20782
19522
17702
14916
12228
9524
6307
3354
580
-2469
-5040
-7142
-9212
-10804
-12139
-13541
-14439
-15087
-15703
-15780
-15838
-15861
-15423
-14766
-13624
-12028
-10049
-7701
-5146
-2294
765
4077
7404
10383
13392
15887
17521
19327
20231
20177
20458
19413
17616
16319
14000
11470
9485
6858
4200
2054
-266
-2235
-3659
-5209
-6577
-7690
-8896
-9865
-10571
-11313
-12023
-12739
-13635
-14454
-14976
-15504
-15774
-15618
-15627
-15381
-14340
-13085
-11342
-8712
-6143
-3493
-91
3214
6549
10446
13665
16134
18585
20095
20796
21478
21171
19837
18286
15956
13110
10560
7718
4662
1858
-1217
-4124
-6317
-8401
-10154
-11378
-12828
-14111
-14749
-15325
-15630
-15433
-15389
-15311
-14633
-13607
-12156
-10104
-7806
-5351
-2718
315
3713
7041
10365
13480
15758
17579
19339
20237
20556
20716
19689
18128
16612
14337
12113
10049
7460
4961
2693
441
-1550
-3124
-4519
-5931
-7069
-8102
-9143
-9889
-10650
-11534
-12332
-13303
-14338
-15038
-15634
-16022
-16065
-16082
-15893
-15248
-13968
-12504
-10318
-7336
-5056
-2050
1693
4601
8097
11904
14534
16992
19247
20201
21017
21436
20515
19365
17576
14848
12343
9745
6685
3879
967
-2250
-4749
-6758
-8763
-10158
-11410
-13040
-14090
-14631
-15265
-15376
-15209
-15362
-15170
-14380
-13286
-11658
-9565
-7340
-4932
-2186
961
4289
7528
10721
13480
15560
17527
19093
19774
20174
20009
18751
17241
15567
13316
11163
9121
6657
4288
2185
104
-1565
-2886
-4304
-5582
-6732
-7889
-8763
-9519
-10406
-11193
-12001
-13007
-13798
-14444
-15162
-15538
-15543
-15621
-15460
-14673
-13798
-12475
-10173
-7703
-5186
-2040
1210
4178
7832
11460
14189
16951
18980
19890
20731
20994
20309
19252
17415
14734
12101
9375
6378
3717
934
-2215
-4740
-6828
-8819
-9978
-11155
-12736
-13563
-14495
-15212
-14882
-14965
-14969
-14524
-14208
-13080
-11291
-9288
-6683
-4201
-1772
1356
4465
7759
11120
13701
15872
17491
18626
19500
19888
19722
18720
17145
15257
13104
11064
8979
6822
4659
2364
339
-1276
-2785
-4001
-5002
-6335
-7658
-8698
-9792
-10718
-11419
-12338
-13565
-14651
-15535
-16375
-16623
-16569
-16964
-16886
-16207
-15588
-13805
-11155
-8821
-6080
-2944
164
3677
7834
11791
14806
17526
19573
20660
21828
22241
21460
20339
18190
15307
12844
10072
7026
4287
975
-2310
-4707
-6923
-8665
-9861
-11417
-13087
-14277
-15128
-15579
-15528
-15436
-15587
-15557
-14905
-13711
-11908
-9653
-7229
-4770
-2076
1277
4698
8034
11366
13927
15918
17755
19170
20091
20404
20013
18903
17024
15214
13373
11111
9158
6928
4402
2312
495
-1252
-2492
-3551
-4997
-6037
-7137
-8255
-9033
-10102
-11001
-12091
-13406
-14342
-15211
-16029
-16449
-16719
-17101
-16992
-16328
-15342
-13546
-11011
-8446
-5562
-2197
1001
4584
8788
12405
15398
18131
19778
20743
21746
21795
20945
19784
17555
14822
12421
9731
6926
4119
827
-2327
-4856
-7011
-8776
-10192
-11735
-13534
-14714
-15231
-15773
-15832
-15728
-16092
-15864
-14923
-13594
-11540
-9248
-6918
-4468
-1706
1771
5192
8564
12046
14423
16362
18384
19488
20323
20730
19902
18798
17269
15109
13221
11147
8625
6309
3986
1658
-220
-1822
-3334
-4566
-5646
-6816
-7868
-8805
-9772
-10589
-11458
-12570
-13690
-14847
-15881
-16476
-16814
-17103
-17285
-17054
-16347
-15267
-13183
-10381
-7866
-4804
-1093
2070
5799
10298
13553
16307
19293
20685
21264
22399
22316
20887
19515
17348
14304
11667
9106
6272
3358
89
-2889
-5190
-7356
-8935
-10107
-11831
-13478
-14594
-15514
-15965
-15987
-15981
-16061
-15818
-14777
-13307
-11280
-8569
-6122
-3587
-342
2947
6371
9992
13033
15277
17055
18617
19618
19961
20030
19296
17777
16285
14450
12262
10195
7902
5525
3427
1409
-420
-1942
-3221
-4414
-5623
-6728
-7853
-8962
-9856
-10734
-11623
-12622
-13853
-14901
-15816
-16609
-16847
-16956
-17237
-17045
-16310
-15323
-13492
-10588
-7850
-5153
-1502
1843
5099
9628
13350
15812
18593
20211
20781
21833
21919
20930
19770
17484
14680
12279
9507
6624
3847
498
-2710
-5218
-7584
-9448
-10822
-12588
-14286
-15299
-16035
-16313
-15930
-15649
-15611
-15186
-14244
-12959
-11007
-8264
-5718
-3335
-146
3184
6339
10117
13362
15486
17627
19135
19952
20538
20371
19663
18209
16261
14261
11992
9788
7587
5311
3051
887
-822
-2278
-3601
-4553
-5521
-6605
-7681
-8823
-9850
-10839
-11736
-12743
-13913
-14813
-15805
-16489
-16462
-16645
-16653
-16139
-15626
-14480
-12665
-10265
-7420
-4898
-1657
1816
5033
9336
13085
15750
18473
20202
21117
22061
22148
21354
20045
17639
14790
12176
9281
6451
3766
381
-2955
-5343
-7575
-9463
-10686
-12428
-14339
-15366
-16057
-16439
-16179
-16029
-16042
-15610
-14663
-13169
-11028
-8496
-6064
-3516
-356
3015
6379
10063
13194
15288
17269
18988
20035
20565
20745
20066
18389
16794
14898
12615
10554
8276
5785
3338
1224
-536
-2282
-3732
-4941
-6260
-7229
-8153
-9217
-10076
-10911
-11705
-12829
-13608
-14299
-15542
-15873
-15944
-16244
-16069
-15712
-14957
-13971
-12244
-9701
-7143
-4560
-1606
1868
4591
8374
12387
14439
17347
19235
20028
21229
21289
20765
19717
17860
15095
12601
10050
6912
4192
826
-2717
-5297
-7596
-9649
-10996
-12538
-14191
-15069
-15679
-15892
-15627
-15484
-15363
-14914
-14055
-12633
-10624
-8273
-5910
-3565
-773
2535
5966
9339
12478
15075
17126
18921
20290
20834
20694
20047
18712
16817
14782
12676
10453
8142
5767
3450
1332
-616
-2321
-3719
-4967
-6097
-6994
-7852
-8871
-9804
-10611
-11585
-12505
-13227
-14215
-15309
-15920
-16176
-16436
-16590
-16270
-15630
-14946
-13330
-10537
-8048
-5629
-2105
1097
4031
8188
12053
14850
17706
19643
20418
21485
21631
20899
20076
17788
14747
12518
9681
6253
4276
791
-2966
-4910
-7768
-9403
-10545
-12393
-13834
-15179
-15972
-16231
-15828
-15721
-15497
-15003
-14482
-12885
-10634
-8058
-5529
-3094
-397
2757
6410
10072
13264
15798
17804
19340
20472
21061
20965
20164
18646
16601
14319
12070
9798
7375
4802
2264
14
-1826
-3297
-4510
-5561
-6649
-7790
-8649
-9315
-10049
-10694
-11352
-12293
-13364
-14342
-15241
-15877
-16013
-16233
-16635
-16090
-15163
-14418
-12058
-8934
-7074
-4244
-266
2316
5765
10619
13411
15818
18842
19664
20468
22130
21393
20229
19481
16332
13148
11430
8562
5423
3028
-493
-3874
-5775
-7658
-9526
-10862
-12435
-14206
-14947
-15390
-15545
-15240
-15369
-15208
-14822
-13671
-11938
-9651
-6823
-4816
-2280
1021
4377
7828
11336
14462
16529
18225
20176
21056
20950
21070
19550
17877
15886
12939
11376
8521
5560
3453
390
-2021
-3150
-4209
-5878
-6621
-7452
-8795
-9375
-9878
-10456
-11297
-12297
-13283
-14344
-15459
-16311
-16626
-16886
-17359
-17191
-16133
-15470
-14043
-10764
-8186
-5918
-1859
1850
4992
9508
13381
16027
18952
20688
21336
22313
22227
21230
20256
17855
14786
12459
9771
6895
4216
867
-2444
-4940
-7004
-8662
-10081
-11631
-13202
-14459
-15274
-15682
-15603
-15443
-15654
-15587
-14780
-13508
-11383
-8531
-6204
-4002
-705
2989
6521
10332
13768
16018
17780
19739
20816
20824
20941
20049
17982
16304
13923
11300
9569
6847
4094
2165
-421
-2096
-2993
-4630
-5683
-6607
-7870
-8662
-9351
-9893
-10800
-11885
-12671
-14082
-15172
-15933
-16675
-16618
-17397
-17394
-16145
-16244
-14157
-11006
-9382
-5497
-2401
269
5577
8344
11871
16922
17586
19576
22074
20826
21450
21413
18795
17313
14526
11420
9449
6407
3690
908
-2442
-4760
-6820
-8383
-9473
-11165
-12802
-14301
-15429
-15759
-15891
-15943
-16081
-15996
-15246
-13876
-11370
-8575
-6126
-3167
-162
3303
7517
10986
14450
17566
18743
20145
21762
21529
21232
20691
18217
15858
13738
10768
8664
6485
3194
881
-1271
-3563
-4316
-5202
-6504
-7115
-8264
-9404
-9737
-10083
-10828
-12087
-13103
-14275
-15739
-16078
-16347
-16734
-16870
-17306
-16334
-15041
-13943
-10107
-7190
-5798
-1347
2220
5102
10321
13723
16107
19035
20291
20784
21766
21752
20449
19172
16785
13687
11731
9286
6286
4144
828
-2521
-4307
-6551
-8297
-9487
-11418
-13493
-14314
-15205
-16265
-15334
-15890
-16697
-15264
-15253
-14454
-10316
-8209
-6724
-2041
181
3462
8904
11213
14877
18132
19088
20837
21660
21421
21126
19908
17817
15253
12475
10159
7819
5482
3214
527
-1671
-3163
-4294
-5002
-5846
-7129
-8287
-9410
-10311
-10682
-11606
-12955
-14278
-15935
-16981
-17515
-17815
-17557
-18147
-18156
-16523
-15705
-13380
-9099
-7133
-4527
206
2945
6438
11967
14909
16907
19735
20397
20712
22196
21769
20290
18963
15870
12814
11126
8488
5571
3172
-248
-3354
-4963
-6680
-8459
-9850
-11732
-13606
-14636
-15217
-15559
-15737
-16014
-16128
-15588
-14420
-12605
-9820
-6715
-4150
-1359
2307
6228
10084
13789
16453
18195
20043
21411
21592
21126
20551
19038
16322
13441
10849
8280
5898
3665
894
-1508
-3389
-4167
-4897
-5856
-5925
-7754
-8784
-8504
-9783
-11576
-11389
-12725
-16044
-15513
-17624
-18670
-16850
-18882
-18444
-17114
-16553
-13769
-9551
-6903
-4189
766
4030
8065
12862
15912
18759
20870
21325
21571
22032
21088
19832
18046
14535
11180
9021
6713
4151
1565
-2127
-5154
-6508
-8164
-9428
-10366
-12280
-13624
-14455
-15390
-15458
-15350
-15692
-15756
-15761
-14840
-12493
-9553
-6308
-4129
-922
3183
6802
11670
15514
18158
19992
21115
22061
22082
21766
20517
18593
15621
12239
9876
7342
4917
2604
-389
-2865
-4101
-4990
-5446
-5780
-6887
-7933
-8670
-9370
-9905
-10732
-11920
-13542
-15341
-16780
-17649
-18055
-18072
-17987
-18248
-17080
-15127
-12279
-7787
-5324
-2171
2491
5432
10014
14731
17247
19845
21191
21498
21967
21556
20676
19244
16478
13057
9572
7100
5185
2131
-330
-3598
-6329
-6883
-8972
-9711
-10286
-12166
-13296
-14526
-14706
-15076
-14935
-14272
-14950
-14795
-13245
-11191
-7682
-4356
-2405
1384
5548
8968
13615
17745
19759
20894
22468
22575
21616
21376
19703
16718
13665
9763
6552
4554
1927
-617
-3106
-5725
-6672
-6695
-6879
-7198
-8025
-8684
-9229
-9795
-10162
-11218
-12513
-13900
-15944
-17242
-17773
-18296
-18025
-17949
-17977
-16113
-12948
-9253
-5472
-1537
2411
5962
10616
15087
18258
20859
21815
22143
22138
21112
20180
18524
15480
11855
8459
5629
3208
831
-2148
-4601
-6277
-7941
-8752
-9415
-10610
-11380
-12269
-13422
-13697
-13869
-14382
-14423
-14277
-13790
-12403
-10100
-7006
-3945
-1118
2316
6468
10787
15098
19001
21187
21875
22800
23561
22404
20653
18954
15340
11773
9119
5359
2011
25
-3064
-5961
-6585
-7758
-8271
-7786
-8731
-9049
-9216
-9802
-9792
-10280
-11434
-13058
-14822
-16029
-17068
-17755
-17488
-17516
-17882
-16687
-13576
-10033
-6499
-2263
1599
5237
10153
14665
18104
21343
22688
22602
22771
21690
19964
18854
16107
12062
8729
5213
2093
186
-2449
-5334
-7001
-8622
-9970
-10309
-10762
-11342
-11893
-12938
-13592
-13552
-13481
-13283
-13079
-12649
-11520
-9917
-7110
-3450
-721
2448
6834
10125
13545
18245
20885
21751
23112
23143
21909
21069
19035
15707
12343
8500
4934
2194
-776
-3720
-5937
-7707
-8676
-8880
-9083
-9310
-9635
-9959
-10086
-10393
-10955
-11759
-13372
-14727
-15749
-17239
-17410
-17481
-17745
-17266
-16089
-11946
-8780
-6296
-548
2907
6857
12760
15940
19855
22221
22555
24206
23243
20575
20543
18244
13565
11654
7129
3279
1961
-2405
-4484
-6040
-9264
-10092
-10367
-11110
-11647
-12307
-12549
-12623
-12982
-12653
-12379
-12283
-11660
-11231
-10055
-7147
-4182
-2072
1138
5381
8847
12506
16778
19676
21175
22585
23202
22517
21491
19789
16900
13586
9941
6324
3205
-58
-3164
-5452
-7382
-8708
-9248
-9670
-9971
-10176
-10290
-10580
-10790
-11073
-12219
-13487
-14675
-15704
-16804
-17696
-17836
-17635
-17001
-15925
-12782
-9307
-6612
-1297
3302
6833
12199
16130
19390
22163
22919
23236
22822
21569
19626
17231
13943
9792
6671
3739
316
-2327
-4695
-7155
-8690
-9624
-10291
-10833
-11723
-12179
-12304
-12477
-12482
-12421
-12184
-11820
-11422
-10463
-8758
-6305
-3292
-896
2257
6625
10051
13449
17513
19583
20657
23051
22479
21129
21314
18293
15305
12926
8866
5290
2457
-777
-3692
-5390
-7584
-8994
-9227
-10029
-10419
-10412
-10731
-11241
-11629
-12439
-13665
-14738
-15876
-16989
-17866
-18533
-18790
-18140
-16493
-14000
-10744
-6957
-2891
1712
6906
11708
16021
19948
22308
23484
24380
23870
22334
20988
18416
14392
10772
7528
4215
1116
-2168
-5140
-7105
-8721
-9835
-10159
-10652
-11385
-11869
-12163
-12177
-12015
-11931
-12020
-12129
-11711
-10701
-9213
-6937
-4214
-1624
1279
5130
9209
12790
16488
19692
21184
22018
22579
21916
20598
18709
15602
12190
8698
4850
1691
-1026
-4013
-6248
-7779
-9216
-9726
-9840
-10161
-10075
-10165
-10715
-11324
-12132
-13279
-14495
-15832
-17416
-18884
-19556
-19572
-18751
-16039
-13697
-11025
-6350
-1973
3008
8735
13706
17614
21044
23274
24372
25102
23679
22253
20450
16301
12587
9773
6549
3092
85
-3091
-5641
-7117
-8501
-9025
-9324
-10379
-11128
-11251
-11433
-11308
-11130
-11633
-12015
-11819
-11201
-9890
-7902
-5638
-3229
-407
3300
7381
10989
14499
17394
18963
20431
21624
21301
20032
18017
15210
12182
8536
4866
2118
-693
-3536
-5615
-7318
-8408
-8569
-8929
-9317
-9122
-9401
-10159
-10748
-11547
-12728
-13881
-15595
-17127
-17863
-18890
-19166
-17484
-15032
-13580
-10003
-4985
-1559
4031
9620
13638
17859
20626
22432
23949
24094
22544
21172
18697
14334
10860
7910
4578
1277
-1938
-4850
-6776
-7967
-8982
-9391
-9607
-10205
-10459
-10119
-10196
-10564
-10089
-10135
-10905
-10567
-9778
-8258
-5825
-3761
-1531
1855
5288
8914
12538
15786
18791
18973
20750
22084
19639
18926
16524
13103
9854
5841
2877
-8
-2673
-5529
-7201
-8741
-10033
-9639
-9473
-9485
-9878
-10378
-10704
-11307
-12172
-13183
-14578
-16131
-17358
-18496
-18064
-15995
-14540
-12853
-9223
-5191
-918
4887
10394
14380
17870
20966
23277
24288
23597
22135
20102
16666
12589
9095
5914
2284
-1800
-5328
-7651
-9108
-9780
-9879
-10142
-10428
-10183
-9440
-8557
-8101
-7957
-7744
-7882
-8028
-7501
-6637
-5171
-3263
-1797
450
4040
7264
10607
14585
17217
18777
20501
21127
20513
19446
17275
14150
10563
6412
2510
-694
-3920
-7271
-10096
-11928
-12825
-12969
-12622
-12362
-12267
-12225
-12100
-11615
-11362
-11826
-12678
-13721
-15089
-15885
-15079
-13386
-11997
-10246
-7294
-3915
935
6461
11025
15607
19191
21692
23938
24964
23831
22264
20690
16351
11437
8126
4799
883
-3663
-7507
-9987
-12066
-12640
-11855
-12298
-12828
-11970
-10926
-9745
-8633
-7911
-7134
-6608
-6349
-5673
-4086
-1879
-207
1122
3498
6761
9970
13204
16357
18650
19917
20790
21298
20722
19053
16483
13036
8866
4603
794
-2764
-6219
-9933
-13020
-14770
-15625
-15732
-15760
-15562
-15336
-15058
-14405
-13824
-13211
-13194
-13452
-13540
-13562
-12204
-10630
-9631
-6716
-3889
-1537
3647
8467
12235
16760
19612
21538
23569
24198
23700
22543
19596
15563
11953
7919
3616
-298
-4530
-8615
-11624
-13740
-14836
-15116
-15245
-15031
-14520
-13505
-11715
-10198
-8869
-7579
-6889
-5624
-3931
-2194
273
2285
3786
6719
9750
12399
16067
18689
20298
21324
21722
21850
21028
19274
16144
12740
8412
4308
547
-3743
-7164
-11587
-14564
-16207
-17967
-18668
-19002
-19069
-19348
-18258
-17165
-16573
-15382
-14997
-14652
-13652
-11610
-9617
-7952
-4997
-2125
587
4975
9247
12905
17161
20217
22370
24250
24535
24159
23059
20569
17269
13540
10174
6029
1177
-2913
-7048
-10644
-13114
-14949
-16243
-16979
-16971
-16509
-15760
-14535
-12799
-10898
-9185
-7693
-5958
-3672
-1282
953
3178
5555
8119
10789
13482
15970
18004
19505
20479
20791
20312
19157
17486
15115
11806
7897
3987
283
-3492
-7367
-10832
-13680
-16110
-18029
-19365
-20199
-20673
-20813
-20425
-19758
-19016
-18026
-16689
-14601
-12313
-10443
-7776
-4497
-1406
2426
6382
9925
13831
17109
19613
22083
23429
23573
23348
22361
20246
17448
14695
11632
7413
2953
-969
-4844
-8253
-10814
-13266
-15426
-16520
-17105
-17643
-17264
-16040
-14936
-13646
-11758
-9907
-7897
-5012
-2065
425
3130
6284
9470
12581
15198
17244
19041
20087
20540
20199
19251
17796
15313
12781
9526
5730
2448
-1190
-4776
-8212
-11425
-13811
-16038
-17767
-18856
-20209
-20634
-20398
-20480
-20097
-19541
-17893
-15556
-13805
-11342
-8204
-5058
-1274
3084
6997
10799
14475
17437
20367
22397
22970
23193
22668
20823
18527
16264
13513
10067
6295
2511
-1067
-4049
-6633
-9137
-11312
-13102
-14479
-15177
-15347
-15386
-15147
-14325
-13144
-11871
-10235
-7981
-5367
-2800
-180
2930
6472
9802
12688
15298
17441
18885
19762
20054
19474
18094
16278
13911
10837
7400
3725
73
-3391
-6980
-10356
-13116
-15420
-17373
-19077
-20261
-20895
-21065
-20764
-20734
-19664
-16969
-15609
-14035
-10052
-7144
-4574
83
4262
7609
11231
14824
18437
20782
21904
23062
23182
21891
20080
18237
16125
12854
9182
5937
2361
-1128
-4043
-6754
-9208
-11419
-13152
-14205
-14787
-14913
-14797
-14297
-13187
-12013
-10559
-8291
-5620
-3081
-709
2059
5345
8170
10595
13191
15089
15910
16536
17108
17027
15923
13975
11787
9352
6297
2995
-131
-3447
-7056
-10406
-13108
-15401
-17495
-19090
-20174
-21091
-21559
-20981
-19372
-17526
-15830
-13548
-10521
-7211
-3493
456
4237
7813
10931
13860
16849
19003
20232
21195
21219
20009
18648
17328
15524
12957
9612
6347
3656
860
-2006
-4501
-6927
-9339
-11096
-12029
-12823
-13506
-13472
-13093
-12643
-11536
-9821
-7698
-5233
-3044
-858
2177
5243
7687
10296
12543
13470
14374
15570
15296
14087
13149
11249
8319
5747
3018
-325
-3470
-6515
-9814
-12643
-14706
-16544
-18136
-19257
-20093
-20259
-19359
-18026
-16622
-14752
-12363
-9489
-6046
-2453
1073
4542
7714
10847
13945
16322
18256
19949
20539
20115
19482
18603
17132
14973
12178
9154
6247
3459
715
-2083
-4919
-7479
-9441
-10855
-12036
-12837
-12908
-12677
-12179
-11022
-9458
-7328
-4746
-2668
-504
2366
5091
7424
9536
11325
12653
13380
13833
13771
12824
11518
9783
7608
5116
1796
-1464
-4150
-7506
-10921
-13513
-16092
-18361
-19937
-21120
-21070
-20234
-19640
-17972
-15335
-13028
-9894
-5872
-2331
1002
4128
7102
10373
12894
14413
15926
16957
16838
16443
16432
16068
14705
12823
10975
9189
7224
5312
3712
1646
-978
-3207
-4909
-6128
-7407
-8939
-9404
-9611
-10255
-9431
-7824
-6542
-4626
-2730
-634
2223
4487
6628
9116
10534
11112
11611
11745
11227
9955
8256
6265
3622
367
-2751
-5173
-7594
-10619
-13217
-15013
-16899
-18429
-18546
-17937
-17609
-16978
-15369
-13239
-10876
-7942
-4606
-1601
755
3166
6275
9326
11373
12891
14345
15016
14895
15147
15727
15288
13644
11784
10130
8369
6468
4606
2557
-23
-2791
-4939
-6304
-7542
-8905
-9854
-10162
-10204
-9783
-8168
-5723
-3661
-2003
300
3182
5676
7791
10084
11840
12259
12168
12322
11812
10153
8379
6681
4104
693
-2125
-4376
-6986
-9816
-12474
-14458
-16314
-18109
-18574
-17933
-17870
-18047
-16426
-14408
-12597
-9490
-6266
-3083
-408
1761
5283
8431
10478
12488
13870
14526
14304
14323
15200
14647
12497
11240
10218
7901
6238
5313
3403
924
-1416
-3064
-4055
-5362
-6670
-7436
-8118
-8543
-8311
-7145
-5384
-4100
-2894
-721
1889
4074
6040
8176
9836
10356
10451
10858
10782
9411
7494
5747
3509
301
-2830
-5041
-7376
-10472
-13061
-14654
-16163
-17678
-17926
-16855
-16395
-16067
-13929
-11295
-9092
-6245
-3019
173
2701
4486
7272
10181
11343
12188
13248
13308
12730
12594
12880
12195
10200
8425
7153
5608
3947
2355
547
-1639
-3907
-5668
-6657
-7274
-8072
-8727
-8678
-8197
-7364
-5526
-2955
-838
806
3034
5883
8273
10080
11876
13150
13181
12487
12030
11263
9312
6633
4083
1123
-2570
-5762
-8220
-10566
-13660
-16175
-17412
-18718
-19212
-18598
-17325
-16486
-15539
-12890
-10065
-7407
-4156
-658
1995
3872
6594
9793
12061
13510
14924
15722
15476
15384
15988
15911
14233
12046
10079
7964
5791
3763
1376
-1694
-4773
-7203
-8997
-10186
-11097
-12027
-12608
-12348
-11433
-9648
-6884
-4176
-2016
-176
2797
6157
8606
10895
12533
13499
13382
13053
13167
11967
9835
7369
4398
979
-2588
-5672
-8219
-11363
-15069
-17468
-19193
-20408
-19863
-19039
-18619
-17231
-14872
-11892
-8363
-4637
-832
2268
4675
7591
10699
12985
14598
15883
16220
15479
15116
15585
15147
13132
10942
9221
7200
5037
3508
1851
-893
-3748
-5647
-7049
-8298
-9186
-9930
-10660
-10959
-10461
-8891
-6373
-4058
-2506
-586
2410
5494
8040
10456
12109
12385
12138
12181
11876
10463
7937
4948
1760
-1928
-5036
-7883
-10935
-14216
-17486
-19260
-20369
-20195
-18841
-18449
-17662
-15296
-12175
-8746
-4851
-1353
1398
3862
6380
9671
12197
13204
14457
15356
14794
14707
15598
15751
14881
13213
11552
10353
8693
6951
5423
2645
-908
-3500
-5373
-7303
-9324
-10973
-12085
-12928
-13044
-11882
-9799
-7378
-5187
-3119
-338
3070
6022
8335
10287
11264
11136
11035
11171
10202
7959
5695
3138
-269
-3403
-5734
-7933
-10681
-13534
-15487
-16977
-17601
-16605
-16077
-15834
-14348
-12690
-10029
-6497
-3978
-1327
1331
2941
5529
8307
9844
11710
12872
12806
12904
13768
14490
14108
13173
11549
10467
9554
7918
6920
5229
2345
-59
-1773
-3650
-5081
-5998
-7475
-8805
-9275
-8861
-7717
-6063
-4709
-3860
-2445
209
2705
4188
5818
6691
6467
6197
6444
6062
4460
2629
-122
-2702
-5185
-7575
-9467
-11571
-13539
-16254
-16888
-15230
-14691
-14073
-11906
-9631
-7767
-4252
-350
2601
5069
6516
8178
10556
11641
12084
13392
12913
10841
10299
11195
11415
10051
8602
7439
6284
5058
4218
4092
1939
-1388
-2918
-4013
-5214
-6324
-7052
-7380
-8374
-8492
-6569
-3886
-1882
-777
838
3259
5526
7469
9236
10005
9221
7902
7263
6545
4414
1483
-1576
-5016
-8579
-11367
-13165
-14994
-17471
-19916
-20900
-19449
-17248
-15846
-13639
-10810
-8492
-4868
-56
3973
7008
8959
10640
12821
14265
14915
15626
15740
14450
12715
12589
13486
12679
10545
9066
7826
6212
4933
4017
2192
-800
-3540
-5236
-6253
-7332
-8507
-9153
-9369
-9590
-8648
-5824
-2842
-1161
-577
1367
4199
6246
8047
8864
8931
7603
5846
5653
4601
1550
-1604
-4709
-8374
-11340
-13612
-15045
-16592
-19518
-20847
-19863
-17702
-15717
-14263
-11309
-8234
-5380
-1064
3251
6492
8570
10057
12117
14051
14718
15060
15864
15282
13517
13161
13971
13694
11828
10186
9220
7789
6047
4804
3485
925
-2048
-3833
-4942
-6414
-7566
-7890
-8176
-8762
-8163
-5675
-3104
-1367
107
1821
4291
6432
7513
8447
8316
6735
5263
3719
1635
-1042
-4833
-8547
-11593
-14982
-17629
-18606
-19662
-21387
-22011
-20289
-17437
-15256
-12812
-9253
-6168
-2980
1659
6018
9035
10968
12212
13998
15600
15997
16438
16466
14847
13005
12526
12821
11948
9741
8140
7282
5912
4375
3376
2149
-257
-2955
-4392
-4951
-5970
-7268
-7663
-7376
-7242
-6321
-3528
-471
969
2009
4480
7269
8576
9030
9645
9325
7222
4947
3493
1183
-2895
-7051
-10232
-13532
-17227
-19485
-20219
-21663
-23536
-23165
-20428
-17997
-16359
-13142
-8905
-5763
-2023
3020
7172
10011
12055
14061
16222
16983
17001
17549
17011
15191
13876
13568
13250
11617
9384
8211
7244
5244
3348
2362
647
-2572
-5063
-5856
-6919
-8604
-9204
-8909
-8903
-8421
-6080
-2704
-277
1100
3150
6229
8751
9943
10715
11289
10323
7998
6276
4780
1700
-2557
-6601
-9924
-13414
-17348
-19574
-20444
-22861
-24599
-22553
-19827
-18558
-16297
-12455
-8578
-5029
-1111
3691
7697
9481
11268
14153
15817
15817
16114
16792
16003
14105
13717
14441
13537
11367
10084
9411
7984
6167
4723
2994
434
-2376
-4498
-5657
-7088
-9016
-9744
-9290
-9043
-8676
-6611
-3200
-1426
-638
2672
6374
7457
8122
9503
9929
8704
6934
5940
4220
223
-3723
-6285
-9451
-13410
-16337
-18029
-20031
-22325
-22096
-19355
-17819
-16853
-13676
-9831
-6505
-2794
1210
5011
7559
9019
11285
13613
14304
14340
14814
14851
13595
12775
13726
13823
11777
10338
10162
9248
7546
6140
4560
2134
-605
-2818
-4074
-5193
-7188
-8790
-8801
-8713
-8682
-6691
-3736
-2440
-1535
1092
4176
6143
7305
8099
8334
7593
6095
4963
4035
1380
-2783
-5800
-7946
-11190
-14130
-15437
-17076
-19752
-20837
-18893
-16758
-16098
-14068
-10359
-7405
-4438
-351
3962
7002
8110
9749
12729
14016
13838
14515
14887
13379
11900
12720
13515
11546
9422
9166
8618
7066
5924
4984
3072
442
-1963
-3357
-3769
-5477
-8192
-8077
-7215
-8581
-7585
-3678
-2397
-2887
-823
2908
4811
5157
6429
7471
6401
4843
4220
3463
942
-2903
-5768
-7834
-10886
-13942
-15479
-16843
-19330
-20647
-18780
-16409
-15491
-13614
-9993
-6678
-3693
276
4698
7805
9196
10732
13145
14418
14343
14737
14697
12942
11506
11815
12093
10823
9105
8316
7886
6966
6015
5277
3825
1262
-1109
-2240
-3000
-4323
-5692
-6505
-7074
-7178
-5848
-3512
-2002
-1498
-285
2169
4530
5864
6453
6518
5776
4359
3062
2077
79
-3685
-7369
-9849
-12482
-15284
-16901
-18153
-20360
-21738
-19951
-16940
-15382
-13522
-9911
-6328
-3029
1123
5509
8655
10181
11656
13915
14967
14600
14975
14998
12885
11015
11256
11682
10651
8894
7809
7554
6713
5367
5052
4397
1616
-1246
-2117
-2476
-4361
-6102
-5652
-5896
-7381
-5746
-2345
-1296
-835
858
2929
4991
6241
6592
7041
6777
4893
3068
2235
149
-3968
-7483
-9884
-13128
-16543
-18253
-19347
-21331
-22539
-21002
-18275
-16583
-14666
-10836
-6636
-3221
622
5025
8382
10094
11683
13819
14793
14589
14757
14618
13414
12149
11704
11928
11314
9397
8246
8309
7566
5951
4959
3928
1518
-1009
-2146
-3048
-4698
-6073
-6551
-6734
-6682
-5511
-3135
-1116
-199
1092
3746
6358
7648
8239
8532
7893
6464
5035
3580
1251
-2486
-6601
-9766
-12498
-15636
-18157
-19549
-21354
-23146
-22079
-19043
-17202
-15590
-12396
-8620
-4857
-706
3684
7399
9460
10858
13031
14857
15173
15026
15120
14454
12752
11901
12678
12481
10348
8900
8483
7353
5807
4552
3284
1098
-1759
-3295
-4251
-6150
-7237
-7501
-8298
-8292
-7029
-5110
-2682
-951
72
2246
5466
7791
8764
9432
9569
8356
6818
5832
4224
818
-3570
-7221
-10100
-13325
-16318
-18168
-19987
-22139
-22343
-19947
-17624
-16352
-14099
-10402
-6757
-3081
1464
5677
8086
9640
11784
13894
14818
14978
15074
14605
13340
12445
12700
12854
11500
9526
8552
8103
6917
5461
4349
2486
-474
-2856
-3942
-4939
-6473
-7693
-8113
-8216
-8012
-6584
-3990
-2007
-1315
120
3161
5644
6677
7514
8034
7317
5987
5148
4106
1310
-2522
-5865
-8893
-11862
-14515
-16659
-18405
-20521
-21811
-20212
-17520
-16015
-14217
-10886
-7279
-3965
85
4674
7880
9482
11317
13711
15324
15794
15794
15566
14551
12836
12126
12794
12355
9874
7971
7835
7093
4898
3637
3042
249
-3163
-4052
-4511
-6506
-7794
-7896
-8324
-8478
-7234
-4758
-2201
-952
24
2709
5753
7143
7880
8824
8690
7216
5955
5120
3178
-270
-3950
-6979
-9969
-13373
-16097
-17730
-19772
-22069
-22166
-19983
-18166
-16986
-14400
-10637
-7408
-4162
377
4946
7779
9690
12123
14440
15542
16041
16623
16352
14864
13756
13839
13765
12431
10749
9745
8759
7234
5808
4538
2672
-3
-2463
-3757
-4961
-6726
-7783
-8216
-8778
-8545
-6919
-4459
-2391
-1258
361
3051
5297
6608
7563
7887
7181
5989
5192
4356
1989
-1556
-4667
-7535
-10618
-13346
-15562
-17606
-19876
-21388
-20465
-18493
-17297
-15652
-12752
-9433
-6012
-2046
2340
5883
8245
10260
12307
14273
15195
14992
14907
14487
13320
12349
11955
11863
10457
8068
7599
7436
5437
4118
3561
1453
-1430
-3035
-3604
-4942
-6554
-6861
-6800
-6909
-6259
-4464
-1945
-143
832
2819
5481
7154
8046
8837
9008
7790
6059
5028
3556
382
-3372
-6604
-9804
-13271
-16170
-18176
-20096
-22053
-22716
-21336
-19216
-17566
-15369
-11807
-8107
-4697
-387
4309
7514
9548
11865
14073
15205
15668
16091
15948
14702
13258
12843
12848
11711
9732
8466
7617
6146
4681
3618
1983
-517
-2976
-4565
-5614
-6877
-7965
-8443
-8470
-8042
-6871
-4414
-1575
-230
913
3648
6342
7805
8893
9654
9427
8233
6893
5875
4066
706
-3016
-6200
-9291
-12498
-15311
-17351
-19422
-21610
-21935
-20284
-18806
-17372
-14802
-11572
-8013
-4032
104
4228
7740
10062
11847
13817
15606
16230
15802
15704
15380
13786
13095
13737
12602
10166
9114
8419
6555
4702
3467
1552
-1386
-3909
-5289
-6390
-7770
-8883
-9139
-9007
-8810
-7560
-4939
-2515
-1096
548
3268
5900
7444
8529
9463
9353
8194
7199
6371
4382
1127
-2104
-4975
-8284
-11916
-14700
-16664
-18993
-21348
-21910
-20617
-19205
-17844
-15220
-11621
-8409
-5190
-794
3902
7107
9139
11479
13859
15045
15562
16493
16784
15321
13775
13878
14155
12851
11094
10206
9166
7147
5315
4310
2664
-430
-3396
-4955
-6076
-7713
-8914
-9112
-9372
-9745
-8594
-5794
-3361
-2158
-614
2097
4596
6217
7835
9355
9488
8113
7017
6744
5243
2074
-1219
-4467
-8053
-11535
-14122
-15843
-18292
-21094
-21689
-20317
-18811
-17173
-15027
-12384
-9265
-5806
-1712
2950
6551
8197
9795
12472
14331
14856
15760
16296
14834
13276
13660
14271
13132
11311
10200
9070
7137
5367
4493
3122
107
-2999
-4598
-5721
-7356
-8427
-8482
-8882
-9613
-8760
-5991
-3377
-2004
-474
2227
4843
6520
8374
10448
10706
9004
7711
7262
5786
2885
-278
-3625
-7609
-11354
-13702
-15201
-17395
-20234
-21610
-20738
-19362
-18234
-16252
-13504
-11127
-8535
-4343
489
3989
6247
8404
10844
12977
14293
15649
16741
15768
14016
13909
14488
13980
12418
10954
9904
8265
6432
5587
4603
2017
-1271
-3576
-4841
-6162
-7513
-8229
-8786
-9628
-9335
-6724
-3449
-1749
-810
1337
4154
6217
8043
9973
10483
9055
7530
7050
6268
4089
1136
-2299
-6153
-9510
-11965
-13891
-16071
-18930
-21203
-21488
-19966
-18182
-17154
-15258
-12113
-9625
-6409
-1202
3296
5876
7781
10055
12646
14406
15618
16734
16229
14287
13250
13789
14120
12735
10691
9356
8017
6297
5142
4353
2299
-1253
-4274
-5672
-6719
-8175
-9224
-9718
-10326
-10478
-8624
-5242
-2651
-1381
353
3274
6136
8280
10213
11486
11110
9798
9071
8662
7115
4212
776
-2892
-6763
-10148
-12496
-14585
-17522
-20656
-22083
-21318
-19890
-18798
-17260
-14720
-11899
-8962
-4962
-175
3545
5741
7931
10615
12677
13995
15443
16365
15575
14267
14419
15308
14832
13157
11798
10691
8955
7127
6017
4580
1529
-1995
-4168
-5503
-7226
-8677
-9198
-9861
-10837
-10442
-8078
-5347
-3613
-2337
-268
2503
4865
6775
8668
9504
8804
8159
8018
7096
5347
3099
-314
-4075
-6804
-9362
-12176
-14193
-16327
-19292
-20511
-19097
-17818
-17153
-15151
-12383
-10149
-7296
-2983
1320
4216
6132
8306
10882
12859
14150
15478
16046
14934
13839
14399
15064
13949
11979
10567
9227
7386
5831
4824
3078
-92
-3236
-4935
-5938
-7287
-8480
-9057
-9601
-10039
-9024
-6080
-3170
-1690
-358
1906
4439
6633
8605
10287
10640
9262
7931
7608
6666
4208
1067
-2442
-6166
-9449
-11894
-13765
-16087
-19224
-21482
-21487
-20053
-18567
-17268
-15528
-13223
-10550
-6962
-2333
1933
4663
6639
9315
12316
14342
15770
17255
17609
16261
15362
16170
16488
14824
12781
11240
9430
7367
5837
4721
2594
-855
-3807
-5532
-7018
-8475
-9471
-10136
-10971
-11448
-10159
-7231
-4585
-3004
-1253
1493
4310
6709
9173
11044
11337
10561
9847
9525
8545
6038
2739
-819
-4633
-7969
-10392
-12592
-15401
-18625
-20782
-20967
-20021
-19038
-17970
-16324
-14240
-11865
-8457
-3819
402
2921
4820
7555
10599
12768
14387
15907
16121
14897
14589
15758
16063
14547
12792
11711
10468
8683
7443
6705
4517
874
-1865
-3269
-4755
-6544
-8065
-9237
-10251
-10680
-9477
-6730
-4421
-3415
-1928
1089
4051
6017
8010
9845
9876
8521
7899
8018
6893
4055
922
-2070
-5492
-8734
-10820
-12671
-15637
-18835
-20378
-20139
-19233
-18199
-16914
-15252
-13210
-10570
-6886
-2409
1333
3435
5227
7989
10790
12622
14091
15375
15404
14379
14232
15475
15977
14324
12263
11328
10185
8124
6818
6057
3409
-549
-3011
-4059
-5491
-7480
-9061
-9639
-9906
-10363
-9345
-6085
-3580
-3241
-1573
2520
5114
6112
8899
11431
10607
9254
9574
9332
7399
4925
2260
-1131
-5003
-8302
-10610
-12891
-15995
-19049
-20723
-21095
-20640
-19488
-18157
-16920
-15168
-12437
-8853
-4672
-620
2363
4575
7271
10599
13503
15518
16862
17265
16606
16065
16595
17071
15913
13702
11875
10359
8619
7104
5822
3575
100
-3087
-4938
-6091
-7444
-8911
-10000
-10685
-10861
-9831
-7327
-4609
-2863
-1343
1128
4088
6649
8899
10728
11193
10320
9491
9173
8299
6166
3213
-186
-3878
-7245
-9784
-12001
-14761
-18038
-20728
-21806
-21342
-20309
-19385
-18337
-16691
-14224
-10746
-6326
-1888
1483
3978
6704
9926
12897
15012
16278
16847
16718
16363
16617
17054
16274
14373
12641
11374
9943
8366
6943
4922
1804
-1286
-3561
-5384
-6913
-8347
-9851
-10775
-10927
-10613
-9068
-6441
-4447
-3041
-748
2243
4909
7208
9330
10596
10559
10083
9968
9611
7997
5295
2305
-904
-4298
-7298
-9989
-12995
-16270
-19055
-20754
-21461
-21285
-20297
-19155
-17855
-15681
-12706
-9105
-5049
-1321
1745
4507
7360
10443
13156
14950
16046
16633
16667
16626
17016
17142
16076
14279
12686
11249
9651
8003
6166
3660
645
-2017
-3864
-5311
-6891
-8530
-9729
-10168
-9979
-9116
-7403
-5251
-3329
-1420
1156
4079
6420
8234
9860
10866
10871
10316
9661
8432
6251
3623
676
-2810
-6376
-9587
-12390
-14983
-17651
-19958
-21259
-21661
-21215
-20052
-18711
-17004
-14650
-11937
-8476
-4237
-432
2652
5584
8393
11144
13854
16039
17294
17628
17433
17245
17484
17572
16137
13808
12145
10543
8462
6628
4746
2135
-865
-3454
-5354
-6911
-8264
-9397
-10273
-10679
-10418
-9236
-7052
-4670
-2655
-492
2121
4669
6961
9198
10938
11435
11035
10589
10012
8678
6521
3883
659
-3102
-6517
-9225
-11907
-14971
-18071
-20408
-21689
-22004
-21176
-19910
-19111
-17880
-15313
-11978
-8345
-4388
-461
2698
5198
8159
11658
14410
16032
17145
17764
17664
17463
17709
17502
15929
13690
11808
10159
8252
6169
4126
1750
-1147
-3754
-5311
-6343
-7682
-8945
-9518
-9698
-9580
-8423
-6201
-4013
-2347
-383
2244
4781
6888
8931
10683
11367
10875
10110
9497
8232
6091
3531
360
-3401
-7006
-9857
-12148
-14879
-17924
-20123
-21457
-22024
-21236
-19629
-18458
-17525
-15524
-12256
-8498
-4391
-327
2801
5283
8260
11901
15018
16834
17933
18384
17936
17659
17907
17519
15939
13609
11293
9429
7719
5911
3877
1338
-1651
-4315
-5868
-6730
-7941
-9410
-10248
-10415
-10141
-8846
-6415
-4121
-2548
-716
1904
4533
6704
8712
10408
11058
10658
10115
9631
8414
6222
3652
800
-2685
-6261
-9094
-11661
-14641
-17537
-19625
-20973
-21763
-21531
-20345
-19180
-17866
-15531
-12383
-8724
-4641
-623
2995
6155
9159
12403
15404
17501
18742
19285
19190
18645
18018
17360
16014
13776
11455
9455
7430
5249
3144
962
-1626
-4202
-6061
-7284
-8501
-9752
-10482
-10547
-10226
-9334
-7581
-5384
-3428
-1509
966
3819
6343
8380
10100
11182
11244
10709
10184
9242
7169
4415
1669
-1375
-4896
-8123
-10622
-13356
-16574
-18846
-20077
-21285
-21738
-20616
-19058
-18096
-16535
-13166
-9548
-6545
-2445
2167
5188
7823
11452
14770
17011
18609
19523
19647
19210
18617
18178
17340
15322
12649
10424
8566
6501
4340
2220
-335
-3356
-5826
-7206
-8296
-9684
-10776
-11108
-11092
-10768
-9349
-6901
-4559
-2756
-712
1912
4441
6541
8577
10214
10589
10080
9786
9439
8051
5845
3520
739
-2879
-6230
-8567
-10974
-14164
-17235
-19282
-20571
-21408
-20992
-19598
-18667
-17648
-15276
-11847
-8050
-4195
-234
3490
6385
9377
13090
16196
18024
19035
19511
19561
19194
18704
18196
16876
14511
11913
9761
7899
5823
3587
1327
-1315
-4144
-6279
-7546
-8669
-9946
-10874
-11236
-11167
-10504
-8992
-6942
-4987
-3199
-970
1766
4374
6500
8352
9883
10428
10117
10019
9692
7998
5677
3527
820
-2791
-6031
-8189
-10861
-14443
-16813
-18244
-20229
-21169
-20187
-19250
-18699
-17132
-14477
-11409
-7963
-4000
153
3697
6565
9773
13248
15997
17736
19006
19815
19466
18722
18460
18028
16615
14367
12266
10360
8076
5900
3947
1493
-1533
-4378
-6332
-7776
-9370
-10638
-11298
-11707
-11753
-10989
-9186
-7106
-5373
-3345
-757
1839
4254
6467
8488
9815
10143
10225
10146
9430
7847
5755
3526
579
-2935
-5967
-8504
-11344
-14513
-17093
-18936
-20467
-21248
-20652
-19366
-18262
-16791
-14121
-10689
-7263
-3614
425
4119
7069
9963
13233
16103
17878
18972
19729
19752
19164
18691
18206
16745
14302
11916
9812
7512
5027
2503
21
-2611
-5456
-7615
-8887
-10174
-11439
-12091
-12214
-11992
-11227
-9515
-7277
-5315
-3358
-773
2095
4549
6655
8862
10545
11007
10969
10919
10292
8645
6464
4325
1456
-2265
-5283
-7781
-10834
-13922
-16435
-18334
-19765
-20602
-20216
-19112
-18153
-16674
-14093
-10910
-7557
-3879
176
3912
6928
9942
13242
16048
17903
19172
20006
19962
19237
18693
18172
16720
14339
11941
9874
7594
5073
2732
330
-2588
-5638
-7848
-9242
-10774
-12189
-12810
-13151
-13256
-12404
-10494
-8181
-6154
-4141
-1425
1498
4017
6475
8923
10644
11233
11394
11698
11420
9971
7925
5825
3263
-164
-3405
-5912
-8840
-12250
-14966
-16926
-18668
-20096
-20411
-19501
-18517
-17596
-15613
-12578
-9427
-6144
-2202
1894
5160
8006
11395
14810
17131
18543
19752
20271
19529
18609
18377
17608
15360
12633
10347
7989
5321
2919
628
-2099
-5064
-7714
-9439
-10545
-11949
-13114
-13358
-13374
-13223
-11918
-9504
-7146
-5267
-2911
201
3110
5614
8244
10601
11883
12235
12429
12427
11508
9805
7884
5456
2105
-1476
-4431
-7141
-10321
-13443
-15841
-17850
-19721
-20633
-20063
-19005
-18185
-16846
-14334
-11234
-7932
-4010
443
4251
6987
10101
13818
16782
18459
19531
20481
20152
18960
18485
18020
16370
13592
10906
8761
6236
3518
1311
-1031
-3977
-7079
-9172
-10255
-11810
-13277
-13800
-13868
-13820
-13125
-10963
-8370
-6409
-4185
-1045
2261
4907
7366
10013
12015
12793
13063
13332
12871
11309
9350
7319
4455
750
-2581
-5219
-8231
-11618
-14229
-16178
-18153
-19684
-19923
-19183
-18518
-17697
-15770
-13087
-10196
-7067
-3334
907
4125
7024
10471
13835
16326
17479
19211
20067
19183
18385
18128
17527
14655
12098
10353
7704
4844
2371
518
-2287
-5357
-7479
-9169
-10829
-12484
-13378
-13671
-13913
-13921
-12802
-10567
-8282
-6152
-3469
-55
3080
5750
8611
11374
12987
13516
13942
14072
13016
11180
9460
7309
3945
153
-2802
-5361
-8524
-11755
-14251
-16300
-18367
-19980
-19987
-18941
-18549
-17975
-15729
-12902
-10206
-6626
-2310
1595
4697
7693
11455
14984
16843
18198
19787
20017
18947
18376
18234
16963
14305
11558
9416
7054
4170
1622
-592
-3528
-6895
-9177
-10500
-12243
-14047
-14718
-14776
-15015
-14633
-12706
-10063
-7873
-5692
-2466
1384
4643
7337
10249
12930
14472
15290
16053
16070
14699
12830
11089
8639
4990
1168
-2010
-5199
-8865
-12207
-14785
-17086
-19505
-21246
-21220
-20346
-19902
-19037
-16868
-14026
-11198
-7675
-2848
1262
3802
7228
11567
14567
16537
18485
19874
19930
19090
18727
18592
17152
14341
11504
9355
6978
3981
1576
-589
-3791
-7101
-9216
-10667
-12417
-14185
-15095
-15340
-15540
-15022
-13066
-10429
-8079
-5670
-2367
1665
5309
8332
11398
14111
15669
16564
17234
17054
15787
13919
11872
9349
5719
1761
-1352
-4621
-8712
-12261
-14861
-17421
-20006
-21685
-21788
-21150
-20765
-19850
-17748
-15278
-12537
-8815
-4612
-902
2358
5939
9946
13266
15423
17423
19282
19677
18866
18597
18771
17574
15025
12743
10794
8050
4952
2577
258
-3033
-6345
-8476
-10134
-12230
-14035
-14669
-14785
-15108
-14695
-12603
-9915
-7721
-5261
-1600
2396
5487
8285
11699
14601
16029
16971
17788
17537
16039
14056
12231
9896
5853
1551
-1447
-4864
-9252
-12549
-14802
-17630
-20676
-22143
-21859
-21417
-21208
-20181
-18164
-15854
-13212
-9391
-4653
-712
2206
5762
10072
13492
15852
18268
20232
20353
19434
19293
19315
17723
14873
12350
10043
7023
3936
1720
-581
-4024
-7538
-9724
-11265
-13214
-14779
-15128
-15200
-15578
-14813
-12185
-9277
-7042
-4307
-386
3585
6792
10029
13447
15933
17194
17963
18481
17965
16227
14234
12065
9007
5077
980
-2440
-5926
-10177
-13615
-16111
-18791
-20983
-22421
-22744
-21770
-21268
-20697
-18452
-15838
-13187
-9432
-5065
-1015
2417
6019
10209
13741
16102
18211
20156
20899
20317
19743
19439
18000
15237
12451
10004
7079
3692
756
-1727
-4647
-7844
-10228
-11809
-13478
-14965
-15333
-15022
-14813
-13990
-11836
-9091
-6311
-3236
237
3886
7423
10533
13362
15990
17728
18187
18044
17606
16135
13579
11061
8547
4832
539
-2928
-6170
-9940
-13412
-16175
-18673
-20945
-22531
-22785
-22008
-21417
-20704
-18736
-16073
-13238
-9571
-5165
-905
2856
6339
10167
14136
16953
18745
20503
21287
20446
19537
19140
17929
15263
12123
9487
6864
3485
271
-2128
-4978
-8447
-10875
-12151
-13527
-14893
-15301
-14815
-14199
-13333
-11331
-8238
-5290
-2726
530
4509
7933
10591
13353
16015
17516
17973
18114
17697
16232
14016
11614
8869
5262
1108
-2667
-6095
-9800
-13395
-16278
-18719
-20861
-22517
-23189
-22477
-21466
-20820
-19249
-16503
-13622
-10379
-6330
-2047
1754
5049
8643
12645
15643
17404
19169
20523
20231
19177
18685
17896
15621
12571
9988
7625
4638
1420
-1074
-3397
-6480
-9312
-10750
-11739
-13092
-13892
-13611
-12938
-12281
-10923
-8251
-5165
-2678
-6
3518
7000
9803
12332
14737
16496
17217
17268
16945
15798
13771
11286
8573
5604
1870
-2365
-5908
-9145
-12761
-15967
-18380
-20346
-22038
-23179
-22861
-21537
-20722
-19571
-16946
-14012
-10990
-7063
-2847
1039
4477
7851
11823
15258
17268
19080
20668
20883
20141
19377
18605
16974
14102
11056
8484
5596
2416
-202
-2682
-5776
-8634
-10309
-11428
-12693
-13577
-13604
-13262
-12799
-11593
-9308
-6639
-4154
-1517
1731
5217
8232
10742
13168
15256
16382
16756
16856
16214
14322
11831
9414
6606
2822
-1158
-4559
-7988
-11706
-14828
-17079
-19033
-21014
-22439
-22447
-21448
-20586
-19587
-17557
-14986
-12246
-8627
-4342
-216
3397
6426
10104
14374
16779
18250
20636
21455
20242
19633
19288
17709
14928
11907
9312
6339
2908
201
-2146
-5063
-8064
-10162
-11372
-12465
-13482
-13861
-13504
-12898
-12108
-10275
-7358
-4629
-2193
830
4373
7657
10317
12696
14996
16444
16798
16856
16458
14870
12471
9976
7249
3779
-292
-4027
-7199
-10594
-14057
-16549
-18414
-20453
-22130
-22645
-21984
-20964
-20121
-18550
-15898
-13075
-9842
-5716
-1433
2421
5871
9423
13327
16438
18404
20294
21523
21020
19867
19197
18279
16110
12976
9999
7289
4225
1200
-1248
-3769
-6676
-9208
-10818
-11865
-12891
-13617
-13628
-13199
-12538
-11180
-8713
-5807
-3365
-775
2574
6062
9041
11484
13787
15658
16307
16329
16304
15408
13405
10909
8241
5269
1799
-1792
-5143
-8595
-12019
-15000
-17547
-19484
-20940
-22312
-22681
-21423
-20193
-19407
-17086
-13710
-11041
-7628
-2803
1415
4775
8420
12293
15626
17967
19834
21341
21543
20548
19455
18504
16792
13807
10480
7627
4663
1440
-1296
-3677
-6457
-9266
-11112
-12135
-13197
-14070
-14006
-13377
-12708
-11587
-9459
-6630
-3901
-1347
1701
5141
8317
10978
13257
15386
16938
17346
17238
16749
15024
12620
10233
7271
3632
-371
-4396
-7780
-11131
-14812
-17526
-19475
-21506
-22807
-23122
-22487
-21057
-19990
-18470
-15362
-12164
-9004
-4687
-179
3607
7136
10874
14761
17799
19549
21012
21976
21376
20100
19121
17747
15226
11817
8567
5847
2781
-519
-3136
-5470
-8268
-10778
-12005
-12605
-13570
-14302
-13917
-13023
-12268
-10940
-8391
-5416
-2941
-525
2732
6361
9430
11939
14214
16051
16876
16948
16987
16244
14085
11570
8916
5573
1896
-1772
-5354
-8816
-12508
-15863
-18078
-19779
-21327
-22338
-22643
-21779
-20215
-18835
-16647
-13440
-10425
-7089
-2829
1503
5478
8991
12320
15718
18208
19710
21219
21889
20816
19290
18121
16508
13838
10488
7305
4488
1329
-1852
-4164
-6327
-8957
-11132
-12395
-13152
-13710
-14026
-13623
-12648
-11704
-10186
-7420
-4488
-2100
623
4104
7515
10219
12534
14888
16572
17026
17058
16916
15654
13298
10774
8053
4704
1040
-2555
-6092
-9523
-12858
-15734
-17709
-19379
-20992
-21901
-22012
-21203
-19740
-18342
-16159
-13035
-10080
-6626
-2230
1984
5651
8940
12259
15635
17967
19333
20726
21297
20183
18606
17418
15819
12944
9422
6496
3760
405
-2538
-4622
-6982
-9692
-11562
-12336
-13080
-14008
-14061
-13214
-12357
-11394
-9533
-6573
-3567
-1213
1537
5204
8560
11141
13532
15719
17142
17551
17448
17096
15710
13186
10421
7483
4183
698
-3067
-6784
-10106
-13594
-16652
-18355
-19873
-21585
-22419
-22329
-21242
-19560
-18138
-15834
-12490
-9529
-6065
-1439
2877
6420
9621
12915
16242
18431
19701
21095
21296
19687
18179
17141
15299
12344
8985
5932
2935
-288
-2949
-5030
-7419
-10135
-12237
-12997
-13314
-14019
-14112
-13359
-12505
-11294
-9235
-6144
-2965
-733
1817
5579
9083
11675
14048
16187
17344
17476
17467
17325
15983
13376
10491
7514
4125
479
-3111
-6562
-10104
-13801
-16656
-18316
-19912
-21384
-22063
-22219
-21337
-19576
-18001
-15638
-12430
-9647
-6242
-1780
2441
6219
9485
12639
16062
18276
19468
21070
21465
19909
18460
17173
15159
12427
8908
5615
2828
-567
-3554
-5514
-7933
-10572
-12277
-13170
-13524
-13749
-13933
-13290
-12043
-10934
-9127
-5994
-2899
-671
1886
5571
9208
11887
14237
16528
18011
18406
18403
18166
16734
13951
11028
8156
4667
912
-2780
-6587
-10119
-13511
-16551
-18297
-19785
-21600
-22422
-22464
-21860
-20350
-18976
-17040
-13943
-10981
-7616
-3268
966
4883
8456
11844
15347
17860
19287
20686
21158
19942
18328
16994
15313
12665
9245
6000
3134
67
-2736
-4891
-7175
-9711
-11634
-12552
-12924
-13261
-13324
-12742
-11793
-10611
-8785
-5997
-2836
-195
2202
5380
9145
12314
14568
16432
17775
18119
17968
17783
16620
14068
11108
7998
4684
1333
-2323
-6024
-9531
-13226
-16346
-18252
-19833
-21389
-22335
-22702
-22320
-20573
-18439
-16911
-14474
-10760
-7507
-4066
660
5117
8232
11090
14570
17481
18793
19970
21054
20065
18009
16741
15384
12912
9602
6234
3341
428
-2614
-4991
-6965
-9382
-11580
-12557
-12798
-13081
-13221
-12729
-11667
-10324
-8567
-5969
-2796
-87
2117
5184
9073
12271
14487
16305
17636
18127
17967
17628
16696
14282
10991
7956
4861
1232
-2484
-6064
-9594
-13130
-16232
-18221
-19601
-21053
-22165
-22613
-22125
-20693
-19181
-17380
-14594
-11609
-8496
-4322
244
4273
7789
10973
14279
17151
18816
20273
21260
20340
18555
17134
15616
13296
9952
6523
3714
780
-2159
-4424
-6470
-8776
-10970
-12253
-12530
-12652
-12749
-12291
-11434
-10353
-8736
-6241
-3035
-58
2188
4795
8353
11597
13897
15951
17516
17996
17941
17781
16970
14965
11915
8435
5157
1920
-1829
-5670
-9075
-12667
-16313
-18709
-19934
-21204
-22492
-23068
-22712
-21383
-19569
-17650
-15086
-12101
-9106
-5197
-597
3615
7388
10634
13674
16738
18847
20219
21191
20778
19316
17749
16159
14125
10997
7299
4021
1006
-1797
-4277
-6488
-8605
-10779
-12132
-12321
-12409
-12451
-11978
-11333
-10233
-8349
-6072
-3334
-342
2032
4407
7718
11124
13739
15715
17114
17849
17967
17621
16794
14888
11820
8488
5203
1684
-1958
-5610
-9223
-12807
-16109
-18417
-19872
-21101
-21896
-22365
-22562
-21416
-19273
-17416
-15184
-12220
-9180
-5499
-1345
2637
6631
9894
12604
15680
17943
19223
20397
20474
19094
17279
15575
13714
10970
7549
4331
1360
-1343
-3679
-5784
-7723
-9574
-11048
-11668
-11685
-11666
-11369
-10308
-9263
-8408
-6127
-2971
-591
1838
4646
7076
9824
12946
15175
16273
17010
17485
17149
16191
14854
12437
9004
5679
2468
-1136
-4796
-8314
-11836
-15158
-17918
-19758
-20870
-21737
-22389
-22680
-21767
-19646
-17858
-15793
-12479
-9422
-6356
-2130
2287
6177
9347
12210
15429
17762
18869
20019
20628
19593
17490
15663
14122
11569
8114
4918
2097
-734
-3539
-5546
-6992
-9055
-10903
-11453
-11455
-11437
-11306
-10674
-9305
-7953
-6409
-3682
-519
1878
4009
6850
10153
12909
14868
16304
17142
17287
16953
16350
14982
12269
8899
5693
2435
-1168
-4936
-8460
-11931
-15635
-18595
-20224
-21401
-22376
-22931
-23072
-22080
-19898
-17728
-15544
-12624
-9475
-6132
-1944
2509
6304
9450
12315
15196
17735
19293
20179
20603
19811
17862
15912
14341
12358
9100
5334
2578
142
-2979
-5274
-6563
-8753
-11004
-11619
-11630
-11806
-11512
-10724
-9634
-8297
-6651
-4285
-1246
1465
3474
5919
9201
12032
13919
15428
16535
16731
16187
15670
14729
12319
9015
5800
2646
-688
-4347
-7900
-11177
-14693
-17681
-19300
-20493
-21578
-22156
-22388
-21739
-19964
-18019
-15977
-13284
-10316
-7043
-2965
1340
5206
8685
11649
14476
17255
18989
19931
20569
19934
18145
16342
14661
12582
9377
5591
2657
100
-2728
-4817
-6392
-8410
-10206
-11130
-11350
-11086
-10813
-10469
-9427
-8051
-6753
-4792
-1868
870
2744
4833
8058
11278
13363
14936
16309
16752
16367
15958
15210
13112
9865
6559
3470
124
-3634
-7152
-10267
-13653
-16879
-18920
-20161
-21229
-21864
-22130
-22057
-20586
-18170
-16592
-14315
-10549
-7887
-4803
500
4627
7425
11020
14332
16966
18926
20118
21265
20990
18877
17087
15595
13424
10551
6986
3555
683
-2225
-4722
-6440
-8298
-10371
-11672
-12040
-11890
-11584
-11291
-10501
-9187
-7829
-5879
-2907
73
2322
4432
7388
10739
13192
14974
16537
17161
17004
16618
15724
14023
11170
7670
4409
918
-2953
-6435
-9704
-13150
-16367
-18661
-19957
-20847
-21506
-21876
-21921
-20854
-18717
-16796
-14585
-11410
-8395
-5129
-895
3284
7314
10836
13579
16662
19057
19984
20909
21173
19767
17606
15411
13522
11042
7225
3481
498
-2422
-5022
-6872
-8481
-10406
-12067
-12537
-12234
-11958
-11604
-10784
-9497
-8034
-6256
-3517
-239
2332
4270
6818
10156
13215
15327
16879
17899
17785
17208
16789
15366
12618
9389
5828
2306
-1028
-4707
-8509
-11895
-15073
-18119
-20194
-21103
-21826
-22474
-22669
-22061
-20154
-17996
-15940
-12998
-10043
-6999
-2727
1565
5401
8998
11919
15027
17909
19378
20430
21102
20350
18547
16523
14721
12483
9188
5613
2339
-636
-3208
-5559
-7738
-9601
-11097
-12021
-12130
-11720
-11455
-11138
-10037
-8384
-6754
-4694
-1815
1047
3224
5538
8701
11927
14212
15742
16948
17551
17404
16849
15808
13671
10421
6949
3756
327
-3519
-7213
-10591
-13971
-17013
-19030
-20259
-21274
-21933
-22227
-22098
-20731
-18459
-16423
-14279
-11555
-8507
-4806
-497
3736
7564
10701
13450
16548
19172
20342
20796
20677
19209
16954
14993
13152
10405
6573
2890
-21
-2601
-4943
-6894
-8673
-10466
-11824
-12163
-11807
-11505
-11323
-10681
-9379
-7984
-6258
-3538
-531
2010
4459
7255
10546
13659
15820
17425
18466
18384
17897
17339
15732
13006
9824
6430
2896
-801
-4497
-7888
-11299
-14746
-17488
-19298
-20543
-21500
-22056
-22195
-22023
-20770
-18485
-16458
-14282
-11339
-8090
-4217
145
4302
8160
11334
14116
17060
19333
20405
20697
20278
18839
16603
14447
12402
9378
5514
1964
-1049
-3656
-5750
-7670
-9552
-11148
-12252
-12478
-12011
-11589
-11189
-10333
-8963
-7221
-5057
-2195
866
3233
5416
8475
11933
14697
16739
18298
18853
18572
18324
17642
15654
12571
8988
5366
1676
-2165
-5716
-9281
-13224
-16655
-18934
-20424
-21543
-22364
-22631
-22460
-22066
-20570
-17918
-15764
-13903
-10796
-7015
-3289
836
5194
8985
11867
14599
17769
20243
21046
20859
20420
19198
16753
14373
12451
9386
5135
1316
-1426
-3751
-6485
-8770
-9982
-11595
-13192
-12931
-11944
-11703
-11324
-10182
-8704
-6939
-4542
-1611
1407
3886
5913
8817
12529
15179
16814
18291
18836
18524
18318
17645
15755
12798
9104
5505
2111
-1769
-5502
-8752
-12506
-16173
-18510
-19932
-21053
-21790
-22153
-22363
-22164
-20704
-18240
-16248
-14484
-11524
-7913
-4543
-571
4019
7965
11109
14070
17003
19465
20648
20863
20835
19558
16904
14634
12679
9604
5653
1994
-965
-3612
-6079
-8088
-9638
-10983
-12125
-12377
-11615
-11055
-10778
-9740
-8224
-6634
-4653
-2166
752
3472
5608
8257
11700
14511
16246
17681
18562
18346
17862
17282
15501
12544
9085
5609
2393
-1351
-5298
-8527
-11859
-15273
-17855
-19648
-20820
-21671
-22163
-22313
-22020
-20497
-18705
-16734
-13726
-11627
-9294
-4608
-586
2693
7014
10646
13434
16017
18453
20613
20983
20616
20279
17947
15232
13579
10848
7058
3380
-128
-3040
-5419
-7587
-9335
-10716
-11944
-12549
-12188
-11545
-10881
-9797
-8509
-7173
-5377
-2992
-29
2978
5132
7231
10397
13301
15275
17183
18224
18071
17777
17003
15464
13368
10242
6655
3177
-683
-4340
-7340
-10643
-14146
-16964
-18976
-20258
-21091
-21704
-21936
-21951
-21379
-19378
-16885
-14981
-12705
-9547
-6154
-2378
1803
5810
9394
12366
15008
17805
19984
20834
20938
20264
18331
16025
14130
11844
8560
4720
1061
-1901
-4272
-6519
-8491
-9962
-11349
-12315
-12026
-11256
-10821
-9979
-8658
-7447
-5863
-3428
-564
2222
4470
6471
9174
12232
14613
16387
17566
17980
17712
16921
16068
14328
11102
7956
4563
122
-3519
-6501
-9969
-13372
-16735
-19213
-20266
-21382
-22014
-21536
-21646
-21882
-20348
-17767
-15772
-13789
-10860
-7732
-4421
-252
4054
8060
11533
14081
16712
19474
20838
21172
21214
19757
17024
14946
13186
10272
6587
2854
-461
-2950
-5226
-7344
-8633
-9952
-11445
-11743
-11197
-10588
-9645
-8713
-7828
-6365
-4468
-1985
1094
3547
5327
7806
10780
13249
15316
16922
17456
17099
16534
15774
14247
11758
8619
5067
1265
-2437
-5553
-8410
-11803
-15356
-18050
-19737
-20874
-21629
-21772
-21747
-22010
-21228
-18733
-16330
-14459
-11651
-8270
-5123
-1369
2998
7051
10644
13505
15809
18271
20009
20480
20718
20023
17611
15386
13826
11351
8012
4574
1311
-1300
-3735
-6165
-7707
-9033
-10657
-11528
-11658
-11201
-10393
-9867
-8725
-7322
-6200
-3610
-288
2106
4290
6531
9357
12453
14446
16160
17563
17558
17055
16364
15087
13203
10274
6700
3061
-599
-3856
-6843
-10170
-13710
-16889
-19094
-20427
-21481
-22025
-22078
-22267
-21846
-19982
-17699
-15515
-12832
-9799
-6528
-2587
1776
6007
9657
12455
14979
17604
19516
20370
20762
20307
18367
16028
14280
12250
9314
5967
2706
-108
-2452
-4658
-6540
-8173
-9951
-11087
-11141
-11027
-10676
-9731
-8904
-7951
-6240
-4104
-1447
1585
3785
5596
8440
11556
13770
15384
16372
16522
16235
15611
14551
12778
9975
6720
3528
146
-3175
-6188
-9415
-13010
-16211
-18337
-19696
-20855
-21687
-22178
-22429
-21699
-19704
-17483
-15609
-13297
-10121
-6567
-2672
1535
5455
9002
12144
14717
17135
19198
20208
20409
19831
18180
16413
14903
12665
9663
6350
2964
517
-1302
-3844
-6195
-7524
-9140
-10733
-10926
-10741
-10896
-10401
-9518
-8695
-7144
-4841
-1977
1098
3233
5204
8503
11750
13914
15787
16957
17029
16793
16298
15151
13093
10012
6735
3716
314
-3270
-6364
-9482
-12963
-16008
-18094
-19658
-20963
-21634
-22004
-22505
-22033
-20047
-17926
-16209
-13940
-10741
-7084
-3028
1316
5354
8995
12285
15162
17866
19718
20348
20733
20341
18293
16036
14465
12392
9259
5829
2733
76
-2150
-4217
-6176
-7790
-9377
-10608
-10728
-10690
-10922
-10396
-9502
-8616
-7093
-5048
-2280
1045
3352
5349
8684
11936
14127
16225
17533
17494
17320
16894
15520
13451
10493
7027
3874
340
-3464
-6473
-9383
-12962
-16215
-18214
-19681
-21168
-21586
-21761
-22719
-21879
-19565
-18341
-16494
-13461
-10610
-7086
-3063
883
5002
8640
11884
14995
17488
19326
20432
20838
20404
18748
16739
14976
12752
9645
6089
2902
350
-2129
-4666
-6851
-8601
-10144
-11266
-11585
-11559
-11485
-10884
-9814
-8591
-7054
-5026
-2163
874
2955
5094
8433
11603
13677
15357
16623
17124
17263
16875
15465
13313
10591
7447
4273
805
-2958
-6232
-9301
-12879
-16175
-18240
-19554
-20738
-21539
-21963
-22227
-21429
-19296
-17450
-15929
-13240
-9918
-6690
-2747
1543
5293
8807
12042
14840
17446
19276
20161
20681
20175
18265
16286
14769
12452
8944
5465
2601
-113
-2616
-4744
-6827
-8886
-10489
-11357
-11633
-11809
-11815
-11120
-10161
-9049
-7118
-4642
-1771
1333
3695
6194
9700
12771
14906
16746
17907
17918
17414
17029
15828
13245
10183
6863
3414
-107
-3823
-6864
-9857
-13738
-16697
-18400
-20076
-21280
-21929
-22446
-22703
-22112
-20099
-17899
-16201
-13583
-10222
-6867
-2844
1671
5741
9128
12121
15082
17873
19816
20663
20960
20501
18638
16639
15248
12908
9437
6133
3122
317
-2163
-4414
-6485
-8519
-10371
-11483
-11690
-11584
-11641
-11268
-10113
-8825
-7196
-4628
-1423
1562
3769
6126
9465
12536
14750
16634
17634
17637
17481
17073
15987
13909
10716
7323
3930
14
-3498
-6413
-9959
-13725
-16710
-18810
-20184
-21259
-22031
-22469
-22857
-22104
-19727
-17669
-16092
-13419
-10247
-7051
-3005
1274
5139
8729
11732
14446
17181
19215
20296
20762
20201
18290
16285
14875
12581
9271
6041
2832
-7
-2293
-4665
-6935
-8923
-10490
-11626
-12346
-11950
-11425
-11239
-9843
-8238
-6928
-4339
-1210
1773
4314
6476
9870
13297
15279
17115
18185
18072
17935
17312
15910
13700
10458
7074
3688
-134
-3786
-7167
-10726
-14267
-17210
-19235
-20662
-21788
-22370
-22646
-22798
-21877
-19830
-17900
-15934
-13067
-9771
-6304
-2252
2021
5905
9346
12393
15222
17807
19557
20356
20653
20035
18117
16167
14713
12414
9091
5874
2848
-33
-2460
-4750
-6993
-8937
-10626
-11642
-11853
-11934
-11752
-10878
-9731
-8534
-6818
-4340
-1249
1822
4256
6783
10117
13082
15258
17246
18180
17961
17796
17231
15616
13344
10232
6629
3242
-479
-4362
-7512
-10738
-14339
-17183
-19222
-20881
-21955
-22425
-22720
-22889
-21809
-19494
-17575
-15637
-12672
-9438
-6019
-1937
2302
6047
9417
12706
15359
17710
19868
20389
20451
20516
18361
16016
14925
12373
8826
5486
2182
-330
-2758
-5423
-7466
-9441
-11170
-11952
-12096
-11918
-11662
-10995
-9718
-8314
-6542
-3867
-592
2329
4480
7068
10453
13253
15287
16956
17669
17703
17656
17009
15469
13030
9764
6408
3067
-757
-4474
-7715
-11127
-14649
-17469
-19333
-20672
-21754
-22316
-22568
-22571
-21299
-19101
-17264
-15042
-12040
-9025
-5328
-1049
2805
6567
9982
12788
15665
17951
19248
20189
20310
19152
17267
15535
13824
11029
7593
4599
1694
-971
-3150
-5504
-7779
-9426
-10764
-11562
-11513
-11411
-11345
-10510
-9209
-7964
-6153
-3295
47
2767
4899
7743
11216
13922
15884
17446
17945
17705
17558
16798
14835
12145
8924
5462
2029
-1557
-5004
-8116
-11333
-14666
-17485
-19209
-20398
-21554
-22180
-22743
-22675
-20719
-18785
-17352
-14736
-11926
-8879
-4691
-531
3507
7409
10610
13777
16718
18735
19915
20544
20527
18990
16790
15399
13481
10189
6740
3608
737
-1906
-4235
-6374
-8657
-10425
-11375
-11946
-11959
-11798
-11610
-10503
-8942
-7510
-5480
-2609
512
3217
5610
8639
11972
14508
16427
17911
18316
17954
17579
16613
14501
11633
8336
4943
1455
-2438
-5930
-8908
-12411
-15786
-18105
-19815
-21029
-21698
-22113
-22478
-22196
-20241
-17892
-16290
-13822
-10537
-7436
-3539
880
4739
8162
11244
14205
16989
18858
19883
20545
20291
18611
16595
15216
13237
9853
6285
3139
107
-2421
-4566
-6973
-9281
-11040
-12139
-12303
-12063
-12045
-11611
-10407
-8929
-7242
-4912
-1831
1282
3532
5693
9001
12410
14632
16512
17924
17742
17333
17593
16647
14133
11279
8100
4619
999
-2713
-5959
-9158
-13048
-16472
-18648
-20344
-21555
-22057
-22580
-23124
-22519
-20344
-17947
-16205
-13875
-10548
-7124
-3259
1135
5114
8651
11903
14764
17404
19412
20404
20875
20649
18963
16770
15207
13149
9691
6065
2976
-17
-2669
-4787
-6910
-8999
-10715
-11873
-12125
-11858
-11638
-10997
-9786
-8547
-6992
-4654
-1802
980
3335
5697
8724
11885
14521
16602
17717
17825
17764
17541
16459
14341
11200
7641
4437
1017
-2855
-6231
-9507
-13247
-16281
-18173
-19810
-21133
-21657
-21986
-22474
-21905
-19628
-17294
-15784
-13490
-10066
-6783
-3092
1418
5533
8929
11965
14909
17802
19652
20256
20620
20373
18422
15779
14182
12359
8975
5507
2183
-1133
-3271
-5343
-7717
-9228
-10817
-12333
-12692
-12292
-11609
-11346
-10553
-8408
-6925
-5103
-1285
1963
4018
6673
9851
12877
15407
17402
18480
18402
18104
17673
16483
14536
11468
7699
4351
791
-3230
-6472
-9459
-13245
-16583
-18616
-20158
-21283
-21638
-21939
-22585
-22200
-19947
-17447
-15649
-13290
-10086
-6726
-2878
1584
5711
9066
12001
14738
17292
19286
20158
20360
20025
18073
15523
14111
12376
9041
5350
1925
-1072
-3263
-5284
-7561
-9712
-11604
-12674
-12516
-12064
-11801
-11197
-10113
-8715
-6935
-4453
-1192
1859
4073
6327
9313
12521
15269
17201
18159
18208
17812
17467
16641
14575
11657
8406
4932
1270
-2586
-5895
-8974
-12903
-16369
-18569
-20479
-21649
-21976
-22317
-22641
-22307
-20342
-17576
-15662
-13425
-10032
-6725
-3225
1166
5330
8481
11675
15023
17141
18709
20406
20843
20150
18758
16434
14359
12342
9394
6096
2528
-897
-3279
-5396
-7671
-9530
-10996
-12073
-12406
-12055
-11601
-11099
-10028
-8573
-7063
-4863
-1778
1239
3588
5926
8870
12000
14716
16785
17931
18230
18149
17797
16861
14909
11876
8345
4920
1375
-2514
-6012
-9118
-12822
-16310
-18432
-19981
-21291
-21834
-22031
-22469
-22396
-20549
-17902
-16118
-13954
-10633
-7445
-3762
904
4860
8264
11742
14447
17010
19409
20218
20544
20684
18740
16041
14431
12421
9235
5812
2317
-965
-3345
-5133
-7129
-9149
-10671
-11679
-11990
-11728
-11527
-11124
-9938
-8447
-6983
-4935
-1992
1100
3695
6081
8826
11850
14653
16746
17835
18171
18111
17601
16660
14964
12113
8761
5476
1970
-2015
-5697
-8628
-12105
-15704
-17956
-20032
-21632
-21739
-22081
-22688
-22439
-21010
-18204
-15948
-14230
-10881
-7366
-4059
447
4668
8128
11561
14448
17105
19382
20410
20872
20993
19345
16323
14384
12869
9659
5989
2703
-789
-3417
-5340
-7587
-9566
-11210
-12507
-12777
-12484
-12197
-11482
-10202
-8722
-7259
-5303
-2237
1174
3789
6002
8570
11575
14410
16425
17880
18482
17990
17678
17129
15110
12400
9236
5742
2306
-1705
-5401
-8216
-11860
-15671
-18149
-20157
-21663
-21975
-21991
-22474
-22558
-20865
-18023
-15929
-13854
-10605
-7404
-4108
330
4493
7848
11195
14071
16582
18800
19879
20461
20784
19249
16413
14554
13024
10000
6482
3157
-443
-3168
-5004
-7224
-9305
-11087
-12549
-12738
-12294
-11955
-11119
-9768
-8265
-6675
-4796
-1911
1635
4304
6004
8402
11758
14520
16413
18035
18460
17615
17306
17282
15473
12160
9061
5890
1828
-2214
-5432
-8605
-12355
-16006
-18687
-20400
-21430
-21834
-22069
-22698
-22821
-21032
-18264
-16166
-14118
-11154
-7737
-4057
185
4481
8080
11297
14343
16857
19042
20416
20637
20635
19352
16281
14231
12796
9488
5732
2623
-756
-3473
-5067
-6969
-9121
-10441
-11310
-11820
-11391
-10978
-10685
-9331
-7802
-6569
-4459
-1703
1269
4117
6297
8785
12004
14785
16715
17826
18122
17959
17547
16688
14740
11584
8129
4877
1378
-2431
-5952
-9097
-12548
-16038
-18425
-19865
-21104
-21730
-21832
-22395
-22542
-20627
-17925
-16191
-14138
-10855
-7506
-3991
490
4850
8066
10943
14031
16761
18776
19905
20256
20103
18556
15758
13961
12794
9671
5603
2528
-440
-3184
-5029
-6889
-8608
-10491
-12398
-11964
-11055
-11818
-11055
-9234
-8755
-7277
-4463
-1770
1290
4038
6096
8769
12047
14880
16791
17923
18193
17740
17403
16759
14747
11748
8452
5009
1392
-2448
-6050
-9255
-12681
-16150
-18542
-19921
-21118
-21725
-21719
-22169
-22213
-20233
-17537
-15728
-13705
-10630
-7278
-3606
677
4765
8214
11290
14046
16631
18823
19907
20364
20423
18746
15982
14269
12710
9481
5606
2492
-553
-3390
-5155
-7208
-9758
-11214
-12166
-12620
-11958
-11557
-11026
-9499
-8112
-6663
-4456
-1635
1613
4196
6266
9095
12167
14745
16831
18068
18366
18108
17634
16711
14724
11820
8541
5106
1401
-2538
-6086
-9124
-12556
-16125
-18558
-20129
-21472
-21874
-21724
-22237
-22251
-20258
-17611
-15834
-13583
-10195
-7081
-3623
973
5094
8312
11311
14414
17373
18806
19546
20911
20534
18034
16158
14714
12304
9131
5688
2270
-966
-3555
-5237
-7182
-9564
-11178
-12130
-12407
-11835
-11531
-11042
-9581
-8264
-6715
-4264
-1518
1594
4322
6368
9329
12724
15296
17271
18264
18153
17838
17542
16679
14576
11360
7894
4575
1063
-2873
-6397
-9264
-12656
-16226
-18471
-19942
-21380
-21897
-21834
-22332
-22092
-19936
-17517
-15641
-13169
-10092
-6870
-2981
1280
4989
8289
11458
14292
16778
18578
19425
19820
19457
17580
15291
13766
11760
8461
5058
2040
-965
-3478
-5375
-7405
-9539
-11101
-11901
-11997
-11583
-11117
-10475
-9203
-7627
-6100
-4012
-1045
1997
4397
6778
9793
12752
15135
16991
17879
17902
17640
17226
16281
14063
10891
7490
4176
827
-3442
-7097
-9274
-13066
-16760
-17865
-19680
-21266
-20833
-21357
-22202
-21444
-19364
-16581
-14758
-12870
-9520
-6193
-2375
2168
5895
9220
12331
15136
17839
19313
19804
20404
19888
17468
15014
13563
11461
7872
4255
1128
-1839
-4069
-5812
-8069
-10252
-11592
-12264
-12180
-11900
-11888
-11161
-9700
-8280
-6588
-4229
-1026
2205
4551
7078
10283
13110
15442
17345
18210
18053
17825
17643
16367
13882
10782
7399
4209
646
-3358
-6595
-9879
-13712
-16563
-18505
-20188
-21188
-21506
-21701
-22146
-21572
-19069
-16733
-15131
-12518
-9223
-5931
-1937
2374
5980
9066
12162
15088
17611
19307
19906
20184
19665
17328
14959
13605
11266
7638
4174
957
-2184
-4690
-6546
-8380
-10310
-11683
-12181
-12084
-11671
-11173
-10374
-8957
-7437
-6020
-3578
-57
2610
4305
7200
10693
12927
15111
17685
18546
17955
17949
17892
16239
13775
10951
7116
3358
-81
-3888
-6976
-10088
-14099
-16769
-18326
-20105
-21019
-21304
-21797
-22312
-21835
-19286
-16691
-15279
-12889
-9721
-6529
-2215
2414
6172
9432
12325
15025
17818
19822
20260
20299
19950
17520
14734
13338
10999
7249
3836
550
-2588
-4918
-6689
-8427
-10376
-11937
-12481
-12158
-11423
-10783
-9929
-8668
-7546
-5987
-3551
-559
2589
4839
6941
10253
13298
15698
18109
19114
18854
18722
18232
17021
14901
11407
7766
4549
552
-3374
-6053
-9306
-13397
-16346
-18478
-20313
-21109
-21546
-22162
-22710
-22702
-20606
-17576
-15965
-13894
-10411
-7351
-3728
997
5046
8470
11508
13896
16664
19097
19645
19898
20026
17814
15252
14109
11858
8671
5273
1081
-1625
-3463
-6274
-7764
-9039
-11495
-12371
-12035
-11573
-10631
-9950
-8880
-7404
-6145
-3904
-811
2193
4435
6117
9077
12442
14604
16914
18695
18573
18162
18010
17169
15441
12514
8824
5505
1886
-2316
-5560
-8544
-12735
-16270
-18295
-20151
-21345
-21616
-21904
-22286
-22356
-20723
-17626
-15658
-13936
-10855
-7899
-4706
-260
3989
7357
10353
13184
15869
18149
19470
19904
20096
18977
16138
14147
12829
9741
6151
3036
-551
-3430
-5193
-7174
-8971
-10482
-12060
-12408
-11632
-11070
-10274
-9037
-8011
-6814
-4835
-1840
1521
4023
5977
8484
11405
14220
16614
18158
18557
18061
17529
17180
15932
13212
9790
6260
2544
-1290
-4641
-7576
-11128
-14896
-17519
-19396
-20913
-21656
-21971
-22241
-22489
-21551
-18786
-16447
-14683
-11662
-8527
-5371
-1100
3091
6735
9974
12573
15231
17620
18845
19564
20120
19207
16575
14394
12900
10257
7019
3860
293
-2585
-4665
-6875
-8577
-9995
-11604
-12219
-11934
-11756
-11140
-9880
-8694
-7378
-5390
-2780
414
3353
5437
7976
11151
13629
15894
17901
18406
18224
18181
17555
16138
13812
10580
7197
3611
-351
-3843
-6919
-10568
-14344
-17201
-19196
-20568
-21311
-21681
-21952
-22215
-21657
-19462
-17051
-15325
-12808
-9552
-6491
-2713
1704
5629
9085
11987
14515
17250
19110
19771
20361
19668
17092
14957
13462
11041
7944
4496
889
-1947
-4001
-5943
-7635
-9178
-10951
-11962
-11691
-11355
-11005
-10099
-9122
-7831
-6097
-3911
-648
2486
4455
6807
9914
12713
15114
17169
18173
18012
17851
17689
16631
14690
11398
7812
5088
988
-3290
-5468
-8879
-13348
-15712
-17720
-19935
-20869
-21284
-21627
-22001
-21978
-20044
-17266
-15497
-13413
-10248
-7208
-3761
715
4772
8161
11329
13782
16188
18523
19514
20008
19995
17933
15444
13931
11881
8938
5618
1787
-1599
-3918
-5993
-7923
-9484
-11371
-12872
-12666
-11983
-11603
-10466
-9134
-8205
-6638
-4344
-1441
1873
4204
5990
8999
12252
14677
17166
19006
18972
18468
18377
17523
15634
12919
9424
5849
2041
-2060
-5303
-8409
-12344
-15680
-17931
-19924
-21301
-21692
-21710
-21943
-22029
-20795
-18220
-15764
-13686
-10912
-7614
-4265
-193
4191
7744
10713
13347
15783
18198
19576
19986
20126
18784
16202
14316
12660
10009
6485
2635
-858
-3596
-5891
-7980
-9786
-11455
-12941
-13349
-12536
-11687
-10928
-9617
-8191
-6726
-4623
-2048
1078
4008
5506
7641
11427
13944
15630
18169
19198
18434
18256
18151
16790
14434
11320
7630
3713
-257
-3842
-6853
-10252
-14161
-17180
-19142
-20716
-21648
-22012
-22250
-22409
-22103
-20325
-17495
-15229
-13045
-9968
-6658
-3050
1208
5333
8986
12092
14540
17068
19384
20477
20872
20566
18765
16352
14390
12348
9349
5397
1402
-1948
-4560
-6733
-8764
-10570
-12169
-13284
-13336
-12775
-12068
-10920
-9640
-8394
-6679
-4382
-1513
1670
4205
6322
9136
12240
14822
17153
18951
19514
19356
19063
18262
16662
14166
10694
6828
2959
-1016
-4691
-7914
-11465
-15169
-17941
-19770
-21052
-21622
-21864
-22189
-22245
-21617
-19726
-16881
-14591
-12598
-9537
-5958
-2265
2115
6372
9721
12675
15295
17638
19770
20783
20694
20208
18649
15981
13749
11801
8633
4559
899
-2300
-5252
-7617
-9524
-11324
-12891
-13979
-14101
-13232
-12247
-11206
-9748
-8271
-6542
-3970
-1016
1888
4486
6633
9085
12044
14499
16483
18263
19015
18828
18518
17825
16280
13961
10917
7301
3449
-384
-3911
-7020
-10441
-14176
-17044
-19081
-20658
-21350
-21722
-22023
-21650
-21063
-19820
-17033
-14404
-12606
-9777
-6159
-2681
1368
5590
9068
11977
14497
17110
19579
20628
20683
20432
18994
16631
14475
12198
9262
5524
1358
-2107
-4803
-7388
-9568
-11438
-13237
-14223
-14057
-13308
-12527
-11619
-10235
-8658
-6990
-4776
-2173
675
3641
5914
7999
11039
13895
15895
17921
19224
19324
19232
18776
17519
15481
12394
8781
5079
1077
-2841
-6192
-9503
-13297
-16629
-18911
-20688
-21347
-21455
-22282
-22044
-20958
-20610
-18696
-15481
-13619
-11417
-8013
-4834
-1150
3224
7152
10568
13370
15851
18662
20750
21356
21291
20480
18554
16255
13866
11151
7868
3851
-265
-3667
-6366
-8649
-10728
-12605
-14076
-14780
-14253
-13038
-12195
-11287
-9713
-7788
-5393
-2895
-542
2344
4975
6944
9792
12817
14720
16679
18491
19122
19537
19631
18606
17054
14621
11241
8128
4750
501
-3509
-7139
-10751
-13898
-16615
-19067
-20753
-21554
-21888
-21860
-21361
-20683
-19980
-18314
-15650
-13330
-11053
-8028
-4691
-956
2823
6528
10583
13597
15759
18658
20753
21309
21571
21008
19166
16572
13751
11153
7925
3652
-438
-3861
-6939
-9540
-11349
-12853
-14277
-14920
-14479
-13729
-12676
-11107
-9686
-8034
-6156
-3966
-1640
885
3731
5815
8017
10853
13857
15963
17396
19303
19578
18999
19097
17877
15278
12600
9559
5826
1880
-2211
-6059
-9484
-12843
-15836
-18006
-19679
-20930
-21110
-20828
-20768
-20046
-18818
-18009
-16376
-13592
-11568
-9574
-6307
-3282
-380
3689
7874
11379
14496
17211
19632
21444
22210
22202
21350
19219
16191
13169
10106
6258
1864
-2197
-5869
-9180
-11582
-13086
-14394
-15370
-15352
-14759
-13959
-12291
-10200
-8804
-7389
-5309
-3426
-1471
1462
4136
5704
7807
10836
13335
15481
17686
18949
19217
19306
18898
17369
15041
12238
8781
4927
980
-3007
-6483
-9717
-13044
-15334
-16740
-18174
-18894
-18954
-18928
-18362
-17575
-16772
-15856
-15265
-13794
-11088
-9397
-7756
-4489
-1756
1128
5834
9598
12381
15946
18608
20280
21925
22472
21595
19991
17671
14229
10663
7324
2918
-1133
-4944
-9527
-11228
-11890
-14770
-14982
-13780
-14925
-14001
-11382
-10440
-9104
-7152
-5883
-4559
-2860
-749
1696
3859
5462
7544
10641
13367
15662
18063
19299
19632
19988
19457
17738
14944
11119
7100
2947
-1605
-5693
-9087
-12424
-15349
-17030
-17741
-17942
-17462
-16558
-15841
-14987
-13638
-12332
-11323
-10992
-11372
-10708
-9006
-8000
-6552
-3924
-1348
1931
6081
9820
13583
17169
19717
21809
22937
22457
21528
19714
15857
11316
7203
3192
-860
-5072
-9037
-11893
-13591
-14304
-14189
-13660
-12772
-11466
-9881
-8179
-6557
-5194
-4222
-3673
-3334
-2793
-1589
116
1635
3015
4981
7668
10587
13343
15680
17168
17773
17934
17566
16276
13920
10446
6098
1401
-3015
-6848
-10344
-13239
-15475
-17127
-17325
-16268
-14862
-13082
-11145
-9161
-7430
-5993
-4029
-3105
-3900
-4041
-4331
-5366
-4903
-4129
-3780
-2098
-83
2369
6583
10447
13424
16684
18642
19295
19961
19276
17035
14155
9900
5008
718
-3531
-7522
-10795
-13575
-15188
-15325
-14546
-12876
-10654
-8615
-6578
-4235
-2160
-700
330
722
384
72
0
-169
124
856
1369
2556
4739
6830
9000
11177
12365
12961
13302
12709
11199
8802
5363
1567
-2164
-6058
-9562
-12229
-14416
-15737
-15677
-14746
-13008
-10249
-7314
-4528
-1379
1472
3485
5167
5999
5807
5431
4481
2953
1654
233
-1090
-1708
-2062
-1721
-456
754
2148
4030
5526
6718
7852
8205
7727
6867
5448
3535
1470
-916
-3403
-5431
-7047
-7960
-7846
-7056
-5922
-4725
-2947
-803
585
2213
3469
2947
3098
3144
1397
579
-491
-2705
-3327
-3840
-4590
-3837
-3371
-2842
-1151
388
1975
3423
4531
5357
5335
5314
5111
3871
2135
541
-1114
-2903
-4061
-4914
-5776
-5832
-5266
-4323
-2853
-1386
230
1800
3062
4451
5129
5156
5063
4357
3376
2272
1201
86
-1191
-1839
-2083
-2071
-1552
-929
-75
882
1788
2665
3145
3350
3003
2309
1674
512
-840
-2152
-3461
-4635
-5669
-6073
-6210
-6145
-5370
-4363
-3309
-2052
-785
425
1493
2193
2761
3187
3088
2677
2322
1996
1484
889
493
216
-62
30
433
495
405
664
945
969
957
757
430
138
-302
-719
-1119
-1507
-1664
-1602
-1529
-1294
-658
-3
877
1838
2608
3668
4480
4984
5314
5205
4944
4072
3121
2114
211
-1246
-2451
-4178
-5551
-6531
-6992
-7074
-7099
-6397
-5405
-4415
-2593
-871
317
1816
2957
3638
4408
4575
4184
3913
3342
2365
1575
923
301
-154
-597
-950
-932
-703
-527
-437
-460
-641
-845
-1066
-1570
-2190
-2858
-3686
-4148
-4336
-4525
-4163
-3456
-2798
-1567
-46
1279
2797
4171
5150
5810
6234
6314
5865
5311
4370
3148
1997
676
-285
-1120
-1820
-1887
-1942
-1711
-1027
-345
296
925
1457
1471
1425
1286
508
-249
-1014
-2202
-2969
-3339
-3872
-3791
-3398
-3000
-2220
-1062
219
1126
2182
2925
3058
3287
3246
2720
1933
1092
29
-907
-1581
-2282
-2731
-2985
-3079
-2747
-2130
-1655
-1021
-428
-178
144
584
632
255
125
-381
-870
-1103
-1427
-1645
-2042
-1753
-1405
-836
-42
295
1099
1560
1968
2556
2736
2665
2495
2430
2046
1615
1327
819
309
128
19
128
335
593
1184
1310
1725
2200
1942
2142
2085
1540
1371
877
-5
-635
-1075
-1492
-1855
-1913
-1766
-1561
-975
-370
8
420
918
1018
766
786
232
-699
-1457
-2584
-3641
-4492
-5259
-5962
-6497
-6414
-6043
-5649
-4839
-3746
-2670
-1270
277
1422
2446
3498
4276
4847
5366
5672
5766
5659
5270
4900
4477
3950
3653
3311
2922
2667
2365
1950
1563
1000
255
-131
-831
-1848
-2550
-3557
-4385
-4748
-5273
-5423
-5139
-4595
-3602
-2710
-1629
-251
699
1751
2868
3310
3521
3596
3231
2553
2035
1261
15
-597
-1552
-2305
-2230
-2599
-2363
-2085
-1819
-1113
-640
58
403
409
481
402
239
-28
-512
-954
-1341
-1685
-1496
-1173
-841
-499
-9
647
1173
2027
2541
2493
2654
2745
2695
2791
2615
2007
1516
1123
747
594
417
78
-159
-182
-92
62
97
-133
-465
-694
-791
-907
-1191
-1713
-2338
-2802
-3014
-3068
-3133
-3248
-3208
-2896
-2279
-1468
-853
-443
-10
434
1035
1680
1931
1891
1722
1424
1261
1124
725
270
-155
-516
-529
-375
-297
-131
40
273
793
1296
1611
1818
1829
1819
1884
1855
1716
1491
1227
1019
900
830
680
521
454
337
371
436
319
254
12
-352
-569
-841
-1229
-1550
-1969
-2209
-2249
-2336
-2058
-2002
-1810
-1563
-1410
-763
-652
-395
-104
-245
-239
-356
-371
-560
-785
-921
-1029
-1034
-1050
-968
-938
-771
-552
-315
98
413
624
931
1169
1268
1409
1420
1309
1236
1163
1039
991
1068
1067
1189
1414
1522
1729
1900
1921
1967
1959
1867
1729
1564
1309
975
713
433
137
-82
-314
-574
-768
-957
-1119
-1166
-1258
-1322
-1259
-1336
-1417
-1357
-1456
-1531
-1396
-1401
-1380
-1160
-1137
-1136
-970
-1008
-1034
-853
-850
-857
-723
-778
-862
-799
-863
-993
-971
-998
-1086
-969
-856
-884
-705
-466
-350
40
521
785
1238
1730
1918
2265
2647
2641
2748
2864
2621
2547
2467
2021
1691
1437
979
644
450
189
-5
26
100
56
367
590
505
787
781
472
377
48
-429
-667
-930
-1287
-1373
-1465
-1601
-1515
-1399
-1287
-1107
-917
-792
-683
-615
-644
-749
-890
-1109
-1422
-1692
-1971
-2186
-2226
-2170
-1969
-1607
-1171
-664
-60
477
906
1253
1379
1323
1181
901
540
189
-217
-532
-632
-653
-498
-89
408
970
1692
2325
2813
3297
3525
3543
3450
3034
2414
1747
922
121
-471
-1011
-1370
-1468
-1445
-1217
-822
-378
77
489
801
935
907
705
312
-168
-684
-1169
-1568
-1877
-2080
-2171
-2113
-1910
-1601
-1209
-768
-327
65
332
423
320
49
-309
-736
-1180
-1555
-1895
-2132
-2180
-2097
-1823
-1349
-840
-248
416
1030
1626
2139
2417
2510
2452
2141
1750
1298
791
427
104
-65
0
178
470
899
1425
1901
2345
2681
2799
2763
2563
2181
1679
1104
427
-292
-952
-1551
-2043
-2320
-2423
-2400
-2180
-1850
-1516
-1144
-824
-610
-431
-365
-442
-571
-820
-1177
-1501
-1805
-2060
-2140
-2105
-1979
-1676
-1281
-859
-366
87
448
800
1056
1142
1125
960
668
382
92
-169
-309
-386
-382
-220
63
457
959
1461
1933
2385
2732
2943
3007
2864
2551
2152
1677
1181
721
263
-146
-424
-579
-593
-472
-315
-141
93
308
466
569
528
352
104
-250
-671
-1106
-1558
-1956
-2232
-2357
-2330
-2209
-2009
-1741
-1417
-1029
-670
-383
-136
-7
8
-21
-154
-380
-644
-933
-1203
-1363
-1363
-1208
-946
-595
-180
261
719
1162
1529
1786
1931
1952
1827
1588
1282
942
592
264
-15
-198
-247
-162
32
322
690
1087
1453
1724
1860
1866
1770
1586
1313
975
617
262
-63
-336
-549
-695
-767
-748
-652
-510
-342
-199
-112
-71
-108
-221
-402
-681
-1020
-1369
-1713
-1986
-2173
-2281
-2277
-2175
-1996
-1713
-1358
-962
-542
-146
175
395
517
544
496
415
321
215
117
41
5
39
144
295
467
652
832
988
1100
1178
1251
1308
1295
1198
1048
858
648
464
329
240
208
228
273
336
422
528
651
772
871
927
941
912
819
684
513
295
66
-170
-422
-619
-747
-817
-851
-892
-895
-877
-913
-939
-949
-1027
-1137
-1258
-1396
-1510
-1578
-1605
-1601
-1566
-1493
-1391
-1255
-1078
-863
-613
-351
-103
139
343
484
617
755
871
994
1098
1134
1147
1123
1038
947
863
793
777
785
801
835
873
914
959
993
1009
1010
980
905
796
669
548
460
393
324
262
188
93
17
-26
-62
-90
-103
-113
-115
-136
-199
-294
-422
-594
-805
-1042
-1272
-1455
-1598
-1681
-1687
-1638
-1563
-1474
-1377
-1285
-1191
-1085
-968
-825
-646
-456
-311
-222
-152
-94
-65
-41
1
57
154
312
506
711
904
1103
1313
1489
1620
1692
1660
1538
1366
1185
1033
902
783
670
583
525
470
445
470
503
569
636
640
640
627
538
415
265
71
-129
-339
-563
-776
-955
-1075
-1124
-1109
-1064
-1011
-938
-852
-763
-652
-544
-488
-482
-527
-621
-752
-897
-1010
-1064
-1079
-1075
-1043
-998
-961
-887
-733
-530
-280
-41
144
299
402
479
543
577
580
546
506
473
471
514
601
725
872
1030
1175
1310
1395
1403
1362
1281
1157
1029
907
760
607
472
361
287
254
243
243
240
225
190
139
91
45
-27
-141
-281
-440
-606
-774
-918
-1056
-1185
-1283
-1352
-1371
-1356
-1296
-1211
-1141
-1061
-968
-862
-758
-671
-597
-544
-497
-450
-416
-403
-392
-363
-298
-187
-41
121
289
450
601
735
850
932
964
952
913
846
751
650
560
496
484
516
570
639
730
830
916
980
1015
1024
1003
936
829
715
608
493
380
281
191
94
-10
-112
-192
-239
-257
-270
-293
-338
-426
-556
-707
-863
-1010
-1144
-1273
-1391
-1492
-1570
-1604
-1609
-1575
-1502
-1384
-1220
-1046
-854
-669
-515
-385
-294
-226
-181
-144
-106
-32
88
207
329
476
629
795
945
1047
1125
1182
1194
1180
1146
1102
1072
1051
1026
982
928
888
850
810
764
698
634
578
520
477
451
428
393
342
273
199
115
1
-138
-279
-401
-505
-603
-683
-740
-774
-787
-798
-818
-840
-853
-879
-930
-996
-1045
-1074
-1085
-1053
-1024
-986
-943
-905
-831
-769
-670
-556
-462
-352
-234
-93
46
178
285
357
437
522
611
696
786
862
909
929
937
940
935
932
939
948
940
911
881
855
824
769
704
637
564
488
410
327
253
207
185
172
149
113
56
-38
-150
-241
-312
-361
-412
-488
-578
-677
-786
-884
-967
-1032
-1057
-1056
-1066
-1086
-1091
-1066
-1024
-987
-952
-911
-857
-798
-739
-660
-547
-403
-248
-89
69
196
295
390
472
550
631
699
750
785
808
843
886
913
934
925
879
834
791
735
690
653
616
584
548
514
505
505
487
435
357
266
175
108
85
73
50
35
28
-4
-76
-145
-236
-365
-457
-500
-552
-618
-697
-773
-859
-950
-1014
-1061
-1084
-1052
-997
-933
-838
-737
-650
-588
-567
-569
-556
-503
-412
-290
-154
-11
127
261
395
528
641
708
725
723
731
748
770
804
836
835
798
736
654
572
527
496
456
397
315
240
190
160
149
140
128
129
138
149
170
179
152
102
42
-28
-97
-141
-162
-168
-164
-155
-154
-177
-239
-343
-471
-606
-733
-828
-881
-888
-859
-805
-737
-658
-579
-520
-490
-481
-493
-517
-518
-480
-422
-360
-285
-181
-48
108
271
423
538
623
702
778
842
887
911
905
864
807
746
679
609
553
513
475
445
424
383
296
186
88
10
-45
-72
-80
-83
-90
-118
-170
-217
-249
-271
-284
-286
-285
-271
-227
-157
-90
-45
-25
-31
-59
-117
-206
-308
-410
-499
-559
-584
-591
-600
-610
-622
-633
-631
-605
-553
-476
-372
-249
-128
-23
73
159
224
261
274
279
291
318
366
441
527
610
690
764
811
830
820
772
687
586
491
412
353
297
221
128
35
-54
-133
-193
-237
-262
-265
-252
-232
-203
-165
-135
-128
-139
-158
-175
-193
-212
-230
-252
-274
-287
-288
-281
-261
-234
-206
-185
-170
-171
-198
-244
-304
-375
-438
-477
-494
-488
-457
-417
-369
-298
-202
-94
16
107
187
282
385
464
525
582
620
630
631
638
640
634
613
572
525
488
458
430
395
350
299
241
168
86
9
-66
-144
-215
-275
-339
-409
-470
-509
-524
-519
-495
-453
-398
-347
-306
-267
-227
-187
-141
-83
-20
23
33
12
-34
-93
-148
-201
-244
-261
-256
-240
-212
-172
-129
-83
-36
-4
16
40
54
57
60
68
70
85
127
183
239
300
363
418
451
459
446
424
404
388
378
367
348
310
253
184
106
24
-53
-119
-173
-212
-238
-256
-262
-246
-211
-174
-143
-116
-97
-100
-120
-143
-163
-180
-190
-186
-171
-153
-134
-106
-76
-58
-43
-22
-8
-17
-32
-44
-57
-67
-78
-95
-111
-112
-101
-94
-99
-117
-133
-126
-90
-37
28
99
159
208
254
286
298
297
289
277
259
230
189
141
95
59
39
30
17
11
20
32
34
30
22
8
-18
-53
-86
-107
-116
-124
-130
-132
-128
-121
-106
-88
-71
-46
-13
14
28
41
61
71
68
60
45
19
-13
-46
-77
-104
-126
-140
-147
-150
-153
-150
-134
-100
-58
-18
21
51
70
68
49
27
14
10
12
16
23
31
34
42
65
95
123
148
161
147
109
71
39
14
2
5
5
4
-1
-19
-50
-79
-98
-106
-94
-70
-36
6
42
65
81
84
71
59
60
61
56
53
43
23
12
12
8
5
11
25
37
49
62
71
69
48
12
-31
-75
-117
-153
-178
-195
-204
-202
-186
-160
-124
-83
-44
-9
24
50
67
70
62
49
36
25
16
9
2
-11
-29
-43
-46
-36
-15
5
15
13
5
7
18
37
52
60
58
52
47
44
41
37
33
31
27
23
22
30
48
70
89
102
104
99
88
76
59
38
16
-5
-21
-32
-47
-63
-79
-89
-90
-85
-75
-65
-58
-53
-52
-51
-50
-54
-64
-82
-99
-110
-116
-111
-101
-83
-58
-29
0
24
38
51
65
78
82
72
57
46
36
26
17
17
23
28
26
27
34
40
44
46
49
55
58
59
60
63
65
59
46
33
24
20
16
14
11
9
8
7
4
3
1
1
1
-2
-11
-26
-43
-56
-67
-78
-100
-122
-142
-153
-153
-143
-122
-92
-60
-28
-2
27
56
82
98
101
88
67
39
14
-1
0
11
26
40
49
50
41
32
24
19
11
-4
-27
-53
-74
-89
-92
-80
-55
-23
6
26
37
41
42
41
42
47
56
73
95
121
146
161
158
136
99
55
12
-27
-61
-88
-113
-126
-128
-121
-111
-103
-103
-107
-115
-119
-119
-109
-94
-74
-52
-30
-15
-11
-4
10
32
57
81
102
115
119
120
121
116
104
89
69
52
35
19
1
-18
-36
-47
-56
-60
-62
-64
-61
-54
-43
-29
-19
-9
1
12
24
29
29
27
22
24
31
39
46
46
46
45
43
39
30
16
0
-16
-28
-41
-56
-72
-87
-98
-105
-112
-120
-129
-135
-131
-117
-96
-69
-43
-18
10
38
67
92
115
133
147
158
166
168
167
159
149
135
117
98
78
59
39
22
1
-20
-44
-70
-94
-114
-128
-136
-136
-132
-124
-115
-106
-96
-83
-69
-51
-30
-6
22
54
82
103
111
105
93
75
59
42
27
16
11
11
10
3
-12
-28
-44
-61
-75
-89
-103
-116
-124
-123
-115
-104
-90
-72
-48
-22
0
18
35
56
76
98
118
136
155
173
191
205
212
211
199
173
133
82
29
-14
-43
-63
-79
-91
-104
-116
-129
-140
-155
-168
-177
-178
-170
-151
-125
-95
-65
-38
-17
-2
8
15
21
24
32
44
60
78
96
109
112
100
76
44
10
-23
-48
-62
-69
-77
-85
-87
-78
-61
-44
-32
-27
-26
-25
-22
-13
6
35
73
112
144
164
175
180
178
171
159
143
125
113
106
99
83
59
25
-9
-42
-74
-111
-151
-197
-241
-277
-302
-309
-299
-269
-228
-188
-155
-122
-84
-50
-17
14
43
70
86
95
99
108
123
145
167
176
168
150
130
113
92
74
58
45
28
-2
-37
-71
-95
-111
-122
-126
-126
-118
-105
-82
-50
-13
24
55
80
100
117
132
141
145
150
159
168
171
164
150
133
115
89
46
-9
-67
-121
-165
-198
-217
-223
-221
-215
-210
-209
-213
-219
-220
-211
-192
-165
-130
-88
-41
10
61
108
146
173
196
219
234
235
217
189
155
127
106
93
83
73
58
36
5
-31
-73
-105
-120
-115
-100
-86
-77
-73
-71
-65
-52
-36
-21
-1
21
41
56
70
87
107
122
129
136
145
151
146
128
98
62
22
-20
-58
-95
-130
-164
-197
-221
-235
-235
-228
-223
-218
-209
-190
-159
-124
-90
-59
-31
-3
28
64
101
134
162
182
194
205
218
227
221
194
155
115
83
58
45
35
24
9
-9
-28
-51
-74
-92
-103
-107
-105
-98
-84
-68
-50
-38
-27
-18
-6
18
48
77
99
115
125
124
116
102
86
68
44
12
-21
-49
-71
-88
-99
-105
-109
-119
-139
-166
-188
-196
-190
-172
-146
-113
-77
-43
-12
8
21
30
41
55
79
108
139
156
159
156
150
146
148
147
139
122
100
81
61
36
6
-24
-52
-74
-88
-93
-92
-88
-86
-89
-89
-86
-80
-70
-58
-48
-39
-27
-11
8
32
56
77
89
96
95
87
72
55
35
16
-4
-22
-43
-67
-92
-114
-132
-145
-146
-135
-116
-94
-76
-63
-55
-46
-32
-16
4
25
44
64
85
110
135
158
170
169
159
145
130
120
108
92
68
41
21
7
1
-1
-6
-14
-28
-39
-53
-62
-64
-62
-55
-49
-44
-41
-39
-33
-24
-14
-4
5
8
6
1
-6
-12
-16
-15
-10
-1
-1
-7
-19
-35
-47
-56
-63
-67
-68
-66
-63
-64
-66
-65
-58
-48
-43
-46
-48
-41
-17
14
40
54
63
72
88
104
110
105
92
79
72
72
77
85
90
89
82
67
49
30
14
-3
-19
-35
-49
-55
-55
-51
-47
-44
-43
-44
-42
-35
-27
-18
-7
6
22
35
42
39
29
15
3
-6
-14
-19
-21
-18
-16
-12
-10
-11
-19
-31
-48
-67
-83
-93
-95
-92
-85
-76
-68
-59
-45
-30
-14
4
21
38
54
67
74
75
72
69
70
74
80
82
79
73
65
56
48
41
31
20
7
-7
-21
-32
-43
-53
-60
-59
-49
-31
-5
16
28
32
30
26
19
13
4
-5
-8
-7
-2
7
10
11
9
4
-1
-11
-25
-44
-61
-74
-79
-79
-79
-77
-75
-70
-64
-59
-53
-48
-42
-35
-27
-16
-1
17
36
50
62
72
85
101
117
127
129
120
103
87
71
61
51
44
37
26
16
7
1
-5
-10
-16
-25
-36
-46
-52
-56
-52
-46
-40
-34
-33
-33
-30
-25
-16
-4
9
18
21
15
4
-9
-20
-30
-37
-41
-43
-41
-35
-28
-27
-30
-36
-44
-50
-53
-55
-55
-53
-48
-38
-23
-7
9
19
26
32
37
42
49
52
51
47
43
39
40
44
51
58
61
57
47
35
23
19
14
12
11
11
14
14
10
-2
-16
-25
-27
-25
-23
-23
-24
-20
-12
-2
4
3
-2
-4
-3
0
1
1
-2
-9
-17
-27
-32
-34
-30
-24
-19
-17
-15
-15
-17
-21
-24
-26
-23
-18
-12
-5
-2
-1
1
4
11
19
29
35
40
40
42
39
38
37
36
34
33
30
27
23
20
17
15
11
3
-7
-17
-25
-29
-28
-24
-21
-20
-21
-23
-22
-18
-16
-13
-11
-5
6
17
25
26
19
10
1
-5
-9
-10
-13
-13
-14
-14
-16
-20
-26
-31
-35
-36
-34
-30
-25
-19
-14
-11
-11
-13
-16
-16
-15
-11
-1
8
16
22
26
28
27
27
26
26
31
38
42
41
34
23
13
9
11
16
23
28
28
24
16
5
-6
-11
-13
-10
-5
-2
-2
-3
-3
-1
1
0
-3
-9
-12
-15
-14
-14
-9
-4
0
3
-1
-8
-14
-19
-21
-23
-26
-30
-31
-29
-22
-18
-14
-15
-17
-19
-22
-23
-20
-16
-8
1
11
15
15
14
15
21
31
43
47
46
42
37
32
30
29
30
27
26
24
23
23
21
16
9
0
-11
-20
-29
-34
-35
-32
-26
-19
-14
-11
-11
-14
-17
-20
-22
-22
-18
-10
-2
4
5
2
-2
-7
-10
-13
-15
-12
-8
-2
3
4
-1
-11
-20
-26
-27
-25
-21
-16
-7
5
18
27
28
24
16
11
7
8
11
20
28
35
40
40
37
36
36
36
35
32
25
20
13
9
5
5
2
-3
-11
-22
-33
-36
-34
-28
-21
-16
-17
-21
-26
-33
-35
-38
-38
-38
-35
-27
-18
-8
0
1
0
-5
-11
-16
-18
-18
-15
-7
2
9
14
15
14
11
8
4
3
1
4
10
14
20
24
27
30
29
28
25
22
17
12
10
10
11
14
18
22
27
30
29
28
22
15
8
1
-7
-12
-16
-19
-23
-24
-27
-29
-30
-29
-29
-30
-32
-34
-32
-29
-22
-13
-7
0
3
4
6
6
2
-3
-7
-8
-8
-6
-4
-2
-3
-3
-5
-4
-6
-6
-5
-2
3
10
14
18
19
20
21
23
23
22
21
20
20
19
20
18
14
11
8
5
3
1
0
-2
0
1
1
0
-2
-4
-4
-2
-1
0
1
-1
1
1
2
2
-3
-8
-12
-16
-18
-19
-22
-26
-27
-28
-24
-19
-14
-11
-11
-12
-14
-15
-16
-15
-13
-12
-9
-6
-1
6
13
22
27
29
25
20
14
9
8
7
6
6
6
5
6
8
11
16
18
19
16
11
5
-1
-5
-8
-6
-3
-2
0
1
2
6
8
11
9
4
-1
-3
0
5
12
14
15
13
12
10
6
3
-1
-6
-9
-11
-9
-11
-13
-17
-24
-30
-35
-38
-36
-33
-27
-17
-11
-4
-4
-4
-4
-3
-1
2
1
0
-1
-3
-2
-2
2
4
9
14
21
25
26
27
24
17
8
-1
-4
-5
-3
0
3
7
11
13
12
10
8
6
4
3
-2
-4
-6
-5
0
6
12
16
19
20
17
10
5
0
-6
-9
-11
-12
-11
-8
-7
-7
-9
-14
-18
-21
-21
-20
-16
-14
-11
-10
-11
-14
-15
-15
-14
-12
-6
-1
7
13
17
16
9
2
-3
-2
4
12
18
18
16
12
10
10
9
9
9
10
10
10
10
9
7
5
2
3
4
6
8
8
5
1
-2
-4
-5
-4
-3
-6
-4
-5
-4
-3
-3
-3
-7
-12
-18
-22
-22
-18
-11
-6
-2
1
2
2
0
-4
-7
-10
-12
-12
-14
-15
-12
-9
-4
-1
1
0
1
4
9
15
19
21
20
17
12
9
5
5
4
4
7
8
7
9
10
12
13
15
13
9
2
-2
-6
-3
-2
3
4
5
4
4
4
4
2
1
-4
-9
-12
-15
-15
-13
-11
-9
-8
-6
-4
0
1
1
-4
-9
-14
-15
-12
-6
-3
-2
-3
-4
-4
-3
0
1
1
-1
-3
-5
-4
-3
0
3
6
8
7
5
0
-2
-2
0
4
9
11
10
5
0
-3
-3
0
4
11
16
19
20
16
11
6
3
1
-1
-4
-6
-8
-8
-6
-6
-5
-3
-3
-1
-1
2
0
0
-2
-3
-4
-5
-6
-7
-7
-6
-5
-3
1
2
4
5
3
1
-3
-7
-9
-11
-10
-8
-4
2
5
9
9
9
6
3
-1
-5
-6
-6
-2
2
6
11
14
15
16
15
12
9
8
7
4
3
2
2
2
0
0
-5
-6
-6
-6
-5
-3
-2
0
-2
-4
-6
-9
-10
-8
-7
-5
-3
-2
-3
-7
-10
-13
-14
-14
-12
-9
-4
-1
-1
1
0
0
-1
-1
2
2
4
6
7
6
6
4
1
1
2
4
6
10
10
12
15
17
17
17
15
10
7
4
1
3
4
8
10
12
8
6
2
-2
-6
-7
-7
-6
-4
-4
-6
-7
-7
-6
-5
-7
-10
-14
-17
-19
-19
-18
-14
-12
-9
-8
-8
-8
-9
-7
-3
0
1
0
-4
-8
-11
-11
-8
-4
1
5
9
10
10
7
2
-2
-3
-4
0
4
8
12
20
27
35
37
35
29
22
14
8
7
8
13
18
20
17
9
3
-1
-3
-1
-2
-5
-11
-15
-20
-24
-28
-31
-30
-28
-25
-21
-17
-12
-7
-3
0
1
1
0
0
-2
-5
-9
-9
-8
-3
1
6
5
2
-3
-5
-5
-2
1
4
4
3
0
-2
-5
-4
-5
-3
2
10
19
28
33
33
28
20
11
4
-1
-4
-3
1
8
13
17
14
8
0
-5
-6
-4
-2
-3
-5
-8
-10
-13
-15
-19
-22
-23
-20
-14
-6
-2
1
0
-3
-4
-8
-9
-10
-10
-9
-6
-4
0
1
3
2
2
1
1
0
1
-1
-1
-3
-4
-2
1
3
6
8
11
17
21
24
26
22
15
8
0
-4
-5
-5
-1
2
6
12
18
21
19
13
6
1
-2
-3
-3
-4
-5
-4
-3
-2
-2
-3
-4
-5
-6
-8
-11
-14
-15
-15
-17
-18
-20
-17
-14
-8
-5
-3
-4
-5
-7
-7
-9
-6
-5
-3
-1
-1
0
0
2
3
5
4
5
4
4
4
5
8
9
12
13
11
8
4
0
-2
-2
1
5
9
12
13
11
7
2
0
-4
-6
-7
-7
-5
-3
0
4
6
10
11
10
8
4
-1
-5
-9
-12
-12
-8
-1
8
13
16
13
8
2
-1
-2
-4
-7
-6
-5
-5
-7
-8
-8
-7
-7
-8
-6
-4
-3
-3
-2
-2
-2
-4
-4
-3
-3
-2
-1
1
3
4
4
4
5
6
6
9
9
8
8
7
7
6
4
1
-2
-1
2
3
4
3
