SAMPLES:	13081
BITSPERSAMPLE:	16
CHANNELS:	1
SAMPLERATE:	16000
NORMALIZED:	FALSE
4
-3
3
-3
3
0
0
0
0
0
0
0
1
0
1
0
0
0
1
0
0
0
-1
1
1
0
-1
0
0
0
0
0
0
0
0
0
0
0
1
0
1
0
0
0
0
0
-1
0
1
0
0
-1
0
-1
0
0
-1
0
0
0
0
0
0
0
0
0
0
0
0
0
0
0
0
0
0
0
0
0
0
0
0
0
0
0
1
1
1
1
1
1
-1
0
0
0
0
0
0
0
-1
0
-1
-1
-1
-1
-1
-1
-1
0
-2
-1
-1
-1
0
-1
0
1
-1
1
0
-1
2
-2
2
-3
2
-1
0
0
0
0
1
0
0
0
0
0
-1
0
0
0
0
0
0
0
0
0
0
-1
-1
-1
-1
0
-1
0
0
0
0
0
0
-1
-1
0
-1
0
0
0
-1
0
0
0
0
0
0
0
1
0
0
0
0
0
-1
-1
-1
-1
-1
0
0
-1
-1
-1
0
0
0
0
0
0
0
0
2
1
1
1
1
1
2
2
1
0
0
0
0
-1
0
0
0
0
0
0
1
0
0
1
0
0
0
1
0
1
0
0
1
1
1
-1
0
1
-1
1
0
-1
3
-3
4
-3
3
0
-1
0
0
0
0
0
0
0
0
0
0
0
1
0
0
1
0
0
0
1
0
0
0
-1
0
0
0
0
0
0
0
0
0
0
1
0
0
0
-1
-1
0
0
0
0
0
0
0
0
0
0
-1
0
1
0
0
0
0
0
0
0
-1
0
1
0
0
0
0
-1
0
-1
-1
0
0
0
0
1
0
0
0
0
0
0
0
1
2
2
1
2
0
1
0
0
0
0
0
0
0
0
0
0
0
0
-1
0
-1
-1
0
-1
0
1
-1
1
0
-1
3
-3
3
-4
3
-1
1
0
0
1
0
0
0
0
0
1
-1
0
0
0
0
0
1
0
0
-1
0
0
0
0
1
0
0
1
-1
-1
0
0
0
0
0
0
0
0
0
0
0
-1
0
0
0
1
0
0
0
0
1
0
-1
-1
0
0
0
-1
0
0
0
0
0
-1
0
0
0
0
-1
0
0
0
0
0
0
0
0
0
0
0
0
0
-1
-2
-1
-1
-1
-1
-1
-1
-1
-1
-1
1
0
-1
0
0
0
0
-1
1
-1
1
0
0
1
-1
0
1
-1
1
0
-1
2
-4
3
-3
2
-1
0
0
0
0
0
0
0
0
0
1
0
0
1
0
1
1
1
2
1
1
0
1
1
0
0
0
-1
1
1
0
0
0
0
0
0
0
1
0
0
0
1
0
0
0
0
0
-1
0
0
0
0
0
0
0
0
0
0
-1
-1
-1
0
0
0
0
-1
0
0
0
0
0
0
0
0
0
1
0
1
0
0
0
0
0
0
1
-1
0
1
-1
0
0
0
0
0
0
0
-1
0
0
0
-1
0
0
-1
1
0
0
2
0
2
2
1
3
2
1
4
-1
5
-2
2
0
0
0
0
-1
-1
0
-1
-1
-2
-2
-1
-3
-2
-2
-1
-1
-2
0
0
0
0
0
0
0
0
0
1
0
1
0
0
1
-1
1
0
0
0
-1
-1
0
0
0
-1
0
-2
-1
-1
-1
-2
-1
0
0
0
1
0
0
0
0
0
0
1
0
1
0
0
1
1
1
1
2
1
1
1
2
2
0
0
0
0
0
0
0
0
-1
1
0
-1
-1
-1
-1
-1
-1
0
-1
-1
-2
-1
-1
0
-1
-1
1
-1
1
0
-2
1
0
0
1
-1
1
-1
-2
3
-3
2
-2
2
0
0
0
0
0
0
0
1
0
0
0
-1
0
0
0
0
0
1
-1
0
0
0
0
0
0
0
0
0
1
0
0
0
0
0
0
-1
0
0
-1
0
0
-1
0
0
0
0
0
0
0
0
1
0
0
-1
1
0
0
-1
0
1
1
1
1
-1
0
0
0
-1
1
0
0
0
1
-1
0
0
0
0
0
0
0
0
0
0
0
-1
0
0
0
0
0
0
0
0
0
0
1
-1
0
0
-1
1
1
-1
0
0
0
1
-1
0
1
-1
1
0
-1
3
-4
3
-3
2
-1
0
0
0
-1
0
0
0
-1
0
0
-1
-1
0
0
0
0
0
1
1
-1
0
-1
0
0
0
0
0
0
0
0
1
0
0
0
0
-1
1
0
0
1
0
0
0
0
0
1
1
0
0
0
0
0
-1
0
-1
1
0
1
0
0
1
0
0
1
0
0
0
1
-1
-1
1
0
0
0
-1
0
0
1
0
0
0
0
0
0
-1
0
0
0
-1
0
0
1
1
-1
0
0
0
0
0
0
0
1
-1
-1
1
0
1
0
0
1
-1
1
1
-2
3
-3
4
-3
1
0
0
0
-1
0
0
0
0
0
-2
-1
-2
-1
-1
-1
1
-1
0
0
0
0
0
0
0
-1
0
0
0
1
0
1
0
0
0
0
-1
0
0
1
1
0
0
0
-1
-1
0
0
0
-1
0
0
1
0
1
0
0
1
0
0
1
0
0
0
0
0
0
0
0
0
0
0
-1
1
0
0
0
0
0
0
0
0
0
0
-1
0
-1
0
0
0
0
0
-1
0
0
0
1
0
0
0
0
0
0
1
-1
0
-1
1
2
-2
0
1
-1
1
0
-1
3
-3
3
-3
2
-1
0
-1
0
0
0
0
0
0
0
0
-1
0
0
0
0
-1
0
-1
0
0
0
0
0
-1
0
0
-1
0
0
0
1
0
0
0
0
0
0
1
1
1
1
1
1
2
0
0
0
1
1
0
0
0
0
0
0
-1
-1
0
0
0
-1
-1
-2
-1
-1
0
-1
-1
0
0
0
0
0
0
0
0
0
0
0
0
0
0
0
0
0
0
0
0
0
1
1
1
0
-1
0
0
0
0
1
1
1
0
-2
0
0
-1
1
0
1
1
-2
1
0
-1
3
-3
3
-3
2
-2
0
0
0
0
1
0
0
0
0
0
-1
1
1
0
0
0
0
1
0
0
0
0
0
0
0
0
1
1
1
1
2
0
0
0
0
0
0
1
0
0
0
0
0
0
0
0
0
0
1
0
-1
0
0
0
0
-1
0
0
0
0
0
0
-2
-1
-1
-2
-1
-1
-1
-2
0
0
0
0
0
0
1
1
1
1
1
1
1
1
-1
0
-1
0
0
0
0
0
0
0
0
0
1
1
1
1
2
2
2
2
2
2
2
1
2
0
-1
-1
-2
-2
-2
-3
-3
-3
-4
-3
-2
0
-1
0
0
1
1
1
1
2
1
1
1
0
0
0
-2
-1
-1
-2
-3
-3
-3
-3
-2
-2
-1
-1
0
1
1
1
1
1
1
1
1
0
-1
0
0
-1
-1
-2
-1
-1
-1
0
-1
0
1
2
3
5
4
5
5
4
3
2
1
0
-2
-2
-3
-4
-5
-5
-4
-3
-2
0
2
3
4
6
8
9
10
9
8
7
3
1
-4
-5
-7
-9
-10
-11
-11
-10
-8
-6
-2
0
3
7
10
12
13
14
14
13
11
8
4
-1
-5
-11
-16
-23
-29
-34
-37
-37
-35
-28
-19
-9
1
12
23
34
43
50
53
52
47
38
26
14
2
-9
-20
-31
-43
-54
-58
-60
-57
-48
-34
-18
-2
12
26
42
58
72
78
74
62
47
34
19
1
-20
-43
-64
-81
-96
-107
-113
-110
-98
-79
-56
-32
-6
23
50
73
90
102
105
99
85
64
40
11
-17
-46
-67
-80
-85
-87
-86
-74
-52
-22
12
46
76
107
150
205
265
322
365
381
373
345
300
228
125
0
-120
-209
-271
-337
-444
-595
-746
-836
-828
-733
-602
-471
-333
-159
53
267
428
488
454
400
387
414
441
438
378
251
105
-14
-126
-278
-474
-689
-875
-955
-847
-575
-268
-13
210
433
652
861
1027
1052
875
568
246
-36
-252
-390
-484
-560
-602
-584
-510
-412
-319
-251
-195
-136
-52
72
236
411
558
638
633
565
488
449
454
450
372
188
-65
-288
-394
-380
-329
-335
-402
-435
-325
-84
216
481
636
706
819
1069
1342
1424
1213
712
50
-579
-1085
-1531
-2035
-2567
-2952
-3095
-2848
-2192
-1365
-566
-20
274
521
755
1164
1795
2300
2715
2972
2844
2687
2370
1715
884
-399
-1912
-3157
-3981
-4304
-4098
-3524
-2752
-1750
-562
787
2036
2875
3238
2989
2280
1497
713
-11
-580
-1198
-1678
-1904
-1977
-1742
-1534
-1583
-1700
-1719
-1514
-1030
-304
394
850
1032
1161
1330
1309
989
465
-60
-457
-642
-589
-413
-91
818
2773
5340
7388
8335
8355
7338
5238
2946
922
-1640
-4709
-6902
-7749
-7651
-6469
-4112
-1650
59
1543
3132
4525
5357
5302
4471
2899
684
-1356
-3270
-5561
-7904
-9959
-10543
-9946
-9418
-8056
-6390
-5161
-2541
1822
6202
10356
13470
14489
14624
12942
10137
7932
3505
-1853
-5772
-9908
-12872
-13220
-11893
-9853
-7252
-3547
303
3690
7068
9665
10407
10030
9210
7477
5484
3290
570
-1970
-4531
-6429
-7054
-7655
-8154
-7678
-7197
-6393
-3837
-1588
561
3181
4065
4483
4425
3336
2344
1195
-513
-3101
-5699
-7465
-8548
-8020
-5494
-3703
-2166
1154
3519
5479
8198
9123
9039
8653
7238
5878
4315
2545
1401
303
-407
-737
-1028
-684
-363
269
1910
3248
4621
6681
7931
8293
8311
7194
5307
3391
1049
-1295
-3160
-5304
-7528
-8964
-9783
-10124
-10438
-11599
-12894
-12649
-10424
-7599
-5805
-5336
-6732
-9368
-8379
-2112
4272
8838
13390
15993
15272
14552
15658
15357
10539
3701
-1673
-6969
-12098
-13347
-12361
-12921
-13402
-11509
-7066
-1359
4198
9625
13233
13277
12853
13527
13314
11963
8574
3808
-730
-5107
-7903
-8889
-10577
-13970
-15841
-14767
-11729
-6916
-1820
3885
7995
8706
10490
11713
9667
6898
2930
-2933
-9337
-13733
-15313
-15325
-13495
-10594
-7961
-4498
521
5626
10642
14335
15326
14779
13379
11267
7614
3648
479
-3455
-6312
-6154
-6312
-6347
-3539
-1158
1301
4494
6543
9551
11982
12744
13335
12941
11732
10147
7399
3580
-708
-5234
-8580
-9921
-9501
-7858
-6054
-4853
-4267
-3716
-3031
-3896
-6982
-9149
-10969
-13014
-13368
-13093
-14049
-19136
-21038
-11187
321
6545
15857
24350
22314
20004
21694
21880
18446
7341
403
-2531
-14730
-19555
-15139
-17118
-18615
-15220
-10990
-6361
-250
7464
13778
14976
15025
16356
15223
14358
12823
7157
1176
-3283
-8898
-11345
-10783
-14397
-16124
-15380
-13246
-6805
-2680
3541
10992
9578
9679
12889
9004
5496
3309
-3410
-9218
-13349
-15836
-15096
-13496
-10048
-6342
-2741
1974
6320
11797
15075
14914
14564
11869
7758
5107
2479
-1579
-4555
-5295
-6905
-6876
-3326
-1273
-2286
2997
9372
4109
8738
17051
11281
12368
15281
11673
8397
6395
4476
-560
-5781
-8632
-9171
-10742
-10196
-7122
-6797
-6428
-6245
-6243
-6647
-8924
-11708
-13786
-13335
-12478
-12347
-13929
-18077
-17918
-8582
3940
9857
17702
25798
21559
19283
20548
20789
17117
3920
-1809
-5042
-17318
-19674
-15508
-18099
-17937
-15161
-10791
-4584
1628
11036
15833
16358
17199
18179
17626
15002
13389
6879
618
-3712
-11136
-11963
-11980
-17711
-18368
-16141
-13718
-7189
-1936
5655
12039
8816
10776
14880
9856
6545
3549
-3737
-9728
-14553
-15601
-13392
-11731
-8086
-4473
-1234
3164
6363
10960
14909
13868
12394
10240
5021
1837
-248
-4206
-5596
-5706
-6410
-4176
-1399
-3
2941
5818
8276
11419
13573
15520
14524
12901
11407
7669
5985
1406
-4048
-5483
-9775
-14521
-9928
-7507
-10355
-3671
-1220
-1191
674
-3533
-2595
-5615
-11969
-11412
-12960
-15636
-15900
-18231
-22473
-19089
-5756
3874
8709
19803
25151
20150
20259
22162
19449
12271
4144
1108
-7587
-19412
-17891
-15322
-19677
-18809
-13682
-9470
-4415
2634
12043
15925
14715
17951
18712
16647
15390
12583
7535
-38
-5762
-10981
-12409
-13237
-17458
-16759
-15386
-11393
-3920
122
8013
12745
8359
11828
13321
6620
5449
376
-6908
-11071
-14389
-13955
-13066
-10251
-7078
-4544
-128
4169
7426
10674
13262
12240
10860
9239
4612
1080
-1213
-3969
-4829
-5216
-5832
-3597
-1737
-721
3776
8581
9931
11279
14338
13874
10920
10407
9992
6214
2867
1056
-3096
-7394
-10194
-10681
-10021
-7690
-6158
-4607
-1488
-2619
-1766
-2754
-5581
-9120
-12029
-12264
-16538
-14398
-17054
-20831
-17351
-11225
3434
8257
14819
25802
21858
18750
20771
20401
16128
5512
-2079
-4792
-15774
-21424
-15597
-17042
-19935
-15702
-9989
-4723
874
9519
17673
17643
16172
19384
18738
14961
13892
9527
1713
-5283
-10014
-11526
-13201
-16088
-17617
-15813
-12689
-6971
-1006
4262
12061
10964
9907
14496
8337
4783
4586
-3946
-10026
-13423
-15128
-14504
-12732
-8191
-4539
-1477
2136
6563
10687
13221
13462
11530
9605
5420
1986
769
-2349
-4354
-4627
-5210
-4160
-2063
-18
2400
4851
8198
10529
11831
14056
13299
10825
9863
6674
3035
1475
-2309
-6645
-8272
-10335
-11310
-8212
-5609
-4970
-2804
-830
-670
-1061
-3797
-7380
-9261
-12188
-15128
-14721
-13851
-16165
-19562
-16030
-3792
4686
8718
18632
25180
19356
16820
22788
19755
9730
4721
910
-8078
-18386
-17535
-14095
-18969
-18986
-14241
-10025
-3548
3160
11486
16879
16528
17234
18464
17243
15361
12174
6175
456
-5900
-10716
-11191
-14272
-18269
-17066
-14456
-11190
-4901
-254
6288
11346
8483
11328
12785
6798
6522
2900
-6615
-11273
-13966
-14479
-12066
-9896
-5861
-3458
-1004
4164
7288
11112
13683
12360
10384
8112
4826
1867
-611
-4004
-4867
-5460
-6831
-4193
-850
-681
1175
6284
8840
10444
13420
15703
13172
9732
9376
5430
2466
526
-3805
-6594
-9882
-11986
-9972
-7454
-6420
-3135
15
-27
174
341
-664
-4909
-10359
-12402
-14552
-16518
-16332
-16017
-18347
-19635
-8938
4244
9266
16450
23930
20921
18807
21411
19234
16248
6159
-2254
-4647
-15992
-19341
-13826
-16295
-19642
-15720
-10610
-6617
636
8137
15140
17324
15840
18135
18859
17289
14118
7930
2387
-3873
-10333
-12483
-12744
-16733
-18325
-15262
-12856
-5598
594
5400
12707
10001
9994
14269
8361
5479
4241
-2328
-8972
-12434
-11723
-12568
-11746
-8070
-5977
-3259
472
5100
9480
11539
11535
10889
9039
6116
3485
755
-1866
-3700
-4709
-5192
-4172
-2045
-686
1053
4598
7733
9194
11186
12931
11874
10020
9199
7625
4810
1663
-1906
-6007
-9446
-10818
-10237
-7933
-5190
-3569
-1151
1391
1457
1220
-265
-4900
-8840
-11668
-14379
-14506
-14073
-15570
-17692
-18737
-12878
-443
7718
13350
21877
22717
18106
18804
20029
17438
8698
-428
-4042
-11674
-18323
-14726
-16138
-20115
-16946
-15001
-7763
-1325
4014
14420
14919
14995
18903
18975
18187
15843
9852
3477
-763
-8603
-12105
-11430
-15690
-17823
-16989
-14078
-7418
-2137
3032
10372
10814
9187
13482
12681
7395
4880
44
-7351
-11559
-12215
-12058
-11768
-9546
-6401
-4404
-1506
2973
7333
10177
10983
10827
9629
7305
5231
3037
131
-2355
-3926
-4884
-4603
-2955
-2408
-2280
1505
6096
7836
10028
12710
12482
10238
9413
9504
6292
1993
652
-2621
-8032
-9293
-9214
-8981
-5936
-3725
-2070
920
834
-402
-55
-4562
-9759
-11378
-13711
-14958
-15278
-15706
-17953
-20174
-15124
-2491
7534
12494
20937
22179
17778
20590
20037
17831
10925
-1075
-3043
-10018
-19572
-15291
-14915
-19715
-17249
-13198
-8617
-1062
5554
12855
17325
14842
17796
20056
16819
17119
9469
3850
1424
-9355
-10758
-9718
-14628
-16730
-16368
-13773
-8069
-2810
1742
10185
11113
8350
13476
12940
6878
5435
1709
-7028
-11619
-12703
-13811
-13022
-10007
-6630
-4905
-1689
2851
6219
10200
11982
10809
10261
8065
5228
3857
401
-2352
-2886
-4710
-4921
-3367
-3708
-2987
659
4537
7364
9140
11581
13606
11498
9774
11126
8190
3230
1887
-1895
-7352
-8516
-8658
-8976
-6845
-4771
-2536
771
1433
932
1338
-1835
-7997
-9880
-11600
-14182
-13893
-14807
-15932
-18986
-18829
-8176
4472
9444
15569
23558
18882
17061
20531
19096
14796
4110
-1395
-6024
-16137
-17094
-13891
-17548
-19314
-15235
-11816
-5786
2192
9070
14682
15974
16743
19160
18298
16543
14539
7305
884
-3794
-8522
-10543
-12516
-15170
-17497
-16240
-10989
-5058
-1256
5420
10976
8022
11059
13544
9199
7883
2518
-4002
-8735
-13338
-13247
-12071
-11180
-9222
-6803
-3428
236
4896
9155
11100
11861
11182
9541
7442
4617
1758
-952
-3147
-4294
-4733
-3959
-2817
-2548
-347
3408
5948
8178
10736
12206
11178
9440
10392
9894
4689
2281
712
-5355
-8739
-7872
-8264
-7500
-4106
-2852
-120
1743
70
61
-2794
-7208
-9883
-11616
-13730
-15092
-14134
-16305
-19414
-18998
-10143
3185
8813
14180
22184
20772
17690
20147
19771
16218
5562
-2742
-4979
-15996
-19304
-14202
-18572
-20589
-15662
-11886
-5749
2674
9343
15140
16008
16850
20696
19257
17179
14826
7531
2044
-2691
-9089
-10502
-11901
-17281
-18007
-15515
-12091
-5797
-1189
5658
11774
8803
10420
16527
10142
4327
6594
-3157
-11629
-8880
-13232
-14444
-10188
-10404
-7789
-3417
-638
4740
9611
10599
11729
10949
8450
6046
3153
1957
-1238
-4423
-4305
-5034
-4543
-2932
-3354
-1036
4249
6917
7780
9806
12355
11810
9148
9435
9058
4704
2487
946
-4737
-8300
-7830
-8061
-7049
-4615
-3347
-960
398
-530
-464
-2178
-6973
-10019
-10910
-12477
-13428
-13883
-14594
-18615
-18931
-6716
3833
8418
15591
21118
16952
15232
20459
18824
14220
4897
-2339
-5384
-15966
-18213
-13954
-18086
-20355
-15073
-11509
-6530
2324
8687
14357
14915
15329
20489
19097
16381
15639
7961
911
-3957
-10670
-11130
-12229
-16792
-16940
-15604
-11824
-5201
-768
5622
13218
9708
9746
16428
10252
5773
3923
-3328
-8033
-13046
-13677
-11773
-12205
-8017
-6604
-5043
4092
4250
5456
13817
10818
7919
8729
5650
3891
1636
-2702
-3020
-2730
-7363
-5729
-1160
-2023
-513
3438
6968
9051
9961
12310
12488
9195
8806
8003
3728
2443
-903
-6960
-7521
-7964
-9222
-6136
-4159
-3014
127
785
857
863
-2694
-7294
-10216
-11205
-12138
-14138
-14182
-15047
-20490
-18203
-4289
4953
8777
17584
22025
16735
17616
21074
17762
12114
2356
-2687
-6902
-18546
-18078
-12362
-18798
-20867
-14145
-9628
-4700
2594
10820
15657
15835
17709
20378
19057
15607
13723
8020
94
-4746
-9399
-10155
-12679
-17666
-16117
-15412
-11319
-2248
-179
6172
12833
7670
10955
15284
7575
5949
2952
-6137
-8781
-12076
-14570
-10767
-9623
-8468
-4413
-1973
2173
6416
9351
11598
10087
8700
7575
2008
2573
3676
-7299
-3665
1187
-10450
-4161
2469
-3607
1046
6304
6486
8974
10641
11714
11918
8709
8147
7128
3452
1755
-1470
-6306
-9180
-9309
-8523
-5454
-3680
-2995
-135
-943
-1642
-1328
-4494
-8049
-9298
-10784
-12445
-12363
-13967
-16765
-17432
-9162
2381
6006
13499
21699
18527
17837
21058
18975
14646
6099
-1034
-4633
-15551
-19847
-14346
-18353
-21132
-15790
-11613
-5957
-316
6947
15398
16462
15740
18880
18737
16006
14570
9453
2608
-4092
-9668
-10054
-12759
-17503
-16575
-15711
-13545
-5904
-1940
2906
11147
9925
9222
13895
10131
5892
4929
-1781
-8618
-11955
-12704
-11452
-10828
-7364
-3855
-3096
798
5434
9063
11882
10960
9844
8044
3939
2165
173
-3306
-4663
-5414
-4990
-3357
-1374
-15
1632
5552
6257
8088
13704
12529
9150
11911
8819
2481
4502
1292
-3884
-5412
-9832
-9697
-8192
-7624
-4023
-1406
-1311
-1482
-2105
-3028
-5114
-8726
-8168
-8346
-11479
-11591
-13479
-17102
-14721
-3614
4724
6450
15401
21113
17526
18884
20081
19034
13235
1483
-1703
-6060
-18154
-18388
-14072
-18463
-19300
-15439
-10989
-3880
1989
8933
15968
15801
16151
19845
17833
14945
12241
6717
2505
-4785
-10718
-9825
-13195
-18903
-17244
-15148
-12602
-5857
-1238
6108
10584
7717
11776
13778
8054
6733
2978
-4720
-7979
-11522
-12434
-9483
-8523
-5741
-3103
-1055
3252
7092
10393
12535
10938
7476
5493
2152
-501
-1134
-3322
-4538
-4937
-4230
-1226
696
1271
3644
6221
7725
9396
12538
15115
11633
8490
8400
6232
479
-2017
-640
-8639
-12981
-8869
-10060
-9112
-3066
-2367
-4877
-2430
-4368
-6802
-5709
-8117
-6947
-8453
-13090
-12711
-16272
-18110
-6217
3090
4902
14373
20809
18007
18312
19896
19217
14340
3149
-2314
-3683
-14627
-20245
-14617
-16920
-20466
-14827
-9606
-4640
506
5764
14277
16037
14127
18448
18265
14632
13131
7385
2611
-2351
-8105
-7379
-9920
-17269
-17385
-14632
-13689
-7229
-1910
3579
11472
8150
9946
15252
7392
5990
5061
-3119
-5809
-10213
-12761
-9423
-8554
-7017
-3027
-849
1742
6201
8892
11624
11558
8907
7137
2232
-113
-1126
-5556
-5568
-4052
-5623
-3802
795
2686
3394
6318
9462
9154
10018
13728
12458
8857
9073
6536
770
-1467
-3564
-8023
-10131
-10525
-10669
-8967
-6746
-4292
-3003
-3205
-3577
-4839
-6536
-6362
-6258
-9966
-9473
-9823
-16949
-16377
-8501
857
6042
9899
19421
18651
14574
19641
20209
14978
5892
-434
-2476
-11869
-18324
-14624
-15538
-20093
-16151
-10883
-6793
557
6063
12158
14825
12794
17022
19394
14042
12142
10167
3141
-2169
-6911
-9001
-9114
-15792
-18298
-13243
-12351
-8512
-2490
1020
9013
9521
6757
13226
9882
3547
6139
62
-7014
-8396
-12370
-10690
-7359
-7090
-2365
1003
2315
6557
9810
11857
12722
10458
6533
2864
342
-3051
-6256
-5425
-4394
-5626
-3951
-5
1631
3298
7312
10935
11987
12000
13677
13765
10161
8662
6821
997
-1471
-3359
-8904
-10453
-10795
-13220
-9943
-5921
-7294
-5898
-3790
-6698
-7537
-6328
-8157
-7371
-6604
-10853
-12192
-14543
-16876
-5350
7216
6534
13324
23873
16197
15537
24859
18031
8073
6609
-1267
-10542
-13261
-19845
-16770
-14627
-22727
-13470
-5396
-6521
1551
10362
15148
14643
14765
18808
16415
12784
11856
5850
-601
-4100
-9238
-9118
-9918
-18581
-16830
-12364
-11395
-3869
-166
5081
10816
6669
10313
14669
5556
4570
4729
-5255
-9615
-11484
-12377
-10448
-7909
-3238
622
2054
4753
10808
12955
12000
12101
10619
5773
-593
-2106
-4134
-9063
-7797
-4735
-5347
-3429
1233
3534
5227
9546
13424
13142
13581
15941
13268
9327
9355
6252
-126
-2938
-6337
-11595
-12790
-12900
-13161
-9725
-6704
-6028
-4781
-5449
-7589
-6768
-5272
-6126
-6656
-6025
-8016
-12893
-16222
-11923
-1334
4507
9316
18207
19625
15738
17792
20420
17675
9025
-671
-2000
-8713
-19765
-17536
-13771
-18886
-20523
-11913
-6381
-1039
3202
10860
20577
12451
13875
20250
14397
11189
8214
5739
-1604
-8732
-8641
-8750
-14721
-18642
-15219
-13579
-8837
-3512
-311
8354
11444
6778
9932
12125
4426
2415
1495
-7058
-11409
-11425
-11840
-9453
-6679
-3106
1784
3854
7972
13438
13758
13085
13100
10131
4153
-533
-2495
-7104
-10155
-7121
-6880
-7131
-2255
873
2645
6789
11197
14157
14696
16176
17681
13342
9696
9010
2839
-3155
-4281
-8570
-13121
-13239
-14372
-13497
-9687
-8562
-7229
-6816
-9624
-9682
-7186
-6704
-4597
-3529
-7215
-13176
-17722
-10431
977
6113
10778
18310
20471
16174
19447
21787
18511
10379
-1173
-3226
-9833
-20258
-17954
-15612
-20431
-19793
-12860
-6263
495
5436
11906
16653
13958
15925
21011
15750
11569
11989
1747
-6078
-4417
-9132
-12525
-10561
-17109
-19569
-11987
-9203
-3577
2988
6733
10942
8285
10349
12741
6622
4049
-983
-6954
-9246
-12334
-12370
-11777
-9019
-3463
294
4581
9490
12798
14436
15889
14137
10414
6751
466
-4116
-7193
-10585
-10961
-9081
-6710
-3817
-1273
2080
7145
10334
12270
15733
18626
17963
14235
11368
9333
4214
-1086
-3663
-9272
-14748
-14150
-13767
-14000
-10593
-9018
-9902
-8143
-8315
-8102
-5688
-5898
-5457
-5346
-7097
-11450
-14370
-9610
900
6560
9132
19458
20547
16571
20052
20517
18333
8562
-496
-1518
-10428
-21114
-18105
-15929
-21564
-19379
-13371
-7618
316
5859
12918
16964
14259
16991
19884
16020
13780
8456
2193
-1124
-8654
-11260
-10023
-16515
-19882
-16028
-14129
-9284
-3570
1856
11390
11756
8490
13430
14199
6725
4825
2372
-7489
-9968
-12308
-13437
-10274
-9404
-3819
-1582
1607
9403
12238
16219
18258
14444
11691
7008
507
-2433
-6767
-10077
-9914
-10707
-8855
-4898
-2152
676
4638
9631
12695
14555
18425
19359
15569
13137
11106
5230
-850
-4258
-8105
-12833
-15225
-15279
-14478
-12368
-10723
-9082
-8267
-9448
-9112
-6450
-3476
-3764
-3681
-5538
-13527
-15173
-6337
3540
7224
13187
20056
15224
15189
20422
18878
16526
6840
-1239
-3543
-13444
-17966
-15087
-17927
-20917
-17947
-13140
-6377
1462
7972
14686
15387
14724
19512
18851
15112
13586
7009
635
-2758
-8912
-10911
-10983
-17401
-21232
-17868
-13297
-9198
-3509
5459
11206
7928
9660
16537
11979
6498
6039
-576
-8204
-11572
-13022
-11079
-9346
-6507
-3436
-2103
6468
8433
9505
19522
16349
11828
11280
5133
1435
-1907
-6979
-7675
-7850
-12415
-9721
-3916
-3369
-465
4781
9474
11948
14997
19620
19203
14708
13424
11479
4335
-1099
-4233
-9156
-13973
-16100
-15143
-12828
-12988
-12145
-8532
-9425
-10663
-7813
-5296
-4152
-2553
-2197
-7547
-14239
-13318
-2678
4980
6410
14498
18503
12848
14899
20304
18857
13055
3593
-740
-4229
-15108
-15987
-12403
-18279
-19604
-14586
-11164
-5228
2693
8663
13302
13990
14983
18361
17010
15546
13292
5582
335
-4020
-9308
-10287
-12424
-17889
-19027
-16217
-12663
-8125
-3846
6150
11217
4977
10694
16772
9193
7811
8206
-802
-7660
-9074
-10545
-10561
-9965
-7201
-3089
-1611
2892
9072
13081
15965
14604
12119
9301
3950
628
-1955
-7279
-7386
-5844
-11786
-6872
-980
-5462
2008
8860
8220
10631
14833
19057
17684
13648
12443
9528
1912
-2207
-5305
-10364
-13056
-16317
-15442
-13108
-14361
-12795
-11215
-12352
-11310
-9266
-6605
-2731
-2588
-5270
-9960
-12723
-3165
6467
6479
13596
19990
13360
13278
19649
19364
13832
3853
-333
-2212
-14840
-18649
-11376
-15812
-21462
-16541
-11071
-6448
-210
8043
14578
13180
12547
17765
18460
16378
14848
7518
1061
-3132
-8708
-8707
-9969
-17864
-21297
-17979
-13621
-8232
-3860
2948
10276
7136
8526
15309
11291
7208
6513
924
-5483
-8527
-11109
-10970
-8032
-5899
-2781
-50
3234
7987
11327
14054
14518
12144
9184
4486
967
-946
-5232
-7359
-7201
-7782
-6167
-4600
-3025
1043
4263
6679
10398
14784
16833
16126
15614
11460
6969
7131
871
-6379
-6582
-13448
-19000
-14141
-13935
-15097
-12939
-13832
-14137
-14512
-13337
-6817
-2603
-2158
-3812
-10590
-12304
-2502
7748
11431
16006
22412
14651
9109
19668
20695
11805
1668
-3113
-4143
-16894
-18082
-8254
-16036
-21614
-15086
-9884
-5060
1113
9645
15919
12611
10969
17985
17546
13516
14398
9088
955
-4852
-8076
-7476
-11695
-18349
-17889
-17525
-16297
-8575
-3718
3034
10397
6420
7955
14530
9203
7662
9421
1285
-5634
-9126
-9380
-6712
-8306
-5200
644
-543
2213
9144
12660
14938
13885
11082
8479
2875
-589
-1112
-5099
-8183
-7328
-7426
-6287
-3164
-2127
348
5729
9016
10481
13781
18236
18178
14185
13360
10707
4112
291
-4238
-10664
-15480
-17929
-17692
-16464
-16470
-15390
-14199
-14495
-14192
-10489
-1908
-2047
-2460
-691
-10995
-9299
3954
8115
10154
18395
18797
10966
13097
16612
18518
11847
-1154
-1642
-6202
-17944
-15403
-9664
-16957
-20309
-14447
-8351
-1796
3291
11638
17529
12534
13105
19945
16021
12331
13475
6064
-1286
-5667
-10345
-9211
-12338
-18510
-17208
-17318
-14508
-7269
-3331
5923
9347
3651
10044
14646
8599
8221
6266
-1365
-6506
-9200
-7857
-6226
-7072
-4084
-31
937
4224
10709
14459
14483
14111
12421
7730
2703
-698
-3515
-6558
-8763
-8892
-7561
-6632
-6000
-3131
1634
5511
8135
11186
15945
19312
18178
16115
13841
8860
4181
151
-5767
-11921
-17071
-19125
-16700
-15387
-16616
-15703
-15687
-18172
-15450
-7509
-3186
-1948
-1282
-7121
-12982
-4225
9273
10800
12336
20559
18843
10908
15223
22275
14366
3685
-947
-5491
-12123
-18872
-14208
-9997
-19434
-20313
-9131
-4187
-2159
7812
16948
14528
11095
17068
19837
14326
13888
11812
2711
-2847
-8136
-8648
-7675
-17603
-20080
-16652
-17906
-11231
-6534
-1994
8234
4589
3734
14527
11791
7960
10582
3493
-3379
-6207
-9025
-7526
-7599
-6352
-1316
208
1729
7006
12074
13961
14195
13940
11575
5485
2200
2344
-4070
-8130
-5697
-8103
-8749
-4492
-3550
-2490
2266
7655
9807
11640
18227
19343
14096
14235
12520
5916
2875
-1405
-8798
-13907
-17321
-18156
-17478
-19544
-19805
-17103
-18698
-19042
-10796
-3600
-2194
-68
-1418
-10095
-8964
5924
11339
11349
19777
17978
9188
12361
17565
17281
8641
-3243
-3584
-9593
-22958
-15137
-7399
-17922
-18683
-9748
-6394
-1310
6628
14121
17606
10849
12858
20809
14295
14151
15062
2218
-3292
-4680
-9520
-8580
-11704
-19930
-19968
-16837
-12062
-7256
-2982
6353
6742
2873
10097
12306
7719
8974
6879
-1149
-6254
-9023
-9250
-7341
-6343
-3390
-132
211
5023
13331
15068
14235
15548
13125
7557
4907
2871
-2898
-7148
-6727
-7580
-9160
-7209
-4424
-3198
-826
5184
9407
9935
15148
19475
15586
14432
14466
7731
3138
854
-5975
-12678
-16225
-18114
-18244
-17927
-19064
-19095
-18448
-19350
-14429
-4649
-1802
-1128
-1064
-9465
-7364
8169
13164
13664
19811
18188
10218
12082
16415
16650
7978
-5387
-5620
-11529
-20954
-14550
-10363
-16104
-18850
-13314
-6084
626
7206
15032
17763
12185
14003
19545
17117
13639
11427
5174
-3546
-9581
-9358
-7646
-13633
-20364
-19251
-15954
-13920
-9755
-62
8309
4882
2847
11625
12455
7055
9581
7763
-2404
-8066
-8201
-7573
-7496
-6643
-3745
-1194
862
5097
10898
15057
15701
14047
11573
8412
5782
3745
216
-3359
-5620
-8334
-8708
-6029
-4800
-3314
225
4212
7955
10126
15087
19795
15271
12072
13143
8366
4269
1666
-5815
-11704
-15855
-19878
-19703
-18846
-19149
-19699
-19079
-17780
-14383
-6320
-1321
555
-1239
-8354
-6066
8115
13003
11562
20720
19095
8914
12185
15033
13474
6161
-4933
-5169
-11059
-22666
-14096
-7755
-15314
-15618
-11511
-4916
351
5460
16036
17339
10772
13191
18616
16597
14508
11361
4715
-2423
-10406
-10019
-7810
-14797
-18869
-18895
-18050
-12617
-7916
-1142
7724
4739
1407
11110
11495
7274
10257
5762
-1550
-6794
-9415
-7651
-5299
-8331
-4425
1915
-2084
6465
11071
10831
16368
12478
12139
9769
5080
4397
606
-3307
-4245
-5382
-7030
-4890
-4389
-2986
710
4206
7785
8595
13385
17395
14515
14884
14447
7651
3765
1062
-6322
-13075
-16242
-18677
-19031
-18007
-19834
-20130
-19227
-18996
-13216
-5439
-901
717
-2799
-7423
-1099
12344
12970
13348
23386
15865
5627
12127
15053
11820
1204
-7867
-6291
-15682
-22042
-9938
-9454
-17461
-14016
-8586
-3225
2726
8219
17886
17899
10483
15943
20031
14489
13155
10793
2421
-4058
-8980
-9763
-9038
-16923
-19041
-16466
-17084
-10654
-6397
436
10100
4333
2611
12230
10364
6825
10389
4773
-4718
-7878
-9507
-8239
-5819
-6483
-4913
-1292
1268
5731
11594
14398
12921
11717
10719
5579
5973
6802
-3782
-2483
535
-10700
-6449
-522
-6785
-2442
3901
4569
8487
9827
12253
18648
15301
11732
13482
7694
1038
-2479
-8735
-13823
-16542
-19302
-18070
-17899
-22038
-21049
-18731
-19242
-13582
-4507
-227
963
-3016
-6865
1351
12555
12909
14285
22252
14512
5275
12417
14553
9937
-991
-7981
-4931
-17232
-22695
-9015
-10304
-16640
-13062
-7938
-1724
3275
10074
19891
18012
10908
17091
19963
14322
13453
8824
507
-6378
-11559
-8674
-7762
-16237
-18866
-17322
-16027
-7509
-2758
1367
10356
5942
2731
12250
10328
5796
8769
2374
-5277
-6803
-9482
-7872
-4516
-5575
-3971
-212
1420
5121
10381
13740
14988
12245
8470
7516
5541
2041
-1142
-2571
-3514
-6357
-5268
-2586
-3937
-3083
2512
7026
6589
8178
18683
18261
9438
17034
12771
1756
6413
-3434
-11933
-9994
-18732
-20177
-15275
-20457
-21960
-17002
-19551
-18165
-8968
-5003
-308
2304
-4881
-9089
881
13066
11468
14265
23471
14580
5975
11717
14965
10688
-848
-6713
-5225
-18958
-24291
-9021
-10674
-17798
-13255
-8249
-1607
3732
9547
19042
18007
11198
16905
18572
13770
14558
8837
478
-5366
-12268
-11939
-9777
-17352
-19835
-15750
-14746
-8401
-4601
1987
12026
5234
4869
14365
9447
5857
8166
3156
-4911
-9676
-11276
-9737
-7661
-7700
-4243
-1031
-46
5253
10730
13721
14536
12327
8748
6194
4898
2574
-334
-1896
-3819
-6942
-6600
-3883
-3180
-1453
2689
5542
6556
9704
15981
17927
13076
13067
13137
5299
1090
-1514
-7739
-12883
-17211
-19071
-16181
-18761
-21779
-19488
-20822
-17111
-11817
-4380
1369
44
-4152
-9719
3795
11007
8557
20168
22285
12986
7606
11331
13550
8035
-3504
-7367
-5879
-21040
-23873
-9095
-11390
-19539
-13192
-5079
-1108
4992
13046
21205
17614
10945
17350
18822
13228
12859
7458
-839
-7141
-13230
-10575
-10892
-18631
-18969
-18415
-15218
-7574
-4583
6144
13619
4848
6804
15253
10254
8209
10532
1887
-6135
-8764
-10667
-8678
-8377
-6573
-2243
-1556
-53
5530
10999
12972
13372
11388
8341
6971
5902
3126
-486
-1767
-4553
-7476
-5273
-2387
-1189
-57
3345
8149
8048
9712
17640
16661
11294
13554
10873
3579
2228
-2152
-10540
-14021
-17237
-18802
-15492
-15824
-17728
-15940
-16357
-17026
-10461
-3929
-1390
1371
-2651
-9241
-2131
10150
10389
11349
21443
16127
4914
10833
13898
9165
813
-7355
-8223
-15686
-21484
-13402
-8823
-15895
-17471
-8359
-1818
2960
11038
20228
19436
12152
16215
20221
14469
12278
9397
101
-6828
-11540
-11211
-10827
-17919
-19860
-17107
-15021
-10206
-5989
1652
10835
7977
6347
14119
12226
8598
9926
4119
-2269
-8221
-12898
-9643
-8045
-8177
-3691
-611
-676
2546
10335
14406
14420
14060
10352
6963
4881
2569
1133
-2421
-4571
-4392
-4299
-2364
-2247
-580
4500
6436
7825
10968
15270
16449
13431
13512
11865
4100
-716
-2259
-8176
-13469
-15052
-17861
-17704
-16433
-18136
-17608
-17349
-17072
-11484
-4993
-403
2102
-1371
-8114
-4226
8710
10674
10236
20830
18211
6773
11210
14749
11509
1678
-9026
-5451
-13041
-24097
-13196
-8773
-17417
-16144
-8300
-908
2721
6892
20334
19670
11825
16289
17799
16757
13176
7964
3630
-4415
-12641
-10789
-7565
-17354
-20803
-17934
-17597
-10055
-4631
460
10484
8963
5886
13856
12350
7164
9867
4516
-4393
-7784
-11216
-11666
-8902
-7919
-5080
-1578
-1487
2166
10352
13886
13361
13806
12041
7045
3581
2075
-194
-2479
-4354
-6133
-5250
-3058
-2105
246
3949
6627
8388
11043
15937
17332
14266
14334
12437
5285
2231
-718
-9309
-14078
-16110
-19777
-17795
-15103
-17496
-17279
-16126
-17359
-12334
-5461
-1541
3453
-558
-8562
-4233
7260
10548
10623
19014
17003
7120
8336
11392
11761
2076
-9019
-6064
-11989
-21591
-13569
-8000
-14550
-16303
-8245
-186
3081
8244
19569
20346
11624
15526
19561
14986
13727
10640
3058
-4951
-11393
-10274
-8901
-15873
-20208
-18874
-17116
-12754
-6811
1619
9989
8196
6097
13027
13643
8657
8506
4559
-3494
-8607
-11582
-10305
-7941
-8332
-5711
-2852
-2539
2957
9975
12479
14659
14331
10803
8810
6328
3709
1240
-2817
-4726
-5772
-6011
-2772
-1889
-1527
3220
6745
7748
9922
15032
17472
13453
13624
14652
7100
2663
877
-7437
-12421
-14132
-18533
-18106
-16486
-18740
-17976
-16719
-19434
-15039
-5037
-1386
1503
671
-7079
-8013
3831
12871
10352
15545
18311
6625
6224
12361
11847
5590
-5152
-7141
-10456
-19860
-15929
-8636
-12895
-16169
-11015
-4121
2562
8280
16576
21855
15147
13920
19323
16921
14790
13344
5698
-2425
-10175
-14106
-10609
-13605
-20712
-19771
-17320
-13073
-6417
-1490
8736
12636
5258
10469
15096
8082
7895
6497
-1221
-7763
-13131
-13176
-9262
-10517
-6085
345
-3538
2383
10219
11770
15399
13210
11087
10369
5369
2094
2989
-1498
-5928
-4423
-5029
-4322
-3980
-2169
2441
4693
8496
9774
12213
19117
16849
13275
15769
10643
3394
374
-5445
-10538
-14299
-18347
-16813
-15271
-18402
-16611
-14607
-17729
-15527
-8266
-2037
-282
-1111
-2788
-9053
-5561
8874
10521
10111
17377
11510
5026
10009
11404
9911
1615
-7586
-6117
-12231
-19948
-10271
-6571
-15398
-13781
-5720
-574
3115
11071
22007
18603
12078
18682
20185
15067
13690
7861
-659
-7282
-12872
-10495
-9942
-18764
-20541
-17730
-16306
-8642
-4059
600
10869
8472
5781
14995
12517
5263
6991
1707
-7072
-10915
-13315
-9813
-7568
-9892
-4023
-132
-3233
4524
11839
12376
13288
10821
12213
8976
2202
5573
2371
-6765
-2744
-5168
-8987
246
-5533
-2387
8028
4298
10586
13437
15954
19856
14813
14835
12753
4462
983
-1934
-8371
-11115
-15688
-17782
-15143
-17149
-15947
-13842
-16009
-17126
-13623
-6194
-1935
179
2504
-5232
-13199
-1651
9326
7451
12721
17547
10552
7481
10977
14809
11683
-2466
-6522
-4639
-18541
-21377
-6874
-10241
-19458
-12188
-4831
-1296
6152
14665
20291
16327
13333
21580
21284
14644
14858
7773
-2617
-7989
-11384
-8320
-11677
-19877
-17827
-17669
-15059
-6650
-3590
6262
11870
4219
9374
15653
8833
7817
6939
-1158
-7987
-13439
-12561
-8607
-11067
-8274
-1177
-3443
-1364
9027
12613
13883
15662
13059
10762
7638
3369
2394
-1059
-4822
-4864
-6293
-5857
-4913
-4524
769
5156
7599
11081
14073
17835
19180
15316
11599
13518
5015
-3681
1261
-11432
-18181
-13424
-21124
-15583
-13447
-17990
-11613
-14374
-18234
-9218
-3797
-3937
890
-75
-10517
-11881
833
7872
7082
13411
17265
10234
6067
12919
17827
7459
-4867
-2871
-4659
-18454
-15576
-4835
-13292
-18962
-11387
-6594
-430
6714
13622
20234
14509
12907
21452
18589
14055
14136
5815
-3406
-6481
-11037
-11662
-13357
-21195
-19179
-16340
-14560
-7056
-1948
7039
10391
4866
11119
14903
7783
8228
5036
-3986
-8648
-12472
-10641
-9980
-11028
-6046
-3100
-2306
3363
9977
13351
15769
14706
13949
12275
6174
5235
2842
-4631
-5933
-4993
-7242
-6880
-3858
-2195
929
6345
8778
9890
15878
19262
16177
15273
14370
8432
2428
-347
-4729
-11222
-15586
-16677
-17323
-16592
-13897
-13103
-12081
-15662
-14813
-6614
-5769
-2671
406
-3022
-11171
-15127
-1975
6648
3123
10685
18457
8443
5713
14992
17693
11591
-266
-1319
-2167
-17046
-16798
-5122
-12484
-19421
-12222
-7192
-1905
2596
10920
20107
13630
12542
22399
19207
14657
16383
7168
-1195
-4390
-11080
-9778
-12663
-21273
-18617
-18138
-16001
-6857
-4078
4514
11085
4714
10769
17374
8088
5684
6309
-2388
-8962
-11177
-12557
-12358
-11309
-7360
-3071
-2013
2056
9061
13006
15814
17435
16347
12728
6917
4750
2586
-4277
-5404
-4364
-8184
-6550
-2702
-3353
103
5982
7593
10159
16128
19375
17412
15140
14123
10021
4234
315
-4590
-10984
-15781
-17600
-15904
-14934
-15430
-11801
-10520
-15345
-14530
-9669
-8751
-5523
-884
-2523
-8727
-15279
-11848
1641
4754
4385
14909
15813
9164
13347
17595
16235
7354
-3062
49
-4282
-17325
-10758
-6680
-18089
-18168
-9983
-5589
-1168
6359
15557
16863
13705
17673
20401
16905
14876
11553
5857
-1095
-9365
-9669
-8477
-15566
-19935
-18314
-15244
-9535
-6294
-1195
10029
7013
2220
13779
13042
4617
6909
2522
-6076
-10402
-14370
-11596
-10495
-11819
-3313
-197
-1538
6953
12845
12296
15189
17463
14677
11151
7146
4247
-204
-6825
-6616
-5837
-8941
-7164
-3770
-2489
1913
7665
10202
12443
17003
19028
17043
16290
14496
8102
2856
-132
-5532
-12099
-15907
-16071
-15590
-14244
-11868
-10923
-11081
-12516
-12022
-8870
-6477
-4700
-2761
-3978
-10044
-16490
-13519
1001
5631
6976
18969
16703
10896
16442
18686
19005
10033
193
1503
-7272
-16672
-12950
-12035
-14357
-18200
-16404
-2926
-1007
1046
17908
14866
9209
19931
18283
15670
17488
9041
3106
-387
-9995
-10162
-8182
-17326
-20835
-18121
-16187
-12077
-7017
-71
10251
8296
3240
13316
11174
3802
7418
2778
-7115
-11834
-11780
-11567
-11176
-8558
-4066
-1212
487
7006
12584
15046
16890
17158
15116
8454
3585
2626
-3054
-6696
-4601
-7899
-9952
-5673
-4012
-1666
4360
8686
10737
13459
18402
19981
15218
13143
13027
6903
1199
-1822
-8436
-13342
-15211
-16915
-14572
-13059
-13317
-9156
-8299
-12447
-10803
-8730
-9409
-6839
-4468
-4881
-12751
-19667
-11674
540
4963
8982
18317
17298
10898
16229
21107
19424
9105
215
3534
-6570
-18979
-10009
-8354
-17597
-16789
-12054
-7979
-2752
3240
13244
16141
9994
16764
21278
14338
17156
12730
3498
-461
-8401
-8880
-8500
-15076
-20506
-18763
-15589
-12829
-7357
-1032
9257
7039
4182
14133
10568
4313
5697
1705
-5476
-11506
-11854
-10335
-10603
-6659
-1630
-74
2359
8659
13569
15336
16064
16054
13812
6994
3974
2730
-5445
-9023
-7041
-9626
-9940
-5746
-3751
-795
4444
8360
10264
12062
16370
18519
15749
15011
13410
5762
1117
-1106
-7798
-12807
-15365
-17007
-14282
-13354
-13824
-9855
-9592
-12596
-10599
-8641
-8479
-6593
-4800
-4417
-9680
-17447
-11948
1749
5483
8424
18018
17423
10760
14615
21202
20493
11029
1952
3176
-3734
-16900
-11739
-9620
-20067
-18831
-13370
-9527
-2759
1072
9603
16212
11916
14907
20768
18371
16034
11768
6331
1705
-6796
-9292
-6405
-16272
-24844
-17893
-14409
-15729
-7794
1230
2908
7565
7673
7122
13974
7450
2359
5465
-2759
-11208
-9524
-8991
-12428
-7730
-1722
-1050
1681
7504
12935
14578
16144
16885
12753
8181
5880
1697
-4105
-6553
-7440
-9619
-9905
-7355
-5790
-2827
4022
8654
9701
13033
18307
19451
16640
15126
13197
7416
1694
-1922
-6356
-13314
-18341
-16996
-15009
-15167
-12464
-9340
-7950
-8104
-10421
-8735
-7929
-9073
-5030
-4077
-6557
-11864
-18741
-10477
4610
4795
8022
20985
18303
12993
17566
20989
21222
7904
154
5598
-8392
-19418
-10228
-10491
-18702
-18884
-11806
-6026
-5056
1590
14558
13582
10173
20809
22084
15146
14768
12088
5469
-1345
-9417
-8567
-8565
-21583
-19790
-13738
-19025
-11641
-5329
-1378
9334
4588
5062
15892
7711
3954
7895
-954
-4889
-9574
-12394
-4736
-10501
-6016
3891
-2596
5890
12965
10717
16170
16696
12425
11046
6768
17
-989
-6229
-10317
-7053
-9646
-9618
-4515
-1602
1104
5316
11088
12508
14508
20110
18733
14976
13818
9892
3686
-273
-3297
-9699
-15004
-15955
-17495
-17134
-11717
-9614
-8915
-7503
-9559
-9940
-9566
-8198
-4320
-3831
-6572
-8940
-14335
-16294
-2614
6521
3203
12446
21112
13791
14053
20470
20739
15241
3367
2786
2389
-13727
-15561
-8383
-16398
-21483
-14649
-9585
-6452
-1536
6827
13997
11563
13760
22272
19572
14224
14492
9819
1688
-4903
-8463
-8160
-15603
-21517
-16934
-18033
-15665
-8189
-5797
3428
7398
2134
9513
13388
5162
5238
5210
-2460
-7339
-9029
-8219
-6589
-5434
-2099
1209
3645
6442
10761
14679
12449
11993
13895
7427
1721
689
-3511
-9112
-8383
-7911
-10985
-6403
-4119
-2723
3405
6685
12187
13701
15082
19737
15768
12902
13569
7959
692
-2499
-6501
-13530
-15990
-15853
-15922
-14641
-14167
-9710
-5249
-6933
-6917
-5115
-6767
-6381
-3397
-4575
-6092
-7756
-13408
-11705
-537
4079
6011
15691
19782
15225
15080
19522
20286
11785
3166
3435
-2472
-14465
-13596
-10672
-17177
-19420
-14902
-9998
-4539
992
8373
13861
12425
14139
19150
16984
14357
12738
5803
-840
-5619
-8037
-9391
-15815
-18941
-17748
-18017
-12070
-6677
-4477
4915
7891
3954
9226
10682
4711
5050
3904
-3124
-6573
-7822
-8940
-6889
-3624
-111
2686
4573
8100
11634
13230
13753
12979
9686
5225
904
-3144
-6337
-9253
-9360
-8447
-8692
-4487
-2878
-203
7702
7909
12327
18964
16658
15926
17686
13528
6769
5580
-637
-5650
-8915
-15697
-13459
-15377
-17368
-10817
-9895
-9583
-7002
-9559
-9704
-6944
-6726
-3663
-2670
-3281
-6673
-15383
-15954
-4994
5214
5304
12247
23120
15832
11951
19647
23060
18286
5243
3126
4234
-11913
-16956
-7609
-14146
-22672
-16755
-11790
-7433
-2151
3770
13423
12460
11167
19360
18821
14687
13554
9546
4841
-3523
-8810
-6350
-11080
-18411
-19713
-20474
-15839
-9636
-6637
3225
8273
2135
7125
14077
7351
5524
6244
-564
-3735
-5606
-6965
-4259
-5115
-3126
3452
3733
4121
9045
12011
12702
12243
10543
6620
1307
-1043
-1900
-5060
-7604
-7813
-7687
-6225
-3982
-2225
1020
5920
10377
12664
14965
19177
17748
13541
14621
9022
1096
-1149
-6877
-11077
-15741
-19352
-14459
-14946
-15728
-5558
-6149
-10596
-2567
-7371
-10844
-2049
-6282
-6144
-646
-7363
-13254
-12698
-4032
5520
5082
12593
20496
13593
13548
18358
20237
16421
4113
1717
869
-12281
-16126
-8443
-13339
-20752
-15161
-9640
-7013
-3550
4661
12830
9777
11431
20036
17179
13184
13224
8533
2940
-4369
-8199
-7166
-13163
-17990
-16960
-17423
-13612
-9149
-7039
2168
7298
3501
7467
11395
6849
6766
5865
-915
-4257
-7169
-8231
-4972
-4560
-1802
2939
2126
4078
10170
12623
12842
12521
10650
6388
1674
-265
-3549
-8821
-9662
-8776
-9769
-7439
-2887
-642
2109
7020
12020
14055
15058
18298
17453
12619
11789
8192
-87
-2924
-7105
-13884
-15413
-16206
-17840
-15544
-11576
-9972
-6414
-6244
-6891
-6225
-7441
-2687
-3269
-4904
-2071
-6999
-13774
-12505
-3337
4870
7735
10359
19704
17971
10725
20106
22802
11645
3418
5751
1178
-15103
-15454
-9026
-16193
-21078
-13631
-9437
-7958
-2744
5250
14143
12451
11499
19158
17961
12788
13043
9146
644
-5675
-8012
-8766
-14152
-19926
-19368
-16470
-13474
-10025
-4563
4051
6706
3822
8935
12391
5283
4857
8295
1045
-6431
-6563
-5762
-6638
-5502
1108
5451
3705
5892
10992
11751
11898
12903
10284
4362
-125
-2067
-4845
-8032
-8756
-8803
-8971
-6550
-2463
799
3875
7746
11913
14659
16134
17508
16135
13155
11250
5759
-680
-3420
-8664
-13665
-14305
-17388
-18679
-13970
-11839
-10462
-6580
-7490
-9071
-5248
-3506
-4421
-2357
-2462
-4664
-6680
-12834
-9686
3514
4205
3633
18302
20544
9700
15494
21279
15320
10278
5753
646
-4915
-13220
-15967
-8786
-15056
-21101
-11114
-9811
-7209
1225
7541
12502
9440
12524
19651
14449
12166
13104
5753
-708
-6426
-7752
-7241
-16383
-19874
-17326
-17455
-12514
-8761
-3182
6915
4857
3854
14042
12392
5405
9273
7733
-2570
-6255
-5480
-6375
-5962
-3784
-348
2268
2429
5478
11088
12387
11494
12716
10859
3706
-45
-186
-4978
-9247
-8028
-8812
-10763
-7459
-2407
339
3295
8322
12592
14738
17731
20048
17298
13478
10633
4502
-653
-4020
-10151
-14286
-16469
-19401
-16841
-13087
-12886
-8574
-4946
-5326
-4598
-3208
-2735
-2956
-2546
-2947
-2704
-6994
-14139
-12426
-3188
1930
2848
14662
19041
10830
13742
19829
20415
12786
5284
5960
-1241
-13707
-13363
-8847
-15456
-21510
-15605
-9919
-10298
-2619
8943
10363
10615
13751
16027
17246
14100
11757
9573
-367
-7640
-7355
-9701
-15265
-19212
-18955
-16789
-13968
-8481
-2833
4366
8022
5201
11151
15518
6964
7028
8114
-2096
-5688
-5439
-7140
-5822
-5884
-2098
3768
2683
4454
9976
10908
11811
13581
10740
4626
780
-1275
-5671
-8535
-7583
-9168
-11048
-6611
-1734
-968
1975
8326
12493
13558
15980
19561
17348
12655
12071
7758
345
-3392
-8691
-13295
-15257
-18434
-17472
-14066
-12674
-8050
-4596
-5596
-4125
-2974
-3745
-3286
-2653
-3845
-3758
-4400
-12079
-15022
-7414
1036
3917
10226
17858
13290
12596
16665
18611
17567
7517
4430
3492
-10223
-16298
-8890
-13015
-19508
-15551
-13120
-8584
-4920
877
11825
10671
7503
17432
16504
11409
16726
8907
2470
556
-9655
-12221
-8353
-16616
-23231
-13866
-16980
-13079
-2326
-1652
9742
7874
7067
16148
9457
7224
9218
2208
-2264
-4929
-9368
-7982
-6870
-3419
2268
-908
1470
9091
9156
11496
14626
11056
5745
1493
337
-2193
-7076
-6252
-6274
-10222
-8272
-4038
-1214
2289
6237
12267
13546
13252
19243
19944
13876
11599
8657
1100
-2762
-5386
-10741
-14634
-17906
-17793
-14257
-12316
-8687
-3744
-3360
-3710
-2085
-3304
-5141
-4421
-3512
-3740
-5698
-9732
-15617
-14595
-2033
4296
5505
15949
18028
12090
16411
20221
18835
12350
3190
4451
-1173
-15592
-12261
-9340
-19458
-20216
-14414
-11254
-7492
-1984
7555
12066
8809
13645
19440
14732
13625
12885
6301
2540
-5047
-9502
-7579
-16005
-20451
-16285
-16488
-11696
-8590
-1950
11845
5421
5998
18041
8306
7658
13486
3355
-1426
-5407
-11547
-8457
-6915
-4874
-88
-2741
-835
5765
7177
10120
12878
11832
7923
3901
2551
-837
-5190
-5596
-6469
-9536
-8645
-3610
-1216
-1048
3837
9389
9730
12511
19079
18915
13663
12367
11217
5457
1019
-1296
-7313
-13994
-16758
-16993
-15525
-12393
-9521
-7081
-4896
-4594
-3747
-2344
-3675
-6220
-5024
-4315
-5620
-4987
-11708
-18492
-10793
2639
4953
6540
18579
16383
10206
17312
21008
17692
9041
3520
3063
-7076
-16800
-10012
-10245
-20080
-16616
-13334
-11479
-4472
68
8780
10937
6443
14536
19134
13673
14411
12441
2886
-2426
-6255
-8079
-8614
-16001
-18852
-16308
-14953
-10734
-7062
2956
9673
4877
9571
13462
8606
7104
9020
4383
-4179
-5747
-10077
-8987
-3036
-4023
-3312
2479
2195
1555
13607
10336
7677
13661
3212
1703
2230
-3821
-4594
-5813
-6708
-6787
-5471
-1647
787
2102
8137
11656
10562
13611
17546
16146
11708
10231
8532
3143
-890
-3429
-8747
-13337
-14621
-15885
-13708
-8734
-7569
-5975
-3462
-4465
-4047
-4454
-7461
-6148
-6258
-8870
-6202
-8054
-18332
-17936
-3135
4817
5914
16265
21632
14067
13380
19536
21920
14927
2704
3018
-48
-17630
-16778
-7894
-16999
-20999
-15060
-12577
-9030
-4000
4627
12439
9672
11270
19841
17349
13537
15789
10623
2510
-3034
-6998
-6120
-10858
-18636
-16557
-14667
-13791
-8798
-3111
5750
7392
3695
9880
11573
7079
8602
6643
1014
-4462
-8689
-6662
-6037
-5671
-916
-422
-960
2083
4732
6364
9968
13127
4299
-650
8633
-714
-11302
3361
1017
-12842
-4653
1904
-1196
-1766
3404
12762
9821
5555
15776
18615
11754
10430
11005
6904
411
-1059
-4199
-11860
-12022
-12835
-15313
-10061
-9174
-8950
-4456
-7312
-8355
-6791
-10202
-7873
-4725
-7336
-6381
-6823
-15842
-18359
-2760
8234
5656
15196
23646
13432
12300
19756
18748
13590
4333
757
-774
-14410
-17178
-8857
-15785
-21664
-14866
-11738
-10088
-3973
3757
10298
9439
10059
17956
17137
14161
17561
12240
3948
-862
-6659
-6575
-10189
-18695
-17701
-16293
-13941
-8603
-4935
4994
7587
2711
10182
13443
7404
11499
10787
-425
-4551
-6872
-8089
-7484
-6166
-583
-291
-1730
3413
6683
6646
9818
10445
7579
5569
1307
451
-669
-6133
-5378
-4110
-5802
-3394
-1436
1701
3486
3936
12115
10134
9860
21913
13852
8274
15547
5526
-318
3767
-6259
-12379
-9624
-15658
-16397
-10478
-10681
-10496
-6669
-7145
-10448
-8783
-7279
-7195
-5514
-3392
-4469
-10183
-14612
-10670
1830
6019
8181
20253
18771
10968
15045
19562
18143
8088
2725
4188
-7377
-17504
-12383
-12633
-21285
-20342
-14429
-11539
-7596
-1334
7895
9818
7026
14748
20260
15675
15156
16065
9619
1042
-3760
-3560
-6192
-15296
-19204
-16876
-15313
-12299
-8327
-1369
6271
3414
4498
14708
11021
5883
11484
7243
-1347
-3678
-5862
-6048
-6872
-6110
-121
100
-1589
4719
8712
7101
8610
10915
7463
1856
2156
1515
-4573
-6984
-4915
-6392
-9028
-3833
-764
-756
2057
7910
12762
11328
17174
19759
13432
11450
10900
5359
1269
2271
-7868
-14374
-12592
-15731
-16717
-10862
-10107
-14599
-7657
-12412
-13383
-3519
-9460
-6262
-1113
-4785
-6799
-9795
-9845
-318
9164
9241
14987
19332
12854
12084
17733
17344
9002
1119
921
-4265
-16639
-14583
-11731
-18949
-19743
-16219
-10188
-4549
-2009
6475
13228
10109
12212
19329
18419
16167
14116
9129
4128
-4139
-7589
-6124
-14657
-20445
-16998
-16580
-12320
-7493
-4684
5154
7267
4237
11366
12819
7401
8335
8081
1916
-4438
-6478
-5477
-5926
-5240
-1961
326
1625
3708
7710
10735
9969
10017
10340
5410
394
-804
-4099
-8024
-7824
-7669
-8286
-6317
-3890
-1146
3478
7687
11296
14965
17064
17553
16544
14075
10814
6373
2775
-559
-7537
-14112
-15594
-15686
-15310
-13188
-12267
-10954
-9671
-12072
-12262
-6851
-4649
-5210
-1469
-652
-6452
-13306
-7881
6559
6970
7689
17777
16599
10217
12495
18514
18096
7397
-911
909
-6473
-17114
-11868
-10707
-19893
-21166
-15025
-9696
-4867
647
8004
10606
9022
14300
19734
19396
16479
13883
8286
858
-3559
-6123
-7306
-16176
-21451
-18078
-16979
-12253
-8338
-1419
6555
3933
4829
12099
11057
7951
10762
8007
-330
-4592
-5267
-6284
-7187
-4751
-1770
-1601
514
5809
8385
9792
11589
10165
7687
5750
4107
2010
-2819
-6278
-7742
-10716
-9652
-5112
-3698
-2206
2064
6181
8629
13005
19532
19451
15779
16794
14275
6762
2857
-520
-6803
-13193
-16834
-16937
-16816
-17286
-16205
-14582
-14212
-14963
-13445
-8122
-4592
-2597
-585
-1238
-5313
-8421
-652
8948
9867
12189
15936
11679
11139
15401
14639
14212
5054
-1186
-3622
-11869
-11037
-11301
-13535
-17431
-18545
-13135
-8586
-923
2560
8559
12558
10849
17150
20821
18819
16584
11057
5416
1087
-5724
-7895
-7770
-16600
-22369
-19095
-15860
-11463
-6593
-46
6978
4599
5173
12288
10835
9007
10008
5143
-1848
-5359
-5673
-5423
-5261
-4031
-1175
-188
634
5982
10098
10713
11183
10671
8503
5629
2544
-1150
-5130
-7660
-9254
-10849
-9562
-6258
-4670
-1976
4200
9107
11461
15784
20170
19605
16864
15778
12775
7072
2701
-2776
-10195
-15004
-17170
-17297
-15239
-15536
-15309
-10986
-10579
-11573
-9274
-7388
-6299
-4188
51
55
-5581
-9843
-6128
3631
6929
8952
15867
13589
7931
12070
15408
14825
9395
1117
598
-5227
-14118
-10418
-9602
-16849
-17416
-14059
-10501
-4924
-170
8391
10558
7488
14375
17642
15952
16346
13451
8174
1653
-5443
-6724
-6184
-14234
-19611
-17392
-16128
-13436
-8598
-1162
6014
4600
4063
10565
9692
6922
10311
6254
-2011
-4964
-6182
-6548
-6306
-4234
-1140
-2101
-1521
4138
8106
10434
12881
12171
7577
3355
2891
2126
-1405
-3495
-5056
-8983
-10643
-7051
-3434
-2284
811
5728
8788
12671
18468
20859
18904
16204
13316
9437
5379
618
-5181
-10434
-15224
-18222
-16857
-14662
-14905
-12688
-10096
-12824
-13440
-9159
-7604
-6161
-1096
-840
-3992
-7479
-10083
-3445
5436
8277
10493
15070
12518
9261
14388
16410
14634
6090
458
965
-7981
-12222
-8427
-11491
-16947
-15747
-12809
-8704
-2689
2162
9047
10541
10051
16427
19200
16538
16295
12373
5765
638
-6306
-7031
-9793
-16819
-18919
-17721
-16647
-14525
-4715
790
4118
5287
5161
10452
7965
8571
8718
1638
-3387
-6508
-5828
-5343
-4717
-2775
-490
-28
3104
8652
8646
9325
11535
10840
7226
4246
2984
-1953
-6603
-6517
-8672
-11582
-8962
-5549
-2892
554
4612
10297
15111
18825
21766
20958
17872
15080
12068
7975
2150
-4238
-9945
-14071
-16034
-17467
-17412
-15145
-13517
-11256
-8139
-8035
-8482
-7573
-7843
-6549
-4307
-3793
-2785
-8286
-15864
-6701
4092
1886
8048
18352
13780
8863
13507
17581
14679
7447
5704
4020
-8445
-14034
-7336
-10839
-18444
-15286
-12073
-10731
-5760
1350
8418
8942
9823
18018
19057
15032
16164
13895
7020
618
-3150
-4415
-10092
-15734
-16423
-19461
-19037
-12061
-7622
-795
5621
2578
4703
10881
7313
8043
11662
3385
-2771
-3544
-6909
-6250
-4599
-3378
-1241
-3659
-3620
1803
4618
6019
8810
8719
4860
819
712
1556
-2501
-2833
-1124
-5076
-3888
145
667
2592
4903
8236
10294
11913
16791
16671
12712
12717
10781
4609
2896
1572
-5109
-8863
-10522
-13010
-11871
-10283
-9714
-7537
-7414
-8170
-6775
-8212
-11254
-11936
-12840
-12769
-10148
-8300
-8730
-12669
-15469
-6896
5641
10435
15451
20817
17470
13495
15180
18342
17806
8436
-56
-2800
-11137
-15854
-10106
-10892
-16737
-16496
-13284
-8379
-1588
6277
13114
13305
12246
16561
18625
16987
16220
12223
4980
-1592
-5757
-6157
-9170
-15017
-16465
-18307
-18229
-10557
-4942
-29
5625
3954
4639
10335
9921
8947
9798
4406
-2266
-5128
-4869
-3708
-5420
-3768
-1316
-6116
-6029
1680
2523
2029
6280
3321
31
1344
-561
1312
599
-4437
-2091
-1963
-2525
1203
1844
3895
6790
7707
9689
12607
15489
14616
10920
10366
9732
5610
3805
1991
-4971
-10372
-11292
-11649
-10836
-9048
-7707
-5899
-5370
-4960
-3313
-4596
-7230
-8994
-12230
-13600
-11474
-10289
-10597
-12273
-15816
-14041
-2830
6597
10756
17522
19243
13990
15071
19335
19532
13962
3882
-739
-6277
-15045
-11469
-8923
-16081
-16349
-14238
-11690
-3510
2357
8959
14405
11866
13400
18531
17642
16333
14545
8617
1778
-4548
-6279
-6022
-12756
-17225
-15565
-17191
-14502
-6742
-1562
4749
5863
4541
11113
11859
9805
13665
8655
-23
-3219
-4148
-3784
-6198
-5562
-4388
-9201
-9444
-6370
-3120
-2070
-2396
1088
-1618
-3482
2291
3798
396
2992
5131
584
4565
6130
4122
5594
2546
6177
9797
6794
8374
10645
6529
4292
6852
5836
4216
2927
-18
-2429
-4519
-5531
-4741
-3994
-3556
-2764
-1750
-767
-1240
149
-199
-5462
-9394
-12967
-16009
-15987
-14675
-14446
-12866
-11843
-14499
-13340
-5464
6321
11795
13383
20577
18104
14065
19164
17540
13277
6264
-1209
-2840
-10446
-14571
-10363
-13400
-18743
-15652
-9185
-4075
1007
7158
13885
13112
11158
18497
18975
14053
14389
8555
293
-2825
-6155
-7788
-8491
-12964
-12834
-11239
-12760
-3538
2804
2498
10250
9005
5985
11215
8397
6021
6144
1524
-3653
-7740
-8841
-9260
-11060
-11475
-9179
-9816
-10689
-6551
-4040
-1989
699
1931
3457
4031
3922
5801
5772
5393
6158
2770
2127
2564
247
-1374
239
1704
-988
2589
5582
5269
6916
7194
9164
7793
6823
7627
4632
2174
444
-674
-880
-1711
-1341
-180
-1727
-1576
447
-521
-450
-105
-3083
-6309
-8949
-12062
-14300
-15863
-16135
-15210
-15809
-16724
-18049
-17102
-7379
2376
6536
14553
20226
17772
18881
22016
19943
15347
8565
1516
-5047
-12634
-14667
-13016
-17075
-19813
-15799
-11831
-6904
270
6218
10700
12956
15106
19408
19984
17290
16045
11643
5279
1250
-1810
-3362
-4478
-8984
-11261
-8596
-8916
-5658
-718
719
4245
1817
2524
6910
2482
3179
3018
-3967
-6383
-8968
-9675
-7971
-7889
-5768
-3953
-4887
-3719
49
544
1861
3172
2022
1286
-634
-326
17
-1487
-1586
-500
-417
-543
-1072
-1072
-1672
-830
3538
-540
3419
7547
46
4997
7318
6574
8692
9478
10003
7175
7168
5137
4877
4952
1989
1242
198
-1607
-2967
-1582
-2116
-2408
-591
-1982
-1439
1538
852
850
2832
331
-2598
-4308
-8047
-12438
-16391
-19099
-19700
-19021
-18353
-14948
-13177
-15345
-11464
-997
7222
12950
20345
22000
18971
19483
18231
16745
13856
5081
552
-3264
-11265
-10010
-7571
-12098
-11397
-9105
-7131
-1907
3250
8748
11811
11829
14173
16895
15853
15315
13412
7559
2792
-2156
-5009
-5306
-8847
-12199
-14072
-15167
-12533
-10129
-7232
-1826
-1763
-2876
1565
3334
2205
4587
5804
2483
-659
-1384
-1347
-1590
-1868
-1500
-1654
-3597
-4199
-3229
-3195
-3034
-2767
-3455
-3391
-2451
-1701
396
1464
2304
3087
3083
5026
4692
3728
5092
6020
3022
3089
6123
3035
3218
2512
354
541
-1585
632
438
-3251
-3221
-2637
-2986
-1224
1071
578
1312
1648
1377
2442
2760
2536
490
-1323
-1318
-2512
-2942
-2550
-4040
-5027
-5968
-6067
-5127
-4876
-3166
-2711
-2353
137
2173
5176
8109
9288
9124
8363
8590
9167
8070
5666
3997
348
-4418
-5270
-5859
-7935
-8842
-8887
-9129
-9280
-6147
-2044
-928
-593
1045
3297
4174
5786
8553
8113
5612
4539
4016
2167
925
650
-2214
-5090
-5604
-6030
-5395
-4850
-4666
-3764
-4496
-3763
-1001
-516
350
1808
1504
1857
2574
2556
2862
1864
429
833
-281
-948
400
-1045
-1306
-441
-1307
437
943
1019
3026
2667
3899
4661
4572
5295
3201
2791
1885
-606
-129
321
-1501
-1000
-345
-2791
-1440
-1350
-1356
1485
-675
-637
872
-918
-388
10
-1130
-1918
-3360
-3386
-3780
-5949
-5683
-6393
-7725
-6062
-5728
-4069
-1711
-2076
571
2881
3604
6714
7891
7491
8038
7764
6439
6388
5820
2922
1242
83
-1903
-2272
-2103
-2370
-2207
-2330
-854
304
345
2141
2724
2935
2947
3027
3478
1323
754
357
-1821
-2357
-3325
-3363
-2736
-3573
-2575
-1112
-1090
-288
1240
1577
467
551
1270
-242
-842
-78
-1791
-2903
-2614
-3114
-3433
-3849
-2798
-2159
-2632
-723
319
729
1860
1976
2865
2033
583
1532
726
-1111
-1444
-1486
-1699
-2041
-1360
-165
-1210
-1490
649
1347
2242
4241
4538
3543
4029
4813
3587
3140
2004
13
-21
-1752
-2648
-912
-2215
-3021
-1465
-2743
-3359
-1395
-1779
-2093
-1136
-1950
-1593
-469
-392
30
325
1052
807
941
2629
1755
1596
2455
1664
2144
1686
750
878
-413
-772
-36
-639
-549
638
937
920
1350
1605
1095
725
590
-174
-238
-366
-1234
-1055
-1416
-2347
-1799
-1836
-2516
-2427
-2853
-2655
-1606
-1499
-583
1128
1289
1236
1595
1505
1841
1807
1349
1363
-119
-1491
-781
-1158
-1904
-1578
-2017
-1924
-1024
-186
1141
1857
2643
3621
3507
4121
4519
3494
3106
2003
198
-252
-798
-1033
-435
-898
-1384
-950
-847
-506
391
368
-554
-1139
-1257
-1621
-1851
-1936
-2427
-3998
-5967
-4968
-2842
-2179
-200
2135
1554
1534
3010
3801
4406
2075
1051
445
-2639
-2536
-2407
-2264
-2723
-3735
-1838
-800
-235
2497
4505
3777
4385
4830
4418
4777
3189
1997
433
-1362
-1698
-2308
-2060
-2269
-3071
-2550
-1548
-617
182
1751
2544
1152
810
1260
341
-275
266
-292
-1916
-2761
-2809
-2306
-2378
-2060
-610
-995
-1929
-746
35
-353
417
1810
1825
1146
1502
1516
715
764
563
396
579
-732
-1125
181
-405
-1080
-64
-239
-872
-798
-759
-298
236
140
465
931
708
1342
1490
2060
2511
1056
2181
2707
1423
2117
1723
361
170
-840
-2126
-1713
-2363
-2906
-1974
-2113
-1896
-1264
-659
189
-44
-393
292
233
-322
55
636
368
-326
235
-230
-857
-513
-784
320
-199
-753
1181
687
102
1761
1571
544
1343
889
367
1053
357
413
750
-374
-850
-753
-1195
-1784
-2178
-1473
-419
-715
-182
1078
409
33
1070
705
-302
-375
-665
-1076
-1222
-614
54
76
152
-94
-407
-457
140
654
572
160
267
621
-364
179
382
-716
-162
-462
-452
526
737
825
776
719
729
747
643
257
-92
-308
-628
-100
639
440
933
1353
592
563
1296
1392
897
414
217
-101
-408
-339
-633
-1057
-1128
-1391
-1249
-812
-1193
-1152
-513
-929
-1044
-296
-351
-307
-137
-829
-621
-88
-553
-186
552
222
59
829
1410
1370
1451
2010
1968
1084
1023
1311
877
-108
-299
-421
-1296
-1593
-1211
-707
-1501
-769
-249
-823
382
-91
603
962
-383
123
-24
-424
-423
-68
-385
-786
-157
-278
-464
-561
-654
-1226
-1410
-328
-365
-174
388
308
970
1341
2008
2461
1847
1360
896
900
417
174
253
-723
-1006
-1131
-719
-431
-1258
-983
-1536
-2057
-1381
-1341
-759
-151
-373
-166
1084
1520
1633
2477
1979
1266
1515
1416
1129
942
301
-151
-470
-1390
-1404
-944
-1864
-2143
-1247
-1758
-1903
-576
-335
32
1122
1294
1740
2280
2224
2443
2034
1434
1278
319
-282
-326
-1236
-1708
-1410
-1313
-953
-438
-198
-235
-504
-409
-64
-8
129
282
213
73
156
603
1010
952
523
174
-557
-1149
-891
-1168
-1890
-1607
-2219
-2877
-660
-757
-1443
724
-18
-427
1198
1172
1144
1269
852
434
284
593
1023
1025
1010
856
818
1024
616
548
96
-818
-597
-848
-1051
49
267
502
1294
981
1200
1213
357
476
-296
-1278
-988
-1520
-1628
-1113
-1588
-1359
-815
-1045
-709
-345
-456
-88
50
360
1340
1297
1218
1807
1405
730
385
-205
-836
-1562
-2041
-2224
-2522
-2185
-1272
-662
223
1240
1649
1969
2173
2167
1980
1654
1240
762
684
537
664
813
476
699
635
346
367
-70
-301
-365
-542
-397
-207
-123
-136
-161
-115
108
19
-473
-358
-388
-1092
-1337
-1139
-1310
-1482
-1015
-448
-278
-122
451
738
491
345
261
-132
-552
-930
-1143
-672
-939
-645
593
343
817
1474
1042
1089
727
266
127
-401
-534
-307
-319
-31
2
34
292
20
239
406
-131
-398
-474
-775
-781
-300
-225
-227
-178
-371
-188
-73
-252
-205
-282
-968
-1038
-297
-664
-570
519
82
-12
680
309
45
-72
-434
-754
-781
-507
-168
609
827
1090
1732
1590
2040
2389
1926
1516
1045
861
464
595
1084
484
536
660
153
355
-202
-434
96
-572
-290
573
371
787
1196
1146
1127
849
328
-452
-726
-1636
-2706
-2478
-2762
-3144
-2584
-1736
-1771
-1760
-852
-648
-301
76
191
515
56
15
498
385
654
971
1158
1343
940
1340
1221
665
698
-318
-700
-925
-1387
-1122
-690
-833
-531
640
-71
507
1220
237
1012
621
185
925
433
681
1396
632
309
410
-507
-848
-977
-1377
-1680
-1951
-1557
-1314
-1437
-1057
-540
-551
-601
-42
473
209
-129
373
481
-349
-185
299
-133
-507
-321
3
-154
36
272
311
777
496
864
1867
1437
1575
2195
1976
1970
1827
1560
1322
566
-22
-122
-210
-382
-178
328
557
665
870
1276
1411
843
744
476
-733
-1201
-1326
-1845
-2189
-2169
-2138
-2427
-2157
-1687
-1182
-336
-268
-25
492
57
200
816
657
563
718
692
357
292
527
188
-94
-245
-659
-863
-1068
-930
-532
-458
-110
225
306
459
534
550
470
398
415
253
-134
107
237
216
943
927
698
447
207
-7
-1018
-1134
-1524
-2515
-2421
-2388
-2129
-1460
-1170
-369
439
448
874
1336
1360
1194
924
1222
1083
524
699
569
0
-54
-465
-848
-532
-977
-987
-68
-108
124
1153
1561
1805
2271
2514
2527
2217
1745
1354
968
480
-34
-138
-327
-839
-779
-650
-828
-616
-466
-543
-635
-978
-1003
-1065
-1439
-1292
-1236
-1454
-1314
-1086
-922
-653
-230
-28
89
289
173
293
505
373
358
397
331
134
245
314
-68
4
-3
-249
-148
-197
-66
196
163
185
404
465
289
470
443
150
96
-183
-153
79
123
401
578
592
726
589
461
727
362
-148
14
-504
-1195
-1069
-1266
-1473
-1361
-1570
-1427
-1244
-1166
-514
-100
277
758
720
960
1054
801
1039
862
579
574
17
-131
-42
-425
-211
-48
-334
-136
-85
-59
420
598
682
1114
1236
1096
1409
1614
1470
1434
1418
1294
933
650
477
123
-416
-799
-742
-1172
-1568
-1225
-1545
-1815
-1431
-1551
-1434
-1052
-1039
-767
-419
-256
-74
314
418
267
449
187
-211
-250
-356
-501
-554
-385
-481
-627
-485
-438
-262
-62
22
332
520
400
598
827
720
713
688
587
469
127
68
293
6
-101
339
234
6
229
324
218
118
142
205
-57
-165
31
-133
-117
-55
-290
-225
-309
-686
-429
-224
-809
-288
86
-530
58
353
143
358
418
295
82
-75
-317
-281
-449
-591
-241
-384
-350
132
231
416
673
609
660
640
588
779
805
803
884
824
706
748
703
541
544
388
170
18
-187
-300
-535
-797
-783
-989
-1274
-1091
-1146
-1224
-935
-863
-663
-337
-295
-154
244
289
291
664
657
548
599
519
496
260
-97
-197
-470
-850
-910
-894
-845
-897
-866
-464
-339
-366
42
386
330
427
665
746
668
526
608
455
151
143
132
86
-24
-54
61
-4
-140
-21
137
49
94
346
400
359
423
452
379
189
-27
-80
-238
-531
-448
-343
-379
-212
55
246
223
342
450
207
9
75
-191
-514
-235
-432
-534
-218
-317
-106
35
121
416
409
491
683
612
402
478
483
112
82
190
-17
-191
-210
-176
-460
-751
-617
-751
-1038
-910
-664
-606
-548
-139
205
170
343
597
481
397
400
258
190
111
25
105
88
45
117
108
60
-3
-91
-122
-180
-286
-293
-242
-219
-138
-87
2
116
95
168
278
255
203
151
126
47
-72
-95
-67
-76
-91
-87
-52
-41
-170
-198
-89
-226
-264
-80
-44
30
195
398
534
522
579
500
315
209
-86
-296
-362
-558
-587
-426
-304
-167
-11
185
372
346
298
438
411
157
228
311
65
119
208
133
127
133
139
57
51
-99
-132
-35
-258
-182
-22
-122
-50
71
35
-40
-122
-190
-292
-487
-528
-512
-583
-553
-368
-219
-105
102
212
286
258
135
175
-3
-213
-123
-189
-236
-106
-25
123
180
187
335
284
111
120
51
-71
-71
-112
-96
-53
-84
-46
-9
33
74
40
146
218
112
147
201
123
87
63
53
-24
-165
-150
-143
-247
-275
-214
-167
-202
-134
43
116
182
334
417
392
383
322
198
113
-32
-148
-175
-229
-243
-202
-130
-47
76
167
193
325
339
310
380
273
245
194
-4
-17
-143
-307
-294
-370
-373
-330
-250
-104
-69
100
240
256
321
392
335
205
256
74
-65
-47
-281
-314
-357
-493
-457
-450
-446
-388
-298
-238
-211
-102
-12
-51
24
135
58
68
155
120
110
159
165
150
134
102
81
43
-5
-7
-51
-42
-57
-104
-29
-77
-104
-39
-79
-52
9
4
66
139
135
182
208
182
152
77
78
20
-87
-38
-53
-114
-69
-44
-7
-4
-16
80
73
24
104
103
55
59
37
46
3
-64
4
30
-33
50
177
127
144
254
235
176
181
193
128
46
18
6
-63
-193
-174
-181
-341
-278
-234
-308
-209
-164
-149
-52
-17
3
51
56
66
54
37
86
34
1
64
-7
-80
-28
-104
-198
-98
-184
-225
-81
-130
-105
15
40
80
136
174
192
176
156
145
104
43
-25
-38
-55
-123
-120
-72
-69
-90
-11
65
30
69
127
103
102
87
77
70
12
-15
-24
-73
-108
-112
-115
-104
-80
-37
27
44
79
120
91
85
82
22
9
3
-47
-41
-30
-46
-29
-12
-13
1
5
0
15
29
30
64
107
133
183
226
232
258
240
191
152
54
8
-64
-168
-151
-178
-218
-156
-123
-102
-74
-55
-29
-59
-104
-105
-133
-171
-175
-166
-113
-102
-87
4
-7
-30
-4
-54
-67
-83
-132
-76
-53
-52
23
71
120
133
135
192
137
78
123
58
-5
34
-3
-23
27
2
1
35
4
-15
-21
-45
-55
-65
-39
3
42
97
154
185
192
169
116
53
-32
-109
-150
-186
-162
-128
-84
28
82
118
185
175
154
108
22
4
-69
-166
-121
-136
-191
-126
-95
-106
-75
-49
-24
-13
-10
31
65
76
114
175
199
205
223
211
157
96
46
-17
-88
-113
-131
-147
-111
-98
-73
-20
-33
-24
-3
-51
-68
-72
-106
-103
-92
-73
-37
-17
25
36
14
9
-36
-88
-115
-148
-153
-135
-110
-44
9
58
154
190
211
261
249
219
202
147
121
79
23
46
-3
-29
-2
-72
-81
-101
-176
-166
-178
-220
-153
-99
-85
29
95
126
191
184
175
142
65
17
-42
-108
-130
-131
-118
-85
-45
12
58
74
98
113
86
70
64
30
22
17
-3
11
0
-29
-35
-66
-113
-133
-154
-172
-149
-113
-70
6
71
124
180
199
193
180
133
76
36
-19
-59
-68
-81
-76
-58
-55
-42
-38
-54
-58
-69
-76
-67
-53
-20
16
46
87
104
98
96
58
9
-33
-93
-130
-152
-171
-142
-103
-76
-4
56
76
122
147
130
137
127
107
108
94
82
87
61
40
21
-24
-67
-105
-138
-159
-170
-147
-115
-81
-26
24
52
78
89
68
53
10
-32
-54
-100
-111
-100
-98
-73
-27
-1
24
58
65
71
78
66
68
72
63
74
85
80
84
78
60
39
8
-19
-51
-77
-86
-95
-88
-61
-42
-8
27
47
65
75
67
60
50
24
13
3
-22
-24
-30
-54
-50
-61
-85
-78
-98
-107
-91
-104
-84
-51
-42
-5
28
40
67
72
66
67
41
25
16
-8
-14
-10
-14
-3
11
16
29
33
31
38
28
21
28
29
26
44
54
54
64
61
43
29
3
-25
-43
-64
-69
-58
-51
-23
7
28
47
59
54
39
15
-12
-42
-76
-81
-101
-99
-77
-79
-49
-37
-40
-26
-37
-53
-57
-65
-75
-58
-41
-17
27
60
96
128
141
140
132
103
67
35
-7
-35
-49
-60
-51
-29
-9
25
57
79
105
118
118
123
105
84
65
27
-1
-29
-72
-93
-118
-144
-143
-151
-145
-117
-100
-65
-28
-8
26
42
43
51
33
12
-5
-38
-59
-76
-95
-90
-87
-70
-41
-16
23
53
76
105
111
114
118
95
85
71
41
35
20
0
5
-9
-17
-6
-20
-16
-4
-14
4
12
13
38
42
49
69
60
66
65
47
46
30
12
13
-9
-19
-23
-54
-62
-83
-118
-126
-151
-174
-160
-165
-144
-96
-73
-15
32
60
103
110
108
100
68
34
2
-33
-58
-67
-75
-62
-42
-22
11
38
62
88
101
111
116
111
105
94
76
60
39
12
-12
-40
-66
-84
-99
-104
-100
-91
-75
-52
-30
-4
18
34
47
49
43
34
16
5
-11
-24
-25
-34
-33
-25
-27
-17
-10
-10
5
1
3
13
5
17
24
21
40
40
39
51
36
32
27
3
0
-12
-27
-20
-25
-21
-5
-1
16
31
40
53
56
57
58
48
43
33
19
14
-3
-14
-28
-48
-64
-84
-105
-116
-125
-125
-111
-92
-62
-27
11
46
72
93
99
94
81
55
26
2
-28
-44
-49
-54
-46
-30
-18
-2
12
21
27
30
30
28
25
26
26
27
28
28
23
16
5
-10
-25
-39
-52
-58
-57
-52
-41
-25
-10
4
14
20
20
19
12
7
2
0
2
7
14
18
22
21
16
5
-8
-23
-35
-42
-42
-34
-19
1
24
46
62
73
75
68
54
37
17
-1
-15
-23
-26
-23
-16
-8
-1
6
10
10
7
5
2
2
1
2
5
6
6
1
-6
-17
-31
-47
-61
-71
-74
-71
-62
-45
-25
-4
16
30
41
45
44
38
30
20
13
5
-1
-6
-9
-9
-5
-3
-2
-5
-9
-11
-9
-5
-2
4
7
15
22
30
34
34
31
24
17
8
-2
-10
-16
-20
-21
-20
-17
-13
-10
-7
-4
-3
-2
-1
-1
-1
0
0
0
1
1
1
0
-1
-3
-5
-6
-9
-10
-10
-8
-5
1
5
12
19
23
26
28
26
23
18
12
5
-1
-7
-12
-15
-18
-19
-21
-20
-20
-18
-16
-13
-9
-4
0
4
7
10
11
10
8
4
1
-5
-9
-12
-13
-12
-10
-7
-4
2
6
9
12
13
13
12
11
9
6
3
1
-2
-5
-6
-8
-8
-9
-8
-7
-4
-1
4
9
15
20
23
25
23
20
15
8
1
-4
-10
-14
-17
-18
-17
-18
-17
-15
-12
-11
-9
-6
-3
0
4
7
9
12
14
14
12
10
6
0
-4
-7
-11
-11
-11
-10
-8
-5
-2
3
4
7
9
10
11
11
13
12
13
13
12
11
7
3
-3
-8
-13
-19
-22
-23
-23
-21
-19
-15
-12
-8
-7
-4
-3
-1
-1
-1
-1
-1
1
1
1
1
3
3
4
4
4
4
3
3
3
4
5
7
7
9
8
7
5
3
0
-4
-6
-7
-10
-10
-9
-6
-2
4
10
14
19
22
22
20
17
12
7
2
-2
-6
-9
-10
-11
-11
-11
-9
-8
-7
-6
-4
-2
0
2
3
5
5
5
5
4
3
2
1
0
-2
-1
-1
1
3
6
9
11
10
10
8
5
3
1
0
0
0
0
0
1
1
1
-1
-4
-8
-13
-19
-24
-28
-31
-32
-30
-29
-24
-19
-14
-9
-5
-1
1
4
4
4
4
4
4
3
4
4
5
5
5
6
6
7
8
10
11
12
13
14
15
13
12
10
8
5
2
0
-3
-4
-3
-2
1
5
7
9
11
11
9
7
4
0
-4
-6
-10
-12
-12
-11
-9
-6
-3
-1
0
1
3
3
2
2
1
1
0
0
0
0
0
0
1
1
0
0
1
2
3
6
8
8
9
9
8
6
3
1
-1
-4
-6
-8
-9
-8
-9
-9
-9
-11
-13
-15
-17
-20
-22
-22
-23
-20
-17
-15
-10
-6
-2
1
4
6
7
8
7
8
6
5
5
2
3
3
4
6
8
10
12
15
18
21
23
26
26
26
26
23
20
15
12
6
2
-2
-5
-6
-8
-8
-8
-8
-8
-9
-9
-11
-12
-13
-15
-17
-18
-20
-21
-20
-20
-19
-17
-15
-13
-10
-8
-6
-4
-3
0
4
5
7
9
11
11
12
12
12
13
15
14
14
14
13
12
13
11
11
12
11
9
8
7
4
3
1
0
-1
-2
-3
-4
-5
-8
-12
-14
-18
-19
-20
-21
-20
-19
-18
-15
-12
-8
-5
-2
0
1
2
3
3
3
3
3
3
2
2
2
3
4
6
9
12
13
18
19
22
23
23
23
20
16
12
7
2
-1
-7
-9
-12
-13
-14
-14
-13
-14
-14
-14
-13
-14
-14
-14
-13
-14
-14
-13
-15
-14
-12
-11
-9
-6
-4
-2
0
2
3
4
5
4
6
6
6
8
8
9
11
13
17
17
18
18
19
19
17
14
13
11
8
6
4
1
0
-1
-3
-4
-7
-7
-8
-8
-8
-8
-8
-9
-9
-9
-9
-10
-11
-12
-13
-14
-13
-12
-10
-8
-5
-3
-2
0
0
1
0
-1
0
1
2
2
3
4
6
8
10
12
13
14
13
13
13
13
12
10
8
5
4
2
1
-1
-2
-4
-5
-6
-6
-7
-7
-6
-6
-4
-5
-5
-5
-5
-6
-7
-8
-8
-9
-9
-9
-8
-7
-7
-6
-5
-5
-1
0
0
1
1
2
3
3
4
6
6
7
8
10
10
10
9
9
8
7
7
6
6
5
4
3
2
1
0
0
-1
-1
-2
-1
-2
-3
-4
-5
-5
-5
-6
-6
-7
-8
-8
-8
-8
-5
-5
-3
-2
-1
-1
0
0
0
1
-1
0
1
-1
1
1
2
3
4
5
6
6
7
7
7
5
6
4
4
4
3
2
2
0
1
1
1
1
1
1
0
1
1
0
-1
-3
-4
-5
-7
-9
-9
-9
-9
-9
-9
-8
-7
-7
-6
-5
-5
-4
-5
-4
-3
-3
-2
-1
0
0
1
1
3
3
5
5
7
8
7
9
8
8
7
5
5
5
4
4
2
3
3
4
4
4
2
2
1
0
-1
-1
-2
-3
-3
-4
-4
-5
-4
-5
-3
-4
-4
-4
-3
-3
-3
-2
-3
-4
-4
-3
-3
-3
-3
-2
-1
0
1
1
2
1
4
4
5
6
7
8
8
8
9
8
8
6
7
6
5
3
2
2
1
1
-1
-3
-3
-3
-4
-5
-5
-5
-7
-7
-6
-6
-7
-5
-6
-4
-5
-5
-5
-4
-4
-4
-3
-3
-3
-2
-3
-1
-1
-1
0
0
2
1
3
4
4
4
4
4
4
4
4
5
3
3
2
2
1
1
0
2
2
2
3
2
1
2
1
1
0
0
-1
-1
-2
-2
-3
-3
-4
-2
-3
-3
-4
-4
-3
-4
-3
-2
-3
-2
-1
-1
-2
