SAMPLES:	15366
BITSPERSAMPLE:	16
CHANNELS:	1
SAMPLERATE:	16000
NORMALIZED:	FALSE
1
-1
-1
0
0
0
0
-1
1
-1
0
0
-1
3
-3
3
-3
2
0
0
0
-1
1
1
0
0
0
0
0
0
0
0
0
1
0
0
0
0
0
0
-1
0
0
-1
0
0
1
0
0
1
0
0
0
1
0
0
0
0
0
0
1
-1
0
0
0
1
0
-1
0
0
0
0
0
-1
0
0
0
0
1
0
0
1
0
0
0
1
0
0
0
0
0
1
0
0
0
0
0
0
0
1
0
0
0
0
-1
0
0
-1
-1
0
-1
0
0
0
1
1
0
0
0
-1
2
-1
0
0
0
2
-1
1
1
-1
2
1
-1
3
-3
3
-3
1
-1
0
0
-1
0
0
1
0
0
0
0
1
0
1
0
0
0
0
-1
0
0
0
0
0
-1
0
0
0
1
1
0
0
-1
0
0
1
0
0
-1
1
0
0
0
0
-1
0
0
0
0
0
0
0
0
0
0
0
1
0
0
0
-1
0
1
0
0
1
-1
0
-1
-1
0
0
0
0
0
0
0
0
-1
0
-1
1
0
1
1
0
0
0
0
0
0
0
0
0
0
0
0
0
0
1
0
-1
1
-1
0
0
0
1
-2
0
1
-2
1
0
-1
3
-3
3
-3
3
0
0
0
0
0
0
0
0
-1
0
0
0
0
0
0
-1
-1
0
0
0
0
0
1
0
1
-1
0
0
-1
0
1
1
2
1
1
1
1
1
1
1
2
1
2
0
0
0
-1
-1
0
0
0
0
1
0
-1
0
0
0
0
1
0
-1
0
0
0
0
0
1
0
-1
-1
-1
-1
-1
-1
-1
-1
0
1
0
0
0
0
0
0
0
0
0
0
0
0
0
-1
-1
0
0
0
0
0
0
-1
0
1
-2
0
0
-1
0
-1
0
2
0
3
2
0
4
-3
4
-3
2
-1
-1
1
1
2
1
1
0
2
0
0
0
-1
0
0
0
0
0
0
-1
1
0
0
-1
0
-1
-1
0
-1
-2
-1
0
0
0
0
0
0
0
-2
-1
-2
-1
-2
-2
0
0
0
1
0
0
0
0
0
1
0
-1
-1
0
0
0
0
0
0
0
-1
0
-1
0
1
0
0
0
0
1
0
0
0
0
0
-1
-1
0
0
0
0
-1
0
1
0
1
0
0
0
0
-1
0
0
0
-1
0
1
0
1
0
1
0
-1
0
-1
0
1
0
1
1
-1
2
-3
4
-3
2
-2
-1
0
-1
-1
-1
0
1
0
1
0
0
-1
0
0
2
1
2
1
1
0
1
0
0
0
0
0
-1
0
0
0
0
0
0
0
0
0
-1
0
0
0
0
0
0
0
0
0
0
1
0
1
0
0
1
0
0
1
0
0
1
0
0
1
0
0
0
0
0
0
0
0
0
1
1
2
2
2
1
2
1
0
1
-1
0
0
1
1
-1
-1
-1
-2
-1
-2
-2
-1
-2
-1
0
-1
0
-1
0
1
-1
1
-1
-1
1
-1
-1
0
-2
0
-2
-2
2
-4
3
-3
1
-1
1
1
0
0
0
0
-1
0
0
0
1
0
2
0
1
0
0
0
0
0
1
0
-1
0
-1
1
0
0
1
1
0
1
0
1
1
1
1
0
2
0
0
0
1
0
-1
0
1
1
0
-1
0
0
0
0
0
0
0
0
-1
0
0
0
-1
0
-2
-1
-2
-3
-2
-3
-3
-4
-4
-3
-3
-4
-3
-3
-4
-3
-2
-1
0
1
0
0
0
1
1
2
3
2
2
1
1
0
1
0
-1
-1
-1
-1
0
-1
-1
-2
-1
-1
-1
-1
-1
-1
-1
-1
1
0
0
0
0
0
-1
-1
-2
-1
-1
0
0
1
1
2
2
5
5
4
5
6
3
4
6
4
4
5
5
2
4
2
1
1
0
-1
-2
-1
-2
-3
-2
-1
-1
-1
0
-1
0
2
2
2
3
3
2
3
5
4
5
6
6
5
7
5
2
0
0
-2
-6
-7
-8
-13
-15
-14
-22
-25
-26
-33
-36
-36
-38
-40
-36
-30
-29
-26
-18
-15
-15
-7
-2
-2
0
8
6
4
8
8
3
6
7
3
0
3
0
-4
-1
0
-4
-2
6
6
11
27
32
41
57
79
97
122
168
190
203
253
262
254
297
302
277
274
256
204
131
100
56
-68
-100
-122
-256
-293
-318
-449
-505
-556
-641
-669
-719
-748
-736
-757
-726
-677
-662
-571
-496
-478
-374
-290
-293
-218
-131
-133
-94
-29
-24
-16
6
25
40
39
73
135
120
170
267
269
329
448
508
560
702
808
881
1077
1231
1357
1477
1618
1721
1649
1742
1768
1518
1501
1440
1114
974
794
459
212
-80
-328
-623
-960
-1060
-1389
-1739
-1723
-2049
-2350
-2282
-2471
-2619
-2535
-2517
-2444
-2349
-2200
-1901
-1821
-1647
-1209
-1145
-989
-546
-480
-386
-96
-29
22
88
242
252
172
485
398
382
687
597
733
861
957
1155
1185
1353
1659
1707
1732
2179
2235
2185
2550
2629
2561
2588
2745
2603
2294
2575
2237
1606
2061
1425
596
1159
218
-498
-109
-1178
-1510
-1560
-2527
-2381
-2865
-3601
-3018
-3624
-4115
-3275
-3695
-4015
-3186
-3286
-3393
-2710
-2556
-2431
-1952
-1709
-1379
-1060
-845
-374
-201
-92
370
489
492
769
1023
890
900
1462
1183
1005
1837
1505
1282
2125
1903
1815
2423
2356
2577
2878
2762
3362
3369
3018
3933
3633
3081
4075
3435
2840
3533
2653
2112
2205
1328
797
267
-398
-1013
-1879
-2318
-2934
-3731
-4125
-4519
-4913
-5398
-5442
-5260
-5718
-5508
-4819
-5021
-4755
-3801
-3678
-3421
-2467
-2147
-1828
-1104
-783
-341
8
184
732
728
738
1335
1127
1097
1566
1435
1440
1651
1874
1839
1925
2441
2406
2564
3019
3202
3438
3628
4090
4295
4292
4821
4777
4797
5047
4543
4835
4452
3648
4067
2991
2253
2291
951
431
-169
-1434
-1758
-2738
-3864
-3944
-4892
-5842
-5720
-6366
-6940
-6612
-6815
-6884
-6383
-6223
-5847
-5302
-4915
-4205
-3771
-3262
-2400
-2154
-1551
-930
-693
-85
-40
527
882
457
1371
1365
908
1798
1675
1526
2119
2107
2339
2685
2766
3163
3562
3540
3855
4572
4186
4538
5275
4659
5266
5251
4945
5630
4627
4845
5219
3718
4068
3984
2543
2512
1988
887
362
-538
-1326
-2033
-3169
-3820
-4329
-5335
-6125
-6081
-6660
-7605
-6805
-7156
-7647
-6507
-6717
-6317
-5555
-5202
-4407
-4007
-3077
-2553
-1992
-1138
-933
-80
130
314
1236
763
1048
1861
1171
1375
2041
1599
1587
2158
2117
1969
2553
2805
2718
3421
3494
3853
4572
4061
5130
5540
4535
5953
6057
4854
6007
5915
4692
5419
4997
3895
4134
3344
2442
2089
1067
244
-506
-1672
-2467
-3203
-4495
-5244
-5535
-6813
-7498
-7104
-8132
-8569
-7629
-8151
-8144
-7043
-6893
-6456
-5441
-4836
-4137
-3183
-2671
-1823
-829
-819
99
1017
517
1380
2019
1296
1971
2380
1750
2093
2515
2080
2176
2717
2437
2695
3179
3002
3793
3880
3825
5092
4725
4781
5983
5586
5670
6064
6109
6159
5393
5876
5824
4407
4732
4312
3228
2849
1590
1405
496
-1919
-1327
-2202
-5354
-4491
-5158
-7902
-7295
-7812
-9222
-9037
-9314
-9360
-9180
-9082
-8383
-7795
-7268
-6296
-5423
-4734
-3611
-2651
-2148
-1146
-154
253
644
1512
2109
1722
2252
2905
2287
2487
2789
2655
2719
2488
3021
3211
2745
3539
4157
3858
4341
5446
5459
5485
6711
6876
6838
7501
7448
7866
7498
6883
7809
6790
5548
6249
5249
3629
3392
2633
989
-274
-1163
-2348
-3905
-5468
-6168
-7036
-9060
-9631
-9586
-11103
-11488
-11006
-11418
-11381
-10793
-10097
-9597
-8936
-7655
-6865
-5912
-4677
-3863
-2762
-1768
-872
-199
453
1523
1660
1883
2769
2952
2871
3036
3725
3715
3270
4278
4601
4274
5008
5728
6094
6253
7050
8314
7883
8285
10235
9251
9179
10798
9863
9328
9563
9173
8208
7149
6566
5773
3878
2246
2071
-220
-2647
-3039
-4552
-6984
-8519
-8585
-10295
-12622
-11913
-12275
-14304
-13771
-12819
-13549
-13474
-12075
-11230
-11043
-9968
-8352
-7331
-6741
-5399
-3511
-3214
-2476
-375
-104
232
1870
2218
2407
3450
3960
4047
4706
5386
5540
6084
6766
7268
7726
8114
9242
9650
9494
10948
11429
10822
11834
12423
11624
11572
11977
11200
10058
9663
8849
7266
5775
4608
3092
902
-810
-2183
-4324
-6372
-7662
-9201
-11039
-12129
-13105
-14153
-14609
-15229
-15296
-14974
-15122
-14400
-13613
-12998
-11810
-10927
-9681
-8369
-7400
-6084
-4846
-3557
-2681
-1681
-196
276
1064
2251
2753
3484
4109
4823
5627
5874
6715
7439
7891
8723
8911
10028
10739
10434
11847
12378
12089
12782
13107
13134
12796
12537
12545
11858
10650
9959
9240
7380
5709
4691
2692
371
-1140
-3021
-5332
-7117
-9020
-10792
-12167
-13895
-15002
-15709
-16571
-16851
-17141
-16918
-16271
-16154
-15297
-13941
-13074
-12100
-10524
-8849
-8017
-6678
-4730
-3870
-2823
-1425
-119
776
1209
2769
3710
3729
4823
5907
6366
6759
7796
8733
8991
9854
10764
11350
12146
12736
13513
14059
14383
15015
14911
15027
15287
14560
14183
13787
12710
11491
10361
9132
6966
5098
3715
1198
-1313
-3098
-5201
-7815
-9964
-11464
-13633
-15424
-16301
-17672
-18583
-18822
-18920
-18708
-18179
-17249
-16755
-15735
-14043
-13215
-12034
-10245
-8783
-7467
-6215
-4559
-2910
-2261
-1098
789
1347
1782
3402
4369
4540
5380
6470
7159
7471
8170
9532
9871
10205
11557
12183
12460
13261
14065
14376
14679
15210
15278
15214
15196
14696
14222
13662
12545
11574
10467
8901
7399
5623
3704
1616
-656
-2587
-5005
-7564
-9158
-11337
-13850
-15073
-16332
-17997
-18864
-18754
-18864
-19609
-18863
-17512
-17592
-17103
-15286
-13766
-13217
-12083
-9390
-8019
-7737
-5444
-3296
-2843
-1979
-1
1389
1501
2504
4137
4814
4984
5800
7283
7412
7575
8980
9549
9920
10624
11260
12191
12682
12862
13603
14392
14295
14128
14868
14835
14074
14046
13906
13217
12013
11234
10819
8734
6951
6328
4115
1450
-14
-1894
-4838
-7092
-8617
-11080
-13338
-14704
-16033
-17428
-18701
-18687
-18562
-19375
-18842
-17575
-17416
-17037
-15444
-13741
-13245
-12000
-9311
-8308
-7347
-5201
-3419
-2233
-1591
392
1910
2079
3079
4479
5314
5274
6098
7387
7563
7763
8707
9718
9946
10208
11188
12005
12130
12463
13293
13765
13748
13856
14439
14465
13827
13730
13748
13142
12162
11269
10775
9430
7365
6311
4780
2191
312
-1526
-3708
-6023
-8567
-10180
-12023
-14592
-16071
-17154
-18339
-19273
-19558
-19060
-19244
-19407
-17852
-17136
-17074
-15294
-13818
-12393
-11197
-9550
-7221
-6446
-4814
-2882
-1706
-644
515
2078
2769
3413
4279
5352
5901
6067
7077
7743
7924
8642
9290
9626
10428
10603
11388
12429
12199
13058
13803
14034
14405
14338
14870
14940
14575
14152
13953
13767
11954
11225
10675
8199
6760
5096
2863
853
-1958
-4083
-6077
-9042
-11318
-13131
-15451
-17094
-18247
-19624
-20149
-20076
-20368
-20330
-19097
-18189
-18190
-16577
-14428
-13526
-12411
-10203
-7761
-6854
-5733
-3122
-1438
-1152
-83
2260
2952
2593
4032
5620
5330
5334
6751
7356
7078
7538
8653
9047
9055
9848
10837
11342
11557
12404
13404
13743
13923
14290
15270
15185
14235
15233
15212
13352
13300
12982
11279
9510
8228
7256
4314
1950
891
-2083
-5029
-6965
-8860
-11502
-14270
-15371
-16684
-18874
-19809
-19766
-19912
-20526
-20249
-18599
-18240
-18046
-16172
-14299
-13120
-12265
-9854
-7435
-6881
-5308
-2916
-1423
-854
140
2344
2972
2558
4075
5284
4836
4918
6056
6681
6310
6725
7759
8181
8439
8901
10043
10721
10708
11911
12674
12863
13788
14093
14585
15130
14928
14827
14997
14441
13429
12826
11875
10662
8544
7299
5798
2812
1181
-1130
-3723
-6095
-8451
-10705
-13132
-14673
-16853
-18073
-19029
-20473
-19966
-20038
-20619
-19361
-18381
-18151
-16764
-14978
-13431
-12189
-10507
-7950
-6766
-5519
-3053
-1697
-491
577
1699
3392
3278
3614
5359
5349
5013
5993
6852
6629
6745
7839
8398
8551
9039
10046
10913
10979
11809
12895
13158
13761
14254
14741
15272
15182
15138
15216
15064
14046
13035
12696
11258
9247
7804
6237
4021
1417
-617
-2601
-5664
-8163
-10044
-12425
-14650
-16763
-17823
-18986
-20548
-20223
-20075
-20667
-19964
-18679
-18167
-17380
-15606
-13879
-12659
-11318
-8745
-6990
-6110
-3810
-2001
-898
334
1369
2974
3585
3485
4959
5684
5159
5875
6773
6790
6966
7551
8097
8711
8666
9286
10746
10673
11177
12319
13157
13457
13463
15057
15016
14534
15635
15099
14664
14408
13168
12669
11260
9272
8310
5958
3691
1926
-1002
-3148
-5564
-8347
-10343
-12754
-14957
-16674
-18298
-19168
-20176
-20823
-19957
-20356
-20412
-18493
-18087
-17695
-15682
-13928
-12743
-11247
-9018
-6799
-5853
-4338
-1727
-871
36
1587
2612
3625
3691
4377
5642
5531
5414
6371
6961
6828
7117
7868
8616
8843
9098
10318
11306
11207
12081
13647
13763
14095
15159
15594
15759
15711
15548
15736
15034
13388
13050
12054
9506
8138
6486
4044
1622
-990
-2905
-5695
-8600
-10437
-12885
-15000
-17052
-18548
-18929
-20597
-21096
-19765
-20516
-20650
-18448
-17874
-17719
-15676
-13865
-12719
-11191
-9166
-7122
-5878
-4521
-2398
-1036
-330
1086
2362
3039
3555
4008
5019
5130
5191
6174
6149
6620
7329
7414
8434
9297
9264
10281
11806
11760
12509
14146
14367
14859
15694
15977
16254
16051
15797
15824
14882
13688
13061
11575
9572
7980
5758
3467
1231
-1594
-3707
-6181
-9113
-10942
-13306
-15570
-17020
-18588
-19387
-20440
-20739
-19863
-20600
-20083
-18117
-17980
-17350
-15265
-13566
-12601
-11146
-8562
-6759
-6123
-4183
-2038
-1333
-297
1151
2356
2915
3218
4277
5022
5090
5414
6175
6485
6730
7410
7830
8529
9290
9521
10521
11778
11844
12544
13985
14272
14543
15427
15756
15755
15849
15563
15211
14650
13356
12317
11022
9067
7262
5011
2975
639
-2205
-4087
-6741
-9350
-11281
-13640
-15511
-17139
-18309
-19235
-20156
-19912
-19546
-20268
-19093
-17402
-17615
-16483
-14346
-12661
-11898
-10016
-7283
-6096
-5135
-3459
-782
-660
-70
2633
2636
2828
3863
4727
5093
4942
5939
6601
6510
7079
7888
8296
9042
9756
10207
10905
12011
12653
12732
14273
15123
14212
15289
16644
15528
15163
15782
15025
13465
12367
11937
9890
7250
6187
3922
902
-1174
-3410
-6117
-8795
-10704
-12785
-15274
-16903
-18048
-19321
-20517
-20419
-19967
-20682
-19897
-18149
-17988
-17495
-15500
-13393
-12687
-11388
-8289
-6967
-6126
-3752
-2204
-1074
47
1155
2696
3152
3305
4487
5322
5140
5537
6685
6900
7042
7784
8343
9056
9425
10013
11188
11714
12356
13397
14070
14590
15284
15843
15719
16126
16389
15409
15325
14636
12972
12042
10497
8688
6691
4316
2208
-61
-2690
-5272
-7633
-9801
-12383
-14656
-15899
-17999
-18845
-19594
-20884
-19577
-20020
-20549
-18373
-17614
-18021
-16313
-13777
-13266
-12123
-9659
-7640
-6765
-5662
-2871
-1500
-1362
290
2240
2641
2788
4150
5428
5166
5270
6845
7088
6728
7791
8587
8645
9248
10245
10588
11328
12626
12586
13323
15231
14693
14673
16739
16226
15155
16085
15931
14339
13290
12936
11306
8698
7476
5806
2758
461
-1300
-3825
-6926
-8847
-10469
-13475
-15435
-16192
-17778
-19390
-19825
-19422
-19890
-20353
-18873
-17755
-17990
-16976
-14497
-13203
-12798
-10459
-8042
-7358
-6050
-3925
-2438
-1582
-505
951
2020
2479
2910
4083
4819
4707
5356
6131
6368
6716
7209
8143
8792
8920
9759
10925
11680
12057
12883
14380
14700
14302
15586
16701
15353
15204
16368
14981
13146
12888
12279
9694
7518
6667
4321
1090
-840
-2337
-5621
-8217
-9405
-12104
-14399
-15657
-16846
-18106
-19603
-19332
-18915
-20320
-19431
-17340
-17939
-17470
-15042
-13718
-13021
-11517
-8874
-7175
-6824
-4775
-2448
-1940
-840
724
1832
2646
2850
3994
5041
4919
5414
6374
6639
6795
7498
8048
8819
9454
9671
10735
11723
12007
12960
14059
14449
15057
15149
15791
16609
15365
15421
15901
14057
12738
12531
10975
8412
6848
5294
2437
-332
-1910
-4307
-7604
-9334
-11148
-13932
-15784
-16745
-17937
-19711
-20071
-19151
-20001
-20488
-18247
-17343
-18268
-16238
-13504
-13405
-12318
-9434
-7468
-6948
-5483
-2833
-1810
-1284
398
1822
2456
2754
3710
5067
5003
5137
6367
6615
6772
7344
7976
8699
9208
9801
10398
11405
12234
12446
13484
14827
14710
14770
16238
16165
15099
15901
15932
13990
13294
12965
10795
8855
7597
5404
2809
597
-1450
-3967
-6718
-8542
-10580
-13428
-15180
-16457
-18075
-19128
-19901
-19910
-19710
-20318
-19426
-17774
-17939
-17244
-14676
-13327
-12906
-10896
-8261
-7231
-6309
-4081
-2366
-1516
-378
1136
2504
2804
3155
4728
5534
5388
6158
7144
7372
7545
8377
9341
9687
10205
11155
11736
12503
13360
13644
14571
15653
15324
15440
16581
16182
15261
15666
15243
13421
12337
11623
9719
7446
5762
3820
1093
-1333
-3234
-5825
-8464
-10282
-12322
-14815
-16256
-17272
-18906
-19870
-19722
-19463
-20322
-19712
-17528
-17716
-17475
-15177
-13425
-12838
-11806
-8544
-7184
-7153
-4379
-2639
-2042
-760
733
1912
2556
3389
3951
5149
5684
5693
6693
7553
7439
7940
9228
9146
10393
10917
11018
12688
12721
13688
14334
14706
15625
15114
15761
16044
15344
15182
14412
13492
12253
10555
9167
7297
5254
3195
825
-1458
-3747
-5880
-8307
-10289
-12120
-14452
-15902
-17147
-18162
-19349
-19821
-18771
-19674
-19794
-17302
-17106
-17418
-15358
-13358
-12337
-11769
-9178
-6426
-6897
-5263
-2329
-1802
-1074
345
2168
2716
2630
4169
5396
5300
5766
6844
7262
7742
8432
8981
9612
10423
11231
11534
12141
13830
13948
13332
15811
16109
14396
16075
16536
15279
14573
14316
14122
11605
10074
9730
6880
4531
3070
692
-1924
-4082
-6124
-8745
-10908
-12461
-14716
-16948
-17079
-18179
-20384
-19408
-18629
-20078
-19604
-17195
-17090
-17362
-15189
-12997
-12630
-11922
-8580
-7039
-6693
-4854
-2834
-1072
-1169
432
3114
2543
2942
5343
5591
5575
7028
7376
7756
8837
9213
9313
10479
11721
11414
11766
13635
14368
13337
14719
16894
15314
15036
16745
16361
15174
14352
14528
13417
10557
9915
8811
5598
3682
1868
-825
-3293
-5424
-7691
-10329
-12218
-13891
-16294
-17903
-18240
-19388
-20862
-19760
-19170
-20808
-19691
-17445
-17677
-17470
-15143
-12909
-12714
-11576
-8260
-7026
-6638
-4443
-2444
-1447
-760
714
2421
2720
3175
4753
5704
5863
6715
7621
8075
8984
9278
9595
11232
11740
11251
12386
14073
13905
13696
15682
16243
15173
15888
16429
16056
15252
14315
14167
12573
10405
9417
7767
5364
3145
1083
-955
-3368
-5727
-7698
-9918
-11832
-13839
-15808
-16677
-17581
-19165
-19816
-18837
-19344
-20145
-18287
-16636
-17282
-16724
-13166
-12511
-12653
-9380
-7694
-7019
-5492
-4229
-2264
-961
-747
1057
2685
2790
3765
5012
6041
6614
6873
7966
8805
8957
9443
10480
11239
11429
11767
12860
14096
13958
14194
15846
15759
15244
16040
15863
15434
14823
13647
13010
11504
9672
8415
6568
4402
2206
-23
-1989
-4224
-6752
-8596
-10548
-12873
-14707
-16285
-16953
-18250
-20095
-19182
-18824
-20472
-19379
-17409
-17474
-17110
-15191
-12966
-12285
-11518
-8587
-6816
-6491
-4768
-2865
-1611
-672
232
1812
2884
3164
4075
5430
6375
6565
7088
8496
9143
9244
10196
11360
11878
11941
12916
14118
14021
14706
15862
15670
15789
16201
15928
15895
15284
14353
13680
11961
10669
9185
6967
5038
2733
767
-1773
-4000
-5702
-8495
-10597
-11788
-14391
-16648
-16414
-18163
-20148
-19235
-19589
-20452
-19853
-18689
-17979
-17671
-16367
-14341
-13072
-12128
-10135
-8084
-6797
-5643
-3999
-2048
-960
-390
1313
3039
3255
3892
5688
6788
7091
7717
8968
9950
10019
10645
12316
12730
12327
13739
15079
14527
15101
16655
16379
16130
16886
16752
16159
15684
15030
14013
12307
10929
9575
7264
5321
3342
613
-1423
-3519
-6153
-8111
-10062
-12292
-14229
-15929
-17050
-18064
-19581
-20033
-19503
-20111
-20515
-18968
-17944
-18301
-17043
-14933
-13930
-12853
-11232
-9312
-7603
-6395
-5508
-3226
-1220
-1284
419
2343
2895
3907
4839
6324
7410
7480
8298
9772
10276
10163
11487
13045
12027
12701
15078
13818
14348
16442
15712
15605
16293
16425
16058
14999
14598
14912
12099
10109
10835
7659
4973
4363
1615
-1011
-2642
-4941
-7486
-8981
-11204
-13565
-14780
-16315
-17246
-18713
-19598
-18712
-19604
-20112
-18625
-17476
-17638
-17066
-14557
-13523
-12736
-10867
-9501
-7641
-6153
-5590
-3656
-1289
-1092
-319
2087
3044
3159
4383
6013
6928
6920
7457
9368
9917
9398
11133
12592
11839
12675
14539
14315
14486
16087
16251
15793
16485
16825
16152
15517
15251
14580
12777
11330
10540
8278
5916
4655
2108
-582
-2088
-4537
-7138
-8762
-10831
-13183
-15056
-16198
-17091
-18874
-19972
-19217
-19423
-20628
-19552
-17712
-17944
-17595
-15263
-13852
-13137
-11449
-9727
-8179
-6660
-5805
-4257
-1957
-1333
-699
1564
2837
3183
4536
6068
7063
7643
8169
9851
10408
10498
11994
12497
12618
13770
14692
14357
15873
16531
15730
17070
16947
16716
16118
15775
15439
13170
12522
11007
9025
7320
5061
3360
858
-1406
-2875
-5397
-8048
-9213
-11556
-13942
-15044
-16949
-17858
-18868
-20302
-19745
-19817
-20555
-19364
-18378
-18103
-17029
-15713
-14112
-12698
-11557
-9778
-8020
-6705
-5741
-4080
-1639
-1056
-339
2198
3331
3659
5250
6992
7841
8281
9347
10860
11244
11559
13463
13860
13681
15572
15794
15773
17324
17413
17358
17551
17553
17450
16293
15910
15363
13260
11959
10662
8542
6834
4727
2394
78
-2119
-3929
-6676
-8872
-10112
-12663
-14841
-16049
-17258
-18199
-19752
-20127
-19326
-20379
-20515
-18530
-18026
-18126
-16708
-14861
-13719
-12727
-10861
-9181
-7778
-6347
-5374
-3267
-1568
-1035
572
2404
3106
4005
5643
6864
7860
8309
9524
10684
10890
12216
13012
13474
14185
14986
15460
15905
16612
16734
17158
16652
16903
16846
15492
15343
14216
12754
11345
9586
8021
5976
3899
1669
-666
-2568
-4664
-7239
-8972
-10745
-13033
-14806
-16266
-17317
-18227
-19574
-20083
-19083
-19849
-20373
-18087
-17479
-17779
-16429
-14320
-12970
-12539
-10446
-8453
-7547
-6148
-4897
-2735
-1342
-972
981
2598
3362
4378
5826
7229
7884
8390
9805
11034
11102
12218
13497
13646
14478
15340
15545
16394
16778
16843
17368
16872
17017
16607
15629
15444
13740
12519
11299
9290
7483
5374
3439
1036
-1441
-3425
-5478
-7972
-9989
-11731
-13760
-15469
-17239
-17820
-18601
-20452
-19965
-19319
-20389
-19643
-18069
-17678
-17023
-15704
-13876
-12656
-11916
-9692
-7867
-7302
-5589
-3770
-2643
-1184
224
1435
2987
4010
4791
6791
7626
7911
9642
10572
10706
11748
13383
13384
13816
15485
15421
16028
17042
16888
17547
17491
16877
17282
16296
15317
14840
13122
11841
9870
8063
6644
3993
1897
-274
-2449
-4778
-7287
-8871
-11161
-13536
-14758
-16609
-18225
-18556
-19897
-20610
-19820
-20139
-20587
-19267
-17902
-17914
-16905
-14893
-13219
-12531
-11327
-8646
-7342
-6411
-5080
-2835
-1129
-1141
882
3031
3430
4281
6058
7416
7828
8612
10048
11146
11397
12244
13469
14042
14754
15595
16102
16927
17347
17143
17896
17676
17061
17002
16031
15070
13577
12387
11094
8693
6993
5000
2625
358
-1965
-3607
-6042
-8738
-9976
-12220
-14359
-15404
-17502
-18055
-18688
-20674
-19838
-19324
-20591
-19299
-18019
-17974
-16822
-15791
-13566
-12390
-11955
-8875
-7793
-6987
-5049
-3754
-1598
-953
-202
2151
3188
3630
4983
6857
7710
7982
9433
10929
11293
11892
13480
14278
14397
15298
16057
16601
16912
16983
17682
17719
16810
16567
16466
15270
13654
12616
11322
9027
7187
5706
3430
1106
-1132
-3116
-4969
-7691
-9698
-11094
-13309
-15196
-16828
-17714
-18280
-20197
-20316
-18958
-20126
-20101
-18007
-17538
-17089
-15993
-13934
-12584
-12553
-10153
-8284
-7600
-6133
-4911
-2662
-1597
-1281
1097
2495
2983
4368
6001
7117
7841
8835
9915
11029
11559
12249
13599
14329
14662
15425
16613
17018
16943
17557
18010
17551
16920
16755
16107
14414
13137
12346
10200
7990
6532
4554
2158
-105
-1962
-4184
-6689
-8780
-10355
-12475
-14806
-15837
-17406
-18397
-19056
-20610
-19478
-19177
-20643
-18737
-17064
-17679
-16730
-14040
-12976
-12980
-10602
-8732
-7990
-6315
-5340
-3202
-1448
-1585
734
2773
2696
4029
6014
7103
7511
8687
10163
10796
11755
12510
13622
14747
14931
15915
16900
17179
17399
17769
18142
17708
17217
17221
16368
14584
13519
12561
10263
8133
6613
4623
1958
-538
-2233
-4473
-7037
-9100
-10955
-12969
-15014
-16494
-17876
-18593
-19882
-20987
-19729
-20041
-20865
-19049
-18115
-18090
-16920
-15232
-13586
-12829
-11382
-9237
-8135
-6534
-5405
-4053
-1584
-1484
-228
2495
2679
3667
5370
6719
7456
8195
10015
10451
11686
12554
12940
15087
14894
15141
17365
17392
16858
17842
18706
17704
16865
17644
16787
14619
13862
13249
11272
8672
7186
5988
2791
245
-1001
-3350
-5689
-8405
-10008
-11543
-14339
-15469
-17378
-17863
-18538
-21395
-19639
-19206
-21366
-19377
-17889
-18147
-17343
-15641
-13811
-13106
-11755
-9629
-8527
-7142
-5606
-4546
-2412
-1376
-807
1475
2354
3110
4595
6048
7040
7591
9472
10003
10807
12444
12675
13890
14826
15258
16638
17187
17317
18123
18481
18401
17946
17807
17456
15750
14755
13668
11726
9863
7696
5896
3504
950
-835
-3165
-5394
-7484
-9570
-11646
-13640
-14980
-16873
-17657
-18232
-20297
-19933
-19039
-20511
-19926
-17741
-17862
-17708
-15865
-13769
-13259
-12632
-9562
-8525
-7912
-6091
-4893
-2678
-2044
-1483
1114
2125
2202
3795
5992
6597
6739
8878
10057
10168
11693
12243
13743
15009
14401
16292
17637
17103
17538
18633
18593
17520
17308
17471
16441
14279
13606
12553
10068
7711
6135
4778
1241
-1166
-2341
-4698
-7877
-9907
-10842
-13573
-15424
-17050
-18026
-18182
-20576
-20543
-18831
-20344
-20379
-17857
-17725
-17587
-16124
-14206
-12941
-12620
-10050
-8446
-7568
-5648
-4836
-2815
-1185
-894
953
2834
3140
4012
6186
7090
7243
8995
10061
10460
11943
12676
13889
15067
15271
16889
17637
17511
18456
18983
18914
18292
18121
17887
16323
15110
14049
12557
10480
8177
6804
4315
1427
-393
-2522
-4697
-7491
-9620
-11034
-13708
-15388
-16784
-18172
-18603
-20463
-20767
-19501
-20636
-20502
-18546
-18092
-17990
-16854
-14782
-13320
-12888
-10730
-8477
-8035
-6282
-4764
-3051
-1283
-1176
970
2580
3012
4267
5871
7306
7612
9003
10010
10616
11809
12379
13593
14639
14604
15918
17032
16619
17776
17988
17922
17672
17344
17422
15479
15852
13942
11594
11729
8194
6635
5114
1955
368
-2172
-4174
-6304
-9133
-10467
-12570
-14862
-16190
-17987
-18196
-19681
-21115
-19270
-20055
-20837
-18869
-17909
-17675
-17029
-14971
-13209
-12839
-11045
-9004
-7995
-6499
-5540
-3833
-1734
-1568
-543
1896
3020
2977
4849
7064
6692
7754
9668
10181
11169
11816
13161
14310
14166
15612
16862
17041
17399
17993
18728
18145
17758
18116
17077
15654
14693
13506
11777
9229
7670
6114
3127
787
-1311
-2984
-5525
-8374
-9313
-11748
-14139
-15468
-17291
-17686
-19178
-20880
-19604
-19667
-20738
-19379
-18174
-17671
-17071
-15970
-13671
-12928
-12141
-9506
-8272
-7200
-5890
-4494
-2146
-1641
-773
1839
2657
3142
4830
6551
6942
8041
9373
9815
11706
11218
12737
15332
13613
15441
17168
16786
17457
17863
18774
18323
17608
17761
17202
15557
14302
13566
11904
9421
7515
6164
3623
1103
-977
-2942
-5064
-7898
-9666
-11374
-13627
-15193
-17006
-17992
-18623
-20797
-20513
-19378
-20735
-20135
-18666
-18077
-17562
-16528
-14228
-13303
-12399
-10254
-8859
-7488
-6014
-4769
-2641
-1178
-893
1200
3007
3330
4732
6776
7582
8022
9715
10751
11526
12419
13177
14801
14745
15312
17455
17199
17429
18478
18570
18693
17884
17964
17890
15891
14947
13933
12171
10146
8109
6798
4176
1523
-331
-2558
-4508
-6989
-9130
-10713
-12946
-14761
-16486
-17749
-18066
-19908
-20677
-19562
-20300
-20505
-19144
-17990
-17676
-17289
-15070
-13501
-12980
-11289
-9383
-7899
-6746
-5481
-3585
-1522
-1027
-174
2877
3363
3620
5939
7296
7985
8558
10171
10981
11783
12399
13511
15373
14590
15932
17351
16965
17531
17889
18666
17829
17184
17703
16518
15062
13883
12745
11060
8600
6928
5237
2837
564
-1650
-3515
-5530
-8120
-10073
-11874
-13947
-15582
-17474
-18100
-19008
-20878
-19872
-19570
-20683
-19825
-18694
-17953
-17514
-16402
-14590
-13713
-12145
-10276
-9280
-7345
-6061
-5020
-2375
-1592
-991
1742
2843
3259
5172
6784
7445
8369
9742
10622
11690
12398
13189
15055
15083
15501
17446
17220
17352
18258
18371
18230
17578
17504
16937
15473
14081
13104
11816
9292
7545
6086
3771
1315
-978
-2538
-4843
-7459
-9226
-11268
-13155
-15051
-16965
-17939
-18371
-20013
-20826
-19685
-20434
-20341
-18959
-18576
-17594
-16895
-15508
-13341
-12693
-11840
-8800
-7774
-7285
-4741
-3643
-1737
-311
166
2705
3911
3940
5879
7711
8121
9234
10355
11557
12605
12912
14676
15815
15804
17097
17933
17868
18561
18972
18731
18537
17912
17262
16413
14858
13545
12225
10091
7933
5985
3770
1439
-1022
-2923
-4975
-7498
-9439
-11490
-13456
-15103
-17021
-18620
-18975
-20263
-21812
-20470
-20565
-21488
-19796
-18779
-18460
-17675
-16226
-14274
-13351
-12009
-9800
-8624
-7026
-5662
-4401
-1883
-1213
-223
2260
3195
4075
5846
7440
8482
9555
10537
11790
12882
13100
14361
15682
15726
16428
17675
17949
17939
18331
18521
18228
17544
16891
16395
15189
13380
12238
10838
8277
6482
4966
2345
135
-1832
-3892
-5633
-8042
-10143
-11700
-13611
-15465
-17346
-18169
-18465
-20461
-20640
-19379
-20573
-20043
-18752
-18238
-16863
-16979
-15121
-12700
-12843
-11094
-8763
-7387
-6070
-5194
-2804
-856
-906
1109
3314
3829
5033
6634
8039
8936
9831
10843
12291
13042
12918
14835
15939
15557
16906
18022
17844
18095
18620
18499
17942
17429
17214
16062
14192
13095
11804
9675
7580
5848
3824
1300
-1047
-2774
-4804
-7182
-9223
-11221
-12803
-14893
-16769
-17639
-18486
-19564
-20747
-20091
-19777
-20507
-19355
-18267
-17720
-17036
-16169
-14155
-12854
-12081
-9885
-8329
-7022
-5506
-4322
-1805
-818
-179
2373
3479
4076
5715
7216
8193
9282
10212
11199
12523
12853
13661
15301
15506
15668
17218
17754
17202
17822
18402
17700
17212
17170
16313
15129
13930
12694
11310
8925
7181
5979
3274
857
-553
-2954
-5095
-6985
-9428
-10805
-13052
-15020
-16349
-18027
-18329
-19738
-20543
-19823
-19984
-20151
-19496
-18244
-17464
-17023
-15676
-13306
-12642
-11755
-9322
-7948
-6395
-5667
-3988
-1351
-1154
74
2478
3768
4771
6019
7823
8984
9747
10794
12160
13391
13448
14639
16286
16274
16887
18304
18710
18456
18694
19253
18946
17687
17346
17221
15245
13198
12314
10770
8025
6027
4655
2157
-802
-2629
-4376
-6722
-8989
-11165
-12511
-14594
-16991
-17820
-18836
-19817
-20796
-20987
-20203
-20622
-20301
-19193
-18156
-17073
-16792
-14997
-13066
-12491
-10833
-8914
-7449
-6287
-4951
-2993
-1265
-136
1230
3201
4521
5404
6780
8356
9550
10138
11216
12531
12958
13776
14947
15290
16111
17024
17221
17792
18130
18140
18135
17701
17339
16495
15292
14441
12853
11154
9593
7548
5805
3491
1260
-143
-2861
-5050
-6170
-8821
-11004
-12480
-14634
-16124
-17676
-18878
-19177
-20396
-20931
-20058
-19995
-20105
-19171
-17778
-17129
-16681
-14673
-12832
-12206
-10574
-8328
-6905
-5923
-4554
-2291
-690
-130
1573
3782
4609
5270
7114
8827
9247
10065
11731
12348
12738
14088
15080
15699
16529
17204
17806
18244
18406
18466
18401
17965
17241
16451
15275
13800
12633
10950
8641
7043
5071
2497
487
-1610
-3811
-5595
-7550
-9948
-11433
-13273
-15406
-16326
-18140
-19032
-19244
-20776
-20404
-19625
-19878
-19536
-18488
-17026
-16872
-16004
-13610
-12623
-11748
-9819
-7929
-6633
-5630
-4061
-1936
-617
-103
1983
4078
4408
5620
7686
8837
9252
10353
11855
12314
12921
14170
15154
15588
16722
17433
17434
18546
18390
18302
18502
17495
17170
16250
14983
13963
12399
10617
8867
7141
4666
2683
894
-1706
-3535
-5335
-7720
-9941
-11572
-13616
-15830
-17199
-18936
-19324
-20174
-21648
-20485
-20091
-20698
-19923
-18114
-17332
-17525
-15626
-13389
-12859
-11648
-9400
-7568
-6218
-5270
-3301
-715
-204
772
3669
4829
4921
6791
8826
9331
9949
11423
12624
12910
13358
15100
15573
15765
17265
17474
17911
18284
18264
18913
17876
17297
17519
15982
14500
13724
12628
10274
8278
7124
4653
2272
451
-1645
-3808
-6094
-8052
-9866
-12052
-14152
-15530
-17200
-18832
-19227
-20062
-21279
-20627
-19822
-20591
-20031
-18010
-17464
-17356
-15525
-13379
-12273
-11169
-9362
-6966
-5568
-5164
-2881
-103
30
761
3825
4962
5093
6718
8801
9561
9767
11261
12611
13222
13222
14806
15929
15771
16880
17160
18112
17696
17527
18624
17092
16835
16570
15352
14140
12428
11464
9686
7416
5675
3811
1897
-490
-2869
-4282
-6532
-8985
-10645
-12598
-14322
-16239
-17866
-18850
-19386
-20479
-21267
-19991
-19905
-20618
-19416
-17494
-17000
-16895
-14828
-12859
-11980
-10979
-9049
-6554
-5756
-5140
-2533
-449
-181
1157
3900
5008
5313
6823
8647
9503
9996
11469
12467
13040
13898
14669
15743
16273
17024
17741
17616
18286
18601
17792
17883
17941
16470
15212
14574
13163
11233
9613
8096
5806
3459
1660
-482
-2639
-4680
-6567
-8505
-11082
-12860
-14304
-16365
-18007
-18855
-19294
-20516
-21007
-19843
-19873
-20254
-19052
-17562
-17132
-16735
-14694
-12760
-11940
-10735
-8642
-6511
-5652
-4863
-2093
-25
-441
1204
4642
4689
4630
7736
9216
8717
10026
11798
12304
12602
13756
15389
15785
15928
17487
18083
17392
18073
18694
17790
17368
17393
16573
15425
14261
13062
11567
9413
7532
5991
3650
1271
-497
-2580
-4898
-7056
-9284
-11391
-13473
-15414
-17086
-18806
-19644
-19950
-21153
-21364
-20297
-20433
-20572
-19287
-18013
-17533
-16969
-15026
-12944
-12117
-10600
-8190
-6499
-5437
-4153
-1815
42
465
2242
4709
5421
6076
7782
9329
9894
10342
11814
12803
13016
14034
15172
15982
16638
16940
17745
18225
17709
17934
18264
17396
16649
16484
15532
13722
12247
11311
9529
6896
5180
3687
1094
-1408
-3030
-4927
-7256
-9617
-11568
-12920
-15194
-17113
-18264
-19302
-19587
-20964
-21171
-19812
-20356
-20299
-18786
-17580
-17162
-16489
-14513
-12965
-11339
-10223
-8630
-5557
-4972
-4341
-1337
289
656
2558
4478
5272
6383
7296
9035
10093
10273
11876
12380
12967
14199
14484
15664
16454
16799
17358
17409
17843
17589
17190
17241
16473
15411
14650
13744
12137
10420
9152
7553
5219
3177
1577
-617
-2980
-4744
-6435
-8789
-11152
-12783
-14471
-16756
-18504
-19108
-19891
-21249
-21572
-20663
-20429
-20841
-19907
-18094
-17494
-17250
-15317
-12922
-12006
-10994
-8363
-6184
-5600
-4246
-1433
340
706
2203
4650
5643
6018
7785
9627
10015
10395
11930
12942
12944
13896
15350
15855
16262
17012
17811
18205
17907
18280
18670
17500
16686
16572
15313
13633
12322
10960
9139
6901
5084
3426
1287
-929
-2925
-4640
-6829
-9333
-11041
-12824
-14838
-16615
-18522
-19318
-19850
-21280
-21231
-20513
-20808
-20563
-19640
-18304
-17300
-17013
-15105
-12827
-12243
-10823
-8262
-6532
-5499
-4067
-1655
63
698
2499
4716
5596
6339
7926
9448
10096
10841
12165
12948
13423
14279
15254
16102
16605
17265
18000
17951
18021
18328
17823
17443
16995
15772
14844
13795
12032
10417
9024
7068
4968
2912
951
-1249
-3628
-5259
-7329
-9674
-11889
-13565
-15159
-17310
-18456
-19474
-19950
-20907
-21610
-20279
-20458
-20821
-19492
-18029
-17588
-17290
-15027
-12821
-12272
-10915
-8192
-6354
-5545
-4082
-1354
464
714
2690
5245
5631
6249
8276
9618
10004
10658
11935
12913
13098
13771
15092
15592
15655
16483
17194
17083
17124
17477
17205
16513
16163
15664
14404
13118
12119
10699
8829
6887
5246
3459
1079
-887
-2737
-5026
-7119
-9154
-11169
-12922
-15053
-16641
-17833
-19406
-19494
-20359
-21440
-20090
-20117
-20549
-19274
-17742
-16833
-16564
-14388
-12161
-11599
-10036
-7780
-5705
-4846
-3794
-973
474
958
2884
5050
5721
6318
8066
9342
9820
10693
12119
12628
12745
14114
15016
14974
15928
16875
16661
16850
17510
17457
16922
16759
16710
15678
14283
13434
12326
10505
8902
7410
5403
3252
1305
-530
-2700
-4763
-6481
-8535
-10991
-12778
-14231
-16196
-17702
-19056
-19466
-20373
-21631
-20566
-20392
-20724
-19770
-18227
-17214
-16952
-15087
-12895
-11835
-10861
-8534
-6150
-5599
-4346
-1591
102
456
2193
4604
5249
5737
7582
9027
9291
10163
11757
12492
12596
13866
15089
15140
15846
16922
17411
17327
17388
17971
17996
16678
16579
16858
14727
13627
12716
11332
9522
7542
6523
3956
2354
28
-2550
-3553
-6531
-8525
-10359
-12734
-14330
-16394
-17968
-19221
-19592
-20551
-21819
-20759
-20487
-20984
-20138
-18557
-17358
-17292
-15818
-13395
-12200
-11180
-9008
-6452
-5334
-4462
-2177
71
922
2096
4392
5831
6246
7384
9190
10029
10518
11844
12946
13180
13858
15199
15810
15980
16913
17816
17521
17400
18187
18235
17267
16823
16879
15726
13818
12860
12105
9953
7717
6317
4472
2201
-289
-1990
-3834
-6407
-8068
-10295
-12272
-13753
-15905
-17241
-18594
-19362
-19991
-21284
-20789
-20387
-20675
-20066
-18859
-17449
-17151
-16203
-13758
-12152
-11290
-9638
-7099
-5362
-4506
-2734
-226
1062
1776
3635
5602
6378
7020
8732
10165
10493
11173
12413
13168
13566
14436
15433
15660
15999
16981
16859
16574
17415
17194
16273
16203
15859
14817
13708
12519
11531
9903
7835
6390
4459
2551
506
-1780
-3496
-5561
-7531
-9909
-11790
-13012
-15419
-17070
-18283
-19175
-19627
-21214
-20895
-19882
-20620
-20401
-18875
-17335
-17076
-16415
-13883
-12031
-11370
-9856
-7030
-5098
-4726
-3142
-205
994
1436
3480
5359
6015
6643
8104
9661
10241
10867
12148
12877
13346
14289
15031
15520
16213
16727
16736
16923
17495
17468
16908
16892
16735
15639
14254
13375
12542
10676
8643
7414
5780
3127
1166
-541
-2940
-4959
-6922
-8930
-11229
-13084
-14793
-16684
-18194
-19568
-19624
-20879
-21851
-20530
-20615
-20962
-19907
-18110
-17364
-17161
-15229
-12698
-11775
-11131
-8279
-5824
-5329
-4190
-1193
673
1020
2557
5169
6191
6140
8251
9447
10277
11058
11517
13407
13107
13775
14860
14998
15925
15951
16739
16978
16894
17233
17111
16634
16124
15878
14563
13260
12360
10978
9202
7432
6087
4276
1955
80
-1660
-3822
-5915
-7976
-9871
-11917
-14194
-15754
-17532
-19224
-19583
-20552
-21821
-21178
-20653
-21226
-20511
-18800
-18039
-17671
-16138
-13892
-12570
-11722
-9515
-6798
-5606
-4795
-2528
-123
778
1748
4158
5947
6216
7366
9336
10430
10801
11567
13184
13838
13760
14954
16012
16049
16818
17420
17557
17905
17500
17871
17564
16655
16608
15234
14081
12883
11424
9947
7881
6479
4678
2286
212
-1457
-3533
-5715
-7707
-9965
-11916
-14098
-15852
-17345
-19001
-19645
-20250
-21381
-21204
-20473
-20628
-20158
-19018
-17722
-16995
-16041
-14097
-12111
-10854
-9957
-7125
-5125
-4418
-3028
-305
1810
1238
3736
5871
6049
7364
8196
10215
10787
10893
12460
13279
13712
14250
15012
15715
16336
16444
16793
17434
17384
16990
16916
16836
15999
15151
14328
13281
11811
10080
8478
6907
4661
2401
1091
-1157
-3557
-5321
-7075
-9294
-11693
-12938
-14829
-16619
-18107
-19088
-19237
-20892
-21157
-20014
-20279
-20546
-19477
-17834
-17209
-16792
-14813
-12435
-11569
-10462
-7778
-5728
-4862
-3464
-1108
593
1215
2664
4950
6052
6514
8170
9702
10287
10989
11816
13088
13368
13521
14856
15038
15274
15893
16293
16652
16288
16870
16850
15994
16271
15543
14421
13523
12358
11096
8943
7316
5981
3725
1648
-3
-1935
-4168
-6122
-8113
-10152
-12207
-14226
-15752
-17650
-18991
-19482
-20649
-21425
-20980
-20463
-20714
-19991
-18603
-17592
-16843
-16030
-13257
-11819
-11280
-8694
-6523
-5204
-4299
-2111
489
1216
2197
4541
6346
6745
7628
9558
10827
10797
11305
12879
13539
13397
14162
15422
15699
15654
16421
17096
17032
16832
16955
17070
16409
15498
14925
14032
12522
11048
9462
7906
6190
3837
2450
634
-1999
-3631
-5567
-7610
-10018
-12088
-13349
-15683
-17525
-18820
-19650
-20081
-21599
-21248
-20149
-20765
-20466
-18879
-17414
-17106
-16323
-13985
-12304
-11535
-9870
-7223
-5531
-4740
-2920
-360
999
1662
3585
5645
6316
6924
8492
9806
10335
10899
11925
12834
13154
13662
14569
15109
15404
15828
16155
16364
16429
16303
16159
15878
15327
14653
13827
12804
11586
10193
8722
7099
5207
3442
1680
-353
-2315
-4251
-6189
-8115
-10253
-12271
-13904
-15733
-17517
-18614
-19319
-20162
-21069
-20452
-19768
-20324
-19573
-17932
-16926
-16415
-14946
-12493
-11252
-10350
-8072
-5709
-4709
-3635
-1377
603
1504
2418
4569
6193
6490
7598
9185
10165
10385
10942
12513
12891
12808
13755
14634
15019
15123
15765
16554
16419
16287
16682
16438
15704
15202
14513
13473
12134
10697
9327
7749
5880
3893
2455
739
-1731
-3511
-5156
-7427
-9829
-11664
-13171
-15428
-17332
-18510
-19226
-19855
-21111
-20869
-20083
-20471
-20068
-18884
-17582
-16868
-15984
-13772
-12100
-10978
-9459
-7194
-5003
-4022
-2536
-350
1413
2382
3539
5832
6803
7192
8579
9820
10609
10642
11571
12888
12754
13183
14183
14727
15113
15311
15962
16456
16100
16135
16455
15800
15210
14717
13846
12880
11217
10277
8869
6653
5421
3512
1647
-173
-2382
-4248
-6189
-8325
-10615
-12367
-14336
-16174
-17575
-19187
-19717
-20416
-21497
-20848
-20373
-20677
-19858
-18516
-17337
-16724
-15364
-13010
-11600
-10257
-8393
-6029
-4504
-3547
-1413
672
2031
2740
4564
6607
6990
7914
9603
10767
11013
11596
12870
13530
13641
14161
15302
15805
15634
16117
17124
17119
16531
16980
17265
16248
15491
15129
13961
12561
11226
9830
8357
6249
4372
2899
717
-1644
-3500
-5279
-7330
-9861
-11857
-13305
-15467
-17384
-18832
-19632
-20139
-21485
-21249
-20232
-20616
-20257
-18843
-17538
-16968
-16097
-13811
-12045
-11085
-9462
-7124
-5117
-4064
-2578
-250
1490
2296
3645
5749
6785
7220
8506
9896
10495
10724
11659
12722
13047
13155
13981
14737
14772
15274
15534
16043
16145
15704
16243
15780
15208
14600
13688
13067
11514
10090
8649
7204
5346
3060
1695
-139
-2642
-4560
-6157
-8165
-10600
-12460
-13888
-15810
-17618
-18870
-19356
-20050
-21269
-20556
-19697
-20383
-19841
-18127
-17050
-16596
-15164
-12727
-11174
-10096
-8079
-5624
-4150
-3209
-1231
960
1983
2669
4572
6335
6692
7563
8970
9884
10415
10836
11947
12653
12849
13578
14090
14671
15090
15258
15892
16297
16235
16017
16118
16071
15097
14300
13934
12663
10824
9627
8467
6563
4272
2644
1143
-1355
-3615
-5242
-7078
-9472
-11835
-13121
-14860
-17056
-18526
-19241
-19479
-21101
-21417
-19868
-20356
-20648
-19213
-17630
-17064
-16527
-13939
-11796
-11109
-9389
-6622
-4833
-3940
-2053
61
1562
2840
3764
5845
7264
7290
8706
9853
10668
10796
11382
12995
12672
13437
14020
14218
15357
15111
15348
15977
16427
16052
15698
16277
15795
14499
13917
13652
11985
10297
9196
7886
5892
3339
2154
440
-2431
-4426
-6051
-7927
-10706
-12809
-13893
-16005
-18065
-19482
-19803
-20474
-22192
-21509
-20351
-20993
-20813
-18955
-17443
-17280
-16013
-13160
-11644
-10851
-8541
-5991
-4678
-3390
-1167
828
2068
3164
4785
6551
7122
7795
9314
10370
10655
11209
12340
12773
13098
13622
14173
14816
14900
15440
15930
15859
16169
16114
15826
15768
15372
14448
13582
12930
11621
9824
8504
7342
5252
3137
1722
-312
-2471
-4465
-6282
-8121
-10808
-12544
-14014
-16188
-17595
-18967
-19472
-20106
-21323
-20444
-19829
-20231
-19519
-17919
-16713
-16126
-14859
-12345
-10823
-10275
-7627
-5581
-4241
-2816
-1411
1420
1937
2571
4956
6192
6652
7445
9147
9885
10176
10833
11880
12595
12319
12924
13791
13975
14236
14806
15181
15405
15556
15523
15686
15514
14822
14204
13644
12605
11216
9976
8724
7003
5046
3300
1506
-635
-2802
-4665
-6591
-8890
-11068
-12890
-14573
-16290
-17940
-18833
-19319
-20377
-20825
-19998
-19687
-19897
-18946
-17334
-16467
-15793
-14019
-11736
-10508
-9408
-6947
-4728
-3811
-2383
-147
1464
2363
3451
5313
6714
6958
7873
9440
10066
10075
10780
11920
12250
12109
12996
13807
13889
14385
14541
15501
15873
15017
16115
16077
15062
15110
14241
13601
12374
10739
9864
8057
6060
4323
2585
753
-1673
-3540
-5224
-7519
-9806
-11804
-13581
-15509
-17154
-18923
-19499
-19674
-21423
-20932
-19780
-20021
-20150
-18427
-16346
-17047
-15248
-12762
-11680
-10044
-8866
-6035
-4336
-3549
-1421
280
1884
3028
3947
6025
7333
7217
8715
10121
10326
10918
11636
12518
12645
12925
13894
14228
14764
15212
15390
15804
15943
15996
15740
15758
15621
14483
13725
13264
11874
10035
9022
7760
5344
3496
2093
-46
-2449
-4472
-6289
-8351
-10791
-13024
-14482
-16180
-18349
-19575
-19797
-20468
-21748
-21142
-19869
-20303
-20158
-18270
-16607
-16585
-15320
-12510
-11185
-10229
-8302
-5817
-4411
-3437
-1306
433
1876
2928
4059
6073
6759
7146
8525
9526
10101
10292
11251
12238
12040
12584
13440
13815
14060
14420
15354
15335
15100
15931
15710
14976
15132
14621
13522
12754
11610
10341
8825
7206
5749
3890
1992
302
-1873
-4118
-5491
-8093
-10430
-11565
-14063
-15763
-17146
-18805
-19498
-20057
-20833
-20981
-19924
-19935
-19864
-18165
-16868
-16007
-14752
-12665
-10528
-9496
-8088
-5466
-3852
-2929
-1123
715
2227
3042
4044
6050
6950
7063
8439
9817
10058
10187
11269
12244
11938
12332
13525
13648
13892
14580
14903
15337
15351
15441
15683
15200
14907
14463
13558
12838
11671
10260
9163
7435
5713
4125
2055
502
-1843
-3809
-5388
-7936
-9839
-11977
-13787
-15546
-17456
-18599
-19531
-20021
-20959
-20928
-19989
-20184
-19918
-18325
-16666
-16154
-15021
-12490
-10850
-9865
-8167
-5415
-3864
-3088
-959
843
2384
3101
4551
6749
7028
7627
8880
10044
10430
10504
11768
12533
12335
12697
13664
14191
14179
14336
15256
15297
14847
15385
15438
14905
14382
14090
13235
12028
10955
10045
8667
6730
5800
3579
1525
226
-2630
-4246
-6162
-8800
-10572
-12754
-14539
-16160
-17911
-19000
-19775
-20377
-21049
-21127
-20193
-20094
-19849
-18307
-16922
-15950
-14955
-12849
-10548
-9427
-7967
-5332
-3188
-2380
-853
1658
3323
3654
4934
7313
7864
7947
9253
10690
11093
10886
12040
13159
12815
13043
14119
14553
14393
14625
15496
15501
15010
15677
15726
14918
14688
14346
13538
12415
11224
10401
8978
7081
5859
4089
2084
279
-1946
-3778
-6051
-8265
-10165
-12486
-14215
-16045
-17684
-18809
-19874
-20202
-20846
-21104
-20126
-19777
-19758
-18589
-16764
-15913
-15256
-13113
-10819
-9981
-8702
-5765
-3997
-3200
-1270
836
2531
3305
4416
6563
7311
7515
8660
9883
10358
10393
11264
12258
12276
12243
13343
13888
13592
14163
14808
14951
14739
14965
15107
14674
14400
13962
13421
12408
11379
10504
8972
7494
5982
4228
2685
684
-1576
-3243
-5371
-7745
-9570
-11732
-13716
-15181
-16887
-18351
-19113
-19550
-20256
-20584
-19860
-19584
-19712
-18545
-16914
-16087
-15153
-13268
-11126
-9871
-8705
-6186
-4062
-3232
-1619
550
2178
3063
3967
5951
7093
7172
8144
9415
10005
10101
10796
11819
12116
12102
12757
13504
13552
13762
14447
15072
14673
14704
15563
14866
14488
14768
13775
12962
12261
11138
9947
8370
6933
5231
3366
1826
-500
-2534
-4280
-6837
-8706
-10727
-13068
-14451
-16311
-17826
-18680
-19687
-20056
-20685
-20668
-19726
-19803
-19498
-17869
-16592
-15865
-14486
-12332
-10481
-9420
-7571
-4962
-3686
-2363
-323
1260
2802
3715
4877
6720
7209
7808
8921
9735
10504
10320
11285
12374
11955
12552
13231
13569
13760
14014
14629
14611
14878
15151
14800
14663
14719
13910
13055
12865
11482
9910
8875
7444
5927
3710
2105
521
-2230
-4097
-6148
-8298
-10104
-12500
-13989
-15679
-17660
-18916
-19895
-20055
-20848
-21337
-20172
-19893
-20132
-18870
-16923
-16092
-15379
-13203
-10971
-9850
-8670
-5973
-3875
-3019
-1169
565
2319
3641
4224
6360
7607
7723
8721
9902
10797
10531
11027
12609
12364
12218
13264
13622
13886
13986
14464
15264
14582
14705
15443
14591
14482
14272
13214
12909
11704
10404
9573
7944
6487
4735
2643
1171
-1100
-3396
-4708
-7342
-9314
-11231
-13497
-14539
-16949
-18107
-18810
-20011
-20030
-20678
-20765
-19554
-19403
-19646
-17425
-16388
-15694
-14272
-12339
-9746
-10107
-7280
-4568
-4284
-1701
-704
1645
3539
3356
5655
7170
7413
8364
8989
10160
10684
10121
11453
12388
11769
12421
13261
13592
13820
13964
14968
15081
14480
15158
15101
14402
14416
13801
13097
12454
11011
10313
8967
7253
6423
4033
2451
967
-2039
-3495
-5720
-8113
-9642
-12249
-13739
-15459
-17436
-18242
-19567
-19859
-20104
-21052
-20145
-19492
-19925
-18626
-16866
-16085
-15034
-13282
-10997
-9872
-8761
-5907
-4183
-3225
-1418
136
1879
3052
3858
5876
7024
7292
8265
9182
10205
10382
10440
11993
12193
11629
12638
13268
13440
13528
13835
14890
14443
14050
15206
14846
14202
14492
13756
13031
12235
10966
10054
8688
7156
5350
3531
1966
-365
-2522
-4154
-6454
-8649
-10294
-12602
-14144
-15889
-17503
-18415
-19911
-19602
-20552
-21091
-19481
-19821
-19576
-18057
-16617
-15809
-14618
-12558
-10593
-9337
-8071
-5349
-3860
-2590
-635
914
2901
3649
4785
6758
7506
8325
9031
10000
10801
10497
11242
12122
12028
12312
12864
13081
13152
13564
13913
14382
14478
14292
14766
14334
14149
14041
13044
12945
11863
10406
9433
7812
6580
4837
3045
1607
-777
-2815
-4556
-6879
-8591
-10855
-12873
-14111
-16429
-17838
-18696
-19370
-19841
-20627
-20101
-19425
-19637
-19173
-17233
-16270
-15659
-13897
-12217
-10531
-9636
-7478
-4900
-4092
-2232
-410
1151
3013
3769
5244
6883
7619
8025
8728
10062
10187
10080
11112
11726
11399
11790
12599
12665
13137
13423
13577
14264
14383
14025
14587
14544
13902
13843
13028
12762
11581
10297
9402
7955
6540
4084
3485
1339
-1483
-2326
-4961
-6932
-8975
-11115
-12479
-14450
-16270
-17532
-18528
-19575
-19987
-20361
-20272
-19708
-19784
-19134
-17646
-16723
-15669
-13788
-12122
-10683
-8946
-6859
-5090
-3528
-1391
17
1298
3264
4198
5132
6989
7826
8184
8996
9806
10377
10276
11099
11995
11594
11955
12576
12733
12968
13251
13571
14316
14088
13679
14623
14181
13894
13733
13073
12917
11124
10070
9621
7735
6130
4704
3173
1083
-1116
-2663
-4523
-6754
-8708
-10454
-12574
-14278
-15803
-17506
-18328
-19451
-19995
-20135
-20606
-19720
-19446
-19209
-17596
-16577
-15423
-13915
-12392
-10077
-8895
-7331
-4594
-3461
-1593
93
1301
3574
4127
4982
6816
7559
7841
8434
9564
10015
9613
10277
11258
10818
11027
11925
11974
12069
12645
12954
13303
13883
13660
14025
14275
13849
13654
13227
13049
11792
10822
10097
8422
7173
5510
4010
2276
56
-1738
-3841
-6056
-8157
-10040
-12060
-13954
-15590
-17317
-18379
-19534
-20105
-20072
-20717
-20066
-19585
-19661
-18142
-16930
-15891
-14529
-12745
-10838
-9779
-7436
-5307
-4002
-1647
-202
1069
3012
4185
5009
6513
7824
7977
8359
9452
10041
9848
10270
11297
11184
10896
11695
12135
12038
12542
12985
13229
13621
13684
13901
14359
14217
13751
13711
13387
12354
11317
10643
9615
7795
6182
4907
3086
787
-890
-2615
-4953
-7055
-8999
-10628
-12716
-14511
-15909
-17300
-18395
-19727
-19712
-20126
-20557
-19556
-19444
-18864
-17641
-16494
-15099
-13539
-11808
-10239
-8184
-6593
-5013
-2539
-997
219
2122
3896
4475
5569
7346
7621
8411
9005
9560
10203
9429
10202
11120
10470
10653
11675
11598
11318
12324
12828
12801
13284
13710
13734
13866
13873
13418
13180
12746
11593
10652
10006
8358
6868
5670
3901
2157
188
-1660
-3657
-5828
-7867
-9480
-11546
-13734
-14895
-16938
-18131
-18937
-19932
-19809
-20630
-20347
-19526
-19722
-18494
-16771
-15973
-14591
-12361
-10869
-9421
-7192
-5213
-3590
-1490
266
1291
3078
4673
5234
6461
7935
8057
8155
9194
9832
9676
9712
10535
10923
10107
10532
11907
11314
11093
12497
12519
12190
13169
13535
13401
13646
13406
12992
12853
12403
11183
10501
9879
7888
6238
5222
3640
1201
-315
-1793
-4310
-6468
-8387
-9835
-12276
-13942
-15124
-17241
-18257
-19593
-19943
-19786
-20414
-20068
-19370
-19347
-18263
-16671
-15915
-13555
-12190
-10999
-8386
-6872
-4906
-3151
-1066
840
1362
3268
5084
5249
6407
8027
8086
8255
9024
9417
9365
9462
10212
10293
9793
10405
11200
10940
11222
12370
12526
12304
13046
13550
13331
13457
13651
13264
12687
12027
11216
10520
9641
8121
6587
5373
3666
1512
18
-1270
-3741
-6320
-7731
-9613
-12122
-13529
-14693
-16469
-17984
-19170
-19656
-19596
-19984
-19833
-18969
-18765
-18322
-16844
-15506
-13994
-12305
-11119
-9196
-7046
-5791
-3996
-1398
22
839
2438
4189
5024
5174
6863
7700
7101
7586
8160
8588
8263
8739
9463
9023
9209
9795
10610
10698
11139
12170
12035
12282
13181
13378
13571
14112
13746
13316
13043
12311
11417
10740
9685
7774
6487
5116
3126
1233
-113
-2132
-4735
-6210
-8460
-10225
-11755
-13742
-14871
-16669
-17876
-18730
-19238
-19019
-19593
-19323
-18608
-18672
-17619
-16036
-14802
-12773
-11484
-10251
-7657
-6107
-4806
-2314
-204
681
1374
3265
4619
4379
5563
7298
6955
6598
7416
8105
7953
7894
8972
9286
8580
9074
10042
10401
10657
11360
12242
12005
12023
13294
13376
13330
13894
13230
12787
12520
11369
10879
10402
8805
7247
5914
4477
2413
690
-185
-2838
-5102
-6490
-9031
-10323
-11858
-13734
-14833
-16729
-17987
-19036
-19248
-18842
-19827
-19177
-18266
-18715
-17551
-15573
-14288
-12628
-11028
-9736
-7460
-6261
-4513
-1702
-742
672
1726
2864
4480
4704
6025
7297
6990
7125
7642
8296
8672
8636
9592
10032
9249
9711
10883
11023
11144
12519
12721
11702
12921
13426
12654
14045
13888
12478
12774
11864
10916
10652
9376
8551
6776
4431
3785
2073
76
-759
-3111
-5400
-6931
-9255
-10698
-12002
-13733
-14961
-16636
-17893
-18970
-19592
-18445
-18781
-19848
-18159
-17487
-18073
-16237
-13979
-12277
-11815
-10474
-7032
-6695
-5504
-1902
-799
395
1631
2473
4210
4745
5725
7363
7488
7409
7219
8285
9451
8510
9552
10689
9569
9448
10118
11205
11411
11356
12693
12376
11757
12627
13220
13356
13350
13431
12783
11817
11251
11112
10232
8943
8188
6205
4499
3117
1592
622
-1398
-3274
-5170
-7534
-9181
-10547
-11684
-13069
-14667
-16255
-17409
-18288
-18967
-17931
-18366
-19113
-17681
-18030
-17747
-15724
-13997
-12665
-12099
-9962
-8116
-7854
-4860
-2634
-1819
555
273
2044
4212
3554
5946
6873
6849
7188
7280
8394
8634
9151
9689
10236
9744
9324
10491
11330
11482
11545
12784
12593
11388
12771
13837
12965
12966
13371
12333
11296
11161
10852
9956
9031
7646
5878
4755
3257
1490
655
-857
-3395
-5793
-7557
-8912
-10610
-12057
-13047
-14565
-16895
-18043
-18289
-18773
-18162
-18637
-19051
-17952
-18512
-18095
-15800
-14087
-13097
-12466
-10258
-8580
-8024
-5236
-2252
-1064
-264
1179
2596
3866
5368
6695
7959
8295
7829
8237
9378
9905
9881
10508
10959
10029
9513
10606
11424
11319
11548
12232
11937
10983
11762
12964
12464
12211
12387
11580
10824
10250
9691
9626
8912
7146
5670
4714
3133
1320
797
-109
-2891
-5330
-6729
-8187
-9854
-11258
-12006
-13698
-16122
-16909
-17669
-18574
-17947
-18304
-19205
-18448
-18219
-18512
-16926
-14610
-13680
-13372
-11567
-9340
-8572
-6481
-3148
-1664
-695
1248
2504
3624
5972
6923
7658
8840
8462
8162
8788
9973
9572
9362
10344
9633
8751
8906
10065
10348
9658
10476
10877
9811
10084
11570
11598
11389
12020
11648
10785
11003
10966
10169
10358
9778
7527
6579
6094
4212
3022
2544
709
-1863
-3698
-5126
-7004
-8456
-9429
-11208
-13102
-14889
-16392
-17008
-17969
-18449
-18128
-19424
-19861
-18338
-18716
-18223
-15317
-14408
-14572
-12332
-10000
-9534
-7141
-3778
-2621
-1730
593
1823
2311
5332
6429
6433
8221
8231
7771
8429
9708
9670
8947
9709
9432
8074
8499
9619
9516
9243
9439
9991
9486
9506
10916
11320
11319
10982
11139
11337
10928
10317
10901
10980
8625
8607
7540
5855
5832
3612
3028
2027
-1071
-2354
-3489
-5474
-7154
-8570
-9713
-11814
-13981
-14576
-15987
-16815
-17710
-18615
-17907
-19620
-19555
-17253
-18270
-17750
-15158
-14800
-13904
-11851
-9837
-7679
-6278
-3717
-1935
-869
1864
2871
4322
6420
6575
7358
8215
8359
8409
8562
9386
8922
8010
8967
8539
7794
8791
8918
8793
8840
9204
9892
9830
9974
10861
11179
10647
11085
11742
11260
11038
11216
10794
9900
9607
8998
7857
7406
5792
4265
3749
1756
-175
-1254
-2734
-4814
-6510
-8007
-9541
-11347
-13437
-13703
-15417
-17555
-17703
-19110
-19112
-19471
-20467
-18592
-18618
-18829
-16664
-15661
-13859
-12409
-10848
-7476
-6859
-4919
-1786
-661
1432
2764
3798
5907
6740
6045
8403
9111
7227
8737
8759
8567
8147
8262
9180
7742
7970
8083
8396
8728
8313
9466
9429
9010
9968
10325
10233
10866
10786
10577
10588
10154
10126
9718
9551
9210
7900
7482
6850
5361
4898
4034
2378
1259
-337
-2001
-3438
-5297
-6723
-8215
-10213
-11938
-13818
-15362
-16284
-18002
-19026
-18553
-19644
-20751
-19046
-18194
-18964
-17480
-14844
-14155
-13669
-10668
-7959
-7422
-5107
-2006
-1099
498
2340
3214
4937
5727
5897
7250
7666
7257
7362
7882
8151
7474
7581
8361
7698
7349
8040
8323
8343
8159
8775
9260
8528
8973
9962
9517
9474
10247
9617
9665
10302
9304
9845
10177
8832
8856
8633
7863
7004
6177
5615
4025
2969
1493
-306
-1162
-3507
-5782
-6369
-8289
-11228
-11739
-13314
-15669
-16115
-18048
-18678
-18392
-19954
-20003
-18324
-18466
-19228
-16417
-14374
-14825
-12668
-9456
-8373
-7408
-4262
-1775
-1245
966
3068
3491
5143
6128
6395
7632
8203
7978
7623
8450
8489
7207
7999
8573
7504
7148
7697
7760
7116
7368
8413
8238
7515
8499
9079
8243
8847
9866
9231
9227
9856
9343
9419
9651
9642
9225
8584
8676
7378
6677
6776
4998
3629
2734
965
-861
-2764
-4234
-5681
-8313
-9692
-11027
-13499
-14629
-15958
-17194
-18282
-18909
-18626
-19934
-19394
-17754
-18743
-17469
-14919
-14471
-13081
-10954
-8641
-6817
-5618
-2331
-534
-144
2743
3856
4433
6408
6357
6901
7834
7562
7823
7721
8155
7993
6926
7919
7876
6623
7020
7783
7303
6752
7401
8027
7898
7067
8781
9385
7590
9543
9873
8779
9458
9318
9335
9228
8943
8590
8180
7762
7064
6251
5867
4798
3241
2431
1089
-290
-2152
-3635
-4601
-7107
-9105
-9655
-10967
-13166
-14082
-14984
-16552
-17904
-18430
-17801
-19066
-19078
-17226
-18352
-17602
-15186
-14442
-12517
-10842
-8791
-6817
-5918
-2646
-587
126
3140
4233
4467
6469
7312
7879
8498
9113
9338
8239
8987
9186
7970
8656
8879
7955
7374
7511
7858
7349
7474
8641
7651
6774
8240
8148
7656
8413
8945
8403
7558
8065
8355
7941
7983
8124
7577
6940
6620
6200
6232
5643
4226
3327
2157
755
-365
-1616
-2727
-4570
-6957
-8096
-9214
-11440
-12610
-13304
-15428
-17351
-18097
-18478
-19166
-19179
-19119
-18876
-18553
-18363
-16177
-14532
-13037
-11052
-8580
-7084
-5836
-1629
-748
1102
4288
4327
5990
7164
8075
8852
9478
10265
9746
9447
9668
9314
8772
9295
8904
7940
7730
7571
7144
7090
7781
7517
7311
7123
7159
7676
6990
8051
8777
7139
7784
8262
7346
7886
8593
8301
7411
7487
7226
6124
6444
6319
4579
3447
2718
1008
-487
-1174
-2388
-4686
-6581
-7850
-9998
-11667
-12374
-14052
-16075
-17098
-18695
-20028
-19533
-19412
-19944
-19439
-18110
-18320
-17499
-14208
-12335
-11042
-8602
-5614
-4553
-2905
1226
2854
4026
6498
7513
7800
8894
10154
10509
10709
10784
10071
9397
9172
8821
8524
8144
7280
6627
5849
5276
5837
5540
5353
6041
5379
4614
5480
6146
5417
6478
7032
5852
5794
6564
6723
6028
7449
6804
6071
6519
5475
6598
5708
5321
5498
3589
2589
1924
1136
-822
-1141
-2586
-5488
-6287
-8168
-9763
-10647
-11980
-13499
-15586
-16478
-17695
-19167
-17628
-18157
-19641
-17590
-17760
-17742
-14789
-12693
-11080
-9379
-6813
-4886
-3713
-321
2237
3039
5297
6535
6533
8003
8926
9335
10101
9706
9186
8628
8320
8403
7767
7844
7128
5926
5621
5006
5446
5650
5185
5641
5502
4396
5111
6129
5183
5787
6581
5673
5152
5479
6343
6168
6089
6829
6287
5949
6351
6237
6770
6927
6189
5916
4845
3759
3302
2383
2026
540
-1889
-2991
-4847
-6831
-7768
-8736
-10206
-12918
-14637
-15385
-17222
-17893
-17295
-17620
-18949
-18530
-17217
-17593
-15563
-12732
-12055
-10347
-8064
-6435
-4521
-2366
634
2852
2635
5388
6546
5349
8511
9306
9020
9516
9006
8482
7559
8095
7923
7242
6732
5990
4800
3843
4633
4458
3818
4124
4133
2848
2323
3902
3935
3022
4535
4441
2534
3930
4652
4518
5887
6097
6254
6112
6493
7367
7293
8468
8687
7497
7607
6994
6013
5802
5024
4276
2583
380
-554
-2523
-4632
-5290
-6982
-9316
-11155
-12880
-14852
-16102
-16415
-17896
-18205
-18055
-19376
-18361
-16705
-16390
-14956
-12395
-10960
-10258
-7438
-4410
-3433
-1207
2080
2618
3111
5552
6512
6620
7900
8656
8090
7594
7513
7233
6803
6461
6149
5552
4555
3947
3817
3346
3238
3550
2986
2666
3227
2931
2862
3997
4072
3284
3909
4671
3859
4087
5622
5558
5071
6374
6977
6486
7367
8250
8642
8363
8624
9139
8024
8029
7890
6784
5732
4708
3754
1683
513
-294
-2970
-5196
-5771
-8203
-10985
-11187
-13075
-15947
-16383
-17134
-19034
-18661
-18252
-18950
-17734
-17009
-16428
-14608
-12758
-11023
-9558
-6991
-5134
-4415
-1614
421
946
3155
4523
4577
5554
6219
6484
6735
6872
6995
6363
6073
5827
5461
5700
4924
5162
5136
3802
4802
4967
4233
5236
5304
4420
4594
5204
5019
4662
5157
5383
4385
4527
5498
5384
5394
6235
6819
6570
7003
7993
8473
8368
8981
9688
8509
8749
9285
7799
7380
7043
5664
4179
3083
2043
-497
-2550
-3531
-6263
-8553
-9472
-11639
-14006
-15373
-16310
-17957
-19183
-18162
-18675
-19694
-17501
-17042
-17230
-14579
-12637
-11703
-9798
-7098
-5532
-4657
-1844
592
75
2206
4707
3497
4815
5661
5849
6297
5231
6696
6139
4397
5531
5464
4386
4591
5116
4485
3870
4471
4780
4098
4936
5803
4438
4550
5716
4715
4202
5662
5529
4218
4913
5598
4703
4880
5954
5818
5545
6159
6763
6604
6469
7267
7298
6512
7016
7072
5982
5999
5773
4327
3541
3197
1818
139
-611
-1854
-4550
-6131
-6937
-9546
-11427
-12055
-14273
-16336
-16815
-17824
-18268
-17631
-18265
-17384
-16084
-16567
-14433
-11968
-11092
-9302
-7022
-5154
-4671
-2572
648
881
1940
4411
4598
4303
5755
6918
6465
6699
7262
6901
6375
6318
6895
6780
6330
6729
6665
5718
5640
6280
5885
5365
5775
5387
4079
4128
4658
3671
3316
3893
2841
1698
2490
2486
1435
2941
3279
1895
3466
3444
3238
5508
5369
5991
7144
6563
7432
7446
7558
8478
7256
6865
6421
4456
3619
2768
1460
-529
-2675
-3779
-6587
-8759
-8744
-11033
-13175
-13793
-15546
-16897
-17737
-17044
-16585
-18277
-16379
-15063
-16949
-14044
-10848
-11483
-9113
-6017
-5768
-4657
-2474
468
451
1237
4971
3051
3203
5959
5325
5701
6220
6848
6282
4890
6372
7007
5201
6424
7303
5128
4943
5850
6000
4770
5359
6694
4093
3250
4973
3831
2227
3824
3894
957
956
1843
575
-183
1347
2129
-630
455
2645
828
2351
4739
4929
4467
5494
7435
6860
7498
9851
9706
7754
8754
8960
6370
6579
7290
4807
2055
2044
-207
-4085
-4272
-4412
-8569
-10226
-10275
-14358
-15085
-15911
-15835
-16057
-18125
-15883
-17130
-16836
-15514
-13497
-11151
-12623
-8540
-6895
-8108
-4596
-1316
-1287
-429
2650
2596
2380
4504
6186
5948
6431
7616
7122
6591
7431
8719
7929
8056
8698
7453
6760
6692
7167
6477
5361
5799
4542
2170
2465
2668
369
139
762
-1850
-2993
-2275
-2923
-3554
-3196
-2221
-2948
-3244
-1076
-224
351
2590
4185
4857
5697
7579
9711
9670
11128
13290
11506
11271
12511
11209
9881
9843
9031
5688
3711
3020
-497
-2805
-3676
-6551
-9287
-11522
-13031
-14833
-17343
-17008
-17642
-19649
-18253
-18261
-18368
-16247
-16060
-14159
-12066
-11477
-8901
-7012
-4891
-2762
-1453
1468
2434
2811
5844
6561
6493
8461
8692
8508
8624
8596
9371
7958
7479
9084
6585
5359
7370
4975
3619
5337
3413
2231
2932
1536
1063
931
-213
-141
-874
-2255
-1621
-1856
-3518
-2805
-2468
-4239
-3388
-2366
-3278
-1972
-888
-838
731
1404
2672
4240
4620
7002
7932
8086
10125
10020
10578
11420
10829
11426
10222
9557
9368
6703
6319
5129
1985
1164
-592
-3334
-4934
-6537
-7948
-10095
-11701
-11862
-13963
-14951
-14646
-15295
-14940
-15196
-13974
-12760
-13342
-11056
-8742
-8490
-6759
-4098
-3052
-2631
-614
1813
1664
2251
5259
4643
3801
6182
6003
5029
5848
6169
5627
4687
5042
5222
3650
3519
4048
2816
1786
2105
1871
568
301
785
-377
-1884
-994
-1319
-3589
-2343
-2400
-4811
-4071
-4136
-5286
-5075
-4579
-4155
-4452
-4068
-2232
-2596
-1475
1376
1619
3835
4917
7269
9314
8766
13245
13664
12657
15678
16025
14403
15203
16495
13502
12566
12582
10098
7720
6405
5915
2271
-454
-715
-3919
-7166
-7354
-8569
-11461
-12574
-12685
-14593
-16196
-14651
-15026
-16371
-14273
-13922
-14841
-12615
-10912
-10903
-8995
-6992
-6449
-5978
-3744
-1654
-2551
-335
2074
360
1374
3499
3535
3400
4411
5604
4377
3458
5373
5143
3547
4833
5086
3312
2237
3216
2985
659
1729
2221
-512
-923
82
-1098
-2158
-1209
-1362
-2990
-3200
-2184
-2957
-3629
-1930
-2231
-2962
-1599
-1009
252
1063
2400
5528
4959
6329
10370
9729
11189
14504
14476
14719
15167
16334
15569
13805
16063
14186
11085
11762
9386
6925
5448
3901
1910
-1755
-3175
-4966
-8680
-9584
-10572
-13596
-14846
-15917
-17417
-18168
-18881
-17413
-17481
-19030
-15920
-15488
-17160
-12966
-11017
-11763
-8998
-6561
-6112
-5559
-2280
188
-1107
1424
4243
1956
3205
6121
5386
5515
6559
7481
6614
5186
7880
7748
5436
7580
8019
5671
5273
6788
6257
4213
5578
6012
2624
2463
3931
1323
421
1578
-425
-1971
-2483
-3150
-3720
-5149
-4246
-4504
-7029
-5437
-5136
-6514
-3843
-2533
-2746
-1003
416
1951
3345
5504
8295
8671
10294
12155
12157
13409
14354
14793
14677
13987
14031
12349
10665
11188
8968
6186
6089
3170
-201
-1095
-2999
-5592
-7559
-8825
-11291
-13843
-14123
-15305
-17156
-16874
-16590
-18017
-18010
-15656
-15738
-16184
-12450
-11079
-11777
-8693
-5843
-5349
-4337
-365
1520
427
3428
6796
5038
5615
10130
8026
7307
10133
8826
8561
7815
8355
8099
5655
5947
6205
3923
2072
4024
1920
-854
1014
-227
-3007
-3292
-2503
-4595
-6635
-5164
-5836
-8876
-8334
-6889
-9211
-9773
-7186
-7693
-8938
-6448
-4932
-5018
-3639
-906
1296
679
4070
8463
6840
9726
14445
13282
14243
17760
18511
17612
18433
19866
17656
16099
17477
15677
12750
12365
11324
7844
5187
4923
2096
-1690
-2117
-4036
-7867
-9540
-9835
-12052
-14732
-13887
-14786
-17448
-16637
-15687
-16366
-16792
-14487
-13440
-15212
-12479
-9734
-11027
-9024
-5650
-5674
-5747
-2991
-470
-2017
-358
3767
1373
1226
4556
3822
2708
3774
5407
3737
2100
4749
4003
1501
3395
4180
2172
1539
3120
2976
940
2229
3577
1169
938
2193
1329
333
410
1576
-826
-1595
375
-2176
-2653
-1161
-1695
-3182
-1935
-948
-2697
-643
397
977
1974
2568
5414
5056
6187
9539
9290
10063
11945
12735
12811
12674
14561
14095
12060
13722
12680
10013
10371
9231
7121
5291
3769
2393
-687
-2076
-2951
-5934
-7741
-9246
-11275
-12925
-14203
-15168
-16406
-17767
-18257
-18451
-19025
-17878
-17327
-17641
-15481
-14985
-14941
-11623
-10281
-9587
-6341
-4252
-3170
-1694
1422
3392
3139
6564
8221
6998
8936
10087
10128
10066
10486
11459
9409
8740
10274
8651
7714
8317
7593
6317
4957
5720
5222
2886
4041
3831
795
829
1458
-1079
-1903
-778
-2843
-4972
-4648
-5119
-7202
-7106
-5878
-7818
-8656
-7072
-7524
-7957
-6283
-4619
-4547
-4731
-1537
-809
-1536
2844
3831
4260
6048
7152
9101
8017
10599
12768
10349
11543
13041
10925
10366
12271
10834
8922
9027
8188
5545
4159
4806
2132
-91
-313
-2871
-5261
-6432
-7087
-8616
-10667
-10758
-12097
-14165
-13727
-13474
-13755
-13909
-13021
-11904
-12958
-11249
-7918
-8161
-6760
-3631
-3061
-2778
-663
2238
2614
2871
5758
5649
4302
6393
7466
6260
6579
7721
6466
5056
6100
5898
4710
5150
4962
4045
3042
2796
3348
2380
2143
2588
1227
108
-59
-23
-1211
-2076
-1386
-3421
-5248
-4541
-5893
-7291
-6915
-7138
-8585
-9413
-8441
-8921
-9453
-7329
-6726
-7074
-5468
-4084
-3216
-1384
764
2696
4305
5764
7853
9388
10909
13043
14374
15423
16201
16482
16872
17025
16792
16796
15600
14550
12953
10766
10157
7116
5822
4378
717
-591
-3515
-5360
-7277
-9440
-10113
-12467
-14188
-14955
-15813
-16775
-16718
-16367
-16405
-16790
-15873
-14188
-14623
-12622
-10254
-10239
-8706
-6657
-5160
-4166
-2330
306
735
1333
4095
4700
4417
6819
8046
7236
8002
9166
8571
7932
9101
9444
7898
7893
8385
7041
5825
6465
6286
4324
3930
4115
2609
1045
1328
1180
-1135
-1605
-1337
-3651
-4804
-4266
-5497
-7188
-7033
-7317
-9312
-9621
-8612
-9460
-10164
-8824
-8221
-9056
-8025
-5765
-5226
-4730
-2307
-302
-381
1291
5092
5571
6286
10145
10809
10599
13001
14514
14820
15015
16434
16569
14417
15207
15433
13062
12584
11801
9624
7108
5665
4686
1621
-105
-1063
-4231
-6505
-7431
-9133
-10866
-11641
-12188
-14001
-14828
-14356
-14934
-14400
-14231
-13038
-12291
-13449
-10267
-9007
-9108
-6067
-4534
-3752
-3041
-663
1192
1168
3362
4946
4471
5005
6381
6921
6609
7354
8165
6782
6216
7151
6439
5607
6170
5847
4476
3801
3794
3313
2369
2140
1988
679
-514
-637
-1197
-2634
-3079
-3329
-5201
-6291
-6157
-7555
-8557
-8020
-8983
-10285
-9980
-10127
-10629
-10006
-9232
-8776
-8358
-7554
-5973
-4799
-3493
-890
709
1764
4268
6134
7631
10272
12313
13639
15046
16375
17422
17922
18954
19725
18857
18389
18003
16391
15463
14855
13157
11216
9360
7112
4527
2501
871
-1570
-3898
-5748
-8419
-10647
-11776
-13337
-14689
-15480
-16671
-17426
-17498
-17602
-16742
-16061
-15951
-14546
-13717
-13234
-11040
-9191
-8400
-6310
-4778
-4178
-2601
-1086
818
1582
2893
4183
3963
4891
5532
6815
6650
6830
8091
6641
6803
7753
7545
7189
7326
7355
6128
5618
5985
5803
4741
4698
4509
2692
2010
1881
1052
98
-507
-1017
-2942
-4047
-3737
-5212
-5994
-5606
-6950
-8142
-8099
-8057
-8428
-8266
-7461
-7510
-7824
-6885
-5683
-5263
-3917
-2158
-1657
-571
968
2296
3852
5278
7049
7999
8591
10203
10957
11642
12927
13354
13328
13178
13405
13139
12397
12706
11718
9892
9486
8148
6370
5514
4274
2330
395
-748
-2729
-4590
-5199
-7099
-8575
-9283
-10794
-11678
-12128
-12690
-12961
-13180
-13365
-12939
-12536
-12427
-11146
-9809
-9820
-8363
-6284
-6139
-4645
-2282
-1429
-624
1094
2942
2919
3899
6304
5801
5859
7862
7499
7155
7749
7951
7931
6384
7400
7554
4845
5924
5832
3879
3700
3574
2751
1458
1210
882
-275
-1375
-1376
-2034
-3933
-3814
-4203
-6081
-6380
-6501
-7675
-8589
-8531
-8903
-10103
-9860
-9573
-10311
-9968
-9512
-9280
-8867
-8217
-6773
-6126
-5363
-3295
-2147
-1307
1023
3069
3851
5760
8407
9152
10460
13302
14221
14767
16776
17629
17659
18483
19011
18586
17839
17529
16651
15105
14253
12934
11114
9285
7341
5425
2875
764
-1087
-3586
-5806
-7471
-9516
-11488
-12620
-13936
-15214
-16118
-16599
-17083
-17576
-16773
-16453
-16721
-15140
-14113
-14315
-12185
-10259
-10031
-7976
-5742
-4869
-3784
-1644
262
496
2137
4437
4196
4778
6617
6982
6907
7438
8263
7942
7064
7895
8072
6749
6911
7247
5955
5438
5551
5017
4345
3448
3863
2765
1048
2205
1059
-537
92
-592
-2286
-2601
-2426
-3862
-4431
-4225
-5126
-6309
-6386
-6215
-7250
-7135
-6655
-7230
-7476
-7073
-6366
-6331
-5729
-4346
-4308
-3937
-2554
-1626
-637
427
2142
3190
3278
5482
6966
7147
9436
10986
10906
12091
13460
13663
14220
15348
15597
14783
14623
14701
13346
12514
12318
10739
8682
7204
5632
3345
1522
253
-1881
-4266
-5940
-7590
-9582
-10792
-11484
-12907
-14045
-14621
-15219
-15683
-15819
-14951
-14957
-15357
-13639
-13392
-13558
-11006
-9933
-9708
-7781
-6164
-5485
-4536
-2168
-549
-437
1453
3129
3042
4037
5583
6416
6337
6908
8125
7271
7128
8439
7985
7358
7615
7565
6589
5882
6467
5812
4550
4702
4242
2643
2396
2355
1079
592
-343
-855
-1909
-3372
-2507
-3992
-5332
-4628
-5983
-7264
-6754
-6832
-8004
-7529
-7178
-7839
-7559
-6839
-6192
-6010
-5229
-4049
-3596
-2928
-1369
-22
603
1985
3614
4221
5355
7234
8311
9128
10658
11622
12014
13216
13996
14391
15018
15133
15133
14851
14444
14082
13154
12282
11240
9535
8080
6442
4563
2861
737
-1138
-3319
-5596
-7140
-9237
-11208
-12591
-14226
-15768
-16862
-17661
-18488
-19059
-19089
-18915
-18860
-18325
-17307
-16997
-16116
-14475
-13928
-12569
-10472
-9424
-7695
-5689
-3969
-2371
-742
1632
2922
4288
6697
7753
8715
10345
11472
12055
12706
13721
13947
13594
14011
14233
13507
13220
13336
12447
11261
11156
10543
9208
8630
8072
6785
5358
4974
4019
2513
1855
1053
-484
-1994
-2203
-3910
-5124
-5298
-6991
-7790
-8857
-9476
-10154
-10857
-10873
-11426
-11524
-12044
-11478
-11141
-11423
-10110
-9561
-9440
-8369
-7014
-6251
-5420
-3563
-2300
-2025
-196
1798
2044
3816
5941
6135
7409
9092
9847
10822
11828
12869
12960
13087
14058
13675
13473
13747
12890
12094
11180
10278
9236
7614
6584
5070
2849
1400
-97
-2025
-3678
-5074
-6692
-8676
-9952
-10874
-12276
-13052
-13607
-14381
-15097
-15319
-15017
-15071
-14435
-13785
-13329
-12219
-11609
-9980
-8262
-7422
-5277
-3809
-2685
-766
756
2613
3938
5231
6751
7203
8178
9153
9693
10301
10286
10514
10471
9911
9957
10026
9323
8743
8700
7874
7063
7115
6615
5812
5518
5068
4234
3620
3289
2693
1761
1166
702
-616
-1420
-1805
-3044
-3840
-4587
-5236
-6511
-7220
-7299
-8825
-8655
-9123
-9903
-9520
-10370
-9896
-9796
-10130
-9290
-9038
-9022
-8391
-7453
-7208
-6500
-5166
-4591
-3989
-2678
-1569
-789
645
2144
3149
4489
5790
7187
8639
9607
11236
12418
12680
13900
14724
14679
15305
15471
14986
14407
13602
12932
11617
10273
9161
7251
5308
3514
1802
-53
-2002
-3487
-5339
-7281
-8557
-9807
-11081
-11880
-12557
-13585
-14049
-14233
-14592
-14372
-14055
-13679
-13419
-12820
-11697
-11210
-10113
-8275
-7549
-6536
-4516
-3406
-2164
-252
1446
2772
3713
5626
6705
7151
9003
9790
9985
10855
11144
11121
11147
11120
11064
10456
9830
9534
8647
7725
7368
6737
5516
4983
4331
2966
2387
1723
867
-204
-845
-1584
-3063
-3533
-4200
-5284
-6052
-6573
-7586
-8310
-8718
-9290
-9178
-10076
-9639
-9467
-10360
-9096
-8815
-8667
-7662
-6934
-6358
-5870
-4664
-3604
-3038
-2022
-832
-491
205
1443
2055
2832
3758
4505
5063
5677
6815
7454
8103
9528
9837
10132
11396
11545
11870
12743
12517
12340
12191
11512
11083
10355
9370
8281
6706
5347
3780
2004
738
-953
-2737
-4278
-5937
-7386
-8730
-9781
-10724
-11778
-12568
-13291
-13857
-14004
-14184
-14153
-13961
-14046
-13658
-13133
-12553
-11463
-10636
-9706
-8551
-7514
-6076
-4342
-2769
-1213
514
2054
3406
5188
6950
8134
9503
10906
11445
12101
13125
13402
13565
13829
13533
12869
12374
11958
11199
10440
9536
8545
7384
6226
5601
4591
3466
2624
1523
299
-629
-1404
-2277
-3284
-4049
-4908
-6366
-6848
-7378
-8482
-8787
-9318
-10102
-10793
-10692
-10661
-11016
-10481
-10305
-10174
-9682
-9028
-8008
-7318
-6416
-5352
-4595
-3741
-2768
-1608
-819
-201
816
1208
1556
2392
2823
3197
3560
3949
4164
4226
4847
5122
5253
5959
6107
6282
7048
7135
7412
8210
8117
8227
8744
8454
8334
8425
7996
7554
7041
6381
5606
4623
3893
2917
1759
1015
-115
-1250
-1983
-2979
-3790
-4373
-5131
-5714
-6213
-6766
-7007
-7221
-7535
-7563
-7734
-7940
-7832
-7801
-7666
-7435
-7066
-6758
-6569
-5697
-5212
-4893
-3490
-2865
-2467
-926
-176
472
1850
2749
3605
4260
5111
5945
5893
6693
7309
6810
7109
7184
6544
6333
6034
5575
5038
4287
3867
3236
2330
1953
1644
867
297
172
-384
-1095
-1174
-1143
-2051
-2358
-2021
-3228
-3476
-3186
-4012
-4201
-4414
-4737
-5132
-5489
-5302
-5424
-5683
-5430
-5249
-5404
-5050
-4447
-4132
-3792
-3176
-2642
-2319
-1772
-1000
-383
-135
488
1043
1122
1560
2122
2424
2497
2898
3173
3047
3479
3802
4005
4300
4472
5001
4986
5162
6048
5897
6034
6730
6436
6425
6708
6504
6429
6160
5798
5509
4782
4367
4021
3195
2688
2106
1298
742
53
-444
-914
-1691
-1955
-2410
-3308
-3416
-3784
-4660
-4786
-5196
-6090
-6414
-6845
-7553
-7914
-8242
-8794
-9206
-9385
-9641
-9762
-9569
-9384
-9098
-8664
-8092
-7166
-6350
-5338
-3922
-2943
-1801
-345
846
2112
3405
4667
5660
6498
7504
8213
8713
9303
9710
9731
9590
9789
9558
8850
9045
8542
7418
7381
6699
5721
5450
4894
4019
3444
2925
2050
1571
1035
245
-240
-960
-1682
-2135
-2766
-3382
-3714
-4259
-4875
-5090
-5418
-5818
-5814
-5906
-6090
-5990
-5932
-5721
-5457
-5186
-4748
-4558
-4159
-3682
-3359
-2834
-2471
-2114
-1820
-1580
-1183
-1030
-722
-466
-452
-186
-159
-36
238
214
446
502
516
757
800
1088
1328
1446
1729
1896
2113
2402
2737
2971
3292
3655
3651
4062
4379
4254
4738
4865
4609
4868
4779
4492
4518
4284
3892
3546
3041
2601
2042
1484
1111
417
-216
-672
-1328
-1866
-2297
-2733
-3151
-3610
-3893
-4130
-4441
-4510
-4577
-4728
-4778
-4770
-4668
-4634
-4461
-4156
-4091
-3935
-3531
-3312
-2999
-2490
-1990
-1488
-1180
-339
254
475
1650
2175
2365
3325
3743
3818
4506
4948
4765
5112
5233
4817
4820
4739
4343
4027
3724
3220
2700
2245
1818
1377
839
451
16
-507
-826
-1150
-1465
-1808
-2196
-2389
-2817
-3194
-3216
-3600
-3990
-4081
-4386
-4725
-4786
-4720
-4835
-4872
-4535
-4473
-4420
-3819
-3437
-3174
-2518
-1985
-1557
-912
-278
361
948
1400
1917
2248
2473
2823
3028
3076
3045
2995
2895
2686
2618
2564
2281
2013
1884
1659
1361
1327
1269
943
814
779
550
476
590
562
463
477
470
450
582
722
913
1106
1068
1358
1720
1721
2222
2691
2551
2803
3135
3022
3140
3412
3266
2950
2829
2561
2025
1739
1419
666
62
-448
-1250
-1824
-2234
-2909
-3415
-3881
-4498
-4774
-5034
-5307
-5316
-5474
-5626
-5594
-5525
-5378
-5193
-4836
-4615
-4547
-4013
-3655
-3439
-2632
-2154
-1905
-1199
-646
-216
492
1260
1775
2234
2893
3349
3650
4238
4649
4750
5000
5117
4996
4971
4906
4633
4371
3996
3533
3166
2609
2223
1869
1244
910
501
10
-228
-538
-809
-1039
-1329
-1488
-1656
-1831
-1906
-2048
-2193
-2352
-2485
-2523
-2699
-2760
-2704
-2851
-2856
-2750
-2758
-2628
-2431
-2218
-1948
-1715
-1339
-935
-587
-78
382
754
1215
1606
1965
2317
2582
2856
3033
3132
3236
3206
3180
3115
2986
2883
2636
2441
2219
1898
1785
1491
1234
1102
734
573
361
98
-35
-304
-518
-737
-1043
-1204
-1434
-1781
-1850
-2237
-2565
-2612
-3076
-3192
-3353
-3691
-3762
-3945
-4073
-4074
-4023
-4009
-3840
-3633
-3400
-3017
-2651
-2116
-1618
-1153
-439
169
685
1531
2158
2584
3421
3877
4215
4880
5084
5329
5613
5557
5671
5565
5351
5265
4875
4527
4168
3669
3256
2749
2246
1796
1221
698
295
-278
-805
-1107
-1723
-2228
-2445
-3038
-3444
-3641
-4133
-4454
-4708
-5000
-5178
-5380
-5386
-5419
-5434
-5173
-5032
-4718
-4196
-3806
-3236
-2572
-1937
-1259
-532
223
876
1529
2219
2707
3214
3727
3930
4217
4478
4378
4420
4429
4149
3972
3753
3388
3077
2746
2408
2083
1756
1473
1156
900
627
377
178
-113
-291
-493
-806
-975
-1202
-1548
-1696
-1977
-2285
-2469
-2773
-2871
-3234
-3316
-3335
-3749
-3548
-3603
-3710
-3455
-3330
-3210
-2907
-2535
-2391
-1894
-1510
-1221
-660
-315
147
565
946
1399
1713
2071
2395
2625
2907
3116
3259
3437
3543
3592
3626
3666
3615
3574
3580
3434
3340
3258
3055
2909
2740
2502
2287
2055
1763
1498
1211
886
585
247
-86
-406
-746
-1058
-1371
-1687
-1991
-2273
-2512
-2761
-2949
-3062
-3255
-3314
-3319
-3424
-3336
-3272
-3255
-3058
-2917
-2764
-2514
-2301
-2080
-1838
-1584
-1338
-1102
-828
-591
-382
-155
32
173
329
475
557
685
780
801
894
913
904
959
931
919
926
894
900
867
822
820
722
659
624
480
399
310
174
55
-62
-207
-374
-490
-611
-752
-854
-843
-958
-961
-815
-870
-690
-423
-299
-22
402
633
950
1554
1765
2205
2838
3005
3481
3963
4073
4419
4669
4649
4778
4717
4529
4384
4015
3682
3274
2715
2281
1685
1072
596
-100
-676
-1154
-1865
-2315
-2763
-3364
-3669
-4056
-4485
-4672
-4962
-5219
-5338
-5534
-5628
-5665
-5702
-5601
-5539
-5403
-5146
-4968
-4653
-4239
-3913
-3449
-2912
-2476
-1885
-1298
-801
-151
393
898
1490
1920
2372
2823
3122
3463
3703
3841
4002
4008
4025
4000
3843
3757
3572
3338
3162
2901
2641
2414
2148
1872
1656
1425
1165
990
807
587
446
300
127
-14
-153
-272
-455
-583
-672
-884
-962
-1030
-1218
-1246
-1294
-1415
-1403
-1416
-1406
-1386
-1337
-1164
-1191
-1007
-751
-809
-492
-261
-263
94
306
347
666
840
866
1129
1227
1256
1407
1427
1441
1446
1425
1383
1278
1216
1106
944
860
707
531
428
239
75
-56
-239
-372
-505
-653
-755
-898
-1031
-1129
-1290
-1387
-1477
-1635
-1697
-1821
-1961
-2026
-2151
-2205
-2259
-2315
-2286
-2317
-2267
-2195
-2154
-2012
-1912
-1766
-1565
-1403
-1165
-934
-712
-416
-190
61
349
548
816
1038
1205
1446
1587
1752
1908
1987
2127
2178
2225
2302
2280
2310
2327
2298
2331
2326
2316
2321
2292
2250
2206
2146
2040
1942
1839
1662
1527
1390
1173
1011
826
583
380
152
-79
-305
-532
-725
-956
-1151
-1285
-1492
-1607
-1684
-1836
-1861
-1884
-1936
-1900
-1866
-1829
-1768
-1677
-1596
-1522
-1411
-1306
-1220
-1101
-970
-899
-776
-652
-575
-447
-330
-238
-129
-26
52
134
225
266
322
370
372
397
408
390
380
347
314
262
212
175
83
8
-63
-180
-246
-317
-430
-480
-542
-633
-651
-687
-736
-725
-737
-733
-679
-652
-607
-538
-492
-434
-357
-281
-198
-98
2
118
235
348
478
583
697
837
936
1060
1173
1234
1340
1394
1428
1509
1496
1523
1555
1491
1509
1459
1374
1362
1243
1168
1107
951
883
771
638
590
466
386
355
235
187
162
87
96
74
30
67
41
20
69
43
35
78
29
31
44
-25
-27
-78
-175
-230
-337
-443
-519
-649
-744
-824
-993
-1048
-1149
-1288
-1274
-1393
-1436
-1414
-1514
-1469
-1452
-1483
-1390
-1376
-1350
-1266
-1269
-1201
-1142
-1126
-1036
-1023
-987
-904
-884
-838
-796
-799
-778
-758
-757
-718
-683
-662
-613
-562
-527
-470
-402
-364
-275
-190
-118
-6
88
200
327
464
629
781
955
1134
1292
1486
1665
1811
1995
2137
2254
2411
2514
2593
2685
2731
2746
2761
2723
2662
2583
2449
2345
2198
2015
1861
1647
1440
1241
994
801
592
338
152
-65
-298
-471
-677
-852
-995
-1164
-1272
-1383
-1502
-1561
-1636
-1705
-1757
-1814
-1849
-1857
-1870
-1863
-1827
-1806
-1759
-1699
-1640
-1549
-1467
-1384
-1281
-1216
-1129
-983
-956
-832
-699
-701
-558
-519
-501
-395
-404
-371
-342
-359
-349
-343
-349
-360
-374
-380
-397
-413
-399
-399
-398
-375
-373
-354
-326
-301
-253
-202
-146
-80
2
90
184
299
391
503
632
737
885
1014
1133
1279
1384
1511
1636
1721
1839
1920
1993
2088
2131
2186
2226
2214
2218
2180
2113
2053
1937
1815
1683
1506
1340
1140
915
697
446
213
-16
-248
-459
-675
-881
-1065
-1231
-1374
-1484
-1590
-1679
-1742
-1796
-1812
-1800
-1772
-1720
-1657
-1600
-1523
-1442
-1362
-1249
-1160
-1055
-951
-866
-759
-670
-589
-504
-442
-369
-289
-220
-133
-65
-2
69
106
164
194
216
247
254
272
295
307
311
346
328
337
334
278
285
219
177
155
97
69
18
5
-26
-41
-36
-50
-46
-50
-43
-36
-34
-29
-14
-2
4
17
26
26
18
16
9
-4
-14
-27
-46
-59
-59
-47
-22
12
53
100
156
226
306
402
497
588
684
783
887
993
1087
1180
1274
1350
1416
1468
1497
1510
1495
1450
1391
1305
1189
1059
904
722
531
341
134
-84
-302
-515
-738
-954
-1142
-1330
-1517
-1680
-1844
-2002
-2142
-2287
-2419
-2533
-2637
-2701
-2730
-2730
-2686
-2611
-2509
-2379
-2231
-2064
-1868
-1648
-1407
-1162
-903
-627
-347
-71
206
485
756
1013
1263
1490
1697
1888
2060
2209
2322
2401
2468
2516
2522
2502
2447
2359
2258
2136
1998
1858
1712
1545
1372
1205
1026
851
696
537
379
238
97
-37
-152
-266
-371
-465
-551
-626
-693
-750
-800
-856
-906
-945
-979
-1004
-1019
-1032
-1033
-1018
-984
-932
-870
-805
-738
-668
-592
-517
-443
-365
-287
-214
-135
-60
11
78
139
189
223
233
238
240
235
227
217
195
166
137
106
75
43
16
-13
-40
-69
-104
-142
-175
-206
-240
-270
-295
-328
-364
-388
-413
-439
-455
-467
-478
-481
-477
-464
-445
-422
-391
-362
-327
-278
-229
-176
-112
-46
25
100
177
253
321
386
449
501
538
569
593
610
616
623
619
601
578
554
527
494
458
424
390
365
349
337
332
329
319
312
306
298
295
298
303
311
314
314
315
314
303
285
267
244
212
182
155
125
96
78
67
55
38
22
7
-14
-41
-66
-91
-124
-155
-177
-199
-227
-262
-301
-352
-406
-460
-508
-558
-604
-647
-688
-728
-763
-788
-807
-816
-811
-799
-783
-761
-738
-718
-695
-668
-634
-592
-542
-490
-439
-391
-344
-298
-254
-217
-182
-151
-122
-91
-60
-32
-7
15
38
59
81
106
137
175
224
278
335
396
455
510
560
607
648
684
716
750
785
822
857
891
920
937
947
947
931
908
882
852
816
781
747
707
667
636
606
574
539
503
453
389
318
246
170
92
20
-46
-112
-189
-262
-332
-404
-479
-545
-607
-673
-733
-778
-811
-838
-853
-854
-848
-838
-819
-792
-766
-739
-705
-665
-624
-582
-537
-495
-456
-416
-373
-332
-296
-262
-235
-215
-199
-181
-162
-149
-136
-125
-118
-115
-108
-103
-97
-92
-91
-93
-96
-101
-105
-110
-114
-119
-126
-132
-130
-122
-108
-89
-68
-44
-23
4
33
62
92
127
169
215
265
323
382
442
500
556
608
651
684
712
734
751
762
769
774
775
766
751
731
701
659
608
555
494
431
372
318
260
198
138
73
7
-56
-113
-168
-220
-274
-324
-369
-407
-442
-471
-496
-520
-543
-558
-567
-575
-579
-582
-584
-583
-579
-570
-564
-555
-541
-520
-493
-456
-416
-372
-329
-285
-240
-197
-154
-114
-78
-43
-9
24
55
84
108
125
140
148
153
155
159
164
170
173
174
172
168
165
167
173
180
187
191
194
195
193
190
183
175
167
160
158
159
161
161
159
158
155
154
152
149
145
140
135
133
136
140
149
155
159
162
167
169
166
157
142
124
107
92
77
60
36
5
-34
-76
-119
-160
-197
-231
-263
-294
-320
-344
-367
-385
-401
-413
-423
-428
-428
-424
-413
-401
-386
-367
-344
-317
-290
-264
-237
-207
-171
-132
-93
-55
-16
27
74
122
169
213
256
298
339
377
409
435
457
474
488
496
498
491
478
457
435
409
380
350
319
287
256
223
191
156
120
83
43
2
-42
-88
-133
-174
-210
-239
-262
-281
-297
-313
-328
-340
-347
-352
-354
-355
-353
-351
-341
-325
-303
-277
-247
-218
-190
-163
-139
-116
-93
-71
-49
-27
-1
27
55
81
102
115
124
131
140
151
160
168
171
170
165
157
151
144
138
133
130
129
128
125
120
108
95
78
61
44
31
19
6
-7
-19
-31
-40
-46
-52
-56
-59
-61
-64
-68
-74
-82
-88
-91
-90
-90
-92
-91
-89
-84
-80
-78
-79
-81
-79
-72
-63
-52
-45
-37
-31
-25
-20
-13
-4
6
20
35
50
62
70
77
81
84
86
86
83
81
76
75
77
81
86
91
95
93
89
81
68
54
40
24
12
1
-7
-15
-21
-25
-27
-28
-26
-23
-22
-20
-22
-27
-30
-31
-29
-24
-15
-7
0
4
5
5
7
12
18
24
31
33
34
33
32
30
28
27
26
27
27
26
23
16
8
0
-8
-17
-27
-38
-53
-65
-75
-84
-91
-97
-105
-112
-120
-127
-134
-140
-144
-145
-143
-140
-134
-126
-118
-109
-99
-89
-78
-67
-55
-45
-34
-22
-11
3
18
32
45
59
71
85
99
111
122
130
138
141
144
145
145
145
145
146
147
147
144
138
131
120
110
99
88
79
71
64
57
50
41
32
22
13
5
-1
-5
-8
-11
-14
-16
-19
-20
-20
-18
-14
-10
-6
0
6
12
20
24
28
27
25
22
15
8
2
-1
-3
-2
-7
-13
-21
-32
-43
-56
-70
-86
-101
-116
-128
-140
-151
-162
-170
-181
-189
-196
-205
-210
-212
-214
-214
-211
-208
-203
-197
-189
-180
-169
-155
-138
-117
-95
-72
-48
-27
-5
17
38
62
84
107
131
156
180
203
223
245
265
285
304
325
344
365
382
398
409
416
419
417
410
397
379
358
333
305
276
246
215
182
146
107
66
27
-11
-47
-81
-114
-145
-173
-198
-222
-245
-269
-292
-311
-329
-343
-354
-362
-367
-368
-367
-362
-354
-341
-325
-309
-292
-275
-258
-242
-226
-208
-192
-173
-155
-132
-107
-86
-71
-60
-50
-41
-35
-28
-17
-2
15
30
45
58
66
73
77
82
89
95
105
115
125
132
135
137
139
141
148
153
158
165
173
182
191
197
201
204
206
210
215
220
221
222
220
217
210
201
194
185
176
167
158
147
135
120
103
84
63
42
20
-1
-23
-46
-69
-93
-114
-135
-156
-176
-195
-214
-232
-249
-264
-276
-286
-291
-296
-297
-297
-297
-295
-291
-285
-279
-268
-254
-242
-225
-207
-188
-168
-147
-126
-103
-79
-51
-21
9
36
61
79
96
110
123
136
147
157
168
180
193
204
214
220
222
221
215
207
199
190
182
174
164
151
138
128
116
105
93
80
66
49
34
21
9
-1
-10
-17
-23
-28
-31
-33
-34
-35
-36
-37
-35
-33
-29
-27
-24
-19
-17
-13
-14
-16
-17
-16
-11
-4
2
9
14
20
22
22
18
13
6
3
-1
-4
-8
-12
-20
-28
-37
-45
-51
-59
-68
-82
-93
-103
-107
-110
-112
-115
-118
-118
-118
-115
-113
-110
-107
-103
-97
-90
-82
-73
-62
-51
-40
-29
-16
-6
5
15
24
34
43
53
64
72
81
88
96
101
105
107
109
113
115
119
121
122
124
123
121
118
113
107
99
92
86
78
68
61
51
42
30
19
7
-4
-16
-26
-34
-43
-49
-54
-57
-58
-59
-61
-62
-64
-66
-70
-71
-72
-72
-70
-68
-66
-64
-62
-59
-54
-52
-50
-47
-41
-34
-27
-23
-19
-17
-17
-14
-12
-10
-7
-4
0
4
8
12
16
21
26
28
29
30
33
31
29
24
19
18
18
19
20
18
18
16
14
10
10
7
6
6
9
8
10
10
9
8
6
5
5
7
9
12
14
15
17
16
15
12
10
7
5
3
1
-1
-3
-7
-9
-11
-13
-13
-15
-17
-19
-20
-22
-22
-22
-21
-18
-15
-12
-9
-8
-7
-9
-11
-14
-18
-21
-23
-25
-25
-26
-24
-22
-21
-20
-19
-19
-19
-18
-15
-12
-7
-2
4
11
15
16
19
19
21
23
25
29
33
36
39
40
40
37
34
32
32
32
35
36
36
37
35
33
31
29
27
26
23
17
11
5
0
-5
-12
-17
-24
-26
-29
-29
-32
-36
-40
-47
-51
-54
-58
-61
-62
-61
-61
-58
-53
-51
-46
-42
-37
-31
-25
-18
-13
-7
-1
5
11
17
20
24
26
28
29
32
35
40
44
46
50
52
52
50
48
44
41
37
33
29
29
26
25
25
22
20
17
13
9
3
0
-4
-7
-10
-15
-17
-22
-27
-33
-36
-41
-45
-48
-49
-51
-49
-49
-45
-44
-42
-38
-35
-30
-24
-17
-9
0
8
14
17
21
21
21
21
21
23
25
28
31
33
33
34
32
32
31
28
27
24
19
15
11
7
4
1
0
-2
-4
-8
-11
-15
-17
-19
-22
-24
-25
-28
-29
-30
-30
-30
-29
-28
-27
-25
-24
-21
-19
-13
-10
-5
0
5
9
11
12
13
15
18
21
24
24
25
25
25
27
28
27
27
27
27
30
30
31
31
28
25
21
17
13
9
5
4
1
-4
-6
-10
-14
-19
-23
-28
-34
-39
-42
-43
-42
-41
-40
-41
-39
-38
-36
-35
-35
-35
-33
-30
-27
-22
-17
-11
-6
-3
2
4
7
10
13
17
22
25
30
33
34
36
36
35
36
36
37
37
36
34
32
32
30
28
25
20
17
15
13
11
8
5
2
-2
-4
-7
-11
-15
-20
-23
-24
-24
-26
-28
-30
-31
-32
-29
-28
-27
-27
-25
-22
-19
-16
-12
-8
-4
-1
1
2
2
2
1
1
2
3
5
8
11
14
16
17
18
16
14
12
9
10
10
10
10
9
8
7
3
1
0
-2
-5
-9
-13
-16
-22
-26
-27
-26
-24
-21
-17
-13
-11
-11
-12
-12
-12
-11
-8
-4
0
4
8
12
15
17
21
23
23
24
24
24
25
23
22
21
20
19
18
17
16
16
16
16
15
15
13
11
9
6
2
0
-1
-2
-3
-5
-9
-12
-14
-14
-13
-13
-14
-16
-19
-22
-22
-23
-23
-25
-27
-27
-27
-26
-26
-24
-23
-22
-18
-15
-14
-10
-8
-6
-5
-2
-1
1
3
5
6
8
9
10
11
12
13
14
14
14
15
14
14
13
12
11
11
12
13
14
16
17
16
15
13
10
7
5
3
2
1
2
2
4
4
5
5
4
3
1
-1
-2
-3
-5
-3
-2
0
0
1
1
1
1
1
0
0
-1
-2
-2
-3
-3
-4
-6
-6
-7
-9
-10
-10
-10
-9
-8
-7
-7
-8
-8
-9
-10
-10
-9
-8
-7
-5
-3
-2
-2
-1
-1
-1
0
0
0
-1
-3
-4
-5
-3
-4
-5
-6
-4
-4
-1
1
