SAMPLES:	16855
BITSPERSAMPLE:	16
CHANNELS:	1
SAMPLERATE:	16000
NORMALIZED:	FALSE
0
-1
0
-1
-2
-3
-3
-4
-5
-4
-4
-3
-3
-2
-2
-2
-2
-2
-1
0
0
0
0
1
1
0
-1
0
1
0
0
1
1
2
2
3
2
2
3
3
2
3
1
0
1
1
-1
0
0
0
-1
0
0
1
1
1
1
1
1
1
1
0
-1
-1
-2
-1
-2
-2
-2
-1
0
-1
-1
-1
0
0
0
1
0
1
0
0
0
1
0
0
0
-1
1
1
0
-1
1
1
1
1
1
1
0
0
0
0
0
1
-1
0
-1
-2
-2
-2
-2
-3
-2
-1
-2
-2
-4
-3
-4
-2
-2
-2
-1
0
0
0
0
0
1
1
1
1
1
1
0
0
0
0
0
-1
-1
-2
-2
-2
-2
-1
0
0
1
2
2
2
2
2
2
1
3
3
3
3
3
3
3
3
4
5
5
5
5
4
3
2
1
0
-1
-2
-2
-3
-3
-4
-4
-4
-3
-3
-2
-1
1
-1
0
0
0
0
0
0
0
0
-1
-2
-2
-2
-2
-2
-1
0
0
0
0
0
0
0
0
0
-1
-1
-2
-2
-1
-2
-1
0
0
1
1
2
1
1
2
0
1
1
0
-2
-2
-3
-3
-3
-2
-2
-1
1
0
0
0
1
1
1
1
1
1
1
1
1
0
0
1
1
1
2
2
3
3
4
4
4
3
2
1
1
0
1
0
-2
-2
-2
-2
-2
-2
-1
0
0
0
0
0
1
0
0
1
0
0
-1
0
-1
-2
-1
-2
-1
0
-1
-1
0
0
0
0
0
0
-1
-1
0
-1
0
0
-2
-1
0
0
1
1
2
2
2
2
1
1
2
0
0
1
0
0
1
2
1
1
2
1
2
2
2
2
2
2
2
1
1
0
1
0
0
0
-1
-1
0
0
0
0
0
0
0
0
0
0
-2
-1
-1
-2
-2
-2
-1
-1
-1
0
-1
0
1
0
0
0
0
-1
0
-1
-1
0
-1
-1
-1
0
-1
0
0
0
0
0
0
0
1
0
-1
-1
-3
-2
-2
-2
-2
-1
-1
0
0
0
1
1
1
1
1
1
1
0
0
0
0
0
0
0
0
0
0
0
1
1
4
4
5
3
3
3
1
1
0
0
0
1
-1
0
0
0
0
0
1
0
0
-1
0
0
0
0
1
0
0
1
-1
-1
-1
-1
-1
-1
-1
-1
-1
-1
-1
-1
-1
-2
-1
-1
-2
-1
-2
-1
-1
-1
1
0
-1
-1
1
1
1
0
1
1
1
1
1
-1
0
0
0
0
-1
0
1
1
1
1
1
1
0
0
-1
-1
-1
-1
-1
-1
0
0
0
0
0
0
0
0
0
2
1
0
1
1
0
0
0
0
0
0
0
0
-1
-1
0
0
0
0
0
0
0
-1
0
0
0
0
0
0
0
0
0
1
-1
1
0
0
0
-1
-1
-1
-3
-1
-2
-2
1
-4
3
-2
2
-1
0
0
-1
1
1
0
0
0
0
0
1
0
2
0
0
-1
0
-1
-1
-1
-1
0
-1
0
0
0
0
1
1
1
1
1
1
0
0
0
1
1
1
1
0
1
0
0
0
0
0
0
0
0
1
0
1
0
0
0
0
0
0
0
-2
-1
0
-2
-1
-1
-1
-1
-1
-1
-1
-2
-1
-1
-1
-2
0
-1
0
0
1
1
1
0
1
0
0
0
0
0
-1
0
0
1
1
1
1
1
1
0
-1
1
-1
0
0
0
2
0
1
1
-1
1
-1
-1
3
-3
3
-3
1
-1
0
0
1
0
1
-1
-2
-1
-4
-2
-3
-3
-2
-3
-2
-1
0
1
0
1
0
1
1
1
0
1
0
0
-1
0
-2
-2
-3
-2
-2
-2
0
0
1
0
0
0
0
0
0
1
0
0
0
1
1
0
0
0
0
0
0
0
0
-1
1
1
1
1
1
1
0
0
1
1
1
1
2
2
2
1
0
1
0
1
0
-1
0
0
0
0
0
0
-1
-1
0
0
-1
1
0
1
0
0
0
0
0
-1
0
-1
-1
-1
-1
0
0
0
0
0
1
-1
0
0
0
0
-1
-1
-1
-1
-1
0
-1
-1
-1
0
0
0
-1
0
0
-1
0
0
-1
0
0
0
0
0
0
0
0
2
1
1
0
2
1
1
0
-1
0
0
0
1
-1
0
-1
-1
-2
0
0
0
0
1
-1
0
0
1
1
1
1
1
1
1
0
0
-1
0
1
1
1
1
1
0
0
0
-1
0
-2
-1
-2
-3
-1
-2
-2
-1
-1
-1
0
0
0
1
1
1
2
1
1
-1
-1
-2
-4
-5
-6
-6
-6
-6
-5
-4
-3
-4
-2
-1
-1
0
1
2
2
2
2
3
3
1
2
2
3
4
4
4
4
4
4
4
4
2
2
1
0
-1
1
0
0
2
1
2
1
1
0
1
0
-1
0
1
2
2
1
1
-1
1
0
1
0
0
1
0
0
2
2
3
3
2
-2
-5
-5
-8
-8
-8
-7
-5
-5
-3
-5
-4
-4
-2
0
1
1
3
2
0
-3
-3
-5
-5
-6
-7
-6
-4
-3
-1
1
2
3
4
5
4
6
5
4
4
2
1
0
-1
-1
-3
-1
0
2
5
6
9
8
7
5
4
4
4
4
4
2
2
-2
-2
-5
-6
-5
-4
-2
1
4
6
7
6
4
0
-2
-5
-7
-6
-6
-3
-3
-3
-3
-4
-5
-3
0
4
8
11
12
10
4
-4
-11
-17
-20
-19
-14
-9
-4
-1
5
9
13
14
10
7
6
7
10
12
11
5
-4
-12
-18
-20
-18
-13
-7
1
3
4
4
2
3
6
9
11
10
7
2
-2
-7
-9
-11
-13
-14
-15
-15
-11
-5
1
7
10
13
15
16
16
13
10
8
9
10
14
11
1
-9
-17
-20
-15
-7
4
11
13
11
6
0
-5
-5
-3
4
9
11
10
5
0
0
7
15
21
13
-5
-26
-42
-47
-41
-24
-3
18
29
21
-3
-26
-26
-15
-6
-9
-18
-24
-25
-24
-67
-113
-104
-41
44
93
71
15
6
-10
-25
-59
-116
-127
-18
176
212
156
-40
-413
-747
-623
-76
984
2871
4396
4536
2486
-1118
-4976
-8101
-8826
-7409
-4066
92
3861
6830
7747
6949
4162
297
-2643
-4578
-4867
-3304
-1385
46
1067
1264
681
-294
-1294
-1975
-2278
-1777
-518
892
1945
2425
2270
1505
794
822
1091
826
-106
-1524
-2671
-3226
-2714
-1091
335
1626
3188
4009
3230
1647
-414
-2832
-4105
-4138
-2807
-844
737
2537
2650
1410
1010
247
-409
-308
-407
-535
-816
-687
-256
-391
-194
303
348
-23
312
787
428
1021
1503
1103
801
382
299
-62
-467
-354
-506
-718
-340
21
-5
288
460
330
269
4
-273
-598
-1161
-1199
-774
-351
419
853
794
419
-203
-360
-673
-989
-887
-955
-655
-68
469
885
708
403
82
-332
-423
-227
54
362
668
711
594
319
-109
-398
-619
-766
-666
-367
-102
260
521
602
565
290
233
143
34
74
-17
-56
-93
131
482
525
676
751
522
506
314
-38
-252
-560
-440
-366
-326
86
63
42
113
-150
-369
-487
-456
-285
-292
-345
-192
-142
17
361
369
145
1
-39
151
436
453
335
-170
-690
-737
-542
-98
195
344
267
40
-128
80
214
-181
25
-145
-176
499
539
644
286
-466
-788
-998
-1104
-1193
-1393
-1547
-1411
-1063
-506
-8
369
736
1021
1187
1256
1144
845
689
311
81
-67
-379
-231
-292
-107
301
422
975
1169
1287
1457
1068
931
603
348
450
341
463
379
126
14
-128
-97
-42
45
227
271
-28
-564
-1189
-1678
-1789
-1519
-977
-578
-648
-1110
-1463
-1438
-1387
-1408
-1666
-2968
-5640
-8930
-10812
-8220
86
11099
19502
22244
19438
12051
2921
-4885
-11501
-16278
-17391
-15105
-9345
-879
7479
13978
16549
13666
7277
90
-5430
-7539
-7020
-5278
-3076
-869
1135
2330
2276
883
-1814
-4463
-5139
-3454
-281
3294
5837
6198
5166
4389
3622
1473
-2119
-6109
-9371
-10491
-8655
-4869
-474
4189
8554
10995
10443
7678
3638
-1221
-5652
-8640
-9739
-8571
-5639
-1843
1368
2873
3408
3204
2564
2390
1710
659
92
-839
-1306
-1067
-1510
-1663
-1690
-3009
-4254
-4625
-3616
472
7152
14316
18539
16115
8672
61
-8621
-14034
-14877
-14143
-11023
-5029
1778
8804
14181
14961
11729
5742
-1093
-5575
-8234
-8072
-5591
-3967
-2130
-504
401
1470
1946
1448
214
-698
-33
1788
3041
2634
829
-1314
-3082
-3229
-1155
728
257
-1787
-2924
-2297
-1112
814
2692
2426
2285
4194
4915
3074
257
-3095
-6238
-7359
-5749
-3062
-604
2084
4291
4828
4598
3677
1356
-845
-2148
-2876
-2833
-2137
-1804
-1018
178
-292
-414
-116
-898
-1145
-143
129
113
1887
1812
1029
563
-1797
-2572
-2537
-2474
-1214
-282
471
1649
2910
3772
3804
2836
1497
158
-505
-256
213
737
947
925
1103
1507
2101
2668
2869
2560
1920
1269
594
-143
-708
-1162
-1706
-2376
-3105
-3508
-3561
-3446
-2204
-261
1066
1054
-205
-1528
-3107
-4390
-5186
-6818
-9267
-12410
-16916
-17530
-8413
8159
25170
31181
30188
26766
13317
-2134
-14245
-23185
-26139
-24086
-17759
-7929
4413
15088
21860
22132
15519
6398
-2938
-9185
-10798
-8798
-5174
-1632
1500
3732
4218
2147
-2062
-6605
-8925
-7516
-2760
3142
7599
9445
8955
7492
5798
3249
-694
-5559
-10690
-14670
-14948
-10909
-4678
1994
8317
13430
16130
14363
7729
237
-5294
-11244
-16077
-14225
-8424
-4555
-281
5289
6601
4343
4240
5287
3371
1557
1815
-41
-2839
-3211
-2592
-2096
337
3639
4723
3736
993
-1115
-1935
-2247
-508
364
751
2453
2957
3595
3010
410
-1971
-5338
-7643
-6994
-4159
585
5071
7013
6619
5572
5226
5809
4983
1093
-3736
-6919
-7172
-4603
-1770
-498
658
1454
1027
1853
4111
4622
2616
-143
-2197
-3912
-5391
-4892
-3824
-4664
-4410
-1285
1225
1575
764
-1521
-5122
-7543
-6725
-3083
2777
9763
14402
15214
13583
9373
3923
-803
-7050
-13555
-15605
-14394
-10347
-1870
6315
11090
14174
13860
9224
2683
-4236
-8908
-10000
-9150
-6285
-2770
-752
1937
3179
699
-951
-1678
-2489
-1848
-666
684
1730
814
718
1709
1825
1784
-1538
-3770
-5428
-9029
-7105
-3447
-312
4340
9248
10865
8028
5311
4058
5677
7248
5560
1192
-4250
-9005
-11028
-8895
-6320
-1763
3937
7950
12546
14002
11309
6738
-637
-6973
-9930
-11202
-7836
-2512
590
3638
5129
4383
2985
1591
-181
-1860
-1999
-1194
175
826
405
-1149
-4417
-7667
-8684
-6675
-3097
-186
1383
2106
34
-3867
-7436
-11071
-10510
-3446
8138
18643
22216
21146
15699
5400
-4424
-11302
-16276
-18441
-14367
-7225
-370
9091
15588
15777
13969
8506
348
-5636
-9336
-10319
-8319
-5756
-2253
1614
3535
4470
4045
816
-2666
-3920
-4040
-2825
-119
1240
1476
2526
3247
3383
2608
-1036
-4950
-7445
-9983
-10243
-7069
-2706
2122
7928
12221
11935
7344
2930
-1224
-7283
-9161
-8455
-9316
-8173
-2857
3668
11106
21106
22596
16424
9017
-2696
-11663
-15535
-16773
-14030
-8207
-1709
5205
11820
13877
11342
6313
188
-3786
-2886
1361
5228
6565
4691
918
-2795
-5058
-5964
-6515
-6458
-4588
-33
5936
10102
10730
8167
2819
-3403
-7236
-7674
-6087
-4502
-4050
-4220
-4869
-5532
-4243
-2157
-2059
-1954
-543
-1505
-6060
-11320
-13636
-9181
1901
14548
24202
27789
23508
13355
991
-11438
-20613
-22627
-18761
-12306
-2604
9222
17802
21081
19429
11818
765
-8658
-13962
-13999
-10210
-5210
1005
6349
8411
8411
5432
-573
-5549
-9039
-11004
-8522
-3364
1064
4575
6606
7764
8452
5989
1285
-3156
-8617
-12950
-12425
-9045
-5103
252
7135
12175
12790
11092
6730
-1123
-7523
-10837
-12693
-11448
-6566
717
9264
17369
21403
17597
9435
1409
-7109
-12927
-14210
-14093
-10818
-3794
3533
10550
14790
13656
9553
3794
-2613
-5900
-4975
-1848
1134
2114
1863
1072
-522
-1066
-1052
-2610
-3909
-3451
-1581
1396
3550
3987
2588
-1081
-4347
-5233
-4972
-4960
-6446
-7790
-6156
-3516
-1479
355
-2060
-9932
-14815
-10276
1472
15934
27446
30188
24389
14289
2432
-9035
-17340
-21287
-22103
-19861
-11861
533
12684
22265
25047
19174
9329
-1595
-10440
-14050
-14523
-12266
-7591
-2967
2431
7159
8415
6935
2572
-2764
-5730
-6517
-4929
-1751
360
1599
2580
3487
4981
4886
1360
-3711
-8640
-11395
-10243
-7137
-2795
3099
8143
11413
12194
9470
4544
-2366
-9224
-12696
-13193
-10043
-3668
1983
6192
10757
16166
18330
14415
9569
3015
-8231
-15154
-15206
-14577
-10604
-1740
6929
13288
16757
16625
12482
4607
-2651
-6409
-8456
-8093
-5203
-2989
-974
1279
1952
2229
1922
-109
-1411
-1334
-862
72
243
-639
-1698
-3269
-5509
-7250
-6860
-5007
-3864
-2669
-375
650
-1184
-4877
-10174
-14961
-11990
1159
15886
24815
27273
22413
11192
-815
-9933
-16613
-20194
-18519
-13063
-5849
4395
15006
20131
19273
14002
4807
-5001
-11490
-13735
-12659
-9286
-3941
2283
7019
9272
8816
5244
-35
-5292
-9155
-9520
-6859
-3257
512
3481
6172
9019
9766
7917
3499
-3560
-10043
-13870
-14424
-10758
-4924
1094
6912
10649
11247
9027
4373
-1277
-6019
-8374
-8030
-5689
-2054
1500
4111
7021
10752
13005
11257
6130
112
-6309
-11715
-11695
-7644
-4397
1322
10217
14388
13642
12106
7406
-269
-6857
-10795
-11367
-8770
-4043
1738
6266
8335
8660
7268
3952
-499
-4728
-7526
-8241
-7069
-5093
-3271
-2433
-3030
-4507
-5706
-4591
-1197
860
143
-3070
-9419
-15106
-13988
-4587
9476
21634
27493
26208
17961
5968
-5714
-15168
-20377
-20436
-15944
-8073
1974
12948
20163
20353
15568
6413
-4727
-11923
-14015
-12211
-7595
-2746
1575
5070
6756
6588
4043
-687
-5895
-9335
-9189
-6342
-2264
2240
5009
5799
6389
6393
5124
2623
-1686
-6534
-10045
-11662
-9836
-5161
-436
4565
8915
9582
7287
3489
-1173
-5016
-7127
-6624
-3674
-122
3139
4439
3577
4570
8232
10309
8783
4785
-1378
-7993
-10338
-8170
-4956
-76
5789
8729
9615
9912
8024
5098
2134
-1775
-4962
-6426
-6118
-2788
444
854
1936
3294
2087
1450
2064
776
-1047
-1524
-2219
-3892
-5709
-7676
-9787
-11100
-10409
-6109
170
3515
3164
-705
-9480
-16979
-14869
-3482
11687
24260
29655
26296
16022
4589
-5731
-15463
-20904
-20958
-17946
-11094
90
12506
20740
22248
18315
9410
-1012
-8340
-12651
-13108
-9965
-6205
-1303
4028
7252
8390
6546
1680
-3676
-7050
-7033
-4935
-2144
698
1769
2437
5027
7509
7501
4383
-1203
-7022
-11421
-12829
-10366
-6345
-1723
4579
9891
11310
9895
6048
-211
-6342
-10300
-11305
-8540
-2801
3016
5818
5269
4608
6544
10427
13144
11176
4307
-4246
-11113
-12963
-9509
-4466
1110
6695
9389
10118
10546
9202
5846
950
-4420
-7855
-8253
-5239
-539
2730
4790
5081
2576
1278
1120
-1904
-3505
-1382
-911
-1177
42
-898
-4204
-7986
-11250
-11134
-7025
-1532
2227
2464
-1003
-8498
-16166
-16502
-7445
7332
21548
29000
27639
18844
6986
-4105
-14857
-22540
-22723
-18358
-11239
1180
14106
20866
22205
18530
9108
-1501
-9214
-13622
-13864
-10366
-5280
79
4419
7418
8811
6445
712
-5191
-9297
-10031
-7337
-3120
1186
3664
4423
6587
9343
8663
4440
-871
-6822
-12555
-14030
-10640
-7059
-3211
3693
9484
10481
9321
6311
57
-5918
-8483
-8717
-6483
-1085
4310
6360
5445
2911
-220
-811
3536
8227
7946
4980
1219
-3588
-5258
-2930
-663
980
2046
2646
4718
7173
8081
7066
3401
-1361
-4546
-5365
-3550
-443
1774
2769
2491
1766
1489
166
-1294
-1941
-4568
-6546
-5120
-4863
-5931
-6616
-8876
-9954
-7294
-2629
2040
1873
-5075
-11989
-10558
853
14810
23092
23817
17754
8520
1202
-4754
-11929
-18228
-20493
-18389
-11557
326
13367
21697
22522
16208
5611
-4558
-10630
-11645
-9010
-5256
-1876
1261
4214
5954
5057
1093
-4338
-8517
-9782
-8022
-3572
2494
6997
7289
6051
7381
8534
5013
-458
-5440
-12126
-16559
-13481
-8629
-5998
485
9884
12899
10466
8713
4395
-3222
-7544
-8741
-9036
-5646
1093
6248
5890
2389
-190
-1352
2244
8322
8060
4799
2285
-2375
-3708
-454
1042
1466
2143
2307
2284
2041
3373
5416
4834
2649
289
-1760
-1787
-418
488
1019
773
-394
-685
-169
-202
-585
-1118
-2636
-3949
-4351
-6971
-10856
-11728
-13240
-14656
-5119
5988
5388
1957
-2808
-12307
-12811
2420
15830
20265
21810
19431
11956
1873
-3902
-10224
-18148
-19025
-17042
-11451
278
12702
20316
20893
14961
4676
-3953
-7225
-6501
-4961
-3515
-2354
-1664
662
3523
3659
980
-3626
-7745
-8832
-7644
-2367
4292
4381
2644
4528
6513
8506
8208
3465
-2437
-10303
-16318
-14260
-10831
-9352
-3072
5714
9063
8626
8703
6377
1524
-383
-708
-2440
-1834
1090
1127
-2083
-5187
-5625
-1406
6307
11971
11940
7874
2837
-1067
-2736
-2530
-1079
1130
2751
3013
3075
4040
5093
4624
2292
-437
-1825
-1410
-24
1358
2228
2246
1618
992
609
452
-52
-942
-1856
-4232
-8217
-12402
-16375
-18509
-17265
-11711
-2136
6604
9717
4940
-4314
-8865
-5294
6817
19882
18656
12167
11749
5326
-2746
-3647
-7805
-13933
-15799
-14094
-6724
2538
11397
19366
18004
8073
-1463
-7326
-7730
-4026
-729
504
-164
-1202
-1251
-1273
-2107
-4364
-6850
-6285
-4198
-1552
5248
10162
6717
2722
2713
3660
4435
3085
-590
-6324
-12502
-12352
-8763
-9184
-6948
1677
6878
5524
4177
3418
-113
-2251
578
2789
2504
4831
7120
2544
-4930
-7158
-4195
229
5333
9629
8638
3622
1347
1547
1809
3187
3734
3841
4160
1534
-159
1645
2933
4790
6308
4848
3498
2062
-217
-1088
-1785
-2881
-3090
-2818
-1942
195
3422
5747
4838
-48
-8392
-16763
-22770
-26075
-22501
-12030
-1391
6850
10461
4764
-6917
-11124
251
15025
20001
20412
18744
10114
1275
-969
-4620
-13658
-17562
-16004
-15472
-6602
7174
12604
18777
20188
5752
-2709
-2217
-6914
-5088
1835
-437
-3667
-1960
-1723
-2784
-2747
-4308
-7166
-6799
-4172
354
7788
10198
5745
2397
2225
4171
5139
3435
847
-6172
-13136
-11529
-10275
-13078
-9006
1088
6715
6605
7423
7203
1084
-1291
2521
1532
374
5541
6457
-1111
-7749
-9356
-7886
164
12455
16308
11813
6264
-246
-2490
227
-112
-372
1637
834
1461
5352
6866
7678
8420
4952
584
-702
-777
439
2307
1180
-1775
-3148
-2753
-1028
799
1004
857
860
-2388
-9107
-14923
-19316
-23516
-22562
-13438
-2517
4732
6491
84
-8789
-7302
6434
20842
25160
20849
13791
4561
-2373
-4422
-8245
-12666
-13961
-14683
-11204
-1717
7712
14252
17451
13415
1150
-6532
-4007
-3156
-304
7015
4529
16
1135
-2345
-5874
-7882
-12507
-12028
-8441
-4768
4081
12514
14037
10221
6337
6622
6491
3259
162
-5007
-12508
-15391
-11989
-9466
-9968
-5810
3147
7292
6261
6225
5523
2286
1564
3369
2465
1695
4064
2608
-4033
-7472
-6157
-3120
2901
8779
8263
4569
3187
2412
1492
2345
3164
2689
2584
1934
-193
-688
1894
4957
6794
7272
6064
3826
1973
611
-799
-1983
-2631
-2866
-2381
-916
990
3326
5299
3161
-4301
-12723
-19151
-23634
-23597
-16382
-5783
2421
6697
4672
-4731
-11269
-4055
11278
20979
22652
21404
14277
2851
-1304
-3251
-12332
-17369
-15164
-14579
-9702
1959
9789
13745
16252
10186
-962
-4900
-2993
-1163
1953
3518
551
-1560
-2545
-5531
-6000
-5573
-9811
-10445
-3850
648
4627
11018
10502
3487
1625
6327
8384
4555
994
-2816
-10907
-15174
-12502
-13370
-15944
-8673
2644
5957
6320
9274
8009
4943
8152
9441
3605
1539
2265
-4579
-11770
-10512
-6757
-1981
6657
12439
11026
8078
5800
1675
-1016
-309
8
1087
2400
623
803
3326
4275
6390
7034
4729
3824
2186
493
865
127
-350
-58
-382
-123
-717
-1272
-982
-2692
-6207
-11901
-17678
-19710
-20669
-17565
-6175
3541
4305
-836
-9150
-11824
1480
20913
28847
26724
20281
7521
-3404
-5903
-9275
-14744
-15317
-14222
-11463
-2254
7743
14463
18166
13314
2189
-6642
-10408
-6958
-1142
1628
4975
5085
1009
628
250
-4220
-9442
-12605
-11847
-8940
-2273
6077
8515
8937
8199
7603
13043
12210
5113
2048
-8259
-18330
-15006
-13724
-15602
-10974
-4124
2260
5814
7173
9015
7389
5672
7266
5285
2216
3770
2130
-5508
-9794
-9852
-9144
-2110
9398
13479
10463
8250
5713
1752
415
622
240
133
-1333
-2509
-374
2449
5946
9862
9964
7236
3568
-912
-3338
-3436
-3067
-2051
379
2933
3189
2519
1134
-3397
-8369
-13015
-17927
-19032
-18657
-17902
-9811
1742
6107
2031
-5656
-9297
-1019
16847
29783
29816
21981
8439
-5272
-9761
-11498
-14990
-13679
-11792
-10589
-2347
7861
14044
18674
17117
5618
-6433
-11134
-10717
-7296
-1502
2643
2724
1047
807
1402
-765
-4515
-6934
-9359
-9680
-4317
2837
7526
8663
5566
4619
9355
9582
5014
2825
-3895
-12230
-11901
-11150
-12821
-8365
59
3440
2099
4701
2875
-5536
1703
9311
-831
2129
13479
7404
1901
1179
-7015
-12751
-7898
2470
8735
10275
10960
6246
1039
206
-2381
-2981
-583
-1606
-2825
-1183
2790
8109
11612
12729
10049
3763
-923
-3486
-5009
-3624
-1489
-1329
-661
1765
2642
1694
2148
1788
-2666
-7796
-11546
-16427
-21353
-21182
-14331
-4730
3552
6585
214
-10766
-12784
151
17525
25972
26066
21627
10892
1459
-741
-5889
-14469
-16908
-17022
-16319
-8016
3370
12027
18341
16808
6818
-1855
-5079
-4320
-1424
522
-114
-2826
-3991
-1859
-426
-1323
-4435
-8680
-9625
-7198
-2439
4693
8815
7299
4536
6384
11448
11077
7994
5383
-5515
-16867
-16566
-15300
-17301
-11583
543
6564
6323
9562
11214
6133
5202
6016
258
-1358
5279
6797
377
-2403
-4450
-13451
-12124
591
1454
723
9070
9276
6279
10083
10064
5137
953
-3834
-9399
-10542
-4342
2951
8515
13121
12301
8471
5653
1771
-506
-1487
-4344
-4522
-1733
402
3030
3683
525
-3057
-8011
-13476
-15404
-17007
-17817
-12625
-5483
343
4815
1143
-9709
-13085
-1877
14515
25130
28629
24011
10253
-1264
-4234
-8853
-14322
-12922
-11855
-11756
-4514
3888
10010
17350
17065
6430
-2660
-7596
-10117
-6807
-1539
269
390
-115
-654
253
902
-1088
-4773
-6474
-6064
-5244
-1244
3266
2011
-393
2855
9675
13069
11749
9799
2501
-9311
-12391
-11647
-16228
-15204
-5358
1883
3179
4820
7494
5129
2539
4742
3320
1312
6618
9649
5755
1242
-4852
-12942
-14061
-5667
1525
3926
6454
7030
6009
6124
5386
6285
5385
-2954
-7748
-4844
-2715
1637
10127
13593
10162
6394
3432
-750
-2979
-3239
-4465
-3187
-307
750
3557
5767
3671
837
-3324
-8861
-12518
-16281
-20032
-19402
-13653
-5398
2414
6261
1208
-9437
-11201
1053
16596
25882
28045
22302
8010
-3152
-4324
-7843
-13707
-13407
-14203
-14830
-6920
3770
12828
19520
18549
8315
-3503
-7808
-7451
-5934
-817
869
-2476
-2336
-925
-102
1318
-1201
-4795
-5615
-6122
-3756
1536
3877
2641
1196
4182
10816
11883
8304
6092
-1558
-11998
-12751
-11137
-14592
-11856
-786
6061
5802
6455
7541
4153
2368
3862
1233
-241
5066
7669
5268
2640
-4268
-11488
-8492
-1840
288
2809
5634
4354
3711
6518
6633
5197
4057
-4522
-10653
-4535
-3265
-2114
11970
16883
9461
8372
7392
720
-4268
-4617
-4089
-6471
-5292
572
3554
5345
5286
1951
-679
-5845
-11981
-14503
-18061
-19705
-14525
-7344
508
6231
2086
-8614
-13594
-4973
12783
25399
28038
24613
12897
-327
-3364
-5697
-13393
-14754
-12551
-13547
-8716
1095
7708
14587
18067
9835
-888
-5302
-6717
-4448
829
1528
-1451
-2050
-1711
-1506
-422
-2242
-6009
-6859
-6502
-4293
1458
5522
5270
2535
2833
9337
12368
8801
5512
-1226
-10824
-13121
-10724
-11967
-12770
-4891
4890
5713
5279
8465
5483
803
3179
3336
-670
1827
6877
5374
1698
-1510
-7411
-9531
-3112
1711
1712
4639
6016
3085
6041
10659
8151
4719
-472
-9765
-12640
-7912
-1767
5718
11147
12674
11250
5612
3323
4018
-3701
-8786
-5074
-7951
-9274
-464
3824
4865
7066
3234
-2653
-7098
-12217
-14601
-13799
-12867
-10811
-4784
1088
-557
-6962
-11175
-7591
6619
20838
25457
24430
17324
5336
-568
-2871
-9104
-12795
-13420
-14764
-11215
-4167
2562
11011
15411
10895
2161
-4273
-5016
-2877
659
4233
3325
1359
188
-2414
-2831
-3906
-7529
-7866
-7860
-8246
-3856
1310
2947
2873
4955
10669
14546
13962
11152
4163
-6082
-12802
-15400
-19071
-20946
-13629
-2348
3922
8253
12304
11473
9670
11044
9376
4360
2981
1946
-3649
-8449
-10880
-13416
-10498
-942
6163
8707
10243
9094
6348
6191
6000
3197
712
-1852
-5629
-6068
-2481
707
4046
7908
8380
5849
3632
1942
247
-611
-98
690
749
-542
-2000
-1183
-2158
-6720
-8315
-10813
-18267
-19595
-13858
-9197
-3516
2309
1605
-5796
-10842
-1929
16006
27505
31127
27772
13296
-2739
-9881
-14007
-17877
-17375
-15522
-12088
-2679
7722
15457
21411
20144
10506
-923
-9728
-12288
-9836
-7309
-3352
1215
2017
2162
3776
2499
-1865
-4940
-5610
-5349
-3721
-591
1943
2866
2328
2535
6680
10800
9103
4851
620
-5930
-10067
-8394
-9098
-12311
-7733
409
2208
2783
5027
2852
424
3128
4353
3476
6949
10011
6818
1534
-4542
-11709
-13254
-7647
-1809
2468
6473
7989
7460
7546
7490
6505
4471
-163
-5497
-6935
-4479
-127
6359
12271
12833
9113
5143
1106
-3235
-5452
-4967
-3956
-2307
1384
4772
6069
6655
4601
-2426
-10233
-14584
-17511
-20052
-18149
-12131
-6064
1146
6173
1220
-8402
-11274
-3288
12991
26687
29347
24021
13620
1934
-4413
-8894
-14758
-16256
-15251
-14328
-7761
1910
9804
17453
19741
12567
2707
-3925
-6509
-5741
-3495
-2660
-3829
-4295
-3736
-2540
-613
-1382
-3624
-3148
-2405
-1082
3097
5353
3618
882
250
5016
9603
7180
4083
420
-8752
-12529
-9037
-10281
-10535
-2698
3593
4071
4231
5015
2725
468
2259
1234
-1501
3051
7083
4147
2046
-223
-6105
-7345
-2181
-75
-1003
1500
3614
3738
7099
10096
9001
5765
-1048
-8465
-10440
-7526
-1289
6425
12063
13603
11074
7818
5278
912
-3402
-5225
-6740
-7099
-3835
883
4682
7414
6885
1664
-4561
-9580
-14487
-17644
-17917
-15986
-10563
-3325
1204
1333
-3852
-11641
-11239
2566
18480
27223
30717
24272
8228
-574
-2888
-11223
-16441
-14014
-14687
-14158
-5254
4783
11869
16855
15792
8055
-237
-4963
-4918
-1289
310
-1459
-1838
-1681
-2855
-1621
-413
-3786
-6061
-4910
-4828
-3043
1856
4093
2693
1824
5671
11905
12280
8304
4252
-4604
-14059
-14388
-12194
-14185
-10541
858
6610
6165
8006
6893
960
-637
436
-1387
-817
4441
6666
3161
200
-1608
-4833
-4135
-376
-1764
-3919
-986
2047
5078
9639
10559
8527
5606
-1397
-8022
-8324
-5101
299
7281
11479
12218
11567
9682
6629
2174
-3345
-7724
-9525
-8749
-5826
-1207
4357
8003
7891
5363
-104
-7543
-13353
-18167
-20532
-18061
-13811
-7268
631
3784
1030
-6710
-12239
-5363
9267
21234
26730
25749
17715
5557
-114
-3497
-12595
-15971
-16988
-19417
-10401
-1807
3076
15462
16851
7361
4425
803
-1482
1262
763
119
-892
-4275
-3985
-1583
-1700
-4237
-6381
-7412
-8665
-5677
1150
5158
6093
4387
4011
9727
13035
9859
6339
-451
-11049
-15390
-13752
-14094
-13302
-5873
2803
5503
4923
6044
5634
3750
5036
4263
392
1541
3752
1242
-754
-1441
-4930
-7499
-4787
-3799
-5929
-1439
4519
6103
11048
14436
11937
9963
4582
-3720
-7676
-8285
-5666
-124
6511
11781
11508
9866
8334
2341
-2757
-4804
-7289
-7396
-5050
-1149
4197
6518
5638
2534
-4563
-11141
-14336
-17782
-19477
-16665
-12327
-5732
2608
5290
-26
-7821
-9002
1384
15141
23662
26877
23060
11463
692
-3448
-9304
-16818
-15124
-12600
-13151
-5148
3692
9132
15842
13982
6759
1840
-2944
-2539
340
2201
2207
-4125
-4814
-1620
-5872
-3249
114
-7718
-8259
-2313
-715
2591
5502
3156
44
3757
10722
9608
7014
6366
-3126
-12057
-11056
-11836
-15416
-11495
-1721
4232
4803
5773
6688
4121
3003
3990
855
-541
3777
4223
981
860
-2557
-8103
-6245
-3599
-5331
-4108
2681
5139
6375
12863
13219
10317
7226
-1181
-8438
-9549
-6691
-1616
6534
12674
14085
13144
10091
5366
-151
-4957
-8918
-9452
-7151
-4575
1505
7962
9499
8657
4525
-2747
-8756
-15312
-19835
-20342
-20132
-15797
-6431
2399
5956
1883
-7831
-11759
-2992
11316
23436
29104
26415
13499
699
-1888
-8257
-15706
-14359
-16802
-17101
-7883
-211
6799
16802
19413
10657
3543
133
-3004
-1046
1314
-1870
-4047
-4200
-5748
-1262
3361
-2380
-8801
-6414
-4204
-5870
1241
9143
6346
1132
4335
12106
9848
5368
4868
-3146
-14443
-16778
-13383
-13364
-11807
-1106
8852
8314
6812
7538
2840
-1635
-1810
-3654
-4137
388
3326
3572
3387
-214
-4226
-3078
-975
-3275
-4194
-127
676
1297
9102
12869
11152
11171
5015
-4067
-6995
-8134
-5793
1336
7724
11992
13424
12927
9880
4093
-348
-5804
-10856
-10883
-10105
-5572
3376
7557
8948
8514
2821
-2213
-7146
-15730
-21555
-22554
-20818
-13313
-1554
6527
6878
186
-9742
-13355
-3345
13185
24154
27552
23536
12373
3548
-329
-6618
-11942
-14277
-18557
-18147
-9958
-1441
8341
17472
16835
10161
5411
2120
920
1775
426
-3007
-5151
-4835
-2855
-737
-369
-4127
-8498
-7646
-5417
-3695
2172
6768
3541
414
6519
13719
11338
8450
7058
-5222
-17231
-15543
-14457
-18305
-13455
-1187
6025
7220
10437
11251
5010
1049
292
-2806
-3796
-239
224
-844
-795
-3922
-4647
-2393
-2801
-3996
-214
5196
5205
8239
13726
12183
10843
9130
22
-7578
-10907
-10138
-2816
3796
8821
12505
14235
14176
9830
4886
-1953
-9455
-10680
-8815
-7004
-2244
3409
6040
7496
6111
466
-5266
-11894
-19444
-21606
-18651
-14047
-5164
4452
6535
746
-9224
-15262
-6792
11144
23523
27315
23435
11802
2636
258
-3854
-8890
-11781
-17055
-18917
-11438
-2546
6382
16203
16083
7160
1935
188
276
4285
4845
-551
-3586
-3943
-4161
-1991
-529
-4515
-8560
-8582
-7735
-3499
3990
7330
3784
87
2676
10241
13426
10774
8683
-1891
-14164
-14994
-12490
-15179
-16999
-5149
3648
3923
7932
8155
5185
3823
4105
686
-2635
1889
3007
1368
1418
-4611
-9845
-7155
-3854
-3247
-166
5434
6257
7235
13058
13824
12232
11493
2325
-7400
-9649
-9280
-5380
1739
9432
12421
10870
10467
8348
3930
-4
-3954
-7529
-7739
-5217
-1005
4773
6509
4632
1379
-5143
-11086
-15415
-20098
-20618
-16196
-10107
-1409
6301
5498
-3849
-12702
-10635
3078
18044
25614
26105
19257
7018
-19
-3222
-10868
-14787
-13164
-14447
-12578
-4669
3213
12476
19066
14473
3562
-3448
-4784
-2971
1311
3437
542
-1636
-2613
-2578
1410
530
-6925
-8917
-7190
-6525
-2314
2299
2160
573
2135
8746
14211
12780
10684
5655
-8042
-15641
-12637
-14371
-19253
-13855
595
7449
4446
8212
10326
1774
2046
5131
-1752
-2311
3062
3557
1991
-2266
-7643
-9017
-6308
-3678
-2731
2485
7213
6257
10644
16203
13451
11027
7324
-3697
-12417
-12578
-7677
-453
8150
13747
13077
11162
9806
5872
938
-4043
-7976
-9066
-8895
-5193
2333
7582
9109
6240
-1838
-10131
-15996
-20333
-21938
-19382
-13529
-6424
1621
6318
859
-8210
-7146
5528
18265
23037
23539
18265
5650
-1481
-3294
-9419
-13442
-14194
-14953
-10729
-4627
2069
12260
16808
11740
5163
443
-2944
-2756
926
2235
-400
-2547
-3719
-3000
-268
-1283
-4459
-5239
-7407
-8794
-4027
906
1199
-321
-76
5846
13726
16045
15016
9934
-3174
-13787
-15565
-18918
-23268
-17073
-4638
2192
5202
10904
14018
10128
9507
10937
2235
-4713
-1677
-2316
-6188
-8845
-9974
-5286
-3010
-580
10226
11733
4842
6847
8393
5167
6117
8475
5880
-2001
-6973
-4864
-2094
1964
8443
10224
7211
5062
4128
2154
234
-130
-1341
-3513
-3532
-2106
-526
1942
2590
-2108
-9392
-14556
-17485
-17681
-13450
-8814
-7067
-5187
-4714
-8515
-7155
6312
21344
28668
29546
22143
7086
-4572
-8856
-12578
-16104
-15599
-13109
-9456
-2148
6658
12973
15753
13514
5956
-2414
-6941
-6782
-3380
1072
3806
3224
1164
-714
-3461
-6579
-8607
-9351
-8028
-4432
-157
3462
6615
7287
3581
3372
8820
8161
4403
5034
-89
-8976
-9816
-8822
-11651
-11929
-6267
152
1715
2358
4591
4317
4204
6701
7951
7016
5409
3846
833
-4726
-11118
-15261
-11903
-3771
2205
9522
15268
11609
5734
5112
6787
3775
-1668
283
-766
-8936
-2670
9798
8934
9152
12670
6780
449
-600
-1714
-1373
-880
-2848
-3558
-2389
-658
1830
2672
903
-2907
-8719
-13351
-16187
-18918
-17665
-11455
-5529
-1476
-465
-5024
-8539
-755
15020
26055
27863
23136
12235
59
-5534
-7925
-11616
-13762
-14466
-12396
-6503
-904
6192
13429
13290
7959
1648
-3298
-3433
-1030
1557
2958
1377
-819
-2587
-3417
-3904
-7297
-10045
-9625
-8201
-3424
2576
5250
6118
4663
4269
10291
14076
10749
7776
1870
-8827
-13289
-13101
-16377
-18408
-12417
-2673
635
3231
11572
12727
11263
15899
11883
4133
3123
-1107
-6098
-8721
-13312
-14958
-11992
-3816
7450
13398
15266
14181
8904
4736
863
-1749
328
-2425
-8061
-3209
3620
5087
9417
12866
9647
1066
-6723
-3149
-327
-5207
2085
10745
3939
894
3040
-2907
-10173
-14511
-18183
-20336
-16788
-10020
-6330
-1527
1725
-3649
-11250
-12219
-4545
12596
27521
30687
30368
20356
3852
-4574
-12041
-19678
-20510
-17887
-15166
-7559
3005
11626
18926
19674
12307
3055
-4226
-8092
-7003
-3510
-2818
-3273
-2319
-2379
-1385
1201
-1362
-5918
-6484
-7502
-7846
-2448
3600
4050
1924
3933
10090
13876
12932
9433
2672
-6426
-12260
-13970
-16186
-18126
-12977
-2287
3631
5768
9749
10086
8154
9654
8238
3665
1851
832
-981
-4207
-7764
-8132
-5685
-702
4900
8496
11029
9354
4724
2142
-777
-1819
-733
-2673
-3564
-752
2106
5202
8350
10230
9058
4526
1790
-1134
-3820
-3152
-1474
1206
1760
351
-1443
-3493
-7850
-10220
-10927
-14714
-11189
-7912
-6714
-3588
-5277
-6303
-9736
-10693
-522
13514
24432
29968
28083
16605
2717
-6106
-11769
-16948
-17870
-13917
-9269
-3237
4813
12331
15810
13790
7910
735
-5535
-8407
-6387
-2629
-906
-192
851
446
-1070
-2360
-5360
-9494
-10414
-7800
-4566
-682
3553
4937
4723
7723
11810
12293
10372
6671
-855
-9576
-13861
-13894
-14489
-13928
-7567
-91
4196
8746
12147
10473
7657
7111
6055
3405
1547
42
-3371
-6954
-7601
-5361
-1311
4121
9205
10890
8577
5267
2397
-987
-3476
-2707
-44
1321
1625
2743
3362
2771
3246
4221
3083
395
-1196
-920
-477
641
3839
5384
3120
156
-4002
-10253
-14682
-16805
-18263
-16562
-11467
-5887
-784
808
-3749
-8270
-5095
5816
20221
31391
32246
23271
10856
-1457
-12143
-18798
-20992
-19799
-15097
-7662
271
7875
14612
18029
15955
9267
1429
-4315
-6822
-5984
-3314
-2225
-2909
-2483
-1871
-4051
-7828
-10167
-10754
-9833
-6103
-342
4603
7365
7238
6178
8294
11100
9994
6911
2036
-7293
-15392
-15601
-13456
-13732
-9545
-63
6149
8890
11521
11648
8690
5525
4200
3519
1882
1918
2703
-812
-6347
-9022
-8262
-4360
1341
7076
11565
12824
11230
8586
4284
-1080
-4372
-5415
-6499
-6756
-3700
1232
5031
7708
8665
6011
1847
-1297
-3413
-3262
-1123
1230
3570
4227
2493
-414
-5084
-10244
-14124
-17695
-18409
-14020
-8636
-4208
-352
-433
-4583
-6861
-1872
10128
21752
27537
27291
19516
7590
-1149
-7231
-13779
-19228
-19039
-12691
-6667
-176
10480
16068
12927
9449
5860
-446
-4200
-2716
-970
-1801
-1918
-962
-1788
-3309
-4958
-8138
-11107
-11919
-10472
-6420
-797
3399
4696
5138
7680
11885
14113
12522
8034
443
-9081
-14892
-15917
-17345
-17352
-10223
-936
3849
7839
12801
13792
11862
10998
9044
5584
4379
3877
248
-5305
-10040
-11743
-8606
-2688
2911
8293
11954
11136
8195
6243
3954
1211
241
-219
-1849
-2598
-1584
-484
264
1364
1818
866
-635
-2099
-2744
-662
3883
7213
7797
5789
1438
-5673
-12422
-15828
-19159
-20257
-16781
-11144
-6058
-1843
-1702
-7760
-10306
-4605
10649
25952
30232
30395
23473
8987
-1231
-8048
-16559
-21082
-19230
-15422
-8724
-221
8070
15538
17441
12991
6049
-765
-2653
-15
-615
-1587
-142
-3080
-5207
-1549
-2836
-9541
-12340
-12125
-11339
-8143
-1104
6330
6850
3728
5818
10726
13151
13096
10013
1288
-11093
-17498
-15721
-15559
-16448
-9115
1064
4678
7258
12397
12090
7683
7646
7620
3247
2222
5545
4646
-1065
-6370
-9971
-10476
-5885
1481
8061
12190
12724
10336
7095
3667
500
-1298
-2434
-4251
-5215
-2966
1901
6629
8602
7005
3057
-1822
-5670
-6295
-3690
428
3663
4905
4602
2508
-769
-5007
-10521
-15675
-19688
-19829
-14336
-8259
-2760
577
-3531
-9735
-10703
-1755
16665
28820
30131
27233
14931
514
-5031
-10585
-16494
-16397
-14585
-11310
-4307
4022
11557
15792
14561
8562
1246
-3278
-3588
-1223
788
-171
-2370
-2813
-2991
-3208
-4086
-8237
-10859
-9694
-8668
-4474
2017
5052
4507
1422
4964
11962
10517
11709
11585
-2744
-12345
-10832
-14476
-17799
-14069
-7596
1803
4948
5562
11184
8958
4617
7752
8614
6240
5620
5953
2582
-6055
-11550
-11278
-9255
-3988
2813
9873
15470
13615
11019
8641
347
-3170
-1751
-3977
-6092
-4351
-1217
1821
6978
9447
6025
1143
-2654
-4572
-3674
-1076
245
1905
3146
1623
-113
-2548
-7255
-10522
-14061
-18938
-17302
-12570
-7595
-1501
31
-4789
-12317
-12165
1113
20603
30652
30406
26279
11035
-3389
-7894
-13155
-16510
-14986
-12395
-7756
-2140
4715
13945
17762
13770
7148
181
-4293
-5063
-2877
414
1164
-568
-1690
-2429
-4256
-6421
-8056
-8692
-8399
-7348
-3268
2438
5447
4974
3864
7134
10153
8557
8173
4879
-5420
-11318
-11979
-13142
-14201
-14284
-2836
5634
1226
7353
12929
5823
4050
8978
6875
4056
7231
6942
1478
-7804
-12124
-11146
-8837
-2115
4852
12194
15022
12998
10977
5837
1423
125
-2599
-6044
-6875
-4639
-507
3316
7739
9182
4195
130
-2406
-5233
-3900
-405
2534
4286
2958
1577
-145
-5373
-10421
-14337
-18545
-19490
-15398
-9664
-4863
255
1803
-5165
-11507
-7129
5823
20015
28525
29333
20809
6501
-1510
-6535
-14749
-16995
-15184
-13231
-6254
444
6189
13327
14343
11261
8188
2341
-1597
-537
754
-526
-3094
-4058
-4118
-4936
-4996
-5972
-9528
-10952
-7879
-3380
2017
7495
7595
2873
2146
7510
10682
9565
8238
1504
-9377
-12565
-10753
-12929
-15450
-10971
-768
4460
4638
9788
10378
5382
6541
7441
4663
4140
6501
4672
-1650
-8489
-11190
-10511
-8057
1696
7685
11919
15068
10791
9177
4016
351
2449
-1997
-6811
-5842
-2999
336
4525
8474
8078
2491
-688
-2467
-5117
-2557
1866
4387
4810
2412
639
-2457
-8296
-11010
-14266
-20609
-20071
-14152
-10061
-3607
2585
-36
-7790
-11680
-5424
9456
22876
29995
28217
15828
3494
-2646
-9188
-15103
-15425
-13307
-11267
-6523
1572
9098
13747
14943
10904
3699
-1488
-2832
-1385
343
70
-1389
-2215
-2320
-2949
-5153
-8330
-10523
-10420
-8384
-4317
2351
7407
5932
2134
3526
8664
10468
9085
7216
-98
-10207
-11832
-9577
-12709
-14213
-7439
722
2445
4476
10690
9245
4688
7812
8615
5223
6373
6964
2619
-4711
-10861
-11803
-11380
-5157
4744
10269
13282
11292
9621
6811
-478
-318
1803
-4179
-6122
-29
1505
2460
7906
9293
4154
-1924
-3190
-3853
-5967
-2937
2608
4379
4857
5920
4179
-1560
-8532
-14085
-19591
-23736
-20272
-11995
-6613
-2258
1783
-610
-8327
-11129
-1626
13146
22957
28973
27153
13749
2616
-2032
-9400
-16322
-17286
-15016
-11909
-6894
1926
10779
14423
13880
10276
4351
-51
-1053
-561
-820
-2160
-3084
-2446
-1352
-1920
-4210
-6969
-9923
-10413
-6876
-2110
3256
7168
5013
1263
5086
12444
14042
11065
6700
-3024
-13917
-13729
-11194
-14206
-13143
-5487
2630
3945
6630
12690
8459
4928
9597
8161
3477
3917
4338
-156
-7767
-10467
-9548
-8877
-1484
7151
10851
13096
11634
8744
5809
1112
772
512
-5506
-6571
-2463
318
1968
6593
9958
2133
-2073
926
-2461
-6284
742
6828
1468
2059
5351
897
-6675
-10990
-13037
-21672
-24411
-16664
-9080
-4983
-815
1131
-6148
-12180
-7476
7971
22810
27955
29027
21331
6447
-683
-5612
-15148
-18694
-17691
-15436
-8668
-505
8871
15766
15861
12071
5546
-63
-2347
-3173
-1544
-1685
-4551
-2938
-244
-385
-1425
-5376
-10215
-11470
-9316
-4712
980
5165
5894
2909
3103
9660
13796
13415
10196
2277
-8419
-14289
-13288
-13176
-14183
-10364
-551
5326
5253
10863
12617
6379
7567
9459
5197
3691
3989
1539
-5056
-11471
-11048
-7812
-2647
5453
10184
13326
13285
8067
5015
1161
-2405
-1762
-2139
-3968
-3248
1738
3875
3659
6510
4587
-1929
-3464
-2896
-3816
-776
3383
4305
3537
2653
1842
-2299
-8812
-11347
-14712
-22283
-17569
-10250
-11565
-5029
39
-5985
-12827
-10539
2508
19579
29536
31174
28804
13036
-1164
-4737
-13005
-20275
-19354
-16173
-12760
-3858
6372
13778
16635
14534
9269
1186
-2220
-2260
-1638
-1565
-2996
-2280
-728
350
-1502
-5092
-8974
-12226
-10360
-5902
-1747
3917
8102
5956
3481
8122
13927
13834
10072
4687
-5558
-14278
-13262
-12636
-15761
-13241
-3323
4428
4328
8769
13163
7346
6367
9471
6565
4926
6862
6489
-135
-9565
-13297
-13678
-11897
-2679
7937
13643
14676
13201
10897
5200
474
-427
-4237
-8359
-7857
-4033
938
4495
8691
9355
2163
-1778
-2090
-5203
-3568
1146
3844
5702
4990
3782
936
-4635
-10160
-14353
-17793
-19553
-14976
-10237
-8334
-3275
-1029
-6363
-12022
-7834
6571
18660
26853
32767
22754
3773
-177
-4334
-17121
-19556
-14420
-13255
-10095
-4
9685
12715
13427
12273
5046
-1138
-1892
-1717
-1212
-1113
-2667
-3358
-1901
-874
-2363
-6015
-9621
-11935
-10848
-5300
648
5842
7513
5155
4547
8259
13780
13917
10142
3689
-7425
-13904
-13392
-13361
-15316
-11389
-164
4595
5019
11480
11504
5770
8442
9617
5631
5893
7332
4651
-3555
-10820
-11999
-13436
-10541
172
7572
12543
16539
14289
10167
5069
-35
-1300
-3521
-6974
-7377
-4559
824
5282
7215
6582
2277
-1235
-3608
-4877
-1986
1633
4954
6050
5646
4945
-149
-5763
-10401
-16415
-21301
-20338
-13740
-9131
-6325
-1305
-1035
-8709
-12366
-3884
10883
23350
30981
30755
18195
3627
-2699
-9513
-18592
-20417
-17213
-11834
-4109
1108
9755
19788
14459
5636
6973
1617
-6504
-1876
1879
-2724
-6035
-3216
642
-2008
-6257
-7326
-9973
-12088
-7484
-1583
2567
6703
5887
2904
4586
10650
13337
11020
8637
-682
-12085
-13358
-11596
-12010
-12208
-6913
2987
3988
4336
12140
9118
3015
7227
7718
4633
5759
7606
4250
-5920
-11565
-11858
-12689
-5792
3759
7821
11661
12920
11653
10037
4412
704
-673
-4596
-7656
-7952
-2345
2590
4344
9378
7784
1258
-487
-3081
-5932
-3587
963
4027
5797
6662
5137
36
-4721
-7946
-13984
-18618
-16992
-15078
-13750
-7130
-187
-582
-5006
-9839
-9888
353
14857
26059
29582
22723
9495
798
-3339
-11673
-15662
-12611
-11842
-9931
-5269
2638
10724
12833
13101
8741
622
-4071
-3891
-821
-220
-1629
502
1281
-5830
-3908
-2389
-12640
-11305
-7028
-6838
-2503
3983
8076
6017
4578
8202
12796
11068
8752
5950
-3644
-10146
-9504
-8786
-11518
-11399
-4562
1311
826
4794
9506
4040
5550
11031
7313
6010
7686
5087
-1465
-8472
-11066
-11577
-9744
-2219
4408
8382
11264
10474
9061
7017
5166
5504
1133
-4866
-6168
-6042
-4540
523
7338
7806
3542
1653
-1022
-3580
-2389
1397
3154
3018
5335
6084
2387
-1342
-4538
-10338
-16919
-20158
-19567
-17738
-13951
-5523
1709
1956
-2642
-9058
-9728
2134
17848
27579
30196
21367
5739
-2297
-5375
-11573
-14945
-13445
-12527
-10493
-3649
5371
11624
14876
14707
8141
-699
-4665
-2859
-645
-515
-370
-628
-4191
-6481
-4453
-6648
-9227
-7276
-5302
-3586
834
6344
7246
4857
128
4068
10794
7350
7783
4528
-6241
-9611
-6064
-5433
-11382
-11164
-1750
1267
-1246
4245
6083
1209
6233
11695
8030
5056
5656
3368
-2044
-5554
-7496
-7698
-4196
-562
2760
7587
9266
8779
9182
7224
4447
2873
210
-2620
-4072
-4300
-2784
187
3449
5487
5223
3147
572
-917
-831
-30
1367
3173
3877
2757
438
-2421
-5043
-7633
-11167
-14546
-16189
-16386
-14852
-10092
-3156
1233
-439
-7602
-14253
-8797
9605
25203
30505
28206
16625
2617
-3007
-5861
-11545
-14877
-15301
-13877
-8214
82
8939
15990
15754
9018
1123
-4970
-5841
-1790
2281
3144
885
-1945
-3964
-5172
-4733
-4849
-7619
-9066
-8249
-5119
721
6780
7895
3268
3856
8330
9372
9788
9243
790
-6825
-6816
-7434
-9043
-14882
-8161
650
-2600
2007
4802
4796
3898
9206
10364
2163
5056
4232
2136
-163
-3396
-4981
-8243
-5018
-1978
1697
6825
9787
9415
7690
6648
5276
5486
831
-5499
-6944
-7547
-5761
1956
8418
8882
8691
6863
834
-3096
-961
1768
2022
1305
66
-725
-2038
-2881
-2329
-6453
-13677
-16243
-18100
-20022
-14094
-4795
18
2446
291
-9070
-13178
-1747
15833
27095
29585
22733
9345
-196
-3378
-7312
-11508
-13643
-15131
-12302
-5106
2533
10594
14215
10812
5705
375
-2500
-423
1330
335
-2321
-5414
-5307
-2884
-2204
-3349
-4910
-6605
-8079
-7248
-2512
3423
5959
3271
331
2758
7235
10049
11628
9664
2590
-4014
-6354
-8486
-13313
-14824
-7769
-2357
-2656
1755
7283
3668
3789
11119
6437
1254
6692
8699
2427
-2497
-1686
-6810
-8725
-2645
-131
3258
5147
5172
7547
7958
8093
9024
4980
-1526
-6324
-8962
-5782
-722
4129
8791
8129
6352
4077
-47
-402
174
-310
-477
-1023
-1303
171
2168
92
-2876
-6719
-13593
-16936
-18858
-20546
-14243
-5181
-802
2079
-1627
-13169
-15325
230
19427
28914
31291
25309
8966
-1379
-2672
-9500
-16630
-16285
-15039
-13303
-7010
3239
12261
15015
12422
6330
184
-1607
-1395
-1196
-767
-1408
-2199
-1635
-67
-863
-5070
-7996
-8701
-9911
-7350
-439
4350
6152
2976
-21
5450
11880
13410
14616
11841
-1245
-10221
-9260
-11436
-15655
-14183
-4930
30
-3675
2228
8664
3054
5649
11163
5850
4405
8765
11619
7568
-1891
-7491
-12464
-14068
-6391
2268
7678
9650
6890
8618
9918
6047
7495
2677
-6383
-11146
-12553
-4325
2469
7531
12903
9493
4845
3061
-30
-1283
-493
-1699
-1578
415
1354
1321
-58
-2479
-7179
-13811
-17028
-16561
-17862
-16362
-7467
-546
139
-1455
-7207
-13494
-6369
12845
26377
29702
26106
13521
1582
-3003
-8873
-13585
-13773
-14520
-12128
-6940
-1919
6501
13273
13407
9255
3022
-1005
-1937
-1469
-406
-1130
-1989
-2732
-4080
-2653
-2664
-6538
-7855
-7714
-7329
-2469
4499
7991
5104
-27
2164
9299
12473
13820
11991
1672
-7611
-8680
-8810
-13354
-16348
-9174
-1381
-3284
-221
7652
4493
3366
10510
11237
6897
7008
10026
6469
-1571
-5701
-7569
-10061
-6799
-114
3620
8248
8369
6855
6860
5797
5665
3401
111
-6228
-8859
-3926
-314
3617
11625
11077
2934
3749
-965
-5943
-1031
-153
2028
2803
2046
3503
542
-3344
-5516
-11073
-17210
-17270
-16593
-16389
-11286
-3949
35
-882
-6218
-12130
-8065
8578
24656
30542
28007
17261
4712
-603
-6065
-12923
-14424
-16134
-16156
-9327
-2345
5240
13588
14747
9387
2484
-2444
-2151
1191
2216
-363
-2328
-2912
-4248
-3371
-2658
-6710
-8640
-6254
-5530
-3077
3644
7489
5577
1520
1213
7394
12273
12517
12059
5653
-5066
-8539
-7876
-12041
-17795
-14345
-4631
-3381
-2582
5660
6159
4862
12296
14165
9908
9033
8401
3713
-3706
-7210
-8245
-10612
-6979
173
5013
10323
11943
9536
7077
4026
3069
1666
-2392
-5192
-7115
-5275
301
4523
7973
8297
6101
3211
-1471
-1309
-2
-539
3732
1993
-2541
1347
-1640
-7529
-7126
-12978
-18573
-17329
-15373
-11724
-9304
-5345
367
-3291
-10856
-11434
-1925
15023
26635
30186
26922
13057
1607
-1465
-8908
-16892
-17773
-18252
-16193
-6203
3248
9176
15535
15527
7371
1315
-843
-1943
-241
-9
-3300
-4111
-3035
-3288
-3112
-4071
-7446
-7050
-4973
-4929
-1857
4901
8399
4199
1493
4187
9330
12451
11790
10803
315
-9438
-7426
-9857
-16564
-18305
-11012
-1917
-1224
5107
13179
6855
6959
15664
11893
6843
8003
5616
-1100
-7697
-8787
-10231
-9231
-309
2904
6140
12265
10713
6775
3573
1041
663
519
-2565
-3500
-1319
-703
2236
5479
5570
2832
79
-198
-2437
-3646
1577
5298
5428
6439
3775
-1483
-6623
-10298
-13625
-18146
-18991
-17279
-12277
-6737
-4554
-1881
61
-9166
-15388
3361
19188
24913
32132
26010
12152
1163
-4472
-9295
-16574
-19116
-17949
-15935
-9126
2521
11193
14676
14163
9369
2717
-1516
-1400
262
217
-2592
-3916
-2824
-4504
-7060
-6756
-7490
-9835
-8937
-5012
-923
2874
7165
7471
4203
7477
14298
15055
12124
7538
-4675
-15784
-15130
-14481
-17012
-13826
-4183
3277
4576
9400
14211
12034
12584
14257
8466
1383
-899
-2035
-7420
-11795
-8399
-4937
-482
8290
10471
9180
10031
6350
2410
1057
-1657
-1021
1451
1587
462
-938
-456
-1021
-1952
-2368
-3656
-1925
1113
3695
7365
9870
8908
6289
2057
-5076
-10543
-13718
-16970
-18562
-19082
-17109
-10533
-3895
-1774
-3866
-9064
-13561
-6258
12506
27115
30948
31160
23982
7193
-2012
-8728
-20464
-25024
-20889
-17522
-12172
2593
11221
16262
20323
13510
7461
535
-5840
-5207
-4517
-4703
-3957
-2304
-432
-500
-3477
-6839
-10513
-12590
-10605
-6821
-1310
5059
8060
7301
9596
15769
17336
13953
9421
-906
-14722
-19455
-16837
-17273
-15451
-4892
4967
8169
10983
14238
12313
8371
7999
7518
3466
1227
1478
-1539
-6223
-9225
-8656
-5621
9
7931
10786
11116
10859
7113
3784
85
-1449
-9
-1053
-2290
-1867
702
1431
-1224
-425
-138
-3129
-1982
2477
3817
4921
6800
5177
2791
-197
-4523
-8324
-12842
-16272
-16501
-16568
-13133
-6314
-5097
-6806
-9777
-13264
-7396
10748
26453
30150
30371
22816
8890
90
-7967
-16988
-22818
-23453
-20245
-12915
-780
11603
18176
17279
14199
7758
-2794
-4300
2205
-1339
-7628
-3248
-1766
-4814
366
4664
-2968
-12465
-13784
-12085
-11520
-5437
4199
6645
5402
8872
14753
18324
17242
11098
617
-11943
-19190
-18058
-16441
-16001
-8166
4199
9677
11342
15869
16653
11852
8951
5587
-1677
-4376
-565
423
-2794
-5161
-6460
-5691
-800
4487
7056
8430
8523
6594
4410
2848
2181
2631
1808
-1208
-3255
-3403
-3134
-1864
-618
-1604
-1913
1158
3375
3250
4182
4729
2219
-950
-2300
-3970
-7287
-10498
-13807
-17997
-17339
-10052
-4185
-2369
-5683
-12357
-15050
-5998
15188
29377
31246
29117
17904
4596
-3632
-12115
-18840
-21738
-20873
-17060
-10515
-202
10919
18334
18362
12285
3647
-2855
-4273
-3309
-1792
-942
-967
-963
-622
-716
-3165
-7183
-10711
-12830
-12619
-9088
-1218
6690
7754
7859
13178
15515
13004
10610
4784
-5678
-14619
-17104
-14417
-13710
-12496
-1747
8764
10020
13807
18339
11820
4737
3842
-638
-5612
-2200
3207
2227
-1045
-1975
-3453
-3440
840
3791
4460
5169
5021
5984
7734
8123
7671
4386
-1463
-5723
-7112
-6038
-4598
-4319
-2978
-360
2330
4873
6836
7389
4950
597
-2679
-4427
-6174
-8953
-12839
-15713
-16787
-14921
-8255
-2101
-553
-5894
-13244
-11043
243
17157
29991
30039
23562
12545
2057
-4235
-11557
-16803
-19764
-21413
-17769
-9428
1666
12976
19433
17384
10730
3479
-2059
-2439
-721
-328
-619
-844
-1503
-2347
-1939
-3381
-9284
-14003
-13876
-12241
-7551
2217
9407
9456
9424
12805
14599
13344
9265
1065
-9002
-16471
-18486
-14985
-11178
-8222
2350
13808
12974
12082
18645
14731
3223
1083
-302
-6112
-7418
-538
3183
-1666
-1429
627
297
2951
4682
4336
3502
2006
1994
5922
9215
9589
6801
-7
-5333
-8079
-8804
-6527
-3893
-1722
852
3478
6107
8032
7792
5020
202
-5410
-10193
-13004
-13406
-12802
-12304
-11044
-9188
-6606
-4281
-5164
-9362
-9762
-1581
10828
22729
28668
27366
19007
7961
-887
-11463
-19720
-22882
-21632
-17365
-11391
-406
10014
15843
17482
14175
7427
715
-2590
-3703
-3784
-2510
-473
999
1289
-263
-3828
-7790
-11682
-14433
-13425
-7839
-161
5773
8075
9082
11970
14944
14364
10008
2628
-7099
-14193
-14860
-13474
-12829
-8484
845
8631
11755
14245
15700
11617
5261
1101
-3245
-6178
-3902
857
1350
125
1434
-941
-1518
3432
2725
157
5049
5510
1226
5885
8866
7247
5110
-456
-4042
-7896
-9131
-5258
-2741
53
2902
4999
7576
6760
3804
1895
-1916
-6067
-9610
-13156
-14861
-16261
-14574
-8884
-4096
426
1615
-5246
-11759
-8564
3063
16320
25080
26985
21552
12453
5491
-850
-9843
-18270
-22624
-23157
-19681
-10789
1141
10786
15908
16148
11749
6001
2485
1157
-744
-3506
-4603
-4493
-3810
-1982
-1984
-4711
-7771
-10638
-11562
-9646
-5606
930
5943
6979
9175
13000
13764
11129
6271
-1642
-10934
-15446
-13937
-12401
-10148
-2191
6665
11121
14689
17023
12892
5756
1693
-2170
-6902
-6436
-1707
457
466
1986
3856
4399
4979
5312
3100
79
-171
1621
3523
5748
8096
7614
2240
-4132
-7666
-8461
-6820
-4343
-794
3919
6004
8240
11602
8928
3871
671
-5844
-12771
-16146
-17866
-17269
-15153
-11890
-6275
-940
1663
-213
-5340
-6250
795
11958
21814
26007
22523
13608
5209
-601
-7529
-15376
-20455
-22360
-21104
-14876
-3826
7544
14947
17568
14417
7557
2945
950
-834
-1693
-2606
-4524
-5422
-4742
-4431
-5516
-6636
-7459
-8704
-7960
-3945
569
3758
5474
6810
9211
11197
10873
7687
747
-7635
-12175
-12026
-10940
-10022
-6093
1695
9047
13813
16943
15491
8888
3154
-769
-5227
-6460
-2680
899
1310
1062
1500
1857
3742
6957
7568
5589
2981
240
-123
2412
5160
6746
5234
-513
-6641
-9119
-8469
-6098
-1930
2565
5938
9072
10984
10100
7413
2995
-3042
-9210
-15373
-20139
-21355
-19741
-15212
-8005
-1756
1989
2283
-2734
-6483
-773
10111
19361
25432
24573
16140
7484
1761
-4487
-12091
-19019
-23293
-23245
-18225
-8786
2447
11701
15803
13794
9374
6197
4067
2835
1297
-2148
-6116
-8728
-7917
-5090
-5013
-6671
-8058
-9482
-8205
-4166
570
4995
5971
5265
7687
10864
11420
9504
4396
-4202
-12167
-14417
-13134
-12164
-7422
2284
9856
13586
16398
16099
11646
6616
1333
-5002
-8463
-6430
-2133
1177
3416
4127
3571
4179
5450
5759
5927
5047
2897
2253
3123
4482
6193
5277
-59
-6381
-9607
-9034
-5527
-373
3535
5209
6480
7517
8279
8448
5613
44
-6225
-12755
-18324
-21326
-20872
-17623
-13161
-6813
-68
2070
-486
-2067
1885
9817
17210
22386
22580
15994
8281
2503
-4961
-13271
-17976
-20128
-21815
-18237
-8186
691
7869
15969
17341
10765
6422
5254
1550
-2348
-2898
-3661
-6703
-8057
-7147
-7696
-8686
-7915
-7234
-5850
-2526
345
3162
5154
4633
6684
10660
10057
7077
2988
-4432
-10550
-11410
-10012
-9828
-7654
508
8585
12294
15420
15753
10778
5338
995
-3537
-6153
-4901
-1227
1872
3106
3073
2954
3690
5029
6098
6180
5226
4071
3360
3875
5343
5474
3528
-426
-6401
-10581
-9672
-5916
-1233
3680
6638
7872
8768
8365
6718
3803
-1998
-8980
-14337
-18568
-21446
-20985
-16824
-10602
-4579
-308
424
-2942
-4797
1195
12022
20884
25424
23831
15815
7155
946
-6392
-14583
-19752
-22047
-21649
-16589
-7988
1529
9953
13969
13047
9850
6169
4588
4903
3171
256
-1988
-5328
-8695
-9802
-9691
-10719
-11919
-9713
-6026
-2842
3012
8117
7807
6640
7735
8866
8101
5097
764
-4880
-9831
-10704
-10069
-10221
-6873
1098
8510
12596
14389
13255
9063
5187
2218
-1764
-4069
-2562
-864
-521
858
2580
2790
3380
5393
6597
6500
6370
5693
4301
3962
4921
4953
2757
-944
-5284
-9053
-9957
-6985
-2030
2856
7108
9791
9927
8516
6981
4572
-198
-6825
-13466
-19107
-22998
-23181
-18781
-11901
-4837
605
1264
-2721
-4259
1955
12786
22682
27686
24622
15379
6576
2
-7425
-15131
-20298
-23077
-23084
-17839
-7922
2754
11108
15238
14169
10033
6694
5135
3593
1417
-701
-2845
-5046
-6283
-6593
-7604
-9449
-10431
-9903
-7986
-4111
1356
5635
6664
6764
8702
10823
10025
5771
-382
-7144
-13096
-15043
-12731
-9483
-4959
2689
11070
15474
14393
11718
8583
2813
-2193
-4539
-6219
-4542
249
3121
3906
4061
3561
3336
3888
4511
4375
4109
4277
3928
4246
6313
7128
4579
-171
-5391
-8956
-8989
-5549
-236
5056
8665
9889
9469
8369
6730
4072
-471
-6793
-13100
-17775
-20093
-19453
-16018
-10900
-5206
-1023
-1059
-4070
-4398
1447
11381
20998
26176
24445
17243
8642
591
-7582
-15243
-20500
-22886
-22152
-16939
-7807
1813
9207
13091
12801
9459
6064
4021
2200
428
-792
-1564
-2258
-3506
-5897
-8282
-9894
-10896
-10171
-7916
-3461
1763
5174
7056
7507
9142
10361
8744
6290
880
-6585
-11369
-12939
-12302
-10161
-5147
2634
8479
12509
14908
12459
7950
3635
-640
-3982
-5016
-2763
30
1743
1789
1869
3902
3079
2646
5677
5377
3658
4066
4791
4705
4936
5367
2607
-2779
-7368
-9047
-8244
-5089
-101
3961
6932
9144
10060
9746
8129
4874
96
-5565
-11701
-17230
-20335
-19900
-16396
-11063
-5803
-3187
-3901
-5157
-3062
3916
13867
22621
26181
23723
17533
9880
1064
-8241
-15926
-21367
-23916
-22610
-16867
-7338
2377
9776
13042
12034
9945
7968
5945
3126
-313
-2569
-4174
-4868
-4682
-5249
-6722
-8561
-9243
-8699
-7090
-3468
810
3569
5363
8068
11509
13016
11244
7119
-569
-8651
-12625
-13943
-12933
-10398
-6067
675
6920
11511
14185
13458
10426
6549
830
-3541
-4285
-3212
-1510
-352
907
1534
2204
4435
5242
4767
4627
3896
3143
3016
3884
5792
6681
4758
529
-3578
-6293
-7380
-5600
-2011
964
3336
6262
7912
7901
8303
6051
546
-4904
-9644
-13750
-17184
-17794
-15180
-11210
-5775
-1018
-1088
-5080
-7151
-3404
5744
17067
25355
25739
19477
11693
3766
-4379
-11527
-17168
-21433
-22773
-19427
-12122
-2951
6372
12417
12979
11014
7438
4445
3439
1210
-422
-1610
-3503
-4425
-5499
-6697
-8234
-9648
-9185
-8063
-5765
-1594
1525
3184
4984
7904
11081
11470
9522
5034
-2398
-8282
-11207
-12509
-12291
-9891
-3668
3228
7884
12970
15390
13243
10326
5601
-571
-4934
-4873
-2304
-1153
255
1292
1412
2676
4336
5947
6681
5412
3120
1103
551
2015
3748
4423
3133
-320
-3318
-4724
-4418
-2194
-130
1709
4086
5864
7353
8222
6922
3388
-1668
-7234
-11553
-14457
-16517
-17224
-15093
-10014
-4661
511
757
-5479
-8714
-4545
5867
17874
26072
26824
20261
12192
4485
-3767
-12430
-19507
-23290
-23759
-19631
-11210
-469
9535
15034
15153
11969
7340
3590
1707
-88
-1591
-2605
-3696
-3805
-3709
-4594
-6048
-8327
-10166
-10040
-8212
-3699
1697
3713
4476
7738
11323
12551
11070
6295
-1414
-8983
-12691
-13454
-14290
-11753
-3578
4096
9170
13861
15055
12122
9467
6684
1543
-2682
-2854
-1316
-488
44
-252
-1237
-412
2362
4942
6326
5948
3718
1394
755
1723
3529
4794
3480
341
-2003
-3130
-2597
42
2315
2721
2678
3247
4298
5418
6157
5065
615
-5704
-11235
-14973
-16468
-15780
-13531
-9990
-5167
-177
1705
-1786
-8024
-10768
-4703
8861
21792
27745
25924
18369
9769
1979
-8316
-18551
-23573
-25245
-22603
-13519
-2940
6877
14858
16795
13712
8731
3896
1525
-83
-2167
-3304
-3937
-3483
-1482
-567
-2337
-5855
-9309
-11439
-11067
-6867
-974
2557
3668
5283
8603
11832
12723
10021
3288
-5145
-11533
-14705
-15553
-14190
-9018
-599
7210
13060
16038
13854
9668
6885
3432
-290
-1567
-1078
-819
-895
-816
-1713
-2258
449
3788
5295
6006
4814
2324
1290
1765
2983
3642
2387
-247
-2671
-2952
-1329
516
1970
2156
2084
3310
4347
5301
6609
5753
2365
-2307
-7721
-12050
-14182
-14690
-14154
-12981
-10068
-4617
403
1054
-3678
-10790
-12917
-4460
10374
22842
28620
26642
18692
9421
-116
-10885
-19794
-24188
-24441
-20320
-11440
337
11002
17323
18341
14258
7819
2825
-212
-2210
-3316
-3519
-2761
-1451
-365
-1055
-4029
-7148
-9859
-11953
-10607
-6249
-1708
2095
4073
5566
9228
12734
12690
9405
2710
-6058
-11832
-13582
-14608
-14337
-9052
-457
7223
12543
14871
12553
7631
4530
1904
831
1234
1332
2349
1023
-675
-1423
-1931
344
1290
1969
3284
2980
4286
4863
4819
4548
1768
-552
-2139
-1710
953
3004
3853
3218
2290
2251
2786
3172
3345
3110
2195
509
-1866
-4135
-6513
-9433
-12490
-14480
-13975
-10628
-5417
-624
690
-3208
-10235
-14574
-10667
1599
16555
26787
28010
21729
12162
2395
-6447
-14180
-19580
-21471
-19308
-12737
-3524
6475
14776
16726
12803
7028
1134
-1687
-1071
-502
393
1275
471
-255
-1091
-3635
-7078
-10963
-13858
-13325
-9379
-3521
1503
3627
4928
7340
10594
13805
13004
6393
-1615
-8485
-13388
-14787
-14163
-11517
-5393
1395
7106
12476
15379
14146
10689
6393
1158
-2666
-2433
-637
-429
-703
-643
-666
378
2497
4152
4944
4502
3228
2921
3298
3086
2487
1281
-323
-889
-286
596
1120
1130
1299
2142
3337
4285
4349
3414
1829
-235
-2006
-3019
-4431
-6791
-9520
-12144
-13590
-12958
-10373
-6766
-4321
-4658
-8128
-13176
-13392
-3808
11085
23509
29099
26103
16911
7182
-1436
-10697
-18313
-21300
-20995
-17080
-8027
2954
12044
17320
16715
10750
3457
-1007
-1644
-825
-293
98
208
188
261
-834
-4332
-9249
-13005
-13853
-11456
-6176
227
4626
5671
6362
9632
12904
12706
9155
2480
-5832
-11200
-12126
-12253
-12940
-10630
-4065
3116
8879
13018
13497
10940
7722
3666
268
619
2776
3049
2137
-196
-3775
-4512
-1427
2182
4230
5623
5757
4458
4268
4134
3165
1903
-806
-3097
-3225
-1459
1491
3740
5026
5078
3545
2242
1588
229
-745
-422
-973
-1769
-1208
-1534
-3877
-6998
-10115
-12857
-14140
-12904
-9722
-6403
-4902
-6768
-12041
-14791
-7898
6425
20670
28076
26430
18649
8388
-123
-6356
-12305
-16514
-17521
-14626
-8335
-171
8549
14277
14340
9547
3379
-259
-732
293
1269
1825
1827
1521
1360
-163
-3961
-9033
-12769
-13386
-11711
-6965
-403
3496
3738
3077
5422
9960
12848
12603
7551
-989
-8171
-11090
-11712
-13462
-13470
-8627
-2428
2591
7750
11578
11189
8824
6810
4205
2622
4548
6738
4872
-91
-5586
-8990
-7482
-3192
187
3567
6135
6400
7643
9432
7905
4669
1801
-1676
-4322
-3163
770
3553
4348
4121
2424
511
23
-388
-1263
-1466
-1002
59
1707
2855
1959
-1252
-6518
-12637
-16535
-17120
-15102
-11503
-8304
-7280
-8331
-10018
-9283
-1160
12311
23248
27797
24649
16383
7399
-810
-7471
-13207
-16435
-15053
-10953
-5089
1774
7961
11191
9652
5329
1028
-876
954
3822
5175
5080
3340
1092
-1141
-4819
-8748
-11784
-13971
-13189
-9005
-3400
2621
7168
7266
4542
4659
7750
8988
7329
3745
-1878
-6637
-7788
-7748
-9577
-10955
-7235
-1515
2355
6461
8653
7267
5390
4361
4256
5183
7351
7751
3151
-3347
-7763
-8924
-7335
-3678
916
4654
8096
10673
10688
8837
5811
1997
-1659
-3741
-3916
-3146
-90
4319
4897
4166
5836
4736
1020
-938
-2321
-3500
-3155
-661
2414
2671
1601
81
-4497
-9376
-12486
-15183
-16407
-16244
-14862
-11159
-6414
-2491
-1270
-3458
-3527
3095
12706
20484
23873
20344
10895
2943
-1619
-6472
-9312
-9618
-9760
-8825
-5099
201
4883
8604
9282
6639
3660
2198
2331
2521
1829
700
-598
-2004
-3383
-5299
-7843
-10082
-10757
-8990
-5793
-2027
1978
4163
3529
2441
3977
7760
9909
8604
4287
-2684
-8378
-9308
-9017
-10450
-10159
-6242
-2393
573
5110
8144
7839
8235
8675
7533
7861
8761
6323
384
-6057
-9820
-10194
-7218
-1956
2650
6638
10195
10877
9332
7547
5625
3974
2007
-116
-740
-202
431
1170
1806
1430
523
-585
-2202
-3217
-2070
915
4501
6363
4534
2717
-813
-7433
-10964
-13374
-16553
-18026
-17320
-15420
-12072
-6080
-423
1134
-3353
-7642
-2522
9828
21439
27419
24886
14759
5014
-674
-6328
-11499
-12985
-12257
-11081
-7703
-1169
5835
10403
12222
10280
4773
399
-384
415
825
359
-214
-1200
-3430
-5308
-6394
-8127
-9443
-8869
-6794
-3113
1870
5128
4249
1964
2744
5905
7574
6669
3078
-2863
-7018
-7004
-6339
-7751
-8816
-6293
-2295
188
2914
5279
5759
6919
7752
6221
4752
4951
5957
4739
780
-2555
-5417
-6464
-3024
900
3481
5972
6620
6249
6331
6347
6202
4253
695
-2168
-4362
-4657
-1596
2183
4334
5007
4175
1862
-638
-1628
-1225
-873
-312
453
-155
-1409
-2293
-4027
-6287
-9027
-13186
-15868
-15983
-15750
-12402
-6049
-3231
-3175
-3413
-5774
-3959
7478
20494
26500
24264
16752
8047
126
-5267
-7931
-10266
-11631
-10291
-6709
-1290
4595
8826
9838
6505
895
-2481
-1944
555
2779
3485
2086
-187
-1556
-2996
-6029
-9440
-11219
-10696
-8068
-3478
2300
6380
6017
3188
2510
4566
6335
6571
4727
-6
-4222
-4483
-4175
-6859
-9655
-8455
-4365
-712
2518
4783
4571
5122
7665
8521
8047
8123
6966
3052
-2246
-6327
-8146
-6852
-2349
1789
4393
7185
8474
7878
7330
6242
4033
1083
-2145
-4439
-4889
-2834
671
2872
3395
3351
3042
2624
1847
754
65
148
936
1868
2277
1650
-384
-3340
-6674
-10003
-12792
-15044
-16119
-15182
-12136
-6899
-1273
1997
1029
-4004
-6540
-622
10528
20153
22887
19236
13352
5553
-505
-2050
-5312
-10240
-11769
-10882
-7856
-2390
4441
9954
9191
4454
1150
-1141
-1552
460
1737
1318
31
-1159
-1923
-3299
-5278
-7258
-8465
-8120
-6696
-3822
132
1649
-356
-1595
1231
5625
8162
8507
5909
925
-2471
-3712
-5938
-9424
-10903
-8638
-5586
-3259
289
3746
5908
8419
9622
8197
7077
7707
8112
6537
3607
-396
-5061
-6852
-5111
-2925
-352
2402
3278
3229
4475
7094
8824
7486
3647
-866
-4119
-4320
-1814
1291
3236
3366
1942
-205
-1245
116
2408
3764
3951
2762
922
-217
-1311
-2625
-4631
-9220
-13887
-16089
-17933
-17893
-13952
-8870
-3843
-737
-2994
-7558
-5967
5585
19836
27379
26588
19301
9485
1973
-3527
-8377
-11754
-13154
-12317
-9146
-3120
4021
8907
11204
9193
2955
-765
-507
-104
163
-37
-1204
-2449
-3057
-2386
-2735
-6070
-9121
-9628
-8552
-5279
805
6100
5467
215
-2359
-221
2598
5228
6967
4556
74
-1822
-2115
-4623
-8534
-8470
-5506
-4529
-2452
1085
1460
1764
4015
5037
5808
8519
11504
10503
5572
1076
-2921
-5194
-3311
-1306
-477
809
811
338
1004
2912
6142
7579
5307
1316
-2202
-2747
35
3909
7429
9322
8967
6785
3199
72
-813
-743
-1575
-2517
-1910
217
3116
5571
5217
1563
-3154
-7878
-13035
-17753
-20417
-20161
-16654
-10314
-3455
267
-1280
-5966
-7413
-529
12345
23833
27796
23215
14651
6254
-1396
-7831
-12160
-14157
-14547
-12635
-6863
-51
6003
11099
10966
6730
2292
-2069
-2527
-702
-1222
-1080
-982
-1283
-392
-1986
-3994
-6154
-10633
-9814
-4819
-1663
2684
4602
1600
587
3543
8284
11264
9576
4404
-2616
-7278
-7008
-6757
-8262
-7677
-4591
-1113
2142
4044
2462
-905
-2388
-2615
-1879
2733
9400
12374
10553
5870
-672
-6210
-7002
-3371
965
3452
4239
3718
2912
4066
5786
4737
1072
-3332
-5497
-2905
2607
8122
11698
11831
9817
7636
5534
3606
1591
-759
-2659
-3425
-2880
-1440
-237
-142
-1166
-2173
-1841
-923
-1429
-4472
-10198
-16803
-21069
-20993
-15692
-7140
-1086
-1564
-8053
-14527
-10941
4461
20683
28273
26997
20301
12596
7553
3125
-4733
-13468
-18625
-19756
-16013
-7299
2475
9268
10873
7392
1956
-1191
122
2981
3730
3054
2039
799
-274
-1528
-3659
-7986
-12946
-14167
-11195
-5006
2882
8127
8834
5832
3597
6807
9866
8117
4759
-699
-6885
-8456
-7221
-8142
-10203
-8436
-3895
-1583
313
2451
2009
2224
4069
4421
5120
7760
9653
7583
1621
-4565
-8608
-8821
-4809
-973
755
2836
5125
6813
8544
9444
8322
5264
925
-3097
-4427
-2443
1326
5549
9019
10621
11021
10578
8119
4260
514
-3115
-5711
-6078
-5295
-3645
-413
2242
2208
811
-867
-3033
-5446
-8945
-14216
-19061
-19856
-15005
-7832
-2376
245
-2455
-9267
-11878
-6337
5137
17808
24473
22873
16660
9834
4468
-1297
-7804
-12704
-16234
-16614
-11331
-3133
4457
8903
8650
5168
1189
-196
1532
3045
2851
2243
2197
2867
3310
1832
-2875
-9465
-13956
-14211
-10753
-4489
2591
6823
6501
5623
8068
11102
11377
8332
1377
-7151
-12244
-12134
-10075
-9847
-9216
-4657
428
2865
4498
5076
2917
-130
-1797
-1932
-21
4209
7894
7961
5047
1313
-1711
-3136
-3520
-3622
-2456
1100
6156
10499
12455
11918
9810
6616
2281
-2039
-3960
-2422
1039
4225
6618
8780
10297
9566
6160
1636
-2314
-4960
-5852
-4724
-2281
9
768
232
-835
-1580
-1238
-899
-2352
-6863
-13160
-17688
-18286
-15908
-11114
-5562
-1959
-2466
-9923
-17383
-16246
-3935
14773
25165
25469
20462
13630
10739
5635
-2680
-10007
-17414
-20097
-16961
-9916
-1007
5914
9232
7731
4675
3037
3644
5894
6114
3991
2038
1974
2560
1246
-2472
-7507
-11894
-13987
-12748
-8162
-1204
4989
6271
4227
4093
7736
10601
9624
5158
-3103
-9670
-10313
-7187
-6918
-9027
-7474
-3462
1556
4214
6354
5961
504
-775
771
3699
10105
15168
13823
5864
-1829
-6096
-8723
-8171
-5320
-3753
-420
5059
9035
12715
14476
11806
6331
-181
-5273
-6125
-3415
103
2699
4281
6088
8068
9112
7765
3618
-1106
-4344
-5610
-4241
-1168
653
1430
75
-2334
-2569
-2730
-3508
-5828
-10718
-16515
-19253
-19181
-16097
-8893
-3823
-161
-2004
-10758
-15956
-14118
-2333
13463
23081
24941
21136
15796
10508
4113
-3785
-11530
-17194
-18741
-15702
-8873
116
7454
10550
9210
5831
3749
4160
5708
6171
4875
3264
2806
2814
1296
-2895
-8814
-14061
-16225
-13905
-7581
35
5426
7352
7875
9427
12137
13801
11279
3610
-5709
-11687
-12548
-10322
-8490
-8108
-5992
-338
5124
7513
7934
5659
213
-3810
-3853
-2112
1453
6512
7738
3484
-892
-2887
-3815
-3412
-3079
-3880
-1473
5258
11455
15146
15726
11651
5134
-792
-5771
-8631
-7832
-4424
-230
4027
7837
10868
12528
11235
7171
2598
-1318
-3787
-4438
-4639
-4717
-4430
-4698
-5000
-4401
-3656
-2948
-2053
-1924
-3233
-5470
-7983
-10145
-11567
-12639
-12309
-9341
-6907
-8775
-14400
-18559
-12583
3889
19526
27230
26893
20281
13380
8766
2351
-6078
-12643
-15861
-15663
-11313
-3779
3557
8299
8836
4962
849
-28
2165
6042
8234
7494
6549
5564
3035
-696
-5428
-10830
-15300
-16828
-14398
-8580
-319
7574
10588
9433
9725
12211
12680
9398
2889
-5422
-11244
-11077
-7988
-7532
-8242
-4950
322
2984
4089
4346
1547
-2152
-2320
-1231
-1138
2637
7405
5645
2074
683
-1966
-3360
-2315
-2140
-523
4423
9575
12188
11625
8606
3906
-822
-3987
-6300
-7216
-5519
-2495
860
4484
7918
10301
10053
7252
3770
451
-1568
-1370
-1196
-2951
-5289
-7025
-7723
-6633
-4441
-2079
278
1065
-517
-2451
-3731
-5327
-7365
-9732
-12461
-13861
-12379
-9943
-10311
-14668
-18705
-14651
-376
16354
27137
30005
26320
19491
12878
5258
-4128
-11454
-15118
-16454
-14681
-9512
-2758
3706
6936
5953
4375
4723
6524
8857
9700
8212
6124
3891
688
-3101
-7105
-11830
-15866
-16418
-13300
-6865
2014
8804
10879
9811
8695
10532
12287
9757
4330
-3285
-10202
-11848
-10711
-9993
-9256
-6583
-1247
2075
2709
3886
2686
-89
-164
787
2036
5132
8603
7735
2607
-6
-2120
-7097
-7124
-2878
-773
2490
7372
9562
8981
8350
8380
5697
862
-2595
-5482
-6576
-4903
-2891
263
4157
6721
8291
7903
6142
4792
2535
-220
-2406
-5044
-6934
-7139
-6633
-4579
-1782
-746
-428
-392
-1993
-4017
-5928
-8724
-11826
-13283
-11425
-8391
-7083
-7123
-9927
-14814
-14265
-4774
8652
19790
25668
25768
20859
14431
8589
1101
-6991
-12213
-15056
-15215
-10821
-3885
2250
6503
8214
7352
6546
7544
8483
8239
7578
6637
5432
3701
1101
-2466
-7806
-13518
-15881
-14298
-10425
-4753
1331
4935
5670
7092
11154
14513
13850
9196
1468
-7040
-12217
-12614
-11845
-12428
-11346
-7031
-2550
922
4185
5622
3954
1730
475
-1515
-1992
1115
2779
1887
1363
51
-1002
-404
-14
456
1575
3326
4995
6191
9163
10178
6096
3392
1362
-3821
-6303
-5455
-5335
-3629
953
5916
9209
10110
9344
7784
5981
3773
850
-2172
-5356
-8488
-9767
-8557
-5880
-2742
7
1408
1106
254
-81
-681
-2699
-6458
-11488
-15444
-15516
-12054
-8065
-6553
-9858
-16151
-17083
-6712
10164
24248
30443
28441
21924
15695
9965
2230
-6426
-13048
-16856
-17154
-12604
-4240
4607
10645
12135
10133
7686
6628
6576
6447
5589
4145
2663
1256
-721
-4203
-9208
-14095
-16409
-15062
-10986
-5150
1438
6312
8069
8861
11495
13996
11946
5747
-2255
-10604
-15293
-15302
-14830
-15292
-13692
-7449
219
5102
8609
9190
5093
1843
-12
-3093
-3523
-400
1761
899
-879
-1440
-1544
-30
2864
2361
1266
4163
6006
6606
10559
12369
8064
3504
311
-4133
-7315
-6590
-4222
-2593
-238
4032
7247
8084
8511
8067
6221
4442
2903
1129
-885
-2915
-4785
-6210
-6337
-5435
-3855
-1397
-64
-357
84
985
1060
-83
-3639
-8980
-13499
-15080
-13011
-9472
-7741
-8924
-11878
-12562
-5122
10022
23305
28258
26866
20951
13183
7551
1757
-6039
-12335
-15788
-16049
-12040
-4963
2595
7607
9013
7586
4373
3001
4838
6285
5548
3186
525
-974
-2175
-3913
-6577
-10977
-14826
-14900
-11149
-4901
2202
7232
7492
4930
5032
8190
9384
6704
1394
-6003
-12647
-14503
-12734
-11396
-10134
-5887
-499
1986
3554
6084
6012
3323
930
-1144
-1249
2460
6609
6561
2763
-578
-2019
-1932
-9
2049
3426
4783
5478
6263
7237
7041
5673
2638
-1571
-5565
-7368
-4408
-1298
-1349
1202
4725
4514
5187
7199
6767
5849
5647
4926
3266
748
-2031
-4570
-6072
-6201
-5575
-4556
-3223
-2729
-2585
-1492
-201
271
-546
-2404
-6056
-8778
-9719
-10888
-10219
-10011
-11194
-12242
-11898
-6187
5147
18092
26224
26655
21753
15360
9570
3906
-2000
-7879
-11597
-12579
-11340
-7067
-1885
1585
3758
4254
2941
2532
4059
5896
6632
5981
4389
2345
461
-1616
-5183
-9813
-13205
-13849
-11871
-7732
-2171
2682
4792
4934
5707
7988
9480
7446
2052
-4369
-9429
-10941
-9159
-7852
-8545
-7878
-4362
-631
2332
4870
5429
3956
2677
1860
1353
2748
4933
3979
-529
-4984
-6878
-5584
-1202
3947
7015
7956
7893
7132
6263
6260
6140
3742
241
-2332
-4535
-4611
-1409
825
776
1302
2657
4051
5341
6063
5939
5157
4883
5217
4600
2974
662
-2754
-6456
-8967
-9301
-7580
-5361
-3988
-3381
-2339
41
3145
5347
4759
738
-5100
-10564
-14187
-15268
-13344
-9323
-6831
-7650
-8815
-6113
2968
14977
22324
23213
20279
15274
10656
6690
1078
-5501
-10422
-12783
-13065
-10905
-5868
-642
1930
2459
2093
2111
4480
7916
8585
6083
3412
1780
-25
-2559
-5605
-9432
-13566
-15669
-13850
-8886
-2666
3382
7051
6487
4513
5750
8763
8957
5596
195
-5328
-8305
-7608
-5993
-7178
-8980
-7037
-3471
-542
3162
5622
5140
4602
4959
4641
4432
5524
5150
737
-4203
-5633
-4656
-2433
937
3331
4520
6203
7292
6937
6337
5757
4636
2281
-424
-1809
-2251
-1559
-313
-66
1031
2542
2552
3465
4232
2779
2731
4334
4660
4145
3124
1476
-313
-2559
-5024
-7072
-8393
-8390
-7380
-5747
-2996
259
3413
6031
5988
3040
-1009
-6003
-11017
-14623
-16803
-16454
-13391
-9424
-5592
-3556
-3833
-2180
4798
14001
20329
22036
19559
14649
10065
5492
-1360
-8865
-14013
-16602
-16192
-11872
-5782
-810
2609
4534
5072
5824
7683
9251
8979
6659
3434
948
-823
-3431
-7365
-11770
-15216
-15620
-12012
-6126
-144
4863
7417
6703
5583
7264
10036
9931
6252
1116
-3589
-5533
-4406
-4356
-7160
-8616
-6486
-3099
632
4344
6095
5008
4071
4380
3605
3026
3630
3256
751
-539
-426
-514
1237
2207
2053
1872
1421
1890
2385
3732
4231
1874
174
320
-918
-1408
1158
1150
-585
988
3284
3639
3183
2279
421
-1683
-1667
597
1867
1600
27
-2957
-5220
-5120
-3749
-2676
-1515
-936
-584
454
2269
4268
4496
3269
-1126
-7571
-11588
-13279
-12568
-11682
-12234
-11025
-8862
-7250
-4956
-3877
-1587
5625
14705
21428
21981
18440
12878
5960
378
-5391
-10980
-13273
-12009
-10077
-7000
-2584
1164
4054
4661
4030
2839
3483
6122
6848
6588
5684
4478
2744
-694
-5302
-9832
-12112
-11651
-9298
-5491
-466
4158
6418
6590
7286
9849
12176
12066
8201
1761
-3308
-4987
-4384
-4754
-7675
-9600
-8342
-5550
-2192
-276
-821
-1139
92
2134
4375
6408
7405
5752
2370
-699
-3552
-5014
-4757
-5156
-5354
-3219
439
4310
7072
7871
6948
4260
1423
417
-233
-1038
-498
-296
-1260
-792
1051
2026
1305
-463
-1434
-802
949
3669
6003
6258
4654
2522
1121
656
204
-909
-2550
-4094
-4810
-4239
-2336
274
2325
2904
1961
-95
-2687
-5888
-10223
-14989
-18622
-19673
-17257
-11861
-5226
-920
-1577
-4837
-5720
315
11931
20482
22030
19361
15080
12327
9868
3577
-4307
-11140
-16194
-16683
-12770
-6587
462
5233
6460
6274
6448
7680
9234
9447
7745
4793
2215
948
-597
-3467
-6890
-9997
-11050
-9890
-7351
-2174
3029
4441
4010
4257
7376
12455
13623
10223
4352
-2778
-6043
-5525
-7431
-11965
-14424
-11848
-7398
-3426
1180
2464
893
1670
2399
1451
2902
5107
4976
2657
222
590
-341
-1666
-2072
-3249
-3134
-2240
1110
2670
2739
5261
5652
3582
585
-1104
-2075
-2692
-869
1339
2273
3347
5317
5088
3217
3076
3886
4313
4430
3863
3040
3115
2741
1137
-890
-3374
-5291
-5451
-4636
-3688
-3016
-2591
-1264
354
586
-467
-2834
-6922
-11453
-14389
-15889
-16831
-15513
-12230
-9421
-6469
-4378
-3494
1423
10581
18570
22937
22832
19242
14634
9981
4769
-2247
-8770
-11419
-11172
-8803
-4967
-1577
1571
4136
5723
7196
7987
8174
7576
5904
5532
6187
5518
3443
-824
-6642
-10861
-12618
-11995
-8847
-4785
-1114
2385
4976
5697
6878
9934
10785
7041
1397
-3669
-6290
-5690
-5012
-7839
-12210
-12579
-8545
-4203
-970
221
-1393
-2698
-1902
-603
880
2576
2951
1050
-1698
-3088
-3210
-2825
-1906
-1819
-1966
967
5454
8532
11035
11419
9056
6573
2591
-2127
-3834
-4717
-5963
-5563
-3997
-659
4171
7336
7901
6605
5080
4780
4665
3856
2647
1475
965
750
60
-1103
-2622
-4378
-5955
-6408
-5185
-2813
342
3481
4711
3350
936
-1264
-4014
-7707
-11312
-14836
-17851
-18166
-15188
-9851
-3971
-1175
-3173
-5688
-1223
11081
22644
27249
25362
19087
12791
8975
4531
-1670
-7336
-11488
-13471
-12111
-7529
-1887
2257
4108
4164
3675
4430
6165
6594
5394
4305
3753
2946
1489
-812
-4059
-7529
-9983
-11032
-10241
-6958
-2774
284
1310
775
2889
8497
11663
10336
6184
451
-3560
-5167
-7079
-10518
-13665
-12618
-8403
-4950
-1742
304
-475
-1255
-988
-828
-187
1761
3831
3629
2796
3517
3235
1413
-511
-2745
-3694
-2536
-898
321
1285
3215
6160
8536
9033
6483
2899
976
-883
-2937
-3384
-2768
-1429
678
2865
4861
6386
7626
8179
6894
4498
2398
1075
572
136
-717
-1706
-2711
-3549
-3959
-3792
-3227
-2385
-1256
-476
60
634
208
-931
-2194
-4389
-6571
-8323
-11383
-14316
-14288
-11505
-7081
-3110
-2712
-4832
-3837
4135
16002
24264
25842
22790
17686
13689
9853
1820
-7875
-14320
-17177
-15813
-10534
-4122
961
2860
2783
3114
4235
6557
8435
6797
3219
1937
3767
5578
4346
-342
-7152
-13434
-16569
-15539
-11138
-6326
-3049
-789
-147
584
6434
14104
14799
9425
2979
-3430
-6609
-5849
-6957
-11935
-15674
-13375
-7249
-1918
2469
3595
-115
-2149
-681
636
3610
8187
9383
6444
3266
1603
222
-156
-714
-4152
-6079
-3689
-704
2128
5009
6281
5825
4009
2285
1158
-81
-147
-570
-1217
578
3075
4997
4732
2055
525
1225
3222
4866
4703
3605
2895
3180
3461
1810
-427
-1709
-2412
-2597
-2376
-1428
-919
-591
781
1272
386
-384
-630
-1846
-4328
-6486
-9100
-12568
-14237
-13057
-10629
-7543
-4148
-2668
-3869
-3081
4074
13705
20292
23296
22442
18366
14419
9965
1956
-7442
-14339
-17374
-16123
-11589
-5604
29
3205
4066
4688
5960
7166
6542
3410
-182
-1372
573
2927
2846
-130
-5357
-10356
-12985
-13838
-12826
-9982
-6819
-3509
-198
3425
9215
14857
15391
10977
4917
-683
-4503
-6100
-7481
-11087
-14286
-11891
-5901
-2142
125
1307
-948
-2691
-853
900
3135
7819
8824
6290
6037
5360
2238
-671
-3377
-7778
-10375
-7870
-4066
-1520
789
4073
7102
9077
10905
10366
7231
4212
665
-2642
-3114
-2777
-2595
-1535
-956
-36
2360
4543
5838
6426
6497
6596
6651
6278
5081
3456
2782
2583
979
-1637
-3806
-5274
-5534
-3898
-1452
-107
147
417
-52
-1706
-3017
-4239
-6069
-7983
-10609
-12885
-12811
-10961
-7943
-5295
-4877
-5632
-6260
-2899
8240
19850
23799
22932
19695
14445
10389
4894
-5584
-15280
-19305
-18140
-12600
-5333
753
4279
4972
4723
4567
4326
3949
2271
-174
-973
829
3686
4038
669
-4438
-9201
-11677
-11896
-10737
-8187
-5609
-2584
1925
5350
8466
13152
14378
10244
4767
-1174
-5181
-5023
-5405
-8125
-10967
-12097
-6777
1482
2797
763
910
-280
-1677
701
3887
4155
3796
4195
3305
1231
-21
-925
-1992
-2206
-2326
-1339
-303
-906
-742
63
1502
3186
3841
3896
2505
1045
1216
1258
1775
2912
1957
1012
1847
2379
3034
4049
4410
4267
3842
3949
4752
4306
3190
2894
2571
2645
2931
1995
72
-1539
-2398
-1648
345
487
-512
-1843
-4009
-4370
-3955
-5242
-7117
-8615
-8744
-8382
-9261
-9380
-9008
-8609
-5883
-3590
-3520
-3494
-2223
2992
11831
18626
20234
17967
13642
9620
5877
-698
-8133
-12967
-15082
-13056
-8211
-3446
690
2542
3117
3914
4416
5984
7005
5371
3494
3458
4042
3479
1676
-1723
-6158
-9907
-11773
-11663
-10021
-6979
-3345
425
3328
6013
10649
14452
13122
8246
2816
-1487
-4414
-7870
-9560
-11797
-14622
-9431
-1500
1172
2128
3042
678
-624
2766
3304
1498
1840
1648
563
855
1652
1
-3420
-5804
-7024
-7081
-4422
-1845
-1727
-182
3360
5909
7483
7986
6280
4088
3741
4043
3395
2295
524
-1605
-2107
-1115
380
2096
3035
3197
3134
3128
3636
3592
2979
3493
3910
3575
4360
4850
3568
3048
3319
2042
426
-551
-2386
-3893
-3433
-2526
-2121
-2465
-4129
-5939
-6831
-6530
-4827
-3496
-3895
-5060
-6423
-7469
-7667
-7557
-7011
-6381
-6868
-7634
-7627
-5153
2765
12190
16428
17193
16547
13820
11717
9067
2278
-5229
-9033
-9484
-8218
-5217
-1049
637
-321
-476
-482
-609
821
1733
1034
1630
4660
7512
7571
4802
142
-4833
-8619
-10587
-9981
-9283
-9432
-5321
387
1805
4559
10602
12798
10201
6442
2907
-156
-1630
-1241
-3041
-7812
-9314
-5506
-1616
-1802
-3813
-4800
-6036
-5387
-1468
764
1928
4754
5889
4977
4619
4322
1762
-3105
-6443
-7379
-6815
-3595
-1223
-1810
-1547
-64
1535
2946
3063
3147
3710
4154
5016
6020
7133
7077
4474
1322
-1267
-2286
-961
-604
-2094
-2535
-691
2719
5276
6202
6362
5299
4710
5343
4530
3264
3358
3035
2284
2526
2764
1735
37
-1521
-2845
-3156
-1994
-780
-592
-1002
-1587
-2270
-3094
-4356
-5927
-7196
-8093
-8685
-8657
-8109
-7634
-7563
-7272
-6294
-4987
-2954
-1137
-1835
-3644
-2726
3108
11280
15678
15569
13531
10225
8099
5695
-980
-8299
-12407
-13012
-9506
-3784
998
3101
4087
5156
3397
1639
2895
1121
-2513
-1463
2108
5255
6809
5631
2821
-1479
-5517
-6993
-8100
-9180
-7896
-5452
-2950
-85
2821
6099
8545
8307
5711
2633
-90
-1567
-1353
-2423
-4058
-3692
-1944
917
2126
721
-683
-2812
-3943
-1837
-528
-147
1665
3065
4047
4661
4301
3141
249
-2125
-2757
-3926
-4209
-3742
-4791
-5079
-3649
-2449
-1541
-807
-841
-869
392
2280
4157
6503
7422
6648
6270
5918
5359
3781
960
-1784
-3647
-3045
-964
276
834
1454
2130
2935
4017
4377
3483
2203
1133
529
1125
2398
2236
474
-1086
-1772
-1781
-1308
-1383
-1977
-1661
-285
919
787
379
616
13
-1199
-2297
-4080
-4934
-4334
-4455
-4971
-5649
-5679
-5023
-5280
-5654
-6523
-7181
-6209
-5107
-4313
-2031
-894
-1635
45
1386
4078
9819
12678
13012
11502
8704
6912
5557
2722
-1711
-4852
-5403
-4912
-4344
-3083
-1919
-1583
-965
-124
119
797
2749
3904
3598
3695
4362
4267
3074
682
-2901
-5858
-6801
-6631
-6360
-5544
-3689
-947
1816
3774
5086
5686
6063
5429
3479
1971
373
-1082
-1858
-2699
-3456
-3320
-1425
-90
-792
-1034
-1359
-2240
-714
1363
1681
2440
3875
4196
3178
3182
3238
745
-1576
-2454
-3678
-4137
-3031
-3064
-3360
-1291
726
1147
971
182
-1021
-1533
-1185
-375
778
1987
2174
1339
1532
2249
2163
985
-849
-2620
-3733
-2471
-890
-715
-307
762
1730
1743
1664
896
-872
-1487
-1042
-578
209
1308
948
-1328
-1736
187
-706
-2592
-1540
-1648
-2494
12
2644
2755
2297
2778
4004
4286
3505
3080
2988
3028
3004
2604
1810
516
35
699
-177
-2854
-4199
-3374
-2320
-1707
-1246
-1831
-2703
-1828
-497
-502
-1112
-1884
-2733
-2900
-2006
-912
-838
-1058
-836
-989
-894
-144
64
274
1450
2910
3697
3541
3194
2843
1900
688
-780
-2412
-2971
-2381
-1585
-732
135
414
-41
-210
205
17
-692
-793
-247
1032
2921
3603
2390
1110
603
46
-595
-1092
-1960
-3000
-3059
-2086
-1014
-13
552
8
-873
-1217
-1096
-615
-539
-1310
-1883
-1704
-1281
-997
-853
-775
-921
-815
225
1336
1748
2149
2523
2342
2353
2797
2573
2068
2319
2260
1592
1523
1297
480
636
1277
750
59
657
1391
1287
1757
2591
1951
1101
1259
993
705
1153
641
-697
-877
-302
-76
22
-415
-1616
-2042
-1270
-1002
-1781
-2718
-3433
-3679
-3296
-3111
-3693
-4561
-5288
-5590
-5278
-4657
-4138
-3760
-3057
-2054
-1014
1387
5248
7897
8578
8264
6870
4985
3107
275
-3302
-5678
-5902
-4974
-3499
-1220
848
1910
2751
3173
2537
1668
1078
609
932
2301
3437
3489
2953
2185
1068
-386
-2057
-3489
-3925
-3126
-1498
365
1882
2745
3200
3649
3925
3365
1721
-414
-2040
-2416
-1995
-1991
-2126
-1091
420
886
725
279
-1016
-1896
-1179
-586
-717
425
2388
3205
3605
3938
2457
-399
-2349
-3106
-3436
-3232
-2881
-3157
-2897
-784
1216
1074
199
-346
-984
-719
350
472
343
990
1391
1415
1203
131
-1179
-2030
-2563
-2372
-1668
-1281
-797
302
1724
3055
3515
2693
1191
-385
-1476
-1848
-2122
-2341
-2013
-1328
-342
738
1068
821
517
-43
-256
303
728
844
1065
1236
1395
1532
1148
23
-1361
-2203
-2188
-1703
-1208
-604
288
1084
1790
2366
1961
837
-238
-1366
-1986
-1828
-1486
-937
-371
195
1121
1739
1708
1286
453
-74
111
577
1108
1423
1478
1456
1326
1082
697
119
-330
-610
-977
-1375
-1386
-406
526
729
616
259
258
358
222
-240
-900
-1247
-1315
-885
-364
-7
482
588
182
397
1154
1376
1662
1836
1381
1490
1966
1927
1526
684
-145
-645
-943
-670
-552
-837
-916
-1315
-1448
-838
-495
-315
-372
-801
-868
-836
-751
-547
-920
-1663
-2274
-2272
-1621
-1190
-853
-678
-980
-697
-191
-350
-296
-211
-597
-616
-250
-27
81
47
-241
-674
-865
-814
-991
-1248
-1029
-596
-208
527
1493
2229
2631
2537
1902
1535
1561
1188
287
-719
-1233
-1084
-289
411
539
490
251
145
99
248
283
-130
-157
19
420
930
808
305
-96
-164
-26
5
7
185
565
1126
1463
1527
1558
1294
1063
1066
864
534
122
-321
-535
-586
-302
161
276
382
552
429
216
-16
-208
-172
47
266
333
444
689
675
411
150
-182
-384
-622
-912
-862
-652
-336
243
616
520
934
1031
307
-33
-456
-810
-965
-1152
-1369
-1353
-1002
-649
7
103
-45
-123
-738
-1094
-1055
-887
-787
-627
-507
-475
-124
19
-435
-1219
-2088
-2644
-2561
-2239
-1913
-1397
-776
-36
792
1506
1706
1272
704
59
-674
-739
-227
53
358
813
870
818
970
922
711
555
315
111
248
851
1542
1790
1751
1611
1325
952
227
-721
-1429
-1807
-1556
-849
-197
557
1176
1513
1857
1852
1555
1233
677
263
176
214
457
680
763
690
310
-161
-592
-868
-861
-736
-393
-5
58
203
463
476
420
184
-350
-669
-506
-146
31
-65
-189
-244
-316
-381
-419
-384
-206
3
38
-126
-190
40
191
50
34
48
-114
-109
-71
-292
-573
-755
-1064
-1293
-1237
-917
-539
-724
-823
-388
-1
415
671
381
-33
-108
-247
-615
-765
-619
-378
-240
-55
255
437
464
302
-205
-718
-747
-425
-141
61
292
481
595
680
549
93
-448
-878
-1126
-993
-432
109
242
197
346
673
930
861
385
-105
-72
311
422
199
40
102
318
515
356
-188
-625
-697
-560
-228
238
497
421
248
238
438
642
578
229
16
243
635
886
836
627
731
938
774
433
57
-165
6
226
404
700
871
956
1101
1090
882
544
123
-115
-85
-14
7
-34
-129
-178
-115
42
126
134
193
130
278
770
738
447
436
-47
-664
-781
-968
-1202
-1281
-1282
-1100
-1026
-909
-506
-371
-464
-464
-590
-758
-910
-1230
-1614
-2002
-2309
-2351
-2312
-2280
-2173
-2110
-1900
-1419
-1070
-832
-526
-245
184
733
1175
1467
1519
1510
1510
1320
1032
633
169
-25
-3
81
122
64
251
671
947
1055
940
649
599
786
914
1004
1043
913
702
519
412
397
355
227
98
28
155
494
760
939
1194
1398
1493
1563
1548
1504
1460
1230
855
564
420
357
246
19
-226
-408
-540
-656
-702
-588
-385
-284
-330
-398
-361
-230
-231
-544
-982
-1176
-1045
-808
-678
-712
-835
-794
-496
-277
-317
-402
-549
-781
-777
-639
-635
-501
-288
-288
-254
-145
-233
-441
-641
-772
-757
-630
-381
-79
161
429
648
596
376
135
-73
-95
17
80
151
323
501
530
351
96
-153
-384
-507
-548
-533
-366
-218
-281
-396
-410
-358
-289
-255
-287
-294
-153
71
167
126
87
9
-218
-466
-569
-501
-265
-40
9
111
456
814
966
875
695
798
1218
1559
1672
1735
1891
2095
2135
1743
967
248
-156
-411
-596
-662
-668
-583
-350
-142
-120
-229
-370
-476
-430
-155
201
447
657
888
956
819
558
167
-227
-517
-825
-1151
-1340
-1316
-1051
-682
-500
-540
-585
-499
-265
-39
-73
-352
-547
-442
-198
-4
91
0
-83
49
121
42
0
-64
-71
34
93
217
439
617
723
609
305
96
4
-58
-110
-172
-231
-245
-152
30
164
197
114
-52
-145
-57
157
306
263
130
41
40
121
152
11
-173
-262
-308
-313
-249
-182
-168
-215
-308
-370
-344
-282
-339
-563
-782
-821
-640
-328
-94
-44
-66
-72
-68
-56
-77
-149
-204
-198
-131
26
230
362
374
319
262
225
219
239
235
232
320
455
545
634
702
659
524
334
120
-5
5
76
130
176
282
419
513
542
482
337
205
135
71
-24
-106
-160
-212
-247
-256
-282
-320
-325
-298
-268
-256
-269
-285
-255
-143
31
192
264
261
262
245
144
2
-103
-159
-161
-92
25
119
165
167
96
3
-24
7
37
37
-37
-158
-231
-211
-172
-200
-273
-333
-343
-275
-171
-133
-183
-249
-281
-279
-244
-201
-190
-183
-136
-45
66
167
225
227
178
120
89
74
79
98
72
15
-19
-21
-24
-45
-91
-150
-186
-160
-86
4
99
175
207
211
224
228
185
99
-9
-101
-130
-116
-121
-142
-129
-63
32
140
241
319
365
359
294
206
131
49
-73
-222
-337
-368
-329
-272
-241
-223
-185
-123
-59
-10
16
36
78
158
256
340
363
292
161
38
-60
-147
-226
-280
-282
-208
-52
116
240
307
291
221
154
89
42
4
-43
-50
-10
44
116
158
130
61
-8
-42
-27
7
41
81
146
239
344
419
415
317
167
25
-75
-129
-158
-180
-206
-218
-206
-180
-156
-154
-171
-190
-184
-151
-110
-80
-71
-78
-74
-44
-4
25
25
-13
-85
-159
-216
-251
-268
-264
-237
-175
-72
44
145
199
199
151
87
22
-42
-98
-119
-96
-50
-10
5
-23
-92
-183
-281
-353
-356
-276
-137
19
161
260
307
293
211
73
-70
-178
-236
-245
-204
-122
-17
76
132
151
152
148
153
176
226
304
385
434
431
389
319
222
114
28
-19
-24
15
68
111
154
210
240
211
159
128
104
62
9
-36
-70
-86
-111
-147
-179
-187
-177
-163
-147
-130
-112
-93
-77
-68
-58
-44
-31
-25
-29
-39
-52
-63
-73
-82
-85
-80
-71
-67
-71
-79
-92
-106
-120
-136
-149
-158
-159
-151
-135
-112
-85
-54
-24
1
16
22
17
-6
-47
-98
-147
-181
-191
-173
-126
-52
37
122
182
213
220
213
199
178
163
155
161
165
158
138
108
68
22
-25
-55
-52
-12
58
140
217
276
296
266
181
59
-74
-190
-267
-292
-258
-174
-65
36
102
126
114
76
32
2
9
50
110
165
187
168
111
24
-74
-165
-219
-214
-154
-64
27
105
160
174
128
36
-69
-152
-205
-229
-219
-176
-118
-74
-58
-68
-89
-112
-128
-132
-114
-74
-27
6
16
7
-10
-30
-48
-60
-57
-31
4
38
69
103
137
159
158
138
108
75
38
-1
-32
-42
-29
-2
27
57
86
110
119
113
94
75
49
17
-21
-60
-92
-112
-122
-122
-111
-88
-57
-25
-4
11
23
32
31
23
15
13
15
21
24
24
18
3
-20
-40
-46
-31
9
63
122
169
195
192
153
88
13
-61
-119
-157
-169
-159
-130
-94
-58
-32
-21
-30
-51
-76
-96
-102
-91
-66
-32
-6
11
16
7
-12
-33
-43
-28
7
54
101
144
175
184
170
139
100
60
24
0
-7
0
12
28
40
47
43
30
9
-14
-36
-53
-65
-70
-73
-73
-72
-67
-60
-51
-41
-33
-25
-18
-12
-5
-1
3
4
3
2
0
-3
-3
-1
5
12
19
25
31
39
48
56
61
58
48
31
8
-19
-44
-66
-78
-81
-71
-54
-34
-21
-17
-25
-43
-67
-90
-104
-105
-92
-65
-32
1
24
36
38
34
33
36
48
65
85
102
112
113
104
87
68
47
34
26
25
31
39
48
55
54
47
36
20
4
-11
-28
-44
-58
-71
-84
-97
-108
-109
-98
-79
-57
-39
-27
-16
-8
0
3
2
1
0
2
1
-3
-11
-19
-22
-17
-4
21
52
84
112
129
131
119
92
59
24
-3
-22
-31
-32
-30
-26
-26
-32
-41
-49
-55
-55
-51
-40
-30
-22
-20
-24
-34
-47
-59
-69
-70
-60
-40
-14
13
38
55
63
60
48
34
20
15
19
30
44
56
64
67
64
56
47
35
25
13
3
-6
-14
-22
-28
-37
-43
-49
-53
-54
-51
-41
-31
-18
-5
7
12
10
4
-8
-24
-43
-60
-67
-66
-55
-34
-6
24
55
80
96
101
94
79
61
44
25
12
1
-9
-18
-28
-36
-44
-49
-48
-39
-23
-5
10
21
29
30
20
2
-19
-42
-61
-72
-72
-61
-42
-18
2
18
27
33
36
39
38
38
37
35
34
33
29
26
20
18
18
21
25
28
29
26
19
10
-4
-18
-33
-44
-51
-53
-49
-41
-29
-20
-10
-3
-1
-4
-10
-18
-24
-28
-28
-27
-22
-18
-12
-4
4
15
29
48
64
80
87
85
73
52
27
-3
-31
-53
-67
-71
-67
-54
-40
-24
-11
-3
-1
-5
-15
-27
-36
-40
-37
-31
-26
-23
-25
-28
-30
-27
-22
-10
7
25
42
56
64
65
59
49
40
31
30
33
39
49
57
59
58
48
29
6
-12
-22
-22
-15
-4
1
4
-2
-7
-15
-20
-20
-18
-13
-9
-10
-14
-25
-36
-47
-55
-58
-53
-40
-22
0
22
41
55
58
53
41
28
17
10
7
7
8
7
4
-5
-19
-34
-44
-47
-41
-30
-14
1
16
24
23
11
-8
-30
-49
-62
-68
-64
-54
-43
-31
-20
-12
-5
1
8
17
28
38
45
52
54
50
43
31
18
6
-2
-6
-4
3
13
23
31
36
37
32
25
16
8
0
-3
-8
-11
-15
-19
-23
-28
-33
-37
-38
-35
-28
-18
-6
3
13
24
28
30
24
22
26
31
32
28
22
18
11
4
-4
-9
-14
-16
-16
-14
-9
-5
1
6
10
13
12
9
5
-1
-9
-18
-25
-31
-38
-44
-50
-55
-55
-53
-43
-33
-18
-4
6
14
21
23
25
22
18
13
7
2
0
-3
-4
-3
-1
5
11
19
29
41
51
60
66
67
61
46
30
11
-4
-18
-29
-36
-42
-43
-39
-33
-27
-18
-12
-6
2
8
13
16
19
16
10
2
-7
-16
-21
-24
-25
-22
-17
-11
-1
5
12
15
19
20
22
21
19
16
14
12
11
7
1
-7
-17
-25
-29
-29
-25
-20
-15
-12
-11
-12
-15
-17
-21
-21
-17
-10
-1
4
7
5
1
-4
-11
-16
-20
-19
-13
-1
14
28
39
45
47
44
39
33
29
29
29
30
29
24
13
0
-17
-30
-42
-44
-39
-27
-11
4
17
22
20
11
0
-11
-20
-23
-22
-20
-16
-15
-16
-22
-26
-29
-29
-24
-14
2
20
37
50
57
56
47
33
18
4
-5
-10
-9
-7
-5
-6
-9
-16
-23
-30
-31
-30
-22
-14
-4
2
4
-1
-8
-21
-32
-40
-41
-37
-25
-12
1
12
18
20
20
17
18
23
33
45
56
65
68
65
56
44
29
19
10
6
4
5
8
12
13
10
1
-9
-16
-19
-17
-15
-14
-14
-15
-18
-22
-30
-38
-45
-48
-45
-39
-30
-19
-8
1
8
10
12
11
12
12
15
16
17
15
13
8
1
-9
-19
-25
-31
-33
-32
-28
-21
-12
-7
-4
-4
-8
-13
-18
-24
-27
-28
-29
-26
-26
-26
-26
-26
-26
-25
-22
-15
-5
8
22
37
49
59
64
65
64
61
58
57
56
57
57
55
52
48
43
38
35
33
33
32
31
28
21
12
1
-13
-24
-35
-40
-46
-48
-48
-48
-46
-45
-42
-39
-32
-27
-19
-10
-2
4
7
10
9
8
6
1
-3
-3
-1
3
4
3
-2
-5
-5
-5
-6
-7
-9
-7
-5
-3
-3
-6
-12
-19
-25
-30
-36
-37
-37
-36
-33
-29
-25
-21
-16
-12
-7
-1
4
11
16
22
26
29
31
32
32
31
30
31
30
31
33
36
36
38
37
33
30
25
19
12
7
1
-4
-12
-19
-25
-31
-36
-38
-39
-38
-34
-30
-24
-17
-10
-5
1
5
7
9
10
10
11
12
14
15
17
19
17
16
14
12
10
8
6
4
4
2
-1
-3
-5
-10
-13
-18
-21
-23
-25
-25
-25
-23
-23
-20
-17
-15
-13
-11
-8
-5
-2
2
6
8
11
11
10
9
9
8
9
10
12
12
12
12
12
11
12
13
14
14
15
12
8
3
-3
-9
-15
-19
-20
-18
-19
-17
-15
-15
-13
-12
-9
-8
-3
-2
1
3
5
8
10
13
12
14
15
16
18
20
22
23
24
23
21
18
14
11
7
3
1
-1
-3
-5
-6
-9
-11
-13
-14
-15
-16
-17
-17
-19
-19
-20
-20
-21
-19
-17
-13
-10
-7
-1
3
6
7
9
7
6
3
3
4
8
12
14
16
15
11
7
2
0
-1
-2
-1
-1
-1
-2
-5
-7
-9
-11
-12
-12
-14
-14
-14
-13
-13
-12
-11
-10
-7
-8
-5
-4
-1
1
3
5
7
10
12
13
14
15
15
16
16
16
16
14
12
11
9
7
6
6
5
3
2
0
-3
-5
-7
-9
-9
-9
-8
-5
-4
-3
-1
0
0
1
1
2
4
3
4
5
3
3
2
1
0
0
1
2
4
5
8
6
7
6
6
4
1
0
-2
-4
-5
-7
-7
-7
-8
-7
-7
-5
-5
-4
-3
-2
-3
-4
-5
-9
-10
-12
-13
-13
-13
-11
-10
-6
-4
-3
-1
0
0
0
1
0
1
1
0
-1
-1
-3
-3
-3
-3
-2
-1
0
0
0
0
-1
-3
-3
-5
-6
-6
-5
-2
-1
1
6
10
12
14
16
18
19
20
21
20
21
22
21
20
19
16
14
13
12
10
10
10
10
8
8
7
5
1
-2
-5
-9
-11
-12
-12
-12
-11
-9
-7
-5
-6
-7
-8
-8
-10
-13
-15
-17
-18
-19
-20
-19
-20
-18
-16
-13
-10
-5
-3
0
1
0
1
-1
-3
-6
-7
-8
-9
-9
-9
-8
-6
-4
-2
0
3
5
5
7
6
6
6
5
5
4
6
7
7
8
8
11
11
14
14
13
13
10
7
4
1
-1
-3
-3
-3
-2
-1
-1
0
2
3
4
5
6
6
6
5
3
1
0
-2
-2
-1
0
2
5
7
9
11
10
11
10
8
5
3
0
-2
-5
-5
-5
-5
-4
-2
-1
0
0
0
-1
-2
-3
-5
-7
-10
-12
-14
-16
-17
-16
-15
-13
-9
-8
-4
-2
0
1
1
1
0
0
-3
-4
-5
-6
-5
-5
-3
0
3
5
7
8
8
7
5
3
0
-2
-3
-5
-5
-7
-5
-4
-2
0
2
4
5
6
8
6
7
5
4
1
1
0
0
0
1
3
5
7
8
9
10
10
9
8
7
5
3
0
-1
-3
-5
-5
-5
-4
-3
-2
-1
0
0
0
-1
-1
-4
-5
-6
-6
-6
-4
-3
-2
-1
1
3
4
5
6
7
6
5
4
2
2
-1
-2
-2
-4
-4
-4
-2
-3
-2
0
-1
0
-1
-2
-3
-4
-5
-6
-7
-7
-8
-7
-6
-3
-1
3
6
6
8
8
8
7
6
4
3
2
1
0
0
1
0
1
2
1
1
1
2
1
0
0
-2
-3
-4
-6
-7
-8
-7
-7
-6
-4
-3
-1
-1
0
0
-1
-1
-1
-2
-2
-3
-3
-2
-1
0
1
2
3
5
8
8
9
10
9
8
6
5
2
2
2
1
1
1
1
1
2
2
2
2
1
0
-2
-2
-5
-6
-7
-7
-7
-6
-5
-4
-2
0
0
3
2
4
5
5
5
4
3
2
1
0
0
0
0
0
0
1
1
2
2
1
1
-1
-2
-4
-5
-6
-7
-7
-7
-8
-4
-4
-1
0
0
1
-1
0
0
0
0
1
-1
0
0
0
0
0
2
1
2
2
3
3
3
3
3
2
1
1
-1
-2
-1
-2
-2
-2
-2
-2
-2
-1
-1
-1
