SAMPLES:	17293
BITSPERSAMPLE:	16
CHANNELS:	1
SAMPLERATE:	16000
NORMALIZED:	FALSE
0
0
0
0
0
0
0
0
0
1
0
0
0
0
1
0
-1
0
1
0
0
0
0
0
0
0
-1
-1
0
0
0
1
0
-1
0
0
-1
0
0
0
-1
0
1
0
0
0
0
1
-1
0
2
-1
1
0
-1
3
-3
3
-3
3
0
0
0
0
0
0
0
1
0
1
0
0
0
2
0
1
1
0
2
1
0
-1
0
0
0
0
0
0
0
0
0
0
0
1
0
1
0
0
0
0
0
-1
0
1
0
0
-1
0
-1
0
0
-1
0
0
0
0
0
0
0
0
0
0
0
0
0
0
0
0
0
0
0
0
0
0
0
0
0
0
0
0
0
0
0
0
0
-1
0
0
0
0
0
0
0
-1
0
0
0
0
0
0
0
0
1
-1
0
0
0
1
-1
0
1
-1
1
0
-1
3
-2
2
-3
2
-1
0
0
0
0
1
0
0
0
0
0
-1
0
0
0
0
0
0
0
0
0
0
-1
-1
-1
-1
0
-1
0
0
0
0
0
0
-1
-1
0
-1
0
0
0
-1
0
0
0
0
0
0
0
1
0
0
0
0
0
0
0
0
0
0
1
1
0
0
0
0
0
0
0
0
0
0
0
1
0
0
0
0
0
1
1
0
0
0
0
0
-1
0
0
0
0
0
0
1
0
0
1
0
0
0
1
-1
0
0
0
0
0
0
-1
0
1
-1
1
0
-1
3
-3
4
-3
3
0
-1
0
0
0
0
0
0
0
0
0
0
0
1
0
0
0
-1
-1
-1
0
-1
0
0
-1
0
0
0
0
0
0
0
0
0
1
2
1
1
1
0
0
1
1
1
1
1
1
0
0
0
0
-1
0
1
0
0
0
0
0
0
0
-2
-1
0
-1
0
1
0
-1
-1
-2
-2
-1
-1
-1
-1
1
0
0
0
0
0
0
0
0
1
1
0
1
-1
0
0
0
0
0
0
0
0
0
0
0
0
1
-1
0
0
-1
1
0
1
2
0
2
1
-1
3
-3
3
-4
3
0
2
1
0
2
0
0
0
0
0
1
-1
0
0
0
0
0
1
-1
-1
-2
-1
-1
-1
-1
0
-1
0
1
-1
-1
0
0
0
0
0
0
0
0
0
0
0
-1
0
0
0
1
0
0
0
0
1
0
-1
-1
0
0
0
-1
0
0
0
0
0
-1
0
0
0
0
-1
0
0
0
0
0
0
0
0
0
0
0
0
0
0
-1
0
0
0
0
0
0
0
0
0
1
0
-1
0
0
0
0
0
1
-1
0
0
0
1
-1
0
1
-1
1
0
-1
3
-4
3
-3
2
-1
0
0
0
0
0
0
0
0
0
1
0
0
0
0
0
0
0
1
0
0
0
1
1
0
0
0
-1
1
1
0
0
0
0
0
0
0
1
0
0
0
1
0
0
0
0
0
-1
0
0
0
0
0
0
0
0
0
0
-1
-1
-1
0
0
0
0
-1
0
0
0
0
0
0
0
0
0
1
0
1
0
0
0
0
0
0
1
-1
0
1
-1
0
-1
-1
-1
-1
-1
-1
-2
-1
-1
-1
-2
-1
-1
-1
0
0
0
1
-2
0
0
-1
1
0
-1
2
-2
4
-2
3
0
1
1
1
0
0
1
0
0
0
0
2
0
1
0
0
0
-1
0
0
0
0
0
0
0
0
0
1
0
1
0
0
1
-1
1
0
0
0
-1
-1
0
0
0
-1
0
-1
0
0
0
-1
0
0
0
0
1
0
0
0
0
0
0
1
0
1
0
0
0
0
0
0
1
0
0
0
1
1
0
0
0
0
0
0
0
0
-1
1
0
0
0
0
0
0
0
1
0
0
-1
0
0
0
-1
-1
1
-1
1
0
-1
1
-1
0
1
-1
1
-1
-2
3
-3
2
-2
2
0
0
0
0
0
0
0
1
0
0
0
-1
0
0
0
0
0
1
-1
0
0
0
0
0
0
0
0
0
1
0
0
0
0
0
0
-1
0
0
-1
0
0
-1
0
0
0
0
0
0
0
0
1
0
0
-1
1
0
0
-1
-1
0
0
0
1
-1
0
0
0
-1
1
0
0
0
1
-1
0
0
0
0
0
0
0
0
0
0
0
-1
0
0
0
0
0
0
0
0
0
0
1
-1
0
0
-1
1
1
-1
1
0
-1
1
-1
0
0
-2
0
-1
-3
1
-6
2
-4
0
-2
-1
-1
-1
-1
0
0
0
-1
0
0
-1
-2
0
0
0
0
0
1
1
-1
0
-1
1
1
1
1
1
0
0
0
1
0
0
0
0
-1
1
0
0
1
0
0
0
0
0
1
1
0
0
0
0
0
-1
0
-1
1
0
1
0
0
1
0
0
1
0
0
0
1
-1
-1
1
0
0
0
-1
0
0
1
0
0
0
0
0
0
-1
0
0
0
-1
0
0
1
1
-1
0
0
0
0
0
0
0
1
-1
-1
1
0
1
0
0
1
-1
1
1
-2
3
-3
3
-3
1
0
0
0
-1
0
0
0
0
0
-1
0
-1
1
0
0
1
0
0
0
0
0
0
0
0
-1
0
0
0
1
0
1
0
0
0
0
-1
0
0
1
1
0
0
0
-1
-1
0
0
0
-1
0
0
1
0
1
0
0
1
0
0
1
0
0
0
0
0
0
0
0
0
0
0
-1
1
0
0
0
0
0
0
0
0
0
0
-1
0
-1
0
0
0
0
0
-1
0
0
0
1
0
0
0
0
0
0
1
-1
0
-1
1
2
-2
0
1
-1
1
0
-1
3
-3
3
-3
2
-1
0
-1
0
0
0
0
0
0
0
0
-1
0
0
0
0
-1
0
-1
0
0
0
0
0
-1
0
0
-1
0
0
0
1
0
0
0
0
0
0
1
0
0
0
0
0
1
0
0
0
1
1
0
0
0
0
1
1
1
1
2
2
2
1
0
-1
0
0
-1
-2
-2
-1
-1
-1
-1
0
0
0
0
0
0
0
0
0
0
0
0
0
0
0
0
0
1
1
1
0
-1
-1
-1
-1
-1
-1
-1
0
-1
-2
0
0
0
1
0
2
2
0
2
1
0
3
-3
4
-3
2
-2
-1
-2
-3
-3
-2
-3
-2
-1
0
0
0
2
4
3
4
3
3
4
1
0
-1
-2
-3
-3
-4
-3
-3
-2
-1
-1
1
0
1
1
0
0
0
1
0
0
-1
-1
0
0
1
3
4
5
6
5
4
4
2
1
-1
-4
-5
-7
-7
-7
-5
-3
-1
3
7
9
13
15
17
17
19
16
13
10
6
2
0
-1
-2
-2
-1
-1
-1
-1
-3
-3
-5
-5
-7
-10
-16
-23
-33
-44
-55
-65
-70
-71
-65
-53
-36
-16
5
22
34
36
32
22
12
0
-8
-13
-13
-6
4
12
15
12
6
4
6
14
20
28
34
37
40
41
41
42
40
37
31
22
13
6
0
-1
1
2
6
11
19
30
42
52
56
49
36
20
9
8
15
23
26
18
1
-23
-44
-56
-54
-39
-22
-21
-37
-69
-99
-112
-127
-160
-194
-213
-241
-282
-331
-374
-355
-201
60
344
632
924
1170
1336
1386
1217
754
112
-511
-1019
-1424
-1713
-1804
-1667
-1308
-722
14
683
1108
1327
1452
1452
1302
1089
807
481
175
-37
-111
-177
-323
-479
-613
-775
-879
-863
-845
-757
-603
-362
100
465
664
838
776
590
381
49
-345
-812
-1100
-1162
-1105
-815
-529
-202
224
561
871
975
859
645
326
-1
-309
-590
-807
-941
-993
-948
-823
-615
-324
-1
326
603
805
938
1009
1036
1029
991
921
811
652
444
198
-67
-324
-534
-648
-649
-526
-276
89
521
973
1394
1738
1929
1913
1718
1399
956
394
-157
-561
-804
-890
-848
-752
-668
-622
-659
-880
-1287
-1746
-2354
-3178
-3802
-3932
-3791
-3649
-3513
-3630
-3976
-3096
-198
2874
4768
6182
7347
7924
7959
7298
5762
3209
-126
-2874
-4482
-5869
-6835
-6977
-6989
-6401
-4205
-1114
1492
3167
4483
5833
6780
7071
6634
5297
3344
1167
-650
-1722
-2840
-4199
-4689
-4968
-5500
-4686
-3154
-2075
-1165
-417
1005
2671
2783
3151
3703
1968
880
376
-1640
-3355
-4513
-5085
-4910
-3754
-2049
-649
521
1502
2861
4000
4420
4181
3380
2444
1445
599
-242
-1085
-1675
-1853
-1640
-1272
-790
-145
704
1613
2460
3217
3856
4362
4681
4743
4492
4049
3616
3208
2476
1213
-149
-1050
-1500
-1989
-2713
-3306
-3314
-2641
-1502
-53
1522
2645
2982
2794
2273
1196
-832
-3555
-6203
-8474
-9972
-10425
-10324
-10010
-9646
-9462
-9335
-7614
-2082
4737
8860
11726
14370
15460
15804
14934
11951
7852
2160
-3708
-6761
-8911
-11801
-13221
-13165
-12474
-9751
-4865
103
3636
6371
9609
12484
13579
13359
11899
8961
5052
1416
-1044
-3791
-7288
-9504
-9838
-9785
-8600
-6227
-4505
-2138
-248
1131
4645
6194
5240
5748
4949
2297
666
-1299
-3740
-5667
-7493
-7954
-6952
-5907
-4410
-2145
-66
1791
4192
5751
5957
5649
3836
2043
916
-493
-1266
-2054
-2689
-2740
-2387
-1258
-310
337
1278
1748
2474
3844
4284
4827
5211
4905
5202
5200
4906
4159
2902
1814
763
302
-102
-876
-1501
-2190
-2400
-1813
-1244
-546
-7
483
1435
2444
3675
3869
3245
2228
-204
-2641
-5352
-8261
-10351
-12816
-14560
-14448
-13432
-11635
-10144
-9792
-8945
-5007
3149
10756
14349
17426
19846
19767
18487
15813
12056
6278
-2080
-8093
-11264
-14924
-16885
-16314
-15413
-13441
-8535
-1325
4598
7814
11086
14639
16271
16470
15544
12528
7622
2349
-1051
-3424
-6952
-9781
-10507
-10853
-10776
-9006
-6487
-3906
-1773
-680
2439
5577
5711
6339
5476
3180
1818
-593
-3350
-6085
-8242
-9177
-8788
-6880
-4787
-2608
-407
1342
3422
5483
6060
5657
4407
2179
491
-615
-1625
-2271
-2815
-3211
-2934
-1787
48
1991
3433
4278
4776
5304
5818
5889
5281
4052
2830
2476
2974
3166
2108
359
-707
-715
-482
-553
-643
-433
37
611
1283
1964
2130
1893
2006
2398
2543
2310
1801
822
-897
-2805
-5031
-8185
-11528
-14688
-16685
-16485
-15734
-14337
-11576
-9631
-9382
-9097
-4005
6623
13797
15821
18968
21292
21142
20539
17715
12561
5210
-4122
-10159
-12713
-16039
-17438
-16106
-15966
-14258
-7686
-161
4863
7984
11511
15429
17444
17980
17040
13717
8997
3789
-115
-2878
-7100
-10360
-11560
-13425
-13621
-11362
-7891
-4329
-2829
-664
3784
6295
6424
8111
7080
3659
3223
475
-2796
-4864
-8451
-9560
-9908
-8991
-5978
-3953
-1377
732
3631
6618
7328
7977
6066
2509
500
-1026
-2906
-4788
-5249
-4619
-3633
-2404
-947
901
2999
4321
4749
5799
6796
6485
5787
5534
4945
3920
3530
3244
1688
-321
-991
-748
-819
-891
-592
-490
-559
-136
614
1050
990
568
403
989
1797
2292
2383
1897
933
-375
-2374
-5232
-8237
-10881
-13706
-15845
-15669
-14265
-13067
-12207
-12130
-12619
-11191
-3872
7389
14518
17529
21165
23432
23444
22432
19040
13118
4949
-3297
-8335
-12360
-16771
-18793
-18676
-17236
-13741
-7730
-947
3669
7246
11530
15694
18256
18478
16252
12565
7977
3600
-340
-4283
-6567
-11113
-13764
-11491
-11990
-10965
-7419
-4996
-3634
-1695
3245
6065
5748
6039
6535
5253
3078
1031
-2525
-6050
-8256
-9828
-9329
-7204
-5685
-3770
-1221
1069
3994
6454
7203
6722
4977
2926
1403
-460
-2367
-3482
-3453
-2558
-1827
-737
670
1713
3144
4111
4370
5185
5550
5183
4889
4026
3599
4147
4122
3346
1963
1165
1406
1610
1513
572
-141
-212
-351
29
33
-101
106
-62
-21
92
685
1245
788
104
-987
-2653
-4695
-7110
-10417
-13682
-15116
-15065
-14451
-13391
-11835
-12224
-14128
-11659
-2578
7888
13379
16431
20931
23547
23803
22548
18601
12058
3235
-3811
-7555
-12310
-16821
-17934
-18007
-17510
-13427
-6706
-835
3402
7327
11996
16248
18420
18316
16338
12524
7677
3919
737
-3205
-8123
-12389
-13476
-13580
-13506
-11581
-8464
-5952
-4167
-97
4876
6360
6425
8016
7958
6045
5050
2332
-2432
-6299
-8960
-9922
-9342
-8194
-6298
-4181
-1754
1493
4249
6180
7364
7035
5700
4043
2229
402
-1520
-3017
-3425
-2915
-2061
-1142
92
1611
2799
3392
3727
4151
4520
4355
3657
3027
3048
3678
4106
3481
1965
714
622
1230
1422
815
-29
-335
28
483
790
1006
963
846
1124
2043
3005
2869
1413
-786
-2627
-4155
-6878
-10010
-12686
-15556
-16894
-16129
-14654
-12642
-11424
-11650
-11918
-7950
3181
12670
15468
19119
22746
23318
23816
21210
15588
9375
305
-6919
-9942
-14293
-18220
-18588
-18133
-16985
-12012
-4381
1094
4775
8984
13050
17033
18859
17819
16020
11896
7364
3753
-1561
-4517
-7048
-13107
-14145
-11950
-13493
-11842
-7104
-5773
-4363
348
4836
5975
6328
7541
6692
5372
4975
2253
-1933
-5608
-8308
-8938
-8832
-8218
-6130
-4376
-2656
857
4368
5877
6036
5552
4247
2813
2032
738
-1485
-2643
-2294
-1699
-749
326
1215
3003
4433
4054
4002
4695
4677
4591
4599
4058
3444
3399
3719
3167
1540
466
285
140
-129
-543
-989
-1027
-463
731
1861
1770
1025
831
1337
2273
2503
1657
559
-978
-2446
-3967
-6870
-10092
-13484
-16741
-17092
-15574
-13898
-11705
-10679
-11409
-11910
-7535
3196
11581
14556
18254
21641
22828
23293
21024
16103
9368
655
-5842
-9309
-13769
-17806
-18859
-18944
-17466
-11381
-3778
728
4419
9827
14387
16869
18994
19524
15486
9891
6954
3225
-2452
-5585
-7955
-11846
-13595
-13016
-12382
-10970
-8305
-5788
-3704
97
4191
5208
6006
7637
6951
5664
4307
548
-3820
-6907
-8633
-8928
-8565
-7494
-5732
-4064
-1815
1212
3640
4751
4762
4103
3104
2113
1232
-36
-1320
-1484
-982
-77
2199
4246
4531
5254
6654
6671
6117
5779
4587
2848
1490
582
475
1132
1402
941
590
704
1548
2600
2103
536
-272
-655
-960
-793
-884
-1283
-1347
-1302
-606
906
1413
658
18
-662
-2189
-5039
-8440
-10689
-12323
-14192
-14985
-14264
-12804
-11034
-9967
-10045
-7777
434
9703
14038
16950
21107
23259
23020
21190
16979
10739
3070
-3806
-7752
-11392
-15811
-17897
-17835
-16680
-12624
-5882
751
4703
7683
13140
16930
16494
16333
14848
10272
6212
2394
-1067
-3874
-7963
-10757
-11435
-12275
-11825
-10017
-8051
-5775
-3749
-936
2436
3663
3852
4822
5112
4472
3494
1397
-1575
-4408
-6415
-6858
-6412
-6034
-5241
-4070
-2703
-806
992
2214
2957
3109
3212
3820
4244
3736
2846
2353
2141
2330
2817
2400
1463
1885
3091
3182
2743
3067
3624
3911
4367
4792
4988
5538
6420
6651
5808
4446
3184
1962
174
-2337
-4720
-6098
-6416
-5906
-4672
-3022
-1530
-91
1927
3733
3865
2192
-831
-4733
-8707
-12095
-14593
-16069
-16755
-17300
-17344
-16315
-15522
-12957
-3937
7336
13548
17512
22605
25172
24492
22845
19561
13857
5874
-1765
-5902
-10086
-15557
-17643
-17844
-17763
-14745
-9318
-2705
2596
6079
11708
17104
18811
18313
15938
13335
9375
2871
-243
-2372
-8670
-11744
-10782
-12180
-12591
-10399
-8690
-6238
-3843
-1502
2884
4763
3596
4382
4600
3069
2492
761
-2284
-4585
-6162
-6306
-5675
-5119
-3985
-2818
-1589
230
2067
3231
3053
1825
279
-1199
-1966
-2368
-2703
-2256
-875
985
2548
3722
5120
6883
9182
10408
9686
9755
9826
7768
5937
4430
2263
906
-274
-1478
-2104
-2960
-2791
-1422
-1133
-1214
41
1823
2509
1944
1855
2497
2236
1383
1016
594
-429
-1995
-3796
-5695
-8163
-10692
-12625
-14732
-16471
-16723
-16233
-14543
-11196
-8667
-7354
-5710
-2573
4800
13651
17212
18179
20483
20438
18487
16926
13401
7519
669
-5213
-8480
-11391
-14486
-14679
-14287
-13366
-8220
-2683
2220
6852
8617
11345
15804
15278
13037
12792
8234
4136
2157
-2023
-4512
-8073
-11136
-10515
-11142
-10695
-7875
-6741
-5764
-3380
-688
1622
1756
1000
940
641
347
-501
-2017
-3192
-4066
-4490
-4106
-3068
-1981
-1496
-1132
-97
1325
2557
3142
3020
2592
2159
1876
1744
1578
1396
1441
1898
2604
3230
3732
4370
5208
5824
5860
5599
5630
5977
6057
5630
5312
5592
6048
5862
4760
3172
1653
185
-1663
-3798
-5570
-6468
-6377
-5531
-4329
-2920
-1176
673
2118
3161
3803
3009
-29
-4519
-9177
-13679
-17564
-19547
-20104
-20492
-19687
-18147
-18006
-15835
-6073
7593
15755
18546
22785
26663
25889
23449
20883
15573
7005
-1420
-6183
-9999
-15307
-17939
-17883
-18056
-15505
-9534
-2915
3567
7418
10323
17003
20468
16638
15028
14888
8680
1933
70
-2277
-8570
-12393
-10795
-10876
-12121
-9684
-7111
-5321
-3566
-1680
2464
3845
2029
3430
3712
1101
374
-1143
-4453
-6685
-7488
-6967
-6294
-4956
-2193
-506
385
2297
3808
3851
3292
2701
1454
-227
-857
-1090
-2182
-2720
-1566
129
1444
2738
4206
5636
6918
7516
7298
7184
7193
6603
5820
5085
3863
2976
3307
3351
2023
843
729
744
382
-199
-1109
-2245
-2949
-2879
-2217
-1319
-750
-313
801
2102
2715
2535
1561
-238
-3075
-6440
-9739
-13249
-16306
-18334
-19196
-18479
-17131
-15228
-13547
-13197
-7348
6044
15231
18199
22602
25564
24798
24089
21319
15636
8881
89
-6341
-9269
-14854
-19043
-17865
-17481
-17152
-11013
-1433
3321
4112
10607
17624
16893
17185
18646
13369
7319
4604
1684
-2423
-7308
-9887
-9894
-11497
-12503
-10609
-8709
-6464
-4402
-3383
248
3028
1175
1482
3332
1366
-101
-28
-2183
-5069
-6245
-5680
-4699
-3812
-2277
-822
256
1622
3274
4546
4046
2891
2547
1453
541
782
-323
-1481
-658
-74
457
1981
2521
3108
5332
6738
6986
7385
7167
6929
7145
6557
5747
5647
5629
5041
3788
2369
1148
-201
-2080
-4231
-5665
-6188
-6446
-6264
-5158
-3137
-616
1862
3825
4936
5545
5163
2444
-1708
-5974
-10874
-15686
-18765
-20276
-20721
-19965
-18257
-17031
-16806
-11936
1265
12667
16221
20279
25400
26279
25199
22552
17755
11414
2533
-3957
-6892
-12433
-17031
-17344
-17942
-16513
-10952
-5048
684
4434
7129
13702
17895
16343
16180
14115
8275
5377
2581
-1896
-5012
-8521
-10380
-9795
-10490
-10283
-8047
-6646
-5720
-3422
111
1865
871
466
1046
502
-518
-1060
-2315
-4904
-6516
-5742
-4608
-3788
-2010
-243
135
648
2589
4046
3737
3102
2634
1782
1492
1836
1082
-412
-671
-32
292
543
945
1566
2883
4359
5143
5726
6315
6508
6931
7695
7693
7427
7896
7733
5925
3883
2105
-411
-3289
-5539
-7351
-8815
-9255
-8318
-6206
-3538
-769
2126
4545
5680
5680
4489
1420
-2997
-7539
-12295
-16539
-18564
-19788
-20798
-19254
-17817
-19014
-16014
-4219
8247
13992
18274
24371
26645
25741
24153
19449
13157
5493
-2470
-5928
-9941
-15989
-16623
-16081
-17144
-12646
-4946
-736
2139
7726
12830
14074
16209
18136
13231
7933
7379
3791
-2412
-4298
-5828
-10422
-11808
-9484
-9342
-9300
-6137
-3803
-2829
7
2472
2054
1389
1726
989
-611
-1398
-2563
-5324
-7366
-6974
-6079
-5766
-4514
-2499
-1352
-152
2405
4608
4852
4287
4170
4163
3963
3722
3082
1751
535
252
352
-143
-890
-758
430
1733
2486
3097
4254
5931
7532
8725
9551
10074
10155
9555
7999
5434
2559
-96
-3013
-6207
-8883
-10360
-10352
-9358
-7527
-4442
-574
2716
4318
5205
5680
3666
47
-4003
-9438
-14303
-17349
-18712
-18478
-19008
-19332
-19045
-18152
-9089
5003
12134
16028
21545
24799
25687
24211
20406
15361
7516
-245
-4343
-8081
-12726
-15195
-15490
-15495
-13727
-7730
-1173
1096
3594
9955
14210
14991
16254
16003
12000
6971
4655
3306
-2618
-8344
-8276
-9804
-12713
-10281
-8310
-8839
-6488
-4258
-2527
1822
3227
1522
3128
4307
1935
797
13
-3185
-5692
-5977
-6025
-6486
-6453
-5442
-3910
-2461
-547
2442
4484
4949
6395
7397
6186
5737
5615
3962
2843
2123
668
-391
-1327
-2199
-1586
-137
593
1274
3061
5084
6635
8349
9762
10319
10997
11309
9228
5166
1475
-1385
-4381
-7149
-8969
-10290
-10856
-9313
-6265
-3492
-863
1457
2273
2034
1539
-27
-3678
-8512
-12454
-14836
-15795
-15953
-16298
-16825
-17961
-16170
-5740
6632
12061
15990
21632
23889
23665
22721
19027
13134
5291
-2153
-5395
-9178
-14397
-14681
-14380
-15748
-11532
-4375
-325
2201
6184
11584
14950
15954
15598
13434
11337
7338
3547
3283
-2887
-10250
-8063
-9068
-14186
-12060
-9767
-9970
-7760
-5058
-1153
2124
1623
2193
4434
4053
3007
3137
1088
-2773
-4544
-4929
-5605
-5962
-6135
-5416
-4024
-3288
-1065
2315
2948
2738
4540
5687
5439
5695
5112
3158
2826
3774
3073
1745
879
83
1084
2721
2206
1702
2877
4374
6157
7877
8499
8237
8006
7975
6463
3272
628
-1833
-5297
-7773
-8261
-8378
-8321
-6866
-4242
-1524
850
1895
681
-1599
-3601
-5688
-8420
-11631
-14425
-15803
-15776
-15018
-14914
-16414
-15590
-6779
5054
10781
14667
21016
23224
22453
22737
19415
13433
7512
239
-4743
-7707
-11966
-13714
-13863
-15491
-13374
-7204
-2865
383
5017
9331
12661
15517
16659
15459
12972
10096
7176
3779
-792
-4778
-6392
-8588
-12088
-12203
-10659
-11406
-9936
-5550
-3584
-2311
452
1559
1582
2740
3609
3224
1514
-1408
-3471
-3993
-4726
-5612
-5492
-4456
-3322
-2799
-1288
2195
3982
3584
4854
5969
4655
4220
4527
3045
2057
2792
2688
1567
1238
1589
2339
3535
4001
4489
6129
7116
7934
9601
9472
8345
8606
7928
4934
1181
-2036
-4455
-6764
-8586
-9392
-9605
-8789
-6977
-4639
-1904
344
987
-604
-2662
-4322
-7935
-11412
-12488
-14129
-15843
-16021
-16036
-16852
-17372
-10818
1802
7904
10089
17374
22703
22597
22555
21188
16353
9828
3368
-722
-3994
-9384
-12875
-12426
-13173
-13895
-9049
-2952
-1180
990
6799
11560
13980
15636
15110
13719
12567
9213
5605
2809
-2163
-5945
-6186
-8121
-11578
-12562
-11679
-9757
-8091
-6756
-3064
-693
-1785
130
3414
2476
1007
604
-1644
-4229
-4858
-4817
-5950
-6355
-4038
-2159
-1127
1478
3803
4543
5652
7335
6940
5359
4791
3852
1072
-249
125
-1288
-1390
62
1222
1288
2708
5679
5539
7342
9986
10531
11299
11952
12294
10173
8702
6479
1889
-1212
-5435
-9293
-10416
-12153
-11920
-8646
-7738
-6729
-4329
-3902
-3790
-4353
-5712
-7105
-9278
-10587
-11453
-12867
-13857
-15224
-17748
-19648
-13653
-312
5714
6981
14808
21032
22859
24752
21862
15943
10258
3710
700
-1748
-8780
-12832
-12575
-14305
-13509
-7733
-4214
-2801
1095
5928
9727
13417
15881
15573
13919
11940
9134
6484
3418
-2320
-5247
-6498
-10587
-12428
-12034
-11170
-9508
-7394
-6406
-2744
969
1109
3068
5336
5720
1291
3022
2588
-6765
-4489
-5745
-10811
-8443
-7611
-6449
-4036
-1764
1705
5864
5557
7091
9878
7298
6880
6594
3436
1798
2026
621
-1196
-652
-1021
-852
2554
3560
2407
5240
8278
9528
11742
13041
13277
13006
11910
9878
5475
429
-3166
-6363
-9297
-11510
-11327
-9632
-9133
-6926
-3906
-3089
-2360
-4145
-7732
-9145
-11413
-12713
-11870
-13162
-14167
-14876
-17885
-20039
-16019
-3879
5075
6189
12617
20994
22199
23249
22824
17368
12235
6478
988
-1627
-6644
-11961
-11984
-12300
-13714
-9367
-3332
-2220
-1226
4119
10015
13325
15200
15889
15026
13759
11676
8691
5079
-771
-5590
-6262
-8162
-12222
-13423
-12972
-12049
-9325
-6820
-3634
-243
-786
595
5964
6168
3850
3988
1901
-2271
-4885
-4578
-5904
-10123
-8056
-5400
-8294
-4936
307
944
3948
5463
5651
7076
5196
5097
5803
3215
3270
3339
2055
2517
690
-52
3081
3735
2712
3587
5380
7219
9120
11178
12421
12914
13274
11716
8209
4271
-290
-4727
-8059
-10597
-11766
-11149
-9759
-7780
-5080
-2869
-1746
-1771
-3701
-6592
-8448
-10338
-13280
-14240
-13590
-15875
-19093
-20543
-22435
-18779
-5688
3344
4732
11492
20499
22559
23410
23486
18568
12716
6643
1307
-1119
-6051
-11447
-11658
-12593
-14156
-9613
-4297
-3996
-2326
4181
9336
11710
14440
15307
14351
14088
11817
8341
5759
176
-4927
-4959
-7620
-12267
-11908
-11995
-12174
-8577
-7285
-5232
-878
-1620
-473
5190
5521
3651
4312
2970
-751
-2819
-3911
-6424
-6691
-6326
-8484
-6741
-4129
-3102
1211
2391
3773
7159
3568
5760
10237
2346
2048
7624
2251
461
2705
-267
-853
1600
3283
2945
2589
5842
7972
9526
13084
12511
11234
13484
12351
8098
4526
-286
-4669
-6703
-8938
-10673
-10532
-10588
-9460
-5548
-2126
-500
-955
-3836
-5704
-6678
-9648
-11889
-12044
-12440
-13160
-14384
-17298
-21061
-19227
-7646
2328
3920
9179
18808
21795
21830
22819
19423
13087
7032
1804
-1165
-5474
-10604
-11081
-11806
-13981
-10493
-5087
-3085
-1254
3221
9030
12242
13441
15116
14913
13289
11252
8041
5530
1582
-3783
-5717
-7908
-12219
-13457
-12977
-11819
-9242
-8227
-5179
-275
-1420
-1300
4701
4618
2072
4718
3021
-1976
-2452
-3591
-6516
-7180
-7014
-6395
-5828
-5130
-1483
1453
1637
4126
6508
5714
6464
8080
5946
2418
2917
4709
1456
-666
2289
1313
-418
3227
3499
1301
4589
8359
9550
11450
12699
12961
13980
13230
9417
5016
596
-3740
-7000
-9699
-11679
-11914
-11158
-9873
-6895
-3275
-1846
-2423
-3888
-5531
-6404
-8708
-11627
-11862
-12746
-14176
-13981
-17551
-23031
-20784
-9753
602
3788
8543
17679
20698
21248
23773
20925
14642
8614
3304
795
-3937
-10299
-11399
-11983
-14305
-11544
-5655
-3597
-3370
790
7349
11470
13948
16114
15648
13532
11868
9582
7011
3222
-2254
-4873
-6214
-9909
-12125
-12361
-11975
-10801
-10150
-6517
-1928
-2960
-2115
3566
4804
4154
5932
4209
-280
-2190
-2698
-3984
-5972
-7259
-6785
-6773
-6647
-2736
1394
1920
3291
6287
6758
6163
6359
5168
3828
4329
3848
2360
2426
1112
-1340
974
3858
1412
1640
6993
8283
7801
11497
13519
12108
12553
13295
10392
5113
77
-3910
-7099
-9742
-11507
-11627
-10794
-9801
-6913
-2606
-580
-1491
-3228
-4960
-7117
-9143
-10127
-11092
-12111
-12281
-13425
-17102
-21385
-19474
-7963
1895
3946
9186
17790
20454
21553
23625
20133
13063
7261
3018
433
-3802
-9517
-11322
-12236
-14119
-10911
-5038
-2985
-2557
1036
7516
12461
14481
15367
14891
13290
11365
9539
7115
1533
-3782
-4812
-6398
-9746
-11544
-12639
-11956
-9956
-9357
-5993
-1252
-2188
-2148
3148
4394
2921
4598
3174
-2061
-4061
-3688
-4954
-6952
-7129
-6363
-6365
-4703
-562
2462
3355
4621
6868
7428
6199
5952
5368
3218
2306
2790
2240
561
-513
-938
-234
3237
4237
1815
5657
10926
9532
11303
16234
15176
13096
13258
10608
4164
-2013
-4577
-6998
-11137
-12657
-12071
-11255
-9144
-6375
-3192
-1101
-2021
-3623
-4672
-6887
-10043
-11456
-11153
-12137
-13117
-13939
-18748
-23146
-18379
-6224
2285
4060
9964
18741
20321
21565
23837
19391
12934
6897
2230
466
-5389
-10753
-10245
-12970
-14967
-8975
-3561
-2556
-1350
2735
8848
12961
14260
14774
14138
12581
10779
8533
5616
265
-5110
-6264
-8027
-11746
-12010
-11603
-11392
-9186
-7850
-4264
-148
-1918
-666
4839
4354
3629
5620
1856
-3363
-3642
-4004
-6149
-6913
-7166
-7838
-7145
-4677
-1405
1575
3568
5651
7572
7977
8114
7754
5910
4299
3291
2728
1645
-476
-1098
-1345
-732
1875
1470
2130
6199
7157
9944
13442
13186
15439
15040
12426
11626
3371
-2348
-1741
-8836
-12653
-10440
-13190
-12395
-7970
-5513
-1975
-450
-1224
-2188
-4001
-6002
-9100
-10884
-11176
-12672
-12427
-12683
-17436
-22631
-20293
-7456
2178
2818
9037
18197
20412
22547
24415
20740
14216
6972
2754
930
-4948
-10098
-10300
-12822
-15304
-10798
-5137
-3179
-1824
2256
8789
13101
14564
15612
15061
13602
11580
9087
6948
1222
-4821
-5547
-7719
-11877
-12940
-13472
-12182
-9560
-8735
-4034
580
-2300
-1375
4659
4030
3050
5432
2584
-1668
-3110
-4757
-5791
-7138
-8063
-6589
-6249
-5350
-1170
1856
3114
5365
7359
7275
7097
8261
7132
4283
4081
3940
1538
-735
-1799
-1886
-1209
880
2390
2459
5555
8855
9507
11817
13276
13112
13790
13665
11950
4018
-2787
-980
-8068
-16504
-9512
-9711
-16169
-9430
-3528
-3733
-2176
-1421
-1633
-4587
-8212
-8320
-9797
-11514
-11390
-12534
-13416
-16681
-22585
-19109
-5590
1923
2290
9660
19040
20152
22058
24855
20392
13659
7427
3072
902
-5631
-10771
-10084
-12958
-15631
-10402
-4392
-3201
-2423
2652
8470
11884
15691
17187
15150
14419
12544
8713
6522
1647
-4718
-6027
-7873
-12244
-13293
-12928
-11752
-10371
-10177
-4705
-107
-2943
-259
5253
4054
4662
5959
2425
-1010
-3593
-4879
-4838
-6711
-8081
-7067
-6412
-5687
-1832
2281
2503
4611
8748
7156
6328
9586
6978
2808
4665
4678
898
-44
-36
-1458
-496
2007
2370
2386
4812
7934
9829
11618
12615
13071
14919
13492
8742
5045
-632
-4561
-6226
-12207
-13262
-9498
-11200
-10527
-5124
-973
-931
-4798
-1908
-379
-10467
-10690
-5162
-12576
-14515
-8410
-11953
-18468
-20948
-18195
-6795
1892
3405
10231
18747
19936
21449
24066
20083
13001
7438
3252
257
-4302
-8861
-10363
-12987
-14820
-9898
-4181
-3535
-3105
1649
8075
12022
14218
15437
14899
13868
11396
8689
6998
1029
-4878
-5008
-7649
-12163
-12774
-13224
-11877
-9308
-9610
-6136
-1164
-2639
-1502
4116
4395
3911
5398
1805
-2568
-3263
-4353
-5235
-5513
-6711
-6756
-5986
-4843
-1462
1890
3366
5500
7301
6166
5913
7744
5956
2849
3977
4266
1409
579
587
-418
1144
3355
2024
1851
5995
8824
9976
12064
12144
12584
14582
12065
7836
4748
-977
-5607
-7688
-10870
-12431
-11434
-10890
-9604
-5130
-2192
-3458
-1554
-2098
-10099
-8801
-5209
-14002
-15001
-7992
-11420
-16087
-18182
-21586
-16174
-3799
3082
5829
12055
18150
20129
23333
23860
17620
11748
6273
2141
-183
-6471
-9407
-9114
-14335
-14096
-6776
-4234
-3394
-606
3410
9057
12969
14831
15767
14930
13230
10812
8730
5773
-1582
-6404
-5386
-8879
-13919
-13098
-13178
-12339
-8906
-8157
-3760
-845
-4245
989
6731
3332
5278
6748
526
-2028
-2892
-5411
-5852
-6347
-6836
-6401
-5808
-3333
412
2727
4071
6690
8329
7095
7819
9154
5358
2312
4120
3535
50
-576
-450
-1352
417
2964
3028
4152
7415
9656
11566
13473
13455
13635
14211
10983
5810
1796
-3240
-7596
-9078
-10931
-11995
-10236
-10048
-9521
-4376
-1581
-3090
-3546
-5187
-7457
-8878
-11672
-10859
-8884
-11576
-13090
-15746
-20831
-18319
-7748
3238
5947
5627
15471
22945
20379
20666
20342
14168
6677
1851
1434
-3316
-9271
-8290
-11808
-14811
-7596
-4098
-4580
-913
2604
6874
13016
15934
14808
14379
15408
12444
8644
7511
1177
-6305
-6306
-7807
-12897
-13629
-13587
-13516
-10458
-8945
-5873
-1316
-2638
-997
5193
4485
4078
6690
2506
-2075
-2154
-3647
-6132
-6828
-6357
-6439
-6283
-3977
-318
1747
2453
5002
8109
6638
5346
8587
6529
3203
4208
3312
1629
70
-413
-692
558
2972
2853
3909
6035
8309
10490
11896
12875
13066
12766
10895
7466
3043
-1487
-5243
-8046
-9967
-11227
-10899
-9695
-9008
-6993
-3974
-3612
-5142
-6974
-9920
-11343
-10927
-11140
-10093
-9311
-11188
-14735
-18877
-17873
-5782
5960
3878
5085
17020
20362
17588
21287
20589
11386
6379
1939
15
-1438
-10285
-9943
-8576
-14641
-9175
-1704
-3467
-1157
4941
8325
12127
15487
16561
14857
13115
12057
9304
5778
463
-4903
-6853
-7728
-11843
-13928
-13366
-13176
-9817
-8414
-5291
-1259
-4178
-2117
5241
4884
3023
6090
3328
-2417
-3322
-3961
-5260
-6818
-6419
-5169
-6018
-4479
-403
1435
2609
4728
6760
7007
6196
8159
5778
3272
5736
2740
1544
3644
187
-2742
257
1985
680
3652
6686
7556
9950
12974
15427
15223
13052
11312
8980
4375
-355
-4402
-8284
-10497
-11053
-10345
-8959
-7635
-6616
-5429
-3271
-3038
-6740
-10496
-12121
-12558
-12719
-12414
-10582
-11473
-16929
-20969
-18060
-5714
4223
3581
8201
16992
18323
21394
23660
19048
13704
5542
789
1700
-5071
-11167
-8980
-11381
-15018
-10266
-3376
-1624
-1770
2912
9441
12542
15169
17768
16636
13995
11942
10090
6607
-311
-4251
-4853
-8631
-13716
-14481
-13575
-13961
-10995
-8331
-5101
-1095
-4252
-2708
4926
3948
2788
5086
1341
-1802
-2071
-3911
-5848
-7887
-7084
-4854
-4306
-4143
-1430
2666
2297
2593
6461
6566
4462
6242
6715
3304
3222
3121
1083
2593
2031
-1388
619
2962
960
2378
6472
7854
9757
13086
14136
13428
13432
13037
9127
3402
401
-2395
-7702
-11452
-11590
-10311
-10198
-10158
-7775
-5942
-5474
-4820
-6074
-8060
-10149
-12582
-12037
-11381
-11742
-10695
-14471
-22054
-20350
-6591
3627
2774
6374
15344
17100
20454
24639
18858
13853
8883
1434
1904
-1320
-10701
-8881
-8740
-18028
-11618
-1007
-4463
-2137
5383
8468
12456
17431
18568
15676
14561
13531
10440
7063
870
-5455
-5818
-5947
-12297
-14939
-12722
-13638
-10873
-7206
-5514
-694
-2582
-4265
3514
4632
2153
4684
1604
-2453
-2363
-3870
-4912
-6075
-6576
-4836
-3776
-3747
-1422
2112
1465
3232
7231
4773
4179
7786
5649
2189
4313
5031
2075
1441
1449
77
656
3276
3236
1826
4389
7040
9554
11837
12517
14151
14053
13216
10301
6142
2833
-2404
-6143
-8597
-10805
-10883
-10376
-10657
-8704
-5590
-4867
-3639
-3861
-6118
-7693
-10872
-12849
-11674
-11696
-12533
-13030
-15796
-20758
-20366
-8029
3015
2769
6891
17210
19704
20007
22900
19689
13439
8239
3175
1685
-2891
-9998
-9628
-10983
-15338
-10259
-3403
-2128
-2747
931
11076
12295
12580
19277
14576
12825
16237
9738
5652
2256
-4919
-4769
-6058
-13838
-13645
-12411
-14984
-10812
-8701
-7114
-1650
-4408
-3035
4728
2471
1733
4394
339
-2491
-3535
-4819
-4686
-7321
-7273
-3848
-4400
-3225
1126
2827
2936
4911
7278
6018
4943
6281
5188
3879
3921
2793
2184
903
184
518
-88
1269
2184
3733
6970
8581
10895
12973
14196
14785
14432
13383
9332
3982
233
-3369
-7066
-9074
-10582
-12075
-12025
-10104
-8029
-6679
-4363
-4116
-7203
-9610
-11267
-11287
-11215
-13042
-11642
-11070
-15035
-18620
-21132
-12636
2136
2330
3730
15935
18924
19359
22847
19503
16307
11650
3471
3283
1115
-8563
-9195
-8681
-14895
-12221
-5672
-4881
-3273
867
6486
10997
13468
17404
17530
16830
17188
9231
8302
6809
-6046
-5055
-3881
-12749
-13692
-14410
-17440
-11161
-8851
-10071
-991
-1856
-4727
4406
5778
1970
3877
3681
-1857
-3860
-4319
-5667
-7480
-8255
-4939
-4096
-3595
-230
3139
3665
3575
8066
8340
4259
6105
6351
2210
3293
4119
1570
926
730
-175
-308
1894
2270
2601
5508
6547
9994
14717
14309
12778
15032
15998
10310
4423
1899
-2358
-7145
-9323
-11259
-11695
-11165
-11804
-9323
-6204
-6021
-5573
-6278
-8837
-10986
-11898
-11439
-11864
-11649
-10839
-13947
-18839
-21227
-12882
2327
3321
1991
13900
18403
18400
24181
20042
13303
11873
4579
651
562
-7147
-10017
-7905
-14084
-15122
-5534
-3602
-6144
-768
7297
11013
13853
17982
17916
17055
17136
13182
7255
4507
-1027
-6950
-4728
-11155
-18828
-14892
-14694
-15612
-10721
-6009
-4839
-3546
-3020
3069
8153
1971
4167
5801
-4069
-5342
-2045
-5838
-7570
-6678
-5821
-3822
-3703
299
3495
3587
4621
7951
10719
5858
6160
6903
2132
2523
3567
2317
521
-47
-1547
-366
3838
3430
4137
8510
9580
9340
14192
16999
14115
13853
13920
9144
4453
1370
-3566
-8067
-10025
-10712
-11408
-11940
-10127
-7998
-8031
-7227
-6194
-9288
-13167
-12611
-11750
-12975
-11427
-9681
-12320
-16497
-19910
-15562
-1372
5261
2826
9131
17179
17319
20808
22477
15065
10847
6904
402
250
-3194
-9722
-9629
-13523
-16322
-8511
-4134
-4727
-2372
3091
10992
16213
18366
19081
17304
17546
17074
12413
7304
-302
-5688
-5164
-9473
-15954
-16629
-17104
-15944
-11727
-10173
-6191
-1053
-2543
110
7192
4306
2018
6611
1989
-5631
-4228
-4746
-8693
-8210
-6111
-4165
-2790
-1160
3652
5436
4278
8016
9472
5598
5418
5314
1617
1627
3954
2050
-522
-20
-774
-1711
1971
4341
2492
4800
10224
11424
12493
16608
16904
12949
11546
11348
6983
375
-3362
-5189
-8538
-10939
-10312
-9708
-10562
-10724
-8527
-7918
-10477
-11483
-13512
-15824
-13021
-11840
-12214
-10178
-11675
-15856
-20123
-14944
3650
9015
3794
13377
19535
16346
21526
22299
13992
7971
1571
-1941
-2236
-7712
-10916
-10069
-15014
-15906
-5932
-1177
-3597
-419
6859
11578
15622
19452
18853
17858
17430
12555
10418
8373
-2971
-7823
-5669
-12654
-15685
-15940
-19379
-14005
-9369
-9338
-2984
1549
-3498
1142
8605
3778
3089
7076
390
-9447
-1184
-4032
-12506
-2138
-6291
-7641
67
-1751
2055
7129
3299
5528
11117
3011
3394
6364
-299
1678
3103
2961
2080
-1059
1287
1085
1971
5709
4777
6740
9521
10407
14007
15676
13868
14258
14318
8781
4540
1531
-4129
-5851
-6570
-11025
-11274
-9017
-10592
-9235
-6342
-9369
-12510
-13148
-16516
-16944
-12366
-11784
-11496
-9550
-13165
-17970
-17871
-7608
7039
7543
7388
17473
18194
18795
24248
17528
10936
6814
-2032
-2824
-4332
-11650
-10599
-11058
-17111
-13237
-3855
-2169
-3086
3222
10820
13413
17472
20990
18870
18634
18680
12494
7491
3311
-4095
-6177
-7995
-15613
-17637
-16525
-16353
-11506
-8777
-6232
45
-772
-283
7029
6961
3054
4057
3627
-1542
-3976
-5040
-8924
-9269
-7352
-6992
-2310
-1874
-2121
9655
4914
948
13795
5138
705
8680
1714
-1151
3358
-329
-368
2850
-1064
1451
3421
2519
4463
5072
9519
9579
11171
16716
12860
10812
14857
13832
8687
2169
-2735
-2882
-5330
-7985
-6999
-8853
-12379
-10671
-6301
-6957
-9597
-11446
-14896
-18964
-17762
-12156
-11471
-11395
-10194
-14998
-19799
-12420
4680
9974
5271
13483
21032
17095
20203
21333
12367
6787
491
-3148
-3034
-11640
-13928
-8797
-13964
-16657
-8352
-1428
-1508
382
8796
13523
14881
19998
21353
18151
18068
14244
9322
7187
-2267
-7695
-5206
-11644
-17858
-15743
-16880
-15319
-9058
-7360
-2189
1772
-2119
2871
8781
3829
4320
5936
-1264
-5880
-5115
-5934
-9714
-9753
-5596
-5702
-4007
2052
3928
5158
5976
8600
8544
2187
4751
3823
-2992
2917
4158
-1672
3633
740
-4534
5635
3685
2169
7010
3750
10959
12872
9457
15165
12697
9872
12606
9702
6012
1242
-4342
-3624
-4047
-6373
-5836
-6217
-6627
-6564
-6434
-7689
-10880
-13450
-17792
-19107
-15829
-14760
-13291
-11252
-12228
-17715
-19018
-5419
9476
8848
8203
19339
20275
17480
22842
16995
10207
5067
-5022
-3787
-6369
-15569
-13102
-12822
-17903
-13551
-4834
-3326
-2083
4452
10859
14394
17413
21248
19926
18464
18427
12534
9602
5949
-4958
-6918
-6570
-14477
-16169
-16276
-16713
-10792
-7629
-4151
1664
-254
12
9221
7501
3021
7420
2566
-4974
-5108
-4539
-7185
-10001
-7294
-6088
-6063
-2402
852
4505
4371
5194
10016
5614
1684
4735
1025
-2047
2075
1394
335
794
452
-1393
1077
10313
643
1741
12835
4804
12195
16428
10258
11302
10789
11015
8781
1723
-3263
73
-2879
-7427
-4391
-4546
-5988
-7512
-6580
-5629
-8691
-12610
-16255
-18846
-17847
-14930
-14370
-13052
-12519
-17252
-19975
-10568
4837
9807
8821
15640
19766
17810
21825
21032
12076
5768
-2206
-5925
-5219
-13000
-15718
-10994
-16116
-18210
-7491
-1530
-2930
1167
10018
14427
15961
18812
19616
19140
18409
13555
9136
7406
-208
-6269
-5172
-10718
-17513
-16024
-14725
-13020
-8129
-5108
-633
2572
421
5386
10313
6293
6433
4902
-1861
-4492
-4988
-6177
-10183
-9507
-3675
-5020
-5810
-731
2428
2459
3583
8047
7698
3054
4369
3508
-3283
-1526
3149
-366
-1003
1581
-311
1046
5791
4364
1999
7053
10603
7949
10908
15097
9793
8265
13044
8033
986
3646
-1771
-7777
-1022
-4739
-6436
-1925
-7558
-4470
-1226
-6692
-6674
-9958
-17652
-17413
-15005
-15950
-13696
-11387
-14258
-18736
-17983
-7168
5921
8018
8010
17394
20098
16971
21883
19705
9605
4949
-1794
-6697
-6444
-12306
-15186
-13253
-17522
-16167
-6047
-2576
-3068
2755
10110
13414
16970
20136
19131
19118
18532
12307
8353
5704
-2892
-7025
-6449
-12875
-17031
-15771
-16606
-11620
-5913
-5038
1271
2630
95
8048
9736
4743
6948
3981
-2570
-3377
-5369
-8819
-9779
-7426
-5514
-6554
-4026
309
2264
4605
5819
7226
6381
3087
3713
394
-3039
1869
1756
-2884
-1197
-962
-1745
1352
4045
5877
3217
7062
12024
9601
13298
13290
10667
10894
9939
7314
3345
-1320
-3466
-1910
-6140
-5155
-1857
-4008
-5998
-3494
-1287
-8731
-7235
-10985
-19490
-15450
-16362
-15688
-13893
-13589
-14717
-20096
-15505
-894
9265
9290
12581
20263
18144
19201
23960
14479
7062
2921
-5365
-6246
-10308
-14983
-12665
-16096
-19885
-11446
-2280
-4045
-1393
8441
12095
14504
19713
20503
18125
19039
16360
9773
7837
2003
-5244
-5099
-8588
-15615
-15496
-13540
-14123
-9606
-6080
-3356
2296
-354
2096
9496
6075
4980
6507
2015
-2877
-4450
-5426
-9450
-9905
-4896
-5772
-6781
-1991
244
2284
3525
5196
8310
4050
2161
4721
-409
-1835
2292
152
-1666
-1791
-954
1037
1472
3848
3533
5185
9592
10053
12341
13148
11925
11500
10948
9181
5594
1589
-2014
-3083
-3574
-4504
-4886
-3866
-4433
-4223
-1988
-2213
-5243
-8662
-11230
-17896
-14754
-12695
-16987
-10629
-13075
-16781
-18974
-16700
464
6913
5665
12861
19069
16893
19558
21045
13617
8432
-58
-4747
-3757
-10682
-14763
-11064
-15766
-19259
-8523
-2983
-4907
1026
8766
10885
14848
19579
19075
18703
18943
14114
9904
8367
201
-5162
-4210
-10040
-14921
-14102
-14564
-12853
-8372
-7492
-2112
3374
-1717
3477
10459
4818
6069
6719
-143
-2413
-3578
-7065
-8895
-7492
-5572
-6581
-5585
-2648
-1212
1940
3161
5171
7256
2933
3197
3932
-2000
109
3631
-216
-96
-168
-1445
-61
1529
3936
1537
3458
10323
10392
11523
13435
12519
11296
11326
10998
5690
351
-344
-1281
-4818
-5818
-4747
-5596
-5674
-3126
-1452
-2822
-4754
-7052
-11356
-14486
-14801
-14847
-15329
-15039
-13634
-14333
-19642
-20900
-7491
6487
7048
8495
17348
19637
18194
22693
18127
10275
6505
-2915
-4297
-5488
-13738
-13960
-13222
-16963
-13797
-5686
-4195
-1951
4172
8916
14090
17408
18362
18719
18787
16203
11779
9396
4188
-3022
-5168
-6743
-12089
-14366
-14388
-15525
-9496
-6533
-6840
1821
747
-1139
8356
7384
3196
5235
1854
-2647
-2666
-4837
-7967
-6828
-5886
-7585
-4497
-1422
-2444
2431
4853
2983
6368
5273
2045
5114
3513
-521
1168
881
-54
-347
-539
90
-935
2519
2595
2264
9201
7948
9625
15380
12189
13395
13988
10846
8964
2280
233
-374
-4704
-5004
-5579
-4804
-6226
-7713
-1352
-2110
-6909
-5202
-8285
-14581
-14233
-14118
-15390
-13638
-13123
-13205
-17081
-21728
-13411
2212
7187
5780
11745
17977
19487
19651
20533
16438
3723
1099
521
-8022
-7216
-11755
-17468
-11755
-14422
-11610
-1621
-3358
-1078
7555
10909
14892
19038
18871
18058
15979
13014
11581
7055
-1779
-5080
-3987
-9676
-14393
-14527
-16161
-11916
-7707
-8440
-1442
1511
-3727
3284
9400
3133
3702
6461
-716
-5463
-3258
-3576
-6874
-7631
-5797
-4507
-4579
-2831
1856
2529
200
5018
7848
2123
1769
3316
-1103
-843
3056
1121
-790
-207
-283
715
2744
3210
2300
6781
8883
8101
14523
13908
11302
15622
14468
11213
6824
2901
785
-3985
-5613
-5953
-5833
-6157
-6388
-3189
-3298
-5096
-5067
-5271
-9952
-14325
-14256
-15752
-16353
-15103
-13056
-14257
-18666
-19686
-12740
3991
8490
4687
15000
18515
18001
23055
18690
12785
7729
-768
-2081
-1332
-11843
-13816
-10131
-16924
-14269
-5884
-3027
-3211
10
8065
12226
14841
17648
19604
18357
15527
13411
10927
6467
-2110
-5331
-4512
-9875
-14388
-14446
-14173
-11445
-8189
-6292
-584
-370
-4323
5059
7469
677
5910
4962
-3103
-4235
-2840
-4113
-7886
-6255
-3782
-5348
-3816
-623
1895
1757
55
5337
5493
-1393
3185
4416
-2262
1111
4198
170
-894
1613
1804
-849
1958
6404
3238
3926
8961
11108
12941
12989
15061
15128
13619
13161
6643
2141
446
-2863
-5992
-8213
-6029
-5142
-6850
-3494
-1548
-4641
-4080
-4837
-9958
-12437
-14333
-16314
-16091
-14903
-14691
-14215
-15601
-22381
-18014
1419
6457
1953
13048
19871
16195
21147
23158
15117
9061
3754
-581
-1387
-7877
-10200
-9991
-16474
-13534
-8179
-5787
-2250
-2299
476
13172
15934
11363
21213
17413
14217
18133
8204
9143
2963
-8354
-3264
-5048
-12877
-13710
-13200
-11280
-9112
-9395
-3756
-2670
-6583
664
5036
68
3698
5701
-3210
-1817
1060
-3724
-4895
-5257
-5574
-5970
-4470
-2253
-686
676
-540
3455
5740
717
2871
4675
42
1967
5221
3182
1817
2480
2101
277
3224
5498
1225
4380
7615
5556
11768
14642
14539
15937
13513
13748
9788
4082
2803
-1960
-6788
-7159
-6513
-7149
-7953
-7160
-6695
-7444
-6158
-6685
-10821
-13901
-16023
-15868
-15588
-14829
-10153
-10847
-18138
-22205
-16214
37
5918
834
10004
17917
14564
21183
24281
15663
11051
4930
410
2675
-4537
-11924
-8928
-14038
-18380
-7737
-2189
-6798
-3234
4686
10196
15102
15323
18172
20288
16775
14208
14462
8682
-1814
-1320
-3531
-8003
-10031
-15308
-14886
-13791
-10649
-8063
-5327
-3241
-7292
-820
6048
1771
2874
4446
-699
-1940
-1373
-3318
-5179
-6440
-5385
-4564
-4186
-3326
-1940
755
-827
1121
5617
615
1285
4036
450
3342
6249
4053
2796
4200
2502
-323
3864
4708
1116
4937
8121
6387
9888
14229
15225
15659
15183
14970
10235
4406
3359
-694
-5412
-6922
-7669
-6222
-8067
-8199
-3246
-6344
-7438
-3793
-10085
-13608
-12579
-16283
-15523
-13634
-14247
-13194
-15611
-20602
-20164
-7569
4364
1533
5604
17852
17101
18493
24600
19326
12284
6491
1866
2049
-3291
-9378
-8166
-10957
-15976
-10856
-4834
-6000
-4710
2439
6649
9297
15689
16625
17942
18644
15373
14648
8230
5028
401
-7055
-2229
-5752
-18994
-15618
-10033
-14935
-10165
-6039
-5683
-4151
-5824
2892
4702
-315
4512
2855
-801
-105
-2066
-2459
-3781
-5521
-3794
-4971
-4974
-1469
-1349
-2358
-181
3650
2542
1973
6537
3087
1956
7835
4744
4648
6935
1349
-993
3980
5403
705
2219
5029
4640
8939
14616
14788
13344
14875
15455
12352
6562
4830
1687
-3828
-6511
-8544
-6745
-8246
-8740
-6758
-7993
-7023
-7389
-8809
-10587
-12333
-13312
-14785
-14703
-12762
-11947
-14498
-18106
-22669
-17195
-664
2616
-61
10414
17351
17740
22964
22877
17672
13016
5667
3394
2908
-5244
-8582
-7720
-14789
-17219
-8954
-5014
-6413
-3802
3234
9153
11485
16639
19504
17784
19157
16700
11760
8506
2233
-2888
-1501
-5948
-14278
-14708
-15950
-13242
-11585
-10232
-3002
-6165
-8290
-194
4194
1967
3219
5051
1537
-1469
-2170
-1502
-5523
-6661
-3152
-4146
-4636
-4847
-2561
-486
-2162
2967
5691
941
3835
5551
2666
5935
6056
4185
4241
1230
1386
866
700
3740
8
795
7197
7527
10245
14966
15507
14162
17213
17887
8703
6854
4872
-3289
-4221
-7983
-9853
-8731
-11541
-9665
-8248
-9807
-7558
-6659
-10925
-11484
-12033
-14890
-13758
-13690
-13667
-13338
-15727
-20815
-22644
-9513
3265
959
5806
17413
16824
18534
24182
19440
14992
11268
2893
2096
726
-8230
-8933
-8928
-15862
-13827
-7096
-6169
-5056
-786
6415
11524
14395
17186
17641
19716
18674
13072
10776
6985
-1586
-1024
-780
-13717
-15950
-14070
-17792
-12389
-9395
-11096
-6374
-4800
-6841
1621
7529
1988
1567
7252
1456
-4375
2368
-5007
-8969
-1546
-7361
-5361
-2935
-7641
-1020
356
-958
6955
5309
1807
6899
5288
4497
7259
4970
4189
2920
1585
1137
-504
911
568
2253
6223
6930
10522
13771
15798
17421
17956
18155
13259
7294
4106
-55
-4014
-6498
-8396
-9317
-11976
-12020
-8639
-10184
-8914
-5239
-9024
-11478
-11768
-14394
-14267
-13606
-12786
-11872
-14381
-18410
-22833
-16274
528
3861
2874
12609
16624
17795
23534
21613
17038
13068
4269
2756
3192
-6808
-9379
-7367
-15893
-16289
-7648
-7166
-6900
-801
5066
8943
13029
18013
18779
18789
19965
14733
11985
10062
346
-2732
-1676
-9454
-14958
-15022
-17450
-13413
-9665
-12134
-5292
-4266
-7544
3429
5097
1633
4839
3654
2323
-857
-1552
-1907
-6493
-7664
-3562
-3637
-6951
-975
-1946
-2017
2710
2920
7679
4092
4325
7890
3484
5976
7498
3763
2392
2009
592
-264
1091
2910
1511
2688
6326
9547
14207
14163
15792
18643
17801
14919
8918
5695
1190
-3563
-5695
-10223
-11006
-10512
-12673
-10418
-8682
-9589
-7212
-8203
-10471
-10344
-13370
-14076
-13358
-13937
-12235
-12946
-16427
-21035
-19862
-5082
2630
-660
8660
18014
16696
21171
23389
17632
15158
9257
2368
3439
-2115
-10865
-8032
-9539
-16817
-11725
-5629
-7370
-3539
3650
6734
10796
15071
16673
19487
20701
15784
11321
9889
4716
-1332
-2472
-5795
-12504
-15091
-15719
-15148
-12268
-11359
-7886
-3779
-6787
-3128
5489
2416
1795
7480
2836
-2696
-760
-2708
-5701
-6209
-5842
-3438
-5395
-6075
-1111
499
200
5674
7223
1443
5302
7723
4447
7504
5707
2169
2542
1261
499
-1363
-862
2606
125
2652
9289
9152
12806
15826
15788
17068
18018
17497
9883
5019
3151
-3075
-6525
-8940
-10680
-10675
-13245
-12321
-8722
-9891
-7410
-3761
-7572
-10682
-12054
-13958
-13913
-12653
-10342
-10561
-14848
-19503
-21654
-13263
1243
3824
3465
13340
18736
18169
21959
21789
16476
11481
4866
2574
478
-8039
-9234
-8262
-16437
-15974
-6668
-6063
-6433
408
6115
9554
14597
17974
18896
19903
17897
13522
10475
5481
-10
-2331
-7076
-12550
-13544
-16032
-16835
-11448
-11459
-11819
-4270
-4783
-5326
4848
4547
549
5258
2962
-1537
-186
-3203
-6791
-6529
-4473
-2758
-4995
-3923
-2341
993
4544
2231
8558
7641
402
8572
7266
394
6788
4651
-365
3340
432
-1309
115
118
2024
3484
7789
9266
11795
16033
15574
17163
16153
14352
12089
6064
3794
-1082
-7296
-9031
-11433
-11280
-11323
-11960
-9267
-9547
-9363
-7281
-9251
-11017
-12005
-13918
-14231
-13927
-11263
-10500
-15170
-18566
-20278
-11861
3744
4933
5025
14969
17297
19497
24914
19879
14036
10428
4042
2497
-567
-8859
-9651
-9248
-15549
-13885
-6287
-5775
-5677
1641
9070
11171
14370
17748
19153
19883
17247
12355
8940
6121
-677
-2429
-3318
-13773
-16463
-15228
-17335
-11526
-9989
-11077
-4622
-6067
-5297
4721
3018
646
5416
1759
-2573
-1014
-1775
-5012
-6313
-4614
-4555
-4055
-2299
-2192
351
2450
3749
7299
6206
2911
5321
4446
3523
4789
3469
2458
-1265
2815
477
-2010
6496
897
3500
10795
8601
11909
15906
16520
15575
16996
15570
10529
4548
1605
-954
-7092
-8976
-10953
-10796
-10568
-13718
-9413
-7330
-11110
-7957
-8469
-15013
-14772
-14365
-14976
-12935
-11086
-9466
-13297
-20248
-18162
-4242
6822
4487
7295
16943
15990
19019
24276
16712
12658
8428
52
1405
-2667
-10898
-8229
-10581
-16368
-12565
-6102
-3748
-4113
1677
10350
12719
15456
19624
19697
19740
16446
11559
9907
2090
-2068
-799
-6744
-14479
-16899
-15483
-14733
-11147
-10878
-8754
-2564
-6400
-2908
5507
2562
2008
4847
1035
-2012
-38
-2369
-6813
-5927
-3415
-3302
-1830
-567
-895
1813
4063
5562
7442
4742
2603
4803
3295
2467
5289
2716
-8
1099
1239
699
345
2926
4413
3287
8242
14780
13579
11807
19947
16896
9233
18111
9470
-13
3206
-5682
-7480
-8678
-12207
-8636
-10704
-12264
-9190
-9378
-11313
-11334
-11342
-13324
-16264
-14937
-13088
-13113
-10338
-11062
-17273
-21518
-12563
4503
6833
4578
14216
17881
17038
23124
21368
14106
10479
3597
20
-398
-7713
-10375
-9536
-16836
-16239
-7187
-5933
-3807
1377
4092
10991
16709
17056
19045
20757
18724
14489
12058
9124
-91
-4978
-3776
-10392
-17241
-15803
-14368
-13518
-11621
-8907
-5252
-5959
-5857
2069
5365
1142
3401
4862
-1979
-2168
1578
-4129
-8549
-4035
-2578
-4265
-2613
894
2136
915
3071
6153
4978
439
3977
6521
-119
4758
8423
3583
3431
3167
337
551
4499
3182
1904
5462
9121
11140
14242
15508
14568
16478
12407
10117
9626
1180
-4387
-328
-4639
-14635
-5805
-8564
-16826
-8929
-12996
-15225
-11692
-16194
-17323
-15972
-16540
-14666
-12397
-9073
-8213
-14943
-18225
-10638
6255
10293
4990
14263
17930
16519
21712
19115
12948
7985
808
-421
-954
-8909
-9876
-7891
-15826
-16810
-6727
-4228
-5632
846
7518
9967
15107
21024
21287
20281
19678
13983
9648
7674
-13
-3194
-4100
-12709
-17216
-16952
-17053
-13205
-10482
-11000
-4585
-2540
-6404
3865
8482
2004
4504
4990
-952
-2892
-869
-3322
-8577
-5940
-2424
-4239
-3069
-327
1754
2113
1394
7305
7248
330
3518
4496
85
2033
3897
2920
356
-16
3175
427
1837
7107
4170
7055
10690
11412
15604
12881
13866
17135
13184
11135
5566
193
-2957
-5251
-4139
-10116
-9257
-5968
-14101
-8537
-3573
-14520
-11695
-8562
-18316
-17545
-16241
-16730
-12667
-12403
-11435
-13251
-18286
-16565
-29
11312
5607
10647
17955
15439
21347
24695
15566
10617
4743
-2214
-1102
-5782
-11903
-12043
-14339
-17679
-12171
-3522
-3760
-471
5972
8035
13875
19926
20593
21711
20417
14345
11270
7538
2033
-2231
-4796
-8633
-14201
-14112
-16053
-15148
-9200
-11501
-7541
-1471
-6113
-602
6953
1387
2340
6055
898
-2522
-2293
-2754
-5779
-6704
-2772
-2370
-2529
450
1895
2661
2483
4368
5755
2045
1612
3456
1987
3098
4395
2717
2530
68
1305
3482
1332
4870
5193
4940
7815
8628
13866
13898
11329
13441
12475
11251
6512
1495
403
-2783
-5430
-7392
-7626
-8081
-10260
-10235
-7737
-11578
-13760
-11552
-19009
-17818
-14802
-16945
-13842
-8365
-7517
-15107
-13276
-13448
400
16002
3607
12241
19150
10635
21021
21954
11517
7898
817
-3414
-2754
-8536
-10484
-8925
-14950
-16032
-7855
-5340
-4155
3170
5826
6639
13894
19468
19452
20733
21023
14875
10303
8570
1744
-3161
-3235
-9791
-17867
-18090
-15090
-12102
-11573
-10531
-5260
-3428
-4376
2293
6797
1498
4264
7285
436
-1460
-1098
-4212
-7655
-5911
-2934
-4139
-2904
-1576
176
2590
2398
5960
6321
975
2861
3323
856
4427
2887
645
2427
-8
397
2838
2367
2951
3862
6960
9316
9132
14494
15262
10665
13041
14120
11470
5212
493
829
-2982
-5789
-6318
-6727
-7605
-9913
-7730
-5999
-10016
-11630
-11651
-16396
-17755
-16739
-16781
-14134
-11385
-10557
-12574
-17966
-16832
1710
11222
5807
11241
19116
16505
16342
25522
17679
5660
4518
-1874
-3040
-7453
-11878
-9218
-13641
-17634
-10857
-3121
-4203
-424
7046
8833
12525
19150
21131
19607
20413
16384
10887
9075
1741
-3108
-2279
-9384
-17340
-15701
-14795
-14049
-8556
-10149
-7417
15
-4494
315
7562
1687
2899
5406
644
-2011
-2018
-2153
-5173
-6492
-3064
-3252
-3301
-651
-54
2002
2427
3682
6482
2060
908
3834
976
2120
5381
2747
1033
2783
3568
2137
3357
4894
3278
6072
8662
8144
13523
13293
9010
12714
13138
10552
5902
1441
1765
-1354
-4095
-4806
-5589
-6947
-9496
-7256
-5732
-10282
-11770
-11712
-17616
-19373
-16227
-17513
-15046
-9045
-8890
-11567
-16721
-14900
2061
10202
7761
13808
16728
15581
19542
20662
17205
8213
222
-214
-5274
-9723
-8358
-12464
-14926
-14343
-13651
-5549
-1512
-2100
5376
10094
11479
18282
20568
19230
19728
15062
10675
9417
2866
-2202
-3509
-10604
-16051
-15827
-16953
-14272
-10106
-9490
-6091
-3427
-4450
973
6803
2990
3447
6100
1950
-791
-1620
-2618
-5421
-7046
-5286
-3810
-2509
-2633
285
3212
1299
4634
6325
1763
2257
2719
1076
3218
3137
951
934
-127
1793
1973
1672
5700
2173
5063
10875
7185
12029
14643
10094
11379
13842
12024
5062
2363
2262
-1793
-2265
-4999
-7838
-4590
-6829
-8478
-5693
-8802
-10365
-10143
-16216
-18401
-16978
-18152
-15538
-12000
-10986
-11027
-15419
-16499
-2668
9290
7993
10847
17574
16430
17217
22274
17157
10368
4776
-2531
-3918
-5903
-11371
-13390
-11225
-19339
-15152
-1596
-6631
-658
6433
7465
13103
17954
21720
19154
20915
17177
10444
10650
5362
-1223
-2939
-7148
-14892
-15087
-15238
-15296
-9361
-9566
-8767
-2174
-4017
-1537
8059
3440
1962
6194
1742
-794
-2163
-2290
-4170
-7636
-4606
-3369
-4109
-2665
-940
2154
2197
3094
7152
2682
-69
3322
456
904
3607
1070
580
1151
1163
2438
2442
3173
4051
4142
7967
9710
12050
14186
10747
11395
12588
12541
7783
1611
3418
-653
-3903
-2549
-6040
-5015
-5987
-8853
-5408
-7262
-10657
-10616
-15553
-19677
-17664
-16471
-16498
-13895
-11497
-11995
-15899
-15722
-2343
9673
8620
10953
17654
16285
17656
22216
17159
10630
4755
-3497
-4730
-6084
-12849
-12203
-12070
-18730
-12339
-3421
-4807
916
5108
6094
15133
17548
16895
24160
19812
12601
16465
7727
2371
3746
-7013
-9278
-11067
-18627
-17022
-13256
-10992
-10672
-8170
-2404
-3545
-1275
7547
5339
1935
5441
3432
-501
-2620
-2746
-3363
-8470
-6216
-2903
-4958
-3834
-1859
2141
1055
705
7118
3026
238
5236
2916
1880
4109
2540
2329
1873
2364
3426
2086
4290
4109
3790
9122
9646
10727
15010
12103
10246
13837
13338
8091
3359
2618
437
-2589
-3693
-5632
-3424
-5801
-9011
-4416
-7077
-10923
-10428
-14967
-19589
-18517
-17254
-17993
-14658
-11096
-13277
-16258
-16778
-9859
5654
10522
7247
14839
17947
16271
22837
19847
10908
8166
1031
-3261
-3905
-10664
-11696
-10228
-16511
-15022
-5976
-4437
-3155
3511
8271
10442
15676
20202
20535
20302
18718
12951
8400
9285
879
-4161
-2695
-13472
-16575
-14905
-15595
-10755
-8612
-8928
-4140
-1934
-4274
4099
5759
1212
4298
3181
626
-2980
-2456
-2025
-7441
-5653
-3406
-5174
-4007
-2915
206
2964
1479
5401
5547
-631
2375
2875
783
4748
2900
1801
3058
1175
3011
3266
3965
4654
3088
7246
8602
9774
13852
11518
11136
13263
14130
10757
2952
3584
1243
-4378
-2033
-5322
-5778
-4719
-10217
-6091
-4245
-10102
-9066
-11408
-17823
-16829
-17956
-19894
-14308
-11359
-12179
-14089
-18296
-15076
252
10185
6802
10116
18046
16277
18198
21689
15295
11373
4600
-3837
-1724
-6946
-13665
-10464
-12965
-16303
-9151
-3603
-5262
-337
5980
7045
13156
19172
18879
20401
20264
13548
11341
10778
4106
-2201
-4076
-8213
-17553
-15861
-12026
-16442
-9589
-8802
-11119
150
-3714
-3504
9272
2770
-739
7107
2430
-3195
19
-1820
-6278
-6091
-4565
-4555
-5112
-3775
-1708
192
314
3305
6235
1228
1581
5464
1779
2731
5707
2689
2240
2425
2887
3072
1570
3917
3463
4404
8804
9310
12105
12553
11898
13711
12549
12410
9056
4657
2289
-2613
-2160
-3268
-7583
-6070
-8269
-7600
-4729
-8745
-8567
-9277
-13646
-15986
-17840
-19146
-17691
-14907
-13033
-11107
-16450
-19960
-10708
4287
8869
4607
13572
19359
17114
20689
19970
14895
8701
1288
-1638
-1724
-9094
-12379
-9053
-15231
-16517
-7487
-5337
-4837
2097
6044
8669
15077
18703
20165
21077
18236
13461
10942
8372
2828
-1102
-3500
-10232
-15422
-14392
-14633
-12658
-9599
-8950
-4032
-2972
-5826
1767
7811
-1133
1402
8911
-1587
-2795
2408
-3146
-7273
-4057
-2012
-4400
-3483
-2920
-1490
-224
-33
4848
3891
-1395
2601
4225
-497
3534
4929
1962
2488
2628
4479
1665
2081
5789
3251
5673
8640
8171
11288
12267
13019
16261
13902
10672
8326
4050
1127
-391
-2169
-6556
-6512
-6313
-8256
-5207
-7089
-8609
-6995
-10982
-13006
-13470
-17303
-18600
-16602
-14698
-12275
-11553
-14780
-19735
-15353
728
6890
3459
11273
18824
16002
18823
21561
15276
10542
4568
-954
-697
-6526
-11827
-9196
-12816
-15725
-8740
-4557
-4352
-1058
4108
8295
11659
16449
20636
21109
18267
13970
12087
10397
3620
-1118
-1625
-8481
-15252
-14561
-14289
-12165
-10408
-12453
-6061
-3457
-9098
985
6145
-2745
1436
5405
-561
-1553
1041
-573
-4967
-6107
-1629
-3233
-6762
-170
-1638
-3071
2184
1183
4179
2245
-668
4536
2101
2420
7436
4330
1428
3412
3912
751
2670
5944
2305
4876
9213
8695
11124
12910
15355
14526
12481
14096
9413
4617
3503
-48
-4001
-5843
-6444
-8486
-9500
-8007
-7686
-8084
-8204
-10316
-12387
-14752
-17744
-17545
-17168
-15234
-10872
-10430
-12942
-18050
-17149
-1009
7513
2848
10413
19041
15251
17789
22262
17137
12090
6258
1197
1745
-4482
-11055
-7761
-11358
-17252
-10780
-5347
-5880
-3349
2551
8002
10972
15471
20598
20562
18723
15843
11883
10312
5631
-307
-1467
-7594
-15287
-13623
-13626
-15816
-11906
-10222
-8791
-5681
-7748
-1789
5552
-282
944
5930
1067
562
1117
-4587
-3030
-2258
-4782
-1722
-3903
-3997
60
353
-1858
1747
5394
-1541
3392
6055
-173
3779
3161
1105
2640
2994
1570
-403
2896
4970
2282
6365
10010
8434
13679
14832
14270
15990
13833
14057
9781
5497
4382
-1197
-5135
-7369
-9195
-8807
-9742
-8579
-5735
-8917
-9482
-6142
-9834
-13567
-13244
-15523
-17812
-16591
-14720
-13102
-13275
-18022
-21193
-13097
615
4947
5127
13511
19590
18835
22046
22931
16575
10825
5832
2895
-171
-7598
-9538
-8525
-14362
-15448
-8595
-5817
-5117
-1162
3732
9275
14139
16646
18736
19679
17724
14135
11205
8111
1678
-2014
-2013
-9326
-15436
-13460
-14705
-14178
-11503
-12097
-7571
-6787
-8621
910
3269
-2357
2782
6193
2500
172
-642
-816
-3211
-3596
-670
-1606
-4083
-2996
591
1607
-161
3733
3597
-1897
5280
4845
-652
7320
4821
1816
6455
2430
648
2732
3826
4853
3685
5882
9421
10496
13427
15136
14668
14312
13555
12157
7102
3004
1325
-3489
-6015
-7509
-9237
-9244
-10982
-10343
-11566
-11182
-9472
-15329
-15557
-15242
-18771
-15381
-12423
-10265
-8330
-13057
-17473
-14580
-3862
5661
4473
7401
14123
13468
18990
22592
16083
13639
8526
1911
1929
-2652
-6524
-5878
-11964
-15722
-10998
-7004
-5800
-3744
1037
5349
8713
14458
19386
19769
19178
17263
14197
11261
5733
2084
-932
-6502
-13222
-16349
-14270
-14638
-14283
-13408
-10425
-6978
-10216
-4264
3445
-1951
352
6607
2246
1756
3069
-350
-2586
-3030
-1451
-2250
-2874
-2683
-2517
124
-524
2462
4638
-926
1210
3747
2983
5424
6732
6390
2240
3339
6229
1376
466
8603
5171
-655
11562
9311
8650
17192
11280
15218
15598
11085
13058
5946
2227
2932
-3325
-7117
-7578
-10233
-10979
-12353
-12208
-10928
-12584
-12474
-13793
-15731
-16458
-18219
-16428
-13126
-10906
-7900
-10726
-18312
-17051
-3790
6526
4516
6450
14600
14417
17362
23829
18786
12923
9477
3421
1661
-2018
-7757
-7123
-10738
-16755
-12575
-6734
-6117
-4157
838
6114
10524
14180
19021
21139
19023
16377
14077
11654
5288
70
-138
-4090
-13833
-17841
-13859
-14435
-15069
-12891
-10862
-6660
-8854
-4684
4797
-449
94
6136
2257
597
819
-771
-2898
-3815
-1724
-215
-886
-2776
-1199
1317
303
3540
7163
1718
1170
6544
2435
727
4158
1235
146
1445
172
-412
2634
6434
3267
6576
13076
7599
13561
18581
11732
14507
15916
14002
8221
2917
3282
-891
-5361
-7518
-6407
-9203
-12724
-9471
-9464
-10826
-9613
-9059
-11576
-16167
-19072
-18529
-17053
-14071
-10468
-11948
-16159
-20710
-15991
1767
8805
4943
11365
16435
15253
21977
24483
17017
12000
6282
775
-242
-4988
-8742
-8300
-14442
-17870
-10678
-6055
-4661
-1035
2582
6656
11823
18046
21548
20342
18622
14491
10472
9865
5216
823
-1206
-9213
-14882
-14359
-14467
-12511
-11541
-13627
-10534
-7178
-6650
-688
2868
-485
1163
4714
1395
678
1738
-2892
-4446
-2349
-613
-1143
-2190
-1793
-956
2270
1927
3728
5360
-1365
371
4943
1921
4264
6859
4291
4643
4196
2326
2062
3876
4756
1484
4296
8208
7897
11962
13024
13125
15146
12612
12561
11364
4331
505
2587
-2363
-10194
-6167
-8244
-13087
-12406
-14825
-14467
-15587
-17522
-18302
-19298
-17640
-13325
-11539
-10438
-7899
-11900
-15617
-13135
752
10747
5934
9412
14090
14298
19633
21165
16252
10880
4048
-293
903
-4047
-10019
-8742
-12518
-17562
-12125
-6038
-5217
-2393
2290
6133
11695
18425
21450
22035
21181
14770
10982
12381
6377
0
-2767
-10665
-15922
-15872
-16670
-14895
-11953
-13472
-8184
-2812
-6822
2
5593
74
2820
6482
1937
-1948
-441
-630
-4242
-2082
595
-1810
-809
591
1585
5089
4182
5252
6071
130
387
2590
-226
663
2218
334
-1432
-433
2746
1555
3715
8555
5432
8525
12252
10741
13731
14169
13639
12946
11152
9356
5336
2341
-632
-3802
-4204
-6257
-6892
-4828
-10492
-9091
-5075
-13132
-13088
-13615
-20568
-19743
-17874
-17118
-14198
-11805
-12836
-16903
-17671
-6957
7620
10201
9293
17065
17421
15603
23898
20100
12321
8325
-738
-2248
-4802
-10352
-8961
-12348
-19650
-17787
-10648
-7102
-4398
1080
6341
9043
14522
21349
23007
22467
19519
13144
9760
7947
2212
-1555
-5665
-14049
-17681
-16218
-15493
-14762
-11793
-9047
-5529
-4164
-3077
4178
2940
485
6955
3954
-979
157
-681
-3015
-4476
-1180
680
-111
189
1937
5866
2488
1948
7786
2967
656
4476
-469
-2106
2306
830
362
627
-1716
175
3513
5064
5398
6545
9883
10076
10102
13604
12774
9230
9824
10681
7040
2423
796
-929
-3787
-4571
-5426
-6762
-7178
-9805
-10957
-12491
-16195
-17515
-20204
-20760
-16483
-13561
-12849
-9960
-12671
-16135
-5368
4485
8998
11748
14349
18199
16864
18680
18939
13645
9051
1744
-3555
-6606
-12249
-13571
-12151
-16890
-19082
-13955
-8612
-4230
-196
4925
10975
15241
18608
22969
24186
19408
15375
14317
9892
4196
1329
-4498
-12229
-14991
-15867
-16371
-14527
-14102
-12026
-6505
-5830
-4138
4051
5994
3670
6032
5229
2097
2584
1896
-862
-2726
-2952
-1790
-1742
-3001
-1189
787
-251
291
3609
3521
-788
-43
269
-998
1755
3001
4982
3929
1844
3229
3859
6731
6632
4259
6129
7169
9014
12009
10261
8447
7006
7105
7456
2754
3382
1992
-3274
-1450
-1800
-3073
-2888
-4217
-6853
-11113
-12740
-14782
-19747
-21619
-20326
-18367
-14594
-11099
-10635
-15529
-16157
-1411
10037
9653
13638
18038
16442
16894
18650
17348
11788
4171
-1
-3956
-9628
-11315
-11503
-15426
-19415
-17568
-11312
-7128
-4911
-223
5736
10921
16175
20745
22859
22006
18862
15473
12764
8561
3508
-440
-7389
-15044
-16150
-16338
-17743
-15406
-13800
-11082
-5270
-4523
-1532
6107
5418
4098
7998
6078
2770
3653
1299
-1744
-1846
-1736
-200
836
-1176
-2399
-88
-348
-242
4078
2069
-920
27
-1053
-982
-789
-944
312
-529
-1103
1448
4992
8134
7709
8083
11397
10935
10827
13247
12636
8600
7416
7844
2407
-1555
-1579
-4244
-6107
-5261
-4414
-3983
-3610
-2319
-217
-1622
-5484
-7264
-11219
-16495
-17465
-16443
-15756
-15438
-15763
-17683
-19357
-12856
873
7509
6863
12849
18775
17617
21202
21200
15279
11947
4608
-384
-4786
-9683
-10716
-12955
-17079
-20787
-15068
-9333
-6856
-1591
1915
7226
11665
17123
21580
21511
21037
15868
11534
11359
6672
967
-1440
-8294
-15419
-14543
-13732
-14147
-13184
-12504
-6839
-3600
-4486
1903
4693
1094
4274
7195
3387
1924
2989
198
-2245
-488
-419
-1898
-1597
-2691
-1687
482
-546
1700
2521
-1555
-306
1683
308
2668
4072
2155
1309
1864
2442
1956
4946
5715
2817
6597
9112
7905
10501
11518
8818
8359
9500
7546
3767
940
-785
-2068
-3169
-3574
-3021
-3618
-6023
-6116
-4939
-7040
-9913
-12068
-16998
-20311
-16993
-14053
-13631
-11462
-12788
-17609
-13479
-311
7747
8744
12721
16721
15455
17834
20723
16208
10751
4666
-794
-3270
-8368
-11171
-11172
-17028
-20393
-16319
-10317
-5836
-5356
1602
8272
8442
17536
23335
20787
20801
17443
13536
12541
6780
854
-1867
-9699
-15358
-14984
-15451
-14261
-13121
-11942
-7254
-4519
-3166
2173
4529
2653
4672
6028
3772
3210
2345
-255
-1675
-1983
-1103
-74
-729
-1003
-145
-322
-259
2068
2176
-782
-641
-390
-2606
-989
1176
4
325
768
298
2791
5889
6207
5651
7527
10328
10443
10828
11312
8174
6892
8833
5795
953
-190
-2716
-5266
-3935
-3059
-3869
-2475
-1782
-1918
-973
-1917
-2536
-5705
-11134
-14471
-16204
-16445
-16889
-14164
-13671
-17823
-19066
-15156
-669
7470
4692
12922
17721
16047
21482
21128
15132
11244
5696
-90
-3006
-7521
-10685
-11208
-17538
-20218
-13602
-9787
-8425
-3611
1207
5279
11910
18132
20409
20934
19761
15375
12709
11588
5507
-414
-2952
-9321
-14779
-13664
-13081
-13398
-10882
-8497
-5111
-2744
-3004
2566
5118
629
2130
3732
830
-224
155
-2029
-3657
161
2235
1403
3019
3276
2621
3255
3596
5051
3007
-1257
-336
-1793
-4948
-2154
-1023
-3394
-2587
-339
-282
1129
5473
7000
6798
9492
10304
11024
12819
10183
8424
6991
5619
5657
1251
-2373
-2516
-2456
-3219
-4771
-4510
-4401
-7312
-8462
-9150
-14041
-15426
-15115
-17159
-15973
-12078
-10334
-12356
-13715
-9997
1038
7529
8155
15314
18222
17072
20220
19134
14687
10748
3849
-2668
-6711
-11255
-12738
-13157
-17454
-19033
-15070
-11159
-7866
-3453
1207
5772
10723
16177
19961
21242
20641
17139
14675
12607
6213
2710
-1135
-9292
-12311
-14233
-15905
-14600
-15619
-13068
-7337
-8044
-4672
2485
1534
3532
6108
5487
6069
2398
2532
2878
-1553
-689
-261
-1922
-985
-857
-638
-328
-827
329
-49
-2191
-727
-540
-1963
1142
1946
911
2399
1757
1204
1540
3339
5583
4126
5412
8480
9317
10562
10395
9213
8217
8072
6971
2729
-64
-237
-1585
-3340
-2830
-2662
-4360
-4739
-3732
-4789
-7746
-9740
-11869
-15262
-16633
-15005
-13195
-10926
-9613
-13492
-16222
-9159
1506
6454
8642
12890
14902
15098
19105
20128
14784
10017
3569
-3149
-5134
-8288
-11377
-13003
-18973
-21115
-15287
-11165
-8179
-2911
1310
5248
11701
18432
22172
22601
19915
15794
14102
12468
7042
2186
-2347
-10306
-15073
-13922
-14660
-15823
-13893
-12478
-8172
-4666
-3929
2993
5640
3132
6562
6483
3724
3833
2986
92
-2951
-1147
-1012
-2113
608
-443
-564
1032
656
3439
3633
876
1803
1041
-1881
-600
-113
-3653
-3571
-2249
-3222
347
4061
3322
5585
9522
10090
11239
14254
14272
11974
10851
10841
8365
2347
-980
-3507
-7081
-7629
-6767
-5088
-4856
-4727
-2945
-2303
-2149
-4231
-7218
-8963
-12025
-13856
-13406
-13563
-12739
-13686
-17426
-18483
-12480
188
5552
5334
11242
14655
16704
22145
21130
14364
10075
4471
-1848
-4075
-7841
-11418
-13173
-17963
-18613
-12454
-9183
-7621
-2597
2058
5780
11956
18446
20431
20064
18723
15497
13767
11474
6472
1450
-3510
-10187
-13120
-11890
-13754
-13705
-12683
-11332
-5752
-5018
-4522
1733
1892
360
5593
6546
3472
3412
3583
-643
-4363
-489
-995
-4359
-2184
-2097
-4021
-1356
2699
1530
2091
1668
-728
804
880
4190
6121
1637
1411
2774
1004
2359
4820
2372
1041
4507
7422
8402
10897
12380
11032
11591
11828
9024
5958
2600
118
-669
-2272
-2970
-2483
-4335
-5777
-4719
-5237
-7314
-8354
-11137
-15732
-17074
-16311
-15465
-12538
-10440
-10801
-12815
-16214
-10749
3355
7654
6114
12282
16277
15917
19496
19086
12796
8274
2710
-2353
-4286
-8627
-11516
-12137
-17322
-18832
-12147
-7299
-5184
-1769
1962
6647
12960
18265
20986
21896
19318
14430
12912
11001
5200
1521
-2909
-10690
-13197
-12458
-13631
-12192
-11731
-12505
-7041
-4080
-5223
673
3466
61
4111
6850
3028
2576
1851
-1550
-2626
-1740
-1552
-2852
-4721
-4737
-2605
-750
-1054
1505
3995
-1729
915
5274
-841
2921
6417
2561
2728
2126
1732
3096
3672
2662
2036
4562
6072
7016
10980
10802
9827
12062
12580
11461
5230
2533
2256
-1885
-1385
-1891
-3094
-3935
-6743
-5197
-4859
-6913
-6178
-8896
-13401
-13692
-14947
-15702
-14445
-14372
-12518
-10913
-13657
-17571
-12538
1181
5899
4220
11472
17089
15922
19170
20479
14631
9485
4651
-34
-2892
-7594
-10027
-9984
-15401
-17914
-11225
-5872
-3772
-805
2700
6989
11969
17752
20875
19446
17916
15076
11432
9871
5311
365
-1959
-8362
-13885
-13183
-12699
-12277
-11160
-10989
-7351
-4174
-5466
-2106
2582
-164
45
4310
1789
-1296
-245
-1375
-3303
-2715
-1523
-1269
-3492
-4512
-1190
-258
-1097
2629
4132
-436
1592
4343
1104
4078
4965
2372
5157
4275
-1091
2376
4181
-1025
3987
5391
5251
10511
10558
12708
13007
12279
14721
13352
7235
5248
3663
-559
-1409
-4276
-4456
-5974
-7967
-6174
-7810
-7408
-7614
-9426
-10552
-13044
-15485
-16209
-15553
-14310
-12299
-13207
-14696
-17349
-17854
-4497
6183
3102
8095
16478
14579
17573
21489
16195
12224
7811
1190
-715
-3438
-7915
-8675
-11888
-16052
-11814
-5527
-4019
-2008
2009
5301
10313
16497
19205
19403
18720
14992
11663
12037
8081
1379
-995
-5171
-11617
-11889
-10191
-13127
-11750
-10136
-9875
-4874
-6502
-4144
2052
-2834
-1049
3395
-1058
-1929
-208
-1695
-3930
-2110
-952
-2449
-1707
-2329
-1489
275
492
2709
3318
-961
-1711
2353
465
387
5170
3575
967
4374
1541
-1241
5090
4014
2115
4988
8565
8888
10729
15303
12286
16459
17242
13863
12976
5688
4940
1657
-3047
-3027
-5448
-7227
-9394
-10531
-9545
-9259
-9243
-8043
-10578
-13917
-13983
-15378
-15431
-13871
-14211
-13489
-11631
-15240
-19550
-13353
-2166
2536
4232
10229
14759
15824
19616
20189
14760
11875
8364
2447
-301
-3672
-6794
-7953
-12571
-14460
-9328
-5314
-3633
-918
2890
7407
12197
16936
20012
20324
18261
14745
12583
10266
4796
897
-1325
-7274
-11878
-12088
-13339
-13360
-11460
-11493
-9215
-7002
-8523
-5745
-2298
-4117
-1784
2572
691
-632
770
291
-722
2
1130
435
-2164
-3613
-1544
-781
-1583
-8
546
-2650
-2911
-7
-396
2113
4152
3984
5466
4049
4100
6105
8635
7323
5818
9943
10161
11529
13904
15257
16669
12882
16165
14276
2963
4440
3034
-4100
-5007
-6646
-8382
-8530
-9478
-9570
-8091
-8312
-6726
-6998
-11581
-12673
-13923
-15715
-15360
-14314
-12481
-12308
-15462
-19899
-19331
-9041
1068
1815
4452
12035
14384
16736
21367
18958
14278
11746
6305
2232
1066
-1426
-4477
-9455
-13393
-10820
-6875
-5349
-3662
-1487
1955
7789
13482
16428
17825
18548
15978
11815
11154
9523
3681
538
-3220
-10574
-11767
-11474
-14019
-11830
-11677
-12405
-7988
-8775
-8131
-1910
-3638
-3814
1898
589
-831
1639
672
-1464
-449
1929
1211
-1119
-2591
-3530
-2102
-869
-2074
-262
-605
-3604
124
787
13
4759
6641
6637
5716
5986
6916
7100
9667
6687
5761
10044
10299
13375
14153
13076
13010
12630
13309
8929
3882
3352
1874
-6316
-3953
-2396
-10039
-6035
-7897
-10021
-7400
-7420
-6945
-10304
-12632
-15487
-15218
-17049
-18830
-14278
-15083
-16751
-16416
-20447
-19927
-6268
1840
634
8254
16110
16304
19878
23098
19317
15560
11295
6469
4149
-139
-4000
-5526
-10386
-14631
-11300
-6405
-6246
-5227
327
4666
7959
14510
18861
18846
19170
16818
12600
11499
7423
1913
421
-5707
-12378
-11548
-12878
-14617
-13135
-14884
-12988
-8774
-10649
-8068
-2071
-2802
-1046
4479
3283
419
1985
1824
-111
738
1000
-410
-1870
-3432
-1588
-41
-2680
-1383
490
-3082
-994
4074
3333
4447
7295
6044
4623
4991
4500
4269
4047
4687
5403
5674
8905
11239
12610
13645
13343
12998
14324
14843
8366
4666
2582
-2553
-2932
-5307
-7008
-9603
-11590
-7484
-11939
-8386
-4048
-11165
-8755
-10912
-14109
-14008
-16586
-14859
-13560
-14130
-15644
-15865
-20237
-16596
-2045
777
2258
11716
15489
15585
21143
22584
18637
16526
11369
6116
3533
-1364
-4664
-5521
-11161
-14591
-10551
-8035
-6737
-3136
-120
3923
10068
14512
16977
19014
18443
14686
12621
11588
6884
1841
-1087
-6560
-11974
-13042
-14037
-14623
-14552
-14963
-13353
-10895
-10389
-6062
-117
-2550
-907
3838
1594
164
1580
1529
-1520
266
467
-1656
-592
-3403
-1158
1214
-1407
699
946
-1743
1186
4775
4484
6178
7035
5164
5080
5170
4143
4491
6005
6062
5843
7190
9571
12351
14145
13844
12673
12897
13987
12399
8474
5094
2176
-1438
-4143
-5108
-7331
-9938
-11380
-11716
-11778
-10490
-10245
-13240
-15053
-17465
-18121
-17962
-16819
-14555
-13467
-12248
-17258
-18288
-11963
-1764
5324
4429
11446
16078
16427
21489
21749
17674
14236
9879
4353
2060
-1417
-5437
-8394
-14414
-15602
-9939
-6783
-6619
-3368
729
5079
12273
17585
19153
20132
19343
15897
14602
13555
7364
1246
-2625
-8640
-12979
-13916
-15244
-16074
-16620
-14857
-10335
-10052
-9244
-2919
-951
-2013
1808
4384
2670
2216
1980
-761
-1528
1188
1242
-1582
-3005
-2659
-833
-181
-966
375
1304
842
4022
6273
4553
5446
6367
4960
3955
3617
2226
1453
3980
3910
4850
8826
9258
12014
15397
13852
14233
16078
15429
13133
8393
4720
2035
-1902
-4241
-6682
-9047
-10928
-12421
-11669
-11564
-11016
-10046
-10977
-11281
-12575
-14793
-15875
-16071
-15622
-14236
-13236
-14806
-15285
-16842
-11529
2735
3933
4452
15222
16739
16746
21847
19770
16215
13765
6806
3183
1195
-3946
-5774
-8075
-13824
-13773
-8979
-6876
-4667
-1030
2901
7980
13532
17667
19336
19680
17812
14327
11152
8154
3103
-2312
-5767
-11806
-15268
-14556
-15677
-15230
-14696
-13088
-8707
-8393
-6846
-1473
-999
-423
2961
2593
1324
714
-1040
-2593
-2575
-651
-151
-967
-588
-13
1589
1863
1529
4322
3981
3188
7146
6397
3764
5653
4681
3153
3252
1507
1479
3471
4853
4698
7221
10559
10599
13718
16014
14413
15151
15868
13602
9462
6021
3925
-209
-4543
-6645
-9598
-12192
-12485
-13506
-13649
-13737
-15163
-14168
-16528
-19667
-17994
-17184
-17014
-14318
-10303
-11684
-15358
-15096
-7986
2640
5731
7424
11418
13441
17518
21983
18877
15416
14723
6774
1690
1393
-2712
-7107
-10418
-14029
-16177
-11732
-6699
-4856
-1198
2668
8019
16409
20973
20725
21574
19269
14188
13225
10751
3844
-685
-5273
-13010
-15648
-15257
-16426
-15871
-14348
-12741
-8410
-5533
-6013
-1063
83
-1236
2835
1488
-499
-766
-1513
-3458
-2769
1766
1486
1801
1960
916
2131
3610
6822
7719
4152
2497
3287
1246
-6
1498
638
-1640
-1318
109
13
2850
7023
6922
8528
12765
14061
16124
18351
16302
14370
14065
12818
9941
5368
1525
-1250
-4497
-6958
-8778
-10635
-11820
-12809
-13100
-12959
-14655
-17035
-18322
-19529
-19033
-16524
-14835
-12763
-10814
-11601
-13094
-9628
740
9438
10639
12319
15770
15519
17692
19189
14864
9855
4785
-428
-4113
-5521
-7869
-9294
-13833
-15891
-9175
-6527
-2575
1617
3973
7313
12578
20806
21407
20783
19220
14015
11296
9722
5728
-995
-5261
-11543
-15968
-14170
-14458
-15161
-14394
-14079
-10662
-6003
-4815
-1675
916
-1619
-447
3746
2495
-764
-1043
-1895
-3567
-2221
709
1876
1045
668
2317
2650
1811
4093
4512
1378
2114
3632
2494
2950
2974
1415
660
591
1930
3157
3820
5665
7118
9038
11181
12238
14539
14675
12165
12498
12344
9774
7029
2667
-460
-1168
-2972
-5179
-7483
-10118
-11553
-12275
-13585
-15889
-17939
-19767
-21535
-20124
-17115
-14720
-11289
-10463
-12999
-13710
-8345
2822
8984
8776
12586
14648
13211
17865
19763
14242
9553
4285
-1279
-4149
-6301
-7680
-9638
-14940
-16118
-12395
-8128
-3021
-1314
2841
10018
14149
18542
24424
23456
18565
18826
13161
9915
8526
-999
-3720
-9176
-16828
-14974
-14689
-16209
-14494
-11625
-7899
-5513
-4118
217
1601
262
2731
3521
507
-386
-281
-3239
-4428
-1478
479
1309
1164
-146
1099
2521
2857
5410
5344
1679
1628
1356
-1446
-619
95
-1295
-1682
-398
826
2617
7759
8457
6765
10287
12934
13562
14843
14665
11807
10076
10957
8722
4403
2236
-1992
-4403
-3334
-5418
-5593
-6162
-8995
-9767
-12259
-13507
-14566
-18858
-21230
-20654
-18829
-15930
-12309
-10038
-11751
-13305
-7171
3252
9693
11714
13453
15525
15970
17475
18180
13013
6856
1879
-3777
-6324
-7598
-10495
-12334
-14982
-16686
-11986
-5447
-1842
855
4022
8860
14716
19203
22054
21218
18098
16664
12912
8692
7291
-117
-7614
-8399
-13351
-16585
-13345
-14329
-15015
-11264
-8370
-4803
-3019
-1571
2396
1655
2029
4841
3402
1041
-806
-2382
-4273
-3129
-513
-232
-981
-1569
629
831
188
3144
3552
1803
2896
3207
1300
2002
2907
1637
1084
859
810
2780
5138
5684
6696
8579
9721
11694
13853
13483
11763
10767
9913
7559
4360
2418
45
-3102
-4049
-4529
-5816
-6178
-6748
-7768
-9075
-11063
-12576
-15327
-19186
-19949
-18192
-16240
-14010
-12352
-13045
-15641
-13170
-2537
5732
7917
11703
14277
13548
17260
20514
16469
11625
6522
-253
-4433
-7606
-9774
-10429
-14283
-17519
-14222
-8244
-4246
-1135
3602
7628
11573
18614
22266
21082
20381
17036
12843
11478
7955
2903
-1462
-7492
-13108
-14360
-12496
-13219
-14908
-12156
-9447
-7665
-3920
-1809
90
1862
1406
3454
4209
1073
940
-302
-4362
-3638
-1268
-1751
-1910
-1350
-559
-147
-560
1552
3936
3377
3576
4265
2117
2074
3995
2123
580
-348
-1140
264
3429
5220
3788
6579
9218
8914
12416
14691
12860
11596
12259
10330
6882
4474
999
-1597
-2825
-3891
-4607
-5566
-6627
-6711
-6739
-8354
-9411
-10734
-14241
-17084
-17696
-16223
-15817
-15367
-13399
-13713
-14589
-12690
-3427
5929
7019
10810
15668
15276
17972
20318
15904
10942
6034
-30
-4694
-7249
-9693
-13157
-14611
-16507
-15159
-8390
-4527
-888
3704
7354
12553
17112
19498
20457
19459
16181
12527
10031
6236
1037
-2004
-6150
-12111
-12748
-11877
-13555
-12671
-11478
-9928
-5926
-3808
-2273
737
1025
270
3232
3241
1213
1011
-1584
-3083
-3349
-3150
-2337
-1645
-1394
-1622
944
1627
1514
4096
4071
4127
5925
4881
3291
3758
2963
1124
675
626
901
1825
3391
4213
5359
8797
10502
12793
14004
11940
12421
12034
10224
7487
4372
2700
149
-1915
-3727
-5386
-6489
-7128
-7561
-8057
-8888
-10963
-13141
-16791
-19734
-18726
-17381
-16049
-13404
-12768
-14547
-15164
-11185
-2077
6006
9998
13350
15474
16391
19061
20140
16409
11369
5887
-1007
-6100
-8211
-10276
-13729
-17052
-17581
-14288
-9168
-4521
-527
3617
8447
14361
19943
22224
21241
19304
16184
12334
9744
5918
360
-3626
-8382
-12970
-13200
-13438
-14007
-12182
-11577
-9090
-4931
-4207
-1551
1381
196
1646
4262
1872
-105
-285
-2530
-4054
-1757
499
-1424
49
1460
-701
2196
4143
4332
4828
3179
1486
500
-336
-587
-254
-2513
-3572
-2814
-1220
1566
3894
6152
6403
9246
12890
14633
16404
15889
14312
12090
11253
10001
5491
955
-1809
-3956
-5914
-6033
-5899
-6628
-7741
-8775
-8607
-9266
-11992
-15140
-18361
-19996
-18641
-17163
-14909
-11674
-12472
-14506
-10433
-1344
7029
12178
15055
16278
16562
17957
18929
15851
9544
2788
-3589
-8618
-10585
-11064
-13230
-15738
-16078
-13582
-7430
-663
3000
6234
10625
14331
18309
21518
21110
18652
15140
11026
8466
4978
-264
-3549
-7097
-11645
-12560
-11711
-11776
-11180
-10229
-8480
-6058
-4625
-2366
141
-14
155
2436
2880
1455
898
-690
-2838
-1659
70
-1017
-2770
-4126
-4245
-2961
-1520
261
-153
-1870
-126
1480
2531
6206
6186
2921
3107
3490
2158
2310
3587
3588
2351
3844
7757
9559
10837
12385
11328
10779
12849
13052
10059
6521
3576
1606
417
-1023
-2926
-5289
-7424
-7698
-6397
-5663
-6627
-8314
-10332
-13157
-14718
-14600
-15347
-16257
-16580
-16110
-14101
-14360
-15673
-10590
-2046
3682
8327
12696
15251
17046
18750
18506
15566
11511
6524
1045
-3461
-7750
-10976
-12471
-14623
-15548
-12667
-8406
-4247
-22
4767
10285
14882
18273
20521
20729
18923
15335
11914
9032
4257
-254
-3459
-8420
-12904
-14238
-13881
-12686
-11829
-10737
-7980
-5983
-4664
-1428
908
342
487
1271
-402
-2034
-1752
-2248
-2624
-1311
196
1627
2094
2139
3594
3970
3869
5373
4640
2175
966
-791
-1953
-1894
-3053
-3377
-2230
-2452
-1956
1671
4945
6247
9207
13555
15511
16784
18757
17767
14732
13713
12796
9104
4692
1360
-1992
-5390
-7300
-8052
-9206
-10314
-10173
-9905
-10816
-11931
-13575
-16377
-17878
-17802
-17253
-15335
-13636
-12358
-11005
-11985
-8895
2086
9076
10513
14218
15700
14588
16657
16617
11701
6907
1266
-5255
-8548
-10505
-12623
-12958
-14106
-15089
-10191
-3020
1146
5241
9400
11922
16119
20631
21375
20629
18201
12566
8923
7411
3586
-348
-3829
-8683
-11820
-12265
-11617
-10308
-10228
-10403
-8252
-6464
-5673
-2727
-475
-1374
-549
2183
2083
1270
1998
1041
-904
-821
-310
-1405
-3310
-4135
-3647
-3622
-3296
-1891
-2756
-4563
-2040
2038
3335
4689
6219
4935
4173
5372
4644
3823
4478
3597
3411
5556
7429
9152
10593
11056
10884
11196
13659
13802
9839
8047
6187
1934
810
70
-3708
-6986
-8800
-8925
-7630
-6889
-6374
-6762
-8363
-8502
-7697
-8513
-11511
-14984
-17362
-18313
-17914
-16205
-14399
-16127
-16914
-10340
-1076
5030
10016
15166
15727
16769
20911
20049
15935
11452
5189
-360
-3468
-5406
-6513
-8951
-13454
-13481
-8799
-4938
-1158
2924
5784
9227
13894
16703
17713
18204
15690
11383
8283
5261
1528
-1416
-4591
-9677
-11641
-10582
-10743
-9632
-9398
-9855
-7590
-6467
-5038
-2058
-2129
-3596
-2427
-857
-1351
-621
-256
-2536
-2528
-462
904
2066
1659
975
1617
599
727
3937
4074
2187
2271
1741
951
1770
1751
683
-138
-885
-258
2375
4460
5479
8174
10193
10971
14994
17782
16257
14898
14199
13317
10111
6674
3501
-2357
-6055
-8086
-8976
-9048
-10823
-10930
-10989
-10934
-8589
-7107
-9279
-12469
-13167
-14044
-15289
-14166
-13091
-14256
-14423
-13551
-13103
-8261
308
5247
7432
11235
14600
16963
19237
17999
13308
8644
4161
531
-1711
-5085
-8617
-10440
-12215
-11795
-7162
-2919
-712
2434
6420
10315
14379
17129
17541
17084
15458
11951
9190
6595
1619
-2957
-6048
-9110
-10767
-11558
-12003
-11362
-11283
-10121
-6867
-5956
-5954
-3562
-2543
-2776
-562
1168
121
-906
-1143
-1126
-755
269
1817
1623
106
-53
402
171
657
1908
1973
659
894
1896
390
1194
2349
-55
308
1325
914
2880
5206
5577
6499
9341
11420
13130
15234
15818
15052
14326
13953
12043
8312
3626
-159
-3741
-9109
-8949
-8606
-13002
-12057
-10426
-10388
-8392
-6949
-6954
-7357
-7942
-9932
-10890
-12662
-15223
-15083
-14696
-14857
-14551
-14340
-13267
-7787
-53
5194
9473
13839
16264
17149
17574
16431
13807
9971
4858
617
-2812
-5876
-6631
-7871
-10610
-9289
-4936
-2426
373
4162
7119
10254
13390
15683
15746
14973
13039
8623
6226
3958
-56
-2853
-5936
-10084
-12531
-11973
-11812
-12132
-11021
-9821
-8024
-7436
-6387
-2889
-2200
-2154
-85
203
-1135
-537
580
-649
-279
1255
985
689
182
-177
103
215
1466
2890
2135
1733
2187
2037
2950
3908
3806
3719
3033
2502
3832
5596
6014
6262
8041
9956
11021
13221
15025
13684
12508
13081
12097
9719
6935
2440
-2094
-5210
-8074
-9887
-10958
-12789
-13217
-11796
-10763
-9126
-7195
-7645
-8987
-9345
-10327
-12489
-14701
-16270
-17073
-16732
-15123
-14538
-15129
-11718
-3847
3082
8139
13022
16717
18548
19230
18741
17074
14177
9602
4565
582
-2900
-5546
-6418
-7904
-9576
-7825
-3973
-1220
1531
5362
7948
10444
13008
14065
14792
13690
11074
8412
5926
3176
-999
-4015
-6897
-11306
-12610
-11766
-12215
-12111
-11274
-9600
-7554
-6202
-3038
-836
-1797
-904
569
-393
-1216
-1332
-1701
-2352
-1881
-480
-787
-1186
-33
654
835
1792
4195
6069
5213
5115
5362
3979
4395
4504
3335
2646
1806
1267
1386
3328
4850
5573
8087
9961
10787
12949
14131
13863
14150
13643
12818
10003
6208
2781
-2558
-6082
-8980
-11912
-12962
-14569
-15115
-13215
-11392
-9600
-7609
-6925
-5493
-6349
-8019
-7300
-10587
-13559
-13654
-15184
-15504
-13851
-13170
-12860
-10032
-3990
4305
10350
14183
18005
18896
18680
19376
17412
12948
9284
4974
-155
-3154
-4371
-5932
-7699
-7987
-6991
-4794
-1639
1721
4219
6103
9055
10971
12238
13297
11850
9237
5634
3142
2088
-1268
-4075
-6528
-10641
-12495
-12140
-11591
-10687
-9651
-8474
-6721
-4805
-3112
-971
-943
-2636
-2143
-1916
-2932
-3048
-2725
-3993
-4527
-1646
-196
489
2451
3271
3576
4283
6122
7548
7241
5814
4067
2947
2790
3364
3034
1960
1432
1399
2229
4289
6206
6983
8044
9822
11101
12196
13407
12793
10716
9704
9021
7012
3859
293
-3648
-7476
-9597
-10794
-12777
-13910
-13933
-14179
-12872
-10628
-8815
-7088
-6046
-5452
-5471
-5933
-6939
-8998
-11500
-12064
-11432
-11021
-8741
-8082
-8006
-3981
2335
8691
12597
15320
16740
16484
17178
16536
13771
10619
5918
1201
-1408
-3204
-4095
-5193
-7013
-6735
-4543
-1449
1538
3183
4845
6789
8895
10664
10708
10286
8721
5329
3192
1512
-1731
-3900
-6137
-9740
-10444
-10205
-10572
-8601
-7677
-7699
-5411
-4305
-4366
-2801
-2576
-4005
-3684
-3074
-3951
-3750
-2251
-1735
-604
2160
4173
5616
6692
7069
7542
6713
5515
4981
3231
900
-442
-595
-725
-920
76
1373
2270
3698
5688
7434
8736
9568
9987
10415
10763
10681
9649
7708
5420
3330
1852
-392
-2943
-4474
-6199
-7576
-8105
-8094
-8281
-9178
-8755
-7811
-7649
-6779
-5942
-5889
-5898
-5519
-4402
-4656
-5555
-5410
-7111
-8364
-7076
-7353
-7963
-5967
-5904
-6044
-2351
-1093
913
5732
7743
10325
12933
13825
14564
13957
12150
9323
6181
3602
339
-2561
-3557
-4561
-4889
-3794
-3164
-1742
612
1491
1837
3290
4124
3982
4411
4139
2808
2520
2134
211
-1322
-2350
-3796
-4927
-5642
-6314
-7162
-7601
-7144
-6739
-6071
-4659
-4149
-3791
-2630
-2207
-1533
-351
472
1112
1507
2751
3840
4361
5562
5909
5413
5006
4517
3846
2572
1495
1081
927
686
1053
2422
2865
3516
5283
5627
5605
6052
5490
4956
4630
3778
3188
2296
992
606
359
-355
-1240
-2039
-2388
-3429
-4417
-5034
-6001
-6545
-7127
-7326
-7439
-7410
-6817
-6740
-6625
-6140
-5652
-5078
-4027
-3480
-3330
-2436
-1981
-1914
-1177
-916
-1278
-608
-629
-254
1645
2517
4159
6388
7450
7985
8690
8651
7552
6250
4121
2360
284
-1668
-2067
-2696
-3177
-2947
-2055
-1199
-600
328
901
1284
2059
2528
2213
2124
2315
2074
1693
1209
-33
-1932
-3469
-4550
-5486
-6049
-6378
-6684
-6315
-4807
-2868
-1146
379
1582
2290
2971
3728
3793
3251
2911
2662
2321
2539
3208
3251
2884
3137
3431
2963
2349
2004
1623
1323
1747
2861
3575
3961
4822
5373
5317
5200
4409
3029
1633
-84
-1422
-2235
-3656
-4766
-4966
-5575
-5821
-5200
-5608
-6547
-6647
-6930
-7400
-7318
-7291
-7319
-6814
-5858
-4639
-3140
-1294
804
2960
4821
5930
6453
6586
6090
5075
3693
1902
-198
-2228
-3731
-4605
-4927
-4817
-4339
-3184
-1729
-284
2017
4064
4887
6122
7293
7186
7152
7286
6032
4464
3307
1582
-22
-1253
-2433
-3501
-4104
-4315
-4119
-2890
-2079
-1968
-1209
-575
-550
-605
-1018
-1729
-2146
-2394
-2447
-2364
-2162
-1272
-162
512
1357
2270
2329
1947
1586
1262
1024
546
-166
-840
-1371
-1766
-1652
-1271
-897
-484
-147
501
958
1694
2914
3159
3231
4156
4972
5194
5694
5881
4872
4030
3492
2392
1349
273
-1293
-2344
-2870
-3302
-3057
-2911
-3370
-3289
-2829
-2666
-2189
-1595
-1515
-1384
-1082
-1016
-945
-972
-1387
-1725
-1901
-2279
-2474
-2353
-2566
-2830
-2463
-2112
-2009
-1460
-850
-533
-52
443
657
870
1080
939
531
435
724
746
687
876
1112
1664
2379
2537
2608
3024
2652
2383
2592
1850
1290
897
57
-354
-463
-550
-503
-412
-209
179
282
420
468
-128
-645
-1175
-2013
-2493
-2687
-3100
-3001
-2295
-1601
-759
-16
546
879
1241
1775
1717
1617
1676
1392
1230
1117
1026
821
513
459
258
142
96
-10
130
47
309
1228
1604
1914
2712
3042
3410
3902
3472
2740
2178
1305
273
-628
-1564
-2410
-2836
-3051
-3308
-3114
-2680
-2673
-2437
-2164
-2122
-1688
-1456
-1436
-1099
-943
-1177
-913
-372
-719
-684
-204
-781
-1097
-1018
-1329
-1385
-1402
-1401
-1160
-815
-475
-159
268
573
745
1056
1126
747
722
883
629
681
1104
1106
1075
1442
1783
2164
2319
2179
1871
1528
1475
1124
901
966
635
300
649
723
464
1042
627
25
70
-630
-744
-993
-1801
-2067
-2301
-2453
-2225
-1987
-1875
-1649
-1401
-1051
-601
-293
-12
272
608
969
1242
1252
1039
969
612
218
44
-488
-914
-1020
-817
-618
-342
318
602
889
1532
1988
2197
2387
2362
2044
1931
1878
1644
1349
961
498
93
-369
-860
-1289
-1928
-2508
-2765
-2808
-2535
-2098
-1900
-1500
-783
-375
39
459
578
321
186
373
93
-86
-106
-325
-468
-528
-390
-542
-1036
-1397
-1436
-1357
-1355
-1168
-737
-267
151
957
1855
1998
1898
2113
1954
1427
1298
1158
626
286
467
608
517
640
828
662
494
748
500
137
361
169
-77
202
468
188
67
231
-333
-887
-1095
-1509
-2045
-2406
-2439
-2471
-2391
-1842
-1290
-1057
-675
-365
-388
-216
-39
-96
51
294
357
613
1049
1280
1360
1339
1256
1160
880
581
510
272
114
512
868
1149
1571
1696
1777
1991
1724
1418
1341
855
459
387
369
146
-18
62
-224
-215
-137
-608
-1060
-1361
-1556
-1741
-1723
-1579
-1510
-1422
-1145
-700
-533
-510
-451
-585
-755
-659
-508
-547
-581
-462
-331
-338
-239
-59
-247
-439
-264
-178
-117
226
524
698
926
1214
1464
1483
1344
1097
679
337
99
-126
-278
-497
-590
-401
-148
116
375
467
512
586
656
819
728
339
9
-114
-543
-919
-755
-1234
-1823
-1717
-1511
-1717
-1424
-961
-1332
-911
-521
-259
156
-47
96
34
-72
20
234
319
185
596
817
883
1221
1355
1149
1136
1178
975
1023
981
829
881
949
1059
1153
1098
1020
993
983
890
726
625
366
119
162
29
-187
-231
-467
-756
-798
-795
-988
-1294
-1387
-1444
-1566
-1323
-1047
-1085
-1038
-898
-724
-539
-581
-533
-437
-738
-766
-325
-373
-589
-314
-234
-370
-87
190
162
204
347
527
740
890
1045
1118
972
932
1045
899
675
663
501
280
404
489
365
420
541
549
584
670
706
581
468
451
310
71
-172
-510
-795
-989
-1269
-1417
-1490
-1627
-1631
-1468
-1297
-1089
-915
-860
-522
-460
-565
-350
-441
-659
-780
-611
-554
-661
-340
-103
-17
176
527
674
652
881
941
981
1225
1378
1579
1876
1999
2058
2183
2124
1913
1731
1406
942
567
239
-66
-312
-508
-615
-691
-731
-667
-600
-571
-564
-569
-503
-529
-618
-526
-573
-762
-653
-593
-739
-710
-711
-818
-824
-831
-833
-800
-821
-829
-669
-521
-520
-254
-27
-66
215
506
621
894
1172
1337
1413
1477
1479
1354
1160
912
590
262
-5
-249
-350
-401
-573
-538
-428
-461
-227
-4
0
146
202
187
188
12
-157
-427
-856
-1119
-1331
-1645
-1848
-1844
-1820
-1769
-1473
-1117
-910
-608
-226
11
110
236
290
96
41
37
-52
-29
-8
174
431
579
910
1159
1047
1250
1492
1344
1547
1699
1514
1622
1870
1892
1877
1952
1789
1523
1359
1134
795
355
-45
-405
-766
-1023
-1159
-1288
-1407
-1391
-1261
-1145
-1031
-797
-581
-474
-273
-41
53
143
211
122
-24
-214
-461
-717
-1015
-1315
-1528
-1634
-1653
-1607
-1429
-1152
-883
-512
-6
444
810
1214
1585
1781
1903
1988
1850
1543
1219
871
544
149
-308
-568
-761
-981
-880
-686
-760
-691
-384
-225
-68
190
257
171
146
162
130
-23
-231
-434
-677
-852
-913
-1057
-1270
-1409
-1444
-1333
-1194
-1082
-913
-759
-637
-353
-17
136
331
579
727
1002
1272
1340
1504
1556
1473
1692
1519
1227
1316
957
732
850
557
353
451
334
279
554
618
649
882
957
985
988
855
662
356
2
-316
-649
-1007
-1298
-1422
-1585
-1762
-1626
-1502
-1479
-1155
-829
-693
-403
-75
105
234
315
337
254
99
-2
-100
-311
-535
-589
-642
-770
-638
-439
-400
-135
237
465
752
956
1035
1123
1065
964
857
553
249
63
-149
-333
-417
-500
-598
-533
-406
-357
-161
26
34
186
339
256
240
233
58
-115
-213
-364
-678
-852
-872
-1035
-1080
-941
-900
-851
-613
-380
-263
-168
-51
64
36
45
199
155
63
263
391
363
550
735
697
718
847
819
707
689
638
488
406
425
312
236
267
206
297
445
515
664
779
780
806
838
694
542
384
55
-238
-460
-757
-1024
-1170
-1290
-1367
-1298
-1129
-974
-770
-478
-253
-38
217
339
403
467
409
358
310
123
-43
-179
-401
-530
-551
-611
-602
-468
-326
-144
124
355
521
668
768
801
748
626
489
271
41
-74
-204
-342
-344
-336
-314
-171
-43
48
162
231
277
323
306
242
155
37
-83
-197
-311
-433
-583
-704
-765
-823
-829
-751
-711
-646
-482
-371
-289
-149
-118
-140
-75
-94
-148
-99
-106
-124
19
146
243
457
622
688
825
917
873
864
821
656
557
483
329
273
265
144
133
221
157
146
256
212
160
221
200
164
164
106
76
51
-34
-90
-134
-222
-285
-284
-264
-245
-182
-83
-4
82
157
179
180
137
42
-37
-151
-303
-382
-451
-549
-530
-476
-479
-396
-275
-253
-185
-85
-86
-72
-21
-45
-59
-41
-75
-107
-113
-153
-185
-189
-211
-220
-188
-155
-108
-17
79
158
257
345
379
393
392
329
232
143
25
-116
-223
-313
-409
-456
-463
-466
-435
-364
-301
-233
-150
-82
-22
26
41
41
20
-24
-39
-52
-71
-41
0
35
126
228
310
417
504
552
599
614
590
556
494
411
339
263
192
145
95
70
66
52
79
99
77
114
128
82
120
111
42
64
39
-18
18
3
-32
2
-6
-23
-3
-12
-37
-52
-82
-116
-142
-178
-207
-214
-222
-219
-186
-155
-127
-80
-45
-40
-31
-40
-85
-134
-189
-271
-348
-403
-467
-504
-497
-489
-458
-386
-319
-243
-142
-54
18
89
139
173
203
222
231
232
224
223
211
193
183
148
103
68
11
-44
-75
-117
-144
-135
-123
-92
-32
28
86
144
192
215
219
206
166
111
59
7
-40
-61
-70
-58
-19
30
89
164
234
290
348
388
404
406
387
345
291
223
147
74
-2
-68
-129
-173
-189
-200
-185
-146
-123
-86
-48
-39
-18
-14
-40
-34
-46
-68
-59
-61
-65
-55
-54
-47
-49
-65
-73
-92
-117
-131
-146
-151
-140
-122
-93
-56
-24
3
25
29
19
4
-29
-71
-109
-156
-201
-223
-248
-260
-244
-230
-206
-159
-120
-75
-16
33
79
130
165
190
210
213
207
193
171
147
121
96
76
55
40
21
1
-16
-38
-60
-74
-84
-85
-67
-46
-12
33
68
102
131
136
127
107
66
15
-29
-73
-106
-113
-100
-69
-14
53
117
185
248
288
315
327
308
274
227
159
90
26
-43
-95
-133
-167
-184
-183
-179
-154
-120
-86
-44
-4
22
50
62
60
56
39
9
-15
-51
-86
-110
-132
-145
-142
-139
-127
-107
-91
-71
-51
-37
-25
-16
-15
-18
-28
-40
-58
-76
-94
-112
-126
-135
-139
-137
-128
-114
-95
-72
-46
-18
10
36
61
83
101
113
123
128
128
127
121
115
109
103
99
97
93
90
82
71
56
38
17
-3
-23
-40
-55
-62
-63
-54
-34
-11
15
38
56
65
66
52
29
0
-34
-66
-91
-109
-112
-102
-77
-37
11
64
117
164
202
225
232
223
197
158
109
54
0
-51
-92
-122
-138
-140
-130
-109
-81
-49
-18
11
33
47
51
45
32
12
-9
-32
-52
-69
-83
-90
-91
-87
-76
-63
-42
-22
1
22
38
47
46
39
24
4
-23
-53
-84
-114
-137
-154
-160
-161
-151
-133
-110
-81
-50
-21
5
26
45
58
69
75
76
73
68
58
49
39
29
22
19
20
26
35
48
60
73
84
90
93
91
85
75
62
48
34
20
8
-2
-12
-20
-30
-41
-52
-64
-76
-87
-94
-97
-96
-87
-73
-53
-34
-9
17
43
68
88
100
103
101
92
78
59
38
18
0
-15
-25
-32
-34
-31
-24
-13
-1
12
24
36
45
52
58
61
61
59
55
47
36
26
15
2
-9
-18
-25
-28
-27
-23
-17
-7
0
7
12
15
12
7
-3
-13
-23
-33
-44
-55
-67
-77
-83
-87
-92
-93
-92
-87
-81
-70
-56
-40
-23
-4
12
22
30
34
32
27
20
13
7
3
2
5
9
17
25
33
39
43
43
40
35
28
22
17
12
11
13
12
12
12
9
7
4
4
2
4
2
3
2
1
-1
-4
-8
-17
-23
-29
-34
-34
-32
-25
-16
-7
2
9
15
18
20
22
22
24
26
31
37
45
49
53
56
55
51
41
27
13
-1
-9
-15
-19
-21
-17
-13
-5
0
6
15
24
33
38
41
39
34
26
14
-3
-22
-43
-66
-83
-96
-105
-106
-103
-91
-75
-59
-44
-33
-26
-19
-16
-13
-10
-8
-5
1
5
10
12
10
3
-7
-20
-35
-46
-58
-62
-62
-53
-40
-24
-5
13
30
44
54
62
67
68
67
64
62
61
58
54
46
37
27
18
12
8
8
11
18
27
37
45
47
47
40
27
12
-8
-26
-41
-50
-54
-49
-38
-20
2
22
41
57
64
66
62
54
43
32
23
16
12
11
12
12
14
13
12
9
3
-1
-6
-10
-11
-12
-9
-6
-3
0
0
-1
-8
-17
-28
-39
-50
-60
-67
-73
-75
-77
-77
-77
-76
-74
-71
-66
-63
-60
-57
-50
-40
-28
-14
-4
7
16
23
26
25
18
9
-1
-10
-20
-29
-36
-40
-41
-37
-30
-20
-6
9
25
43
59
75
85
91
94
93
84
74
61
48
34
21
10
0
-6
-8
-7
0
14
31
51
71
87
94
94
82
61
29
-6
-46
-84
-118
-139
-141
-123
-87
-40
13
59
97
119
126
119
98
69
38
9
-15
-33
-41
-42
-39
-34
-28
-22
-18
-12
-8
-2
5
12
17
20
19
12
3
-12
-32
-52
-67
-77
-78
-69
-54
-34
-14
1
10
10
0
-16
-40
-65
-90
-109
-121
-121
-111
-93
-66
-36
-7
21
45
64
73
78
75
67
57
41
22
1
-18
-33
-44
-49
-47
-37
-21
0
23
47
69
86
97
102
100
92
79
64
48
32
17
4
-7
-15
-21
-25
-26
-25
-21
-17
-10
-3
4
8
11
10
7
0
-6
-14
-20
-24
-26
-24
-19
-13
-4
5
14
22
29
34
38
39
38
36
33
29
25
22
20
16
16
14
14
13
13
12
11
11
8
4
-1
-6
-13
-21
-27
-34
-39
-44
-47
-49
-51
-51
-50
-48
-47
-44
-41
-38
-34
-34
-32
-33
-33
-35
-37
-38
-38
-36
-29
-23
-13
-3
8
15
22
27
30
32
32
31
26
22
16
13
12
10
9
9
10
13
17
21
27
33
38
43
47
49
49
47
42
36
29
21
13
8
1
-3
-5
-7
-8
-8
-9
-11
-12
-12
-12
-11
-10
-7
-5
-4
-3
-4
-5
-5
-8
-9
-8
-9
-8
-6
-3
0
5
10
13
17
18
18
17
15
12
10
7
4
2
1
0
0
-2
-2
-4
-8
-9
-11
-13
-14
-15
-16
-17
-20
-23
-26
-28
-30
-32
-32
-30
-30
-27
-24
-19
-15
-11
-8
-8
-8
-9
-12
-14
-15
-14
-12
-9
-5
0
6
11
18
24
28
31
33
33
31
29
26
24
21
19
17
14
11
10
10
8
8
8
9
10
12
12
12
12
12
10
7
5
2
-1
-2
-5
-7
-7
-8
-9
-10
-9
-10
-10
-10
-10
-9
-8
-6
-3
1
4
6
10
10
12
11
10
7
4
1
-1
-3
-5
-5
-4
-2
0
3
5
6
7
7
6
4
2
0
-2
-4
-7
-9
-11
-13
-14
-13
-13
-10
-10
-8
-6
-6
-6
-6
-7
-9
-9
-12
-12
-13
-12
-11
-9
-6
-4
-1
1
4
5
6
6
6
4
2
2
0
-1
1
1
3
4
6
7
8
9
10
11
11
10
11
10
9
9
6
5
3
1
1
-2
-5
-6
-6
-6
-6
-6
-4
-3
-3
-2
-3
-4
-4
-6
-8
-9
-12
-11
-10
-9
-6
-3
0
3
5
6
6
6
6
6
5
4
5
5
5
5
5
5
5
5
6
7
6
6
8
10
11
12
12
11
10
8
5
2
0
-3
-4
-5
-6
-7
-7
-7
-7
-9
-9
-10
-11
-13
-14
-14
-15
-14
-13
-11
-9
-7
-5
-2
-1
0
0
0
0
0
0
1
0
1
2
5
6
7
8
9
9
11
10
8
6
3
2
0
-1
-1
0
-1
0
0
1
0
0
0
0
0
-1
-1
-1
-2
-2
-3
-3
-3
-2
-2
-2
-3
-3
-2
-1
0
0
0
-1
0
-1
-2
-3
-4
-5
-5
-5
-5
-2
-1
3
5
8
11
12
12
11
11
7
7
6
3
3
3
3
3
4
5
6
5
6
5
3
0
0
-3
-3
-4
-4
-5
-5
-6
-5
-6
-6
-6
-7
-7
-9
-7
-7
-6
-5
-4
-3
-3
-2
-3
-2
-1
-1
-2
-2
-2
0
-1
0
1
2
2
1
2
1
1
0
-1
-1
-1
-2
-2
-1
-2
-1
-2
-1
1
-1
2
1
1
1
0
-1
0
-1
-1
-2
-2
-3
-1
-1
0
-1
1
1
1
2
3
2
2
1
1
1
1
2
2
3
3
3
4
4
4
5
6
6
6
6
7
6
4
3
2
1
0
0
0
0
0
3
3
3
4
4
3
3
1
1
-2
-3
-5
-5
-5
-4
-4
-3
-1
0
1
0
-2
-2
-3
-4
-5
-6
-6
-7
-7
-5
-4
-4
-1
-1
0
0
0
-1
-1
-1
-2
-2
-3
-4
-5
-7
-6
-6
-6
-5
-4
-1
-2
1
2
3
4
4
4
3
3
2
3
1
2
2
2
3
3
3
4
5
4
5
5
4
5
4
3
2
1
1
0
0
1
0
0
-1
1
0
1
0
0
2
2
1
2
-1
0
0
0
-1
1
0
0
0
2
0
2
3
3
2
2
1
0
0
0
-1
-1
-3
-3
-4
-5
-6
-6
-5
-5
-4
-3
-3
-2
-3
-2
-2
-3
-1
-2
-3
-3
-2
-2
-2
-1
-1
-1
0
0
0
0
0
-1
0
-1
-1
-1
-2
-2
-2
-2
-1
0
1
0
