SAMPLES:	14316
BITSPERSAMPLE:	16
CHANNELS:	1
SAMPLERATE:	16000
NORMALIZED:	FALSE
-1
-1
-1
-2
-1
-1
-2
-2
-2
-2
-2
-2
-1
0
-1
0
0
1
2
1
3
3
3
3
2
1
0
-1
0
-1
0
0
0
-1
0
0
-1
-1
-1
-2
-2
-1
-1
-1
-1
0
0
1
1
1
1
0
1
1
0
0
0
0
0
0
0
0
0
0
0
1
0
0
0
0
0
1
1
0
0
0
0
0
-1
0
0
0
0
0
0
1
0
0
1
0
0
0
1
0
0
0
-1
0
0
-1
-1
-1
-1
-1
-1
-1
0
0
0
1
0
1
1
-1
0
0
0
1
1
1
2
2
2
2
1
2
1
0
1
0
0
0
1
0
0
0
-1
0
0
0
0
1
-1
0
0
0
1
1
0
1
-1
0
-1
-2
2
-4
2
-4
1
-1
0
0
0
-1
0
1
0
0
0
0
0
0
1
-1
0
1
0
0
0
0
-1
0
-1
-1
0
0
0
0
1
0
0
0
0
0
0
0
0
1
1
0
1
-1
0
0
0
0
0
0
-1
-1
-1
-1
-1
-1
-1
-2
-2
-2
-2
-2
-1
-1
0
0
0
0
0
0
0
0
-1
1
0
1
1
1
2
1
1
1
0
0
1
-1
0
0
0
0
0
1
0
0
-1
0
0
0
0
1
0
0
1
0
-1
1
0
-1
0
-1
0
2
0
3
2
0
3
-2
4
-2
4
0
1
1
0
1
0
-1
-1
0
0
0
-1
0
1
0
0
0
-1
0
0
0
0
-1
0
0
0
0
-1
-1
-1
-2
-2
-3
-3
-3
-3
-3
-3
-2
-1
-1
0
0
0
1
1
1
2
1
-1
0
0
0
0
0
0
0
0
0
0
0
0
-1
-1
-1
-1
-1
-1
-1
-2
-1
-1
0
0
0
0
0
0
0
0
0
0
0
1
0
1
1
1
0
0
0
2
1
2
1
2
2
1
2
2
1
3
3
1
1
0
0
0
0
0
1
0
0
0
1
0
0
0
0
-1
-2
-1
-1
-1
-1
0
0
0
0
0
0
-1
-2
-2
-1
-1
0
0
-1
1
1
1
1
1
0
0
0
0
1
0
1
0
-1
-1
-1
-1
-1
0
-1
0
1
-1
0
0
0
0
0
1
1
0
2
2
1
0
1
-1
0
0
0
0
0
-1
0
0
0
0
0
0
-1
0
0
0
0
0
0
0
0
-1
-1
0
0
0
0
0
1
0
-1
-1
-1
-1
-2
0
0
0
0
0
0
0
0
0
1
-1
1
-1
0
1
-1
2
0
0
1
-2
0
0
-1
3
-4
3
-4
2
-1
0
-1
0
0
0
0
1
0
0
0
0
0
0
1
0
1
0
0
0
0
0
0
2
1
1
0
1
1
0
0
0
0
0
-1
-1
-1
-2
0
-1
-1
0
0
0
0
0
1
1
1
0
1
1
1
0
0
1
0
1
0
-1
0
0
0
0
0
0
-1
-1
-1
-1
-2
-1
-2
0
-1
-1
0
0
0
0
1
0
0
0
-1
0
0
0
0
0
1
-1
0
0
0
0
0
0
0
0
0
1
1
-1
0
0
0
1
-1
0
0
-2
1
0
-2
2
-3
4
-2
3
0
0
0
1
1
1
0
1
0
0
-1
-1
0
0
-1
1
-1
0
0
0
-1
1
0
0
0
1
-1
0
0
0
0
0
0
0
0
0
0
-1
-2
-1
-1
-1
-1
-1
-1
0
0
0
0
1
-1
0
0
-1
1
0
0
1
1
1
1
1
1
1
0
0
0
0
0
-1
0
0
0
0
0
0
0
-1
0
1
1
0
1
0
-1
-1
0
0
0
0
0
1
1
-1
0
-1
0
0
-1
-1
-1
-1
0
-2
1
-1
-1
0
-1
-2
1
-2
0
0
-2
2
-4
3
-3
3
1
1
1
1
1
0
-1
0
-1
2
1
3
1
2
2
1
0
1
0
0
0
0
-2
-2
-1
-2
-2
-2
-3
-2
-1
0
-1
-1
0
0
0
0
-1
0
0
0
-1
1
1
2
2
1
2
2
2
1
1
1
1
1
1
0
3
2
2
3
1
1
0
0
1
-1
0
0
-1
-1
-3
-1
-2
-2
-3
-2
-2
-1
-1
-1
-1
0
-1
1
0
0
1
0
0
0
0
0
0
0
0
-1
0
1
1
1
1
0
0
0
0
1
-1
1
2
1
2
0
-2
2
-5
2
-3
2
-1
-1
0
0
1
0
1
0
0
1
0
0
1
0
0
0
0
0
0
0
0
0
1
1
0
2
1
0
0
0
0
0
0
0
0
0
-1
0
-2
-1
-1
-1
0
0
-1
0
0
0
1
0
0
0
0
0
0
0
0
0
-1
1
2
-1
-1
0
0
0
-1
-1
0
0
0
-1
0
0
0
-1
0
0
0
0
0
0
0
0
-1
0
0
0
0
-1
0
-1
0
0
0
0
0
-1
0
0
-1
0
1
-1
1
0
0
1
0
0
0
0
1
1
0
3
-3
4
-3
2
-1
1
1
-1
0
0
0
0
0
0
0
2
1
2
0
0
-1
0
0
0
-1
-1
0
0
-1
-1
-1
-1
-1
-1
-1
-1
-2
-2
-1
-1
-1
-1
-1
0
0
0
1
2
2
2
1
0
1
1
1
1
0
0
1
-1
-1
0
0
0
0
0
1
0
-1
0
0
0
0
0
0
0
0
-1
0
0
1
1
2
0
0
0
0
0
-1
1
1
-1
-1
-1
-1
0
-1
0
0
0
0
0
0
0
0
-1
1
-1
1
0
0
1
0
0
1
1
2
1
0
3
-2
4
-2
3
0
1
2
0
-1
0
0
0
0
-1
0
0
-1
0
0
0
-1
0
0
-1
0
0
0
-1
1
0
0
0
0
0
0
0
0
0
0
0
0
0
-1
0
-1
0
-1
-1
-1
-1
0
0
0
0
1
0
0
0
1
1
1
1
1
1
1
1
2
1
1
1
1
1
0
0
0
-1
-2
-1
-1
0
-1
-1
-1
-1
-1
-1
0
1
0
0
0
0
0
0
-1
0
1
0
0
0
1
0
0
0
0
-1
1
-1
1
0
-1
1
-1
0
2
-1
0
0
0
2
-3
3
-2
3
1
2
1
2
2
2
2
3
1
1
1
1
-1
0
-1
-1
-3
-2
-3
-3
-3
-3
-3
-3
-3
-2
-1
-1
-1
-1
-1
0
1
1
2
3
2
4
2
4
4
4
4
4
3
3
2
0
0
-1
-2
-1
-1
0
0
1
2
3
3
3
2
-1
-3
-6
-6
-5
-4
-2
0
2
2
4
5
4
2
-1
-3
-5
-6
-7
-8
-10
-10
-8
-4
0
3
5
8
11
14
16
18
16
11
6
2
-1
-4
-6
-5
-3
1
4
5
3
4
8
9
2
-7
-10
-8
-7
-10
-15
-14
-12
-11
-9
-4
0
0
0
1
1
0
-3
-5
-8
-10
-8
-3
5
13
23
28
29
27
22
9
-9
-31
-61
-93
-116
-129
-125
-99
-62
-19
31
65
87
98
80
52
30
-11
-61
-63
-10
15
45
111
127
203
424
673
1045
1462
1582
1310
782
224
-423
-1253
-1855
-2242
-2665
-2772
-2620
-2369
-1659
-818
-345
28
392
633
876
993
746
183
-557
-1397
-2264
-2887
-2871
-2263
-1546
-1154
-1171
-1036
-156
1336
3207
5104
6206
6482
6485
5858
4502
3117
1563
-347
-1994
-3430
-4769
-5185
-4575
-3665
-2662
-1702
-976
-33
1279
2460
3606
4639
4814
4267
3231
1506
-71
-1143
-2456
-3975
-5432
-6496
-6492
-5712
-4792
-3782
-2645
-1107
955
3016
4545
5284
5292
4750
3660
2138
485
-1090
-2486
-3687
-4652
-5105
-4609
-3229
-1757
-938
-876
-910
282
3266
6789
9307
10141
8905
6064
3241
1073
-1041
-2817
-3877
-5036
-6221
-6175
-4935
-3223
-993
1152
2205
2817
4042
5512
6604
7092
6496
4653
2011
-1086
-4015
-5845
-6295
-5748
-4913
-4379
-3685
-2153
-613
-427
-1429
-2570
-3307
-3065
-1680
-300
267
-86
-1784
-4570
-6458
-4685
685
6247
10240
11894
10007
7362
6419
4644
1851
296
-1405
-4188
-5751
-5555
-4768
-2753
-428
-916
-2868
-3142
-2064
331
3677
5855
6331
5821
5192
4111
1916
417
-359
-1774
-3272
-5222
-6394
-5541
-4917
-4419
-4094
-4486
-2069
2261
4742
6312
6828
6069
5506
3932
1090
-1159
-2617
-4106
-5522
-6335
-6895
-6449
-4501
-3802
-4487
-4092
-3200
-1532
1603
3837
4851
6087
6522
5487
4468
4042
2941
904
-1308
-4017
-5712
-3594
143
1914
2657
2887
2326
3276
4809
4252
3780
4613
4673
4032
3516
2873
2198
1414
-251
-3194
-5731
-6118
-5155
-3530
-1403
-49
339
600
459
-336
-1194
-1957
-3308
-5800
-8947
-10834
-9746
-7084
-5799
-6988
-9989
-11173
-5270
5895
15107
20646
22699
19698
15466
12953
8553
3370
512
-3747
-9808
-13392
-15065
-14824
-10811
-7048
-6336
-5255
-2407
1537
6896
12270
15736
17002
15824
11817
6826
3286
404
-2672
-6557
-12239
-15729
-15274
-14369
-11721
-8221
-7227
-4175
2270
7882
12484
15191
14879
13039
9783
5723
2176
-886
-3729
-6909
-9847
-11812
-13496
-13429
-11211
-10334
-9914
-7076
-3800
514
7171
12013
14522
16472
15323
11492
7839
4175
131
-3716
-7198
-10632
-12661
-11213
-8457
-6570
-4723
-3455
-985
5899
13810
18069
19269
18093
13979
9866
7123
2128
-2638
-2628
-2787
-4986
-5372
-5927
-6817
-5222
-3916
-4654
-4643
-1841
2734
6359
8495
9295
7823
4302
-1239
-8156
-14181
-18264
-19868
-18700
-15561
-11484
-8298
-7376
-8841
-10389
-5178
8332
20722
26738
28216
23926
16907
13848
10533
2768
-3238
-7344
-14013
-18193
-17084
-15500
-12206
-6066
-3708
-4659
-1935
3497
8882
15284
19524
18556
16340
13635
7671
1730
-2655
-6886
-9474
-13210
-17635
-17490
-15550
-11863
-6389
-5260
-2955
3763
8455
13927
18324
16106
13450
11672
7199
1759
-3230
-6857
-9949
-12727
-13486
-14689
-15391
-12002
-9068
-7910
-3740
1195
4922
10413
14737
15183
15315
14317
9658
4633
726
-3677
-7279
-9108
-11209
-13353
-12881
-10915
-8949
-4505
1482
5661
9400
12321
11703
10934
12256
11449
8139
5220
1929
-1730
-3483
-3339
-2768
-2072
-1422
-1992
-3262
-2764
-991
276
1772
2692
1894
2158
3649
3142
1480
-418
-4366
-8940
-12141
-14638
-16171
-15804
-13432
-9845
-6819
-5051
-3872
-3694
-3428
2663
14189
21230
22636
22994
18799
12898
11058
5829
-2771
-5658
-8408
-14180
-14514
-13166
-13947
-8775
-1779
-765
318
3529
5747
9223
13671
14700
12750
11476
8169
2470
-829
-5702
-9425
-7833
-12759
-17514
-12477
-11949
-10978
-3222
-1982
-559
6678
11262
15023
15887
12314
10084
7084
2062
-2985
-7147
-9135
-11516
-13390
-12914
-13639
-12538
-7474
-5136
-4280
-3
3732
6628
12178
14750
12422
12072
10582
3986
-28
-937
-3910
-5862
-6510
-9265
-11364
-9996
-7434
-5863
-2159
5682
11700
13724
14782
12390
8575
9545
10437
6750
3375
1235
-1613
-2781
-2267
-2779
-3450
-3112
-3277
-3808
-2455
666
3126
4236
4515
3435
2071
2178
1879
-299
-3284
-7352
-11694
-14664
-17173
-18222
-16032
-12355
-8629
-6242
-6614
-7225
-5095
2125
14076
22555
23992
23886
21309
15615
13317
10652
2061
-4186
-7414
-14994
-19130
-15688
-14514
-12230
-4436
-1750
-2412
2611
7874
10530
14408
16339
13875
11706
9824
3674
-767
-897
-6790
-13428
-13228
-15732
-18403
-13976
-9641
-7529
-5587
-1983
5823
12070
15292
18595
17254
12250
9132
5782
581
-4103
-7622
-11315
-14538
-15793
-16346
-15001
-10012
-6113
-4636
-1156
2916
5763
10820
15581
14700
12347
11635
7755
2626
1634
479
-3361
-5731
-8839
-14557
-15148
-8358
-1504
2856
5680
5698
5426
7931
9578
8059
6938
7081
5945
3532
1039
-855
-689
1390
2109
-127
-2425
-2149
-408
1061
1669
691
-1620
-3207
-2666
-962
674
1872
1822
561
-2016
-6664
-10872
-13167
-15487
-16886
-16294
-13777
-8407
-3614
-3859
-8328
-10106
-754
14075
22102
24940
24809
19574
15554
14138
8108
418
-2384
-5774
-12988
-15921
-14739
-13824
-7804
-1087
-2616
-4411
-971
3405
8240
13435
16429
14989
12385
10978
4723
-1890
-1519
-4102
-11320
-14491
-16020
-17018
-14377
-9867
-6623
-6247
-3609
5332
13132
15720
17050
16455
12777
9423
5740
-430
-5235
-8241
-12819
-15552
-15774
-16693
-13622
-7538
-6267
-4782
444
2499
5578
12913
14089
11486
13151
11397
5778
5318
5217
680
-2772
-6368
-13207
-15172
-7884
-785
867
1688
1714
308
2684
6609
6433
6620
8416
6633
4474
5270
5825
6183
6315
3520
-1174
-4385
-4117
-2370
-2351
-2693
-2647
-3760
-4206
-2880
-1384
444
2674
3800
2849
111
-2973
-6408
-11262
-15798
-18621
-19495
-15744
-8735
-4275
-4165
-8158
-10583
-1325
13791
21388
23926
24307
19029
15178
15686
10750
3729
1676
-4979
-14920
-16626
-16519
-16542
-8772
-1628
-2618
-4256
-639
5234
8554
12450
16451
15039
12575
8954
3538
1835
-2700
-7752
-7495
-14270
-20696
-15401
-12622
-12071
-7123
-5528
-3558
4583
12366
15929
16555
15416
13001
10168
6396
142
-5121
-7734
-11687
-14825
-14830
-15872
-14664
-8245
-5468
-6152
-2551
1008
3468
9645
13283
12752
14591
14573
10182
7468
4912
589
-1717
-3610
-7072
-8880
-7773
-5747
-4821
-4309
-2932
-1245
2396
7574
9588
9602
10992
11225
9370
7667
5356
1893
-156
-551
-1952
-3984
-4654
-4523
-4413
-4452
-4806
-4495
-2787
-277
2265
4160
5157
5241
3986
604
-4949
-11108
-16429
-19451
-18706
-15592
-11685
-7972
-7611
-10813
-13373
-9013
5263
19605
25285
26634
24164
18188
16468
15211
7630
1044
-2795
-10378
-16580
-15983
-14825
-13336
-7093
-3600
-6712
-5832
1285
7119
12722
18420
18550
15800
13482
8407
2984
-82
-3548
-7673
-12285
-16536
-17660
-16508
-13671
-9652
-8280
-7420
-1232
8115
15170
18441
18437
16333
13423
9944
4949
-1621
-7235
-11629
-15986
-17461
-16971
-16374
-11506
-6749
-6920
-4945
-1538
500
6948
14356
16603
16260
14716
11594
7628
4794
3191
-1451
-8025
-11785
-13082
-11104
-5363
-984
-474
-697
610
2968
5967
9114
10702
10730
10497
9169
6284
3880
2712
1028
-1663
-3966
-5464
-5932
-4154
-1101
607
943
1038
517
-115
888
3061
4335
4079
2720
642
-1477
-3495
-6540
-10926
-14991
-17602
-18646
-17206
-14042
-11477
-7867
-2385
-1013
-4722
-3603
5991
15807
22190
26104
23917
18055
15030
11395
4681
-401
-3744
-8643
-13035
-13569
-13934
-13315
-6015
-1175
-3124
-1988
902
5605
12969
14312
14436
14766
9109
5971
3106
-4400
-6921
-8154
-12479
-14999
-17267
-16890
-11928
-6536
-2809
-2682
-1191
6307
13421
17339
18383
14869
10049
6142
1587
-3192
-7329
-10971
-13546
-14522
-14980
-14425
-10606
-5959
-3991
-2870
-1173
908
5121
10147
12148
12215
12368
10790
8030
6368
3584
-1216
-4538
-6440
-8360
-7767
-5066
-3792
-2730
-291
991
1186
2879
4726
5602
7839
10369
10549
9662
7619
4154
2150
845
-1679
-3422
-4048
-4386
-3660
-2148
-711
29
-138
-771
-1230
-199
2352
4658
5684
5149
3057
-1092
-6687
-11440
-15825
-19330
-19159
-17199
-14447
-9726
-6239
-5730
-7605
-8741
-1458
11872
21082
25510
26287
22138
17723
15265
10219
3687
-867
-7473
-14347
-15453
-16330
-15826
-7858
-3489
-4760
-2051
-67
1861
9407
14717
15064
14409
12511
9824
5536
273
-2973
-5886
-10385
-14748
-16545
-15632
-13827
-10741
-7406
-6483
-4571
1568
8842
14258
16811
16261
14088
11083
6321
1032
-2709
-6526
-10817
-13222
-15113
-16572
-13983
-9664
-7381
-5364
-3693
-2266
2783
9440
12827
14418
15238
13651
11236
8934
5629
2123
-1723
-6182
-8539
-8541
-8004
-6361
-4176
-1993
1345
3903
4629
5973
7445
8171
9554
10186
8267
5677
4219
3155
1586
-97
-1586
-2720
-3012
-3091
-3512
-3554
-3213
-2978
-2829
-2482
-1232
895
2756
3483
3083
1472
-1917
-6224
-10725
-15612
-17973
-16209
-13088
-9885
-7828
-8430
-10169
-9587
-1818
10716
19136
23346
24429
20391
17076
15886
11127
5237
702
-6038
-13483
-16337
-15388
-14062
-10343
-4748
-3278
-4198
-1584
3739
8841
12328
13946
14183
12821
10643
7838
3294
-1703
-5924
-10036
-13737
-16334
-17172
-15514
-12471
-10001
-8266
-5329
795
9155
15706
17555
16080
13841
11158
7835
3972
-978
-6422
-10738
-14209
-17451
-18449
-15735
-11368
-7842
-5539
-3740
-1157
3326
8779
12852
14423
14151
13037
11390
9114
6531
3942
469
-4671
-9664
-11195
-8358
-3804
-709
174
267
1105
3045
5326
6867
7369
7630
8238
8508
7658
6284
5341
4215
1478
-2472
-5300
-5681
-4764
-4250
-4624
-5310
-5359
-4198
-2180
-98
1486
2436
2958
2551
19
-4227
-8342
-11937
-15174
-16599
-15316
-12136
-8634
-7757
-10103
-9557
-1416
9728
18051
22669
22850
19541
17570
17052
13442
7641
2683
-3220
-10371
-14751
-15282
-13860
-10580
-6607
-5000
-5053
-3373
1215
7282
11671
12938
12991
12292
9760
6648
3924
744
-3535
-8617
-12762
-14979
-16073
-15170
-12106
-10534
-9784
-5159
2359
9166
14442
16574
14910
13444
11933
7297
2459
-1288
-6231
-11279
-13538
-14513
-15877
-13991
-10533
-9353
-7445
-4768
-1852
3555
8949
11708
12680
12066
10660
9918
8689
6909
5197
1537
-3935
-8877
-10609
-7991
-4031
-823
1306
1000
456
3242
7196
9228
10019
9943
8477
7033
6554
5787
4543
2833
-297
-3425
-4817
-5064
-3906
-1595
-989
-2519
-3442
-3345
-2975
-1240
604
255
-45
567
-373
-1831
-2891
-6180
-11426
-15995
-18735
-17280
-10650
-3101
-363
-2533
-5270
-5311
-396
8971
17581
19931
18920
17523
15341
13813
10653
6695
2350
-4484
-10984
-13808
-13814
-11461
-5979
-3873
-4706
-4225
-3036
1415
6445
9962
12514
12491
10519
7649
4557
1914
-719
-4158
-8388
-12957
-15236
-13428
-10116
-8354
-8147
-6964
-3665
1574
7852
12218
13287
12442
10905
8946
5947
2454
-784
-5168
-9581
-12387
-14430
-13788
-10476
-8109
-6345
-4780
-3985
-1496
2975
7208
10020
10793
9847
7773
6032
5833
5478
4064
1600
-3358
-8807
-9408
-4723
44
2252
2784
1262
-5
1858
3816
5157
7423
7651
6409
6276
5563
4725
5070
4641
2055
-1666
-3605
-2717
-850
1089
1678
-177
-2181
-2835
-2993
-2624
-1114
832
2025
2426
1867
-115
-3033
-7076
-12661
-18280
-21500
-20378
-15557
-10288
-6262
-5422
-10436
-13893
-5879
7813
19090
27323
28197
23260
20807
18776
14074
9805
5279
-1865
-10245
-15577
-16681
-16120
-12433
-7063
-6569
-8685
-7116
-1568
5747
12150
15688
15895
14017
11945
9133
5742
2416
-2435
-8022
-12967
-16959
-17920
-16388
-14227
-11880
-11040
-9551
-2942
6368
13464
17293
18075
16061
13151
10273
5778
682
-3497
-8744
-13237
-14635
-15585
-14508
-10206
-7906
-7647
-6196
-4417
-1051
5005
9608
11390
13231
13931
11482
9394
8780
5887
1694
-1181
-4599
-7634
-7562
-6901
-6924
-5316
-3655
-3271
-1027
2436
4273
6575
9825
11415
11999
11865
9935
7580
5503
3212
617
-2451
-4472
-4708
-4420
-3646
-3239
-3933
-3792
-2488
-855
1506
3667
4971
6130
6245
4363
1176
-3082
-8221
-12863
-16431
-19039
-19638
-17872
-14544
-10283
-7187
-7778
-10144
-6929
5179
17287
22714
25680
25308
19710
16684
15835
9750
2661
-1425
-6840
-12925
-15985
-16232
-14045
-10571
-8701
-8596
-7143
-2036
4955
10893
14909
15779
14402
13655
11807
7801
4137
-25
-5290
-10037
-14145
-16361
-16081
-14976
-13115
-11049
-9541
-5454
3066
11560
16083
17567
16342
12933
10106
6879
2129
-1782
-6047
-11146
-13686
-14397
-14216
-11298
-8312
-8273
-8607
-6847
-3028
2884
9031
12040
12590
13173
12500
10335
8958
6916
2246
-2993
-7243
-10148
-10067
-7499
-5499
-4545
-3635
-3217
-1836
2187
6401
9177
11481
12427
11202
9420
8733
8167
5672
2271
-888
-4281
-5364
-3697
-2946
-2547
-1553
-2044
-2778
-1717
133
1964
3961
5229
5200
5516
5181
2442
-747
-5538
-12040
-16247
-19022
-19931
-17958
-16381
-13453
-9717
-9580
-11226
-10769
-2121
11949
20258
25612
27620
21608
19266
19814
12950
6420
2381
-4996
-11780
-15097
-16304
-15578
-12355
-8141
-7009
-7277
-4286
1202
7442
12876
15414
15506
14454
12619
9665
5775
1751
-2629
-7630
-12832
-16667
-17388
-16381
-14621
-11960
-10617
-8417
-1248
7258
13182
16463
16208
13615
11201
8900
5606
1181
-3637
-8629
-12476
-13589
-13739
-13195
-10583
-8775
-8839
-7794
-5046
-548
5722
10564
12057
12354
12249
10641
9312
8825
5710
831
-2200
-4428
-6312
-6577
-6748
-6682
-4946
-3396
-2215
574
3600
5934
9026
11356
10980
9790
9162
8469
7554
5781
2827
-127
-2382
-3881
-4336
-4004
-3651
-3976
-4800
-4576
-2608
-51
2461
4853
6067
5775
4812
2940
-489
-4930
-9369
-13294
-16074
-16975
-16917
-15893
-12219
-8690
-9098
-10486
-6881
3418
14576
21342
24790
23576
18952
17649
16024
9515
3817
-1278
-8317
-12772
-14501
-15892
-14450
-10310
-7706
-7579
-6564
-2231
3794
8923
12547
14186
13752
12778
11328
8089
4008
57
-4827
-10222
-13943
-15440
-15394
-13858
-11608
-10454
-9468
-5121
2735
10176
14431
15282
13950
12350
10817
8092
3942
-559
-4779
-8765
-11980
-14073
-14680
-12673
-10011
-9173
-8239
-6548
-3736
2670
9183
11565
12340
12422
10852
9473
8536
6894
4242
223
-4126
-7698
-9838
-8998
-6826
-5807
-4288
-2491
-1049
3017
7967
10129
11358
12116
11103
9887
9068
7782
5991
3480
419
-2314
-4227
-5235
-5521
-5285
-4926
-4929
-4517
-3166
-1429
1344
4281
5532
6143
5555
2951
173
-4015
-9663
-13949
-17557
-19777
-18688
-15711
-12465
-11144
-11999
-11232
-5265
6767
19106
25079
25662
23253
20214
18487
14890
8788
2842
-3486
-9488
-13422
-15526
-15571
-13462
-10088
-7470
-6694
-4821
294
6423
11121
13748
14484
13635
11815
9521
6357
2563
-1449
-6166
-10949
-14549
-15957
-15011
-13411
-12171
-11701
-10648
-5097
3219
9677
13918
14967
13862
13365
11411
7461
2997
-2190
-7180
-11531
-14251
-15042
-14976
-12122
-9044
-8908
-7094
-3931
-1102
4667
9451
10349
11918
13417
12271
10640
9673
7983
5074
1828
-1808
-5186
-6326
-6488
-7048
-6129
-4583
-3853
-1374
2589
5074
7186
9663
10811
10839
9972
8571
8005
7143
4650
1203
-2757
-6206
-8104
-9089
-9632
-9531
-8825
-7329
-4678
-1289
1771
3945
4830
3502
476
-2599
-5880
-8989
-10035
-10219
-10876
-10679
-11223
-13754
-13514
-6233
5336
14613
19365
20898
19589
18396
17996
14215
9063
5069
-1020
-7099
-9956
-12029
-12720
-10189
-8099
-9144
-9608
-6171
-796
4576
8991
10703
10808
11023
10523
8849
6143
3161
543
-3210
-7809
-10607
-11526
-11861
-11745
-11857
-12844
-11716
-5266
3111
8679
11319
11488
10612
10981
10716
8230
5098
782
-5108
-9682
-11848
-13187
-12999
-10836
-9829
-9849
-8035
-4844
71
5819
8546
9730
11343
11578
11572
11866
10901
8934
5467
1014
-2191
-4087
-5005
-5241
-5708
-6068
-5723
-4181
-1167
2128
4787
6785
7866
8659
9737
10280
10311
9945
7916
4508
822
-3284
-6689
-8314
-9392
-10330
-10267
-9212
-7050
-3359
557
2929
3695
2338
-1149
-3856
-5608
-8765
-10958
-9655
-8319
-10166
-12852
-14288
-14064
-6787
8183
19164
21495
21156
20305
19719
18646
14192
9207
4809
-1933
-7937
-10765
-12417
-11428
-7741
-6230
-8043
-9472
-7599
-2124
4338
8790
11025
11625
10676
8912
7013
4954
2465
-748
-4808
-9201
-12317
-13046
-12034
-10976
-11528
-12699
-10682
-3686
5022
10591
12223
12008
10973
9792
8127
5239
2132
-1840
-6953
-10258
-12019
-13383
-12307
-10655
-11177
-11177
-9197
-6110
-552
6300
10014
11281
13240
13925
12605
12585
12371
8834
4374
645
-3147
-5036
-4459
-4622
-5823
-6005
-5656
-4078
159
3909
5807
8527
10860
11240
11492
11366
10233
8795
6504
2910
-1619
-5409
-7382
-9031
-10184
-10149
-9861
-8539
-5519
-1523
2242
4526
5062
2774
-1160
-4519
-8444
-10913
-11527
-12938
-11983
-10845
-13355
-14962
-14165
-6573
8365
17473
20570
23088
20861
18943
19008
14089
8597
4981
-1251
-7074
-9576
-11102
-11449
-9077
-7357
-8954
-9223
-5702
-987
4578
9241
10407
10429
10990
10460
8370
5406
1838
-2130
-6401
-10633
-13160
-13112
-12254
-11566
-11782
-12959
-9990
-1494
6325
11360
13611
12334
11356
11705
10021
6413
2354
-2157
-7187
-11162
-13016
-14272
-13696
-11486
-12001
-12588
-9873
-6311
-321
7393
10683
10937
12585
13729
13197
13489
13269
9633
5115
1070
-3750
-6049
-5361
-5622
-5746
-5103
-5429
-3832
732
4788
7567
9188
9210
9092
8987
8751
9610
9871
7684
4033
-870
-5727
-8231
-9422
-10112
-9277
-8240
-7685
-5173
-795
2679
5047
6214
3921
-740
-4369
-7767
-11462
-12268
-11344
-11771
-12000
-13201
-17080
-17454
-9339
3792
14877
20593
22769
21915
20086
20121
17351
11544
7761
2146
-5785
-9904
-11573
-12138
-9486
-7182
-8856
-10535
-7595
-1920
3834
9172
11695
11726
12293
11968
9450
6161
2123
-2035
-5837
-10261
-13413
-13693
-13152
-12593
-12432
-13336
-11620
-5006
2920
9324
12986
13407
13039
13292
12211
9128
5485
772
-5343
-9624
-11914
-14471
-14331
-11754
-12230
-13433
-11584
-9213
-4689
3178
8074
9851
12743
13793
12613
13329
13655
10700
6940
3162
-1910
-5823
-6235
-6120
-6694
-5650
-4412
-3530
-399
3628
6493
8649
9757
9737
9442
9662
10177
9494
7698
5016
379
-4392
-6850
-8097
-9224
-9530
-9180
-8905
-7436
-3468
1184
4602
6573
6209
3409
8
-3142
-6905
-10899
-13003
-13691
-14193
-13318
-13056
-15671
-16782
-11048
1467
13881
20727
24133
23978
20872
19400
16385
10754
7144
2240
-4623
-8970
-12035
-13297
-11150
-8726
-8401
-9391
-7898
-2181
3902
8291
11676
13409
13438
12429
10203
6624
2743
-618
-4559
-9339
-12859
-14221
-14242
-13363
-12719
-13492
-13195
-8119
534
8115
12409
14114
14185
13949
13607
11113
6924
2816
-2401
-7608
-10542
-13122
-14907
-13792
-12987
-13761
-12860
-9837
-4877
1726
6626
9337
11792
13348
14119
14502
13444
11034
7536
3346
-882
-4725
-6483
-6606
-6865
-6255
-5836
-6081
-2980
2247
5400
8127
10621
10481
9952
10510
10097
8837
7139
3860
-460
-4262
-7031
-9104
-10259
-10050
-9866
-9911
-7696
-3430
736
4514
6940
6368
3693
603
-2996
-7127
-10620
-12981
-14121
-13562
-12818
-14527
-17248
-15327
-5698
7997
18963
23377
22998
21979
21145
18224
13509
9202
4542
-1780
-7769
-11502
-13213
-12278
-8819
-6782
-8334
-9355
-6044
-31
5738
10408
13476
14149
13187
11367
8259
4911
2250
-1167
-5888
-10682
-13985
-15096
-14898
-14103
-14076
-15199
-12727
-4462
4695
11209
14113
13637
13222
13697
12029
8648
5065
-145
-5959
-9587
-11864
-13306
-12496
-11382
-12340
-12917
-11157
-8005
-2523
3934
6940
8757
12238
13841
13687
13967
12962
10329
6669
2286
-1580
-3997
-4408
-4822
-6200
-6167
-5839
-5195
-1289
3028
5341
7604
9756
11296
12330
12453
11507
9010
5491
1626
-3189
-7663
-10185
-11599
-12101
-11152
-9620
-7633
-4273
-412
2065
2707
2014
-57
-2936
-5049
-6618
-7977
-8127
-8176
-9443
-12458
-16338
-13428
-907
10736
16894
20553
19486
16492
16927
15483
10541
6712
1503
-4608
-7413
-9731
-11157
-8297
-5396
-6135
-8207
-7631
-2855
3077
8073
11769
12507
11724
11573
10313
7344
4212
829
-3503
-7894
-11230
-13365
-13696
-12512
-12524
-14576
-15158
-10738
-1891
7195
12330
12758
11502
11250
10820
8352
4829
1104
-3666
-8591
-11532
-12293
-11460
-9711
-9113
-10460
-11297
-9421
-4571
2114
7440
9366
9938
10739
10965
11503
12946
12553
9297
4906
-421
-5498
-7061
-5867
-5339
-5547
-5661
-5621
-3454
1193
5239
8013
10618
11478
10537
10497
10910
10055
8560
5641
-86
-6376
-10399
-12231
-12538
-11777
-11241
-10123
-6925
-3245
821
5142
5952
3370
-45
-4485
-9166
-11570
-10543
-9767
-10485
-10674
-15854
-21750
-15567
-2561
11297
22656
23073
21062
21654
18512
17756
16186
8182
2828
-2619
-10200
-12244
-12251
-11375
-7414
-6730
-9717
-9639
-4745
1969
8315
13091
14048
12909
12944
11963
9364
7111
3466
-2177
-7803
-12964
-16268
-16073
-14559
-14056
-14520
-14640
-10634
-1438
7553
12775
14715
13999
12686
11470
8565
5265
2270
-3110
-9163
-12506
-14444
-14564
-11610
-9755
-10686
-10907
-9178
-4831
2307
8159
10318
11105
11998
12638
13107
13764
13737
10872
5156
-874
-5624
-7593
-6750
-6755
-8011
-7870
-7022
-4573
575
4968
8104
11221
12987
13858
13995
13029
12332
10912
6890
643
-6143
-11182
-13774
-14382
-13650
-12800
-11309
-8186
-4173
70
3826
5682
4797
1619
-2257
-6056
-9551
-10814
-10319
-10774
-11036
-12730
-17891
-16839
-5806
6418
17389
23227
20422
18494
19373
17148
14101
10841
6139
784
-5401
-9585
-10963
-11042
-8706
-7075
-9143
-10532
-7516
-1242
5456
10628
13370
13668
13428
12895
10429
7419
5088
1378
-4181
-9624
-13732
-15630
-14903
-13829
-14626
-15281
-12313
-4860
4745
11866
13935
13529
13360
12379
9669
6282
2362
-2453
-7228
-11055
-13569
-14012
-12563
-11372
-11860
-12658
-11477
-7235
-453
6404
10545
12525
14740
16689
16851
16226
15172
12031
7028
1483
-4322
-8529
-9342
-9115
-10004
-10330
-8941
-6080
-927
5275
9528
12356
15360
16971
16198
14537
12334
8650
3619
-2371
-9125
-14349
-15811
-14987
-13849
-12394
-10171
-7221
-3777
-5
1873
849
-519
-3274
-7424
-8651
-8404
-8505
-8212
-10002
-14407
-18304
-13917
635
13156
20419
23593
18880
16857
19160
14521
10892
10624
4293
-2930
-7085
-10089
-9963
-7335
-5143
-7080
-11104
-9889
-4514
1489
7775
11595
12841
13370
12243
9788
7400
5067
2382
-1333
-6448
-11719
-14861
-14896
-13935
-14337
-15002
-13351
-7170
2905
10862
13846
14755
14120
12962
11973
8145
3611
423
-5057
-10107
-11835
-13892
-13772
-10669
-11583
-13969
-12868
-11261
-6611
2167
7661
10426
14460
16714
16729
16999
16915
15538
12697
7608
161
-6724
-9751
-9807
-9154
-8557
-8303
-7461
-4449
395
5346
9995
14672
17644
17351
15227
12438
8715
4967
1201
-4711
-11627
-15691
-16597
-15707
-13055
-10006
-8173
-6575
-4164
-2331
-1849
-1862
-3277
-5861
-7210
-7609
-7429
-7053
-8941
-13329
-16953
-12526
1264
13235
19383
22346
19986
16892
15985
13488
11245
7804
1928
-1947
-5686
-9555
-9740
-6917
-4814
-7696
-10437
-7271
-3396
1990
9449
12177
12507
12749
10915
9310
6779
3124
890
-2801
-8254
-12048
-13851
-14017
-13248
-13341
-14595
-13520
-6262
4356
12524
16311
16290
14547
13012
10642
6773
3028
-599
-5300
-9824
-12859
-14612
-13994
-11652
-11650
-13883
-14031
-11106
-5726
1925
8431
11768
14828
17444
17189
16909
18007
16256
11276
5633
-1414
-7665
-8745
-7718
-8668
-9017
-7717
-6491
-3249
2428
6974
10768
15474
18142
17387
15479
12643
8698
4740
-460
-7441
-12607
-14185
-14530
-14463
-12980
-10689
-8557
-6542
-5073
-4633
-4568
-4737
-6081
-7890
-7985
-6432
-5065
-5414
-9633
-16484
-16987
-5818
8932
18151
21641
21153
18490
16987
15362
11058
7491
5311
-304
-7229
-9997
-10289
-8949
-4969
-4149
-8634
-10033
-5086
1001
6881
12614
14617
13703
13244
11089
7346
5701
3876
-609
-5685
-11031
-15265
-15553
-14240
-14383
-15575
-16033
-11527
-1089
8986
14950
17364
17018
16338
14787
10190
5350
1661
-2617
-7130
-11085
-13790
-14544
-13169
-11438
-12726
-14373
-12223
-8403
-2969
4151
9113
13193
17747
19292
18624
18296
16780
13372
9055
3247
-3397
-7323
-8102
-8764
-9439
-9413
-9364
-7529
-2538
3229
8643
14483
18931
19869
18327
15599
11661
6817
1350
-4617
-9928
-13311
-14796
-14930
-14206
-13095
-11559
-9939
-8982
-8321
-7406
-6575
-6331
-6736
-6628
-5222
-4033
-4656
-8216
-13682
-13569
-3179
9186
16386
20128
19250
15519
15075
13811
8900
6075
3647
-2031
-7189
-8749
-8121
-6955
-4675
-4571
-8362
-8439
-4004
1071
8240
12471
12828
15320
15254
11301
8377
4771
1115
-2098
-7581
-12839
-15579
-15625
-13408
-12646
-14373
-14595
-9570
282
9995
15407
16192
14890
14309
13122
9295
4867
603
-5160
-10400
-12579
-13713
-14290
-12207
-10452
-11960
-12552
-9733
-5516
582
7413
10651
12015
14947
16184
14973
15588
16276
13006
7608
1377
-5579
-8863
-7236
-5869
-6435
-6737
-6462
-4485
104
4209
6622
10169
14279
16107
16233
15568
13194
9239
4189
-2499
-9460
-13580
-14597
-14214
-12708
-10470
-8369
-6287
-4025
-2460
-2999
-4916
-7102
-10000
-11607
-11107
-10493
-9261
-9248
-13377
-18465
-17927
-6125
11049
21064
24168
23321
18875
17387
17391
13101
8813
4771
-2211
-8125
-10853
-11021
-8358
-5728
-6396
-10025
-11406
-5740
1529
6333
13129
17210
14580
13902
14103
9633
6173
4526
176
-6429
-13152
-16719
-16915
-16701
-16322
-17047
-18181
-13450
-2664
7722
14789
17840
17362
16316
14639
10837
6677
2989
-1608
-7084
-11738
-14946
-16176
-13869
-11977
-14216
-15182
-13030
-8794
25
7761
11006
15850
20059
19792
19084
19133
17752
14189
9335
3188
-3957
-7667
-7927
-9374
-10555
-10407
-10489
-8163
-3409
1093
6496
12362
16245
18077
17807
15898
13174
8692
3262
-2146
-8436
-12854
-13637
-14158
-14137
-12087
-10784
-9970
-8157
-7400
-7329
-6603
-6297
-6180
-5998
-5814
-5156
-5655
-8569
-13657
-16493
-8829
5539
14882
18787
19134
15483
13602
13679
10377
6823
5132
1101
-4181
-6919
-7656
-6958
-4751
-3748
-6148
-8548
-5873
235
5177
9470
12856
12772
11963
11183
7310
4045
3116
-224
-4680
-8519
-12954
-14548
-13489
-13842
-14887
-15610
-13627
-5492
4673
11183
14106
14824
14549
14005
11436
6586
2581
-863
-6061
-10187
-11813
-13153
-12522
-10628
-12179
-14187
-12343
-8865
-3327
4288
9027
12381
17427
19522
18477
18695
18038
14582
10363
4733
-2193
-6273
-6680
-7311
-8683
-8779
-7998
-5607
-1324
1725
4253
8816
12972
15277
16491
15361
12871
10465
6016
37
-5305
-9969
-12576
-13434
-14385
-13924
-11992
-9811
-6793
-4679
-4387
-4240
-5042
-7412
-9233
-8890
-7327
-6502
-7062
-10231
-15909
-17648
-9604
4458
15665
20465
21140
19316
17321
16374
13412
9939
8035
3176
-3579
-7554
-9330
-8488
-5656
-5128
-8058
-10244
-7411
-1940
3558
9760
12909
12399
12196
11002
8664
6677
4411
1660
-3653
-9651
-12237
-13831
-14568
-14171
-16555
-18561
-15009
-6811
3177
10729
14030
15071
14992
13900
11172
7497
4577
942
-4071
-8448
-12120
-14540
-13761
-12129
-13339
-15379
-14704
-10969
-3684
5922
13077
17263
21047
22344
20613
19882
19304
15737
11327
6740
50
-5284
-6634
-8265
-11160
-11812
-10903
-9346
-5042
486
4775
9196
13401
15022
14936
14354
11735
7544
3683
-1055
-6462
-9934
-11834
-13043
-13361
-13156
-12502
-12349
-12301
-11118
-10671
-10420
-8802
-7701
-5251
-847
193
-2259
-6714
-11656
-7724
5192
14137
17462
18403
14543
11376
12076
9847
6159
4605
820
-4429
-6885
-7385
-5741
-1947
-1149
-4958
-7302
-4709
-155
4308
8721
10654
9835
9948
9606
6596
3877
1961
-1071
-6129
-10983
-12802
-14807
-14267
-9633
-12379
-16550
-11204
-5306
2498
12560
13492
11602
12012
10692
9935
6671
1932
201
-4389
-10137
-11818
-12462
-11722
-10469
-12179
-14019
-13405
-10304
-3652
4501
10120
13954
17940
20123
20539
20871
19368
15835
11457
5439
-639
-4069
-5291
-6389
-7977
-8529
-8041
-6736
-2690
1895
4428
7492
10189
10790
12144
12920
10635
7739
4459
-570
-5376
-8213
-9462
-10026
-10622
-11459
-12540
-13356
-13175
-13063
-13837
-13931
-13073
-11587
-7996
-3466
-932
-1451
-6346
-11667
-7217
6057
15770
18919
19525
17053
14331
13814
10534
6149
4475
664
-4945
-8025
-9231
-7599
-3614
-2023
-4824
-8231
-6043
475
5859
10100
12101
11192
11153
10671
7285
3892
1551
-1930
-7245
-12122
-14552
-15220
-13946
-11674
-12545
-14883
-12356
-4716
4686
12100
13697
12599
13018
12251
9969
7871
3957
-1089
-5276
-9219
-12105
-12322
-10711
-10327
-12354
-14041
-13511
-10103
-3284
3989
9242
13914
17973
19961
20797
21291
20126
16817
12219
6532
934
-2367
-3789
-5433
-7388
-8566
-8428
-6574
-3044
893
4166
7090
9787
11459
12159
12369
11193
7944
3581
-825
-4853
-7753
-9172
-10280
-11440
-11848
-12125
-12669
-12890
-13307
-14142
-14657
-14017
-11958
-8726
-3815
157
-1087
-6273
-10149
-5645
7285
17127
19998
19638
16114
14064
14013
10296
6371
3571
-1544
-6246
-9492
-10687
-7382
-3166
-2376
-4971
-7395
-5191
776
6871
10967
11884
11194
10843
9947
7406
4180
1630
-1790
-7134
-12080
-15315
-15928
-13895
-12660
-13949
-15776
-13660
-5165
5238
12845
15054
13561
13960
13081
9790
8470
4203
-1324
-5053
-12222
-14869
-12196
-13386
-11894
-10881
-15771
-14744
-9144
-4064
4432
11298
14859
18546
19602
18685
18482
17788
15573
12297
7758
1481
-2854
-3183
-4114
-6106
-6305
-6218
-5462
-2037
1681
4417
8174
11333
11051
9891
9681
8340
6525
4309
-565
-5470
-7639
-9103
-10275
-10335
-10741
-11895
-12388
-12226
-13186
-14917
-15016
-14026
-12654
-9301
-5420
-3246
-3087
-7049
-11450
-5858
7953
17728
21049
20993
17755
15821
16271
12799
7491
4511
-566
-7047
-10520
-11878
-9956
-5227
-3827
-6442
-7550
-4358
1768
8586
13210
13615
12757
12935
11615
8772
5846
2190
-2127
-7677
-13921
-17636
-17884
-15960
-14226
-15262
-16823
-13723
-4976
5517
13212
16070
15400
14393
14106
12232
8454
4948
253
-6389
-11111
-14078
-15525
-12932
-12206
-15175
-14701
-12990
-10151
-1434
6441
10929
16273
19258
19232
18916
18313
17984
16289
11801
5756
-508
-3891
-4185
-4952
-6029
-6050
-5635
-4023
-208
3915
6656
9373
11858
11810
10110
8545
6783
5041
2681
-1993
-6945
-9093
-9748
-10904
-11469
-11201
-11665
-12567
-13217
-14031
-14454
-14370
-13705
-11109
-7340
-3884
-1606
-3352
-9335
-11995
-3962
9363
17390
20079
19380
15991
15856
16003
11162
7704
5207
-675
-6223
-10584
-12036
-8113
-4386
-4588
-7204
-8723
-5374
896
7025
12033
13912
13742
13731
12706
10166
7175
3593
-1990
-9177
-15017
-18096
-18619
-16883
-15468
-16821
-17920
-13298
-2932
7492
13508
14656
13604
13400
12839
10225
7739
5195
68
-6355
-11284
-13973
-14212
-12008
-11284
-14165
-14287
-10382
-5909
2276
10335
13086
17021
20793
19783
19338
19439
17389
14725
10402
4494
-928
-4228
-5120
-6319
-7437
-6990
-6162
-3094
1716
4022
6053
10435
12674
11203
9787
8397
5441
3016
1003
-2953
-6570
-7732
-9156
-11573
-13128
-14764
-16926
-18171
-19194
-20226
-18910
-14149
-8087
-3286
-14
-449
-6146
-7372
2564
13379
18989
22170
19501
13826
13580
12810
7750
5402
2259
-5507
-10696
-12180
-12118
-8244
-3470
-2921
-5163
-5404
-2186
2775
8860
13969
15352
14891
13568
10274
7368
5530
2002
-3655
-10427
-16957
-20156
-19002
-16436
-14886
-14596
-14030
-9479
-40
9337
14587
15897
14474
12336
10763
8039
4544
2093
-2206
-8952
-13427
-15228
-15370
-12746
-11284
-12943
-12153
-8206
-3286
4934
13387
16512
17661
19380
18851
17752
18289
17391
13243
6928
180
-3941
-4903
-5473
-6049
-6058
-6819
-6560
-1976
4155
7659
9905
11271
9825
8317
8090
6833
5797
4403
177
-4433
-7700
-9531
-9889
-11102
-13122
-15335
-18483
-20007
-19498
-18630
-15550
-10783
-6833
-3102
-767
-2976
-6201
-2143
8073
16077
19864
19499
15363
13489
13715
9878
5577
4136
-27
-6110
-8982
-10476
-10384
-6230
-3593
-5363
-5719
-3522
-642
4245
9192
11912
13925
15307
14734
11744
8166
5609
1255
-5546
-11928
-17013
-18999
-18093
-17502
-17127
-16690
-14458
-6698
3690
11300
14622
14380
13022
11801
10020
7107
3691
410
-4717
-10688
-13837
-14901
-13434
-10287
-11204
-13552
-11689
-7752
-1320
7332
12028
14218
17589
18660
18199
18400
17162
14807
10324
4675
1638
-1393
-2981
-1464
-3072
-5402
-5568
-5134
-635
3873
6282
10879
11627
9299
10345
9355
6248
4945
2473
-1396
-5580
-9328
-10331
-9441
-8902
-10305
-13984
-17691
-20191
-20957
-18873
-15222
-11269
-6857
-3571
-2584
-4583
-8889
-7136
4459
15530
20195
20712
17575
15192
15778
12916
7282
4002
-503
-7343
-11301
-11884
-10201
-6271
-4070
-5964
-8133
-7001
-2723
3399
9299
12268
13322
14862
15154
13629
11699
8132
3001
-3085
-10289
-15317
-16394
-16055
-15874
-16603
-18183
-17160
-10134
671
9462
13593
13870
12500
12109
11477
8212
4834
1889
-3720
-9675
-13430
-15699
-14092
-11350
-13489
-15504
-13017
-8900
-1896
7095
13021
16176
18063
18801
19189
19018
18449
16910
12842
7413
1731
-2963
-3578
-2808
-4959
-6894
-7102
-6357
-2455
2776
6620
9237
10002
10341
10182
8411
7954
7716
4987
982
-4142
-8245
-10008
-11980
-13418
-14896
-18815
-22108
-22613
-21696
-19009
-13857
-7536
-2436
-18
-1371
-6017
-6322
3454
14691
19699
20686
17096
12267
12852
12204
7113
4778
1337
-6624
-11744
-13003
-11968
-7289
-3613
-4798
-6698
-5748
-2320
3393
9598
12796
13688
14658
14453
12362
10098
8148
5056
-462
-7585
-13700
-16197
-14704
-12584
-13079
-15042
-15195
-10563
-1056
8066
12322
12631
10743
8721
8447
7646
5001
2283
-1949
-8194
-12882
-15047
-14595
-11604
-10716
-12507
-11751
-8414
-3084
5115
11008
12978
15338
17120
17187
17455
17357
15934
12634
7592
2103
-2957
-5011
-3887
-3702
-4585
-4423
-3394
-819
3379
7060
8890
9462
9116
7885
7475
7198
5194
3764
2399
-2004
-6861
-8904
-9458
-11594
-14750
-16108
-18614
-22571
-21661
-17818
-14572
-8728
-2824
-1193
-3222
-7044
-4775
6959
17006
20290
20275
15871
11737
12525
10708
5775
3650
107
-6765
-11442
-12468
-10925
-7333
-4797
-6476
-9012
-7158
-2390
3191
9055
11896
12368
13529
13736
12039
9869
7693
4758
-693
-7807
-13129
-15045
-14063
-12464
-12893
-14740
-14090
-8035
1406
9279
12835
12840
11652
10462
8940
6979
4385
917
-3601
-9121
-13207
-13808
-12251
-10505
-10620
-12329
-11960
-8403
-2406
4888
9651
11651
14392
16613
16333
15908
16345
15786
13218
8016
985
-3128
-2913
-2958
-3841
-3937
-4610
-3842
121
3925
6796
9706
10683
9247
7354
6195
6073
5953
4126
459
-3921
-7440
-9340
-10336
-11384
-14156
-18488
-21040
-21934
-22157
-18842
-11733
-4268
-1143
-3490
-6181
-6454
-391
13785
22423
19766
16433
14570
12866
11697
7882
3935
1068
-4973
-11717
-14676
-13408
-9040
-5024
-4768
-7338
-7558
-3492
1721
6919
10678
11367
11784
12316
10958
9448
8293
5761
1275
-5300
-11544
-13672
-12442
-10976
-10465
-11895
-13498
-9256
374
8206
12675
14194
12092
10592
10120
6948
4148
2730
-1342
-6880
-11893
-15633
-14986
-11557
-10555
-11323
-10831
-8828
-4018
3115
7792
10444
13877
14898
13822
13862
13413
12255
10153
5642
1043
-2131
-2852
-1088
-1222
-2585
-1849
-1134
194
3723
6425
8286
10741
11231
9443
8466
7915
5670
3106
750
-3088
-6368
-7061
-7956
-9759
-10650
-12595
-16182
-18887
-21023
-21397
-17024
-10318
-4797
-1098
-942
-5338
-8974
-3654
8869
18090
20215
17785
13753
12607
12890
9660
6179
3581
-2956
-9728
-12031
-12810
-11154
-6604
-5746
-8477
-8914
-6571
-1954
4524
9463
11838
13027
13066
12114
10345
8261
6074
1843
-4457
-10208
-13590
-13303
-11323
-11098
-11849
-12148
-9990
-2549
6497
11870
13809
13122
10994
9568
7652
4251
1435
-1442
-6386
-11094
-13922
-14883
-12484
-10732
-12917
-13340
-11054
-7592
329
8281
11828
14744
15992
14501
14019
14150
13898
12901
8931
3140
-1719
-3865
-2521
-1425
-2984
-3910
-3212
-1046
4064
8875
10827
12460
12586
9886
7999
7205
5735
4431
1974
-2939
-7109
-8557
-9140
-9840
-10820
-13404
-17562
-21049
-22471
-21500
-16797
-9430
-4121
-1978
-1967
-5658
-7697
580
13212
19296
19861
17277
12358
11718
12668
7325
3105
1515
-5958
-12479
-13694
-13906
-9335
-4529
-6221
-7712
-7091
-4841
1811
7885
10068
11504
12988
13234
11516
9309
7356
4182
-379
-6497
-12407
-13833
-11782
-10313
-10491
-12266
-13083
-8235
1439
10405
15371
15668
13440
12114
11203
8323
4266
1060
-2852
-8968
-13513
-15163
-15241
-12501
-11616
-15361
-15925
-12380
-7769
339
7973
11445
14699
16997
16004
14628
14400
13703
11384
6807
63
-4976
-4655
-2484
-2493
-3115
-3172
-2536
226
4582
8440
11541
14048
14379
12395
10877
10448
9179
6390
2161
-2804
-7071
-9162
-8932
-9008
-9946
-10923
-13824
-17097
-18984
-20759
-18788
-12889
-8763
-5470
-1782
-1328
-5367
-8937
-3826
7903
16319
19284
17901
14419
13604
12745
8506
4850
2028
-2944
-8468
-11994
-12436
-9457
-5420
-4462
-7802
-10450
-7351
-1116
4671
9959
12839
13344
14106
13725
11453
8729
5420
1811
-3173
-10171
-14251
-12925
-10621
-10475
-11881
-13033
-10887
-3369
6796
13628
15083
14355
12782
10215
7982
5503
2847
65
-6230
-13493
-16074
-15748
-14025
-12361
-14938
-17341
-14792
-10817
-4179
5112
9994
12871
17658
19012
18000
18249
16221
12439
8493
2002
-4069
-5676
-4811
-4165
-4107
-4322
-4101
-1606
3671
8710
11820
14125
15523
15338
14297
13276
11853
8942
4262
-1802
-7553
-10303
-10180
-9712
-9996
-10886
-12409
-14674
-16585
-17268
-17546
-16788
-14042
-10252
-5752
-1814
-1672
-6658
-10939
-4785
8658
17956
21163
18497
12953
12387
12410
8000
5282
3097
-2710
-8737
-12435
-12049
-7607
-3879
-4001
-7802
-10720
-7196
-772
5276
12122
14401
13075
14186
12555
9519
9498
5584
24
-4706
-13251
-16309
-11687
-10668
-10849
-10585
-13981
-12557
-2114
8436
14757
16833
14765
12458
11411
9082
6027
3509
-768
-8041
-14532
-16943
-15953
-12628
-11370
-15064
-17461
-16063
-12108
-3620
4024
7767
13055
17091
16898
17399
18351
16408
12018
6818
1668
-2787
-3365
-256
-185
-2931
-3411
-3686
-2498
3522
8086
9631
12818
15469
16816
17173
14564
11873
8650
2077
-4437
-9028
-11001
-9647
-8283
-8714
-10396
-12079
-12742
-14377
-16872
-18004
-17485
-15737
-13173
-8483
-3271
-2470
-6981
-13670
-11965
3122
16843
21838
22263
17531
14801
15725
10504
4771
3593
-1029
-7915
-12383
-14365
-11214
-5082
-3895
-8260
-10925
-8737
-3851
3649
11679
15131
16227
17784
15504
11835
10826
7456
2447
-2645
-10942
-15120
-12812
-11901
-11763
-13022
-16315
-14365
-7011
2583
12264
15775
14355
13720
13270
11926
9130
4824
346
-6012
-13263
-16431
-16032
-14291
-13354
-16885
-20315
-18875
-15496
-8700
194
5254
9692
14452
16452
18592
20345
19427
16724
11061
4060
-40
-704
-295
-1951
-5414
-7320
-6339
-2924
1365
4660
7592
11465
15064
16731
17523
17842
15405
10805
5674
-1281
-7462
-8590
-8144
-9928
-10980
-10528
-11160
-10955
-9169
-10065
-11705
-10920
-12517
-15186
-12833
-8380
-5009
-3360
-7393
-16362
-19736
-8606
8278
17189
19570
17853
13746
14517
14527
8544
6157
5688
-583
-7667
-10947
-10269
-5991
-2756
-5669
-12200
-14002
-8563
-146
7962
13065
15000
16183
16225
14542
12127
10272
8159
2902
-3917
-10237
-14460
-12648
-10495
-13794
-17238
-18294
-14005
-4418
3717
12317
16796
11577
11198
14881
9773
5426
5606
58
-8348
-12316
-13652
-14567
-13620
-14256
-19145
-21028
-18423
-15169
-8235
-193
4894
11057
16964
19251
20311
20792
20224
18622
14713
8880
3602
622
-1322
-4368
-7609
-8890
-7700
-4936
-1869
1657
6485
11838
16010
17939
17759
16152
13336
9375
4405
-1043
-5536
-8092
-9344
-10514
-11722
-12080
-11702
-11284
-11386
-12518
-13241
-12904
-13204
-12875
-9889
-5663
-3029
-4828
-10799
-15919
-11625
3241
15031
18003
18104
14396
11554
13211
9401
4169
4285
559
-5852
-8813
-9818
-6537
-1497
-2644
-8266
-10513
-7033
-886
7035
13508
14202
14221
15705
14176
11872
10608
7915
3396
-3236
-10115
-13662
-13313
-11202
-12069
-16434
-18114
-15893
-9445
2856
10561
10294
12779
13441
10038
12070
10888
3741
654
-5261
-12926
-13322
-13850
-14491
-12809
-16599
-20460
-18361
-15938
-10594
-1196
4820
8721
13452
16485
19048
21209
21063
20010
16619
9584
2649
-1302
-2026
-1984
-3767
-6029
-7400
-7033
-3588
1460
5918
9667
12992
15506
16879
17592
17263
14773
9924
3082
-3687
-8154
-10599
-11828
-12325
-12449
-11962
-10607
-8651
-7404
-6558
-5130
-6270
-9998
-11469
-10924
-9463
-7080
-7507
-11186
-15969
-19297
-13020
2168
13428
18158
19601
16697
14741
15856
13361
9808
8329
2808
-4867
-8449
-9128
-7563
-4979
-6180
-9931
-10454
-6532
-308
6741
12713
15485
16517
17496
15992
12564
10516
7578
2033
-4140
-10602
-14515
-13841
-13778
-15965
-17721
-19608
-17491
-8281
926
8094
13266
12322
11887
13955
10703
8027
7078
276
-5774
-9644
-15243
-15950
-13489
-14506
-17403
-19831
-19014
-14413
-7676
840
8026
13019
17316
19574
21133
23005
22500
19708
15406
8641
1646
-1607
-1993
-3649
-6962
-9778
-11074
-9351
-4427
1098
5800
10034
13466
15506
16341
16337
15345
12877
8275
1478
-5252
-9263
-11000
-12149
-13154
-13536
-13048
-11835
-9755
-7834
-6654
-5278
-5741
-8407
-9513
-8795
-6906
-4511
-4718
-8778
-15627
-17428
-6936
6755
14988
18138
15122
12225
13654
11841
8122
7670
5911
626
-5224
-8475
-6809
-2521
-798
-3464
-6811
-6763
-3171
2798
8726
11961
13645
14842
13457
9706
6954
5940
4152
-156
-6379
-11838
-14262
-13830
-12899
-14190
-16632
-16975
-13235
-4328
5629
10825
11552
10748
10787
9976
7023
4750
480
-4170
-5833
-11585
-15028
-10651
-11301
-13471
-12669
-15401
-14008
-8444
-3423
5101
9832
11646
17679
19131
17525
19806
19903
16909
12974
6044
-1077
-3936
-4811
-7099
-7743
-6826
-7109
-4019
1238
3735
7476
11722
13133
15038
16365
15247
14090
11497
5825
-967
-7049
-11300
-13637
-14924
-15430
-14735
-12648
-9911
-7173
-4248
-2018
-1858
-3715
-7514
-11180
-11265
-9689
-9044
-8755
-11373
-17378
-21088
-16167
-1716
12340
18526
19796
17589
16056
18118
16668
13047
11468
5885
-2038
-6137
-7241
-5198
-2066
-3242
-7789
-10227
-8179
-3294
3053
9136
12253
13525
14167
12632
10253
9205
7935
3756
-3214
-10112
-14237
-14213
-12557
-13746
-16907
-19149
-18251
-10903
-325
6918
10699
11040
9004
9737
10227
6947
5833
4132
-2724
-7285
-9995
-13077
-11303
-10619
-13973
-15082
-15705
-13389
-5903
119
6519
13574
15643
16221
18114
19667
20651
19986
17182
10894
2365
-2520
-3744
-5019
-6454
-7924
-9107
-8471
-5788
-2005
2598
7984
12439
14826
16061
16164
15200
13780
10249
3472
-4039
-9341
-12382
-14437
-15223
-14537
-13320
-11502
-9107
-6332
-3139
-836
-604
-3392
-7846
-10014
-10747
-10939
-8851
-8455
-12043
-17549
-20815
-12776
3374
14212
18613
18729
16197
16548
17089
14974
14060
12413
6879
-59
-5225
-6591
-4519
-2599
-4640
-9408
-11375
-8669
-3031
3857
9198
11789
12903
12241
9555
7475
7458
6588
2105
-4448
-10212
-13353
-13510
-13093
-14485
-17253
-19051
-16885
-9798
-42
7750
10167
10030
10484
10679
10518
9305
7163
4451
-1445
-7372
-9786
-11076
-9746
-8855
-13715
-16929
-15125
-12119
-5833
2164
7866
11920
14015
15648
18591
20168
20181
19926
16668
9376
2307
-694
-1412
-3864
-6982
-8799
-11091
-11840
-8070
-3157
1653
7325
10866
12227
14078
15488
15357
13592
9432
3317
-3388
-8858
-11952
-13859
-14849
-14228
-13207
-11746
-9265
-6648
-2875
849
217
-3660
-7172
-9517
-10106
-9007
-7972
-8682
-11802
-16960
-19526
-11477
4093
14983
19088
19411
17325
17742
19723
17901
14641
11724
6212
-939
-5623
-6456
-5109
-3728
-5503
-10532
-12554
-9364
-4022
2299
6979
8672
9870
10615
10335
9633
8699
6886
2000
-4649
-9825
-13594
-14633
-13737
-15397
-18242
-19007
-16532
-8676
1877
8815
10646
10285
10678
11348
10801
9972
8707
4903
-1195
-6563
-9822
-10456
-8225
-8774
-13627
-15840
-16014
-13617
-4628
2668
6626
12598
14816
15126
18331
19557
20514
20888
15729
8693
1833
-3646
-4836
-6111
-9408
-11529
-12713
-11792
-6519
168
4883
8847
12656
14543
15482
15858
14360
12388
8979
2348
-4463
-9699
-13177
-14398
-15092
-15473
-14452
-12000
-8351
-5011
-1553
2072
1740
-2265
-6289
-9351
-10013
-9114
-9108
-9324
-10261
-14526
-19219
-14467
621
13431
19230
20879
18781
18818
21178
18123
14101
12970
8005
90
-5171
-7686
-7534
-5562
-6776
-12051
-14290
-11195
-6536
-156
5812
7876
9834
12354
11663
9729
8490
6406
3069
-1876
-8249
-12621
-12667
-12124
-14094
-16234
-17688
-17236
-10537
-209
7175
10678
11020
10447
12199
13500
11637
9493
6802
949
-4893
-7884
-9540
-9456
-9195
-12545
-15821
-15418
-13323
-7682
1060
6864
10362
13849
15508
17516
21088
21937
19420
15581
9420
1567
-4158
-6257
-7037
-9089
-12081
-13769
-12396
-7481
-1511
2610
6122
10151
12700
13981
15574
16078
14461
11141
5028
-3019
-9000
-12256
-14700
-15512
-14477
-13708
-12712
-9947
-6661
-3243
305
826
-2206
-5428
-7676
-8410
-7011
-5393
-5483
-8015
-13153
-17782
-13555
1215
13946
18384
19360
17326
15959
18156
16955
13777
12336
7333
55
-5332
-8348
-7622
-6133
-7483
-10938
-14231
-13291
-7939
-1711
4339
8532
10145
11403
12234
11531
10221
8498
4553
-2031
-8280
-11657
-12274
-11613
-12195
-15061
-17537
-15897
-8991
263
7414
10535
10879
11083
12045
12678
12628
11529
8303
2688
-3755
-8059
-9286
-8650
-8363
-11598
-15945
-16357
-14075
-9120
-1236
4166
7770
12298
13637
14327
18412
20145
18537
15955
8934
697
-3321
-6363
-8670
-9233
-11712
-13896
-11759
-7287
-2144
3068
7424
10840
13043
14287
14983
15203
14871
12185
6124
-808
-6314
-10625
-14009
-15680
-16102
-16177
-14488
-10409
-5685
-1085
2802
4329
2930
-525
-4524
-7552
-8976
-9635
-10150
-9661
-10337
-15010
-18930
-14962
-2221
12401
20206
21404
20441
19541
20533
19283
14316
11190
6565
-1640
-7424
-10976
-11517
-8479
-8800
-12397
-14248
-13057
-7643
-286
5254
9239
12398
14194
13735
11661
10334
9101
5904
16
-7052
-11863
-13389
-13129
-13501
-15372
-17308
-16141
-10503
-1392
7467
12323
14369
13927
14200
14652
13503
12128
7608
2428
-3879
-9454
-10971
-11622
-11881
-14321
-17285
-17828
-15379
-9181
-1459
5591
10079
12246
14060
16680
18765
19404
18692
14959
7785
173
-4419
-6795
-9261
-11416
-12165
-11738
-10009
-6258
-1387
3287
7853
11948
13941
14100
14525
15327
14844
11883
6015
-1429
-7679
-11926
-14887
-15977
-15457
-14913
-13482
-9752
-4996
-512
3104
3762
888
-2645
-5322
-7021
-6659
-5994
-7141
-8588
-11528
-17087
-18162
-8508
6273
16231
19431
18467
16246
17491
18998
15431
12323
9355
1685
-4939
-8395
-9529
-6507
-5497
-9418
-12880
-13557
-9876
-2905
3391
8260
11067
12327
13249
12059
9525
8148
6576
2360
-4275
-10046
-12305
-12057
-11769
-13016
-15197
-15682
-11976
-3928
5095
10796
12324
12164
12375
12799
12514
11001
7840
2686
-3631
-8691
-10816
-10684
-10479
-12256
-15441
-17533
-16554
-11607
-4321
2495
7478
10507
13023
15344
17307
19958
20484
17188
11713
3439
-3224
-4992
-6740
-8138
-9672
-14013
-14192
-9375
-5847
-1451
4715
9639
13010
14874
16247
17188
16582
14496
9442
2062
-3953
-8537
-12516
-14576
-15221
-15383
-13821
-10361
-6758
-3353
162
2199
1344
-1207
-3507
-5097
-5709
-5436
-6534
-9062
-11155
-15564
-19940
-13686
994
11715
16168
16401
14232
15064
17103
14947
12601
11831
7136
-439
-5729
-7696
-6374
-4535
-7011
-12102
-14127
-11569
-5936
629
5404
7993
10473
12440
11770
10014
9439
8591
5324
-351
-6259
-9414
-9282
-8737
-10604
-13948
-15907
-14488
-8196
864
7665
10765
11146
10471
10802
10510
8491
6917
4623
-254
-5618
-9190
-9613
-7879
-8348
-11942
-14494
-14552
-12895
-7697
-398
4245
7480
11326
13316
14949
18180
19191
17341
14133
7150
-1003
-4607
-5464
-6783
-8824
-11419
-11950
-9853
-7134
-2285
4352
9088
11672
13263
14195
14896
15302
14739
11202
4532
-2390
-8279
-12691
-14510
-14335
-13357
-11913
-10231
-8287
-5248
-1119
1606
1550
-744
-5008
-8852
-10240
-10258
-9675
-9525
-11175
-15403
-20083
-15850
-281
13885
19879
20561
17661
16490
18490
16978
13896
12478
6749
-1687
-6584
-9029
-8161
-5223
-7280
-12495
-14701
-13188
-7329
1295
7839
11196
13288
14455
13928
12604
11921
10684
6887
282
-7123
-11582
-11855
-11289
-12766
-15679
-17958
-16784
-10457
-955
7616
11758
11630
10506
10170
10702
10672
9074
6537
1035
-5928
-9261
-10333
-9755
-8750
-12488
-16752
-17578
-16288
-9613
-1668
2807
8222
12785
14929
17847
20034
20729
20046
16200
7871
-1016
-3962
-5226
-7323
-7611
-12343
-15986
-11303
-8605
-5057
3255
7266
11135
15884
16173
17288
17735
14577
11261
5178
-2726
-7599
-10479
-12351
-13355
-13795
-13083
-12122
-10828
-8312
-5458
-2627
-1734
-4443
-6602
-6762
-6940
-5220
-4128
-7046
-11048
-15889
-16102
-4379
9917
17149
18349
15816
14401
14766
13054
11387
10670
7266
551
-6066
-8316
-6322
-4083
-4694
-8643
-12422
-12023
-6974
571
7015
10767
13118
14373
13835
11835
10408
9428
6124
1059
-4992
-10804
-12080
-10784
-11957
-13792
-15914
-17540
-11612
-1352
5659
10679
13049
11267
10994
11633
8489
7162
4718
-1105
-5567
-9777
-10655
-9167
-8641
-11184
-14413
-14775
-14649
-10418
-2807
3015
6820
10848
14825
15999
16634
18440
18942
15817
9829
2961
-2322
-4103
-5219
-8467
-11263
-11434
-11623
-11073
-5656
1299
4991
9090
15250
17661
16825
17803
17391
12181
6377
1593
-4639
-10573
-13365
-14326
-14708
-14049
-13134
-11770
-8776
-5763
-3734
-2404
-3711
-6816
-8028
-7645
-6836
-5391
-5531
-8933
-14466
-17494
-9955
5807
16544
19493
18892
15783
14557
14632
11936
10578
9515
3387
-4396
-9345
-9613
-6297
-4418
-6251
-10362
-12110
-8469
-2115
5446
11592
13824
15367
15702
13313
11574
10383
8077
3394
-4441
-11253
-14170
-14211
-13196
-14044
-16360
-17363
-14740
-6339
4267
11381
14163
13299
11494
10991
9101
6531
6000
2944
-4333
-9864
-12194
-12513
-10356
-10404
-14618
-16592
-15454
-13293
-6684
1887
6614
10451
14632
15590
16269
19119
20272
18594
13855
5354
-1483
-2973
-3553
-6471
-10100
-12195
-12410
-11273
-7541
-1421
4324
9461
14077
16333
17021
18179
18486
15453
9685
3572
-2466
-8467
-12696
-14461
-15174
-15365
-14400
-12668
-10509
-6886
-2368
58
-657
-3097
-6460
-9221
-9313
-8162
-7918
-8451
-11863
-18715
-20603
-10349
5779
16923
20332
18754
16462
17257
18073
15248
12924
11167
4694
-3692
-8767
-9956
-7533
-5582
-8349
-12099
-12489
-9069
-1890
5871
10789
13879
15428
14840
13921
13106
11387
8009
1674
-6157
-11757
-14265
-14748
-14737
-15938
-17731
-18203
-14996
-6222
4504
11369
13429
12398
11228
11850
11248
8789
7249
3735
-3689
-10100
-13202
-13724
-12057
-12198
-15779
-17701
-16322
-12858
-5650
2239
6766
10674
14012
14963
16538
18808
19734
19148
14439
5859
-1136
-4713
-7039
-9580
-11851
-12749
-12570
-10860
-6491
-647
5637
11089
13584
15819
18999
18545
16704
16834
13031
4635
-2476
-7983
-12483
-14810
-15712
-15937
-15207
-12675
-8540
-4069
561
3863
3496
393
-4082
-8762
-10559
-9982
-10274
-11001
-11921
-15089
-19994
-20359
-9169
7105
16447
19711
19638
17875
19677
20074
15397
12942
10226
2831
-3566
-7463
-9021
-6725
-5943
-10159
-13618
-12461
-8369
-1406
6717
11213
13494
16117
16234
14199
12186
9631
6276
968
-5914
-11106
-13387
-13550
-14104
-16270
-18006
-18314
-14442
-4808
4740
10236
11834
10495
10430
11670
10471
8661
7368
3061
-4131
-9324
-10813
-10983
-10770
-12473
-17243
-18983
-15776
-10966
-3786
3498
7762
11571
15009
16637
18134
20281
20827
17098
10954
4898
-819
-3329
-4484
-8957
-12805
-13654
-13421
-10146
-4383
909
5936
11011
14284
15536
17361
17768
15482
14578
10355
666
-5045
-8212
-12477
-13526
-14287
-15494
-13785
-11541
-8143
-3553
-799
768
-121
-4076
-7551
-8681
-7753
-7228
-8104
-9193
-12371
-17362
-17639
-7808
6977
15800
17940
17699
16506
17459
17640
14426
12924
9980
2491
-3678
-7443
-7955
-5259
-5567
-8547
-10789
-11660
-7971
-467
6023
10201
12868
14519
14653
13112
11064
8619
5260
215
-6532
-12015
-14083
-14143
-14196
-15309
-17025
-16790
-12083
-3701
4545
9794
11419
10787
10484
10645
9935
8652
6183
1433
-4477
-9063
-10656
-10382
-9931
-11101
-14640
-15920
-13397
-9562
-2668
4147
7485
11536
13949
13639
16270
19079
19313
17525
11021
3189
-1729
-5254
-7844
-9822
-10901
-10705
-10319
-8292
-3930
1440
7165
11653
14039
14968
15874
16929
16498
15257
11061
2455
-3910
-8638
-14686
-15773
-14462
-15471
-14300
-11568
-8104
-2734
998
2590
2076
-1508
-5837
-9393
-10752
-10422
-10400
-9997
-11518
-16465
-20256
-16371
-2137
12597
18989
20783
19458
17800
19582
18474
14543
12433
7611
-73
-6485
-10281
-9118
-5924
-6932
-11272
-14014
-12348
-6635
1292
8656
12883
14977
16028
14825
12482
10769
8697
4906
-1190
-8571
-13699
-14391
-13426
-14386
-16578
-17878
-16598
-10449
-936
7052
11434
12564
11895
11411
11336
10499
8058
4610
-633
-7963
-11736
-11010
-10885
-10852
-12553
-16879
-17108
-13730
-8839
-571
5990
9487
13176
15123
16777
19769
20904
19478
14985
7141
-467
-4840
-5969
-6283
-8359
-11279
-12615
-11476
-7878
-3052
1936
7392
11808
14211
15773
16850
17943
16247
10105
4409
-1586
-8102
-10716
-13100
-14647
-13725
-15172
-12779
-7571
-7782
-4155
1731
-628
-3538
-4395
-7087
-7401
-5778
-6087
-8176
-10745
-14525
-18279
-13453
496
11832
17145
18551
16074
15520
17860
16112
12933
12116
7933
635
-4795
-8026
-7544
-5283
-7332
-11892
-13401
-10751
-4821
2647
8441
11275
13564
15136
13656
11866
10855
7647
2788
-3266
-9916
-12980
-12859
-13435
-14703
-16277
-17876
-15956
-8629
736
8160
11816
11600
10426
10716
10610
9260
7609
3763
-2498
-7444
-9716
-10345
-9873
-10241
-13114
-15895
-15856
-13437
-7956
-277
5265
9100
13098
15184
16418
18540
19380
17837
13474
6405
-365
-4085
-4940
-6139
-9276
-11791
-13015
-12898
-8733
-2354
2532
7506
12188
14564
17164
19405
18783
16776
12794
6384
-467
-6232
-9498
-12635
-15626
-15590
-15988
-15000
-9957
-6624
-2076
4312
4716
3189
2011
-2642
-6234
-7623
-9676
-11185
-11836
-12751
-16494
-20463
-15589
-2261
10383
17186
18363
18079
19801
21130
18929
15449
13458
9866
2043
-6147
-10312
-10033
-8274
-9159
-12581
-14024
-11205
-5484
1370
7291
10953
13711
16089
15972
13549
11447
9596
5584
-1064
-8212
-13115
-14315
-13741
-14625
-16836
-18180
-16596
-10592
-1848
5762
9434
9645
9590
10489
11746
11932
9321
5870
1492
-5122
-9138
-10339
-11453
-11070
-13254
-17598
-17010
-13533
-8375
-375
5733
9821
13072
13834
15126
17831
18652
17089
13381
7066
-315
-5174
-6577
-7742
-9843
-11273
-11118
-8635
-4359
-11
4720
9615
12110
12766
14193
15523
15761
15377
13209
8040
1154
-4978
-9824
-12802
-13676
-15470
-16062
-12572
-10256
-7087
518
4633
4820
5103
2264
-2201
-5909
-9341
-11173
-12815
-13524
-12228
-14566
-20369
-20898
-11319
4424
16765
20581
19882
20416
22535
21969
17785
13755
10294
4604
-3062
-9123
-10801
-9560
-9390
-11863
-14385
-13551
-8996
-2405
4195
8899
12280
15166
15776
14005
11995
10374
7489
1854
-4911
-10808
-14192
-13862
-13606
-14892
-15251
-16174
-14723
-7389
898
7991
11591
9878
9987
11853
10741
10115
9048
4603
-722
-6204
-10189
-10449
-9873
-11582
-14798
-16814
-16155
-12371
-5348
1938
6672
9843
12247
13831
15400
16951
17366
15353
10012
2524
-3221
-4549
-3958
-5483
-9133
-12173
-12666
-10176
-5336
518
5622
9048
10997
11824
12885
15018
16539
15799
12155
6485
1013
-3370
-6491
-9322
-12092
-13016
-13747
-13863
-10380
-6321
-1516
4274
5406
4779
4763
1954
-1175
-5749
-12035
-14286
-14136
-13346
-12168
-14437
-18556
-18770
-9516
5540
14642
18612
21447
21362
21658
20286
15194
13235
11343
3596
-5231
-10925
-12234
-10033
-8809
-10601
-12882
-12261
-8246
-2414
3957
8840
11870
14351
14865
12966
11656
11325
8665
2287
-5368
-10969
-12823
-12080
-11984
-14165
-16924
-17533
-14102
-6647
1919
7755
9853
10153
10386
10833
11460
11657
9840
5385
-320
-5282
-8154
-9180
-10523
-13330
-15824
-16468
-15112
-10844
-3908
2418
6246
8992
11425
13137
14553
15632
15242
12434
7005
844
-2525
-2708
-3378
-6238
-9107
-10475
-10048
-7388
-3360
644
4107
7211
9721
10933
12434
14906
15528
13476
9341
4235
407
-2466
-5072
-8268
-11197
-11517
-12972
-13012
-7499
-5258
-2388
6060
7200
5224
7011
4292
10
-4827
-11900
-14512
-15561
-16460
-14420
-14660
-17466
-19649
-16243
-2817
11441
19256
22400
21878
21826
22044
18555
15083
12454
6516
-1617
-8684
-12179
-11252
-9555
-10301
-12203
-13353
-12132
-7299
-862
4797
9705
13490
15515
15732
14254
12328
9901
5229
-1622
-8229
-12167
-13025
-12834
-14013
-16082
-17437
-16670
-11520
-2570
4947
9036
11274
11700
13469
15768
14816
13041
9725
3744
-2514
-7228
-9639
-11088
-11914
-14339
-17482
-16488
-13521
-8974
-2476
2108
5663
9628
12492
13744
14849
15709
14769
12301
8233
3152
-936
-3565
-5736
-7623
-9044
-9995
-9303
-6532
-3194
8
3729
7341
9766
11962
13891
14442
14117
12228
8438
4601
1111
-2572
-5393
-7839
-10509
-12264
-12527
-10062
-6798
-3101
858
2720
4311
4770
4257
2499
-1979
-6178
-9934
-13146
-13547
-11850
-11074
-12399
-16233
-17268
-7857
5366
13562
17571
18188
17586
18655
17671
14484
13950
12013
4588
-3498
-8961
-10876
-8864
-8071
-11373
-14172
-13614
-9932
-3691
2351
6713
10889
14194
14626
13261
12360
11738
8718
2117
-5031
-9959
-12689
-13430
-13676
-15180
-16727
-16810
-13620
-5069
4747
9707
10827
11328
12325
14243
14335
11615
9065
5161
-980
-5433
-8413
-10485
-10812
-13341
-17825
-19013
-16950
-11991
-4217
1611
4838
8870
12392
13988
14654
14555
14347
12979
8416
2564
-1564
-3234
-4783
-8205
-10541
-10507
-9648
-7233
-4517
-1814
3131
8095
11228
13286
13974
14456
14656
12736
9216
5121
1390
-1527
-4200
-6643
-8835
-10350
-11211
-11089
-8030
-3906
-983
2749
5941
6705
7288
6984
3803
-1668
-8555
-14130
-16453
-17227
-16731
-14790
-14173
-16392
-18857
-15273
-2604
11354
19084
21877
21740
21341
22057
19890
15755
12702
7084
-1632
-8847
-12303
-12167
-10825
-11513
-14409
-15562
-11844
-5514
1033
7223
11456
14486
16772
15951
13505
12095
9863
4954
-1972
-8968
-13104
-13715
-13989
-15247
-15542
-15276
-14293
-9094
-697
6845
12119
13356
12224
13382
14721
13280
11283
8240
2495
-3440
-8021
-11641
-13116
-13604
-16162
-18371
-17275
-14742
-10144
-2745
3607
8215
12181
13870
14019
14385
14425
13286
9917
4337
-1298
-4929
-6324
-7507
-9554
-10371
-9855
-9453
-7114
-2430
2183
6616
9482
10295
12594
15199
14944
13139
10353
6878
3838
1088
-1376
-3831
-5936
-7517
-9042
-9129
-8137
-6191
-2392
-68
1682
5597
7526
8030
9234
7115
2260
-2836
-8671
-14346
-18966
-20746
-19355
-17398
-14976
-13532
-15105
-14570
-6105
7742
19011
23431
23200
21997
21493
19318
13980
9637
6359
106
-7111
-12040
-13595
-11760
-10550
-11861
-12474
-10890
-7301
-1859
4029
8969
12778
15398
15848
14352
12752
10879
7430
2144
-4657
-10599
-13315
-13659
-13517
-13728
-14154
-14090
-11826
-6034
1424
8341
13153
14101
13926
14895
13979
11662
9298
4159
-2650
-8205
-12227
-13617
-12854
-12767
-13904
-14530
-13633
-10600
-4456
2168
5994
9027
11854
12668
13153
13917
13754
12347
8305
1959
-3735
-6834
-7852
-9163
-10722
-10973
-10955
-10103
-6720
-2548
1974
7324
10444
10928
11361
11500
11449
10959
7977
3131
-2206
-5789
-6423
-7676
-8326
-6040
-5431
-5323
-2301
668
3689
6896
7959
7872
7097
6269
6552
5781
3396
853
-2070
-4915
-7055
-8949
-10685
-12737
-15341
-17350
-17551
-14699
-9294
-4018
-863
-2210
-4739
1155
12617
19318
21334
20036
16286
13668
9836
4688
2888
1771
-2742
-8832
-13140
-13672
-10670
-6537
-4758
-5185
-4488
-2311
1881
7728
11453
13261
14267
12249
8359
5289
3413
1582
-2376
-7653
-12534
-15016
-13401
-10755
-9210
-8116
-7430
-5561
165
7307
12392
14800
13068
10905
10177
7151
3897
1887
-728
-5101
-9399
-10841
-11574
-9924
-7273
-8447
-7989
-5797
-4348
625
6125
8367
10369
11748
10830
9776
8976
7892
6258
2803
-2522
-7185
-8554
-8259
-9288
-11003
-10966
-9806
-7906
-4294
-1058
1181
5111
7700
6321
7705
8875
6690
7137
5165
726
-611
-2010
-4158
-4912
-5635
-6270
-5062
-4301
-3248
-547
2046
4810
6367
6428
7135
7926
7735
7076
5152
2590
1526
179
-2240
-3613
-4645
-5733
-5212
-4527
-4862
-4096
-2297
-849
784
1893
1874
2572
2931
937
-1002
-2002
-3428
-4198
-4603
-5596
-5683
-5063
-4380
-2583
-552
886
2889
4942
6009
6760
7108
6485
5478
3967
1853
616
130
-896
-1977
-3104
-4375
-4427
-3573
-2766
-1609
-604
-138
391
1091
2135
3509
4309
3718
2159
723
-525
-1465
-2026
-3278
-4466
-4565
-4819
-4584
-2643
-338
1576
3017
3776
4539
5269
5392
4931
3595
1640
-65
-1455
-2245
-2414
-2900
-3519
-4249
-5359
-5516
-4753
-3761
-2298
-1219
-63
1105
1253
2942
5479
5628
5360
4513
1920
637
161
-1393
-2808
-3843
-4304
-4315
-4516
-3396
-994
669
1620
2231
2743
4048
5033
4648
4181
3654
2528
1750
971
-271
-889
-1164
-1959
-2616
-2747
-2549
-1924
-1132
-671
-205
833
1849
2275
2721
3061
2614
2018
1513
733
336
-58
-1389
-2461
-2512
-2171
-1560
-1195
-1126
-459
10
-332
-376
-343
-479
-17
6
-684
-479
58
34
168
-72
-977
-1071
-460
-523
-684
-69
287
-175
-569
-650
-392
486
1162
1057
1028
1083
662
415
276
-481
-1049
-830
-496
-91
939
2146
2668
3020
3205
2324
1461
975
-198
-1110
-1619
-2418
-2564
-2539
-2547
-1832
-1931
-2403
-1336
-959
-1393
-913
-2023
-3064
-1817
-2438
-3403
-2006
-2713
-3971
-3320
-3826
-2539
837
3332
5841
6947
6836
6961
7092
7142
6703
5121
2597
343
-1363
-2254
-2608
-3003
-3601
-4427
-4920
-4840
-3840
-2296
-742
662
1207
1671
3065
4619
5858
6087
4453
2351
479
-1653
-3014
-3802
-4754
-4739
-4378
-4505
-3154
-515
1717
3823
4613
3818
4400
5650
5190
4538
3875
2275
1178
-218
-2683
-3707
-3940
-5594
-7212
-7807
-7293
-4959
-2461
-881
1372
3776
4741
5032
5176
4969
4830
3946
1739
-31
-840
-1613
-1809
-1690
-2569
-3941
-4957
-5497
-5053
-3903
-2498
-154
2401
4055
5335
6455
7255
7478
5846
2647
-133
-2658
-4574
-5354
-6064
-6441
-5843
-5003
-4385
-2966
-1831
-747
482
753
1297
2122
3496
4183
4453
3999
2769
2650
900
-769
-1935
-3803
-4487
-4791
-4937
-4677
-3182
-1312
461
2283
3172
3834
4366
4700
4777
4298
3582
2870
1722
409
-601
-1906
-2660
-2583
-3222
-3745
-2933
-2348
-1790
-377
208
728
2394
3194
3587
4668
4464
3601
3575
2672
1049
46
-1140
-2136
-2301
-2653
-2717
-1804
-1035
-591
20
690
1477
1926
1849
1946
2047
1887
1762
1346
752
621
96
-1461
-2576
-3012
-3803
-4017
-3485
-3173
-2238
-1087
-526
586
1376
1152
1377
1324
397
-88
-239
-618
-903
-828
-852
-1415
-1836
-2032
-2117
-1327
-504
-95
881
1338
1002
1512
2287
2324
2004
1369
526
-61
-529
-1071
-1195
-1161
-1617
-1811
-1957
-2155
-1298
-930
-1029
-260
-966
-1298
1064
1778
1478
2540
2224
1801
2127
1296
823
524
-738
-1474
-1411
-1248
-657
436
954
836
1126
1304
910
664
368
-256
-523
-539
-892
-850
-362
-330
-291
-470
-1158
-1325
-1285
-1232
-831
-330
700
1864
2391
2820
3159
3327
3587
3316
2635
2177
1763
1159
625
525
303
-60
-207
-970
-1867
-1870
-1905
-1974
-1452
-1402
-1416
-872
-807
-592
25
156
205
59
-527
-727
-514
-349
-188
-18
29
-91
-328
-828
-1015
-641
-699
-844
-767
-996
-686
-94
-407
-655
-896
-1981
-2241
-1674
-1469
-839
76
610
912
1043
1183
1377
1620
1397
683
636
909
931
1234
1419
1227
774
-46
-667
-1382
-1977
-1871
-2281
-1989
-917
-705
402
1636
1372
1140
931
-15
-486
-547
-1071
-1016
-340
244
825
1667
2168
1907
1749
1124
140
3
45
19
474
805
581
407
595
615
142
-391
-1170
-2094
-2262
-2207
-1985
-795
255
626
1213
1638
1629
1844
2044
1662
1086
964
1143
1416
1739
1632
1333
1275
878
133
-337
-763
-1064
-920
-767
-472
9
162
-47
-397
-904
-1351
-1510
-1755
-1768
-1699
-1943
-1660
-1054
-738
-554
-457
-460
-615
-932
-1081
-691
7
409
329
304
608
835
778
519
69
-501
-905
-977
-799
-497
-4
466
533
496
505
409
218
-151
-532
-402
131
658
1340
1665
1354
990
354
-246
-536
-1048
-1387
-1509
-1671
-1376
-516
397
802
898
742
155
-79
-89
-449
-382
82
112
258
879
1123
1106
969
197
-513
-738
-919
-980
-613
-127
30
394
1006
1191
1309
1464
1148
771
419
-99
-259
-140
-135
-164
64
305
423
852
1136
1103
1174
1076
867
906
892
791
816
573
219
72
-246
-518
-661
-1060
-1346
-1521
-1802
-1632
-1371
-1357
-1048
-963
-1174
-829
-498
-359
245
484
151
174
30
-380
-230
-151
-464
-427
-335
-421
-155
236
273
216
286
92
-168
-123
-291
-586
-606
-667
-703
-365
-24
168
504
714
775
900
1079
1243
1012
751
693
469
520
484
140
39
-406
-977
-986
-1358
-1746
-1309
-1567
-1700
-692
-558
-355
480
229
12
380
147
240
816
629
582
822
588
696
952
667
377
120
-230
-202
30
258
593
666
583
607
609
672
544
185
-230
-624
-691
-574
-324
-44
65
238
432
690
1014
1173
1251
1155
923
919
995
1061
1122
960
715
501
325
170
-295
-870
-1417
-2008
-2231
-2177
-1966
-1610
-1314
-962
-639
-328
68
239
78
-66
-207
-439
-239
90
-91
-192
-86
-329
-294
164
106
-11
216
-19
-193
287
378
117
171
-167
-656
-380
-129
-280
-201
-351
-821
-761
-493
-475
-328
-233
-447
-441
-99
228
642
947
921
803
743
703
692
456
14
-407
-987
-1037
-827
-762
-295
-223
-243
23
52
61
98
45
-146
-156
184
720
1118
1445
1668
1348
1118
1042
613
266
-30
-539
-662
-355
-131
208
571
424
90
-33
-292
-545
-508
-658
-828
-546
-175
262
882
1210
1186
1077
885
653
451
261
-10
-230
-213
-125
87
466
550
363
152
-211
-534
-660
-837
-1053
-1166
-1138
-938
-589
-187
13
-74
-266
-536
-820
-886
-836
-840
-704
-440
-213
148
602
823
924
1025
930
813
869
824
682
617
392
28
-185
-409
-688
-798
-873
-990
-972
-888
-820
-677
-508
-399
-263
-76
71
167
282
376
265
129
128
-144
-462
-527
-853
-1058
-886
-962
-746
-242
-86
374
973
1275
1733
1973
1938
1903
1464
1010
673
103
-117
-171
-452
-452
-411
-587
-547
-435
-558
-503
-310
-276
28
450
715
1109
1304
1193
1045
758
415
60
-346
-713
-1034
-1206
-1129
-936
-631
-252
-54
170
473
573
771
913
681
529
400
155
170
223
75
-81
-284
-506
-632
-681
-604
-656
-696
-468
-369
-105
403
523
552
556
234
-30
-123
-299
-513
-622
-804
-1002
-891
-748
-657
-409
-319
-320
-102
62
245
524
562
547
582
540
594
619
497
332
83
-127
-216
-295
-347
-427
-506
-551
-529
-398
-324
-218
-143
-183
-9
138
192
490
455
255
361
20
-123
-1
-368
-372
-342
-558
-333
-82
10
274
414
355
409
416
449
523
522
579
524
440
434
285
85
-58
-303
-527
-560
-573
-544
-374
-204
-96
92
305
410
514
626
591
497
534
489
314
326
188
-158
-225
-374
-650
-591
-611
-749
-556
-414
-353
20
288
400
674
739
633
617
423
170
35
-215
-414
-443
-513
-483
-333
-262
-164
-83
-115
-105
-90
-99
-12
101
194
278
327
338
253
134
-12
-236
-400
-483
-562
-494
-316
-197
-6
234
308
342
429
345
215
254
174
41
126
67
-113
-84
-224
-497
-520
-628
-808
-677
-520
-457
-127
243
314
526
757
505
413
442
7
-102
13
-273
-176
30
-149
-19
70
-124
-76
-125
-265
-181
-164
-88
123
194
292
389
277
199
128
-97
-218
-257
-390
-380
-266
-261
-170
-29
-26
25
125
151
225
342
421
494
552
560
487
340
173
-50
-287
-411
-500
-529
-378
-200
-30
231
408
455
510
462
302
204
111
9
18
59
66
104
103
20
-85
-222
-388
-526
-602
-593
-498
-310
-43
219
446
628
686
632
528
343
118
-62
-219
-335
-357
-331
-281
-187
-92
-41
0
31
23
17
39
39
36
45
15
-37
-73
-146
-257
-325
-402
-508
-493
-461
-448
-278
-149
-62
193
304
348
564
562
501
585
443
278
222
-9
-190
-263
-435
-510
-473
-473
-389
-234
-127
-11
113
173
207
229
207
183
159
127
103
58
12
-24
-95
-161
-197
-245
-243
-178
-120
-16
125
207
295
375
333
278
220
68
-36
-90
-195
-204
-164
-188
-125
-41
-44
23
92
83
153
227
225
284
311
270
264
202
110
48
-55
-134
-191
-268
-284
-292
-299
-242
-202
-157
-68
-13
41
110
138
163
183
162
133
104
58
26
8
-6
6
31
50
73
80
63
49
20
-17
-33
-45
-45
-27
-21
-4
8
-12
-37
-78
-138
-181
-213
-223
-204
-162
-85
-13
57
133
154
165
176
117
73
63
9
-2
38
43
62
97
69
18
-27
-120
-213
-251
-288
-295
-229
-158
-85
20
83
105
126
95
33
-6
-47
-84
-67
-26
16
76
127
138
128
108
54
0
-31
-65
-79
-42
-4
28
77
96
69
53
22
-37
-62
-71
-87
-59
-8
23
74
114
108
94
61
7
-25
-42
-45
-20
8
36
66
70
59
39
-3
-36
-48
-54
-32
11
39
66
86
60
23
-14
-81
-134
-145
-151
-124
-47
17
74
140
152
126
107
52
-15
-36
-59
-76
-43
-15
-10
14
14
-34
-63
-96
-157
-159
-132
-118
-34
63
115
197
246
223
212
167
78
23
-40
-108
-131
-152
-164
-142
-124
-109
-79
-59
-47
-20
2
17
42
57
55
55
44
20
1
-24
-52
-68
-80
-88
-79
-64
-52
-26
5
36
72
109
142
169
186
192
173
132
73
-4
-84
-153
-210
-239
-232
-205
-151
-69
8
82
155
191
200
200
170
130
106
81
61
60
52
34
21
-10
-59
-99
-139
-170
-168
-133
-80
-1
90
159
204
224
194
130
53
-49
-148
-216
-270
-286
-252
-203
-140
-60
-1
42
85
101
109
121
122
131
144
146
141
116
71
8
-69
-142
-216
-270
-285
-287
-243
-153
-69
37
145
206
247
259
223
175
110
38
-23
-75
-120
-140
-144
-142
-126
-103
-79
-52
-20
9
41
70
99
125
141
151
144
116
76
25
-43
-104
-156
-199
-211
-194
-160
-99
-21
54
134
204
247
270
267
228
171
102
22
-48
-106
-151
-176
-185
-182
-168
-143
-116
-82
-43
-9
29
69
104
137
161
169
167
150
114
69
16
-44
-93
-129
-149
-144
-119
-78
-24
32
74
105
117
108
86
55
15
-21
-49
-71
-83
-85
-84
-81
-72
-66
-58
-42
-26
-1
35
71
109
144
163
168
153
115
64
5
-58
-110
-148
-168
-169
-153
-127
-95
-58
-26
0
21
34
42
52
60
66
72
72
66
52
30
0
-32
-61
-84
-96
-93
-79
-54
-23
9
36
54
62
60
45
24
1
-17
-28
-32
-28
-20
-13
-3
2
4
3
0
-3
-3
0
9
24
39
55
65
67
58
41
18
-6
-30
-52
-65
-71
-69
-58
-41
-22
-4
12
24
30
32
32
30
31
32
36
41
44
49
49
44
33
16
-5
-27
-48
-65
-73
-73
-62
-46
-23
1
24
41
51
53
45
35
22
7
-3
-9
-10
-7
-1
4
7
5
0
-9
-21
-34
-40
-42
-34
-20
-3
15
31
39
40
29
10
-14
-37
-55
-66
-68
-64
-50
-30
-6
14
27
31
26
19
11
5
2
5
11
20
27
31
31
24
10
-9
-28
-44
-54
-53
-42
-24
-2
19
38
54
62
63
56
43
30
15
8
1
-3
-7
-12
-16
-20
-26
-31
-35
-33
-28
-16
-2
14
29
42
48
47
39
29
15
3
-10
-23
-35
-44
-49
-54
-56
-57
-53
-43
-28
-11
8
30
48
62
67
64
51
32
13
-6
-21
-30
-34
-32
-25
-18
-8
-4
-2
-1
0
1
6
14
26
38
51
57
58
48
30
4
-25
-51
-73
-84
-83
-70
-46
-20
5
24
37
42
39
32
24
15
9
9
9
13
12
9
0
-14
-30
-46
-55
-59
-51
-35
-11
18
44
63
70
65
51
27
4
-18
-37
-49
-54
-52
-44
-33
-23
-14
-10
-8
-7
-4
2
14
28
44
56
60
57
44
24
2
-23
-46
-62
-69
-65
-50
-27
-1
22
42
53
60
58
51
41
32
25
21
18
18
14
11
4
-5
-16
-24
-32
-33
-29
-19
-7
10
25
35
40
37
26
10
-10
-30
-47
-59
-65
-64
-59
-49
-37
-24
-9
5
18
29
36
40
38
35
28
18
8
-6
-19
-33
-47
-57
-60
-56
-46
-34
-23
-11
2
16
30
39
45
46
44
39
31
21
9
-3
-11
-18
-21
-23
-19
-12
-3
9
21
31
38
41
40
35
26
12
0
-13
-23
-31
-38
-43
-44
-40
-31
-19
-5
7
18
29
37
42
46
44
39
33
22
10
-2
-14
-24
-31
-35
-36
-32
-25
-16
-5
5
16
24
33
36
39
36
31
24
13
0
-13
-27
-38
-45
-47
-46
-40
-28
-17
-4
8
16
24
28
28
23
17
9
0
-7
-13
-18
-20
-22
-23
-23
-20
-15
-6
3
12
22
29
33
33
28
21
10
-2
-14
-26
-33
-38
-39
-34
-29
-20
-11
-3
5
8
13
17
20
22
21
23
20
16
10
5
-2
-9
-16
-22
-26
-25
-21
-10
0
12
23
28
31
29
24
16
7
-2
-10
-18
-21
-22
-20
-14
-10
-3
1
5
8
10
10
11
11
15
18
20
20
16
8
0
-8
-17
-24
-30
-30
-25
-16
-5
8
18
25
30
29
25
20
12
5
0
-3
-5
-6
-8
-10
-12
-15
-17
-18
-14
-10
-4
3
9
13
14
13
9
4
-3
-10
-13
-17
-15
-12
-7
-1
4
7
9
8
5
3
-1
-3
-3
-3
-2
-3
-4
-7
-11
-16
-17
-19
-19
-13
-5
3
12
19
23
23
20
14
7
-1
-8
-13
-15
-12
-8
-2
4
8
9
9
7
2
1
-1
-1
1
2
4
3
1
-4
-11
-17
-22
-24
-19
-12
-3
9
19
28
35
37
35
28
19
9
1
-4
-9
-11
-12
-12
-10
-8
-8
-8
-6
-3
1
5
11
17
21
23
22
17
9
1
-9
-18
-26
-29
-30
-25
-18
-9
-1
7
16
20
23
23
20
17
12
6
0
-7
-14
-21
-27
-32
-34
-33
-29
-22
-12
-1
9
20
27
30
29
24
19
12
3
-5
-12
-19
-22
-27
-27
-25
-22
-17
-10
-2
9
18
26
35
39
40
36
29
18
6
-6
-17
-23
-26
-25
-22
-16
-10
-3
3
9
14
16
20
20
19
18
16
12
8
0
-8
-18
-26
-34
-38
-38
-34
-26
-16
-3
9
20
26
28
27
22
15
8
2
-5
-9
-12
-12
-12
-11
-10
-9
-6
-4
1
5
9
15
19
22
23
19
15
8
-2
-12
-22
-30
-36
-36
-34
-29
-20
-10
-1
7
16
20
24
26
26
25
23
20
16
11
5
0
-6
-10
-13
-12
-10
-5
1
8
14
20
23
24
22
17
11
2
-6
-13
-17
-20
-20
-20
-18
-15
-12
-9
-5
-3
0
3
5
8
10
12
12
12
8
5
0
-5
-11
-14
-16
-16
-14
-10
-6
0
3
8
11
12
11
8
3
0
-3
-7
-8
-8
-8
-7
-7
-8
-8
-10
-8
-7
-5
-2
1
5
7
8
9
7
3
1
-2
-6
-9
-11
-9
-7
-4
-1
1
5
7
8
8
9
8
9
9
9
8
6
3
0
-4
-6
-9
-10
-10
-9
-7
-5
-2
0
3
3
3
3
2
0
0
-2
-2
-1
-2
1
0
3
5
7
9
10
11
11
10
9
9
8
7
8
7
6
4
1
-1
-3
-4
-5
-5
-6
-4
-4
-1
1
3
4
4
4
1
0
-3
-5
-7
-8
-9
-10
-10
-10
-10
-9
-8
-7
-6
-4
-3
-2
0
1
1
0
1
0
-1
-3
-4
-6
-7
-7
-7
-6
-4
-1
3
5
8
8
9
6
3
1
-1
-2
-1
-1
1
3
5
6
6
6
5
4
5
5
6
7
8
8
8
8
7
4
-1
-2
-6
-8
-10
-8
-7
-5
-3
-1
0
1
1
0
-1
-3
-4
-5
-4
-3
-1
2
3
3
1
1
-1
-3
-4
-5
-5
-3
-3
-1
0
1
3
3
2
1
-1
-1
-1
-1
0
2
4
3
3
4
2
2
0
0
0
0
1
1
1
3
3
2
1
0
-1
-2
-4
-4
-4
-4
-3
-1
0
1
3
2
3
4
4
5
5
5
5
5
4
3
2
1
0
-1
-3
-4
-5
-5
-5
-3
-4
-3
-2
-2
-2
-2
-3
-4
-4
-4
-5
-4
-6
-5
-4
-4
-3
-3
-2
-2
-2
-1
-2
-1
-1
-1
-1
0
-1
0
0
1
1
2
3
3
3
3
3
2
3
3
4
4
5
5
3
4
2
2
1
2
2
2
3
3
4
4
3
3
3
3
4
4
4
4
3
1
1
0
0
-1
-2
-4
-4
-5
-3
-1
-1
0
2
2
2
1
1
0
0
-1
-1
-2
-1
0
-2
-1
-1
-2
-3
-5
-5
-5
-6
-7
-4
-3
-2
0
-2
-2
-4
-4
-7
-8
-9
-6
-6
-5
-2
-2
-1
0
2
4
3
4
4
5
7
6
5
6
5
5
4
2
1
-2
-2
-2
-3
-3
-3
-2
-1
-2
0
1
1
1
1
1
1
1
2
2
2
4
5
4
4
3
2
3
3
5
5
5
5
4
3
1
-1
-1
-3
-2
-3
-3
-4
-4
-4
-3
-2
-2
0
0
0
0
0
0
-1
0
-1
-1
-2
-2
-3
-2
-2
-1
-1
-1
0
1
0
0
0
0
1
1
2
2
2
1
1
0
-1
-2
-4
-3
-1
-1
0
0
0
1
2
3
3
2
1
0
0
0
-1
-1
-3
-1
-2
-1
-1
-1
0
0
0
2
1
2
2
1
1
1
1
0
1
1
0
1
0
0
-1
0
-1
0
0
0
0
0
0
0
0
0
0
0
0
-1
0
-1
-1
0
0
0
0
1
2
2
2
2
0
0
0
0
0
0
-1
0
-1
-1
0
1
1
2
2
2
2
1
1
0
1
1
-1
-1
-1
-3
-3
-3
-3
-3
-2
-2
-1
-1
1
1
0
1
2
2
2
3
3
4
2
2
1
1
1
2
1
-1
0
-1
0
0
-1
0
0
0
-1
0
0
0
-1
-1
-1
-2
-2
-1
-3
-2
-2
-2
-2
-3
-2
-1
0
0
0
1
0
0
-1
-1
-1
-1
-1
-1
0
1
0
1
1
2
2
2
2
2
2
3
3
2
3
3
2
2
1
0
0
0
-1
-1
0
0
1
1
1
0
0
0
0
0
0
0
0
0
0
0
0
-1
0
0
1
0
1
0
0
0
0
0
0
0
0
-1
1
0
1
0
0
0
0
1
1
0
-1
0
1
-1
0
0
0
0
0
-1
-1
-1
-1
-2
-2
-2
-2
-1
-2
-1
0
0
0
0
0
0
0
1
0
1
1
0
0
0
-1
0
1
0
0
0
1
0
0
0
0
0
0
0
0
0
0
1
1
1
1
2
1
2
1
0
0
0
1
1
1
1
1
0
0
-1
0
0
1
-1
0
1
0
0
-1
-1
-2
-2
-2
-2
-1
-1
0
0
0
0
0
0
0
0
0
0
0
0
0
0
0
-1
0
-1
0
0
1
1
2
2
2
1
4
2
1
3
-1
