SAMPLES:	14704
BITSPERSAMPLE:	16
CHANNELS:	1
SAMPLERATE:	16000
NORMALIZED:	FALSE
0
1
0
2
2
1
0
-1
0
0
0
0
0
0
0
1
1
1
1
1
1
0
-1
0
0
0
0
0
0
0
0
0
0
-1
-2
-1
-1
-1
-1
-1
0
0
0
0
0
0
0
0
0
0
0
0
0
0
-1
0
0
-1
-2
-1
-3
-1
0
0
1
-1
-1
0
0
1
0
-2
2
-3
4
-2
4
0
1
1
1
1
0
0
0
-1
1
1
1
0
0
-1
0
0
0
2
1
1
1
2
1
0
0
0
0
-1
0
0
0
0
0
0
0
0
0
0
-1
-1
-1
0
0
0
0
-2
-1
-1
-1
-1
-1
-2
-2
-2
-3
-2
-3
-1
-1
0
0
0
1
2
3
1
2
2
0
1
2
2
2
1
1
1
-1
0
0
0
-1
0
-1
0
0
0
1
1
0
1
1
1
1
0
0
-1
-1
-1
-1
-1
-1
-1
-1
-1
-2
-2
0
0
0
0
0
1
0
0
0
0
0
-1
0
0
-1
-1
-1
-1
-1
-1
-1
1
0
1
0
0
2
0
2
1
1
1
0
0
1
0
0
-1
0
-1
0
0
0
-1
0
0
0
0
1
0
0
0
1
1
1
1
0
1
0
0
0
0
0
0
1
-1
-1
-1
0
0
0
0
0
0
1
2
2
1
0
1
1
1
1
1
0
0
0
1
0
0
-1
0
0
-1
-2
-2
-1
-1
0
-1
-2
-1
-1
-1
0
0
0
-1
-1
0
0
-1
1
0
1
1
-1
1
0
0
1
1
1
1
-1
0
0
-1
3
-3
3
-2
1
-1
0
0
0
0
0
0
0
0
1
0
0
0
0
0
0
-1
0
0
-1
0
0
-1
0
0
0
0
0
0
0
-1
0
-1
-1
-2
0
-1
-1
-2
-2
-1
-1
-1
0
-2
0
0
0
-1
1
0
0
0
1
-1
0
0
0
1
1
1
1
1
1
1
1
0
1
1
1
0
0
0
0
0
0
0
1
-1
-1
-1
-2
0
0
0
0
0
0
0
0
0
0
0
0
0
0
0
-1
0
0
0
-1
1
-1
1
-1
0
1
-1
-1
1
-1
0
0
0
4
-2
5
-1
4
1
0
1
-1
1
1
1
1
1
0
0
0
1
0
0
0
0
-2
0
-2
-2
-2
-3
-3
-3
-3
-3
-1
-1
-2
-2
-2
-2
-2
-3
-2
-2
0
0
1
0
0
2
1
2
3
3
3
4
5
2
2
3
1
1
0
-1
0
0
1
0
0
0
0
0
0
-1
0
0
0
-1
0
0
1
0
-3
-3
-4
-5
-6
-7
-7
-7
-7
-7
-8
-6
-7
-8
-7
-7
-7
-7
-6
-4
-6
-3
-2
-1
1
1
3
4
4
3
6
7
9
11
15
19
24
28
34
43
43
47
55
51
53
55
53
51
45
44
35
28
24
12
3
-5
-16
-26
-36
-41
-48
-66
-60
-71
-89
-69
-83
-98
-65
-88
-97
-64
-89
-88
-57
-72
-59
-33
-43
-30
-21
-25
-21
-20
-19
-22
-23
-23
-25
-29
-23
-26
-21
-19
-24
3
-17
0
15
-3
32
29
56
74
95
109
134
190
156
222
280
198
281
351
225
315
369
221
288
255
200
168
76
185
2
-111
125
-167
-272
55
-274
-370
-57
-334
-444
-218
-309
-514
-313
-254
-538
-323
-245
-451
-308
-233
-286
-277
-242
-119
-243
-263
44
-250
-204
71
-217
-105
-17
-60
-127
-40
19
-175
18
-7
-94
49
34
28
160
143
161
346
224
328
465
374
439
633
548
499
897
569
593
997
510
651
847
411
627
536
172
602
72
-47
462
-391
-172
78
-619
-410
-289
-689
-753
-490
-763
-1013
-671
-784
-1144
-770
-740
-1094
-697
-694
-807
-594
-578
-437
-553
-401
-166
-469
-304
-17
-270
-359
64
-43
-474
137
79
-466
200
119
-270
241
175
46
266
236
415
264
333
762
340
518
1020
625
664
1209
996
700
1336
1264
722
1326
1352
772
1075
1234
787
590
892
660
11
310
477
-637
-280
223
-1300
-535
-426
-1567
-799
-1269
-1141
-1246
-1689
-703
-1522
-1758
-458
-1280
-1721
-206
-865
-1452
-85
-387
-998
-232
135
-651
-421
471
-399
-539
461
-195
-575
195
-50
-461
-133
151
-219
-310
375
77
-248
485
480
-85
491
1038
179
677
1583
440
955
1847
709
1291
1843
1011
1509
1629
1354
1507
1322
1528
1287
987
1339
1004
540
789
707
-137
137
359
-998
-442
-190
-1794
-955
-934
-2209
-1450
-1612
-2060
-1865
-2000
-1542
-2060
-1964
-980
-1930
-1614
-544
-1367
-1121
-324
-552
-763
-295
291
-537
-212
772
-386
-172
674
-86
-213
327
240
-294
-19
389
-126
-200
451
281
-249
510
820
-165
619
1445
-11
795
2031
161
1077
2284
384
1481
2083
795
1702
1581
1320
1646
1208
1589
1340
865
1356
1131
541
748
950
27
-33
682
-558
-720
186
-1154
-1281
-591
-1717
-1696
-1437
-2030
-1942
-2139
-2127
-2059
-2295
-1897
-1791
-1883
-1568
-1224
-1208
-1112
-437
-484
-659
149
-20
-258
499
284
108
493
325
132
213
308
-14
-15
202
-225
-146
54
-193
-18
24
41
213
43
338
526
254
730
871
564
1015
1098
968
1267
1370
1353
1347
1547
1453
1452
1755
1527
1602
1706
1391
1477
1560
1253
1301
1319
797
676
710
218
-39
137
-437
-1008
-713
-1292
-1785
-1396
-1851
-2180
-2225
-2214
-2418
-2708
-1887
-2221
-2474
-1612
-1709
-2073
-1269
-580
-1644
-694
-79
-1256
-420
38
-329
-456
76
-40
-771
-179
53
-509
-423
137
-439
-679
130
-69
-355
360
473
-39
558
882
616
1065
1606
1415
1274
1924
1754
1729
2529
2406
2368
2632
2539
2759
2748
2876
3246
2374
2578
2921
1486
2320
2587
702
1442
1527
-668
-263
572
-1440
-1839
-769
-2549
-3543
-2421
-3133
-3762
-3639
-3648
-3381
-4846
-3801
-1996
-4808
-3263
-711
-4231
-2984
16
-2563
-2200
461
-760
-1915
-48
556
-1241
-220
1272
-599
-809
705
168
-768
202
1081
-480
-578
1429
350
-480
1936
1748
71
2070
2892
1017
2523
3910
2245
2939
4209
3021
3439
4095
3740
4046
3249
4047
3710
2256
3836
3082
1587
2523
2350
209
841
1361
-1119
-497
-428
-2039
-2386
-2434
-2750
-3932
-3614
-3579
-4543
-4423
-4651
-4303
-4317
-5275
-3342
-3506
-5661
-2386
-2426
-5017
-1371
-1214
-3720
-1124
-450
-2122
-1023
130
-582
-1047
-105
231
-623
-480
689
379
-1011
554
1378
-905
766
2504
158
1028
3227
1730
1843
4082
3599
3180
4558
4839
4416
4901
5392
5472
5114
4887
5880
4705
3749
5531
3889
2464
3942
2476
1122
1854
738
-351
-64
-1360
-2271
-1401
-3015
-4182
-2629
-4209
-5553
-3943
-4803
-5629
-5052
-5119
-4770
-5924
-5105
-3156
-5974
-4781
-1668
-5296
-4493
-647
-3440
-3958
-451
-1429
-3460
-830
280
-2200
-1307
1124
-917
-1719
1395
257
-637
1053
1259
1097
265
2625
2918
1064
3576
4451
2690
3623
6257
4635
4414
7274
5870
5077
6803
6729
5899
6067
6415
5763
4184
4627
5016
2392
2557
3294
231
-447
799
-1447
-2920
-1310
-3053
-5358
-3545
-4526
-6552
-4920
-5142
-6672
-6508
-5667
-5819
-7210
-5312
-3838
-6901
-5285
-2587
-5834
-4767
-1499
-3521
-3965
-1732
-1693
-3085
-1849
157
-1522
-1694
462
-467
-1065
585
1353
640
675
2424
1900
762
3446
4109
2179
4234
5665
3524
4416
6931
5847
5378
7522
7075
5690
6808
7543
6710
6115
6659
6151
4265
4384
4630
3003
2467
2154
545
-400
-990
-2227
-2633
-2757
-4563
-5453
-4993
-6793
-7401
-5760
-6880
-7838
-6894
-7073
-7477
-7241
-5670
-5300
-6778
-4932
-4030
-5980
-4031
-2235
-3697
-3131
-1464
-2136
-2885
-956
-174
-1703
-481
831
-867
-647
1198
1031
551
1825
2836
1648
1881
4234
3873
3309
5704
6147
4655
6130
7846
6647
6977
9035
8167
7027
8298
8419
7112
7182
8088
6676
4721
5638
4929
2415
2858
2768
353
-1024
-1071
-1916
-4091
-4339
-3575
-6002
-7707
-6437
-7202
-9295
-8374
-6698
-8715
-10112
-6921
-7328
-10116
-6404
-4816
-8173
-6412
-3899
-5838
-5722
-2764
-2590
-4128
-2791
-1377
-2751
-2668
-327
-354
-1784
-330
756
-1019
-265
2119
1221
900
2998
2844
2001
3927
5315
4970
5878
7283
6874
6828
8680
9084
8987
10178
9765
9093
9330
9096
9128
9017
8431
7307
6047
5598
4300
3261
3803
1928
-632
-275
-1715
-4261
-3443
-3445
-6081
-7120
-6563
-8102
-9687
-7906
-7725
-9747
-9354
-8608
-9268
-9781
-7900
-6335
-8319
-7446
-5105
-6941
-6722
-3482
-3680
-4948
-2986
-2417
-3980
-2859
-905
-1276
-1899
-608
-259
-1543
-358
1641
1040
912
2707
2959
1962
3687
6014
5074
5468
8138
7268
6605
9373
9896
9274
10480
10969
10195
9835
10379
10567
9824
9058
8964
7747
6020
5787
5130
3976
2346
1144
382
-2503
-3755
-3052
-4910
-6724
-6633
-7671
-9888
-10048
-8914
-10012
-10594
-9471
-10527
-10967
-9714
-9901
-8702
-7947
-8727
-7127
-7315
-7485
-5007
-5044
-5006
-3356
-3679
-4199
-2575
-1884
-2064
-1071
-546
-808
-874
20
848
1086
1540
2916
3009
2469
4435
5134
5365
6792
7728
8286
8251
9191
10355
10858
10997
11779
12542
11267
11093
12401
11506
10003
11061
10126
7048
7666
6729
3845
4406
2838
355
-101
-2618
-3677
-4334
-6492
-6316
-7829
-10173
-9781
-10436
-12101
-11529
-10327
-12031
-13015
-10833
-11075
-12438
-9600
-8304
-10087
-8723
-7343
-7642
-6885
-5415
-4222
-4644
-4789
-3327
-3171
-3828
-1857
-891
-2509
-1646
-603
-1390
-568
869
1260
1466
1890
2767
3650
4359
5677
7133
7744
7972
9394
10518
10548
12312
13314
12521
13671
13894
12641
13737
13762
12468
12389
11253
10183
8806
7481
7521
5218
3425
3181
444
-1781
-1944
-3384
-5996
-6057
-6369
-10195
-10760
-8950
-11643
-12889
-10075
-11076
-14072
-12036
-9893
-12195
-11518
-8019
-8614
-10606
-8052
-5712
-8274
-6543
-3388
-4804
-5698
-4318
-2761
-4737
-3611
-1190
-2893
-3334
-2596
-1393
-2346
-1973
882
-175
-670
1507
2037
2235
3879
5584
6465
6304
7654
9643
9109
10856
13235
12104
12917
14183
13354
13464
14642
14456
12598
13277
12886
9691
9926
10355
7408
5763
5997
3544
398
33
-150
-3179
-5689
-4394
-6282
-10941
-9580
-8169
-12469
-13260
-9788
-11602
-15251
-12684
-9964
-12993
-13395
-8595
-9089
-12612
-9102
-6046
-9056
-8177
-4231
-5195
-6875
-4785
-2864
-4251
-4435
-1364
-1931
-4180
-1966
-809
-1977
-1224
104
853
232
376
3200
3556
2931
5673
6948
6430
7806
9352
10411
11432
12004
12989
13859
13827
14065
14817
15076
14496
13858
13796
13178
11608
10914
10598
8625
6673
6031
4265
1774
794
-186
-2451
-4930
-5895
-5967
-8962
-11361
-9209
-10617
-14978
-13236
-10999
-14380
-16498
-12372
-10541
-16050
-14352
-7192
-11926
-14282
-6256
-7358
-11349
-6485
-4396
-6601
-6091
-4030
-3179
-4483
-4162
-1408
-1754
-4068
-2071
447
-2159
-2130
2035
1080
-1028
2720
4552
2340
4677
7532
6697
7448
9346
11002
11345
11755
14452
14075
13263
16085
16093
14637
16662
17055
13674
14052
16079
12431
10411
13195
10429
4651
6449
7484
677
-958
2734
-2554
-8657
-4471
-4701
-12622
-11639
-7253
-13140
-17650
-12166
-10992
-17471
-16459
-10007
-13432
-18549
-11795
-7930
-14547
-12849
-5586
-9328
-12309
-5899
-4415
-8231
-6478
-3111
-4514
-6501
-3870
-1662
-3759
-4088
-1647
-1696
-3216
-1286
325
246
-37
1275
4481
2546
3468
8174
6781
6747
11174
10532
10155
15555
13207
12804
17891
15596
14981
16833
17746
15921
13928
17090
15420
11247
12970
12798
8722
7093
7587
5689
1022
384
1951
-3841
-7601
-3130
-6437
-13564
-9782
-8458
-16037
-16257
-10526
-13589
-18958
-14456
-10553
-16488
-17557
-9378
-10178
-16247
-10987
-6359
-11575
-11618
-5594
-5885
-8907
-6703
-3950
-5631
-6565
-3496
-2236
-4582
-4252
-969
-1596
-3568
-240
1816
-995
284
4177
3525
3147
6284
8045
7440
8506
11540
12544
12581
14428
15378
15330
16455
17159
16661
16698
17711
16392
14163
16362
15853
10682
12075
13452
7649
6018
7782
4313
200
760
311
-5433
-6591
-3707
-9586
-13257
-8608
-11261
-16871
-14427
-11439
-15777
-18957
-12758
-11449
-18560
-14908
-8864
-13007
-13788
-10446
-7736
-9909
-11709
-4109
-5185
-10377
-4557
-3067
-6975
-4382
-1982
-4047
-3818
-2535
-1611
-1962
-2373
275
369
-741
1518
3286
3082
3766
5812
7405
7723
8481
10964
12469
12505
13680
14941
15193
16097
16687
16595
17480
16813
14886
15896
16638
13968
12480
13250
11704
7747
6710
7982
4465
39
1770
300
-6630
-5935
-3533
-10080
-12492
-8123
-11949
-17660
-13488
-10823
-16763
-18043
-11347
-12441
-19220
-13828
-7516
-14077
-15040
-7246
-8384
-12663
-8810
-4746
-7069
-8644
-4996
-4238
-7100
-5566
-2770
-3947
-5098
-3251
-2216
-3578
-2977
-177
-125
-1308
1397
3424
2147
3475
6560
7621
7236
8929
12556
11377
10835
15693
15204
13754
17214
16753
15164
16814
17417
15375
14680
16489
14217
10660
12966
12564
5888
6584
9725
2754
-1023
3401
-103
-8084
-3969
-1865
-11962
-11842
-6294
-13080
-17006
-11032
-10762
-17661
-16989
-10314
-13456
-18605
-11751
-8230
-15284
-13828
-6618
-9996
-12818
-7106
-5328
-8349
-8172
-5350
-5112
-6890
-5442
-2873
-4209
-5503
-2880
-2208
-3425
-2015
-230
42
-250
1890
3649
3142
4614
7041
8039
8225
10227
12160
12042
13573
15167
15050
16169
17116
16687
17099
17475
17169
16123
15585
16509
13859
11065
13286
10994
5695
7505
7521
1044
-184
2058
-3215
-7886
-3961
-5660
-13731
-11557
-8318
-15746
-17730
-11349
-13151
-19766
-16084
-10609
-16299
-18344
-10232
-10170
-16462
-11844
-6814
-11592
-11404
-6217
-5709
-7955
-7291
-4080
-4664
-6324
-3438
-1478
-4174
-3839
-1151
-1410
-2196
-969
1829
1153
-2
3240
5227
3747
5348
8005
7878
9249
9563
12182
14220
11665
14577
16422
14458
15836
17203
16809
16111
16114
16231
14887
14204
14297
11954
10912
10760
6529
5677
7035
1797
-503
1479
-3780
-7564
-3900
-7165
-13183
-9955
-10099
-16505
-15987
-11800
-14737
-19573
-14747
-11169
-18163
-17370
-9149
-12306
-16389
-10464
-8253
-12115
-10951
-6368
-6686
-9314
-7137
-4589
-6139
-6482
-3856
-2684
-5168
-4462
-458
-2519
-4056
724
1176
-1485
1924
4168
2961
4630
6014
7433
9270
8872
10764
14042
12907
13136
16569
16424
15990
16989
17832
18191
16411
16989
17715
14552
14623
15185
11334
10977
10825
6395
5858
6100
1492
-357
325
-4741
-6375
-3555
-9623
-12716
-8259
-11818
-17202
-13721
-11015
-16878
-19445
-11502
-12075
-20291
-13581
-9162
-15711
-13567
-10166
-10416
-10495
-11277
-7578
-5981
-9640
-7536
-4396
-6887
-6858
-3983
-3395
-5457
-4449
-772
-3182
-4025
760
259
-1090
2726
3917
3435
4823
5588
8801
10633
8992
12026
14625
13047
14264
16854
17696
17166
16927
18329
18271
16639
17329
17363
15116
15077
13514
11239
11370
8733
6665
6751
3599
94
249
-1926
-6407
-5012
-5402
-12628
-12585
-8790
-15032
-17724
-11956
-13543
-19289
-16845
-11536
-15910
-18969
-11392
-10676
-15810
-12378
-8634
-10863
-10861
-7643
-6355
-7564
-7904
-5718
-5040
-6581
-5105
-2710
-4496
-5235
-2261
-1734
-3702
-2242
1451
496
-707
3616
4828
3299
5776
8057
9342
10331
10581
12612
14104
13608
14813
17069
16981
16188
16703
17926
17939
15969
16709
17098
13835
13644
12906
10975
9703
6836
6423
4405
997
-99
-1750
-4640
-5515
-4873
-10416
-13116
-9175
-12477
-17161
-13805
-11686
-16579
-18717
-13038
-12095
-18533
-15109
-8719
-14137
-14856
-8782
-10109
-11786
-8879
-7087
-6965
-7854
-7234
-5060
-5466
-5708
-3764
-3477
-4953
-3748
-1005
-1934
-3654
-340
3003
-473
302
6269
4745
3968
7354
9985
11679
9008
11040
16608
13537
13172
18792
18372
15609
16818
18807
17712
16068
17882
17033
13503
15150
13605
9187
11229
9970
4802
5194
4603
-670
-1649
-2157
-4931
-4530
-8078
-12362
-10726
-10864
-14510
-15140
-11894
-13536
-18995
-15281
-9874
-16461
-17476
-8846
-11410
-15580
-10667
-8959
-10914
-10382
-7515
-6524
-9101
-8418
-5339
-6233
-7488
-4732
-2985
-6425
-6285
-261
-2081
-5584
441
1664
-1110
828
3437
5720
3860
4077
11211
11454
5456
11948
18159
11051
13602
20459
16476
13826
18458
20155
15254
15967
20124
15580
11534
17010
14250
6997
12477
11786
2998
4653
5898
-1513
-2085
-758
-5588
-5932
-7435
-11366
-11008
-11552
-14075
-14634
-12723
-13509
-17888
-15911
-10446
-15578
-18023
-9276
-10478
-16510
-11412
-7803
-11439
-11463
-6887
-6126
-9392
-8685
-4535
-5183
-8340
-4510
-1354
-6459
-6349
778
-1109
-6115
349
3616
-1335
760
5797
5320
3399
6086
11674
11644
7271
12221
17548
11881
14000
20847
17219
14307
18458
19289
15820
16312
19111
16841
12218
15058
14393
6999
9831
11257
3613
2841
4127
-1417
-3630
-3071
-5147
-5932
-8587
-11447
-10824
-11890
-14491
-14903
-12263
-13816
-19181
-15043
-10592
-17111
-17378
-8592
-11654
-16043
-9233
-9183
-11108
-9412
-8051
-5326
-7708
-8801
-5138
-4904
-7625
-5501
-1427
-5065
-6946
-527
-753
-5737
-196
3343
-605
1199
4857
5862
4918
6009
11776
11812
8947
13212
16172
13421
14948
19994
17953
14750
18040
19132
15598
16243
19065
15295
12836
15356
11774
7823
10560
8689
3445
4642
2890
-2470
-1536
-3277
-6426
-4859
-8355
-12344
-10926
-11645
-15167
-14541
-11018
-14741
-19266
-14083
-11283
-17218
-16342
-8490
-11802
-16907
-10146
-7784
-12329
-10682
-6217
-6886
-9693
-8113
-5072
-6089
-7862
-4905
-3129
-6104
-5619
-2057
-2255
-4025
-1421
1488
177
339
3791
5329
4060
6457
11572
9950
7900
13585
15351
12475
15655
18597
16302
15383
18230
19633
16101
16345
19495
15058
12501
15685
12810
7672
10800
10557
2747
4369
4330
-2615
-1092
-1853
-5710
-4811
-8568
-12315
-9794
-10667
-14684
-13612
-11203
-14698
-17684
-12852
-11093
-17211
-15194
-7508
-12275
-16479
-9448
-8227
-11594
-10075
-6874
-6870
-9906
-8164
-4214
-6300
-8183
-3998
-3315
-7263
-5121
-783
-2841
-4879
-233
1707
-1056
647
4639
4912
3265
7041
11879
8963
8139
14355
15241
12552
16449
18962
15703
15693
18596
18694
16282
16527
18748
15063
12233
15350
11792
7500
11413
8493
2668
5242
2438
-2834
-1033
-3233
-5605
-5404
-10232
-11534
-10172
-13505
-14930
-11917
-12519
-17055
-16508
-12772
-13522
-16709
-12852
-8908
-14417
-14543
-8533
-9141
-10972
-9093
-6865
-7067
-9502
-7843
-3727
-6322
-8063
-2662
-2992
-7870
-4261
1163
-3629
-3981
4026
177
-327
3975
2498
7685
5806
5651
14637
9488
6318
16778
16625
11308
17947
19136
14212
16133
18857
18326
15298
16461
18359
12918
11681
15017
10777
7483
10270
6522
1946
3628
172
-3029
-2160
-4212
-5604
-8057
-10792
-10529
-11827
-14015
-13004
-12511
-15228
-15813
-14402
-13692
-14451
-15320
-11475
-10056
-14270
-12800
-8062
-8946
-10880
-7587
-5273
-8857
-9731
-5009
-4371
-7695
-5426
-2752
-5591
-6698
-2842
-675
-3913
-2392
2873
507
-1292
3739
6127
3860
5690
11584
10710
7223
12308
16328
13590
15349
19297
16749
14990
18530
19297
17106
17289
18166
16115
13505
14506
13088
9528
10583
9111
4425
4114
2566
-1843
-2258
-2374
-4147
-6563
-9734
-10065
-10356
-12679
-13509
-11365
-13215
-17094
-13617
-13808
-16114
-13381
-13893
-10957
-11293
-16547
-10562
-8304
-12846
-9324
-5792
-8946
-10168
-7399
-5841
-6617
-7256
-3824
-4440
-7619
-4271
-1868
-3438
-3982
511
2511
-908
659
6294
5969
3069
9704
13579
7037
9413
17286
15098
13263
18649
19124
15004
17057
20477
18341
16692
18289
17934
14321
12972
14092
11137
8452
10465
7760
2914
2900
581
-2777
-2979
-2949
-5715
-9775
-10181
-10323
-12810
-14310
-12749
-11945
-16588
-17060
-12406
-14691
-17036
-12544
-10722
-13367
-13689
-12022
-10686
-10363
-10853
-7931
-6230
-10054
-9858
-5107
-6102
-8454
-4018
-2938
-7134
-5812
-1391
-1783
-4498
-580
3849
106
-464
5509
7220
4064
6767
14242
11244
6798
14861
18410
12703
15518
21230
16783
14156
19400
20171
15222
16471
19408
14180
11842
14485
11456
7548
8922
7867
3529
1696
679
-1265
-4343
-4073
-3524
-9280
-10910
-9099
-12134
-14248
-12768
-11175
-14311
-16475
-12837
-12973
-15903
-13820
-10445
-12061
-13220
-12034
-10650
-8634
-10794
-9508
-4826
-8342
-10984
-5427
-4413
-8858
-5827
-1817
-4787
-7105
-3062
420
-4262
-3719
4457
2314
-2516
3565
7828
3986
5153
12339
11990
6966
10969
17566
14576
12468
18744
18864
13292
16184
20391
17021
14984
17865
16807
11757
11760
13585
10073
7234
8609
6318
1283
459
441
-2959
-4455
-2679
-7104
-11167
-8976
-10959
-13286
-11915
-11067
-13076
-15341
-13751
-13161
-14674
-13409
-10657
-11064
-12522
-12455
-11622
-8959
-9214
-10282
-5933
-6359
-11127
-7855
-3462
-7548
-8303
-2426
-3902
-7369
-4668
-950
-2612
-5055
389
3593
-1197
-1151
7307
5739
1896
10260
12227
7978
9145
14904
16054
12980
16083
19236
16963
15248
18524
19263
16070
16395
18042
15661
11174
12526
13658
8394
7130
9495
4655
-1360
1062
468
-5025
-3745
-4533
-9982
-10742
-10815
-12146
-12508
-12071
-12891
-15366
-14980
-13853
-14614
-14070
-12155
-11423
-12478
-13136
-12318
-10359
-10433
-11496
-7842
-6587
-10761
-9267
-4906
-7612
-8161
-3249
-4149
-5778
-4121
-2975
-1611
-2390
-1337
3384
1980
-447
5892
7431
3578
8949
12582
8422
10366
15353
14244
13892
17090
17750
16435
17046
18444
18205
17234
16774
16943
15854
12874
11802
12190
10185
7131
6999
6541
565
-1981
-170
-3338
-5274
-5442
-8702
-10947
-11543
-12450
-13295
-12241
-12992
-15839
-14737
-13859
-15601
-14719
-12677
-12750
-12632
-12756
-14010
-10642
-8869
-12425
-8357
-5217
-10971
-9552
-4528
-7028
-7459
-4021
-4186
-5056
-4393
-3086
-1390
-1765
-1069
2852
2653
649
5472
8311
4470
7360
13994
10763
8230
15601
17668
12614
15525
20293
16876
15178
18920
19302
15989
15682
17468
15883
12490
12145
11859
9202
7356
6784
5540
1046
-1098
-353
-3678
-4858
-5373
-9149
-10321
-11394
-12551
-13102
-13691
-13490
-15362
-15497
-14630
-15279
-14378
-13566
-13671
-12631
-11999
-13986
-11768
-9440
-11840
-9859
-6610
-8609
-10387
-6577
-6292
-8427
-5469
-4700
-5267
-5403
-4587
-2091
-2920
-2829
1897
2594
85
3977
7466
5500
7326
11849
11149
9758
13704
16637
14694
15436
19055
17673
15929
19095
19208
16524
17371
17565
15886
14643
12825
11300
10670
8659
6395
6330
3576
-588
-1384
-1299
-3278
-6135
-6564
-8763
-11348
-11257
-12493
-11951
-12686
-15338
-14162
-14319
-15612
-14347
-12933
-13379
-13194
-11936
-14122
-13300
-9317
-11227
-11972
-7686
-8720
-12455
-7898
-5508
-9766
-7629
-4062
-5870
-6896
-4208
-2166
-4053
-2727
2254
2074
-161
3454
7824
5366
6141
13119
12263
9179
14199
18173
15313
14839
19880
18943
15518
18808
20256
17152
16481
17736
16279
14300
12884
11572
11382
8493
5979
6442
3423
-756
-658
-1602
-3249
-4762
-8525
-8890
-10009
-12841
-11971
-11176
-12986
-15325
-14391
-13654
-15291
-14646
-12382
-13031
-13782
-12170
-13049
-12707
-9901
-10530
-11252
-8492
-8063
-10867
-8397
-5579
-8478
-7523
-4301
-5282
-6238
-4088
-1615
-2913
-2673
1578
2278
273
3358
7480
6009
6458
11344
12765
9631
12717
18145
15110
15160
18972
18089
16735
18323
19598
17584
16507
17070
15994
13333
11932
11789
10099
8493
6867
5178
3196
-16
-1171
-2272
-3230
-4311
-8589
-9537
-9495
-12835
-13037
-10801
-12136
-15773
-14748
-12967
-15834
-15066
-11653
-12551
-13431
-12124
-13190
-12990
-9410
-10364
-10905
-8039
-8719
-10828
-8617
-5686
-8315
-7748
-4332
-5132
-6166
-4748
-1594
-2580
-3627
1209
3819
271
1563
8479
6113
4035
12293
13526
7848
11256
18025
15486
13329
19039
18995
14523
17393
20649
17035
15196
17495
15994
13289
12663
11868
10129
8692
7602
5913
4100
581
-985
-1098
-2963
-3962
-6816
-8685
-8833
-11728
-12273
-10747
-11524
-14496
-14882
-12351
-14250
-15083
-11898
-12111
-13165
-11987
-12525
-13226
-10096
-9740
-11994
-9127
-7374
-10707
-10602
-5418
-6650
-10441
-4661
-3448
-8496
-5762
-1948
-2459
-4409
-1303
4312
966
-548
7203
8115
4462
9860
14380
10463
9915
16465
18163
14610
16953
19853
16671
16253
19424
18588
16917
17051
16645
15501
12719
11243
11606
9709
6744
6968
5361
-797
-1175
-688
-4126
-3421
-5449
-9891
-9867
-10939
-12937
-12352
-10903
-13339
-15767
-13347
-14221
-15970
-12983
-12280
-13672
-12175
-12427
-14385
-11098
-9281
-12332
-10135
-6873
-10534
-11077
-6316
-6914
-9047
-6037
-4050
-5853
-6131
-3109
-1389
-3140
-1661
4088
3101
-551
5288
9075
4779
8254
14908
11281
9374
15968
17663
14115
16780
20564
17173
16072
20245
18642
15606
18098
17469
14096
14230
12762
10144
10211
7596
5767
5825
1501
-1053
-1217
-2721
-3539
-5787
-9039
-8763
-10863
-14070
-10622
-11746
-14820
-13609
-13902
-13994
-15507
-13838
-11289
-13596
-12185
-11206
-14704
-11265
-7560
-11412
-10096
-6758
-9206
-10807
-6884
-5681
-8914
-6308
-4313
-5688
-5501
-3819
-1817
-2919
-2348
2210
3188
-109
3779
8541
4665
7012
13314
11053
9222
14443
17306
14003
15117
19750
17815
15562
18721
19465
16123
15838
17453
15459
12788
12399
11756
9226
6977
6907
5977
1408
-176
549
-3245
-3558
-3470
-8517
-9283
-9175
-12086
-12355
-10454
-11938
-15100
-13192
-12639
-15473
-14008
-11857
-12202
-12384
-12216
-12975
-11286
-9384
-11600
-10065
-6679
-9138
-11508
-7560
-5949
-9559
-7719
-4999
-6201
-6605
-5205
-2145
-3184
-4131
1665
3095
-629
2515
8673
6010
4521
12104
13762
8100
11509
19301
14173
13601
20439
17284
16774
18744
18461
18400
16353
16697
17068
13409
11435
12793
10395
7231
7101
5847
2093
-355
154
-1794
-3539
-4365
-7664
-8356
-9221
-12069
-11632
-10343
-12888
-15674
-12166
-12134
-17348
-13909
-10253
-14520
-13943
-9331
-12776
-13733
-8835
-10257
-11521
-8532
-8020
-10180
-8775
-6786
-7948
-7421
-6621
-5147
-5217
-6554
-2583
-1625
-4207
-25
3173
150
1681
7083
6437
5740
11069
12412
9717
12662
17150
15702
14506
18675
18860
15720
18123
19582
16594
15959
17502
15785
13264
12968
11285
9970
8873
6644
5905
3165
-252
-256
-1507
-3192
-4351
-7928
-8753
-8950
-11862
-12307
-10216
-12091
-16233
-12498
-11714
-16682
-13437
-9749
-13314
-14100
-9747
-12287
-13699
-8275
-9489
-11792
-8470
-8409
-10680
-8348
-7735
-7303
-6579
-7968
-3779
-4058
-6800
-1382
-1117
-4167
900
3078
-42
3069
6743
5815
6348
9824
11481
10269
13006
16935
15388
14851
18120
18104
16409
18289
19020
16886
16766
16400
14460
14418
12584
10256
11391
8676
4912
6019
3342
-970
-547
-1416
-3453
-5171
-8135
-8628
-9337
-12577
-11950
-9770
-12864
-15446
-12055
-12032
-17029
-14065
-8930
-13256
-14667
-10023
-11781
-13671
-9443
-8942
-11268
-9351
-8214
-9591
-8539
-7699
-8311
-6879
-6113
-6250
-4603
-4606
-4654
-2218
-1850
-1140
1825
1283
1538
6186
6835
5629
9306
11337
9992
12681
16454
15487
14651
17284
18452
16609
17650
19441
17215
16322
17156
15557
13278
12828
12225
10653
8812
6943
6163
2997
219
560
-1241
-2212
-4042
-7273
-7399
-9153
-10611
-11090
-10579
-10346
-15748
-14122
-10041
-16737
-15962
-8744
-13161
-15727
-10802
-12381
-13629
-10345
-10434
-10705
-9847
-9845
-9509
-8612
-8580
-8788
-6331
-6459
-7474
-4593
-4519
-4827
-2476
-1266
-512
1155
1799
2966
6362
6796
7386
10977
11369
10676
14606
17029
14899
16292
18780
17572
17091
19022
19385
16841
16313
17248
15197
13232
13020
11667
9896
8450
7066
5791
2512
227
287
-1848
-2873
-4833
-7681
-7108
-10111
-12108
-10361
-10300
-13044
-15524
-12225
-12502
-17077
-14207
-9639
-13344
-15755
-10782
-11849
-14254
-10164
-10047
-11478
-10371
-10226
-9819
-8828
-8932
-8452
-6494
-7939
-7556
-4468
-4881
-3978
-2342
-1315
-466
1085
2336
3621
6409
6173
7856
11323
10830
10917
15010
16562
15056
17213
19412
17817
16465
20111
19460
15577
17645
16910
13886
12679
12201
11061
9180
7706
6045
4982
955
-980
488
-1998
-3865
-5666
-7758
-7964
-10447
-11649
-10090
-10284
-13655
-14507
-11390
-13333
-16429
-12539
-9263
-13696
-14892
-9994
-11847
-13435
-9536
-9264
-9921
-9463
-9719
-9225
-8319
-8607
-7630
-5648
-7492
-6824
-4445
-4959
-3965
-2398
-789
-543
235
2385
4082
5818
6245
8642
10765
9487
10618
15626
16863
13890
16343
19518
16262
15598
19831
19333
15226
16689
17609
12875
11850
12877
11059
8933
7769
7124
4470
744
220
537
-2056
-3092
-4757
-7771
-7791
-9535
-11184
-9141
-9299
-13796
-13385
-9924
-13574
-15890
-10612
-8742
-14108
-13696
-8991
-11672
-13135
-9651
-9234
-10457
-10273
-9748
-9520
-8956
-9133
-7980
-6698
-7956
-6539
-5356
-4704
-4416
-3450
-233
-964
724
3085
4189
5415
5678
9520
10404
9648
12359
16335
15903
13654
17782
19204
15785
17488
20815
17369
15205
18216
15780
12340
13769
12232
9495
9643
7473
5037
4503
1003
-1125
-308
-1727
-3833
-6748
-7209
-7533
-11675
-11346
-8377
-10655
-14897
-11982
-10260
-15842
-15164
-10156
-10868
-13992
-11923
-10177
-13045
-12151
-9784
-9998
-9913
-9658
-9743
-9192
-8086
-8651
-7793
-5959
-6774
-6172
-4649
-3475
-3895
-2746
669
264
723
2828
5080
5975
6432
10371
11674
9791
11847
17448
16242
13396
18787
19722
15048
16830
20628
17830
14758
17283
16359
12295
12225
11695
9847
8128
6164
5300
3225
-307
-1001
-1230
-3079
-4566
-7542
-7657
-7976
-12574
-11579
-8340
-11419
-15491
-12174
-9779
-16422
-15845
-8327
-11354
-15369
-10879
-9825
-13513
-12043
-8775
-9045
-9671
-9855
-9176
-8253
-8010
-7673
-6504
-6233
-6558
-5393
-3845
-2524
-3468
-1257
1279
536
2498
3667
6123
6712
7001
11182
11109
10357
13713
17500
15373
14094
19385
19034
15194
18077
20625
16125
14708
17765
14632
11757
12282
11093
9500
6620
5757
5121
1536
-918
-1136
-1674
-3629
-5358
-7510
-7501
-8641
-12083
-10525
-7938
-12021
-15251
-9923
-10823
-16342
-12458
-8969
-11831
-13361
-10492
-10122
-12393
-10883
-8549
-9053
-10277
-10051
-9357
-9136
-9304
-8799
-6989
-6976
-7670
-5991
-4668
-5210
-4577
-1187
-188
-541
1510
3351
4251
4527
8235
10576
8631
10911
14633
14756
13477
15916
18486
16005
16224
19335
17141
15384
17039
15574
13615
13256
13073
9429
8733
9710
4604
4779
2677
-946
347
-1785
-2389
-5250
-7676
-6358
-8988
-11394
-9347
-8165
-12240
-13676
-10251
-12067
-15735
-11976
-9269
-12148
-12722
-11109
-11261
-12011
-10804
-10096
-9061
-8801
-11677
-10582
-7129
-8704
-10253
-6296
-5918
-9053
-5744
-1992
-4815
-5089
1128
803
-1098
2981
4752
5368
6234
8998
11161
10031
11652
15070
16011
15191
16863
18039
16818
18013
18249
17598
17413
15729
15379
14849
12720
10472
10430
9676
5639
5368
4725
22
-1338
-313
-1468
-4949
-7349
-6481
-7515
-12036
-11185
-7423
-11303
-15013
-11253
-10546
-15069
-14303
-10498
-11825
-12647
-11142
-12013
-12229
-10913
-10423
-9714
-8212
-9906
-11531
-7993
-7471
-9867
-7715
-5247
-6713
-7509
-3912
-2956
-5509
-1975
2035
23
660
4655
5401
5212
7306
11198
11741
8502
13678
18174
13262
15067
19952
16809
14490
18918
19706
15005
15024
17550
14134
11454
13988
10482
7368
8770
6403
4638
1974
-738
-781
-2311
-3310
-4425
-7909
-8770
-8463
-11572
-11415
-8963
-11972
-14051
-11304
-11945
-14795
-12743
-10302
-11537
-11859
-10605
-11717
-11863
-9426
-9929
-9868
-7432
-9631
-11892
-8167
-6571
-9062
-8231
-5570
-6360
-7968
-4962
-2423
-5499
-3480
1491
-296
321
3401
4457
5607
6939
10331
11550
10333
12528
16160
15652
15127
18261
17907
16427
17929
18601
17315
15503
15854
15603
13170
11772
10740
9699
7473
5853
5911
1821
-1364
301
-806
-3215
-4398
-6407
-7559
-8665
-10586
-10059
-8585
-11541
-13910
-10678
-11052
-15079
-12161
-9039
-11689
-11903
-10777
-11092
-11615
-10864
-9745
-9919
-8333
-10362
-11607
-7556
-8369
-10063
-7327
-6194
-7810
-6671
-4426
-4436
-4372
-1442
1092
-231
1125
3905
5042
6157
8311
11665
10823
9825
13821
16434
14912
15935
18761
17183
16410
18256
18181
16503
15941
16746
14991
12105
10996
10500
9763
6561
5290
5651
476
-2657
-986
-1890
-3873
-5708
-7883
-8562
-10010
-11647
-9841
-9045
-12830
-13980
-10499
-11564
-14823
-12761
-10109
-11302
-12873
-11458
-11176
-11646
-10049
-9834
-9355
-8711
-10791
-10393
-6918
-8232
-9707
-6012
-6310
-8347
-5417
-3197
-4007
-4281
-927
994
-256
2094
4797
4980
5637
8954
12205
10444
10542
15324
16242
14504
17336
19043
16211
17193
19216
17543
16280
16381
16448
14658
12434
11125
9467
8907
7122
5132
4889
736
-2341
-1287
-2721
-3898
-5350
-8767
-8767
-9365
-12859
-11153
-8751
-12871
-14555
-11703
-12351
-14672
-13054
-10163
-10967
-12410
-11425
-11184
-11147
-9929
-9945
-8647
-7040
-10902
-11488
-5887
-7056
-9769
-5517
-4834
-7901
-5890
-2420
-2616
-3833
-1346
2167
1077
394
4408
6640
5419
7680
12463
11419
9160
14233
17577
14767
16149
19502
17368
15854
18392
19076
16720
15529
16102
14834
11761
10363
10797
9183
5952
5759
4441
-232
-1469
-914
-2602
-3050
-5535
-9067
-7091
-9163
-12722
-9432
-8429
-12643
-14099
-9779
-11240
-15873
-11696
-8463
-11599
-12140
-9659
-11166
-12133
-9071
-8805
-9118
-8524
-9773
-9957
-7866
-7285
-8988
-6601
-5982
-8284
-5848
-4563
-4456
-4271
-2368
123
241
1049
3142
6177
4875
7065
13072
10571
8746
14508
17949
13332
14238
20750
16765
13826
19751
19201
13899
15451
17716
13274
11079
12737
10492
7814
7000
6669
5208
397
-1550
-172
-2462
-3246
-4610
-8848
-7910
-9306
-11672
-9681
-9233
-11759
-13740
-10585
-11303
-15082
-11942
-8453
-11087
-12953
-9652
-10717
-12458
-8832
-8792
-9840
-8325
-9347
-10335
-7740
-6903
-8407
-6830
-5742
-6392
-5985
-4284
-2439
-3633
-1920
1591
799
1291
4563
6118
4843
7868
12800
10316
9069
15258
16398
12436
16676
20461
15127
14888
20006
17389
14520
17553
16596
13002
12908
12312
9619
8871
7893
4840
4423
2227
-2097
-2012
-2917
-3397
-5061
-9369
-8277
-9715
-12551
-11068
-9475
-12145
-15493
-11421
-11686
-15884
-12700
-9760
-12157
-12263
-10388
-11383
-11398
-8859
-8094
-11053
-6659
-7164
-13135
-5538
-5882
-9917
-5233
-5069
-7450
-5983
-2173
-2669
-3383
-1274
1298
1272
139
5019
7688
3914
6401
13341
10245
7242
15138
18129
11887
14063
21248
16220
13149
19925
19538
14000
15560
17757
13644
11581
12136
10733
8444
6812
6486
5226
1438
-677
-29
-3597
-4439
-2752
-8054
-9625
-8518
-11201
-11508
-9707
-9945
-13726
-13659
-10865
-12976
-12974
-10545
-11087
-11970
-10522
-10817
-11728
-8862
-9574
-10717
-7962
-8344
-10989
-8763
-5255
-8737
-8439
-4439
-6627
-7045
-4789
-2884
-3062
-4333
-298
2341
-520
249
7277
5809
1671
11329
13244
6543
10935
17105
14242
12045
18768
19333
13465
16085
20923
16832
12817
17734
17104
10677
12184
13192
8560
7088
7286
5576
3211
436
197
-1039
-4394
-2191
-4388
-10342
-7339
-8237
-12855
-9543
-8228
-13537
-13551
-10361
-12888
-13466
-11035
-11294
-12454
-10898
-10249
-13156
-10233
-7588
-11884
-10232
-6301
-9550
-11327
-6483
-5770
-9899
-7140
-3849
-6214
-6873
-2816
-1653
-5081
-1880
3121
1158
-523
4870
8060
3186
7246
14933
9695
7963
16342
17327
12179
16422
20715
15097
14979
19986
18619
14256
15483
18142
13220
11040
13530
10642
6793
7058
7102
4091
433
-121
-463
-4698
-4159
-3171
-9195
-9887
-8172
-11233
-12200
-10468
-11221
-14163
-13137
-12003
-13506
-12935
-13055
-12369
-10864
-11250
-12937
-11633
-8083
-11404
-11932
-6363
-7906
-12014
-8071
-4581
-8970
-8795
-3880
-4112
-7134
-5006
516
-3183
-5243
3083
3800
-636
2504
8652
6808
4261
11746
14166
8927
11087
18488
16270
12998
18324
18706
15897
16141
19443
18737
12981
15542
17345
11078
10391
13518
8785
4383
7405
6009
167
-666
-330
-3844
-5404
-3422
-6929
-11075
-8741
-9690
-13430
-11590
-9509
-13563
-15212
-11959
-11941
-13176
-12965
-11205
-9969
-11639
-12126
-10656
-8547
-8940
-11122
-7882
-5609
-9579
-9736
-5367
-5988
-8351
-6061
-3300
-5014
-7575
-1383
187
-6919
-786
5191
-914
-76
7484
5909
1862
9810
13831
7066
9059
16665
14934
10670
17025
20005
12721
15378
21127
16142
12652
18074
17362
10430
13004
14331
8949
7685
9378
6718
3297
3159
855
-1507
-3077
-2119
-1909
-9015
-9417
-5918
-10849
-13001
-9256
-9006
-13917
-14363
-10394
-10542
-13827
-14349
-8428
-8419
-14451
-12419
-7359
-8568
-13120
-9651
-3749
-9216
-13811
-5420
-3391
-12713
-9028
-945
-6882
-10366
-2741
162
-6959
-5879
4050
2222
-3677
2915
10116
3355
1024
13339
13883
4841
11032
19969
12758
9486
19924
19769
12305
16023
21323
16320
11921
18248
18301
10033
12268
15840
9147
5258
9652
7668
1341
1671
1777
-2347
-5286
-2081
-3222
-10359
-9746
-7000
-10513
-14180
-10001
-8123
-15599
-15838
-9099
-11160
-17205
-12507
-6868
-13148
-15032
-9690
-8987
-11666
-12350
-7707
-6677
-11281
-11189
-5383
-6129
-11644
-6011
-1273
-7387
-8808
-924
-35
-7465
-2673
5853
-365
-3274
7145
8122
821
7063
14498
9547
7890
14643
17198
12665
14063
20371
17221
13459
18713
19853
13995
14924
18607
14088
11002
13707
11854
7373
7972
7880
4682
2551
847
-183
-3064
-4418
-1888
-6398
-10878
-7656
-9583
-13437
-11696
-10328
-12194
-15777
-14269
-10480
-14105
-16202
-10399
-9158
-14096
-13061
-8692
-9448
-12397
-10069
-5645
-8092
-10692
-7784
-5045
-7758
-8839
-2773
-3691
-8230
-3960
-65
-4017
-5559
2003
3111
-2640
1612
7389
3863
2452
10187
12252
6844
10783
16319
13439
12631
17581
18687
15065
16286
19708
17796
14426
17511
18635
12388
13138
15946
10157
7776
10406
7719
4186
3794
1742
-364
-2914
-4055
-1629
-6283
-11343
-7691
-8303
-13920
-12573
-7968
-12608
-17155
-12314
-10533
-15254
-15894
-9956
-9946
-15111
-12776
-8904
-10807
-12555
-9760
-6546
-8524
-11414
-8062
-5303
-9288
-8325
-2762
-5725
-8813
-4043
-1166
-4718
-4801
1249
1262
-2050
1920
6433
3715
3446
9755
11084
7865
10663
14912
13250
13840
16649
17676
16717
15715
19593
18435
14706
17932
18662
13636
13909
16055
10574
9414
10736
7169
5664
4411
1636
-64
-1834
-3592
-2254
-5450
-10995
-8092
-8207
-13984
-12591
-8652
-12614
-17245
-13651
-10382
-15385
-17657
-10103
-9487
-16866
-13463
-8632
-12131
-12516
-9888
-8260
-8243
-10210
-9535
-6507
-7130
-8551
-5307
-3813
-6843
-6269
-1283
-1632
-4514
-320
2671
-235
1547
6280
5044
5036
9030
10582
10547
10410
13178
16097
14290
14718
18819
17212
14408
18865
19344
15010
17115
17887
12846
13598
15506
10628
9913
10138
5123
5389
5612
-463
-983
-721
-5500
-4058
-4665
-10757
-9873
-9298
-12784
-13118
-11217
-11596
-15912
-15786
-10855
-13464
-17666
-11766
-8706
-14895
-13846
-9228
-10657
-11692
-10320
-7660
-6840
-9489
-10623
-4956
-4825
-10722
-4665
-1953
-8450
-5798
-367
-2478
-4167
-402
2362
1149
813
5477
7312
4240
7484
12730
10161
8193
14419
17472
12833
14241
20481
17258
13161
19303
20626
14115
15884
19243
13367
12153
15884
11563
8255
9623
7217
5339
4655
464
-1099
-1496
-5426
-4427
-3880
-10283
-11376
-8731
-11250
-14412
-12559
-10034
-14734
-17778
-11804
-10717
-17612
-14913
-7328
-12668
-15804
-10119
-8916
-11169
-11739
-7282
-5647
-10249
-10189
-4599
-5052
-10225
-5727
-1506
-7357
-7801
-680
-369
-6264
-3138
4059
137
-1882
5768
7121
2632
4672
11930
11464
6411
12533
17865
12225
12115
19221
18140
13098
17747
21507
15265
13513
19685
16601
10424
15788
15461
7419
8243
10100
5770
3885
3478
1418
-1792
-4369
-2068
-4420
-8677
-8955
-9559
-8913
-13509
-14089
-8579
-13913
-18620
-11239
-9881
-18537
-15470
-8160
-13242
-15855
-11005
-9081
-10893
-12578
-9055
-5192
-9511
-11557
-4830
-3467
-10521
-7817
-69
-5670
-9020
-845
1114
-5234
-3441
4465
2292
-920
4526
8511
5056
3481
11521
13563
6974
10561
17532
13653
11144
17960
19064
12887
15439
21457
16427
12222
18585
17531
10373
14272
15442
8491
8238
9419
6551
3916
1937
1119
-223
-4038
-5170
-2495
-6689
-12363
-8869
-7848
-13959
-15349
-9367
-11237
-19431
-14316
-7805
-16229
-18551
-8260
-9806
-17308
-12706
-7576
-10926
-13684
-9116
-6018
-9889
-11117
-6692
-4483
-8829
-9265
-1831
-3145
-9005
-3485
1512
-3099
-4231
2849
4121
-583
2963
8313
6194
4603
9179
12719
9339
9398
15597
15955
12871
15271
18862
16044
14438
19492
18098
13495
16947
17307
11856
13144
14583
9143
8171
8504
5262
3797
2286
43
-1657
-3636
-5836
-4562
-5876
-12405
-10908
-7897
-13427
-15911
-10696
-10657
-18297
-15934
-8688
-14071
-18448
-11119
-7841
-14611
-13993
-7654
-9402
-12365
-10153
-5910
-7466
-10570
-7408
-4241
-6334
-8950
-3394
-1120
-7107
-4751
964
-1191
-4577
-384
4530
1039
501
6213
6962
3640
5779
12276
11196
8059
12858
16224
12775
12193
18625
18215
12976
17757
19815
13916
14915
18699
14361
11807
14955
11867
8564
8666
7118
6059
4258
1819
309
-1112
-4859
-4625
-2535
-9132
-11625
-7045
-10198
-15736
-12437
-8831
-14966
-18320
-11389
-10728
-18013
-15523
-8421
-12591
-15916
-10113
-8410
-11919
-11923
-7902
-6917
-9247
-9336
-5560
-5008
-9555
-6143
-1016
-5687
-7242
-249
671
-5261
-2785
3925
1929
-1187
4212
7756
4199
3645
10496
13534
7182
9976
18259
13572
10279
18340
20047
13061
15708
21449
16426
13100
18236
17562
11236
13527
15213
9104
7539
8944
6703
3714
2212
1374
-462
-3939
-5852
-3578
-6236
-12477
-9450
-7963
-14640
-15480
-10649
-12055
-18102
-15680
-10284
-15292
-18614
-11784
-9671
-15008
-13965
-8728
-9575
-12370
-10728
-6685
-7020
-10230
-8005
-3907
-6486
-8895
-3404
-2382
-7333
-4028
1355
-1495
-3901
1712
4487
256
2693
8242
6612
4316
8813
13498
9660
9184
15490
15635
12712
15473
19243
16040
14523
19511
18475
14089
16415
17686
12993
12506
14309
9708
7988
9357
5424
3437
4583
182
-2296
-762
-7030
-6250
-3020
-11999
-11838
-8433
-13091
-15196
-13350
-11792
-14679
-17352
-13205
-10859
-17436
-16132
-8031
-11872
-15601
-10082
-7870
-11146
-11662
-7536
-5776
-8561
-8454
-4778
-4367
-7223
-5256
-991
-3868
-4920
-37
548
-2366
-1315
3711
3296
799
5573
8003
5047
6190
11382
12122
9019
12263
16098
13963
13756
17548
18492
14828
16353
19893
16468
14633
17643
15973
11769
13884
13230
8242
8570
7715
4683
4029
1936
-962
-1823
-3848
-6871
-5007
-6461
-12847
-10897
-9251
-14460
-15537
-11246
-11716
-17826
-15977
-10093
-14174
-18337
-11602
-8537
-14812
-13735
-8131
-9911
-12369
-9533
-6320
-7646
-9624
-7115
-4157
-5900
-7784
-3756
-1432
-5360
-3854
1162
-919
-3547
897
4649
1308
2063
6954
6805
4588
6882
12851
10973
8590
13070
16276
13921
12237
19274
18214
12774
18605
20230
13727
14297
19220
14149
11015
15376
12076
7061
8564
7688
3604
3588
2844
-1290
-3064
-4070
-5661
-5526
-8852
-12109
-9434
-11081
-15094
-14099
-11979
-13687
-17843
-14650
-10818
-16214
-17738
-10646
-10363
-15935
-12726
-8053
-10962
-12531
-8864
-6048
-7876
-9654
-6218
-3187
-7137
-7906
-426
-1883
-7424
-1116
2836
-2344
-2585
3665
4318
1218
4660
8184
6749
5594
9411
14460
11331
9669
15769
16697
13057
15518
20370
16920
13866
19055
19402
13764
14719
18113
13457
10987
13784
10102
6747
7143
5120
3309
1915
-364
-2642
-3931
-6812
-7139
-4933
-10942
-14109
-9736
-11762
-16624
-14489
-10891
-15635
-18736
-12007
-10805
-18215
-16098
-7867
-11833
-15806
-10245
-8324
-10382
-11653
-7541
-4810
-9066
-8868
-4502
-3281
-8028
-6024
896
-3793
-5733
1236
2219
-3130
-900
6085
3990
1486
6588
9597
5964
5501
12830
14864
8952
11135
18050
15286
11887
17685
19962
13791
14927
20207
16789
13037
15777
16209
11643
12050
12486
8349
7062
5459
4108
3680
715
-1758
-2528
-4733
-8290
-6199
-5573
-13098
-13224
-8919
-13730
-17756
-13037
-10728
-17451
-18021
-10155
-12969
-19405
-12646
-7544
-14223
-14723
-7578
-8657
-12975
-9706
-5477
-6901
-8847
-6850
-3705
-5424
-8307
-3132
159
-5960
-5157
2438
360
-4211
1127
5716
1102
1184
7621
7627
4416
6325
12565
11980
8169
12761
16450
13186
12070
18173
18394
13050
16378
19284
15438
13873
16828
15677
11239
12494
12485
8584
6705
6268
5165
2031
987
-450
-3292
-4984
-7764
-5701
-6148
-13209
-12240
-8762
-14291
-17090
-11305
-11527
-18114
-16523
-9534
-13678
-19287
-11184
-7970
-14849
-13633
-7207
-8885
-12492
-8904
-5278
-7145
-9532
-6873
-2801
-5587
-7913
-1353
-362
-6711
-3217
3654
109
-3426
3320
6360
611
2880
9453
8507
5270
6977
14329
12435
6567
14678
19268
12138
11914
20609
18055
10151
17055
21207
12906
11624
18243
14092
7581
13008
12348
5508
6633
6664
2456
1436
753
-2175
-3054
-5818
-9038
-5353
-7659
-15075
-11571
-8914
-15198
-16937
-11233
-11322
-18601
-16287
-8458
-13258
-19195
-11075
-6546
-14561
-14176
-5557
-7508
-12869
-8170
-2890
-6778
-9311
-3653
-1325
-6362
-5905
1138
-1388
-6153
502
3188
-1192
-762
4208
4906
890
4986
10350
6635
4748
10019
13787
9636
8671
15532
15745
10430
13543
19691
14405
10375
18369
18646
10900
12914
17453
11353
7976
13112
10096
4683
6116
5180
1421
1034
140
-2913
-3613
-5932
-8328
-5872
-7786
-14311
-11617
-8815
-15547
-16344
-10883
-11983
-18323
-16115
-8883
-13921
-18431
-10086
-7632
-15075
-12839
-5466
-9244
-12565
-7024
-4565
-7514
-7691
-4298
-3363
-5818
-5337
-675
-914
-4553
-1141
2256
-304
-1124
2496
4419
2059
3581
7454
7093
5530
6803
11820
11856
8178
12551
16294
12105
12050
18075
16843
11979
16190
18963
13707
12916
16730
13869
9213
12308
11836
6704
6989
5029
2393
3165
2
-2021
-1635
-6023
-9281
-5786
-6109
-13839
-12853
-8255
-14102
-17053
-12531
-11321
-16302
-17791
-10417
-10815
-19112
-14012
-5510
-13057
-15657
-5287
-7469
-13320
-8089
-4981
-6114
-7585
-5692
-1580
-4934
-7167
-415
408
-5305
-1625
3406
-128
-1479
2418
4016
1838
3823
8230
7010
5772
8515
12102
11560
10097
14265
15404
13425
14611
16939
17034
14155
16363
18599
14362
13240
16385
14329
9468
12393
12253
6283
6981
6013
1964
2046
479
-2729
-2942
-4894
-9655
-8109
-6415
-12983
-13911
-9961
-13422
-16985
-14262
-11523
-15276
-18267
-12365
-10366
-17701
-15727
-6599
-11828
-16680
-6541
-5707
-13075
-8802
-3971
-6543
-7661
-4840
-2769
-4595
-5867
-1826
201
-3751
-2145
2669
1212
-206
1774
4254
3772
3734
7904
8752
6971
7205
9279
12746
12072
10774
15260
16165
11627
14762
19404
14548
13696
17983
16104
12526
14005
15632
10338
9211
12839
7651
4721
6782
2224
862
1937
-2615
-2917
-4330
-9687
-8103
-6767
-11426
-14074
-12299
-12488
-16104
-16692
-13052
-13404
-18773
-15556
-8970
-15518
-18636
-8549
-8173
-15791
-9757
-3998
-11593
-10969
-3776
-5288
-7553
-4902
-2554
-4231
-5173
-2353
224
-2229
-2952
2217
1959
-368
1772
3298
3784
4811
6387
7663
8034
7435
8718
12421
12217
10776
14339
15916
13073
14163
17564
15889
13731
16663
18067
14289
13249
16067
12909
9266
13044
11031
5741
7349
4789
1308
2694
-241
-3016
-2806
-5881
-8885
-8154
-7929
-11774
-13316
-10610
-12836
-16287
-14326
-11872
-14471
-17027
-11171
-10723
-17566
-13497
-7409
-12292
-14060
-6427
-7681
-13045
-7220
-4713
-8492
-6237
-3322
-4475
-4979
-3826
-2034
-2034
-3274
-325
355
-591
2241
-193
2060
5593
2109
6793
8614
5878
8122
9029
10804
12262
11176
14159
16943
12126
13479
19179
14695
13214
18477
16736
11575
14087
16320
10100
10102
13225
7559
5874
6656
2857
1986
1092
-2212
-2220
-4027
-7887
-8113
-8679
-9672
-12489
-13459
-11538
-14367
-16620
-14277
-12400
-16536
-17195
-10621
-13010
-17840
-11901
-8273
-13781
-11708
-5068
-10076
-11567
-4926
-5508
-7132
-4569
-3463
-3888
-3554
-2932
-1709
-1009
-1835
531
1792
830
1798
1395
3743
5662
4241
6935
8372
6458
7072
11152
12317
10260
13237
15155
13094
13050
16074
16479
13426
16559
17796
12911
13613
15099
11581
11311
13292
9046
6785
8751
3449
599
4732
-345
-4776
-553
-4432
-10333
-9061
-8234
-9699
-13445
-13254
-9915
-16054
-18579
-11467
-13881
-16732
-13824
-13228
-12458
-15625
-14299
-8056
-10758
-11810
-6431
-8282
-10692
-5969
-5503
-5195
-2689
-4137
-3664
-1840
-3195
-2750
1041
623
-976
1140
3281
1003
43
5994
5360
2878
7763
8473
6289
6979
10432
13099
10958
11136
15768
14670
10550
15441
18409
12420
13577
18481
15300
10487
13096
15453
9620
9199
12792
8442
4130
4700
4843
1412
-1357
-184
-1773
-6744
-7559
-7404
-10433
-10035
-10397
-13727
-12587
-13797
-16475
-15155
-13471
-13952
-15641
-13313
-12871
-15963
-13644
-8584
-10085
-12005
-6359
-7513
-11796
-5729
-3660
-6989
-3695
-1089
-4401
-4780
-2304
-2117
-806
638
713
324
712
2178
879
2360
6033
5500
4653
5929
7564
6147
6956
11765
11804
10083
12260
13763
11100
12961
16873
13728
15028
16484
13592
14200
13181
13389
13396
10512
9691
10280
7663
3176
4617
4722
-201
-1832
-882
-3499
-8208
-7722
-8284
-10183
-9254
-12769
-13648
-12138
-15192
-16430
-13836
-12246
-15579
-14811
-11982
-14340
-14457
-11275
-9390
-11600
-9649
-7131
-11006
-7626
-4466
-7753
-4600
-2094
-4929
-3973
-1734
-3299
-1807
1402
-722
-1268
1327
1986
566
1513
5489
4828
3291
6321
8376
6898
6914
11440
12370
9284
11568
15483
14044
12475
16233
17093
13263
15284
18151
13989
12244
16171
14164
9288
11218
11804
7367
5710
6070
3356
765
-343
-1598
-2019
-5287
-8424
-7823
-10000
-11366
-10227
-13443
-14593
-12560
-15573
-16828
-12748
-13479
-16621
-14301
-12297
-13101
-13165
-11562
-9575
-9824
-8773
-8171
-7709
-4677
-6723
-5423
-575
-4152
-4113
-765
-2735
-1187
954
-637
241
532
555
3041
1111
733
5963
4677
2202
6333
7996
5736
6191
10927
11892
8295
11093
14821
12060
11400
15544
16552
12836
13231
16227
13698
12344
15554
12979
8761
11831
11510
6275
6084
6760
3176
584
131
-727
-2864
-6172
-6380
-8086
-10591
-8497
-11790
-14513
-10590
-13511
-17958
-13277
-10718
-16262
-16078
-10741
-12477
-15011
-12584
-9458
-10209
-10735
-7386
-8250
-8734
-6178
-6719
-5544
-3352
-3903
-4657
-3552
-2272
-2735
-2165
-353
186
-967
-576
1858
664
485
4450
4069
2723
6469
7454
3829
6612
12674
9719
7177
13901
14810
9249
12411
17190
14218
12102
16207
17059
11885
12737
16330
11810
9141
13544
11269
5791
6916
6586
3136
1334
1314
587
-3168
-5709
-4913
-7961
-11044
-7411
-9771
-14546
-11288
-12605
-16111
-13869
-12264
-12547
-14488
-14039
-10796
-13236
-14937
-9893
-8388
-10609
-9532
-8331
-7957
-6568
-6945
-5987
-1927
-3328
-7023
-2211
320
-5667
-2788
3715
-1206
-3852
2324
2882
-2925
1415
7141
1158
1219
7915
6877
2310
6382
12867
8329
6799
13630
14035
9353
10887
17625
15097
10051
15747
17554
11312
12297
17182
11286
8210
14608
10574
5651
8961
6957
2503
2520
2415
-255
-2988
-4556
-4325
-7162
-10872
-7741
-8848
-13979
-11718
-11830
-15103
-13730
-12789
-12886
-13455
-14843
-11574
-10009
-14107
-11290
-6959
-9726
-10012
-6992
-5725
-6574
-7047
-4199
-1831
-4550
-6433
-1037
28
-6070
-2386
3450
-2345
-5236
2213
3210
-3463
-619
7069
3098
-3339
5856
9230
525
5710
11085
7276
6752
9807
12663
11420
9816
14314
16496
10169
12319
18651
13784
11071
16031
15367
9236
10698
13815
9736
5917
7335
7357
1234
-283
2963
-141
-5329
-4728
-4571
-10328
-10956
-6224
-10434
-15575
-11445
-10757
-16070
-16206
-10645
-11349
-17167
-12192
-7927
-14684
-13805
-7020
-8560
-10486
-7106
-6524
-6954
-5590
-5882
-3337
-1306
-5008
-4027
211
-3123
-4555
1648
-130
-5403
560
3467
-2942
-2115
4691
2326
-902
4111
5667
3100
3310
8009
9642
6132
8954
12902
10683
9636
14022
15316
10545
13489
17951
12908
11802
16528
14922
9320
11896
14783
9107
7583
8987
6422
3498
2276
2652
1413
-2323
-3644
-2586
-6987
-10858
-6496
-6386
-13709
-12776
-8485
-13172
-17121
-13021
-8088
-15231
-18069
-6993
-9792
-18088
-11050
-4202
-10688
-12835
-4104
-4816
-10801
-7633
-1960
-3706
-6863
-3212
-717
-4525
-6057
61
1273
-5196
-1951
3572
-1464
-3944
2091
4115
-955
1369
7272
4260
1907
6668
10293
7596
7035
12095
12747
9163
11366
16265
12999
10622
16548
16006
10963
14110
16275
10696
10410
15147
10781
7395
10519
7636
3711
4523
3838
657
-979
-998
-2483
-5388
-7658
-8751
-6588
-8087
-14030
-10803
-9606
-15814
-15392
-10722
-10286
-16158
-14913
-7835
-12543
-16938
-8966
-5628
-12810
-10980
-3406
-8016
-10815
-4806
-3343
-4851
-5171
-3586
-1902
-4572
-4502
445
-552
-5297
-2097
2293
-1816
-2997
2631
2534
-1190
2465
5415
2944
4190
6634
7860
7276
8100
11040
10811
10983
11568
14109
13450
11689
16344
14534
11839
15797
14781
10667
12477
14064
8706
9520
12277
4494
3835
7740
1097
-1411
3129
-1218
-6560
-3384
-6372
-11215
-7470
-7753
-13684
-12906
-10238
-14222
-16102
-12823
-10404
-14295
-15666
-8771
-10609
-16230
-10333
-5016
-10177
-10629
-4221
-6651
-9029
-5147
-4171
-3698
-3950
-4558
-2942
-3347
-4624
-2059
-91
-3513
-2889
1349
-504
-3586
414
4116
-246
1495
6405
3815
3290
6059
8986
8124
6974
11873
12644
8905
11590
15951
12405
11551
17842
15630
11286
14834
16145
11570
10693
15426
12008
7498
10451
8186
4897
5481
2755
1559
2378
-2283
-3776
-1763
-6942
-10604
-6290
-6285
-13072
-13171
-9296
-12476
-17169
-13491
-8044
-14024
-17565
-8640
-8807
-17826
-12631
-2825
-9816
-14531
-3570
-4278
-13071
-5936
-954
-5911
-5252
-3327
-3316
-3776
-5420
-2405
1154
-4138
-4811
1846
-1063
-4320
-368
3394
637
-472
5971
4251
1695
5876
9208
8197
6711
10980
11206
8885
11356
14614
13424
11069
15039
16558
11687
13093
18019
12736
9766
16258
12745
6433
11517
10438
3801
6935
5928
-571
1811
2069
-3339
-2818
-2906
-8348
-8783
-5571
-8656
-13046
-10928
-9774
-14324
-15732
-11178
-10933
-16939
-14527
-7137
-13737
-18806
-7675
-6366
-15066
-8841
-2793
-10616
-11116
-3129
-4155
-7541
-4095
-2896
-5369
-4626
-2833
-2241
-2261
-3234
-1886
178
-1841
-1925
1712
1139
268
3084
3374
3810
5611
4507
6924
10188
6404
7733
13838
11483
9577
14113
14137
10931
13634
15880
13907
13374
13790
11692
11635
13306
9771
10277
11011
6488
6194
6697
3058
345
4124
690
-3771
-474
-5181
-8111
-7600
-8055
-6585
-10962
-13081
-9714
-12841
-17035
-11225
-8233
-15079
-14462
-8785
-12262
-15968
-9765
-5704
-11759
-10213
-3909
-9463
-10817
-4141
-4193
-5784
-3777
-3273
-4315
-4311
-3605
-1643
-1305
-3270
-1800
69
-714
-1601
-345
2792
1829
1037
4429
4924
3680
4959
8875
9616
5868
9037
14058
9694
8849
16166
14594
8667
14448
17490
10319
11570
17024
12876
9712
13383
12411
8355
9834
9293
5976
6577
4454
1171
2830
1464
-2266
-1561
-2387
-6798
-8285
-5349
-5880
-11797
-11660
-8186
-12356
-15860
-10508
-8505
-15247
-14740
-7770
-11397
-16787
-9369
-5093
-13874
-11758
-2562
-9554
-11617
-3206
-5065
-8331
-3890
-3437
-7005
-3809
-2376
-4624
-2408
-911
-3419
-2323
1226
-1767
-559
2944
944
2385
3725
4146
5228
5126
7117
9174
7507
7772
12134
10914
8582
13559
13982
9366
12493
14810
11552
12475
14403
12386
10632
12070
11510
9340
10205
9252
6633
6274
5469
2565
1902
2309
-369
-1131
-1742
-5395
-6383
-6491
-7221
-7053
-9673
-11487
-10642
-12520
-13139
-11049
-11563
-13384
-12584
-10503
-12124
-13294
-9239
-8934
-10838
-7050
-7081
-9941
-6629
-5522
-6946
-4363
-3377
-4796
-4186
-2795
-3065
-3377
-1404
-479
-1976
-866
1413
-1036
-651
4011
1547
840
5704
4582
3127
5625
7450
7074
6375
8526
10128
9662
8894
10604
11958
8976
10705
13664
11468
10390
11696
12453
9757
9879
11658
9566
8978
7767
8121
7894
2929
4352
5725
427
-113
2342
-2182
-5948
-3115
-6157
-7485
-4752
-10386
-10580
-9002
-14591
-12693
-10082
-13128
-13098
-12057
-12236
-13099
-12877
-10944
-10036
-9477
-8965
-8120
-8502
-8951
-6108
-5526
-6154
-3770
-3827
-5169
-3329
-2341
-3041
-1435
65
-1012
-533
1475
637
-97
3111
4174
1848
3567
6170
4428
3859
7619
8698
5914
7563
10971
9595
7483
10669
12324
8812
10126
13640
12058
8743
11225
13882
9369
9597
13168
10385
7695
8823
9817
7642
5123
5920
5602
1829
1169
2756
-659
-3737
-3785
-5306
-6883
-7102
-7391
-10651
-11894
-11362
-11930
-12612
-13835
-10791
-12658
-15749
-10792
-11240
-14088
-10983
-7966
-10776
-11169
-6367
-8985
-9241
-4090
-5984
-5543
-2773
-5054
-4683
-769
-2561
-3219
1438
-453
-2987
1218
3883
-1527
55
6041
466
896
5021
4366
3451
3162
7394
6681
3891
6844
9946
8374
5781
11128
12057
5627
10258
15050
9255
8952
14582
12135
7997
13204
13838
8211
10713
12790
8689
6893
8984
7068
2639
4389
4622
396
-1476
-1074
-3357
-7052
-6907
-6231
-7517
-11431
-12683
-10709
-12880
-14505
-13854
-12456
-13149
-16456
-13140
-10198
-14377
-14120
-8217
-8679
-12511
-7862
-5532
-8806
-7156
-3838
-2383
-4505
-4421
10
-1137
-4431
-362
3289
-1791
-2304
4207
2258
-2786
1339
5396
544
-404
5764
4852
1064
3765
7321
5287
3520
7786
8963
6221
7210
10760
10757
7409
10290
14484
10347
8771
14403
13362
8388
13091
15132
9288
10270
11604
9063
9043
7182
6490
7439
3112
-279
2869
946
-6426
-2432
-1072
-10966
-9965
-6075
-10960
-14033
-12555
-11019
-14296
-17246
-13513
-11948
-16539
-15718
-10035
-12364
-16218
-10550
-6590
-11529
-10682
-3679
-5960
-8658
-2942
-1835
-4419
-2452
-340
-492
-660
-253
238
888
-91
380
2710
647
611
2080
930
1599
2318
3163
3055
3337
4058
3396
5127
6190
5543
7263
9003
7397
7872
10634
9998
10035
11771
12286
11836
11285
12354
12657
11701
11806
12082
11715
9392
8739
10087
7175
5058
7021
4504
61
1377
1032
-3459
-3920
-2951
-6465
-8740
-8947
-9485
-9147
-13208
-12724
-9309
-14828
-15654
-11257
-11155
-14275
-13825
-8324
-10729
-14148
-7985
-5877
-10032
-7883
-2937
-5164
-7295
-3367
-1584
-3477
-3313
-604
-167
-2960
-2261
241
-25
-2092
-1064
2509
-1345
-1559
1771
-412
730
400
1725
4802
1604
830
6266
5299
1311
8234
9831
5343
7798
9997
8671
7969
11616
12512
10806
11016
10356
11532
10904
10057
12468
11061
8903
8759
8816
7930
5338
6405
7058
2888
1750
2954
-550
-3077
-582
-1728
-5972
-5824
-5938
-9580
-9198
-7498
-10652
-11481
-10385
-11749
-12732
-12045
-10112
-11956
-11969
-8425
-10649
-11424
-8105
-7151
-8758
-7184
-4242
-7014
-6728
-3558
-4246
-4193
-3216
-2364
-2241
-2518
-2339
-1274
-375
-2314
-176
3076
-200
-1686
2348
2961
-762
3433
7182
2359
2125
5724
6316
4470
6128
10180
8466
5771
7524
10839
8389
6240
12800
11609
5578
9518
11800
6862
7108
12381
9465
6808
9088
7369
6929
6988
5871
6746
5353
3072
3830
2517
-314
-337
53
-570
-3414
-5160
-4044
-6843
-10480
-6104
-5951
-13135
-10763
-7986
-13743
-15560
-9099
-9169
-16686
-11201
-6053
-14555
-14514
-5044
-8004
-12889
-3950
-3738
-11038
-6209
-2213
-4422
-4174
-1335
-764
-3108
-2947
-643
930
-1128
-946
4059
1700
-1988
1995
4557
1067
1221
7402
5054
616
5041
6766
4009
3986
8451
9181
3998
5711
9700
6426
4192
9289
11738
5802
5766
11062
7679
4351
10668
12115
5381
8404
11583
5169
7064
10183
6384
7550
8426
4545
4726
5661
1211
1511
4600
57
-2430
-963
-3689
-6849
-6767
-4686
-6712
-11703
-9630
-8815
-13902
-13672
-9555
-9881
-14478
-12458
-7640
-13279
-14483
-6306
-7432
-11833
-6604
-3636
-9360
-8491
-2394
-4078
-6002
-1797
-469
-4751
-2923
159
-2293
-136
706
-574
1601
237
-611
2647
1990
855
4347
3805
1830
3468
3508
4277
4697
4516
6321
5271
4621
6153
6001
5682
5941
7336
7349
6467
7586
7046
6394
8263
9118
8315
9198
9868
7488
8213
10102
7769
8223
9788
7050
5828
6483
4324
2308
2972
2134
53
-1054
-2690
-4199
-6676
-8342
-6488
-6870
-11582
-11705
-8971
-14125
-15747
-9603
-10614
-15019
-12277
-8769
-12963
-14113
-7854
-7015
-10312
-7714
-3949
-6917
-7665
-2945
-2518
-3681
-1483
-466
-1659
-1201
248
491
1112
1602
1569
2063
2501
1572
1273
4232
3488
1377
5258
5100
967
3080
6195
3572
2726
6872
5550
2622
4528
5758
5747
3899
5548
8352
5203
4930
8264
7178
4931
8344
9869
8047
8146
8398
9625
7838
6977
10356
9024
5412
7330
7889
3207
3097
4364
1690
302
116
-1595
-3741
-5815
-6635
-6406
-8872
-9798
-9257
-11584
-13456
-12493
-11647
-13775
-12348
-10694
-13838
-12260
-9721
-11722
-10662
-6531
-7583
-9238
-4577
-5140
-7933
-2924
-1865
-4181
-1816
-218
-1337
-922
350
241
1921
2004
395
3376
3646
392
2447
5111
1778
1515
5977
3188
1392
4388
4042
3544
3003
5019
5895
3431
4444
5259
5220
3750
4426
8301
4935
3352
8109
7228
4109
7353
10065
6193
7464
10363
7080
8095
9102
7156
8809
8984
6029
6320
7658
2978
1885
5785
1445
-2317
641
-499
-6096
-6037
-3017
-8045
-11401
-6086
-7369
-14719
-11307
-7644
-14311
-13648
-8282
-10216
-13861
-12352
-6158
-10372
-13701
-3443
-4899
-11032
-4336
-1144
-6754
-5261
811
-1351
-2295
133
1088
738
-865
1594
3687
1247
591
3378
3550
738
2051
4798
2015
674
4588
4077
1158
2792
3876
2815
2369
3086
3957
3114
2740
3622
4268
2808
1953
4928
4736
3202
5274
5357
3853
4809
6826
6673
6232
7523
7466
7008
7247
7242
7762
7251
6443
6829
6095
4248
3653
3837
2557
844
856
10
-2730
-3814
-4065
-5598
-7218
-7843
-6807
-9182
-12577
-9167
-9724
-13591
-10522
-8058
-10913
-13199
-8262
-6813
-12010
-8071
-2592
-6914
-8535
-1560
-2030
-7508
-1563
2202
-2869
-1542
2405
689
-832
1241
3272
1972
532
2719
3798
1229
1249
3989
2835
395
2477
4595
1224
767
4171
1160
1095
3685
976
2423
2907
226
2363
3011
96
1685
4548
1727
1575
4805
2855
1617
5765
6526
3475
6327
8488
4642
6656
9976
6855
7583
10126
7948
6946
8207
7276
5200
6321
6289
3038
1761
1501
223
-2276
-2508
-2039
-5945
-7207
-6131
-7975
-9546
-9858
-9209
-10324
-11029
-9524
-10853
-11229
-9529
-9399
-8754
-7764
-8091
-6883
-4703
-5825
-4826
-1808
-3467
-3279
-209
-895
-1392
181
-14
260
970
-166
924
1363
-1254
429
2499
-315
-1007
1956
990
-2303
675
2424
-1492
-689
2463
1002
-1391
439
2462
122
1090
3544
1478
1515
1975
2457
4542
3525
3522
5242
5171
4046
5835
7840
5906
7173
8975
8122
7664
7735
9438
9030
6920
9025
9707
4924
5775
7438
3634
3233
3498
2122
48
-1596
-1288
-2814
-5419
-5157
-4320
-7790
-8535
-5677
-9766
-11529
-6730
-8751
-11550
-7819
-6897
-10291
-9513
-4898
-6908
-8946
-3464
-3260
-6797
-3773
-778
-4183
-4086
622
-1670
-3361
171
-638
-2449
-706
63
-509
-505
-719
67
365
-1093
54
1814
-89
-665
2170
1787
-497
1407
2571
1069
1551
2319
2166
2024
2256
2843
2959
2803
2349
2905
3598
3279
4015
4319
4056
4328
4239
5554
6043
5466
6695
6529
6298
6694
6610
8069
7251
5693
7729
7173
3583
5171
6874
2470
2275
4916
709
-1766
941
-424
-4251
-2995
-2064
-6632
-8141
-5171
-5423
-10191
-9403
-5424
-10518
-12078
-6899
-7869
-11262
-9346
-5412
-7700
-10762
-5544
-2719
-9013
-5920
543
-5807
-5800
472
-1532
-3232
-414
803
118
-795
549
2983
675
161
3381
2881
558
2401
4203
1363
1947
4458
3485
1866
2895
4335
2343
2037
2995
2898
1929
1196
2778
1118
67
2068
723
326
1661
1160
471
1522
2123
633
2342
3554
1746
3425
4819
3901
3749
5683
6629
4617
6845
7950
5211
6313
7400
6546
6053
6690
5605
3647
3735
2672
1833
926
-104
-424
-2697
-4150
-4027
-5497
-6864
-5844
-6389
-8962
-8711
-8269
-9341
-9435
-8496
-8440
-9640
-7436
-6233
-8504
-6449
-3966
-5669
-4616
-880
-2825
-3508
511
-1453
-2070
2034
563
-287
2644
1157
-251
1667
1308
805
2467
2478
840
945
1132
75
464
2479
1015
-312
1584
-1464
-443
1333
-2189
1638
1912
-1727
216
550
-1766
-321
2864
691
299
1858
748
1153
2091
3529
3851
3071
4784
5743
4794
4713
6317
8127
7489
7171
9404
8813
5193
6845
10016
6273
4915
8134
4892
1224
3764
2648
-1204
10
794
-2582
-4904
-4193
-5368
-8592
-6788
-4491
-8901
-10526
-7225
-9033
-11206
-7527
-6380
-9383
-7846
-4354
-7015
-8776
-3578
-2286
-5509
-2121
393
-4426
-3622
1119
-1161
-1447
2711
794
-1502
952
560
-609
1110
1189
1085
1520
-378
-768
391
-493
282
2546
1035
-563
428
226
-194
993
1669
606
682
1080
-76
-309
635
1205
580
1666
2323
430
803
1480
1493
2418
3501
4250
2957
3056
5440
4591
4109
7413
7964
6049
6736
8397
6910
5187
8639
8729
4741
7951
7849
1904
4289
5551
1045
1298
2578
304
-2621
-2405
-2600
-5608
-5469
-5226
-6682
-7332
-8224
-8996
-9294
-9039
-9143
-8599
-8227
-8871
-8227
-7244
-7366
-7598
-5630
-3546
-4922
-5059
-1712
-2940
-5254
-219
1191
-2748
293
2591
-2040
-895
3210
914
334
3249
2058
-143
1899
2327
813
1968
1876
1371
1754
1102
986
1355
1221
784
741
774
1067
1023
10
-50
425
27
-122
961
1138
-31
554
1491
813
1554
3525
3271
2722
4212
4482
4425
5792
6273
6718
6767
6910
7908
7266
7372
8297
7330
6681
7107
6772
4736
4399
4851
2330
910
1398
320
-2593
-3123
-1965
-4846
-6842
-4361
-6690
-9432
-5884
-8081
-9722
-7969
-9139
-7374
-9273
-9298
-5220
-8185
-8606
-3225
-5111
-7678
-1778
-2064
-5238
-1076
398
-2771
-1510
2190
-62
-704
2028
756
-266
1434
2019
1030
748
897
1222
790
432
1516
995
-175
721
1453
185
-208
1190
901
-195
720
1002
-77
367
872
570
383
156
197
297
522
696
978
1006
589
630
1897
2714
1676
2726
3893
3089
4094
4778
5272
6076
5579
6837
7740
5743
6504
8811
6147
5433
8808
5803
3158
6356
4608
1738
2867
2295
-33
-1455
-934
-1979
-4520
-4954
-4472
-5913
-8217
-6012
-6338
-10092
-7596
-6461
-9179
-8327
-5707
-6660
-8602
-5509
-4313
-7049
-5041
-2258
-3853
-4687
-1709
-1053
-3995
-1603
1722
-1982
-1592
2660
-1232
-1415
2978
247
522
2229
491
1733
1374
906
3007
1424
735
2888
1647
607
1969
1680
756
1403
1257
125
282
423
543
42
-754
296
-679
-1679
354
-121
-1190
55
451
-348
495
2139
1070
1560
3875
3332
2818
4464
5366
4469
5740
7267
5838
5942
7089
6354
6523
7213
6171
5756
5477
4754
4662
3747
2591
2500
1891
34
-411
-817
-2459
-3154
-3135
-3851
-5446
-5637
-6463
-7122
-5967
-7048
-7687
-7062
-7602
-7484
-6613
-6455
-6728
-5839
-4611
-4943
-4735
-3027
-3346
-3650
-1095
-559
-2030
-928
215
-841
-307
1384
168
-666
1300
1010
-573
417
967
-282
75
1040
447
-391
-439
400
-26
20
946
232
-121
733
780
-229
1070
954
506
2206
189
692
2090
-424
944
2664
428
946
2827
638
781
2946
1393
1700
3579
3211
2793
2949
3876
3940
3622
5267
5973
4517
4366
6402
5284
3661
6915
6149
3053
5249
5190
1997
2186
3731
1820
187
1251
-191
-2527
-2041
-1609
-3552
-4356
-3212
-4763
-6389
-4771
-4760
-6754
-6110
-4979
-6298
-6355
-4977
-5374
-6168
-4753
-3306
-4980
-4634
-2155
-3406
-4271
-1672
-1104
-3628
-1866
203
-2687
-1959
287
-1542
-1728
513
-131
-1499
-260
189
-383
257
856
531
335
367
486
884
953
1014
1315
1294
916
759
1029
983
1123
1939
1337
179
1027
791
-336
1116
1579
136
635
1273
155
383
1712
1660
1510
2820
3141
1867
2937
3996
3917
4675
5055
5771
5068
4744
6317
5992
5568
6970
6817
4958
5555
5712
3585
3883
4730
2854
1389
1681
399
-1608
-1411
-1490
-3108
-3806
-3802
-5231
-6945
-6239
-5577
-7308
-7384
-5699
-7374
-8595
-6186
-6626
-7756
-5509
-4220
-5763
-5795
-3252
-3965
-4864
-2000
-575
-2314
-2346
88
-1245
-2344
819
917
-849
843
1520
-501
-171
1395
1099
735
1838
2147
652
512
1665
1399
1200
2461
2216
1054
1431
1466
437
567
1714
1157
546
706
158
-727
-1132
188
-103
-1086
140
-440
-1973
-1433
-132
-657
-732
1785
1329
-126
1363
2006
2099
2943
4567
5118
4303
5270
5893
5134
5862
7787
7540
6531
7484
6830
4942
5734
6178
4996
4892
4181
2961
1498
745
28
-1081
-561
-2435
-2695
-3102
-6375
-5563
-5648
-6541
-5893
-6081
-6735
-7761
-7811
-7387
-6824
-6763
-5910
-4750
-5767
-5557
-4560
-4666
-4122
-2672
-1206
-1952
-2269
-829
-1550
-1824
178
843
-8
535
1155
-57
-6
818
775
1252
1964
1961
816
503
802
815
1311
1617
2221
1342
394
925
184
-107
902
1628
969
4
52
-769
-2004
-736
901
-597
-1030
238
-1663
-2767
-292
-16
-875
1115
1710
88
315
1477
1860
2450
3986
5314
4487
3807
5486
5558
4750
7150
8169
6228
6738
7495
5491
5025
6369
5972
4991
5127
4522
2477
1238
1574
874
-592
-222
-543
-2933
-3704
-3498
-5450
-6258
-4761
-5143
-6654
-6250
-6315
-8716
-8076
-6048
-6745
-6531
-5738
-5514
-6311
-6692
-4963
-3862
-4048
-3518
-1569
-1857
-3641
-2285
-554
-1246
-548
1689
428
-1270
460
922
-159
1202
2394
1217
909
1652
1342
733
1270
2273
2116
1589
1973
1550
505
1523
2521
1378
1033
1712
1069
388
986
886
-181
-102
602
-9
-849
-609
-889
-1534
-1093
-363
-1057
-1779
-724
12
-507
-548
963
926
659
2894
3061
2616
3597
4332
4786
5251
6255
6120
5769
6645
7179
6360
6172
7055
5963
5103
5980
4604
2713
3685
3119
952
1206
517
-1754
-2062
-1819
-2943
-3851
-4366
-5131
-6014
-6183
-5707
-6774
-7082
-6246
-6492
-6945
-6586
-6009
-6524
-5441
-4572
-5171
-4740
-4337
-3917
-3875
-2782
-1730
-2526
-2212
-625
-1296
-1800
407
100
-119
1236
1211
1230
1015
1569
2313
2392
2654
3082
2974
2581
2825
3038
3205
3141
3274
3135
2678
2412
1666
1830
1873
1065
1132
728
-564
-1027
-965
-1498
-2142
-1779
-1959
-3297
-3051
-2772
-3601
-3176
-2541
-2578
-2621
-1993
-1610
-1864
-667
23
108
1594
1820
1922
3225
3556
4046
5004
5447
5883
6267
6332
6609
6837
6099
6650
7244
5318
5720
6159
3482
3797
4513
2254
1783
2118
411
-880
-804
-1372
-2664
-3048
-3078
-4074
-5099
-4978
-4747
-5883
-5784
-4683
-6034
-6218
-4790
-5416
-5586
-4231
-4111
-4511
-3647
-3127
-3263
-2800
-1968
-1559
-1749
-1084
-442
-966
-530
441
152
-233
770
1075
-193
901
1667
-246
1009
1857
76
1139
1363
74
884
865
195
944
442
-98
567
-450
-571
-86
-726
-423
-663
-838
-931
-1791
-1406
-1129
-1400
-948
-879
-1334
-1362
-970
-950
-697
79
40
299
858
551
821
1641
2290
2656
3133
3729
3090
3387
4734
4282
4849
6110
5305
5187
6207
5605
4931
6370
6178
5014
6060
5546
3902
4391
4584
3267
3005
3106
1760
793
701
11
-1071
-1356
-1492
-2332
-3187
-3608
-4204
-4907
-5025
-4963
-4991
-5653
-5817
-5399
-6132
-6162
-5333
-5233
-5358
-4648
-4293
-5002
-4528
-3788
-3630
-3048
-2596
-2334
-2297
-2344
-1716
-1261
-1483
-730
-50
-569
-464
-147
-538
-310
473
606
679
439
76
259
268
351
926
1110
317
685
548
-501
218
335
318
506
304
67
-520
-453
-357
140
296
-105
116
-279
-594
-6
234
247
829
1160
1177
1170
1298
1967
2264
2804
4040
3866
3338
4403
4611
4171
5580
6237
5429
6149
6625
5564
5904
6599
5892
6041
6483
5518
4707
4324
3691
3244
2812
2423
1696
335
-353
-948
-2370
-2881
-2853
-3843
-4573
-4820
-5931
-6922
-6725
-6602
-7032
-6997
-6900
-7506
-7670
-7000
-6764
-6637
-5783
-5245
-5254
-4807
-4503
-4481
-3761
-2910
-2564
-2139
-1809
-2061
-1887
-1130
-864
-735
-77
0
-311
263
265
26
569
992
1179
1193
1486
1225
874
1671
1965
1934
2227
2284
2118
1897
2151
2259
2203
2385
2663
2419
1780
2077
1578
1498
2044
1499
2039
1385
483
1424
909
463
1619
1455
818
1582
1391
865
1437
1788
1940
2420
2587
2381
2631
2482
2815
3581
3228
3670
4236
3540
3475
3910
3459
3271
4017
3779
3091
3255
2607
1763
1868
1606
1153
939
277
-569
-1104
-1649
-2150
-2570
-3042
-3296
-3910
-4805
-5288
-5868
-6309
-6170
-6126
-6505
-6795
-6781
-7095
-7244
-6651
-6340
-6250
-5884
-5528
-5520
-5391
-4586
-4277
-3731
-2508
-2300
-2083
-1339
-1243
-1050
176
730
571
1555
1834
1246
1893
2442
2224
2627
3388
3291
3030
3353
3264
3062
3300
3600
3706
3402
3334
3326
2736
2501
2824
2663
2204
2364
2163
1236
1081
1154
582
348
614
276
-408
-520
-418
-735
-1128
-255
-205
-1279
-253
-221
-1273
-149
181
-129
748
854
628
918
909
1227
1775
1785
2001
2344
2132
2127
2266
2174
2496
2632
2588
2733
2295
1849
1938
1898
1571
1710
1725
880
602
404
-394
-488
-519
-1018
-1390
-1778
-2463
-3125
-3305
-3557
-3828
-3904
-4233
-4589
-5006
-5119
-5041
-5204
-4912
-4683
-4694
-4502
-4454
-4206
-3823
-3452
-2888
-2354
-2070
-1882
-1360
-1089
-925
-218
123
341
806
965
1060
1273
1459
1636
2154
2303
2215
2676
2491
2293
2861
2953
2951
3344
3339
3092
3134
3123
2996
3041
3131
2948
2745
2655
2210
1870
1933
1686
1324
1278
948
278
43
37
-419
-677
-510
-924
-1331
-1139
-1440
-1750
-1433
-1507
-1693
-1445
-1486
-1629
-1386
-1155
-1109
-942
-629
-607
-546
-203
-74
96
305
491
786
753
913
1292
1183
1276
1701
1704
1609
1841
1858
1703
1846
1848
1755
1699
1502
1463
1164
935
989
583
364
243
-219
-512
-713
-1085
-1368
-1431
-1877
-2168
-2158
-2668
-2845
-2735
-3044
-3156
-3061
-3186
-3328
-3169
-3088
-3088
-2777
-2657
-2612
-2407
-2338
-2158
-1973
-1739
-1423
-1304
-1107
-887
-745
-537
-252
-4
170
435
557
702
998
1053
1254
1536
1571
1614
1735
1829
1675
1845
2185
1996
2019
2249
2062
1814
2020
2046
1656
1704
1737
1314
1156
1281
1006
818
929
760
520
386
423
268
63
252
208
-93
48
211
-77
70
387
261
314
621
687
601
881
1060
1023
1171
1271
1272
1275
1326
1354
1327
1234
1260
1134
889
980
735
411
434
170
-262
-432
-613
-1164
-1474
-1539
-2035
-2401
-2478
-2804
-3239
-3330
-3304
-3770
-3988
-3735
-4003
-4321
-3920
-3772
-4206
-3789
-3231
-3582
-3229
-2456
-2572
-2277
-1460
-1321
-1116
-516
-155
95
465
938
1229
1323
1692
2098
2069
2324
2757
2628
2699
2954
2867
2895
3092
3132
3088
3154
3134
2987
3010
3084
2949
2924
2981
2742
2596
2587
2349
2170
2123
1848
1507
1350
1001
599
468
217
-87
-285
-537
-784
-1088
-1291
-1391
-1595
-1690
-1785
-1894
-1988
-2113
-2035
-2029
-2014
-1885
-1877
-1891
-1785
-1743
-1731
-1470
-1541
-1375
-1166
-1455
-1033
-1043
-1301
-709
-787
-953
-421
-501
-671
-218
-230
-323
54
128
19
234
340
206
339
456
435
448
478
508
320
281
329
139
107
139
27
-106
-154
-163
-358
-446
-307
-361
-495
-352
-247
-515
-446
-71
-259
-253
171
81
-40
290
457
312
507
817
682
694
985
995
923
1153
1383
1331
1359
1596
1565
1402
1556
1614
1459
1484
1536
1410
1290
1320
1186
1001
1068
890
641
695
452
132
178
54
-234
-190
-263
-657
-721
-748
-1036
-1068
-973
-1097
-1292
-1278
-1247
-1498
-1498
-1275
-1476
-1535
-1354
-1511
-1585
-1459
-1470
-1450
-1301
-1302
-1334
-1238
-1209
-1197
-998
-811
-860
-599
-442
-577
-192
-15
-59
261
435
350
435
661
665
724
941
1002
916
956
1013
872
904
951
808
796
714
521
498
414
288
353
275
83
87
9
-190
-126
-53
-212
-172
-92
-247
-205
-84
-103
30
124
147
281
263
312
514
489
608
847
746
804
985
823
902
1132
963
1021
1220
974
941
1113
876
783
919
701
494
521
332
70
71
-6
-267
-329
-398
-710
-860
-900
-1117
-1231
-1216
-1335
-1456
-1469
-1538
-1662
-1628
-1584
-1623
-1505
-1430
-1466
-1340
-1228
-1175
-947
-800
-771
-558
-484
-454
-184
-84
-7
228
301
308
433
527
491
586
725
617
683
763
576
692
731
588
742
691
511
577
524
340
437
465
303
389
399
276
254
279
235
135
214
203
32
103
149
-68
16
163
-94
-16
187
-73
-37
193
-30
-51
201
68
12
242
172
68
244
238
150
294
313
241
320
332
330
390
374
406
443
362
385
421
325
345
395
296
255
262
161
81
39
-45
-138
-245
-335
-398
-521
-591
-583
-697
-794
-772
-873
-968
-909
-941
-991
-927
-935
-942
-884
-893
-833
-742
-749
-616
-468
-518
-393
-200
-278
-186
31
-67
-53
167
111
103
311
293
268
441
441
395
498
495
459
527
535
514
548
543
540
584
565
562
618
574
561
644
577
548
639
540
492
600
508
473
601
524
470
583
513
426
508
460
344
372
352
230
208
210
128
46
19
-21
-174
-227
-203
-324
-391
-319
-391
-541
-446
-488
-651
-535
-563
-682
-599
-622
-698
-619
-632
-679
-595
-627
-657
-605
-648
-650
-624
-645
-604
-595
-591
-533
-546
-511
-442
-471
-417
-342
-369
-321
-249
-250
-194
-126
-97
-22
20
46
149
183
185
313
363
331
448
523
461
538
661
615
647
777
736
698
796
790
750
804
816
792
775
757
755
697
659
672
615
563
555
509
429
403
385
277
218
257
123
29
153
-18
-92
41
-123
-194
-160
-217
-325
-334
-293
-422
-440
-371
-458
-550
-474
-516
-662
-584
-587
-711
-671
-615
-684
-685
-614
-635
-663
-602
-572
-601
-557
-474
-482
-481
-384
-344
-375
-286
-196
-242
-195
-75
-103
-102
15
27
3
95
156
134
175
251
242
226
291
315
274
315
367
317
318
374
329
295
336
315
268
275
269
228
190
190
190
134
131
184
133
100
202
179
104
230
243
114
230
286
139
227
320
189
255
368
274
320
418
332
348
422
344
332
383
321
286
311
272
237
233
216
186
148
133
96
21
-6
-26
-127
-176
-160
-270
-355
-302
-413
-525
-447
-563
-660
-552
-680
-753
-613
-746
-811
-656
-758
-833
-691
-725
-793
-672
-621
-678
-589
-476
-517
-466
-326
-340
-326
-188
-158
-165
-61
5
-1
63
146
162
196
270
306
323
368
416
424
437
489
500
481
518
528
480
501
528
480
488
526
490
474
504
487
446
460
468
424
409
430
389
346
375
358
298
325
337
272
287
315
243
221
251
186
141
177
132
62
81
50
-32
-31
-46
-124
-142
-151
-214
-242
-245
-293
-329
-339
-374
-416
-427
-447
-485
-502
-512
-538
-552
-552
-550
-559
-550
-533
-547
-527
-497
-522
-480
-447
-476
-418
-393
-418
-353
-345
-344
-276
-281
-258
-201
-218
-174
-115
-116
-62
-7
7
56
110
144
188
241
271
297
351
372
388
441
458
461
503
522
525
553
564
557
562
557
554
559
554
556
553
523
508
490
438
413
404
341
305
299
230
177
169
109
51
41
-1
-49
-60
-89
-132
-160
-185
-220
-251
-266
-279
-304
-311
-300
-309
-314
-294
-300
-315
-303
-302
-320
-311
-295
-299
-291
-267
-255
-261
-248
-228
-245
-248
-213
-214
-225
-183
-169
-195
-162
-141
-169
-146
-108
-130
-119
-74
-91
-103
-65
-77
-102
-71
-56
-74
-49
-16
-32
-19
34
39
44
97
109
86
127
158
134
165
212
191
207
246
233
248
282
272
285
311
294
299
319
305
301
313
299
288
295
288
277
285
270
245
246
225
192
190
163
116
102
75
21
5
-13
-69
-84
-98
-152
-167
-176
-227
-236
-231
-270
-271
-255
-288
-287
-261
-281
-282
-246
-242
-242
-208
-191
-203
-189
-172
-192
-192
-170
-180
-173
-136
-129
-128
-92
-79
-87
-59
-34
-49
-36
0
-9
-9
36
33
10
45
48
11
36
56
16
25
47
15
11
34
18
15
38
41
45
65
78
83
92
108
111
114
133
135
134
147
156
150
154
175
174
157
182
186
147
157
156
116
121
114
100
111
96
93
102
75
70
70
41
36
33
10
2
-1
-24
-42
-47
-67
-90
-93
-103
-124
-124
-121
-136
-137
-125
-134
-137
-121
-121
-123
-105
-95
-98
-84
-74
-79
-75
-68
-76
-77
-74
-85
-90
-90
-99
-105
-104
-106
-109
-105
-103
-100
-93
-87
-78
-62
-50
-40
-22
-9
-2
13
26
34
44
58
67
72
84
91
93
101
111
110
117
130
127
127
144
142
135
153
159
152
170
182
171
181
195
181
184
193
175
168
173
148
134
135
111
95
100
82
55
58
41
6
9
-2
-34
-23
-24
-48
-31
-29
-49
-37
-43
-68
-71
-83
-105
-113
-114
-126
-132
-126
-134
-146
-142
-150
-161
-156
-162
-171
-167
-170
-177
-171
-167
-166
-155
-148
-150
-144
-139
-148
-146
-140
-147
-142
-131
-132
-128
-113
-115
-114
-100
-97
-96
-77
-63
-60
-36
-17
-14
3
22
26
43
64
76
94
119
132
145
162
169
175
186
194
198
207
212
215
219
223
227
232
237
242
245
245
246
243
235
228
218
204
193
182
166
151
141
126
111
98
84
69
56
42
27
13
-2
-14
-26
-39
-50
-60
-72
-82
-92
-97
-109
-115
-120
-136
-143
-155
-175
-179
-193
-208
-202
-215
-223
-214
-226
-235
-228
-240
-246
-246
-253
-253
-251
-247
-236
-227
-218
-206
-196
-187
-179
-168
-155
-142
-126
-109
-92
-75
-60
-45
-31
-18
-5
8
22
36
53
70
91
111
132
149
164
177
188
198
206
214
222
227
232
236
239
242
245
247
251
255
258
261
264
266
266
265
261
256
248
242
234
225
214
203
190
177
163
148
129
110
94
80
64
48
29
11
-9
-30
-50
-71
-89
-108
-125
-139
-152
-166
-175
-181
-191
-199
-205
-213
-223
-229
-231
-238
-243
-246
-251
-257
-259
-260
-258
-253
-249
-245
-242
-241
-242
-241
-241
-238
-230
-221
-206
-193
-175
-160
-146
-134
-123
-112
-101
-89
-78
-64
-51
-35
-16
2
20
38
55
72
88
102
115
127
138
152
165
182
198
213
225
237
248
259
272
281
287
289
288
287
285
282
280
278
277
278
279
275
268
256
242
227
210
193
175
160
145
132
119
107
94
79
62
42
22
3
-14
-27
-40
-53
-69
-88
-110
-129
-145
-158
-168
-176
-185
-194
-202
-211
-220
-227
-233
-239
-244
-248
-255
-260
-262
-260
-255
-248
-240
-236
-234
-232
-226
-221
-214
-209
-202
-195
-187
-177
-164
-149
-132
-116
-101
-86
-73
-59
-46
-36
-28
-21
-10
2
14
24
34
43
53
67
86
104
120
131
143
156
168
177
184
193
202
210
218
223
228
231
233
235
234
233
233
230
227
220
213
205
197
191
186
180
176
170
164
157
147
134
120
102
87
74
62
50
36
20
8
0
-11
-20
-26
-36
-51
-65
-76
-90
-105
-115
-122
-128
-134
-140
-147
-154
-159
-169
-179
-187
-192
-199
-204
-208
-210
-212
-213
-214
-214
-213
-210
-207
-199
-194
-185
-174
-164
-156
-147
-138
-132
-125
-113
-103
-92
-78
-62
-51
-44
-38
-31
-26
-19
-11
-4
3
12
22
33
44
53
66
79
92
104
116
128
138
150
158
165
170
176
182
189
195
200
205
211
217
225
232
237
242
242
238
233
227
217
208
201
193
181
171
161
147
129
114
96
74
56
40
23
9
-3
-13
-25
-37
-51
-64
-77
-89
-100
-112
-119
-126
-133
-142
-155
-166
-175
-184
-189
-190
-192
-194
-195
-199
-202
-206
-210
-214
-215
-214
-208
-201
-192
-181
-173
-167
-162
-158
-151
-147
-142
-136
-129
-119
-109
-98
-85
-77
-68
-59
-53
-43
-35
-23
-10
2
14
26
37
48
59
74
88
102
116
128
139
151
162
170
176
178
182
185
187
192
194
195
196
194
192
189
189
191
194
196
197
195
193
188
182
174
163
153
143
133
123
113
99
86
70
54
38
23
9
-4
-13
-22
-31
-40
-50
-62
-74
-86
-99
-110
-120
-127
-131
-136
-140
-144
-150
-156
-165
-174
-183
-190
-194
-196
-196
-193
-189
-186
-182
-178
-178
-176
-172
-166
-158
-148
-136
-124
-113
-103
-94
-86
-80
-76
-70
-64
-57
-53
-43
-35
-30
-20
-10
-4
2
9
16
22
28
38
47
54
62
71
77
83
91
97
104
111
120
127
133
137
139
141
143
144
145
147
150
154
157
160
161
162
161
162
163
163
160
153
144
136
128
119
107
92
78
67
58
50
40
27
16
5
-4
-13
-24
-39
-52
-63
-72
-80
-88
-94
-97
-98
-100
-103
-107
-111
-119
-126
-134
-141
-146
-148
-150
-148
-147
-143
-143
-143
-144
-143
-142
-139
-133
-126
-119
-116
-112
-112
-112
-110
-106
-101
-94
-85
-77
-67
-57
-48
-37
-26
-15
-6
4
12
19
25
33
42
52
63
75
84
95
104
112
116
117
119
121
124
127
128
127
123
120
118
116
115
115
114
112
111
109
107
107
108
108
106
103
98
92
87
83
78
74
71
67
61
54
46
37
28
21
13
5
-2
-10
-16
-24
-32
-39
-46
-54
-62
-67
-69
-72
-79
-86
-91
-94
-97
-102
-104
-106
-107
-110
-110
-112
-110
-108
-105
-101
-97
-93
-88
-85
-81
-82
-82
-82
-78
-73
-68
-63
-59
-57
-55
-51
-47
-44
-37
-30
-22
-15
-9
-5
-2
-1
1
2
4
7
10
14
16
21
25
29
34
39
43
48
51
55
58
63
66
70
74
78
80
84
87
88
89
90
92
92
93
93
92
89
85
79
73
67
62
58
53
48
46
45
44
42
37
32
27
24
23
21
18
15
12
7
2
-5
-11
-17
-21
-28
-31
-34
-38
-42
-46
-50
-56
-62
-68
-73
-75
-78
-80
-84
-87
-89
-88
-86
-85
-83
-82
-80
-78
-77
-77
-77
-77
-77
-76
-73
-70
-65
-58
-53
-47
-43
-39
-36
-33
-31
-29
-26
-20
-15
-10
-3
3
8
14
20
25
30
33
39
42
46
48
52
52
54
56
60
62
66
71
74
80
85
90
94
97
99
99
100
98
93
88
82
77
70
66
63
60
56
55
52
50
46
43
40
34
28
24
19
12
7
3
-3
-9
-15
-22
-27
-32
-35
-39
-43
-49
-55
-61
-67
-71
-73
-72
-73
-73
-73
-73
-75
-76
-78
-78
-77
-77
-74
-74
-74
-74
-72
-71
-70
-68
-67
-63
-58
-51
-45
-42
-38
-34
-30
-25
-20
-18
-15
-12
-9
-6
-3
1
5
9
12
14
18
19
22
24
25
27
30
33
36
39
41
45
51
57
63
67
70
74
77
81
81
81
80
79
76
77
74
73
73
73
72
71
67
62
56
48
40
33
26
21
17
13
9
6
2
-1
-5
-9
-13
-16
-20
-25
-29
-32
-38
-43
-45
-48
-50
-51
-54
-56
-59
-63
-67
-70
-73
-72
-70
-67
-63
-60
-56
-55
-54
-53
-52
-52
-49
-47
-44
-41
-37
-34
-31
-30
-28
-29
-31
-30
-31
-31
-28
-24
-19
-13
-7
0
7
13
18
23
28
33
35
39
43
48
51
54
59
60
63
65
65
65
66
66
66
66
67
65
61
59
56
51
48
45
43
40
40
39
38
39
38
35
35
30
27
22
17
14
9
6
2
-1
-4
-8
-11
-16
-21
-26
-28
-31
-35
-37
-39
-42
-44
-47
-50
-53
-54
-54
-56
-56
-56
-56
-56
-56
-57
-56
-56
-56
-54
-53
-50
-48
-45
-41
-38
-34
-30
-25
-23
-20
-16
-12
-9
-6
-2
-2
2
3
5
7
7
8
11
13
17
21
26
29
34
35
35
34
33
31
31
34
35
37
39
41
40
40
39
39
39
40
38
36
35
32
30
27
25
24
22
22
22
23
23
24
23
20
17
15
11
9
7
5
4
2
-1
-4
-7
-11
-12
-14
-15
-15
-14
-13
-14
-15
-19
-23
-26
-29
-32
-32
-31
-30
-28
-28
-26
-26
-27
-29
-28
-29
-29
-30
-30
-30
-29
-27
-27
-26
-26
-26
-26
-24
-23
-19
-16
-13
-11
-9
-9
-7
-7
-6
-4
-2
-1
1
2
5
7
10
11
14
17
22
24
26
27
27
26
26
27
28
30
33
35
37
38
38
37
36
36
34
33
32
31
31
30
27
24
22
17
14
10
8
8
7
7
6
6
5
3
2
-1
-3
-6
-6
-9
-9
-10
-11
-10
-10
-10
-10
-11
-12
-14
-17
-19
-22
-24
-25
-26
-25
-25
-25
-22
-21
-21
-21
-23
-26
-30
-31
-32
-33
-31
-30
-29
-28
-27
-26
-25
-21
-19
-17
-13
-10
-8
-6
-4
-3
-3
-2
0
1
2
4
5
6
7
9
10
11
11
11
12
11
13
12
16
18
21
25
28
31
33
34
35
35
35
34
33
32
31
29
28
26
25
24
21
20
20
19
19
18
18
15
12
10
7
6
5
6
6
5
6
5
3
0
-4
-7
-12
-16
-20
-23
-25
-27
-27
-27
-27
-28
-28
-31
-33
-35
-36
-36
-34
-32
-29
-26
-23
-21
-20
-20
-22
-22
-22
-22
-22
-22
-22
-22
-22
-20
-18
-17
-13
-10
-6
-3
-1
2
4
6
8
11
13
15
17
18
20
21
21
19
19
18
17
16
16
16
19
19
19
19
19
19
19
19
20
20
20
19
20
18
17
15
14
11
8
7
4
3
5
7
9
11
11
10
9
8
5
5
5
6
6
6
7
6
5
5
2
0
-2
-4
-7
-8
-10
-13
-15
-15
-17
-18
-19
-20
-21
-21
