3.367314
2.359804
2.960754
1.999794
1.435058
1.681778
0.594165
0.130711
0.122314
-0.291414
-0.053636
-0.046319
....................
3.417827
2.393191
2.962875
1.980249
1.420935
1.847650
0.724721
0.013405
0.069106
-0.289086
-0.056463
-0.044635
....................
3.448742
2.399439
2.955860
1.900605
1.337406
1.843819
0.699653
-0.034899
0.076243
-0.240742
-0.066099
-0.047271
....................
3.436432
2.359124
3.072667
1.968204
1.406620
1.920016
0.705619
-0.027743
0.079350
-0.243478
-0.077971
-0.043554
....................
3.458225
2.348191
2.941359
1.995886
1.427914
1.704719
0.565250
0.095625
0.107597
-0.295258
-0.050570
-0.045646
....................
