SAMPLES:	12194
BITSPERSAMPLE:	16
CHANNELS:	1
SAMPLERATE:	16000
NORMALIZED:	FALSE
0
0
0
0
0
0
1
0
1
0
0
0
1
0
0
0
-1
1
1
0
-1
0
0
0
0
0
0
0
0
0
0
0
1
0
1
0
0
0
0
0
-1
0
1
0
0
0
-1
-1
0
0
0
-1
0
1
-1
1
0
-1
3
-3
3
-3
2
-1
0
0
0
0
0
0
0
0
0
0
0
0
0
0
0
0
0
0
0
0
-1
0
0
0
0
0
0
0
-1
0
0
0
0
0
0
0
0
0
0
0
0
0
0
0
0
0
0
0
0
0
0
1
-1
0
0
0
0
0
0
0
1
0
0
0
0
0
-1
0
0
0
0
0
0
0
0
0
0
-1
-1
-1
-1
0
-1
0
0
0
0
0
0
-1
-1
0
-1
0
0
0
-1
0
0
0
0
1
-1
0
1
0
1
-1
0
1
-1
1
0
-1
3
-2
4
-3
2
-1
0
0
0
0
0
0
0
0
1
0
0
0
0
0
1
1
0
0
0
0
0
-1
0
0
0
0
0
0
1
0
0
1
0
0
0
1
0
0
1
0
1
1
0
0
0
0
0
0
0
0
0
0
1
0
1
1
-1
0
0
0
0
0
0
0
0
0
0
0
1
0
0
1
0
0
0
1
0
0
0
-1
0
0
0
0
0
0
0
0
0
0
1
0
0
0
-1
-1
0
0
0
0
0
1
-1
0
0
0
0
-1
1
1
-1
1
0
-1
3
-3
2
-3
3
-1
0
0
0
-1
0
-1
-1
0
0
0
0
1
0
0
0
0
0
0
0
0
1
1
0
1
-1
0
0
0
0
0
0
0
0
0
0
0
0
0
0
0
0
0
0
0
0
0
0
0
0
0
0
0
0
-1
1
0
1
0
0
1
0
0
0
0
0
1
-1
0
0
0
0
0
1
0
0
-1
0
0
0
0
1
0
0
1
-1
-1
0
0
0
0
0
0
0
0
0
0
0
-1
0
0
0
2
-1
0
0
0
2
-1
-1
0
-1
1
0
-2
3
-3
3
-3
2
-2
0
0
0
0
-1
0
0
0
0
0
0
0
0
0
0
0
0
0
0
-1
0
0
0
0
0
0
0
0
0
1
0
-1
0
0
0
0
0
0
0
0
0
0
0
0
0
0
0
0
0
0
0
-1
0
0
0
0
0
0
0
0
0
0
0
0
0
1
0
0
0
0
0
0
0
1
0
0
0
1
1
0
0
0
-1
1
1
0
0
0
0
0
0
0
1
0
0
0
1
0
0
0
0
1
-2
0
0
0
1
-1
0
1
-1
1
0
-2
2
-4
3
-3
2
-1
-1
0
0
0
0
0
0
0
0
0
1
0
1
0
0
0
0
0
0
1
-1
0
1
-1
0
0
0
0
0
0
0
-1
0
0
0
-1
0
-1
0
0
0
0
0
-1
0
0
0
0
0
0
-1
0
0
0
0
0
0
0
0
-1
-1
0
0
0
0
0
1
0
0
0
0
0
-1
0
0
0
0
0
0
0
0
0
1
0
1
0
0
1
-1
1
0
0
0
-1
-1
0
0
0
-1
0
-1
1
-1
0
-1
0
1
-1
0
2
-1
1
0
-1
3
-3
4
-3
3
-1
0
0
0
0
0
1
0
0
0
1
1
0
0
0
0
0
0
0
0
-1
1
0
0
0
0
0
0
0
1
0
0
-1
0
0
0
-1
-1
0
0
1
0
-1
0
0
0
0
0
0
-1
-1
0
0
-1
1
0
1
0
0
0
0
0
0
1
0
0
0
-1
0
0
0
0
0
1
-1
0
0
0
0
0
0
0
0
0
1
0
0
0
0
0
0
-1
0
0
-1
0
0
-1
0
0
0
0
1
-1
0
0
1
1
-1
-1
2
-1
1
-1
-2
3
-3
3
-2
1
-1
0
0
-1
1
0
0
0
1
-1
0
0
0
0
0
0
0
0
0
0
0
-1
0
0
0
0
0
0
0
0
0
0
1
-1
0
0
-1
1
0
0
0
0
0
0
0
0
0
0
0
0
0
0
-1
0
0
0
0
0
0
0
-1
0
0
0
-1
0
0
-1
-1
0
0
0
0
0
1
1
-1
0
-1
0
0
0
0
0
0
0
0
1
0
0
0
0
-1
1
0
0
1
0
0
0
0
0
2
0
0
0
0
1
-1
-1
1
-2
2
0
0
3
-3
4
-3
2
0
0
0
0
1
-1
-1
1
0
0
0
-1
0
0
1
0
0
0
0
0
0
-1
0
0
0
-1
0
0
1
1
-1
0
0
0
0
0
0
0
0
0
-1
1
0
0
1
0
0
0
0
1
-1
0
0
0
0
-1
1
0
0
-1
0
0
0
0
0
-1
0
-1
1
0
0
1
0
0
0
0
0
0
0
0
-1
0
0
0
1
0
1
0
0
0
0
-1
0
0
1
1
0
0
0
-1
-1
0
1
-1
-1
0
0
2
-1
1
1
-1
2
0
-1
4
-3
3
-3
2
-1
0
0
0
0
0
0
-1
1
0
0
0
0
0
0
0
0
0
0
-1
0
-1
0
0
0
0
0
-1
0
0
0
1
0
0
0
0
0
0
0
0
0
-1
1
1
-1
0
0
1
1
1
0
0
0
0
0
0
0
0
-1
0
0
0
0
0
0
0
0
-1
0
0
0
0
-1
0
-1
0
0
0
0
0
-1
0
0
-1
0
0
0
1
0
0
0
0
0
0
1
0
0
0
0
0
1
0
1
-1
1
1
0
1
-1
0
1
-1
1
0
0
4
-2
3
-3
1
-1
0
0
-1
-1
0
0
0
0
0
0
0
0
0
0
0
0
0
0
0
0
0
0
0
0
0
1
1
1
0
-1
0
0
0
0
0
0
1
-1
-1
0
0
0
0
0
1
0
-1
0
0
0
0
0
0
0
0
-1
0
0
0
0
1
0
0
0
0
0
-1
1
1
0
0
0
0
1
0
0
0
0
0
0
0
0
0
0
0
0
1
0
0
0
0
0
0
1
0
0
0
0
0
0
0
1
-1
0
1
0
0
-1
0
1
-1
0
0
-1
3
-3
3
-3
1
-1
0
-1
0
0
0
-1
1
0
0
0
0
0
0
0
0
0
0
0
0
0
-1
0
-1
0
0
0
0
0
0
0
0
0
1
0
0
0
0
0
0
0
0
0
0
0
1
0
0
0
0
0
0
0
0
0
-1
0
0
1
0
0
0
0
0
0
0
1
0
0
0
0
0
0
-1
0
1
0
0
0
0
0
0
0
0
-1
0
0
0
0
0
0
0
0
1
0
-1
0
1
0
0
-1
0
1
-1
0
-1
0
1
-1
0
2
-1
1
0
-1
3
-3
3
-3
1
-1
0
0
0
0
0
0
0
0
1
0
0
0
0
0
1
0
0
1
0
1
-1
0
0
0
0
0
0
0
0
-1
0
-1
-1
0
0
0
0
0
0
0
0
0
0
-1
0
-1
0
0
0
0
0
0
-1
0
0
0
0
0
0
0
0
0
0
0
0
0
0
0
0
0
1
1
0
-1
0
0
0
0
0
0
0
0
0
0
0
0
0
0
0
0
1
0
0
0
0
0
1
0
0
0
0
1
-1
0
-1
-1
1
-1
0
1
-1
0
-1
-1
3
-3
2
-2
2
-1
-1
0
0
0
0
0
0
0
0
0
0
0
0
0
0
0
0
1
0
0
-1
0
0
0
0
0
0
1
0
0
-1
-1
0
0
0
0
-1
0
0
0
0
0
1
0
0
1
0
1
0
0
0
0
0
0
-1
0
0
0
0
0
0
1
0
0
0
0
0
0
-1
-1
0
-1
0
0
0
0
0
0
0
0
0
0
0
0
0
0
-1
0
0
0
1
2
1
1
0
0
0
0
0
0
0
1
-2
1
-1
0
1
0
0
0
-2
0
-1
-1
2
-2
4
-3
2
0
-1
0
0
0
0
0
0
0
0
0
0
-1
0
0
0
0
1
1
0
1
0
0
0
0
0
0
0
0
0
0
-1
-1
-1
-1
0
0
0
0
0
-1
0
0
0
0
0
-1
0
-1
0
1
0
0
1
0
0
-1
0
-1
0
0
0
-1
0
1
-1
0
0
0
0
-1
0
1
0
-1
1
1
0
1
-1
0
0
1
0
0
-1
1
0
0
1
0
0
0
0
1
0
0
0
0
1
0
-1
1
-2
1
1
0
2
-2
0
2
-1
1
0
-1
2
-5
3
-4
1
-2
-1
0
0
0
0
0
-1
0
1
0
1
0
0
0
0
1
0
0
0
0
0
0
-1
0
-1
0
0
0
0
0
0
0
2
1
2
1
1
0
0
0
-1
0
0
0
0
0
-1
0
0
0
0
-1
-1
0
0
0
1
1
3
2
2
1
1
0
0
-1
-1
-1
-1
0
1
0
-1
-1
-2
-2
-2
-2
-2
-1
-1
0
0
1
1
1
0
1
0
-1
-1
-2
-1
0
0
1
0
0
0
-1
-1
0
-1
0
1
0
1
1
2
3
1
4
2
1
4
-2
4
-3
1
-2
-1
-1
-2
-2
-2
-2
0
-1
0
0
1
0
2
1
2
2
2
2
2
1
1
0
0
0
-1
-1
-2
-2
-2
-1
-1
-1
0
0
1
2
2
2
3
3
2
2
4
3
3
3
2
1
1
0
0
-1
-1
-4
-7
-8
-5
-1
3
5
6
5
2
2
1
1
1
0
-5
-10
-11
-13
-13
-13
-14
-11
-7
-1
2
3
-3
-11
-18
-17
-11
-3
1
0
-8
-9
-6
1
7
7
3
-3
-10
-15
-20
-21
-23
-21
-17
-12
-3
7
14
13
9
8
16
32
44
42
26
7
-2
5
23
42
51
48
44
43
51
64
82
109
149
192
216
195
131
57
13
-6
-28
-63
-74
-17
109
251
322
259
80
-130
-300
-445
-635
-906
-1230
-1521
-1633
-1419
-871
-211
336
730
1056
1287
1296
1135
1068
1260
1568
1608
1146
325
-535
-1134
-1386
-1441
-1370
-1144
-674
16
672
1274
1765
1873
1664
1121
400
-74
-573
-1154
-1526
-1847
-1833
-1403
-902
-186
444
753
935
703
264
-43
-316
-357
-501
-970
-1359
-1702
-1776
-1423
-1066
-657
-264
115
870
1626
1942
1688
715
-360
-972
-1209
-1075
-908
-1113
-1419
-1538
-1359
-452
1324
3200
4769
6150
6194
4516
3620
4770
5995
5803
4455
2058
-1029
-3051
-3440
-3638
-3866
-3934
-4089
-3231
-1534
-614
-644
-1570
-2857
-3697
-4784
-5657
-5632
-5463
-4408
-2420
-1547
-1421
660
5043
8996
10164
9219
6955
3440
962
330
-246
-1893
-3627
-4567
-5037
-3984
-2435
-1103
975
2050
2558
3649
4186
4747
5064
3754
1842
-36
-2057
-3566
-4363
-4932
-5593
-5624
-5081
-3967
-1255
1509
3516
5443
5416
4057
3007
1126
585
613
-2304
-4425
-4936
-5760
-4392
-1793
-713
-261
140
816
2676
3944
4146
3613
1053
-1478
-3009
-4475
-4175
-2879
-3025
-3585
-3554
-3077
-1321
1580
4574
6632
7085
7042
6696
4646
2792
3794
5697
4606
964
-889
-1669
-2961
-1547
-282
-1156
617
2682
4438
7681
6023
1753
316
-1920
-3772
-3981
-6127
-9112
-11491
-12613
-11733
-10363
-7690
-4488
-1112
2258
3064
2077
2412
7544
12991
13391
10818
8128
2939
-2649
-2348
-4235
-6400
-5135
-7517
-7118
-3287
-799
3081
6927
7151
6619
6129
3857
2941
1277
-1449
-1949
-3524
-5054
-3804
-3562
-3970
-3173
-3019
-2563
-1115
664
2366
3806
4579
3274
2178
1032
-1864
-1367
-665
-4573
-5917
-5623
-6245
-2793
325
851
2733
3223
3129
4647
4472
2959
595
-3017
-4389
-4015
-4731
-4690
-3889
-4708
-5261
-3712
-1552
1200
4846
7865
9674
9573
7122
4299
4262
7847
9552
5218
-298
-3407
-5850
-5216
-2033
-292
760
905
1584
4846
7127
5886
5350
2766
-1554
-2244
-4588
-6439
-7554
-10806
-14238
-13168
-11691
-13261
-8029
-5925
-3452
2831
2234
2359
3781
10709
17522
15671
12409
7708
1358
-4806
-5623
-2907
-4132
-7077
-8475
-5825
-2144
-485
4370
7716
6730
7249
5910
3066
1469
-674
-2667
-3979
-4430
-4672
-4756
-4159
-3940
-4143
-2688
-978
-328
2968
4938
5097
6440
2555
385
511
-4186
-2025
89
-5611
-5905
-4254
-4560
-1349
1655
2404
3867
3907
3417
4269
2646
1076
-610
-4110
-3885
-3864
-5968
-4353
-3689
-4831
-3262
-2143
-591
2135
4423
8293
10352
8270
5741
6124
9510
9623
5824
3153
-1322
-5702
-4179
-1633
-606
276
-820
-681
2750
4752
5365
7084
5890
1120
-2290
-4453
-6241
-5783
-5639
-7563
-9397
-12552
-14265
-13201
-11495
-6837
-3246
-815
2911
1788
-172
8077
16470
16192
15118
10167
4000
657
-998
-425
-5077
-8354
-8294
-9068
-2955
1434
1279
5710
6231
4276
6550
4320
983
755
-1177
-1475
-2258
-5326
-5839
-5599
-4700
-3774
-2847
-1340
-316
1689
3402
5004
4422
3885
3699
2202
-720
-3842
-1170
-5024
-9324
-6104
-7963
-4608
3074
4095
4393
5782
3314
2624
4555
2457
1827
-662
-5959
-5965
-6631
-8235
-5009
-3132
-2867
978
5434
7722
6970
7098
11308
14458
13575
9900
6186
2474
-2597
-4534
-4365
-5896
-4972
-2892
-1482
1465
2482
3497
7131
8252
6511
3202
-756
-3641
-6467
-7039
-6554
-9061
-12123
-15405
-16730
-13772
-11826
-9252
-4083
-596
2724
4928
4473
6584
13062
19365
17261
9089
5918
1948
-6242
-6724
-4709
-8065
-7433
-4599
-4446
-804
1927
2526
6858
7396
5083
5301
1363
-1239
-420
-4310
-5153
-4133
-6126
-3731
-2172
-3105
-1456
-1053
-320
2819
3908
5087
5612
4627
3872
772
-1136
-5408
-5030
-2309
-8986
-6915
-3359
-5002
195
3221
2400
3091
3486
4115
5354
2628
1341
-572
-6387
-5087
-4234
-6461
-3657
-1271
291
3116
3935
4052
6546
12566
17260
14957
10841
7041
2396
399
-916
-2468
-3091
-4975
-4678
-1251
-949
-1133
2191
4193
5190
7203
5536
1341
-989
-3047
-4627
-4879
-6416
-9365
-12142
-14377
-15340
-14472
-12745
-10698
-6766
-1746
2481
6065
6490
5410
11055
18121
15996
13326
12681
3389
-5640
-4746
-5144
-8142
-7221
-7445
-7278
-4118
-793
1808
5333
8261
5934
5070
4848
367
-3358
-2453
-3355
-5799
-1501
-4144
-6966
-3114
-4932
-2119
1899
1441
3417
4836
4847
6575
6090
2498
-854
-6418
-6416
-2751
-6537
-6865
-4415
-8325
-6482
-688
1055
6194
8536
6334
6677
3034
-781
-109
-2582
-3814
-1886
-4128
-4826
-1080
-663
-873
4223
11225
15056
14178
12165
10605
6365
2877
2226
-97
-3162
-4097
-2213
-826
-2892
-2504
-1033
-1756
2536
6788
5571
4709
1521
-2321
-2581
-3882
-5281
-6843
-11331
-15502
-18141
-18298
-16227
-13871
-9323
-5147
84
6394
7123
7610
11592
16315
20366
19538
13052
7309
644
-5742
-4792
-7206
-10005
-8470
-10386
-7707
-1888
-204
3503
8953
7551
6554
7810
3160
41
-817
-2465
-3544
-4244
-5198
-6699
-7452
-6398
-3134
-2115
-1822
1630
3256
2090
7878
9427
1170
3107
-84
-7533
-1092
-1256
-6469
-4616
-7587
-10611
-2990
1289
2916
7957
6562
6168
6095
1470
1665
803
-2202
241
518
-1670
-2213
-4967
-3875
3629
9381
10124
8317
7492
6863
5513
5474
4884
2500
556
11
858
1488
338
-1233
-1375
-1090
-648
818
2677
3898
2968
892
-391
-1338
-3126
-4826
-7113
-9095
-10650
-14240
-15558
-17009
-16788
-12798
-10093
-2782
1956
3087
6395
4898
10369
20401
20008
16784
14098
8868
1601
-1260
-3082
-9026
-10015
-10964
-11188
-4605
-1815
-1821
2322
6329
8124
8937
7152
4633
2416
626
645
-1154
-5378
-8005
-8459
-8424
-7654
-6511
-4251
-1770
-826
2149
5448
6162
6485
6743
4584
-73
-2716
-259
-3486
-11073
-7528
-9330
-11483
-1511
406
3702
8594
5861
6778
6945
3594
3896
4113
383
1079
1337
-3032
-3318
-4193
-2572
5007
8685
8847
7560
6266
5639
5670
7374
5965
4008
2470
-139
861
1145
-1893
-2772
-2915
-3818
-954
3434
4584
3756
2533
344
-2625
-3997
-3855
-4394
-6777
-11501
-16936
-20477
-20825
-17822
-13236
-8779
-3466
1948
4229
4000
6198
14463
23495
23116
17147
13897
6977
-1349
-2165
-4812
-10469
-11232
-12018
-10373
-3930
-1495
781
5602
6726
8252
9488
6134
4048
3316
-24
-1431
-2555
-8046
-10663
-10022
-8293
-5496
-6006
-4965
-2532
-1013
2666
5316
7564
6680
3903
4578
-100
-3660
-704
-6404
-12954
-10328
-10116
-7613
498
2559
4920
7478
6071
7679
7970
7228
5472
2414
4843
3065
-4764
-4232
-2043
-938
5960
5869
3300
4748
2029
4697
9098
7152
7371
6181
3594
5537
4757
2082
310
-3010
-4870
-6401
-3981
1128
2382
4024
4852
2242
-1181
-2859
-2326
-2446
-5120
-9482
-14591
-20336
-22547
-20852
-18319
-12781
-7346
-3631
1619
2537
2283
10909
20711
23896
21969
18184
14634
6699
-592
-2300
-8173
-13014
-12503
-13799
-10459
-4266
-2887
1380
7791
8083
9110
10589
7119
5933
4423
768
-1731
-6063
-9402
-10869
-11402
-9738
-8429
-7232
-5754
-3876
996
5485
7872
9765
8620
6950
4247
-608
-132
-2981
-11833
-12842
-12553
-12018
-4429
279
1292
4705
6683
8328
11369
10088
8067
7382
4381
3514
870
-5763
-6699
-2406
1901
4000
4985
5238
4793
5704
7713
11523
11675
8234
4803
4180
4410
375
-384
-3763
-7892
-7596
-7959
-2833
1597
3210
4935
3039
-108
-1302
-780
-812
-1951
-5984
-12234
-18059
-21349
-21111
-19234
-15972
-11857
-7921
-3046
471
725
6509
18981
25548
23847
20077
15676
8805
1739
-865
-3954
-10824
-14289
-14250
-12327
-7343
-3958
-537
5049
8006
10048
11347
9164
6725
4301
1267
-1376
-5116
-8110
-9024
-10130
-10891
-10296
-8805
-6505
-3392
348
3885
6631
8220
8486
8084
6232
2801
774
-1288
-7245
-12293
-12685
-12049
-8545
-2297
681
2586
4829
5710
8303
10207
9223
7638
4433
2370
1594
-2180
-5136
-5230
-3414
786
3194
4334
6199
5202
5167
8845
10161
9777
9500
6510
3974
2550
-1022
-3024
-3286
-4773
-5274
-5105
-3266
183
1731
4797
5875
716
-948
-621
-2961
-2515
-3853
-9395
-14621
-19654
-21433
-19843
-17145
-12578
-8096
-3255
-516
-1492
2167
10631
18849
24607
23212
18488
13037
4217
-302
-1202
-6655
-11106
-12039
-12752
-10188
-5587
-1984
3095
7872
9265
9539
8708
6519
5854
4351
-461
-4751
-7396
-9516
-9689
-9010
-9865
-10030
-8212
-6716
-3173
2441
5263
8319
10605
8016
7128
5165
72
922
-1572
-10526
-11280
-9650
-10648
-6100
-1213
-94
1324
3815
7556
9854
10075
10525
8108
3432
826
-1426
-3060
-1269
-30
-1719
-2227
-1923
-1860
1751
6743
8941
10139
9821
8373
9705
10379
7240
4849
1807
-4071
-5922
-4578
-5730
-5314
-3299
-2944
-627
2371
3436
4172
2771
239
-1397
-3704
-5425
-7271
-11046
-15145
-18587
-18993
-17119
-16080
-12699
-6817
-1295
3299
3409
2976
10320
19435
22178
21264
17758
8712
-331
-2862
-4136
-6162
-6874
-10380
-11942
-7951
-5634
-1387
5561
7575
8627
9227
6902
5979
3932
729
-330
-3122
-6330
-7367
-8138
-7602
-6878
-7746
-7741
-5335
-2014
1100
5347
8602
8137
7592
5609
92
-1175
174
-3788
-7027
-7109
-9752
-9644
-4743
-1651
1107
3710
4842
7254
8048
7861
9368
6847
2868
2070
324
863
2849
989
-1282
-2900
-4503
-3089
1206
4241
6926
7390
6295
7443
7366
7572
6948
5293
2004
-3053
-3495
-3213
-3719
-2879
-2913
-4495
-4692
-1163
3516
6360
6427
3146
-2374
-4396
-5220
-5090
-4095
-8127
-12049
-15249
-18333
-20619
-19871
-10748
-1057
2929
3478
1267
-256
7326
18485
22288
21893
16354
5997
686
684
-1232
-5107
-8012
-10379
-11458
-9473
-5424
-1141
3488
7276
8396
7813
6373
4453
3172
1695
-749
-2752
-5005
-7745
-8635
-8105
-7585
-7147
-5839
-2775
-1093
71
5244
8779
7022
5103
1966
-1814
-911
733
-1464
-5788
-10699
-12594
-9592
-4441
1930
6454
6442
7203
9902
10496
10623
9953
7465
7316
6343
935
-2408
-4089
-7660
-7329
-3846
-2215
349
3501
5980
9827
11494
9800
8800
8404
7187
4610
1447
-463
-3064
-6897
-8145
-6798
-5487
-3704
-203
3300
3878
2322
1536
570
-1871
-2825
-1788
-2248
-5627
-10840
-15803
-19299
-19548
-15476
-12211
-10392
-5046
-760
-1931
-3138
2774
15336
22396
22648
24343
18029
4789
1061
-909
-6405
-5995
-8673
-14965
-11253
-7422
-7851
-202
6996
6989
8236
7845
5937
6265
3557
823
125
-3594
-7006
-7599
-7595
-7781
-7978
-7463
-6671
-4028
-682
2525
8843
10835
8811
9409
2340
-3499
1882
-1638
-9165
-8968
-13175
-14151
-6865
-2478
2742
7175
7736
11684
13757
12554
13915
10816
5994
6704
2156
-6322
-7436
-7587
-8268
-4559
-2017
-56
3977
7338
12756
17138
14888
12075
10973
7702
4784
2417
-4449
-11895
-13510
-13214
-11130
-3915
1253
1348
836
-657
-1285
1099
3521
4502
580
-8565
-16011
-20549
-23498
-22410
-18619
-14480
-9342
-5478
-3574
-1262
5803
19182
27841
27238
23908
18069
8591
2488
762
-5906
-12469
-15983
-19324
-14149
-8399
-6501
1040
5882
7589
12882
14336
13011
11161
6800
3342
-2157
-8075
-9283
-12750
-15763
-11231
-11776
-12880
-5180
-3048
564
7283
8992
14437
15129
10532
6814
917
-932
-4528
-11184
-11419
-13765
-15921
-9166
-4607
-1323
4676
7475
11287
14897
14979
15407
11509
4796
4302
2932
-2953
-4134
-4941
-9516
-8818
-4823
-2173
3017
8053
10541
13261
14489
13767
13545
10803
6113
3222
-646
-6323
-8334
-8167
-11613
-10056
-4377
-2497
768
3144
2046
-149
-622
-404
-1696
-3457
-7913
-10890
-12401
-16255
-18296
-18134
-16866
-11246
-3043
1432
3378
5433
8595
14500
19836
22631
22787
16604
6554
-530
-6258
-10916
-11102
-10603
-10641
-8678
-7633
-5716
-11
4167
7545
11356
10474
7862
4797
241
-358
-744
-3982
-5821
-8893
-11329
-10733
-9856
-6043
-3086
-3647
-1223
3052
6895
9697
10428
9399
3368
-939
381
-2678
-5143
-4790
-9904
-11655
-8318
-6432
-1060
4693
7600
10527
9824
8626
9432
7108
6613
8562
4753
65
-2022
-6684
-8467
-4519
-2099
-46
3063
3965
6532
10973
12779
13627
12648
8404
5347
3485
1132
-500
-4347
-9856
-10882
-8489
-5570
-471
3668
2615
-392
-2018
-2367
-1188
480
139
-3628
-9647
-15586
-20317
-21216
-18087
-15084
-10797
-5659
-5551
-6817
-2623
8509
21004
24917
24211
22046
12638
5886
5496
365
-5240
-9105
-14922
-14552
-10620
-8414
-3078
1382
2655
7190
10443
8646
9063
6621
2629
2094
-1889
-4694
-6119
-8759
-9647
-10349
-10137
-9268
-7759
-3685
778
3944
7447
7979
7202
7490
3489
2979
3881
-3055
-5696
-7086
-11327
-9626
-6348
-2387
1411
2152
5166
9995
9300
11113
12510
5373
5802
5129
625
1559
-1766
-5339
-6297
-5299
-3084
-1172
1987
5068
7955
10169
12228
12908
11472
9302
6830
3812
551
-2299
-5186
-7456
-8483
-7654
-4730
-705
2515
3412
2649
1294
172
-122
-5
-803
-3480
-7290
-11801
-16881
-19664
-19551
-18633
-15145
-9963
-6595
-4005
-3644
-3265
6648
19946
23617
22790
21767
13826
4646
3276
1228
-4899
-7852
-11626
-14328
-10054
-8600
-7173
71
3288
6398
10826
8982
8248
6869
2225
2904
1264
-3104
-3852
-7198
-10573
-10496
-10102
-9838
-8767
-6595
-2611
1843
6229
8924
8815
9109
5011
3397
5514
-1359
-5335
-5761
-11208
-11481
-7781
-5669
-2320
316
3679
9481
10359
10293
12728
8517
5524
7041
3832
1887
-676
-6154
-6374
-7545
-8853
-1287
1322
78
7210
8590
9957
15862
14532
13641
10591
4169
718
-2454
-4358
-7275
-10453
-8873
-7183
-4980
937
3967
4377
4003
2134
2473
2597
927
-670
-4960
-11720
-17347
-22097
-23528
-20426
-17057
-13551
-8950
-4680
-4242
-2095
9286
21374
25617
24784
22762
14204
4676
3922
556
-5583
-7937
-13099
-15258
-11416
-10019
-5303
1377
3919
8102
10661
10961
10656
7048
4246
2421
-1567
-4929
-6421
-8921
-10149
-10679
-11677
-9661
-7500
-4447
874
5542
8965
8863
8719
8915
4258
3176
4151
-2629
-6611
-7449
-12129
-11586
-7365
-4878
-1255
500
2526
7041
8083
8765
10121
6069
2533
3350
1745
-201
-193
-2711
-5425
-5845
-5280
-2988
142
3890
9111
9758
8778
11896
10403
8803
11401
7027
-97
-892
-4039
-7577
-4148
-5635
-6503
-2715
-2370
2046
5661
4664
4829
3160
204
-1802
-3365
-4121
-6120
-10132
-14014
-18501
-20885
-18281
-14236
-10917
-6835
-1967
-916
-2277
2553
12770
20530
22833
20612
14910
6736
1597
2306
902
-4177
-8324
-12534
-13444
-9985
-6473
-1567
3126
4817
6382
7469
7429
6447
4360
3342
777
-1444
-1761
-4973
-7046
-7333
-9399
-9776
-6967
-5044
-2383
2011
5390
7816
6756
7847
7656
2616
4157
3206
-3948
-6094
-8096
-11765
-9292
-4721
-2926
-836
163
2440
6343
7907
10664
10513
4879
3499
2884
-274
972
-255
-5085
-5361
-5958
-5709
-10
4146
6589
10092
11421
12200
13424
11999
9826
7543
2347
-1601
-2655
-5212
-8969
-9106
-7490
-8189
-3765
3320
3785
3419
5833
2541
-1553
1895
-137
-3961
-5042
-12850
-18180
-19323
-21355
-19865
-15719
-12195
-6437
-1366
-997
523
7454
17991
23859
23836
21381
14544
4974
772
632
-3833
-6940
-11163
-15515
-11881
-9972
-6796
1863
5197
5540
8627
8095
6286
7397
4470
1397
333
-3552
-4934
-5015
-7503
-7521
-7688
-8825
-5882
-2534
-427
2721
5348
5885
5916
6755
3901
1365
4380
1135
-6082
-6797
-9246
-11102
-6698
-3485
-662
1000
846
4391
6110
6190
9306
8026
4445
3858
1447
-38
1807
1125
-1401
-2893
-4673
-4115
500
4303
6423
8723
8713
8128
9853
9842
8240
7084
2944
-1283
-1995
-3803
-6179
-4818
-4217
-4702
-1198
2371
3478
3918
3042
796
-836
-3251
-3966
-2962
-6138
-9088
-12678
-16763
-19515
-19359
-15447
-12227
-4539
-977
-2314
-1259
680
10720
20014
22388
23253
18250
7580
2009
1323
-2364
-5328
-9128
-13355
-11718
-10221
-9040
-3099
2395
5366
8570
8475
6455
7641
5949
3745
3497
-551
-3729
-7116
-9665
-8495
-8626
-8715
-6914
-5020
-3511
404
5832
9348
9345
7332
4698
1194
2148
2694
-3108
-6722
-8772
-11460
-8653
-3182
1267
3905
3693
5590
7937
8803
12219
11089
5325
4515
1608
-5610
-6622
-6002
-7461
-4306
-1068
-212
3423
6677
9626
14107
15096
13789
11742
7274
4739
4000
541
-4155
-7986
-10997
-12293
-9394
-3219
1313
3678
4875
3676
1468
623
2311
3796
842
-4080
-10935
-19631
-22983
-22058
-20388
-16858
-13136
-8643
-3338
-1471
939
9735
21162
25725
22021
21489
15707
4045
3596
358
-8477
-11439
-14371
-14726
-10812
-9678
-6731
541
4052
7324
10776
10181
9633
7287
4333
3881
921
-3933
-5639
-6766
-8939
-9512
-9632
-8826
-5868
-3096
-50
4483
7952
9713
11287
10340
5144
1977
2253
-1764
-6663
-8018
-10915
-11392
-6960
-2849
825
2403
4047
8318
8891
9397
11619
7616
4348
4359
-1092
-5422
-5559
-8757
-9421
-4404
-1454
53
3289
6109
9227
12760
14432
14318
12087
8708
6113
2757
-1116
-4229
-8151
-11296
-10833
-7984
-4064
218
2885
3140
2086
1227
1871
2793
1181
-1769
-5188
-11364
-17368
-19832
-20519
-19217
-16186
-12566
-7196
-3081
-2072
1281
9766
18988
23384
23547
21389
13958
5469
2586
-448
-6046
-9162
-11781
-13513
-11385
-9714
-7161
-1009
2728
5975
11168
11105
8472
7704
5250
2966
549
-3902
-6616
-8856
-11102
-10311
-9206
-8902
-7063
-3665
93
3686
7509
9857
10328
9548
5340
2360
3276
-185
-6216
-8259
-10216
-11201
-7332
-2500
730
2867
4729
7354
8647
8745
9773
8483
5292
3608
-233
-5061
-6216
-7134
-6934
-2917
-536
-109
2249
5464
9071
12743
14623
13992
11018
7084
3606
977
-1396
-4736
-8167
-10009
-9789
-6855
-2043
2050
3420
2250
772
190
1261
3323
2632
-1271
-6953
-13930
-18652
-20352
-20181
-16966
-14033
-11302
-5550
-3145
-3847
3304
15981
22642
23483
23920
19402
9679
4943
2610
-3315
-8128
-12935
-16212
-13042
-10786
-9246
-2977
1486
4085
8375
9792
9131
9221
7261
4260
1923
-1612
-5664
-8865
-10147
-9593
-10226
-11586
-8081
-4330
-4964
-642
6790
8520
8690
12170
9691
3484
5253
2845
-4318
-6490
-8662
-10048
-7350
-3253
-1222
318
2075
4857
8640
10038
10917
10400
6644
3463
635
-3084
-4270
-4786
-5904
-3630
-1783
-1617
989
3365
6003
10627
12662
12454
11362
7889
5382
4204
918
-3209
-6285
-9086
-10732
-8092
-3283
-790
1457
3400
2074
655
1356
2574
2428
-100
-3974
-10541
-17479
-19170
-19316
-19041
-15663
-13131
-9126
-3316
-2530
155
10368
19021
22700
24097
21501
13743
6253
2997
-296
-5220
-10496
-15179
-14469
-11353
-10040
-5101
339
2372
6178
9481
9646
8842
6473
4368
2783
-742
-4448
-7324
-9216
-10241
-10911
-10203
-8715
-6657
-4330
-1304
3891
7723
8263
10868
11019
4991
4822
5915
-907
-6627
-6895
-8624
-10694
-5623
-1158
-179
776
2358
6547
8184
10031
11472
7555
5570
3990
-1892
-4418
-3787
-5636
-4165
-499
-420
425
2816
4498
7753
11346
12455
12190
9880
6611
5277
3207
-258
-3429
-7990
-11016
-9428
-6819
-3006
1436
1742
589
518
138
1791
3638
2174
-463
-5434
-13255
-18359
-19523
-19011
-17244
-15166
-11859
-6889
-4280
-3136
3144
13917
21540
23160
22950
19428
9959
4272
2821
-3094
-7784
-10103
-13731
-12389
-9677
-8409
-3272
27
2817
7855
8388
8453
9628
6509
3677
2958
-1561
-5045
-7207
-11829
-11602
-11039
-11834
-8697
-6461
-3557
1444
4738
7756
10643
11049
8598
4977
4745
2519
-3895
-5915
-7339
-8829
-7263
-3802
-104
-321
344
6209
8571
8373
13293
9546
3943
6870
491
-4125
-1885
-5813
-6355
-2505
-2314
-655
2329
3241
7949
12221
13113
13886
11636
8425
5860
3516
1461
-2085
-6283
-9218
-10099
-8232
-4537
-1110
1147
1084
-335
-351
751
2234
3186
709
-4614
-10638
-16772
-19321
-18889
-17776
-14188
-10923
-7750
-4121
-3919
57
12159
20586
23540
24388
19097
11412
5585
3109
-348
-6347
-10348
-14011
-13054
-10569
-9610
-3898
1686
3967
6979
9579
8885
8463
7808
5447
3419
-503
-4513
-7335
-10044
-11276
-11599
-11251
-9880
-7654
-4467
-980
3292
7216
8714
10228
9552
5794
5392
4238
-1257
-4540
-6691
-8895
-7250
-4155
-2018
-466
737
2916
5781
8236
9719
8735
6805
5438
1942
-1560
-2129
-2648
-3905
-2911
-1259
-1390
-1651
881
6590
7662
8549
12584
10511
8742
9318
7772
5063
1462
-1889
-5477
-8228
-8485
-5606
-2954
-1750
-575
-501
-1180
-2204
-785
1547
578
-2206
-6858
-12734
-16541
-18430
-18123
-15763
-14436
-12607
-8243
-4584
-3492
437
10913
19290
21772
23972
21108
11820
6676
4102
-1160
-4932
-8837
-12871
-11763
-10703
-10413
-5074
-424
2846
8227
9873
9679
9888
7162
5994
4862
190
-3569
-7379
-10416
-10799
-12105
-11829
-9499
-8394
-5728
-1067
3297
6398
8990
11835
10262
6143
6290
4422
-2249
-5412
-6742
-9523
-8685
-5288
-3385
-1446
1249
4359
7247
8591
9837
10203
8035
5943
2845
-1580
-2831
-2982
-3823
-2325
-1439
-2127
-135
3112
6059
9991
12785
13544
13531
11675
8981
6701
2546
-999
-3020
-8847
-11922
-7284
-5662
-4221
2152
1712
-2707
-1683
462
2025
2430
420
-3249
-11440
-18718
-19586
-20088
-18850
-15287
-13054
-9411
-5927
-5117
-137
11900
19944
22899
25370
21727
12630
7286
4942
-1800
-5775
-9167
-14783
-13017
-12039
-10654
-3475
-280
2221
7824
9645
10470
12246
9543
7034
5431
-238
-4293
-6096
-10472
-12933
-12668
-13278
-11037
-7274
-5752
-2294
3151
6602
9599
12490
10837
6969
6093
3234
-2580
-5315
-8095
-10682
-8188
-4977
-2874
-843
648
4193
7446
9384
12224
10698
6429
5149
1992
-1726
-1676
-3632
-6205
-4241
-2859
-2813
-140
3039
6089
9352
11459
13464
13083
9927
8806
7408
3268
-533
-3879
-7722
-9946
-8761
-5182
-2032
494
2156
501
-1500
-1710
317
1352
266
-1673
-10006
-17007
-18269
-20457
-20548
-14738
-12918
-12431
-3147
-3376
-4333
6240
14032
21307
24013
22616
18182
8650
4258
1747
-3548
-7111
-11032
-13953
-11993
-10372
-7424
-1766
2028
5889
8867
10075
10922
9935
8006
5860
2316
-1725
-5944
-9719
-11139
-11983
-12856
-11307
-9043
-7328
-3774
964
5403
9250
11751
12231
8421
4160
4799
2848
-3341
-5920
-7979
-10393
-7793
-3832
-1679
465
2909
5521
7454
9083
10126
8348
5685
3996
1476
-1271
-3147
-5092
-5809
-3812
-1771
-1265
595
4260
7390
10715
13849
13507
10722
8928
7097
3850
834
-2144
-5888
-8779
-9460
-7569
-3689
342
2138
843
-526
-311
760
3313
3662
-988
-7291
-14323
-19303
-20085
-20023
-17796
-14682
-12450
-6972
-4207
-4505
3608
15403
21756
24146
24213
19403
8488
2491
3366
-2254
-9551
-12183
-14482
-13641
-12134
-8657
-581
1966
4494
11174
11423
10836
11203
7580
5526
2106
-3506
-6251
-9502
-12266
-12881
-13104
-11744
-9773
-6822
-2734
1784
7327
9763
10466
11861
8302
4830
5459
1606
-4185
-6885
-9900
-10154
-6074
-2248
1085
2973
3497
6093
8292
9816
11991
9073
4422
2782
-2323
-6641
-5589
-6726
-6720
-2477
-1161
-650
2924
6803
10297
13457
14731
12993
9631
6691
4057
1411
-2061
-5662
-7790
-9485
-8554
-4229
-1362
579
2457
1997
1641
2349
3250
4006
1270
-4200
-10054
-16791
-20524
-20034
-19161
-17322
-13581
-9466
-6010
-3737
530
9819
19179
23258
24026
21054
12347
5791
4031
-952
-6690
-9745
-14375
-15372
-11524
-10107
-5401
2552
3890
6418
12631
10630
8550
11261
6922
1684
102
-4880
-8086
-9071
-12566
-12263
-11082
-11806
-7763
-3881
-744
4366
8322
9338
9116
9591
6510
5375
5189
-670
-4299
-6508
-10035
-9002
-4679
-1543
2322
4435
5094
8318
8595
9401
12101
7797
3212
2144
-3222
-6634
-4780
-5563
-4641
-131
1237
2889
6380
7479
9726
12857
11689
9898
8505
4404
1391
-802
-5311
-7746
-7401
-6899
-4354
-1836
-1800
-1290
-188
564
2051
3361
2266
-2222
-7849
-12746
-17273
-19376
-18691
-17036
-13735
-10120
-8058
-6174
-1110
9080
18030
21810
24854
22691
12761
7134
5956
63
-5483
-8664
-13530
-15718
-14445
-11946
-5992
87
3982
8078
9724
11128
12291
10064
8111
5147
133
-3604
-6446
-10793
-12266
-13350
-14833
-11644
-10693
-6849
38
3720
7187
9813
10225
7213
6636
5682
2523
-521
-5352
-7497
-8966
-8308
-3577
629
2352
3162
6380
8367
8053
10434
10965
6449
4293
935
-5301
-5594
-5290
-6763
-3410
-778
-848
2987
7970
10890
13492
13943
12218
10545
8127
5098
1942
-2696
-7384
-9631
-9418
-7032
-3803
-1341
235
379
365
2187
3632
3366
2009
-2118
-8267
-14110
-18926
-20426
-19197
-18004
-14735
-9827
-8049
-7042
-546
9851
17943
22522
24282
20251
12075
7291
4697
-821
-5981
-10823
-16104
-15690
-12995
-10983
-4303
1539
4786
9836
11579
12046
13028
10263
8291
5439
-415
-3829
-7537
-10700
-11761
-14323
-13784
-11256
-9860
-4951
475
4112
7156
8672
9732
7042
3602
5294
3355
-3103
-6143
-8461
-10226
-7312
-1080
3080
3323
5562
8455
7537
9305
12450
10177
7054
4374
-734
-4584
-5730
-5944
-4835
-2958
-1434
366
3495
7405
10287
12252
13867
12914
9812
7426
4316
394
-2451
-6484
-10088
-8914
-5894
-3644
-1066
93
-796
-488
2016
4003
4118
1923
-3526
-9780
-14917
-19272
-20443
-18731
-16406
-12572
-9351
-8408
-6105
941
11674
19805
23374
23803
17550
9603
6786
2817
-2703
-6487
-12428
-16300
-14698
-13090
-9677
-3258
1338
5568
9734
11096
12233
12276
9888
8407
4758
-1579
-4773
-7287
-10797
-11822
-11868
-12055
-10775
-7477
-3302
489
4750
7727
8836
9222
5990
3359
3780
-557
-5804
-7170
-9792
-9899
-5545
-1775
1528
3371
5074
8783
9767
9658
11837
10751
6367
3250
-1001
-6015
-6737
-5955
-6320
-3479
-806
-1008
3266
8643
9702
12486
14806
12839
11028
8345
4552
1867
-2173
-6114
-7755
-8354
-7024
-4347
-1787
426
944
1233
3097
4384
4376
2748
-2023
-7990
-13255
-17770
-19763
-19205
-17713
-14772
-10621
-7429
-5905
-1743
8553
18087
21598
23413
20994
11967
6790
4904
-1815
-6263
-8989
-15857
-16612
-12900
-11859
-5715
1162
4069
8881
10955
10978
12186
10438
9237
6757
467
-3442
-7443
-10919
-10603
-11671
-12031
-9671
-7897
-4942
-314
4629
7679
8740
10440
8104
3121
3157
1516
-4935
-8238
-9734
-11529
-9395
-4026
383
2610
5037
8419
9824
10270
12509
12284
7253
3691
1403
-4634
-7727
-6001
-7723
-6918
-1243
-1171
-255
6422
9929
13380
17753
16421
13043
9851
5588
2809
715
-4083
-9292
-9047
-7942
-8553
-2083
3026
17
1804
3587
1239
4382
4784
-30
-3417
-10792
-17378
-18108
-19886
-20181
-16533
-13270
-10013
-6586
-3976
1387
11366
19256
22726
24516
18659
7913
4342
2029
-4535
-8563
-13044
-17127
-15246
-12146
-8780
-2591
2194
5256
10465
12043
11645
11558
8217
7248
4064
-2235
-5310
-7924
-10498
-11360
-10842
-11050
-10340
-6497
-924
3004
5686
9057
9724
8695
5662
1785
1959
-1070
-7814
-8948
-9642
-11470
-7175
-1824
1101
4265
6615
8956
10165
9803
11612
11173
6019
3063
-191
-5573
-5816
-5130
-6756
-4264
-1977
-1796
3009
8100
10461
13936
14635
11793
10380
7715
3370
1465
-1396
-6242
-7848
-6770
-5949
-3034
1027
1778
823
1714
2744
2424
3456
2692
-1490
-7712
-13533
-16634
-20067
-19117
-15629
-14781
-11903
-5144
-4442
-5171
8059
16193
19276
25672
20423
12163
7240
2954
-1544
-6326
-10805
-16138
-15928
-12491
-11195
-6036
238
2636
7979
11514
10598
12012
10208
7463
6031
42
-4282
-6292
-9486
-9953
-10770
-11612
-9826
-8799
-5349
206
4080
7886
10108
10493
7806
2288
1726
1672
-4044
-7278
-8562
-11691
-10546
-5492
-879
2879
4845
7165
10757
11563
10960
10943
8404
5448
3340
-1639
-5462
-5788
-7433
-6920
-2422
-798
194
4860
8622
11091
13968
14234
12693
10396
5763
2488
874
-3919
-7881
-7834
-8026
-6193
-793
2089
1923
1693
1293
1824
3863
4623
1414
-4352
-10235
-15994
-19480
-19843
-19421
-17016
-12350
-8907
-7483
-5610
1138
12038
19544
23110
23969
16770
7614
5094
990
-4902
-7076
-12752
-17241
-14026
-12910
-10703
-2498
2963
6734
10145
11520
12371
10679
9468
8968
3472
-2803
-5324
-8924
-11059
-10464
-12419
-11048
-8494
-7993
-2418
2725
5706
9370
10846
10158
5095
1898
3551
62
-5961
-8138
-10334
-11979
-7710
-1927
1304
3968
5697
8639
10929
10416
11732
11547
6609
3128
-629
-6921
-8692
-7900
-7573
-3848
-1319
-1254
2712
7130
10047
14551
15717
13307
11479
7294
2870
1880
-1003
-5915
-7766
-8028
-7478
-3900
425
2223
1830
1322
2274
3780
4388
3759
237
-6010
-11863
-16665
-19790
-20120
-18877
-15180
-10448
-8568
-7265
-3820
3734
14619
21011
23069
21825
13179
6733
4959
-1057
-5785
-8573
-13982
-14671
-12517
-11748
-6592
-510
2843
7056
10647
10400
10750
12143
8252
4845
2934
-3779
-8650
-7769
-10654
-14219
-10722
-11305
-10665
-4119
-1804
3124
8697
9289
10799
9790
3679
2067
3489
-1613
-6375
-7285
-10685
-11661
-6214
-1514
1319
4501
6615
9416
11171
11049
12138
10416
5848
3080
-1423
-6016
-6043
-6751
-7169
-3120
-411
491
4105
7932
10760
13315
13766
13035
11070
6857
4349
3088
-1701
-6532
-7741
-8572
-8011
-2964
2116
2703
1389
1337
1467
1905
3935
3978
-310
-6262
-13060
-18790
-20225
-19871
-18045
-13427
-9818
-7888
-6157
-2847
5775
15888
21017
23764
21152
11491
6045
3423
-1872
-5784
-9298
-14175
-14940
-12415
-11693
-5817
1573
3802
8438
11375
10878
12131
10866
8720
6172
-286
-4209
-6588
-10488
-11135
-12224
-12679
-10255
-9356
-5375
-383
2576
8813
10402
9205
10870
3883
571
4417
-3304
-8489
-6924
-11054
-9707
-2803
-485
2810
5536
5541
9651
10940
9342
10793
8177
4173
2107
-2770
-6474
-6928
-7925
-6102
-1839
-681
1561
6536
9604
12435
14917
14139
12304
9423
5294
3384
1257
-4002
-7728
-8326
-8707
-6337
-205
3201
2460
1579
849
725
2257
3551
2244
-2771
-9630
-15139
-18576
-20279
-20098
-17712
-13993
-10483
-7386
-5483
-2428
6882
17194
21022
22087
19987
11524
5990
4953
-552
-6010
-9096
-13919
-13915
-11300
-10860
-5257
651
3066
8287
11154
11099
11821
10175
8434
5261
-407
-3773
-7387
-10611
-11433
-12381
-11342
-10176
-9220
-4789
-1080
2681
7957
9300
9340
8363
3789
3049
3567
-2199
-6343
-7686
-10882
-9246
-4128
-533
2901
3201
5437
10223
8600
10001
13215
7089
4338
3337
-4412
-6341
-5731
-8432
-6203
-3117
-1741
2005
5381
8161
11532
14013
14575
13066
10405
6776
3793
1551
-2751
-6582
-8077
-9141
-6928
-1448
1431
1264
1231
1483
1456
3109
5868
4661
-820
-7064
-13293
-18206
-20142
-20043
-17980
-15038
-12234
-8691
-6669
-3199
5467
14747
20569
22589
21520
14784
7156
5356
1336
-4755
-7618
-12574
-14759
-12122
-11537
-6814
-102
2326
7487
11065
10475
11747
10901
8963
6856
1615
-2567
-6385
-9946
-11169
-12722
-12575
-10695
-9254
-5794
-1536
2473
7175
9270
9269
8675
4377
2616
3494
-2528
-7006
-7368
-10362
-9404
-4071
-354
1746
3260
5554
9234
10282
9957
11302
8372
3499
2063
-1824
-7039
-7380
-7387
-7368
-3488
-600
358
3523
8169
11345
14807
17344
15365
11408
7377
5383
2720
-2763
-6341
-8855
-10822
-8628
-3036
223
667
1560
1525
1219
2992
4937
4484
1617
-3796
-10949
-16831
-19933
-20611
-19503
-17407
-14355
-10214
-7287
-5579
-43
10122
18668
22412
23418
19158
9966
6058
5030
-1630
-6771
-9797
-14617
-14058
-11153
-9478
-3921
867
4165
8956
10526
11012
11957
10114
7731
4054
-1350
-5014
-8053
-10643
-11469
-12083
-12390
-10783
-7572
-4414
-539
4583
7395
8319
9531
7055
2953
3223
1991
-3765
-6645
-7786
-10043
-7355
-1519
711
1920
4668
7203
8952
9823
10456
9814
6279
3019
281
-4883
-7906
-6953
-7061
-5947
-1997
-16
1892
6029
9637
13559
16887
16512
14076
10609
6093
2825
-88
-5005
-8194
-8655
-10337
-7246
318
-595
-2599
2395
2586
1769
6302
6735
2491
-3991
-10898
-14877
-19531
-21553
-18609
-17281
-15000
-11294
-10029
-6854
663
11092
20117
24060
24347
18347
9482
6660
4086
-1807
-5525
-10600
-16314
-15862
-13302
-10290
-3866
1183
4739
9069
10775
12024
12748
10385
8276
4041
-1667
-4124
-7581
-10484
-11114
-13918
-14265
-11203
-8161
-3187
1426
4929
7708
8161
8781
7551
4830
4833
1467
-4919
-7043
-8556
-9762
-6261
-1971
-58
1857
5543
9374
10499
10463
11108
8974
4635
2790
601
-3869
-5552
-5761
-7475
-6016
-1413
1565
4622
8915
11027
11873
13610
13633
11699
8900
3797
-764
-3544
-7433
-9222
-8094
-7149
-4332
-1602
-1329
-112
1238
2436
4665
4539
1359
-2831
-7618
-13757
-19290
-20248
-19710
-18191
-12591
-9943
-10053
-6079
482
11295
21730
23888
22847
17660
9090
6434
4670
-397
-5443
-11953
-15640
-14654
-13254
-8635
-2227
1271
4730
7887
9574
12485
13306
10655
8316
4026
-1453
-4100
-6706
-9218
-10781
-13251
-13717
-12139
-9401
-3267
2891
5800
6195
6817
8334
6313
4847
5790
-404
-7753
-8324
-9336
-8737
-3936
-1127
427
1819
3558
8067
11136
11157
11223
8635
3253
976
320
-3002
-4846
-4919
-6850
-5315
-707
1493
5583
9270
8894
11716
14493
12616
12412
10338
3689
-165
-3500
-8308
-8698
-7223
-6717
-4220
-2327
-1892
103
1989
3198
4025
3409
1891
-2189
-7527
-12273
-17970
-20003
-18602
-16880
-11494
-7957
-9732
-7783
120
10519
19322
23985
24979
16773
8426
7305
4455
1749
-3610
-11990
-14916
-15511
-15793
-6913
-98
-1497
5108
6808
7059
13929
12239
11748
10916
2978
-1543
-2807
-6884
-9431
-9657
-13484
-14898
-11836
-8516
-3737
1503
4160
5127
7466
9517
8004
6460
6038
16
-7184
-8613
-9710
-10230
-6640
-2738
-773
342
2860
7250
9967
10941
11889
10467
7244
5415
2756
-2170
-5243
-6648
-8267
-6327
-2504
-1247
1331
5107
6645
10342
15360
15858
14373
12173
7254
3162
163
-4576
-7610
-8167
-9546
-8973
-4851
-1344
660
2577
3437
3048
3440
4428
3409
597
-3904
-11003
-17128
-20256
-21369
-19540
-16069
-11893
-7893
-6725
-4655
1810
10536
18953
22765
21304
15718
7663
4662
3811
-1384
-5535
-10057
-14717
-12812
-10124
-7413
-940
2612
4355
8310
10458
10908
12037
11377
6117
1316
-138
-4938
-8526
-6201
-8762
-13654
-11763
-8417
-5829
-2326
1511
5551
6162
5851
8441
6734
2113
1895
-423
-6173
-7667
-8161
-9114
-5539
-1782
-685
1417
3868
7021
10622
10745
9427
8498
5435
2962
2218
-1068
-4916
-5817
-6322
-5592
-2061
-269
1095
5985
9883
11951
14804
14620
11439
9077
6801
3837
240
-3699
-6856
-9032
-8900
-6229
-3413
-772
996
880
1403
2762
3195
3866
3120
-843
-4781
-8987
-14271
-17451
-19681
-20817
-18264
-14189
-9084
-4840
-4285
-2241
4156
12398
19433
21841
19757
13001
5981
4413
1581
-2680
-4585
-9769
-12571
-10310
-9899
-5676
906
3320
6257
8063
8036
9546
9639
8988
6891
1592
-2399
-4818
-6637
-7454
-9209
-10787
-10965
-9577
-6266
-2126
2212
3751
3535
5850
5294
2283
3953
3522
-1866
-4483
-6318
-8567
-6357
-2758
-1060
344
983
2456
6203
8613
9122
8908
6712
4295
2998
1005
-1479
-3779
-5595
-5442
-3160
-82
2377
3854
5765
8838
12283
14611
14485
12201
9085
6067
3252
203
-3054
-6002
-7945
-8178
-6883
-4611
-1877
317
1445
2032
2574
2821
2747
2099
-617
-5151
-9565
-13926
-18166
-20536
-20614
-18688
-14602
-9221
-5291
-4744
-3624
4388
15500
21129
22964
20852
12247
6776
6069
2209
-776
-4204
-11666
-12846
-10769
-10528
-5315
76
2109
5635
7793
7458
10443
10994
8301
6863
1228
-2769
-3288
-4817
-6583
-9832
-12619
-12866
-10023
-6858
-3522
889
2696
3238
5250
6228
4511
4620
5418
1361
-2827
-5381
-7681
-6314
-3728
-3031
-2197
-456
816
4716
8600
8164
6799
4457
4461
4364
1971
1678
-100
-2962
-4720
-3144
385
1391
3776
6419
6391
7803
10257
11000
11306
9595
4951
2741
1282
-2322
-4059
-5310
-6941
-7177
-5249
-2214
-645
1402
2833
1925
1503
1544
266
-1450
-3719
-8243
-13312
-17980
-20949
-20021
-17558
-14213
-9426
-6469
-5718
-3428
4062
14699
20527
21892
21195
14404
7842
7146
4533
-285
-4035
-9517
-12424
-10809
-9561
-5962
-1438
-369
3033
7250
8130
10561
11290
8588
7100
3015
-1299
-2613
-6087
-8916
-9947
-12664
-13055
-10581
-8987
-5247
88
2603
4277
6338
7583
6508
5686
7220
3615
-2770
-5051
-7609
-8545
-6009
-4562
-3599
-2459
-817
3558
7760
7645
7595
8275
5075
3519
4437
1804
72
-582
-4383
-4322
-1455
-1689
1805
6983
7186
8145
10310
10503
11062
10338
7587
5283
2141
-1310
-3384
-5480
-6960
-6570
-5089
-3009
-1417
-369
1062
1569
1772
1968
355
-1060
-2732
-7101
-11487
-15251
-18910
-19975
-19384
-17073
-12232
-7781
-3649
-1251
1211
9197
17498
21510
22721
19470
11828
6382
4691
860
-3014
-5955
-10864
-12267
-10798
-9177
-4688
-440
2453
5396
6858
8321
10250
9672
7987
5022
-764
-3378
-4040
-6910
-7911
-9842
-13326
-12402
-9797
-6464
-1488
1760
4326
5930
6923
8301
6501
5420
5198
-297
-4685
-5648
-7361
-6773
-5213
-4802
-3834
-2619
1205
6060
7321
7412
7249
5383
4156
4544
3808
804
-1222
-2322
-3869
-2487
-773
-763
2247
5234
6616
9648
11544
11857
10192
7098
6608
4217
677
357
-2824
-6076
-6077
-7309
-5855
-3160
-2668
377
2004
845
2038
1850
-29
-887
-3138
-6553
-10030
-13717
-16153
-17688
-18685
-16282
-12756
-8808
-2227
977
1954
6098
11495
17318
20707
20469
16612
8752
3724
1599
-1573
-2992
-5657
-10425
-10923
-9786
-8212
-2047
2371
3620
5856
6181
6802
8136
7089
5649
2497
-1732
-3398
-4650
-6242
-7763
-10559
-11786
-10195
-7878
-3978
1145
4419
5432
5945
6591
6307
5134
5076
3813
-1084
-4835
-6394
-8142
-7402
-5337
-4326
-2247
227
3176
6565
6835
5813
6209
6008
5340
5258
4182
1228
-1235
-2231
-3380
-2096
1044
1296
2438
5286
5530
6765
9730
10057
8981
7645
5874
4060
1237
-840
-2463
-4591
-6269
-6419
-5209
-5217
-3463
-75
655
174
1588
884
-1952
-717
-2428
-5377
-6360
-10956
-13791
-15566
-17738
-16533
-12685
-7631
-2436
927
1424
3174
9234
16497
20194
20571
17758
9929
3958
3428
1237
-2088
-4890
-10443
-12545
-10430
-8750
-3651
572
1471
4511
5440
5209
7375
6820
5452
3898
-474
-2947
-4027
-6283
-7850
-9433
-10577
-10113
-8008
-3859
436
3943
6196
6174
6616
7429
5927
5400
5293
531
-4521
-6622
-8949
-8498
-5138
-3695
-2558
-1164
715
4711
6568
6670
8070
7260
5190
4355
2506
-130
-2086
-3539
-4744
-4368
-2442
-1475
973
5238
7331
10279
12911
11469
10767
9817
6711
4785
1463
-2626
-5044
-7750
-8545
-7797
-7103
-4566
-2304
-92
2739
3001
2727
2872
1796
630
-1769
-5453
-8913
-12254
-15649
-19263
-20114
-17253
-14362
-9232
-1992
579
1011
5239
12682
18976
21850
21705
16388
8005
2818
1193
-2096
-5119
-6824
-11668
-12428
-9818
-7750
-732
3274
3690
6145
5822
6231
7275
5226
3140
-176
-4333
-5440
-5677
-7188
-7410
-8528
-9359
-6591
-3832
176
4751
6571
7658
7637
7005
6481
4331
3341
2419
-2767
-6709
-6878
-7403
-6124
-2725
-1341
-649
1038
2850
5589
6886
5051
3977
2608
-895
-1826
-1468
-3337
-3958
-4166
-5575
-3739
-315
1552
4422
6182
5315
6498
9287
10287
9930
7909
4297
1403
-200
-1017
-1324
-2037
-3050
-3334
-2845
-1601
471
2388
3224
3034
2489
2459
2514
1572
-299
-3194
-6326
-7728
-8136
-8992
-10073
-11689
-13255
-13503
-11198
-7158
-3602
840
3237
1240
2940
8183
11616
16241
17442
12651
7990
3013
1064
380
-3792
-5696
-8852
-12205
-9893
-8184
-5379
-1314
-638
962
2625
3187
5314
6347
5779
4943
2064
-439
-311
-1054
-2692
-4279
-5442
-5388
-4138
-1351
804
2091
3581
4621
5634
7264
6220
3775
3671
613
-3393
-3984
-4282
-4291
-3140
-2016
-2505
-2619
-940
1321
2620
1364
-242
-755
-1448
-1522
-668
-1707
-4035
-4459
-4277
-3399
-120
2010
2099
2688
2024
2221
5440
7221
7920
7659
4519
2805
2464
1607
2339
1623
-873
-982
480
2014
2924
3173
2863
1713
2337
3012
1696
2347
2321
-373
-1150
-1634
-2670
-2346
-2798
-4548
-7780
-10755
-11347
-12569
-13353
-11605
-9793
-7646
-4075
-1532
-2639
-4340
49
7247
12600
18469
16785
8409
4622
760
-3460
-3635
-6192
-11422
-11765
-11445
-12351
-7223
-2389
-285
3688
4825
5542
10076
12783
13078
12708
8861
4499
2207
-201
-2302
-4495
-7291
-8346
-7145
-5058
-2424
695
3224
3979
5752
9100
8116
6854
9395
4601
-4196
-5721
-7690
-10071
-6730
-4873
-5261
-3911
-1923
2150
5342
4167
3050
3602
3225
1322
1170
61
-4611
-7023
-8876
-10778
-8393
-5024
-4205
-1547
906
1383
6636
9649
9521
9771
6880
5513
3963
1129
-791
-3414
-4985
-4697
-4105
-2959
-1362
-557
1753
4387
5109
7003
8575
8540
9718
8614
4318
2083
-113
-3215
-3885
-4167
-4989
-5220
-5173
-4201
-3306
-2007
-470
-572
-750
-886
-1671
-2680
-3774
-6362
-10182
-12962
-12801
-12500
-11775
-7142
-5789
-4248
-2354
-1855
3581
6746
11594
16134
14020
12099
10660
8795
5154
2754
-106
-5156
-6179
-5675
-4875
-2096
-551
630
2572
3135
5041
8045
8844
8592
6874
3889
1811
456
-662
-2255
-4783
-6811
-7934
-7339
-4378
-1825
-588
749
1567
2346
4184
5237
4799
3826
1391
-1920
-4111
-5816
-6756
-5906
-5414
-5727
-4360
-1901
413
2689
3496
2878
3136
4425
4946
4348
2650
-143
-2878
-3861
-3585
-3809
-3090
-1984
-1193
-29
995
3026
4437
5361
6574
5981
4851
3618
2140
972
-798
-2487
-3657
-4596
-4286
-4101
-3750
-2773
-3053
-2017
-806
-874
-386
-841
-1515
-1746
-1611
-949
-881
-1311
-1682
-2106
-2275
-1417
-388
107
277
706
1423
2179
3376
4102
2688
937
1358
848
1320
3461
1990
572
339
-580
-155
504
35
-214
540
494
1289
3085
2523
2346
2811
1636
918
903
750
289
321
255
-996
-1033
-1068
-1841
-1003
-1183
-2101
-1101
-1107
-1011
531
794
507
-186
-578
-1186
-2207
-1527
-1630
-2312
-1830
-1314
-709
-131
206
225
-418
-1046
-754
-335
-100
145
-383
-1505
-2418
-2729
-2203
-990
364
1501
2348
3276
4184
4599
5098
4815
3080
2158
1536
25
3
422
-588
-818
-613
-1140
-952
-259
138
713
1388
1532
1312
1472
1195
-423
-2347
-3761
-4246
-3964
-3804
-2808
-933
38
530
933
236
-1530
-3271
-3973
-4236
-5162
-5696
-5364
-4971
-4692
-5947
-7414
-5237
537
6349
10952
14181
12936
10315
10466
9778
6383
2947
-793
-4509
-5172
-6256
-6277
-4203
-4556
-2901
-728
504
4461
6636
7557
8864
6714
5051
5638
3632
839
-2040
-6041
-7924
-8697
-9281
-8011
-7032
-5974
-3109
-359
2868
5904
6372
7841
7935
3455
1882
494
-3538
-4163
-4885
-6617
-6923
-6364
-3963
-1832
-315
1502
3347
5623
6502
6243
5548
3159
877
-344
-1488
-2670
-3709
-4683
-5106
-3918
-3176
-1449
1846
2754
3710
4725
4770
5079
3884
2242
702
-1907
-4261
-4750
-5341
-6193
-5199
-4372
-4034
-2638
-808
790
2312
3878
4461
3762
3431
3640
2880
1131
-815
-2893
-5114
-6016
-4897
-3630
-2536
-1152
-174
1675
3986
5714
7346
6947
5318
4295
2576
1121
910
-1288
-3144
-3259
-5517
-5053
-2367
-1814
-545
2348
3049
2880
5926
5767
5253
5885
2928
2206
922
-1568
-1989
-3457
-5168
-5742
-5172
-4052
-2989
-1125
426
697
2301
3903
3637
4236
3591
1315
268
-1470
-3020
-3877
-4686
-5105
-5595
-4828
-3971
-2767
-773
1091
2441
2786
3843
4073
3426
3376
2060
174
-981
-2158
-2943
-2723
-2666
-2470
-1578
-742
118
1407
2845
3467
3314
2867
1981
1022
275
-554
-1619
-2778
-3348
-3040
-2367
-1346
-493
-176
479
1084
1239
1884
2114
1228
643
-6
-1241
-1589
-1568
-2209
-2130
-1369
-1082
-452
768
1638
2237
2732
2846
2450
1680
1234
964
6
-1055
-1817
-2458
-2217
-1488
-1111
-563
-47
616
2172
3550
4337
5019
4818
4286
3980
2477
809
43
-1530
-3125
-3270
-3544
-3817
-3143
-2474
-1588
-703
474
2417
3268
3082
2676
1723
641
-119
-966
-2103
-3029
-3844
-4209
-3668
-2939
-2366
-1367
-123
307
485
763
368
40
-78
-141
-135
-326
-110
-71
-273
-99
84
536
1028
1098
1086
954
769
1094
1092
534
379
-250
-910
-717
-806
-562
111
168
212
370
291
168
345
422
-57
-355
-587
-882
-998
-1327
-1484
-1689
-2016
-1549
-359
1007
1949
2423
2543
2257
2129
2196
2027
1516
580
-487
-1163
-1571
-1910
-2110
-2011
-1668
-1516
-994
251
1244
2167
3329
3552
2928
2553
2167
1587
1164
660
-148
-909
-1169
-1070
-1194
-1406
-1281
-1245
-1041
-338
389
1105
1462
1459
1429
1012
162
-292
-769
-1752
-2208
-2521
-2531
-2071
-1668
-908
-421
-184
278
632
670
520
259
-241
-1021
-1689
-1778
-1759
-1400
-926
-857
-342
181
905
1894
2068
2093
1694
1106
769
-57
-543
-1163
-1756
-1555
-1748
-1716
-1141
-1064
-802
119
950
1811
2600
2795
2545
1922
1248
550
-186
-701
-1282
-1925
-2173
-1938
-1739
-1239
-44
612
1086
2120
2473
2451
2486
2073
1300
267
-332
-1061
-2108
-2319
-2481
-2421
-1490
-600
253
1352
2166
2546
2805
2794
2514
1995
1401
812
182
-19
-246
-725
-837
-970
-1233
-1016
-605
-106
581
1102
1657
1922
1526
953
408
-425
-1303
-1523
-1788
-2220
-2120
-1921
-1299
-626
-279
352
558
440
124
-417
-1256
-1962
-1872
-2190
-2012
-1589
-1666
-1352
-1435
-1146
-799
-717
73
524
887
1650
1964
1783
1570
1039
-71
-877
-1479
-1874
-1571
-1113
-61
892
1342
2390
2815
2692
2735
1955
859
-77
-819
-1242
-1517
-1427
-1107
-623
-85
431
918
1010
1224
1340
1021
1368
1701
1384
1476
1318
458
91
2
-381
-453
-580
-908
-477
56
530
1284
1370
1137
828
212
-208
-699
-1314
-1764
-1994
-1952
-1629
-952
-403
-77
318
623
965
1206
1463
1653
1175
873
714
215
37
-394
-1133
-1737
-2295
-2172
-1609
-1205
-695
-211
118
559
1035
1371
969
218
-334
-1210
-1762
-1840
-1737
-1548
-1331
-837
-386
-335
-80
375
-295
-346
-179
-791
-169
2
-87
239
-70
-313
-370
-576
-821
-556
-423
-25
881
1287
1650
1861
1597
1230
1019
689
150
-308
-761
-1119
-1061
-625
-191
178
612
1009
1262
1664
2194
2203
1868
1692
1258
570
322
277
16
-185
-299
-323
-118
137
583
1087
1159
1251
1534
1530
1444
1103
248
-476
-1046
-1641
-1786
-1741
-1900
-1812
-1407
-944
-283
389
740
939
1033
874
714
572
120
-462
-879
-1296
-1628
-1544
-1348
-1190
-906
-613
-253
-14
20
168
354
374
455
574
262
107
85
-581
-935
-1027
-1426
-1390
-1159
-791
-388
-162
378
316
-110
-196
-918
-1558
-1857
-2210
-2123
-1900
-1389
-728
-204
412
713
926
1181
879
769
809
391
475
437
121
220
2
-6
145
-176
-191
109
382
930
1616
2094
2420
2694
2934
2912
2411
1510
483
-410
-1110
-1265
-833
-436
11
843
1594
2104
2634
2816
2370
1578
698
-69
-634
-1037
-1272
-1513
-1765
-1676
-1360
-1093
-740
-573
-738
-635
-318
-122
305
624
356
29
-243
-616
-870
-1059
-1264
-1542
-1647
-1147
-552
-49
655
905
617
364
41
-393
-846
-1183
-1362
-1641
-1660
-1171
-752
-331
306
657
762
965
1165
1173
1077
879
422
-212
-729
-1030
-1502
-1652
-1612
-2041
-1779
-1218
-982
-290
243
339
349
350
440
354
174
63
-202
-443
-523
-217
50
-19
353
487
399
708
1261
1606
1688
2230
2096
1926
2043
1538
1326
772
83
-329
-690
-593
-247
88
648
1063
1115
1657
1765
1604
1693
963
371
116
-438
-597
-438
-775
-999
-858
-969
-740
-398
-420
-391
-443
-397
-101
53
136
-35
-434
-677
-1086
-1311
-1315
-1702
-1739
-1445
-1309
-723
44
509
917
1191
1269
1146
922
617
0
-475
-940
-1367
-1170
-1081
-925
-297
-21
98
588
754
780
910
531
335
-66
-589
-590
-981
-1157
-1202
-1516
-1390
-1237
-1088
-641
-440
-357
-46
112
305
517
456
180
-157
-448
-744
-863
-926
-955
-1023
-861
-429
5
638
995
1317
1477
1471
1803
1856
1769
1735
1396
962
925
715
504
645
371
332
579
742
1028
1302
1450
1265
1180
1092
792
544
145
-237
-697
-924
-766
-808
-605
-370
-338
-151
61
298
293
204
63
-263
-434
-466
-542
-719
-919
-1113
-1224
-1181
-1018
-823
-703
-585
-377
-92
205
388
352
129
-199
-484
-621
-723
-765
-752
-776
-641
-357
-51
323
505
492
524
422
351
465
346
98
-59
-334
-566
-551
-519
-587
-631
-609
-584
-464
-180
36
65
37
-17
-100
-138
-124
-169
-331
-484
-514
-419
-211
36
203
267
302
354
467
591
584
493
459
439
493
742
954
901
812
789
643
595
827
899
810
897
948
915
1016
1096
898
511
254
39
-198
-65
87
-90
-46
21
-122
22
151
-41
-211
-390
-598
-664
-589
-487
-527
-607
-624
-706
-673
-530
-595
-743
-812
-955
-962
-639
-362
-211
-90
-122
-248
-370
-376
-430
-648
-756
-816
-792
-485
-84
272
461
511
535
453
433
537
444
259
246
157
110
342
444
348
284
156
-16
-78
-2
14
-98
-133
-148
-227
-186
-57
-100
-197
-253
-370
-409
-371
-294
-184
-124
-45
93
240
303
359
426
280
176
231
140
153
293
243
285
395
369
433
458
402
404
332
357
400
328
348
335
240
209
179
103
44
-9
-11
-15
-62
46
61
-28
117
75
-93
1
-97
-255
-170
-255
-312
-208
-259
-217
-88
-123
-65
2
-85
-127
-177
-237
-297
-403
-433
-497
-610
-592
-585
-638
-586
-542
-552
-433
-288
-187
-41
50
92
141
155
193
222
177
131
98
50
48
104
158
175
203
262
317
384
471
505
432
334
274
175
105
129
68
-25
-8
-5
29
158
191
140
98
2
-114
-163
-176
-217
-258
-246
-214
-143
2
126
187
207
207
204
178
176
169
62
-6
7
-42
-22
83
58
11
45
0
-36
42
58
31
58
53
35
77
107
87
27
-42
-89
-126
-90
-1
59
103
184
241
214
247
258
148
60
20
-95
-211
-192
-272
-346
-340
-438
-454
-446
-481
-461
-471
-494
-492
-467
-396
-309
-227
-117
-39
-1
70
129
124
126
123
32
-10
8
-10
47
106
101
140
181
216
303
370
404
408
381
369
331
296
270
179
108
64
2
27
58
29
32
-3
-55
-26
13
45
66
62
38
13
41
62
20
-4
-38
-120
-114
-54
-63
-74
-67
-109
-118
-27
56
87
137
137
81
96
128
117
104
87
45
10
33
70
50
8
-33
-108
-155
-105
-60
-45
5
21
-3
45
100
87
81
44
-39
-93
-112
-143
-193
-246
-303
-378
-403
-370
-397
-368
-349
-417
-373
-346
-327
-223
-177
-153
-79
-23
20
105
125
85
67
32
8
28
59
57
56
88
113
166
263
326
361
410
420
414
429
404
339
269
174
95
59
27
16
12
-11
-2
30
55
98
127
120
122
126
120
118
104
59
8
-30
-63
-89
-100
-122
-157
-174
-172
-157
-116
-71
-41
-7
23
41
62
62
28
-12
-54
-94
-107
-101
-92
-75
-45
-14
24
70
103
116
121
115
106
89
71
42
-5
-43
-66
-100
-120
-127
-158
-182
-185
-209
-227
-230
-255
-288
-301
-317
-330
-325
-312
-292
-264
-215
-152
-93
-24
41
76
113
127
112
104
77
40
22
1
-3
5
18
62
109
155
225
282
321
361
377
369
345
303
244
186
137
92
66
64
69
90
123
152
181
197
194
183
152
104
66
19
-34
-63
-88
-115
-114
-105
-109
-97
-80
-81
-70
-47
-52
-49
-39
-58
-70
-65
-84
-102
-102
-124
-143
-131
-131
-133
-110
-95
-87
-56
-30
-18
10
33
42
67
92
101
115
127
117
101
88
60
22
-8
-51
-103
-141
-172
-206
-220
-227
-238
-233
-210
-193
-167
-129
-95
-64
-24
11
31
44
54
46
29
21
1
-23
-28
-38
-48
-26
-14
-6
39
60
70
123
146
141
173
172
134
126
102
52
23
1
-17
-21
3
37
73
126
173
195
217
217
182
144
96
28
-30
-72
-115
-143
-145
-139
-128
-98
-62
-33
-2
31
43
48
51
37
16
-1
-26
-51
-64
-75
-81
-73
-58
-45
-30
-20
-16
-21
-31
-42
-55
-63
-67
-62
-48
-30
-1
34
67
101
138
161
174
184
170
142
111
60
0
-51
-106
-156
-182
-200
-206
-188
-161
-131
-90
-49
-20
9
27
30
31
24
12
3
-5
-11
-9
-3
6
21
36
48
61
67
64
57
47
28
11
-2
-16
-29
-33
-35
-35
-28
-18
-9
2
16
27
38
52
61
75
89
97
102
104
96
86
71
49
26
1
-25
-49
-67
-81
-93
-101
-103
-100
-90
-75
-56
-31
-5
20
41
55
58
54
41
22
0
-21
-38
-53
-62
-67
-67
-64
-55
-44
-32
-22
-14
-8
-2
2
7
9
9
10
12
15
22
29
37
43
48
50
49
44
36
23
7
-9
-27
-43
-55
-63
-67
-65
-57
-47
-33
-19
-6
5
16
24
29
33
37
39
39
42
45
47
51
56
60
61
62
58
50
41
28
14
3
-10
-15
-18
-19
-14
-9
-4
1
6
10
12
14
12
8
1
-4
-10
-16
-21
-24
-21
-15
-10
-7
-4
-2
-2
-10
-19
-27
-35
-43
-48
-50
-45
-36
-23
-6
11
29
41
49
52
45
34
18
0
-21
-39
-54
-64
-68
-68
-63
-57
-46
-33
-22
-12
-9
-10
-10
-12
-16
-20
-25
-29
-30
-30
-26
-20
-10
0
11
22
27
30
28
23
13
3
-6
-12
-14
-8
1
15
32
50
66
79
88
92
89
84
75
65
55
46
38
30
23
19
14
12
11
12
14
16
17
16
13
6
-1
-13
-25
-37
-48
-55
-62
-63
-62
-58
-51
-44
-38
-30
-23
-16
-9
-5
0
4
6
4
2
-3
-7
-10
-10
-10
-10
-6
0
11
22
32
37
39
38
38
34
27
16
4
-8
-18
-27
-33
-35
-35
-35
-33
-33
-31
-31
-32
-35
-39
-45
-47
-53
-55
-56
-53
-49
-41
-31
-21
-10
0
9
17
23
27
30
32
36
39
45
52
59
69
79
86
92
96
93
88
79
67
56
43
31
20
13
7
4
2
0
0
-3
-3
-7
-10
-15
-21
-26
-32
-37
-42
-45
-47
-47
-45
-41
-36
-31
-27
-24
-22
-24
-29
-32
-38
-42
-44
-44
-40
-35
-25
-17
-9
-1
4
7
10
11
12
14
18
22
26
31
37
43
47
48
46
41
35
27
17
5
-10
-24
-38
-48
-54
-59
-62
-62
-58
-51
-44
-35
-30
-24
-20
-19
-18
-19
-19
-18
-17
-15
-11
-7
-3
1
5
10
13
19
24
31
39
46
55
63
70
74
78
80
78
75
71
65
58
50
43
33
25
21
17
14
13
12
11
8
3
-4
-14
-26
-39
-53
-66
-76
-83
-84
-81
-73
-62
-49
-36
-23
-14
-8
-5
-5
-8
-13
-18
-24
-29
-31
-32
-31
-28
-23
-16
-7
4
16
26
38
47
54
59
61
63
64
65
66
67
67
66
63
56
45
31
14
-6
-24
-42
-55
-67
-75
-81
-80
-77
-70
-61
-52
-44
-38
-33
-28
-25
-24
-27
-27
-31
-33
-35
-34
-32
-28
-20
-13
-5
6
16
25
33
39
44
47
49
48
49
47
47
46
47
48
49
49
50
48
46
43
40
36
32
25
18
10
2
-8
-18
-28
-37
-45
-51
-56
-58
-60
-58
-55
-52
-46
-39
-31
-21
-14
-6
-1
3
4
1
-1
-4
-9
-12
-14
-15
-12
-7
-1
8
16
25
34
42
48
54
57
59
58
58
57
55
51
47
42
36
29
21
13
4
-5
-13
-22
-29
-37
-43
-45
-46
-47
-45
-42
-36
-31
-25
-20
-17
-15
-14
-16
-18
-23
-27
-30
-34
-36
-37
-37
-33
-28
-20
-10
1
10
19
26
31
34
34
35
34
30
26
21
16
13
12
11
11
14
16
18
17
13
8
3
0
-4
-7
-11
-16
-17
-19
-19
-16
-15
-12
-7
-3
2
6
8
10
12
11
10
9
8
6
4
1
-2
-5
-8
-9
-9
-10
-8
-6
-1
4
7
12
14
18
19
21
21
20
19
18
16
15
12
9
4
-1
-7
-12
-20
-26
-31
-33
-34
-33
-31
-28
-22
-17
-14
-10
-7
-5
-3
-2
1
2
3
5
7
9
11
13
13
12
11
10
8
5
4
3
3
3
4
6
7
8
10
11
11
11
10
9
6
3
2
-2
-3
-6
-9
-12
-15
-17
-18
-20
-20
-20
-20
-19
-18
-14
-11
-8
-5
-1
1
2
6
11
14
17
19
22
23
22
20
17
14
11
8
6
7
8
9
11
14
13
15
15
14
15
13
11
8
5
2
-1
-5
-7
-9
-11
-11
-11
-11
-12
-13
-16
-19
-23
-27
-32
-36
-39
-42
-43
-42
-37
-31
-23
-17
-10
-4
2
6
11
13
15
15
16
15
14
12
11
10
9
10
13
15
18
21
23
24
23
20
16
12
7
3
0
-1
-2
-1
-2
0
0
1
1
2
0
-2
-4
-9
-13
-17
-20
-24
-24
-25
-22
-19
-15
-9
-5
0
5
9
11
13
14
11
9
7
4
3
2
3
4
7
10
14
18
21
25
26
27
26
26
21
17
13
8
3
-2
-6
-10
-12
-12
-11
-10
-6
-5
-4
-3
-4
-8
-10
-14
-17
-22
-23
-26
-27
-27
-25
-22
-16
-13
-7
-3
0
3
5
5
6
4
2
-2
-6
-9
-11
-12
-11
-8
-5
-1
3
7
11
13
14
12
12
10
7
5
3
3
4
6
8
11
12
15
16
17
16
14
11
9
5
0
-4
-8
-11
-13
-13
-13
-10
-5
-2
3
7
10
12
10
7
4
0
-3
-6
-7
-7
-8
-5
-3
-1
2
5
7
9
10
10
9
7
5
2
-2
-5
-9
-10
-12
-9
-8
-6
-3
0
2
4
4
4
2
0
-2
-5
-7
-10
-12
-12
-13
-11
-11
-9
-6
-5
-4
-2
-1
1
0
0
-1
-1
-2
-1
-1
-2
-1
-1
1
1
3
5
7
8
10
9
7
5
4
3
1
0
-1
-1
1
0
3
3
6
9
10
11
10
8
7
5
3
3
0
-2
-2
-4
-4
-4
-3
-1
-1
0
1
3
3
2
1
1
0
-4
-4
-6
-5
-4
-3
-1
0
2
3
5
4
6
5
4
4
2
-1
-3
-3
-5
-6
-7
-7
-7
-6
-4
-4
-3
-2
-2
1
0
0
-2
-2
-5
-5
-5
-5
-6
-4
-3
-2
0
1
2
3
4
4
4
4
2
1
0
-2
-3
-4
-3
-3
-2
0
2
4
4
5
4
4
3
1
0
-1
-1
-2
-1
-1
0
1
3
5
6
7
8
8
9
7
6
4
1
-2
-3
-4
-4
-5
-5
-4
-2
-1
-1
1
2
3
4
4
4
2
2
1
-1
-1
-1
-1
-1
0
1
1
1
1
1
1
0
-2
-4
-6
-7
-9
-9
-9
-8
-7
-5
-3
0
1
4
6
7
6
6
4
4
1
1
-1
-2
-3
-3
-4
-4
-4
-3
-3
0
-1
0
0
0
0
0
-1
-1
-2
-2
-2
-1
0
0
1
3
4
4
6
5
5
4
3
1
0
-2
-3
-4
-5
-6
-7
-6
-5
-3
-1
1
2
5
6
8
9
7
7
4
3
2
1
0
1
0
1
0
0
0
1
0
-1
-3
-3
-4
-4
-5
-7
-6
-7
-7
-6
-6
-5
-1
0
1
3
3
3
4
2
2
1
0
2
1
1
1
1
2
2
2
3
3
3
3
3
2
1
0
-2
-3
-3
-4
-4
-3
-1
0
0
1
2
3
3
4
3
3
1
1
1
0
-1
-2
-4
-3
-3
-1
-1
0
0
1
1
-1
0
-1
-1
-3
-3
-4
-4
-4
-5
-3
-3
-1
1
1
1
2
2
2
2
3
2
1
1
0
0
0
-1
0
0
0
0
0
0
1
1
3
2
3
3
2
1
1
1
1
1
1
1
1
1
2
0
1
-1
-1
-2
-3
-3
-4
-4
-3
-4
-3
-2
0
0
1
1
0
0
0
0
-1
0
0
1
0
0
0
1
1
2
3
3
3
3
2
2
1
0
0
-1
-1
-2
-3
-3
-3
-3
-2
-3
-1
0
0
0
0
0
0
0
-1
-2
-1
-2
-3
-2
-1
-1
0
0
0
0
0
0
0
0
-1
0
1
0
0
-1
0
-1
0
0
1
0
3
4
3
3
4
3
3
3
3
3
2
2
2
1
2
2
2
2
3
1
1
0
0
-1
-2
-3
-3
-2
-3
-3
-1
-2
-1
-1
0
0
2
1
2
1
0
0
0
0
-2
-2
-2
-2
-2
-2
-2
-2
-1
-1
0
0
0
-1
-1
-2
-1
-1
-1
-1
0
0
0
0
1
2
3
4
4
3
4
3
2
1
1
1
1
0
-2
-2
-2
-2
-3
-2
-2
-1
-2
-2
-2
-1
0
-1
0
0
0
0
-1
0
0
0
0
0
1
2
1
2
3
3
3
4
3
2
1
1
0
0
0
-1
1
0
1
0
1
1
1
2
1
2
2
1
0
0
-1
-1
-2
-2
-1
-3
-3
-4
-4
-4
-4
-4
-4
-4
-4
-4
-4
-3
-2
-3
0
1
2
4
4
5
6
7
6
6
5
5
5
3
3
3
1
1
0
-1
-2
-2
-2
-2
-2
-2
-1
-3
-1
-2
-1
-1
-1
0
0
0
0
-1
0
0
0
0
-1
