SAMPLES:	8741
BITSPERSAMPLE:	16
CHANNELS:	1
SAMPLERATE:	16000
NORMALIZED:	FALSE
1
3
6
9
11
11
10
7
3
1
-2
-3
-2
0
2
2
1
-2
-5
-8
-10
-9
-8
-5
-2
2
5
6
5
5
4
2
1
2
5
3
-1
-2
0
3
4
4
6
6
7
6
4
2
0
-4
-5
-6
-6
-4
0
2
2
0
-2
-2
-3
-1
-1
-2
-3
-4
-5
-7
-9
-10
-10
-10
-6
-3
-2
0
0
2
2
1
0
-1
-1
-2
-2
-2
-1
-1
-1
-1
-1
-2
-3
-3
-4
-4
-1
2
6
9
12
14
14
13
11
9
5
3
1
0
0
2
2
3
5
4
4
1
0
-2
-4
-5
-5
-3
0
4
7
10
9
6
2
-4
-10
-14
-16
-16
-14
-10
-6
-3
-4
-6
-10
-12
-11
-9
-7
-5
-4
-4
-2
0
1
3
6
9
12
13
12
11
11
12
12
12
10
7
5
6
7
7
5
5
3
1
1
1
2
2
2
1
-2
-7
-12
-17
-19
-19
-16
-10
-6
-2
-1
-1
-1
-2
-3
-4
-3
-3
-2
-1
0
1
1
3
2
1
-1
-3
-5
-5
-4
-4
-4
-4
-1
-1
2
3
7
10
12
13
12
11
8
6
4
2
0
0
-1
-1
0
2
6
8
9
7
6
4
2
1
-1
-3
-4
-7
-7
-6
-5
-3
-4
-7
-11
-14
-13
-12
-10
-9
-8
-6
-6
-5
-5
-6
-5
-5
-4
-3
-1
1
2
1
2
2
2
3
3
4
6
6
7
8
8
8
8
6
5
6
5
6
7
8
10
11
12
12
11
8
5
2
0
-2
-3
-4
-2
-2
-1
0
1
1
1
1
-1
-3
-6
-9
-11
-12
-12
-12
-9
-10
-8
-7
-7
-6
-5
-5
-4
-4
-3
-3
-1
0
1
3
5
3
3
2
1
1
1
2
3
4
4
4
2
2
0
-2
-3
-2
-2
-3
-3
-5
-5
-6
-5
-4
-1
2
4
6
7
6
6
6
7
10
11
13
13
12
7
4
-1
-7
-11
-14
-15
-13
-11
-5
1
2
3
4
1
-2
-7
-5
-3
-1
-1
-1
2
8
12
11
13
12
8
4
-1
-2
-1
-2
-3
-2
-3
-4
-2
-3
-2
-3
-3
-5
-6
-7
-5
-5
-3
2
4
7
8
7
5
1
-1
-3
-4
-3
-3
-2
1
0
-1
-2
-4
-2
-3
-1
1
0
0
1
3
4
3
5
6
6
5
3
0
-2
-3
-3
-2
-2
-1
1
-1
-1
-2
-4
-3
-2
0
0
1
1
0
-1
-2
-4
-3
-2
0
0
0
-2
-5
-7
-8
-6
-5
0
2
4
4
5
5
3
3
3
3
3
4
2
0
-4
-7
-5
-1
2
6
8
10
8
5
4
4
3
1
1
3
7
10
11
11
8
7
4
0
-3
-5
-7
-8
-8
-8
-8
-8
-7
-6
-7
-7
-9
-11
-13
-11
-11
-10
-7
-6
-3
-3
-3
-3
-5
-6
-5
-5
-3
0
3
6
8
8
7
8
8
9
8
9
7
8
11
14
18
20
19
15
9
4
2
1
2
4
6
6
5
2
-3
-9
-15
-18
-19
-17
-14
-10
-5
-2
-1
-1
-3
-6
-9
-11
-13
-13
-11
-7
-5
0
3
6
6
5
2
-1
-3
-5
-6
-3
2
5
7
8
9
10
10
7
3
-2
-2
-3
-3
-1
1
2
2
1
-2
-4
-6
-5
-4
0
3
7
6
3
2
-1
-1
0
1
4
6
6
5
5
4
4
4
4
4
4
4
3
-1
-3
-6
-8
-10
-12
-11
-10
-8
-7
-5
-1
3
6
8
7
4
0
-2
-3
-4
-5
-6
-5
-3
0
3
4
5
5
4
3
0
-4
-5
-7
-8
-8
-8
-7
-6
-4
-3
-2
-2
-4
-3
-2
1
3
7
12
17
22
27
30
28
22
12
2
-6
-12
-12
-10
-7
-5
0
1
1
-1
-3
-4
-5
-4
-2
1
7
10
12
9
4
-1
-4
-4
-6
-9
-9
-6
-4
-5
-1
2
2
-3
-8
-11
-13
-15
-16
-15
-12
-9
-7
-5
-8
-6
-4
-2
0
1
1
3
4
8
10
13
16
18
19
20
17
15
11
5
1
-3
-4
-6
-5
-3
-1
1
2
2
1
0
0
-1
-1
-2
-3
-3
-5
-4
-3
-2
1
4
6
6
5
2
-1
-3
-5
-6
-3
-1
2
1
3
3
-1
-5
-8
-11
-12
-11
-8
-5
0
2
2
0
-1
-2
-2
-1
1
2
2
1
-1
-3
-4
-4
-4
-5
-5
-6
-6
-5
-2
0
5
7
10
12
14
13
12
9
10
7
4
3
1
-2
-2
-3
-2
-1
0
4
6
8
7
7
2
-2
-7
-10
-14
-14
-12
-12
-8
-5
-3
-2
-1
-1
-1
1
3
5
10
14
16
12
9
4
1
-2
-2
-3
-4
-4
-2
-1
-2
-3
-2
-1
0
1
3
2
1
0
-2
-2
-2
-1
0
2
4
4
4
2
0
-1
0
-2
-5
-5
-3
-1
3
4
3
1
-1
-2
-3
-3
-4
-5
-6
-8
-7
-9
-8
-7
-5
-1
0
1
1
-1
-2
-2
-3
-2
1
5
9
10
9
7
3
-1
-4
-3
-4
-2
0
0
1
1
1
0
0
0
0
0
0
0
1
2
3
4
6
6
7
7
7
7
9
8
9
9
9
8
7
5
2
-2
-5
-8
-9
-9
-7
-4
-2
-2
-1
-3
-4
-7
-11
-12
-12
-11
-10
-7
-4
-3
-3
-1
0
1
1
0
1
1
-1
-2
-4
-5
-4
-2
-1
-2
-3
-5
-8
-10
-10
-8
-6
-1
4
7
8
9
11
12
13
14
13
14
18
21
21
20
18
16
14
13
10
7
3
-1
-5
-9
-10
-11
-10
-8
-6
-7
-8
-9
-15
-18
-21
-21
-17
-9
-3
0
0
1
0
-2
0
1
2
5
10
13
12
12
10
6
4
2
-2
-2
-6
-7
-9
-12
-12
-12
-10
-8
-6
-4
-4
-3
-4
-5
-6
-3
-2
-1
0
1
3
4
5
7
10
12
15
15
14
11
7
3
-1
-4
-3
-3
-2
0
0
1
0
0
2
2
4
6
8
6
4
1
-2
-5
-7
-6
-7
-3
-1
1
3
1
-2
-3
-5
-6
-7
-6
-6
-3
-2
-4
-6
-6
-8
-7
-6
-6
-6
-4
-1
1
4
5
6
7
8
7
7
7
8
9
10
10
11
8
6
4
3
1
1
1
1
2
5
3
1
-2
-3
-2
-2
-2
-2
-2
-6
-7
-9
-11
-13
-14
-10
-6
-3
-6
-7
-4
-2
-1
0
1
1
1
0
1
2
2
1
2
1
2
0
0
0
1
4
6
10
10
8
6
3
1
2
2
2
2
2
3
4
4
1
-1
-4
-7
-7
-8
-7
-6
-3
-3
-2
-2
1
2
3
3
2
0
1
2
4
7
10
11
11
10
7
4
1
1
-1
-1
-1
-2
-2
-3
-6
-8
-9
-14
-15
-17
-16
-14
-12
-9
-6
-4
-3
-2
-2
-2
0
0
4
4
5
5
4
3
3
2
2
1
1
0
-1
-3
-4
-4
-4
-2
1
2
4
6
7
6
6
5
5
4
5
6
5
7
7
7
8
8
8
8
7
5
0
-4
-8
-11
-13
-12
-10
-8
-3
0
1
1
-1
-3
-5
-6
-4
-2
1
4
7
10
9
9
5
4
2
0
0
-1
-1
0
-1
-1
-1
-1
-1
-2
-2
-2
-3
-4
-6
-8
-9
-10
-10
-8
-7
-5
-3
0
1
2
5
6
7
7
7
4
2
1
0
0
0
0
1
0
1
1
2
2
2
1
0
0
0
1
0
1
1
0
-2
-4
-7
-8
-7
-5
-2
1
4
5
6
5
3
0
-2
-2
-2
-2
1
3
2
3
1
0
-2
-2
-2
-2
-1
0
1
1
1
1
0
-2
-3
-3
-4
-2
-1
2
2
3
1
1
-2
-3
-4
-5
-5
-4
0
3
4
3
0
0
-1
0
-1
0
0
1
3
4
3
4
4
4
5
5
6
7
8
5
4
-1
-3
-8
-11
-12
-13
-14
-12
-12
-9
-4
1
6
11
12
10
7
4
1
-1
-2
-1
0
0
-1
-1
-2
-1
0
0
0
0
1
2
1
2
3
4
4
3
3
3
3
3
3
3
4
5
3
3
1
0
-1
-1
-4
-5
-7
-8
-7
-3
-1
-1
-2
-3
-4
-4
-5
-6
-5
-4
-2
0
0
1
-1
-2
-2
-1
-2
0
1
5
6
7
8
7
6
6
4
4
1
0
-1
-1
-1
0
0
1
1
0
0
0
-2
-3
-3
-3
-2
-2
-1
-1
-1
-1
-3
-4
-6
-7
-8
-9
-7
-5
-3
0
2
3
4
3
1
-1
-2
-4
-3
-4
-2
2
4
7
11
11
11
12
9
6
4
1
-1
-1
-1
0
2
3
5
7
7
7
7
5
4
2
3
4
5
7
8
9
9
10
9
6
5
2
-1
-3
-7
-11
-14
-17
-19
-20
-23
-25
-28
-30
-32
-35
-36
-38
-37
-34
-32
-27
-19
-9
2
9
15
17
18
17
17
18
22
29
34
41
47
52
53
48
40
29
18
8
-1
-6
-10
-14
-20
-26
-33
-38
-42
-44
-45
-44
-37
-30
-19
-12
-3
10
23
34
41
45
51
55
56
54
52
53
53
52
51
48
37
19
0
-16
-26
-35
-47
-63
-86
-114
-132
-128
-101
-73
-70
-92
-106
-87
-41
3
27
34
45
64
93
129
153
151
128
105
97
96
94
92
91
83
63
31
-2
-24
-39
-59
-84
-109
-123
-125
-122
-126
-144
-163
-166
-146
-119
-98
-87
-75
-60
-46
-31
-6
18
35
55
93
133
156
150
127
113
114
111
100
84
64
36
19
26
38
38
22
-4
-36
-55
-60
-62
-71
-84
-89
-81
-66
-54
-51
-59
-77
-82
-49
14
72
79
44
20
52
108
134
109
71
62
77
95
101
94
80
64
44
16
-12
-27
-20
-4
-10
-46
-77
-71
-41
-17
-27
-63
-92
-84
-44
-12
-14
-47
-77
-66
-9
65
98
61
-5
-38
-16
40
66
17
-109
-254
-277
-120
60
65
-113
-288
-281
-59
149
173
47
-107
-117
10
173
278
216
123
97
131
188
188
191
210
189
136
49
18
70
115
84
-48
-226
-303
-224
-128
-113
-170
-272
-326
-287
-196
-125
-130
-186
-204
-149
-50
30
47
37
50
99
151
178
173
158
149
149
143
121
96
81
74
65
60
57
41
17
15
45
63
28
-20
-12
35
41
-15
-56
-25
34
49
4
-41
-34
19
61
33
-48
-98
-57
46
140
184
188
149
83
45
80
185
259
238
119
-56
-177
-164
-23
98
-121
-734
-1279
-1194
-419
159
-235
-1239
-1916
-1465
-292
427
298
-413
-1017
-683
191
998
1474
972
471
650
955
1539
1766
1662
1638
1276
870
522
526
928
1027
610
-395
-1284
-1448
-1091
-592
-841
-1862
-2834
-3065
-2471
-2012
-2066
-2306
-2454
-2152
-1472
-803
-438
-413
-270
460
1029
1259
1441
1542
2452
2837
2468
2577
2378
3018
3144
2165
2324
1989
1941
1704
111
306
434
60
38
-1637
-2024
-1964
-2475
-1474
-1717
-2089
-2200
-3127
-2471
-1943
-1796
-925
-714
-167
739
802
1160
1421
1524
2716
3259
3411
3922
3953
4413
4152
3233
3605
4027
4185
3656
1726
911
1080
435
-695
-2186
-3078
-3571
-4315
-4518
-5857
-8653
-11424
-12622
-8516
-3026
-4242
-10177
-13955
-11051
-3259
1417
1197
-405
-2317
-932
3684
8007
11755
11292
8719
8810
9690
12080
12512
10860
11519
10598
8223
5309
2729
2678
2801
2039
-1832
-6457
-8736
-9572
-7315
-7160
-9841
-12393
-15119
-13343
-10439
-8977
-8246
-8885
-8524
-6180
-3063
-1548
411
671
1707
5334
7397
8488
6618
7531
9833
10338
11262
9311
10022
9354
5083
6050
6467
5952
5549
694
-277
439
-1928
-1717
-4148
-5599
-3479
-6773
-6420
-4459
-5756
-3230
-6263
-7229
-2358
-858
2752
1877
-1109
289
1881
5971
8507
6888
5633
4281
4205
6329
5606
3147
333
-2250
-1625
-1842
-3623
-6762
-14192
-17909
-11301
-3244
-4692
-14976
-21909
-17557
-7981
-1312
-632
-4127
-6436
-4586
1100
8026
12188
11664
8905
9356
13569
15956
14819
13315
14042
15376
12916
8318
5731
5316
6936
6519
1202
-4190
-7829
-9339
-7282
-6335
-9130
-13270
-17221
-16885
-13093
-10721
-10207
-11646
-12834
-10755
-6886
-4421
-2826
-2346
-1198
1678
4333
5839
4913
7071
9106
10534
10835
8666
12387
10925
7699
9380
8622
9224
8591
5314
3682
3719
2189
2630
1788
-1352
-596
-2945
-3840
-1696
-1940
-964
-1629
-2944
-2048
-714
514
587
318
-282
483
3229
3514
1407
-1326
-3297
-2960
-1155
-650
-2504
-5081
-9740
-17486
-22295
-12868
4764
5380
-13745
-28797
-25180
-7364
8325
9172
1553
-5841
-9297
-3129
10192
19633
19385
11954
4282
6195
13125
16575
17197
13641
12007
9930
2942
1026
2515
4547
6507
-311
-9611
-12847
-13231
-7986
-3808
-8504
-14772
-19123
-18112
-11615
-7356
-8404
-10721
-11226
-9189
-3748
-1015
-1481
-189
1315
4889
9072
8885
6775
6860
9550
13067
14389
11491
10710
12027
8018
7822
11864
9927
7124
3313
1281
4023
3787
1822
-1857
-4624
-3838
-2969
-3869
-3815
-895
-4223
-8970
-7309
-2394
557
-554
834
-614
-2554
2051
3759
2900
1781
-2363
-3200
164
2323
1209
-6124
-13885
-18449
-19292
-6325
7327
-1042
-19807
-26717
-16736
-439
6969
3716
-2425
-6235
-5049
369
9301
17510
15347
6531
5038
10497
14529
15361
13793
12213
10948
7321
4057
2857
2712
4677
3021
-4710
-10324
-12572
-12529
-8252
-6346
-11357
-16811
-17656
-15578
-12376
-8836
-8545
-10548
-8601
-4501
-2820
-2549
-1735
1363
5617
9063
10452
7904
6779
9813
11898
15098
18491
17501
15002
9700
5654
11014
16602
15052
9504
2890
1766
4279
3203
1650
862
-1124
-3374
-5521
-5018
-2390
-2025
-3740
-5613
-5644
-2755
200
220
-2632
-6487
-9736
-8475
-3223
-2854
-5459
-7310
-13952
-18017
-19233
-23608
-10592
11399
1934
-24073
-29039
-15161
3866
14265
8690
727
-2766
-3241
5590
18387
24526
21473
9772
4505
12718
18114
17873
15471
9997
8686
7254
2121
640
-790
-751
-66
-8731
-16081
-15786
-16077
-12798
-9283
-15289
-21642
-20995
-17115
-11860
-8453
-9283
-11299
-9743
-5749
-2111
407
3320
6660
6520
8590
12381
12461
11569
12254
17759
21364
18268
13634
13627
14992
9201
11640
17944
10754
5932
1530
-1016
5660
3328
-2371
-3707
-5342
-3026
-2922
-6178
-4066
-3372
-7791
-6256
-2149
-1979
-1530
-1912
-3743
-6126
-9613
-8247
-1560
1230
-1587
-9717
-19372
-23465
-22778
-10766
9198
9166
-14522
-30736
-23986
-4146
12255
13847
4572
-5367
-7611
-1572
12211
23121
22197
13645
2227
4796
15049
18480
16690
14406
9516
3413
5507
-1717
-2978
4566
331
-2426
-14234
-20754
-13619
-13351
-8952
-7294
-17529
-21300
-18189
-15034
-8141
-6541
-8983
-7672
-7069
-3072
637
905
4802
7728
10122
13407
13330
11529
11713
15681
18179
19379
16841
12155
13805
8758
5330
13198
11462
6134
3060
-952
1123
2072
-320
-2194
-4298
-5511
-5348
-5231
-4339
-1885
-3475
-6436
-4702
-1714
-214
-1136
-4780
-7290
-6940
-5313
-2397
-1703
-7249
-15810
-22155
-22820
-10302
9493
7113
-17922
-29532
-19316
-2771
11005
11538
1369
-5244
-5279
414
11604
20389
19981
11849
4675
7024
13476
16811
16295
13235
9771
6032
393
-1857
1798
302
495
-3324
-14891
-16073
-16505
-14834
-9661
-10449
-15574
-19654
-19567
-16159
-9525
-4658
-3905
-12546
-8600
1340
-1437
5633
9554
8304
9141
12628
15909
12925
13419
14599
18740
19253
15499
14885
13862
7120
4835
14581
13509
6980
780
-5332
-205
4593
1732
-3706
-7140
-8779
-5972
-2740
-2731
-2177
-5578
-8404
-6793
-6728
-6643
-5503
-7994
-9607
-7235
-6196
-6505
-10829
-19555
-25534
-20830
1680
17929
-1984
-27748
-26089
-10893
7013
19101
13950
1238
-6865
-4181
9002
21286
25374
18096
5543
4923
14608
20053
18392
11894
7157
7852
5404
466
-34
-680
-1577
-3069
-11331
-16944
-15202
-16214
-14545
-10227
-16571
-21711
-16926
-15753
-14866
-8608
-7198
-8460
-6214
-3705
570
4659
7067
8711
8356
10594
14376
14832
14230
16631
17103
17313
18544
15234
16227
11545
2247
9658
15838
9660
3544
-1832
-3448
369
1997
-883
-5842
-6504
-6054
-7452
-4247
-3881
-5490
-8276
-11565
-7747
-7442
-8065
-4884
-6263
-8907
-10253
-11630
-14398
-19685
-16403
975
9782
-3411
-19945
-21807
-10578
4199
14624
12518
1824
-3031
-1643
4442
17257
24787
18436
6897
3322
10667
18378
17010
12849
10110
6352
3081
-190
-762
-168
3054
255
-13629
-17215
-14916
-13859
-11560
-12971
-14215
-15416
-17126
-17208
-12966
-9054
-8217
-6067
-5055
-2085
1459
2720
5973
7587
8655
12341
15112
14163
12417
13808
14739
16917
17492
16367
18985
10765
3062
9793
11135
9332
5597
-2263
-3159
-1436
-177
-677
-4254
-6754
-6971
-5926
-4953
-4484
-6769
-9278
-7538
-4624
-5006
-5498
-6850
-9844
-8688
-6638
-5708
-4833
-9644
-23559
-27111
-4765
20777
13020
-18086
-27238
-16279
3099
18760
17738
7675
-6648
-6321
2422
16208
28960
19867
7335
970
5176
16484
17721
10608
8078
9509
4051
-1204
-2726
-2702
637
-828
-10122
-15731
-16332
-18619
-16086
-10250
-11916
-16386
-17356
-17938
-15423
-8342
-5532
-6504
-5077
-3812
-1104
2904
6196
8200
8427
13659
18353
15707
13198
14858
15578
16582
18107
17237
20050
11799
248
8333
14170
12828
7274
-3897
-4735
-694
2186
1856
-3392
-5776
-6804
-8080
-8888
-4101
-2020
-9168
-10586
-9081
-7960
-5489
-6156
-8775
-11999
-11775
-9660
-9709
-12744
-22788
-23840
-695
14499
-30
-17040
-21662
-11975
7371
15379
15170
9527
-557
-3127
4370
21300
28617
19654
7794
5103
11055
15542
18842
15484
9783
6999
3339
-818
-3418
-2793
1114
-2707
-15859
-14802
-11997
-16877
-17014
-13891
-14622
-20159
-15974
-16310
-15202
-6636
-9252
-8260
-5526
-2777
1930
2397
5249
7604
9689
13347
15749
14389
12963
15428
15021
15667
16446
18977
20589
7739
3094
8263
10001
13134
6786
-533
-1571
-2290
-748
-2164
-4987
-5453
-6831
-8020
-6621
-4614
-5866
-8374
-9685
-9391
-6220
-5277
-6601
-6673
-9671
-10856
-5753
-4487
-8360
-15216
-25367
-18943
6705
16861
802
-18027
-20969
-7760
7713
16375
17717
8920
-3127
-4068
4944
17664
25920
19856
8295
4820
9096
12599
14101
13578
9754
6567
100
-4834
-4120
-1973
2486
-3779
-14985
-15488
-15697
-13682
-9664
-12448
-14661
-14069
-14779
-15619
-11711
-6322
-5802
-5920
-3556
-480
-73
1718
7470
10128
11333
12873
12844
11596
11171
15730
17932
15064
15102
16914
15676
6538
3573
10176
10786
10185
3500
-871
776
-2458
-969
-2736
-4494
-3052
-6641
-7740
-5300
-3153
-4512
-7025
-8456
-7823
-7295
-5449
-2315
-6452
-10760
-9921
-7278
-4859
-5963
-11912
-22961
-22845
1014
17418
4163
-14353
-21007
-15096
1147
15225
18237
9945
-1217
-4463
831
13447
25860
24156
12339
3657
2936
10314
17243
16287
12269
6514
-1019
-3287
-1396
295
1596
-3272
-12228
-15681
-15120
-12442
-9522
-11945
-15283
-15472
-15271
-13663
-11500
-10601
-9044
-7296
-4593
-1408
-102
379
1170
4179
9804
13221
11503
10271
11000
12611
15505
16743
16184
16958
17552
8114
2496
9246
12651
12884
7162
909
-437
-1849
-170
598
-740
-3006
-6488
-9494
-8067
-2826
-2529
-4083
-7545
-10932
-5043
-1369
-3959
-4288
-5664
-12505
-11488
-1531
-3065
-6738
-11132
-22021
-21600
-6113
12257
9950
-10369
-21517
-17169
-2451
12747
16787
9541
-160
-5251
-1649
10153
23590
24799
11694
2334
3144
9404
15621
14339
10368
8533
4260
138
-2374
-4437
-1383
94
-6658
-12168
-12727
-12564
-11836
-11955
-14088
-14081
-13666
-14980
-13245
-8651
-6890
-8776
-8154
-3954
413
691
1456
3867
4600
9349
11489
10532
10159
13949
17269
14497
14610
14500
18728
13326
2175
7370
10802
12172
9365
61
-2427
-1117
1055
2737
492
-3273
-5723
-8831
-7918
-2902
-749
-3299
-8629
-9164
-4444
-811
196
-1042
-5716
-10194
-8492
-3395
-57
-430
-5621
-11452
-12657
-16463
-16073
162
9406
-1739
-16752
-20808
-11740
2887
8104
9563
9993
-801
-3656
1057
10190
20545
20903
11785
113
7415
11830
13598
19351
11070
7398
1945
-3692
-1462
1159
4024
-1639
-11148
-13740
-11967
-10464
-9797
-12846
-14221
-13507
-15436
-12960
-9123
-9556
-11369
-11445
-6853
-1238
629
-59
-1011
921
5730
10195
12064
10977
9616
11515
13659
14319
14427
14421
17183
11321
4426
7880
9914
11998
8182
1774
1832
1610
1247
-521
-2910
-1911
-295
-3886
-6156
-4840
-4777
-3218
-4414
-4531
-383
-29
-1677
-2724
-4903
-4991
-2817
-1065
-499
-3094
-6142
-9058
-9871
-11045
-17094
-14904
-235
7367
-4587
-18360
-21010
-11929
3003
9200
9525
2430
-5205
-4127
446
12299
21798
18980
9012
2298
5008
12433
17971
18056
13653
5537
-638
-548
1765
5524
7327
-1265
-12201
-13463
-12446
-9675
-3865
-9654
-18419
-15705
-14758
-15521
-9635
-6757
-9969
-12197
-11089
-5185
-1161
-1912
-626
655
5104
8740
8129
8661
9188
11518
13565
15719
15410
16357
15876
6651
7149
12759
13716
13781
7129
1760
920
-739
2984
5193
-889
-2423
-3712
-8197
-5493
-2020
-1931
-2840
-6056
-6847
-3790
-1554
1061
2195
-1253
-3719
-3668
-2071
1479
2309
-3189
-6770
-6260
-6530
-7557
-14586
-19941
-13630
-352
3548
-7585
-18003
-21703
-13165
-1401
4280
8362
3889
-3360
-5961
-1530
10253
19284
18963
12314
6701
6394
11902
16773
17410
15801
11712
6533
2093
1115
5058
6408
-329
-6608
-8643
-9761
-8753
-8920
-11954
-12379
-11444
-14352
-15947
-13958
-12443
-12003
-11398
-7620
-5475
-6624
-6244
-3876
-2408
2078
6949
7219
9015
4629
6079
11584
11773
18678
19054
13907
6511
7201
13687
13513
14270
8238
6139
5019
487
2671
2605
2134
2329
-1801
-6375
-5563
-3172
-542
-1329
-5224
-3268
-1928
-525
2185
-143
-1516
-1059
-732
2217
1686
-1859
-3144
-5216
-4493
-2410
-4441
-6449
-11720
-21257
-22202
-10081
2660
905
-13028
-22442
-20029
-9769
1581
7528
6211
-225
-6303
-5773
4025
18139
23174
15895
7902
5431
9338
16555
19025
17237
13610
7859
5259
5083
4301
5803
4837
-2113
-8049
-9616
-8898
-7761
-8510
-11143
-13538
-14521
-14539
-14521
-13694
-13516
-13778
-12206
-9339
-6726
-5431
-4781
-5076
-2882
1752
4931
6579
6872
7477
7805
9988
11957
14423
18721
13656
7738
9788
12225
14835
13468
8901
6050
3961
5501
5471
1834
2373
864
-4468
-1795
348
-2618
-1018
-3960
-6863
-3104
-1378
1332
18
-5129
-3806
-657
942
3436
1678
-3733
-4594
-2865
-878
117
-3398
-6837
-8435
-10610
-11180
-14064
-18840
-13710
-3126
-1707
-10101
-18954
-18398
-9280
-585
4793
5674
708
-4550
-4045
3730
14539
18706
15072
10624
8281
10965
16582
17856
16889
14578
9484
7201
6504
5599
6561
3234
-3425
-6654
-7783
-6220
-5094
-9864
-14572
-15641
-15000
-12349
-11593
-13668
-14025
-14107
-14650
-11808
-7480
-5515
-5440
-6637
-5757
-152
3219
2954
5663
7814
7928
9276
8743
11680
18219
16731
12895
12092
10532
13318
15428
12189
11637
9840
4897
2729
1480
2306
4445
1316
-2754
-4463
-6244
-4767
-3364
-4911
-4956
-4782
-5143
-2078
-1815
-4950
-2568
-1590
530
3297
1108
707
-3101
-4065
-99
-134
-525
-2362
-6303
-9478
-10044
-10339
-13033
-12340
-5639
-2734
-8656
-15708
-16748
-9350
-1427
1469
2748
199
-3134
-2221
3098
12174
16715
14924
10307
6165
8924
14807
17783
16554
13058
10422
7655
5145
5380
7369
6235
581
-5338
-7563
-6890
-6433
-7486
-10264
-13445
-15023
-15065
-14553
-12945
-11122
-11620
-13601
-13785
-10979
-7789
-6338
-5259
-3912
-2086
203
1186
2268
4412
6379
9489
11195
10895
13192
13667
10607
10608
12471
14789
16862
13162
7347
6171
7518
8282
7300
5017
2561
-640
-3082
-2369
-183
-116
-3034
-6124
-6789
-4630
-802
1083
-1356
-3966
-2857
-509
1856
4627
4543
1712
659
2415
3881
3204
2112
-300
-3914
-4465
-4424
-4286
-3081
-8630
-15475
-16772
-19936
-16725
-5255
-5014
-14039
-19937
-20975
-15007
-6137
230
2782
-590
-4977
-4561
1091
10226
16588
16635
12605
8942
10313
14841
18677
19721
15684
10285
7417
6614
8124
8708
5933
1671
-2933
-5080
-5289
-6440
-6965
-8142
-11094
-11994
-11916
-13052
-13840
-14260
-13587
-12034
-10720
-9660
-8684
-7951
-7502
-5559
-2722
386
2444
3262
4349
4558
6702
9109
10907
14057
12713
10457
10258
10008
13087
13995
11564
10098
8042
6269
4836
4017
4197
4192
2433
-877
-2557
-2710
-2478
-1936
-2057
-2920
-2687
-1598
-1901
-1726
697
2514
2469
2868
4029
5012
5363
5212
5846
6230
4850
3345
2247
-49
-2209
-3892
-5957
-6967
-8470
-10996
-13720
-18288
-21888
-19799
-15628
-12552
-11399
-14464
-16783
-17737
-14916
-6423
-612
1787
1060
-1059
-951
3706
11285
15829
17379
14928
12547
13769
15331
18250
19539
15813
11848
9736
7787
7821
7838
4939
1042
-2292
-3848
-4777
-6163
-7419
-9137
-10540
-10997
-11629
-11710
-11325
-11678
-11903
-11785
-10146
-7604
-6655
-6820
-6749
-5137
-2505
-16
1122
1599
2501
3657
5268
7102
9440
9491
9561
10350
8287
8453
10273
10688
10595
9089
7582
7233
5815
4361
4439
3246
2865
2340
-96
-450
-845
-1092
-34
-1308
-1567
635
579
145
-285
-767
1811
3469
3537
3753
2385
1321
2030
2530
2458
3197
2380
-617
-3582
-5551
-5376
-5299
-7098
-9068
-11665
-14907
-16200
-16649
-17857
-18099
-17311
-16689
-16432
-16270
-15919
-13273
-9686
-7508
-3759
-477
627
2428
4740
8860
13251
16137
17553
16162
16255
18485
20389
21096
20110
18516
15053
11712
10212
10424
10185
6530
2496
-1275
-3966
-4619
-5685
-7529
-10128
-11798
-12450
-13655
-13751
-13048
-13079
-13407
-12798
-11165
-10059
-8339
-7161
-6339
-3306
-2081
-1074
861
1732
3912
6130
7235
7035
8203
9057
8089
9458
10335
10939
10355
7486
7061
7159
7086
7718
5563
2754
1684
61
291
1065
-487
-990
-1845
-3391
-2972
-2639
-2227
-1256
-1504
-711
865
429
910
2878
3177
3225
4222
4957
5473
4765
3282
3076
2413
1214
1286
574
-1340
-2832
-5167
-8543
-10301
-9640
-8928
-11306
-15084
-16430
-16631
-16932
-15722
-13504
-13145
-13622
-11985
-9551
-7339
-5549
-3395
261
3733
6742
8049
8827
11105
12763
15754
17167
16077
16707
15642
15417
16660
14723
12237
10611
9127
8251
7201
4480
1192
-429
-2025
-4349
-4793
-5783
-8219
-9328
-10586
-11165
-11131
-10878
-9879
-10442
-11116
-10472
-9115
-7598
-6476
-5057
-3978
-3594
-2422
-436
1210
2440
3150
3656
4431
5736
7229
7293
7221
7439
6455
6584
7474
7297
6951
4850
3124
3629
2653
2114
1569
-1242
-1258
-762
-2373
-2030
-2323
-3197
-2638
-3448
-2995
-1033
-648
281
677
156
1605
3286
4708
6192
5576
5155
6388
6237
5740
6182
5194
3857
3440
2160
358
-1254
-2595
-3691
-5923
-8449
-9733
-10410
-11063
-12758
-14429
-14813
-15651
-15398
-13294
-12072
-11353
-10903
-10953
-8527
-4048
-825
735
1298
2836
5438
8358
11156
13312
14090
12800
12928
14429
15907
15978
14825
13267
10454
10009
8959
7730
6886
3611
2322
169
-2741
-3313
-4249
-5772
-7213
-8689
-9343
-8853
-9421
-10530
-10693
-10374
-9340
-8435
-8254
-7795
-7104
-6630
-5573
-4191
-2904
-587
910
300
2
1026
3111
5156
6799
6531
5014
4631
4301
5248
6401
6709
5963
3219
1593
1677
2477
2715
1362
-257
-927
-656
-473
-667
-1172
-1317
-979
-204
1194
1645
1289
1875
2565
3068
4779
6484
6866
6237
5273
5640
6991
7493
7281
5927
3680
3141
3200
1931
1242
235
-2214
-3832
-5027
-6211
-7249
-9544
-11009
-11151
-12115
-12182
-12566
-15114
-16037
-14023
-11023
-9435
-10663
-11680
-10129
-7686
-4684
-1738
-591
-36
788
2493
5302
8343
10340
10893
10682
11565
13654
13259
14112
14640
12622
13463
12820
10693
9220
8060
7226
5639
4340
1933
233
-1458
-3895
-4711
-5566
-6879
-8153
-9572
-10501
-10465
-11082
-11738
-10837
-10001
-9220
-8277
-8545
-8631
-6419
-3475
-1753
-1400
-1474
-337
1349
2205
3656
5721
6412
5837
4565
4243
6656
8221
6809
5723
4551
3581
3726
2875
2412
2506
1505
102
-1083
-1621
-189
420
-1190
-1358
-1358
-105
1509
432
836
1921
2874
4562
4791
4866
5232
5278
5953
6990
7026
6051
4954
3841
3893
3473
1924
738
-1012
-2234
-4269
-6756
-7690
-8207
-8377
-10124
-13146
-14872
-14752
-13665
-12691
-12858
-13943
-13584
-12253
-10722
-8734
-7159
-5504
-3244
-1360
601
2874
5197
7740
9034
10863
13072
14244
15919
15424
14444
15423
15913
16305
14976
12307
10147
7503
6247
5455
3404
1574
-768
-4382
-7316
-8106
-8240
-8543
-9629
-11682
-12883
-12899
-11998
-10934
-10516
-10038
-9331
-8366
-6986
-5482
-4007
-2664
-1635
-667
940
2735
3896
3888
3788
4553
5240
6201
6634
6149
5154
4608
4842
4656
5050
4190
3108
3041
1930
1480
1146
762
951
790
358
-143
-44
689
1008
446
345
1095
1827
2292
2315
2088
1811
1901
2833
3607
3192
2495
1715
1043
1589
1808
757
42
-434
-1071
-1547
-2247
-2645
-2725
-3668
-4998
-5588
-5429
-5194
-5767
-6863
-7167
-6502
-5766
-5649
-6046
-6089
-5619
-4797
-3348
-2243
-2104
-2090
-1816
-376
1721
2476
2792
3038
2901
4076
5667
6308
6736
6204
5399
5769
6247
6900
6910
4979
3351
3376
3316
2386
1258
75
-627
-1804
-2902
-2730
-3594
-4861
-5862
-6873
-6511
-5925
-6088
-6566
-7333
-7435
-5962
-4337
-3162
-2644
-3447
-3087
-1306
575
2778
3308
2896
3102
3584
5227
6390
6516
6618
6081
5562
5530
5862
6026
5234
4449
4082
3500
3007
2255
1534
1106
550
568
363
-146
-511
-1036
-1028
-850
-694
-562
-712
-870
-1007
-1250
-1382
-975
-389
-138
-631
-1640
-2016
-1700
-1073
-398
-759
-1900
-2580
-2812
-2357
-1562
-1494
-1842
-2508
-3094
-2824
-2439
-2090
-1755
-2134
-2537
-2524
-2220
-1499
-1238
-1452
-1400
-1345
-1023
-330
-1
-114
-443
-420
233
1022
1392
1029
669
772
1090
1817
2348
2028
1754
1375
1054
1926
2585
2597
1943
848
789
765
1024
1470
745
-35
-640
-1109
-1142
-859
-586
-1273
-2287
-2616
-2002
-1352
-1235
-1037
-1518
-1727
-821
188
1008
1104
1238
1826
2340
3206
4032
4394
4467
4234
4391
5178
5334
4978
4606
3561
3035
3311
3148
2521
1107
-34
-380
-865
-953
-1116
-2135
-3246
-3885
-3936
-3538
-3350
-3619
-4280
-4883
-4534
-3874
-3493
-3028
-2838
-2887
-2686
-2141
-1485
-1183
-1082
-903
-623
-187
-136
-507
-585
-259
211
304
-151
-563
-767
-548
-229
-338
-336
-478
-627
-540
-729
-576
-282
-132
66
-148
-230
-65
-54
304
660
745
926
638
413
775
924
1128
1197
1011
1296
1318
856
734
794
1437
2109
1721
1151
761
1132
1767
2133
2088
1194
1132
980
1025
1780
1481
1312
1053
608
739
719
558
472
358
451
520
334
366
153
88
263
129
275
283
41
0
-90
-252
-115
-59
-253
-294
-788
-1171
-946
-883
-652
-783
-1335
-1468
-1553
-1286
-1067
-1258
-1351
-1616
-1807
-1652
-1268
-1077
-1355
-1502
-1318
-1175
-854
-531
-593
-602
-470
-63
51
-223
83
202
19
303
471
202
7
95
199
67
-179
-160
-184
-464
-565
-829
-1177
-1078
-1061
-1147
-1184
-1489
-1658
-1313
-986
-730
-507
-767
-718
-283
96
685
772
696
1157
1580
2072
2530
2507
2789
3049
3010
3332
3233
3059
3036
2738
2621
2498
1995
1745
1675
1050
999
598
60
309
-293
-614
-764
-1144
-1152
-1037
-1011
-1236
-1063
-1106
-855
-169
-130
-118
-51
87
634
981
768
639
571
619
882
693
377
146
-233
-357
-316
-547
-838
-1192
-1617
-1728
-1756
-1985
-2241
-2383
-2505
-2465
-2301
-2212
-2001
-1857
-1767
-1686
-1512
-1213
-1035
-937
-966
-656
-461
-451
-56
81
63
-104
-261
50
235
107
-61
-281
-391
-222
-87
-131
-311
-475
-456
-308
1
251
176
32
239
781
1162
1206
1229
1330
1468
1652
1820
1966
1918
1737
1818
1963
1980
1974
1748
1450
1399
1372
1268
1168
942
689
472
337
301
247
123
-85
-181
-105
34
33
-20
-138
-195
-67
-82
-48
-268
-343
-234
-110
222
72
-13
-302
-298
180
-13
-142
-360
-530
-388
-262
-80
-252
-626
-765
-663
-520
-445
-637
-951
-1026
-966
-796
-680
-843
-1074
-1230
-1180
-879
-805
-1044
-1264
-1383
-1344
-1205
-1112
-1152
-1398
-1582
-1454
-1165
-949
-1004
-1143
-1153
-977
-607
-332
-214
-167
-113
127
514
849
1026
1017
968
1178
1551
1818
1847
1745
1718
1761
1828
1832
1758
1535
1247
1173
1222
1267
1141
761
491
422
367
311
74
-205
-255
-274
-162
93
217
202
154
299
626
820
783
728
759
810
860
861
831
710
495
368
321
232
49
-291
-625
-750
-830
-963
-1145
-1323
-1484
-1605
-1566
-1434
-1270
-1203
-1167
-1027
-784
-601
-550
-353
-289
-280
-162
-164
-74
-58
-140
-167
-224
-241
-230
-311
-504
-682
-806
-926
-1037
-1059
-1087
-1251
-1385
-1349
-1210
-1093
-1002
-869
-716
-554
-327
-23
246
363
408
545
742
978
1233
1383
1424
1436
1459
1567
1694
1714
1651
1537
1435
1440
1488
1474
1346
1127
912
792
762
730
620
453
266
91
-1
-8
-70
-266
-464
-561
-605
-620
-570
-544
-614
-665
-598
-474
-370
-316
-342
-398
-349
-179
-4
59
74
87
120
241
368
434
375
244
162
166
238
179
-38
-237
-340
-399
-461
-538
-703
-932
-1074
-1047
-947
-916
-972
-1045
-1047
-947
-784
-632
-613
-701
-667
-494
-297
-69
85
92
103
210
390
495
403
249
151
107
135
150
80
-54
-198
-214
-103
-35
-70
-146
-198
-152
3
155
230
296
430
608
804
978
1059
1056
1079
1223
1442
1573
1538
1445
1431
1470
1476
1439
1312
1051
805
682
610
486
276
38
-133
-248
-337
-473
-739
-1055
-1266
-1320
-1304
-1340
-1445
-1576
-1652
-1578
-1426
-1321
-1278
-1288
-1279
-1146
-946
-805
-749
-692
-550
-342
-125
52
130
138
161
249
366
436
423
374
372
442
516
529
493
447
421
441
482
480
397
266
148
83
47
-13
-86
-105
-42
33
70
82
58
27
45
82
73
-10
-64
-26
5
30
63
-6
-95
-97
-55
3
-13
-123
-195
-196
-117
-4
20
-10
4
87
273
485
585
557
490
512
640
766
806
754
666
633
681
740
700
539
369
298
344
423
442
375
282
252
311
392
397
285
110
-23
-52
-33
-70
-196
-356
-475
-515
-531
-625
-830
-1081
-1272
-1374
-1423
-1498
-1635
-1782
-1856
-1847
-1800
-1760
-1744
-1736
-1679
-1519
-1287
-1068
-913
-781
-602
-353
-76
167
348
497
659
848
1031
1163
1239
1290
1358
1444
1510
1506
1422
1290
1166
1074
989
866
713
573
497
497
513
465
359
266
229
253
303
327
308
281
301
356
394
381
292
191
155
120
88
66
-51
-200
-257
-245
-194
-178
-267
-366
-422
-429
-380
-339
-337
-327
-283
-180
-44
36
29
-1
5
73
186
285
330
332
332
384
474
520
471
355
249
200
191
167
95
-17
-125
-198
-246
-315
-435
-594
-735
-818
-848
-871
-914
-967
-997
-970
-894
-809
-770
-788
-835
-855
-832
-790
-758
-743
-728
-697
-638
-557
-474
-411
-362
-298
-205
-105
-22
43
115
218
344
457
532
572
611
687
800
909
976
1005
1020
1048
1099
1142
1145
1123
1116
1130
1155
1173
1150
1070
963
862
771
670
548
401
234
88
-25
-139
-244
-330
-403
-441
-431
-410
-398
-427
-463
-457
-424
-395
-352
-307
-269
-224
-174
-132
-94
-74
-77
-95
-103
-98
-103
-107
-104
-112
-114
-114
-119
-124
-136
-148
-137
-120
-113
-116
-132
-153
-174
-187
-194
-195
-181
-156
-150
-159
-179
-218
-277
-333
-383
-423
-447
-463
-488
-518
-555
-618
-690
-736
-761
-775
-772
-751
-703
-624
-532
-452
-383
-314
-243
-161
-64
31
126
218
308
413
542
666
766
851
920
954
955
938
901
849
808
791
786
775
767
756
731
702
680
651
602
551
509
458
385
314
256
215
195
194
191
163
130
100
54
-13
-86
-148
-201
-251
-295
-340
-380
-417
-458
-494
-527
-563
-580
-583
-585
-597
-624
-625
-604
-586
-523
-429
-363
-292
-217
-166
-114
-53
10
75
122
148
163
190
223
241
251
245
212
171
142
115
69
-1
-80
-155
-225
-281
-321
-350
-358
-349
-331
-305
-268
-231
-207
-200
-211
-246
-294
-323
-327
-313
-289
-247
-188
-133
-86
-50
-25
-7
20
53
81
109
147
190
235
289
351
417
476
525
567
599
616
618
617
622
630
648
675
697
704
697
653
596
538
468
405
353
289
216
138
60
-11
-75
-129
-171
-209
-252
-310
-380
-443
-492
-527
-547
-556
-560
-559
-562
-571
-573
-563
-544
-526
-501
-468
-436
-403
-376
-358
-324
-281
-243
-185
-118
-68
-25
11
39
65
81
97
119
147
187
233
273
304
311
297
273
251
232
211
191
168
136
99
63
31
9
-6
-29
-64
-105
-143
-171
-193
-217
-247
-272
-286
-286
-273
-254
-229
-193
-145
-100
-71
-51
-39
-35
-24
8
56
115
176
230
275
318
360
390
408
417
425
428
433
432
428
427
434
443
449
446
431
394
344
292
244
187
122
56
-1
-48
-87
-120
-150
-188
-234
-277
-315
-343
-357
-357
-355
-358
-371
-396
-422
-432
-430
-417
-393
-371
-356
-341
-329
-324
-318
-295
-256
-206
-155
-115
-87
-57
-18
16
41
56
65
71
74
92
125
165
204
239
261
273
272
269
266
267
267
271
267
250
219
188
161
146
137
119
96
73
40
-4
-45
-89
-134
-164
-169
-159
-141
-121
-106
-100
-99
-102
-113
-115
-102
-80
-51
-17
16
48
66
67
61
60
69
88
119
155
179
190
195
196
190
178
165
155
143
127
112
99
82
59
39
19
4
-12
-29
-49
-68
-88
-102
-110
-116
-142
-177
-208
-237
-261
-273
-269
-261
-248
-235
-227
-227
-223
-212
-203
-193
-179
-158
-139
-120
-94
-69
-50
-32
-9
16
37
57
79
104
131
155
171
189
210
230
237
226
207
196
193
195
199
214
219
204
185
174
156
127
97
73
51
32
19
15
16
22
26
30
28
16
-6
-37
-73
-109
-143
-165
-174
-167
-149
-123
-103
-97
-103
-112
-119
-121
-116
-104
-81
-51
-15
21
51
73
82
76
65
60
65
73
78
84
96
112
115
98
67
30
-7
-44
-77
-100
-112
-111
-99
-80
-58
-50
-60
-82
-101
-111
-114
-109
-102
-90
-77
-65
-59
-56
-61
-69
-77
-81
-81
-72
-55
-36
-20
-10
-5
3
12
17
15
14
21
39
66
100
127
146
159
167
170
170
165
155
141
130
127
132
139
144
143
135
123
110
99
91
82
70
59
50
40
32
29
26
22
12
-7
-29
-51
-67
-77
-77
-76
-72
-71
-73
-77
-84
-89
-95
-94
-93
-91
-92
-93
-95
-95
-95
-99
-109
-119
-122
-113
-94
-72
-53
-42
-37
-32
-24
-17
-12
-10
-11
-12
-9
-1
10
20
32
41
45
42
34
19
5
-7
-12
-10
-7
-5
-6
-10
-18
-28
-41
-50
-55
-52
-45
-37
-26
-16
-6
6
16
26
33
40
52
68
87
104
113
117
116
110
97
79
59
47
48
61
80
98
111
118
122
116
106
88
69
52
41
37
34
29
17
2
-10
-18
-20
-20
-24
-32
-41
-52
-59
-64
-65
-64
-60
-53
-45
-38
-34
-33
-37
-44
-54
-68
-78
-85
-87
-84
-84
-88
-97
-105
-110
-105
-97
-85
-75
-70
-64
-56
-48
-40
-35
-29
-22
-10
5
17
22
19
14
7
7
11
19
30
40
51
58
62
63
61
56
45
29
11
-4
-10
-11
-4
8
22
38
54
67
77
83
84
78
68
55
44
36
38
45
56
65
70
69
63
56
47
39
28
19
13
10
7
1
-7
-16
-22
-23
-20
-18
-17
-19
-21
-23
-24
-28
-33
-41
-49
-55
-60
-61
-54
-44
-33
-22
-15
-15
-19
-26
-31
-31
-27
-20
-17
-19
-23
-29
-32
-29
-25
-24
-26
-34
-46
-56
-58
-53
-40
-23
-4
14
26
30
25
15
2
-7
-11
-10
-5
0
7
13
16
15
13
15
21
30
38
40
38
31
28
26
28
30
30
25
18
12
8
10
12
13
15
18
20
21
23
23
22
19
15
12
10
8
8
5
3
-1
-2
-2
-2
-1
-1
2
5
7
8
8
9
8
8
6
2
-1
-4
-4
-2
2
4
3
-2
-9
-17
-23
-29
-34
-37
-38
-35
-27
-14
0
10
15
14
8
-1
-10
-17
-21
-21
-17
-11
-4
1
5
6
6
-1
-13
-27
-40
-48
-49
-46
-38
-29
-21
-15
-12
-12
-13
-13
-11
-6
0
7
14
19
23
25
25
25
26
28
31
33
34
29
25
18
12
9
12
17
21
22
17
12
9
7
6
4
6
9
13
16
14
8
1
-7
-14
-22
-29
-33
-33
-28
-19
-10
0
8
11
8
0
-12
-23
-28
-24
-13
2
15
23
26
28
28
25
20
14
11
11
15
19
21
20
15
9
4
0
-2
-5
-9
-15
-23
-30
-34
-32
-27
-19
-11
-5
-1
1
1
1
0
-5
-9
-14
-19
-22
-22
-20
-16
-7
1
4
1
-7
-12
-14
-13
-10
-9
-8
-6
-3
3
10
13
14
13
10
4
-3
-8
-12
-10
-5
1
9
16
22
26
29
30
29
27
23
19
13
12
13
13
16
19
23
27
30
29
22
13
5
-1
-3
-4
-8
-11
-12
-13
-11
-7
-2
1
3
3
-2
-6
-11
-14
-14
-13
-12
-12
-14
-17
-19
-20
-21
-19
-15
-11
-6
-1
-2
-6
-12
-19
-23
-22
-17
-9
-3
0
1
0
-2
-1
2
6
8
10
11
11
13
13
8
1
-7
-13
-15
-11
-6
1
7
8
5
0
-3
-4
-2
1
2
3
5
8
9
10
10
12
19
22
23
17
7
-2
-8
-12
-15
-18
-18
-12
-2
9
16
18
15
10
5
0
-2
-3
-3
-3
-3
-1
2
6
11
15
17
20
17
13
4
-3
-7
-8
-5
1
6
11
14
12
11
7
4
1
0
1
-1
-3
-6
-7
-10
-12
-15
-17
-19
-18
-13
-10
-5
0
3
4
3
0
-4
-10
-16
-24
-32
-37
-40
-36
-28
-19
-10
-8
-8
-9
-11
-11
-11
-10
-7
-2
2
8
11
15
16
16
15
13
10
10
11
11
11
10
10
9
9
9
10
10
11
14
19
24
27
27
25
21
17
14
10
6
3
0
1
3
7
9
12
11
11
11
9
6
2
-1
-4
-8
-11
-14
-15
-15
-13
-14
-15
-17
-17
-16
-15
-14
-14
-13
-13
-12
-9
-5
1
8
12
13
11
8
5
2
0
-4
-7
-10
-12
-11
-10
-9
-9
-11
-12
-11
-8
-5
-3
-1
0
0
1
0
-4
-7
-10
-13
-15
-17
-18
-18
-18
-16
-13
-8
-5
0
4
7
10
12
16
19
21
23
23
22
20
17
13
11
9
9
11
15
19
24
27
27
27
23
18
12
6
1
-5
-9
-10
-8
-6
-3
-2
-1
0
3
5
7
8
5
4
4
1
1
-1
-3
-5
-6
-8
-11
-15
-17
-16
-14
-11
-7
-8
-10
-14
-18
-21
-23
-25
-23
-20
-15
-8
-3
0
-1
-2
-3
-4
-4
-5
-6
-7
-6
-6
-4
-1
0
1
0
-1
-2
-3
-2
2
5
7
8
9
8
7
5
1
-3
-6
-6
-1
6
13
20
22
24
24
21
21
16
11
7
2
0
1
2
6
9
13
15
16
13
9
2
-4
-9
-13
-14
-11
-10
-7
-4
-2
-1
-1
0
-2
-2
-3
-4
-4
-4
-3
-1
1
1
0
-2
-3
-5
-7
-6
-3
0
4
5
6
4
-1
-3
-8
-10
-10
-8
-5
-2
2
7
8
8
5
3
1
-1
-3
-4
-6
-9
-9
-9
-8
-5
-2
-1
0
0
0
-2
-4
-4
-5
-6
-3
-3
0
2
6
8
8
5
0
-3
-7
-8
-9
-10
-7
-4
0
5
8
10
7
7
5
4
3
2
3
5
6
8
10
10
10
10
9
8
7
6
6
5
3
3
2
0
1
0
0
1
1
2
3
4
6
6
6
3
2
-1
-1
-1
-1
-2
-5
-8
-9
-12
-11
-12
-12
-14
-12
-15
-17
-17
-15
-14
-9
-5
-2
1
2
0
-3
-6
-7
-5
-2
-1
1
1
0
-1
-2
-2
-2
0
3
7
11
11
13
13
12
15
14
15
15
15
14
12
10
7
4
2
1
0
0
-1
-3
-3
-5
-8
-10
-12
-13
-14
-15
-14
-15
-15
-15
-13
-12
-10
-7
-3
0
3
5
7
9
10
9
10
9
9
8
6
4
2
2
2
3
5
3
2
1
0
-3
-3
-5
-3
1
3
6
6
4
3
4
4
3
2
1
1
2
2
3
2
4
3
3
0
-2
-4
-9
-12
-14
-18
-19
-19
-17
-17
-14
-9
-7
-6
-4
-4
-2
0
3
5
7
9
9
8
5
2
0
-1
-1
0
4
6
9
10
7
7
4
2
1
0
0
1
1
2
1
4
3
4
6
6
7
8
8
9
5
3
1
0
-1
-2
2
2
3
2
2
-1
-5
-8
-11
-13
-11
-10
-5
-3
0
2
2
2
1
1
0
0
0
1
0
1
0
0
1
0
2
1
0
-1
-3
-5
-6
-6
-6
-6
-7
-8
-10
-12
-13
-12
-11
-9
-6
-1
3
8
10
12
11
10
8
4
1
-1
-5
-6
-5
-3
0
4
8
10
11
9
7
2
1
-2
-2
0
3
6
9
10
9
5
0
-5
-5
-6
-3
1
4
4
0
-3
-2
-3
-6
-8
-9
-6
-4
-2
0
3
5
6
7
5
5
3
-1
-2
-3
-4
-5
-4
-3
-1
2
4
6
6
4
1
-4
-6
-7
-7
-5
-1
2
4
4
3
2
1
0
-1
-4
-3
-5
-4
-4
-4
-4
-3
-1
3
4
2
1
-1
-2
-1
-2
-2
-2
-2
-2
-1
-1
-3
-3
-3
-2
0
2
1
0
-1
1
2
0
-2
-4
-4
-3
-1
0
1
3
3
4
2
1
-2
-3
-3
-3
-3
-1
4
8
12
15
16
16
14
11
8
4
1
-1
-2
-1
1
3
6
9
10
9
7
5
1
-2
-5
-7
-6
-5
-4
-3
-2
-1
-1
-3
-4
-5
-6
-7
-7
-7
-4
-3
-2
1
1
1
-1
-2
-3
-4
-5
-7
-6
-7
-7
-7
-5
-6
-5
-5
-5
-5
-7
-5
-5
-6
-4
-2
1
4
5
6
5
4
3
2
1
1
2
2
3
4
6
5
6
7
7
7
6
6
3
1
0
-1
-1
-1
0
0
0
-1
-1
-4
-6
-6
-5
-2
0
2
5
7
8
8
9
9
8
9
8
6
5
2
0
-3
-1
-2
0
2
4
4
3
0
-3
-5
-6
-6
-5
-4
-3
-2
-2
-1
-1
0
0
0
0
0
-1
-2
-2
-4
-5
-5
-4
-3
-2
-1
0
0
0
-1
0
-1
-1
-1
-1
-1
-1
-1
-2
-3
-6
-7
-10
-11
-12
-11
-8
-5
-2
0
1
0
-3
-5
-6
-6
-4
-1
2
6
10
11
11
10
9
8
7
7
7
7
9
9
8
7
5
3
1
-1
-1
-1
-1
1
4
5
5
4
3
1
-1
-3
-4
-3
-2
-1
0
2
1
1
1
1
1
1
1
0
-2
-2
-3
-3
-2
-1
1
3
5
7
8
7
5
3
2
0
1
0
0
2
1
1
-2
-2
-4
-5
-6
-7
-7
-7
-8
-10
-10
-12
-13
-12
-12
-10
-8
-6
-4
-3
-2
-2
-2
-2
0
0
2
2
3
2
1
0
-1
-1
-1
-1
0
1
2
4
5
7
9
9
9
8
7
4
2
0
-1
0
0
1
4
6
7
7
6
4
3
2
2
2
2
3
4
6
7
8
11
10
10
9
7
3
0
-6
-9
-11
-12
-11
-9
-6
-5
-3
-1
-1
-1
-1
-1
-3
-4
-4
-5
-5
-5
-2
-1
1
1
3
2
1
-1
-4
-6
-8
-8
-8
-7
-6
-5
-4
-4
-4
-4
-3
-4
-3
-3
-1
0
2
3
4
3
4
1
0
-2
-3
0
3
6
8
7
7
6
6
8
8
8
6
4
3
3
5
5
6
5
1
-3
-7
-10
-9
-8
-7
-5
-4
-3
0
0
0
0
0
0
1
0
0
1
1
2
4
5
6
6
6
5
3
1
-1
-2
-2
-1
1
1
3
3
1
-1
-3
-7
-8
-8
-7
-5
-2
0
2
3
2
1
2
-1
0
0
0
0
0
0
0
0
1
0
1
0
0
0
0
-3
-4
-6
-7
-5
-3
-1
0
0
1
2
2
3
1
-1
-3
-2
-2
-2
0
0
1
2
2
2
1
2
2
3
3
3
3
2
1
1
0
0
0
0
0
2
3
4
4
2
-1
-1
-2
-1
0
-2
-3
-1
1
3
3
3
0
-1
-3
-4
-6
-5
-3
-4
-1
0
1
2
2
4
5
4
3
4
2
-1
-2
-5
-4
-3
-1
-1
-1
-3
-3
-6
-6
-5
-5
-2
0
1
2
1
0
0
-1
0
-1
-1
0
-1
1
2
1
2
0
2
3
3
3
3
3
2
1
2
2
2
1
1
0
0
0
2
3
3
4
3
-1
-3
-7
-8
-6
-4
-1
1
2
2
0
-2
-4
-7
-8
-9
-8
-6
-3
0
4
6
8
10
9
8
6
4
2
1
1
0
2
3
3
3
2
0
-1
-3
-4
-4
-3
0
3
4
5
5
3
1
-2
-3
-3
-1
2
5
7
7
6
1
-2
-5
-9
-11
-12
-11
-10
-8
-6
-5
-5
-6
-7
-8
-8
-8
-7
-7
-4
-4
-3
-2
0
