SAMPLES:	15459
BITSPERSAMPLE:	16
CHANNELS:	1
SAMPLERATE:	16000
NORMALIZED:	FALSE
2
1
1
1
1
2
3
3
3
1
2
2
1
1
1
1
0
0
1
0
1
0
0
0
0
0
0
-1
0
0
0
0
0
0
1
0
0
0
0
0
0
-1
-1
0
-1
0
0
0
0
-1
-1
-1
-1
-1
-1
-1
-1
0
0
-1
0
0
0
0
1
0
0
0
0
0
0
0
0
0
0
-1
1
-1
0
0
0
0
1
1
1
1
2
1
2
1
1
1
2
0
0
0
0
0
-1
-1
-1
-1
-1
-1
-1
0
0
0
0
1
1
0
1
0
0
0
0
0
0
1
1
1
1
-1
-1
-1
-1
0
0
0
1
1
0
1
1
1
1
1
0
1
0
1
2
1
0
1
0
0
-1
0
-2
-1
-1
-2
-2
-3
0
-3
-2
-1
-2
-2
-2
-3
0
-1
-3
3
-2
3
-2
1
-1
0
1
0
0
-1
1
0
0
1
1
2
1
2
3
2
1
1
1
2
1
0
2
1
2
3
1
2
-1
0
1
0
0
0
0
0
-1
0
0
0
0
0
0
0
0
0
0
-1
0
1
-1
0
-1
-2
0
0
1
0
-1
-1
-1
-2
-2
-2
-1
-2
-1
-1
-1
-2
-2
-2
-2
-1
-1
0
-1
0
0
0
0
-1
0
0
0
0
0
-1
1
1
1
1
1
1
2
1
1
2
2
3
3
3
2
2
1
1
1
0
1
0
1
3
2
2
1
1
1
0
0
0
0
0
0
0
-1
-1
-1
-2
0
-2
-2
-2
-3
-2
-2
-2
-2
-3
-3
-3
-3
-2
-1
-1
0
1
1
0
1
0
0
-1
0
0
1
2
2
2
2
2
1
1
1
1
1
1
1
2
1
1
1
1
1
0
0
0
0
0
0
0
0
0
0
0
0
0
1
0
0
0
1
0
0
0
0
0
0
0
0
1
1
0
0
1
0
0
0
0
0
1
0
0
-1
1
0
-1
-1
1
1
0
0
1
2
1
1
0
1
1
2
0
-1
1
-1
0
0
-1
0
0
0
-1
0
0
0
0
0
-1
-1
-1
0
-2
-1
-1
-1
-1
-2
-1
-2
-2
-2
-2
-1
-2
-1
-1
0
0
0
0
0
1
1
0
1
1
2
2
3
3
3
2
3
2
1
2
2
2
2
2
2
2
2
2
2
2
1
2
2
1
0
0
0
0
-1
-1
-1
-1
-1
-1
-1
-1
-2
-1
-1
-1
-2
0
-1
0
0
0
0
0
0
0
-1
1
0
1
0
0
0
0
0
0
-1
-2
-1
0
-3
-2
-2
-2
-1
-1
-1
-1
-1
-1
-1
-1
0
0
1
-1
0
0
0
0
0
0
1
0
1
0
1
1
2
2
2
1
2
3
2
2
2
3
2
2
1
0
0
0
0
0
0
0
0
0
0
0
1
0
1
0
-1
-1
-1
0
0
0
0
0
0
0
-1
0
0
1
-1
0
1
0
0
0
0
0
-1
-1
-2
-2
-2
-1
-1
-1
-1
-1
-1
-1
-1
-1
-1
-1
0
0
0
0
0
1
1
1
2
2
1
2
0
0
0
2
1
1
0
2
1
-1
0
0
-1
0
0
0
0
-1
0
0
0
0
1
0
0
0
1
0
0
1
-1
0
0
0
0
0
0
-1
0
1
0
0
0
1
-1
0
0
0
-1
0
0
0
-1
0
1
0
-1
0
0
-1
-1
0
0
-1
-1
-2
-3
-3
-2
-2
-2
-2
-1
-1
-1
-1
0
1
0
-1
0
1
0
1
0
0
0
-1
0
0
0
0
0
0
-2
0
-1
0
0
0
1
0
0
0
-1
0
1
0
0
0
1
1
1
2
2
2
1
0
2
0
0
1
0
0
0
0
0
0
0
0
0
0
0
0
0
0
0
0
0
-2
-1
-1
-2
1
-1
-1
0
-2
0
-1
-2
1
-5
2
-4
1
-2
0
0
0
-1
0
0
1
1
0
0
0
0
-1
0
1
0
-1
0
0
0
1
0
1
1
1
1
1
0
1
2
3
3
3
4
3
2
2
1
0
1
0
0
-1
-1
-1
-1
-1
-1
-3
-5
-4
-4
-5
-4
-4
-4
-3
-2
-1
0
0
0
0
0
1
0
0
0
0
-1
-1
0
-1
0
0
0
-1
0
0
0
0
1
1
-1
0
0
0
0
1
1
0
1
1
0
1
1
-1
1
-1
0
0
-1
0
0
0
0
0
0
0
1
0
0
-1
1
0
-1
-2
-2
-2
-2
-2
-1
-1
0
1
0
0
0
0
0
0
-1
0
1
0
1
1
2
1
1
1
0
0
0
0
-1
-1
0
0
0
0
1
-1
0
0
0
1
0
-1
0
0
0
0
0
-1
0
0
0
0
1
0
0
1
0
0
0
1
0
0
0
0
0
1
0
0
0
0
0
0
0
1
0
0
0
0
-1
0
0
-1
-1
0
-1
0
0
0
1
1
0
0
0
-1
1
0
0
0
0
1
0
1
0
0
2
0
0
0
0
1
0
0
1
-1
1
-1
-2
2
-3
3
-3
1
-1
1
0
1
0
-1
-1
-1
-2
-1
-1
-1
-1
0
-2
0
0
0
1
1
0
0
-1
0
0
1
0
0
0
2
1
0
0
0
-1
0
1
1
1
1
2
2
3
3
2
1
1
0
0
0
-1
-1
0
-1
0
3
1
1
-1
-1
0
2
3
3
2
0
-1
-2
-2
-1
-3
-2
-3
-1
0
1
0
-3
-7
-11
-13
-12
-9
-7
-6
-5
-4
-1
4
8
6
1
-4
-6
-4
0
3
2
-3
-6
-5
1
9
13
12
9
8
10
14
16
11
2
-5
-7
-4
1
5
5
2
1
-1
-1
1
3
4
1
-1
-3
-5
-6
-7
-6
0
8
20
24
27
27
25
22
10
-10
-30
-44
-53
-66
-89
-108
-102
-64
-16
11
11
2
16
53
84
81
44
2
-12
4
28
35
22
1
-20
-32
-24
15
81
144
167
128
52
-15
-40
-33
-28
-40
-59
-58
-31
7
33
42
47
60
84
101
102
75
13
-85
-200
-289
-327
-318
-293
-272
-234
-135
43
255
391
380
230
20
-132
-186
-169
-163
-246
-375
-455
-405
-242
-122
-69
-36
0
140
287
338
347
126
-335
-771
-1050
-940
-484
-13
511
1034
1322
1377
1364
1895
3433
5217
5930
4952
2926
1048
-395
-2017
-4013
-5642
-5953
-4787
-2842
-905
466
1017
864
462
403
821
1238
956
-130
-1575
-2849
-3837
-4625
-5075
-5025
-4265
-3083
-1750
-491
1242
3503
5497
6821
6320
5009
4080
3592
2955
1190
-1105
-3971
-5456
-5486
-4976
-2968
-1550
-216
1647
2947
4947
6094
5682
5090
2639
642
-58
-1702
-1441
-1795
-3258
-3246
-4512
-4690
-3309
-2306
-343
1009
1267
1988
2876
4059
5315
4976
3132
417
-2398
-3957
-4567
-4618
-4270
-4134
-3661
-2385
-835
893
2427
2721
2202
1654
992
1223
2081
2000
762
-1474
-4508
-6407
-6049
-5061
-2595
-157
676
2361
3448
4467
6336
7653
8962
9002
7665
5279
2123
211
-2160
-5310
-6884
-7876
-6932
-3324
-495
1743
3235
2904
3200
3919
4759
4923
2366
-1595
-6579
-10073
-10938
-10763
-9513
-8178
-6501
-5033
-4046
-2976
-284
5131
11636
16639
17599
16029
12896
9611
6286
18
-6796
-12623
-16266
-15433
-12877
-9364
-4057
215
3864
7063
9013
10687
9820
7639
5111
2581
1939
-263
-3342
-5925
-9523
-11144
-10390
-9374
-7149
-3658
406
5095
8170
9012
9719
10646
11091
9744
5968
1185
-3398
-6935
-8743
-10046
-11140
-10519
-8050
-3440
2350
6295
8640
9683
7983
5916
4826
3009
1544
-29
-3330
-5553
-6764
-8384
-7223
-4910
-4258
-2583
-1072
-1053
949
3845
5464
6597
5949
4448
3281
1638
-475
-3291
-6592
-9170
-9778
-8974
-5957
-2015
1900
5998
8160
9297
8615
7082
5262
4853
6151
4226
2442
216
-2965
-3476
-4178
-5337
-5720
-5609
-3536
451
3191
4917
5325
4117
3913
2758
1066
215
-1753
-3391
-4421
-5372
-4516
-3276
-3006
-2678
-2087
-562
1359
2516
2873
1451
71
-179
-2091
-4295
-5867
-6742
-4493
-2056
-1942
-1809
-420
1550
4536
8618
9045
7480
8162
6378
4205
3009
-1325
-4154
-5142
-6604
-6399
-5718
-3144
159
727
2902
4888
4508
6213
6535
4758
3747
1855
-197
-2066
-3675
-5290
-7137
-7171
-6681
-5945
-3462
-550
2650
5265
5928
6254
6712
5472
3127
1101
-1400
-3647
-4794
-5881
-6449
-6192
-6242
-4468
-1178
152
2459
4493
3824
4892
3954
1298
1984
-2423
-6719
-3974
-6390
-6086
-845
-2071
832
4639
2264
3365
3511
1748
6303
9351
8063
8003
3990
-597
-857
-3402
-5828
-4432
-3572
-1865
2339
4479
5328
6897
6500
4056
843
-1650
-2505
-3038
-3017
-3062
-4160
-4446
-3839
-3203
-2122
-946
-464
-796
-1430
-2201
-2985
-1968
-666
-2373
-5059
-7773
-8366
-6102
-3993
340
4990
8165
12600
14662
13358
11542
8282
4129
895
-3519
-8677
-9651
-8465
-8443
-6127
-3373
-1739
2457
4814
5137
8325
8522
6909
7760
5331
1616
-995
-4229
-6802
-9425
-10702
-9632
-7253
-3827
-940
731
2810
5243
6801
8638
9374
6838
3562
296
-3739
-6422
-8214
-10842
-12247
-11486
-9205
-4145
1767
5231
7021
7511
6377
5058
3697
669
-2440
-5529
-8273
-7580
-5071
-2406
924
4984
5304
4667
4973
459
920
6186
8230
10256
9467
4533
665
-543
-2714
-4014
-3901
-4379
-2511
362
3197
6162
6774
5712
3734
-922
-3849
-3408
-4634
-4830
-3843
-4819
-3552
-283
1116
2800
3096
755
-1034
-2946
-3568
-4756
-6138
-6389
-8920
-10316
-12364
-13638
-10346
-6612
1679
12808
18824
22319
23370
19993
15412
8857
1074
-5078
-9902
-14026
-15543
-13124
-11961
-8357
-2525
-188
5412
9418
10172
14168
13524
10260
11239
8772
2271
-3481
-10553
-15570
-16255
-15424
-12629
-8818
-4872
-496
3214
6651
9698
11123
12683
13489
9650
4551
1154
-4326
-9955
-13050
-16832
-18761
-15556
-10505
-3971
4065
8328
9301
11218
11053
7803
5007
184
-5981
-8462
-9757
-7638
-3069
-1373
2295
4596
3908
4771
1812
-1116
4680
8188
8837
13289
8195
2788
4180
-120
-3076
-4909
-8409
-7282
-3168
1633
5517
7299
7628
5212
1597
737
-100
-1568
-1593
-3014
-4526
-2852
-759
256
1703
1011
-2198
-4741
-7464
-9078
-7372
-6302
-6835
-7511
-10946
-14882
-15416
-12199
-2566
10346
19449
24593
24993
21579
18986
13874
4067
-4981
-11047
-14495
-15318
-14306
-12471
-10122
-5736
-758
2027
5217
9453
11892
13933
15537
13431
9328
5479
-505
-8070
-13586
-17208
-19442
-18125
-13655
-8711
-2706
4287
8280
10124
12748
14360
15580
15426
9913
2989
-2737
-9299
-13920
-17116
-20113
-18961
-14777
-8326
1185
7550
10569
14323
14253
10860
8188
2681
-3381
-6566
-10415
-11163
-7575
-6465
-3823
2262
4249
4981
6033
3080
3426
8839
10804
11385
10625
4709
229
-1889
-5774
-7952
-7343
-5259
-1706
738
2942
6827
10047
11702
10258
5754
1240
-1644
-3319
-4052
-4660
-6659
-6660
-4961
-1464
2486
3208
3190
-135
-3372
-4942
-8073
-9151
-10556
-13341
-15073
-15598
-15348
-14514
-12046
-2184
13433
22487
26329
27081
22074
18967
15769
5357
-3786
-10704
-19387
-20083
-16764
-16994
-11706
-3457
-421
4134
9402
12037
16488
16229
14274
14457
9506
2565
-4180
-10223
-15534
-18705
-18353
-16529
-13045
-8903
-2080
5579
9669
10988
12624
16255
17812
14619
8332
783
-6888
-12909
-16766
-18597
-18859
-18188
-13561
-5327
2402
8068
11683
14771
14646
10707
8712
3657
-4335
-6819
-10161
-11684
-7208
-8375
-5670
4669
4602
3760
7464
3809
2612
8750
11013
9568
8527
3046
-2618
-2672
-3440
-7418
-7252
-3514
-4926
-1847
4496
4383
8316
12260
9612
6279
2801
-698
-2505
-3509
-5260
-6399
-5416
-3729
-2613
503
4271
4051
694
-4159
-8618
-9830
-8736
-9188
-12070
-14387
-14652
-13075
-11631
-10925
-2479
12859
20972
24035
25263
19732
16795
14365
3317
-4475
-9643
-17761
-17661
-14570
-14870
-9162
-2110
1142
5695
8597
10964
15684
15661
13196
12734
7638
843
-3267
-10323
-16502
-17343
-17266
-15080
-9753
-5310
-1269
5272
10811
10973
11368
14525
14847
13150
8733
162
-6144
-10687
-15623
-17671
-18911
-18739
-13236
-4581
3923
9078
11600
15092
14873
10210
7037
822
-6299
-6869
-10261
-12168
-4367
-3823
-3756
7097
7551
3812
8069
5089
3649
10420
10441
8112
7507
2666
-2147
-2973
-3938
-7781
-7620
-3314
-2965
-178
6305
8148
9363
9200
5637
4559
1933
-1899
-1042
-1908
-4589
-3710
-3778
-3801
-1129
-511
67
153
-5084
-8644
-9051
-11158
-11134
-11723
-14396
-12634
-10422
-11016
-9726
-2933
9465
19474
24065
25737
21531
17191
14864
5516
-4019
-8403
-15240
-18140
-14202
-13488
-10779
-1989
2798
5049
9357
11867
13658
14649
13383
12696
10075
3908
-2947
-10362
-16229
-18437
-17428
-13585
-9393
-5821
-1560
4079
9638
11007
10444
12497
13692
12424
9431
2901
-3965
-8715
-13913
-17647
-17966
-18071
-16169
-8168
900
5821
10146
14917
14410
9991
6868
236
-7353
-7106
-7907
-9362
-2446
-1013
-2935
4761
6370
2136
4933
4886
4005
8835
9750
7420
6426
4205
2136
1032
-1930
-6107
-6997
-4901
-2138
2718
5990
6730
8133
5394
2754
5750
4024
-562
-406
-2358
-5106
-3371
-1867
-1842
-2582
-5900
-10061
-12290
-12294
-11193
-9368
-7243
-6460
-6648
-7114
-9384
-11131
-6703
3792
14813
21735
23411
21964
18964
14391
7895
-1607
-10456
-14121
-15364
-14490
-11098
-9184
-5510
1205
4661
6347
8942
10598
11855
11901
10685
9725
6997
1478
-5575
-12267
-16211
-17381
-15709
-11286
-7436
-4487
1047
7517
10330
10559
11485
12680
12993
11461
6532
76
-5016
-10480
-16598
-19242
-19081
-17869
-11942
-3032
3157
7763
12071
13807
12723
10115
6075
104
-5156
-7533
-8860
-7304
-3240
-2519
-670
4864
3928
452
3676
5467
5589
10292
10767
6601
5910
4201
1331
312
-3991
-7654
-6149
-4789
-1607
4166
6554
8028
8541
5231
5081
6285
2355
438
388
-3766
-5172
-2342
-1975
-3347
-5275
-9325
-13578
-15348
-15279
-14037
-10391
-6810
-5988
-5996
-7254
-10052
-9124
-97
13351
21931
24252
24192
20126
14849
10107
56
-9680
-12910
-15575
-15452
-11035
-9907
-7547
-50
4026
6105
10737
12478
12219
13266
11955
9545
7463
1903
-4955
-10427
-16038
-19034
-17665
-14545
-10497
-6211
-1183
5804
10915
12130
12838
13744
13937
12520
7310
756
-4362
-10360
-15512
-17692
-19911
-19586
-13847
-6911
38
6855
11471
14332
13880
10085
6369
1898
-2705
-5551
-8296
-8015
-4612
-3773
-1103
5437
6007
2552
3720
5064
5084
8699
10552
7634
5935
4475
2295
1771
-1351
-5754
-6081
-5259
-3694
-2
4139
8144
9184
8106
7613
5492
3288
1718
-17
-865
-4746
-7071
-2628
-2049
-4621
-3668
-6594
-11704
-13061
-14459
-14505
-12515
-11611
-9341
-7218
-7772
-8361
-8771
-3450
10957
21843
25355
26779
21369
13748
10745
3121
-6150
-9158
-14359
-17781
-12610
-10573
-9112
-443
4532
5532
9107
10980
11858
12315
10497
9613
7229
1651
-3631
-9178
-13590
-15164
-15780
-14336
-10531
-6283
-1262
4679
9373
10407
9422
10765
13680
13562
9669
3720
-3010
-8495
-12513
-15958
-18424
-19584
-17010
-9713
-832
6783
10460
11953
11887
7059
4188
3501
-1897
-3879
-3613
-6257
-2050
1687
-109
4233
4215
-1623
4432
9917
6322
7434
5992
547
3859
5488
2616
4304
1042
-5239
-4878
-4307
-2737
1499
2988
3498
3087
3249
7226
8813
6131
2806
-1584
-4782
-4168
-1805
-536
-1567
-5070
-10642
-14786
-14962
-15053
-15954
-13685
-11512
-11137
-6298
-1863
-5713
-9250
-3364
9577
21239
26317
26635
21292
13746
10025
2489
-6874
-9765
-14813
-19055
-14543
-10916
-7067
2306
7875
7318
7377
10120
12728
12776
11850
10036
5776
822
-3837
-8754
-13110
-16055
-17060
-15487
-11926
-7574
-2036
4623
8971
8557
8072
12649
17299
16116
10066
1261
-5673
-8770
-11309
-13677
-17494
-20966
-18254
-11057
-257
9000
9716
10513
10450
4570
5040
6712
1505
-210
-3239
-7847
-2868
-49
-1455
4547
5363
-52
4538
8345
4261
5279
5109
-1054
5
4122
3768
5910
5619
-1547
-4320
-2167
-1169
998
2912
1765
-110
1608
7342
8776
5694
4083
-46
-4848
-4957
-2387
385
373
-1464
-7526
-14327
-11759
-14875
-19640
-11032
-15255
-18307
-729
-1275
-9067
-5336
-7671
4507
22506
22613
25819
23264
12135
12168
5901
-5898
-8972
-15048
-19196
-14904
-12007
-7868
1597
8006
7222
6515
8905
11174
13313
12822
10124
7181
471
-3968
-4928
-11561
-16196
-15216
-16014
-12587
-5875
-1974
4426
9239
7781
7191
10296
15304
17310
12102
3293
-4137
-8034
-10621
-12628
-14013
-19032
-20458
-12106
-2570
5769
11181
12890
13291
7031
3160
5742
1713
-589
-1900
-8346
-2652
2438
-2641
3811
5601
-4363
1707
9892
5061
5684
7373
2925
4205
5624
2067
3368
2645
-5150
-6680
-3272
-2699
77
3530
2446
1111
2121
4266
7895
8584
3988
1448
-687
-5544
-3852
-1053
-4230
-4730
-7527
-13518
-12530
-11293
-12674
-13033
-12866
-9497
-6546
-2827
366
-6313
-8910
783
13271
25362
24250
16696
19096
12479
396
1066
-3116
-13504
-15864
-15179
-13592
-9154
-1721
6087
7353
5385
6575
9642
12050
11707
9707
6749
2084
-1787
-5406
-9771
-12709
-14403
-14997
-13842
-10088
-4623
434
6963
10170
6437
7761
14343
15833
13753
7004
-2248
-5740
-8619
-12603
-13546
-16663
-19192
-15037
-8587
-595
7165
9722
10468
9409
6033
6659
7349
4255
848
-4266
-4464
1252
1266
3091
6925
-1020
-4724
2276
1054
14
4834
2148
2896
10637
10274
9231
8811
-529
-6671
-5907
-5307
-1707
461
-1149
-1430
-1144
3051
8754
7222
3104
649
-1705
-1461
2049
5126
2949
-4136
-12421
-19592
-21006
-18403
-16628
-13060
-10064
-9437
-5722
-949
-2174
-6556
516
15719
20279
22526
25600
17946
14075
10234
-4188
-8543
-11503
-19957
-12905
-8583
-13856
-3894
7164
6065
7002
9192
8733
9669
10903
10469
8334
4797
248
-4954
-9465
-12216
-13866
-14593
-13154
-10780
-8438
-3022
4612
8703
8491
8151
10306
14233
15626
10872
3487
-2450
-8218
-12843
-15021
-17521
-19400
-16923
-10557
-3747
1258
6340
11690
11886
8992
8928
6970
4362
5538
1435
-2886
584
-2223
-4351
4096
2252
-3864
1660
1754
-989
5883
8856
8345
12277
11278
6834
5947
1650
-4903
-5561
-5920
-8021
-5635
-3476
-3042
752
3389
5047
7771
5111
2470
5088
4323
792
-1744
-7366
-15098
-21020
-22970
-21093
-17340
-11953
-7279
-3792
-690
-634
-652
2701
9601
17900
20858
20840
18153
10643
8614
4957
-5688
-10722
-17295
-20479
-11986
-8102
-1720
6023
3885
8774
10050
4628
13444
13298
4023
8877
6561
-2503
-1967
-6027
-13433
-13985
-13916
-14162
-9679
-3976
-2928
-738
4903
6223
7193
10845
11193
11325
10860
5073
-128
-3318
-8793
-13190
-15257
-17497
-16151
-9445
-3002
1270
5021
7022
8106
8978
7403
5043
3258
1456
1235
1596
2151
1677
-2769
-3404
697
37
1832
6439
2260
336
5888
7065
8910
12087
7498
4019
4051
-853
-2770
-64
-2760
-4960
-2824
-2956
-1189
3417
4520
5383
5072
390
217
4066
3750
3223
1406
-7340
-15474
-18789
-21006
-20094
-16647
-15005
-12686
-7042
-1710
-385
-2570
-2196
7311
19481
23998
23501
19272
11463
7696
3028
-6858
-11670
-14504
-18716
-15343
-9348
-5061
3250
9908
10110
9194
9742
11045
10737
8914
8209
5117
-259
-2114
-5052
-11384
-13155
-13056
-14090
-9803
-4561
-2520
2866
8585
7171
3983
6267
10782
12337
10483
4278
-2980
-5656
-7709
-10256
-13066
-17830
-18235
-12630
-2981
5819
7779
9156
11034
5358
2006
5574
1074
-1944
-803
-6962
-2995
4514
-51
2976
5875
-2963
389
8181
4933
5489
7351
4668
5243
6182
3657
5033
5645
-1539
-4108
-2310
-2985
-557
2099
682
-317
1135
3912
6488
5910
3167
539
-1323
-1381
-1079
-837
-1368
-5126
-11366
-16999
-18184
-16185
-14749
-12987
-12723
-11003
-3343
-223
-4131
-6846
-4420
8339
20769
21802
21621
17929
9438
7244
1796
-8482
-10699
-12933
-16517
-11340
-7582
-5243
5100
9566
5780
5431
7336
9788
11891
11541
9834
3659
1116
1438
-10313
-11381
-8468
-17699
-11710
-7097
-10234
-1675
3824
3533
6325
5947
6745
14427
14689
9281
4454
-1813
-5357
-9027
-13552
-18166
-20635
-17256
-10930
-2527
4994
7032
8609
9806
5729
4981
6908
2464
195
471
-2436
1174
3749
-2409
430
4690
-1256
1876
8088
3016
3456
8219
5662
7125
10832
7912
6535
4499
-2641
-4983
-2700
-2225
-2323
-1922
-1260
-976
1432
6712
7414
3540
790
-960
-1106
344
1772
382
-6283
-13165
-18345
-22296
-20300
-17097
-16036
-11573
-7418
-4482
-328
-2996
-7466
1348
15984
22622
24399
22808
15309
10551
8239
-2370
-12013
-13170
-16201
-16085
-8801
-7420
-4841
6199
8782
5716
10581
13142
10219
10884
10163
6070
4567
1289
-4605
-8647
-13481
-14423
-11083
-11771
-8625
-4285
-5093
3498
8620
2358
8569
13604
9603
14369
10194
-1197
-950
-6437
-15379
-15732
-19318
-21274
-14818
-7159
442
4369
5825
9559
8813
6538
8627
6234
2248
1995
-1341
-887
3155
-2009
-3375
3175
697
-24
6404
3379
1024
6708
7179
8346
12101
9995
9399
7881
618
-2336
-2657
-3315
-1564
-2084
-2761
-929
398
3224
6185
6144
3956
1696
1467
1425
1700
1472
-3994
-10775
-16543
-21936
-20979
-18095
-18299
-14797
-9795
-5987
-200
-432
-6993
-4155
8251
17820
23352
24515
18377
12520
10218
2781
-7308
-11514
-15018
-18769
-14295
-7952
-5041
3211
9511
5940
6243
10884
11251
12430
12980
9361
5953
2674
-1667
-6651
-10293
-11919
-14277
-13782
-10090
-7243
-3028
1654
5417
5706
4134
9115
11152
11303
16325
5721
-5256
-460
-9098
-17750
-13779
-19740
-20429
-12077
-6905
3342
8055
8360
12350
7692
5099
7153
2009
796
-1205
-6709
-272
2761
-2436
2806
2774
-5516
1322
7186
2722
7714
10745
6276
10377
12450
7754
7207
3616
-4387
-6278
-4426
-4144
-1778
1562
75
-941
2148
5165
8900
8641
3376
2367
1511
-529
1883
52
-6793
-12222
-18925
-21569
-17936
-16281
-14402
-10342
-8742
-5748
-95
-699
-6113
-3333
8024
16793
20941
22254
17615
11661
8248
-339
-9495
-10612
-13450
-16304
-10459
-7749
-6928
3245
9298
5540
5498
8143
7844
9561
11683
8863
6147
4334
-1660
-6180
-7615
-11663
-12840
-9657
-9539
-8951
-3792
597
3013
4153
3709
6785
12293
14320
12908
6975
1338
-2402
-10459
-12576
-13465
-22879
-18249
-8557
-9229
908
7627
4016
10043
8555
4139
9647
4580
194
2791
-2281
-861
2572
-2635
374
3630
-1302
1581
4967
1382
4067
7805
5920
7634
9925
9256
9619
6730
1137
-2486
-4393
-3245
-2155
-2953
-1534
-418
217
4920
8228
5306
2466
1876
-336
-72
3264
262
-7037
-12783
-19722
-22827
-19217
-17075
-15356
-10285
-5794
-1826
801
-3267
-7379
1076
14968
20318
21198
20071
13604
10752
9545
-595
-9481
-12487
-17240
-16720
-10186
-7631
-2842
6944
8735
5207
8372
11641
9901
10990
11805
7576
4866
2794
-2878
-8076
-10757
-12027
-12120
-11278
-9828
-8566
-4879
1519
3432
2349
5930
11404
15100
15941
10934
4481
180
-6196
-12324
-15716
-20302
-21864
-15994
-9211
-4194
1098
5267
8402
8960
7477
9184
7544
1815
3416
3313
-1387
1261
164
-3946
228
-1197
-3436
2529
1087
-131
7040
8551
9293
13980
13401
10894
9193
3461
-1867
-2094
-3086
-5490
-4329
-4006
-4393
-193
3152
4594
5526
2403
2151
5223
3774
3561
2708
-6192
-14140
-18729
-23402
-21986
-18045
-17400
-13265
-6442
-3088
-1516
-2916
-4365
4657
17651
22188
22412
19754
13418
10794
6708
-4218
-11686
-15668
-19251
-16392
-11738
-8798
-1388
6239
7717
7447
9632
11600
10965
10606
10631
8824
6254
2047
-3804
-9151
-12779
-13162
-12803
-11757
-8328
-6860
-3007
4611
4942
3741
8685
12461
15427
15906
9351
3193
-1382
-7317
-11408
-15266
-19155
-19947
-16732
-9077
-2999
-117
7170
12474
9052
9243
12644
7409
3909
4856
-2378
-3316
2826
-4211
-4093
3420
-6765
-6809
3665
-3922
-2319
9605
8412
12302
18030
13546
11667
8509
1411
-2064
-3970
-4714
-5105
-5501
-4046
-3108
-785
3688
4794
2736
1719
3342
6109
7100
6353
3410
-4330
-13311
-19123
-22835
-22595
-19280
-17111
-12546
-6155
-2589
-1043
-2659
-1114
9615
18055
21610
24558
20155
14744
14207
5332
-7760
-13402
-18901
-20822
-13990
-10649
-7890
1106
5949
5947
7404
9861
12321
12561
11727
10492
6823
3699
116
-5615
-9948
-12808
-13781
-13068
-11638
-8830
-6597
-1546
4983
4278
4184
9539
12460
15565
16067
8571
2502
-1842
-9154
-13855
-17481
-21426
-19808
-14314
-7713
-1069
3712
9488
12507
9373
8854
9147
5410
4927
3511
-1381
132
-1340
-7477
-1870
-357
-6985
357
1685
-4598
6224
8913
6696
19538
15636
7280
14021
6119
-1648
2941
-2847
-6311
-4004
-8111
-7003
-1955
-229
3661
6434
4160
2800
5716
7799
5930
2950
-2556
-12006
-19922
-23006
-22885
-20746
-17299
-13305
-8826
-4803
-2881
-3317
-1779
7394
17930
21519
22785
20863
13363
10440
8519
-2212
-11815
-16336
-20625
-18452
-12363
-9572
-2673
6216
7321
7630
11558
12848
12071
12008
11580
8917
4555
1657
-2091
-8360
-12039
-13365
-14245
-12058
-8625
-6116
-1594
3958
5422
4865
8048
12488
15031
15580
10835
3165
-2239
-7021
-11875
-16267
-19801
-20450
-17616
-10305
-2983
-114
5497
11917
11065
10867
11680
6457
4266
3900
-1860
-1099
711
-6385
-4998
-1593
-8147
-5209
60
-4723
-2244
4923
8616
14173
17935
16345
11362
8461
4715
-2787
-1610
-1893
-9255
-4476
-3182
-8082
2202
6649
2369
6319
3991
1006
7507
9082
6936
3775
-4748
-13360
-19924
-22665
-20540
-19016
-17050
-12257
-7808
-3698
-1537
-3121
552
12048
19736
22840
24513
18712
11889
10392
3580
-6854
-12849
-18940
-21518
-16871
-13126
-8291
1140
6857
7021
7453
9554
11103
11111
10945
9951
6552
2788
-327
-4597
-9647
-13223
-14267
-12969
-10670
-8556
-5220
500
5326
5774
5422
9401
14355
16091
14436
8355
1302
-3812
-9141
-13421
-17295
-20625
-19238
-14615
-7299
-527
2393
9161
13485
9105
10365
11759
5275
4150
3306
-1360
286
-1232
-6251
-2740
-2930
-8383
-4261
-896
-3599
1878
9166
10428
14665
16649
11924
10445
7678
443
-1650
-2352
-4622
-4021
-4610
-5329
-3038
-443
2787
4670
4996
4410
2713
7204
10232
2231
-3186
-7510
-18807
-24595
-22504
-19699
-17508
-14603
-8567
-4841
-5087
-4149
-1540
7533
18860
21888
23201
22513
14945
10919
7203
-3843
-11790
-16886
-22374
-18870
-12791
-10774
-2519
5967
5833
6955
10517
11358
11658
11617
10769
8388
4687
1732
-3029
-8847
-11898
-13870
-13911
-10960
-8797
-6143
-65
5255
6482
6728
8808
12335
15402
15191
10529
3474
-2774
-7852
-12317
-15545
-19076
-20397
-15769
-9864
-4268
1638
6293
11038
11156
8804
10596
7463
3150
3956
-252
-1455
1070
-4460
-4388
-1447
-7475
-6008
-1294
-5278
-2875
4691
7962
13224
16086
12762
11308
8624
2151
66
239
-2736
-3813
-2882
-3519
-2547
700
4287
5474
2873
2482
3362
4795
10020
6273
-895
-691
-13643
-25331
-17607
-19540
-22242
-11698
-10350
-8411
-1859
-4378
-3818
1934
9892
20390
23513
22604
19399
12939
10022
2317
-9302
-13957
-19060
-21920
-16023
-12185
-8253
2102
6953
4781
6759
10235
10250
10893
12290
10857
6606
2919
433
-4705
-10340
-12608
-14025
-13620
-10606
-8488
-4659
2489
6588
6273
7760
11575
13950
15648
14101
6856
733
-3378
-9439
-14056
-17113
-20475
-20228
-14150
-6278
-2118
2283
10080
11853
9833
12135
10343
5946
6191
1897
-2048
1423
-2504
-7033
-1447
-4677
-10096
-2179
-904
-4864
2200
7436
9254
15001
15420
12832
12150
6166
-831
-2191
-3236
-5224
-5219
-4553
-4253
-3090
1146
5635
4717
2820
3875
4334
5285
6815
5564
963
-6719
-15646
-22367
-22096
-19108
-19830
-13983
-7517
-10330
-2598
3949
-6266
707
18283
18395
21017
24725
15947
12168
10572
-120
-8866
-14468
-21389
-20880
-13775
-11135
-7037
3709
7662
5376
8026
10791
11046
12040
11241
9332
7522
4389
333
-5297
-10836
-13582
-14539
-13314
-10469
-8082
-3757
3274
7916
7736
7532
10707
14219
15456
12924
6761
870
-4679
-10444
-14111
-17678
-20593
-19159
-14146
-7506
-2188
3236
10663
12356
10272
11794
9330
4600
5040
1845
-1187
2356
-1887
-7548
-2979
-5043
-9164
-2458
-2010
-4322
3989
9369
11904
17354
15616
11615
11013
5908
466
-539
-2932
-5504
-5155
-4833
-4191
-1236
2553
4798
4031
2348
3440
6568
8760
8476
4199
-3140
-10669
-18190
-22798
-21426
-19047
-17853
-14016
-8103
-4214
-3211
-2445
-602
8309
22056
22761
20916
24857
12488
4376
9743
-5058
-16967
-14537
-22369
-19732
-11966
-12447
657
7675
2217
7669
10547
9287
12494
12374
11349
7854
2964
1580
-3268
-9262
-12326
-14311
-13758
-12366
-9534
-5112
392
7314
8173
6760
11094
13940
15697
16380
8708
1266
-1674
-7449
-12422
-15190
-19416
-20108
-15541
-8908
-2483
1299
7091
12223
9249
9936
12899
6774
5636
5581
-3003
-1149
1213
-7070
-4027
-1289
-9553
-5539
325
-4717
-899
6928
7613
12465
16412
12932
12133
9365
535
-3193
-2760
-4224
-4581
-3538
-3954
-4075
-138
4885
5695
3873
2492
3056
5155
6455
6737
3407
-4760
-13326
-20605
-23428
-20398
-18053
-15556
-10231
-6993
-3767
-629
-2963
84
12729
19577
21784
23819
17469
11584
11555
4298
-7795
-15087
-17992
-19511
-19196
-12381
-5089
-1830
4846
8364
6418
9135
11237
10949
11731
9106
6654
5213
384
-5198
-10164
-12610
-13443
-14532
-10627
-6663
-6088
1098
8097
6265
7251
11831
13205
15500
14810
7399
1829
-2399
-8824
-12881
-16317
-20679
-20226
-14426
-7452
-2591
1706
8852
11651
9085
11466
11134
4832
5230
3092
-2932
791
-1377
-8287
-1941
-2384
-9241
-1688
349
-5381
2341
9101
9082
15379
16713
11143
11172
7699
-99
-148
-1001
-5951
-5169
-4108
-5437
-1786
2916
4506
5060
3112
1963
5304
7210
6776
5820
-1213
-10727
-16254
-21396
-22557
-18418
-17471
-15254
-8470
-4764
-2633
-1457
-1130
7322
18198
21380
22842
21268
14191
10965
7279
-3130
-11229
-16581
-21090
-19336
-15884
-12259
-3110
3960
5016
6947
8951
10480
12719
12283
11727
10209
4321
1525
-1014
-8939
-11817
-11926
-15409
-13669
-9932
-8160
-1166
6009
6704
6507
9686
13445
15311
15362
10395
2727
-1522
-6497
-11697
-14278
-18466
-19844
-16001
-10528
-4555
-1243
5182
12237
8841
8915
13110
7301
5725
6467
-1462
-684
1830
-5954
-4431
-1518
-9901
-7531
-102
-4507
-2439
6491
8205
12651
17704
14414
12323
10089
2633
-1087
-1619
-4395
-5215
-3936
-4069
-3805
-704
3942
5403
2983
2407
4350
5896
7872
8300
3869
-3793
-12148
-19608
-23199
-21307
-18160
-16007
-11480
-6634
-3979
-2334
-2766
1099
12825
20624
22400
23149
18334
12740
11637
4370
-7352
-13342
-18374
-20779
-16420
-13540
-9138
-279
3780
4869
7381
9995
12185
12899
13459
10931
6948
6044
425
-5498
-8496
-15278
-14531
-12423
-15835
-8484
-4650
-4729
8628
10031
3955
13865
17203
13283
15291
9898
1401
-2634
-9214
-14581
-17384
-20866
-20371
-15113
-8338
-3450
-175
7603
12106
8772
11771
13138
5771
5730
4212
-1440
2314
-1183
-8947
-4016
-5701
-11082
-3410
-1239
-5701
632
8359
10601
15479
17816
13857
11851
8469
953
-1159
-1242
-5045
-5081
-3249
-4666
-2979
2342
5356
4850
2511
2046
4433
6960
9070
7709
479
-7692
-15054
-21834
-22568
-19041
-18466
-16198
-9803
-6464
-3472
-695
-1963
5588
18478
20240
21758
22805
13970
11111
9778
-2178
-10095
-14413
-20346
-19123
-15439
-12716
-5647
1989
4540
4341
7589
11049
11145
12959
12955
9607
7483
3774
-784
-6500
-12056
-12907
-15099
-14806
-10867
-10195
-2317
4230
3211
9718
8386
6079
19692
17879
8508
10318
1002
-7222
-7630
-15100
-17447
-18385
-20923
-12479
-5664
-3904
4169
11492
11023
10038
12789
10787
7005
7447
1979
-902
1690
-6211
-7893
-1770
-8930
-9607
-1388
-5482
-4448
6692
10269
13222
17854
15117
11944
11435
6362
653
-819
-3710
-7342
-6121
-3973
-3817
-1181
3033
3222
1137
2191
5687
8868
10355
8036
1317
-7491
-15186
-20982
-23751
-21267
-17683
-15107
-10030
-6459
-6912
-6184
-187
11256
19754
22335
24224
20943
15486
14043
6929
-3318
-9438
-17555
-21610
-17961
-16763
-13761
-3910
2386
2240
4538
10318
12500
12194
13629
12902
9071
5879
2446
-2339
-7440
-12268
-15643
-16369
-14875
-12788
-8925
-1776
4046
5625
7215
11516
15928
17348
16345
12456
4829
-792
-5094
-12340
-15547
-17030
-21348
-17553
-10028
-8161
-2108
7102
9687
9649
11493
11846
9646
8678
5951
1341
1738
-1289
-6748
-2498
-3570
-9914
-4810
-3469
-7715
-1816
5538
9974
14640
15732
14969
12241
7954
5572
2606
-583
-3059
-6544
-7538
-5421
-3678
-772
3330
3175
-290
784
5548
7490
7817
6845
53
-9027
-14732
-19167
-21490
-19579
-18097
-16352
-11151
-8110
-8934
-7064
1299
12545
20186
24265
24832
19908
16996
15574
5745
-4489
-9319
-17050
-21740
-18634
-17470
-14198
-3881
998
755
5886
10525
11522
14228
14116
11452
10603
6493
1931
-776
-7991
-13270
-13874
-16343
-15715
-12501
-9997
-2567
3755
4387
7445
12783
16814
19322
17842
11433
3506
-1811
-6760
-12737
-16634
-20047
-20071
-15084
-11658
-6194
2420
6854
7939
8726
11444
10983
6897
10670
9403
-550
1608
503
-8238
-4176
-4739
-11287
-6718
-6919
-9217
166
8223
12194
15794
14770
12843
11549
7977
4827
2731
-1389
-5978
-7078
-5805
-5185
-4234
-900
2234
1445
1036
5405
8777
8268
6710
2526
-4384
-11074
-16064
-18219
-19376
-19769
-16548
-12203
-9261
-8680
-9580
-2296
11953
19563
23187
26162
21783
17634
17486
9657
-1960
-8502
-15445
-20513
-18975
-18627
-16701
-7595
-2669
-1701
4085
7744
9665
14307
14335
12403
11565
6793
2925
17
-6097
-10179
-12957
-16013
-16034
-15543
-13374
-6173
873
3500
5123
10820
18061
21185
20192
15199
7861
1673
-4243
-9882
-15125
-20296
-21710
-17846
-11987
-8446
-3596
5805
7858
5276
10499
11895
9983
13564
9380
3276
3758
-2684
-6599
-1661
-5110
-9755
-5711
-5863
-9036
-3786
5508
10784
12626
14017
14268
11639
9079
8603
5829
114
-4107
-6218
-6613
-5887
-5341
-2885
551
136
-1139
3045
8186
7685
5446
3429
-2246
-9168
-13852
-16780
-18172
-18751
-16980
-12284
-9605
-11063
-12776
-7434
6741
18220
22185
25463
24093
17748
16622
13315
2840
-4224
-12622
-21045
-17795
-16351
-17777
-7212
-1465
-5608
327
8211
8608
12072
15392
13110
10297
7317
4868
2826
-3406
-10001
-12737
-15372
-16943
-15468
-12623
-7095
-1137
910
2480
7814
15396
20853
21068
16327
9336
3695
-853
-7144
-12975
-17117
-21098
-19792
-12005
-7923
-6035
2890
7886
4390
7626
12079
9851
11309
10216
4588
6398
3235
-5704
-1989
-2073
-11632
-7440
-5158
-11693
-4149
645
3545
19431
15076
6394
18909
12432
1342
8773
4490
-1096
-2011
-7761
-3188
-3397
-8033
1907
2181
-5738
186
6269
7422
8851
5580
-414
-5859
-11942
-16603
-17085
-16743
-17200
-13751
-9215
-9666
-12219
-10377
-179
12547
19390
23504
25342
20916
18056
17081
7299
-3545
-9064
-17052
-19645
-15326
-16561
-13121
-3248
-3637
-4054
3540
6122
8156
13568
13497
12412
11407
6639
4709
1214
-7241
-11216
-14333
-17341
-15224
-15172
-12359
-3175
-118
791
6182
11838
18746
22315
19060
13911
7570
1799
-3170
-9334
-14801
-19938
-21330
-15732
-10138
-7086
-691
6765
6095
4895
11174
10777
8389
12543
7290
4303
8131
-2225
-5489
1157
-9006
-12268
-4264
-10687
-11389
-197
3906
9948
14730
12091
14392
11632
6696
9711
2630
-1007
1188
-10465
-5474
2488
-10281
-891
5933
-8235
1608
7763
1532
10187
6116
-3100
-2601
-11706
-17306
-15070
-16188
-15997
-13044
-6969
-6750
-13434
-11304
-1474
10090
19087
22437
24418
20990
17490
18691
10044
-988
-5709
-15733
-20221
-15614
-17666
-13846
-2149
-3691
-5461
3179
5289
6672
12995
12667
11679
12080
7768
4970
1849
-4797
-9961
-14035
-15593
-15247
-15761
-12031
-5342
-1659
240
3429
9810
17098
21133
20330
14997
8295
1763
-3540
-7551
-14344
-20122
-19777
-15915
-10281
-6540
-2221
5335
5562
3943
9295
9644
8677
11672
8527
7782
9365
867
-2299
1007
-6478
-10353
-5652
-9386
-11822
-4686
1417
7791
13108
12277
12463
11888
7134
6666
6752
2271
-190
-2647
-4586
-3286
-4447
-1828
1613
-3356
-2706
-160
98
9352
7161
-2133
1085
-7936
-18622
-12578
-14557
-17167
-12007
-10787
-6709
-7027
-13499
-9056
3386
14000
20163
24848
24512
16736
17823
17653
2804
-3303
-7019
-18878
-17378
-14676
-18955
-9200
-926
-5162
-1510
3824
3004
8602
13744
11596
11552
10548
6470
4109
-1322
-7334
-9812
-14615
-16989
-15036
-15935
-12162
-3222
-1267
-27
7273
14081
19814
22763
18534
11641
5642
171
-4697
-10408
-15973
-20169
-20335
-12783
-7827
-7945
987
6997
2060
7288
12456
7212
11702
12563
3114
6609
6191
-3715
1762
2216
-10859
-9213
-6339
-14007
-9861
271
4478
9712
11304
10357
12974
12120
10241
9374
2978
-2237
-3359
-5009
-3354
-2785
-5753
-3078
-1825
-5577
-1109
5709
5963
5624
3325
-2059
-7955
-13294
-15637
-17595
-16663
-13044
-12292
-6885
-5475
-14373
-8532
5949
11242
20787
27775
21878
18789
20005
14697
5083
-1171
-8227
-17475
-17309
-16070
-19582
-10105
-336
-5293
-3369
5379
6856
9996
14769
13310
10681
9274
6810
4102
203
-6247
-12748
-16157
-16906
-17367
-16140
-10018
-3664
-2756
-1136
5939
13888
20198
22060
17874
11966
5377
-266
-3120
-8696
-16504
-20913
-20200
-13641
-7853
-4777
3035
6224
1204
5449
11563
8895
12327
12908
4344
6459
4614
-5202
1614
1870
-11284
-7977
-6315
-13577
-7045
797
4181
10176
9993
10290
14119
10866
8048
7876
2237
-1909
-2004
-3490
-2769
-1857
-4203
-2673
-1082
-3908
139
6653
4758
3145
1466
-5157
-8840
-12000
-16132
-16117
-16767
-15369
-8535
-4900
-7894
-12447
-6210
8760
16960
23156
25948
20147
19684
18572
10976
5745
-4302
-13408
-15277
-19186
-18241
-12931
-8259
-2009
-3480
-3770
5731
9124
9890
13744
12176
9330
7666
4985
2164
-2610
-7390
-11997
-16440
-16494
-15518
-14181
-8118
-3060
-3399
-2146
6408
16475
20533
19961
15286
8003
3399
-677
-4986
-9535
-17051
-20905
-18520
-12874
-5545
-1693
2701
5065
714
5572
12470
10410
13511
11138
4103
7831
2751
-3043
3975
-3342
-12267
-5591
-8275
-11368
-1131
3073
5014
10902
8773
8509
14284
10968
7101
8177
1113
-4032
-1148
-3305
-4046
-2253
-6311
-4467
-389
-3543
1414
8796
4535
2176
998
-7190
-11134
-13239
-19203
-18651
-15520
-14725
-7090
-3221
-12142
-12359
2319
13966
19957
25128
24209
19339
19351
16817
7635
2175
-5815
-16666
-17184
-17041
-16760
-9241
-6079
-4413
-3389
-2901
7982
11512
8400
15866
12853
5488
9510
5673
-337
-3225
-12149
-16118
-16832
-18661
-14901
-10264
-5617
-2163
-2419
2422
12348
19670
21184
16945
11360
5745
1232
-654
-5473
-13667
-19888
-21556
-16185
-8896
-4654
2323
6531
1891
2952
9383
9860
12571
13701
6781
6980
7217
-1331
183
1858
-9747
-10521
-4831
-10560
-7609
3553
4871
7359
10597
7750
10823
13329
7504
5208
3728
-1895
-3125
-837
-1183
-2482
-3182
-3833
-2302
-730
-314
5818
9455
1944
-1404
-2248
-10547
-12901
-13345
-20509
-19575
-13360
-10198
-4199
-5080
-13689
-7692
9541
17508
21390
26940
23103
17298
18398
12252
2947
-244
-10290
-18859
-15650
-17222
-16955
-4183
-426
-7421
-3388
5551
6327
10735
15593
9919
11183
11409
-1921
1936
7494
-11516
-16525
-9853
-18368
-19651
-11394
-6439
-3706
-5714
-1990
7972
13671
19629
20763
13141
7765
3695
383
-860
-7606
-16599
-21343
-18845
-13295
-9103
-759
7228
6179
1499
5602
10591
10269
13234
9773
3169
5005
2890
359
5287
-2234
-13251
-6354
-5733
-10496
335
5336
2863
8534
8721
7634
13964
11552
4710
3487
-360
-3725
-1236
-410
-2721
-3509
-3455
-2431
-879
-1518
1415
7396
4761
-541
-1182
-6640
-12827
-13652
-18503
-22303
-17286
-12989
-9495
-5155
-9752
-12410
2136
16815
21068
25822
25419
18468
19503
18686
7193
822
-5417
-19497
-21822
-15263
-16891
-11526
556
-2878
-6994
2090
7787
9552
14388
14522
9689
7039
6672
4179
252
-3183
-11280
-16037
-16035
-17946
-12701
-8013
-5966
-16
-2097
-1892
15529
21554
15442
18742
9259
1550
5451
-1212
-5630
-11370
-20890
-20930
-14151
-8524
-4537
3220
7269
1678
3103
11668
9614
11478
11906
1463
5214
6468
-2150
3922
3256
-12170
-9927
-3349
-10618
-5964
4798
4128
6336
9323
7804
12014
12384
5093
3366
1024
-3886
-2197
-716
-1674
-769
-2819
-4064
-873
-847
121
5518
5235
1613
735
-3344
-8854
-11944
-17190
-21021
-18965
-15974
-11826
-5155
-4718
-11530
-8304
8129
17471
19783
25948
24224
17604
19215
15266
5235
653
-9733
-20303
-16743
-15367
-17562
-7471
-557
-6203
-4163
5028
7374
9569
14228
12390
7296
6703
6956
3828
649
-3903
-11610
-16451
-16907
-16157
-13383
-8281
-3472
-2950
-3166
4284
13639
19337
18568
12649
8614
1670
-129
3723
-6403
-18238
-16612
-18089
-16294
-3759
-2814
1094
6541
-1992
5607
13224
7346
14137
12076
1137
5475
3330
-1854
5867
-488
-13085
-6228
-5037
-10318
262
6098
3413
6949
5944
6781
15221
12358
5058
4270
-1081
-3960
755
-131
-2726
-2926
-6265
-4755
956
779
2605
7948
4892
-625
-986
-5640
-12747
-14261
-18471
-22554
-16633
-11396
-8076
-3217
-10299
-14952
2848
17519
19149
25782
25552
15862
17295
17795
7681
3387
-2969
-17243
-19915
-16590
-18574
-11755
-1571
-4126
-5853
2134
7741
10420
14805
14082
7568
5266
6732
4278
1370
-1505
-9600
-15216
-15576
-16551
-13968
-7770
-4749
-3944
-2402
3043
12961
19748
19560
13677
6555
2273
380
-1688
-6792
-13119
-18278
-17439
-12724
-7231
-938
3081
6065
1647
1082
10277
10532
8900
10345
4089
2933
7685
277
4022
8515
-11589
-10430
-656
-11501
-4290
7435
2390
6085
8714
4698
11604
12496
4032
3667
2200
-3521
-1467
2089
-231
-1933
-3580
-4078
-55
81
-259
5736
4473
-2949
-2117
-3132
-10893
-12759
-15355
-22253
-19151
-13282
-12215
-4945
-3669
-14016
-8029
10366
16569
21176
27572
21430
16462
20243
14059
3632
511
-9290
-19811
-16285
-14342
-14729
-4627
-1363
-8215
-3674
5533
7307
10980
14209
9186
6052
8343
6403
3268
1713
-6868
-15661
-15426
-14491
-13916
-10048
-7168
-5461
-4040
-1094
7026
15952
19839
17099
10290
5230
3134
2045
-1084
-8965
-17273
-19889
-16385
-10090
-4574
-250
3259
1936
326
8032
13405
12881
14829
5626
109
9094
953
762
12052
-9255
-14110
2834
-10603
-7231
10266
1133
4494
10592
3394
11857
15404
6594
4757
192
-6174
-5052
-270
522
-3060
-3784
-4904
-4112
2345
3793
5398
7630
-759
-5148
-2776
-8964
-14182
-14376
-19930
-22469
-15455
-8546
-5070
-6271
-12842
-7838
12125
21941
21855
24984
20471
14944
17972
12752
3422
-1050
-10975
-18699
-17989
-16774
-11844
-4293
-2812
-6619
-5137
6146
12736
11175
13138
11757
4803
4783
6239
1427
-2890
-6932
-14567
-17918
-14227
-12106
-9578
-3592
-3009
-4661
642
8302
16220
22138
16343
5603
2379
1407
-198
-1629
-8591
-17051
-20229
-16083
-6348
-2851
-597
7727
3424
-2606
8988
13207
9668
12700
4934
43
8632
2412
-1734
8157
-3332
-14998
-2926
-3460
-6870
7043
7696
3027
9354
6229
7315
17101
6637
-3746
2444
-2640
-8763
637
2786
-3639
-4943
-3816
-330
2335
2414
6490
7522
-643
-5292
-2600
-5772
-14281
-17409
-20325
-22916
-16692
-10714
-7707
-5214
-10928
-9240
9394
20158
21674
26037
22625
16175
17887
14533
4099
-1844
-9583
-19791
-19870
-15190
-11932
-4268
-777
-5404
-3519
4645
9630
12689
14232
11984
6909
4473
6723
4628
-2508
-7772
-14949
-20007
-15981
-13173
-12278
-5483
-1962
-2290
2989
9500
16164
21698
17263
8619
4413
731
-632
-2157
-10251
-15902
-18274
-16005
-5864
-2046
-2956
3367
4174
-1552
8086
15567
9876
12053
7540
-512
7084
5601
-2197
4165
-2414
-15877
-4686
1497
-4843
3044
6959
3319
7057
6877
7538
12078
6380
-464
-720
-3143
-3347
714
1327
-2711
-5011
-3470
-3033
2934
4267
286
4661
-1031
-7152
-2915
-6430
-12471
-13460
-17662
-20854
-12480
-5841
-5838
-8036
-11289
-2183
13792
20967
22847
21612
16533
15972
16089
10230
3958
-4788
-13932
-16443
-17278
-15418
-6972
-1986
-3559
-3980
-782
6443
12872
13113
12645
11752
6172
3698
4868
194
-6501
-11157
-16807
-18233
-14070
-11356
-7996
-2406
-1816
-1687
6447
14236
16954
17183
10810
4246
3979
1408
-2866
-6801
-15172
-20264
-16614
-10051
-4645
-1430
2286
4783
4134
7781
13339
13869
12304
6787
818
3870
6366
2045
-55
-4244
-12006
-9807
-2325
-472
2334
5517
4101
6163
12250
14865
14250
9509
613
-4924
-5060
-3712
-1495
-1425
-6458
-9838
-7184
-2461
2658
5201
2552
-1287
-4634
-6919
-6947
-7659
-11025
-15635
-15599
-10818
-9602
-8517
-7194
-8838
417
14204
16714
19928
22171
16531
15214
13118
5354
1046
-3443
-9439
-13283
-15542
-12654
-8118
-6448
-2711
12
-280
4211
10167
12283
14530
13158
6813
4012
1871
-3066
-5224
-8954
-15787
-16870
-14411
-11805
-5838
-1619
-1541
439
5256
12833
20101
18593
11553
6514
1222
-3025
-4204
-8187
-14340
-16999
-16248
-11719
-3991
1579
3780
4620
4278
5634
9772
11937
10693
8283
5894
3712
1035
187
901
-2655
-7440
-8359
-7883
-4499
1285
5390
9312
10996
10616
13214
13167
9060
7140
2401
-4606
-5475
-4974
-5693
-3265
-2805
-4589
-2029
58
-485
3062
6720
4902
2439
-226
-5328
-9844
-13713
-17815
-20671
-20741
-17181
-12794
-8371
-6822
-10613
-4771
11679
20340
24860
25998
18832
17881
18652
10988
4448
-3991
-13551
-15817
-17147
-16572
-10997
-5871
-2289
-1622
-689
4587
9506
12506
13864
12573
9694
6901
5718
1926
-4899
-9817
-15597
-18505
-15390
-15316
-13398
-5417
-2487
-1779
2926
8740
16899
21280
16171
9962
5184
814
-253
-3599
-11455
-17011
-19362
-16852
-8855
-4681
-2316
4374
4421
1391
8222
12115
10180
11907
8431
5000
7509
2435
-843
1198
-7079
-12159
-7695
-7913
-5647
2033
6987
10734
10887
10026
13678
12513
6848
5491
1880
-4247
-4701
-4461
-5454
-4783
-6510
-5806
-667
-1101
-895
5586
5611
2113
4318
1830
-6205
-9620
-14492
-21284
-20129
-18508
-18429
-10742
-6958
-12120
-10937
-897
11915
21809
25387
24658
19681
17828
18997
11224
1670
-6120
-15034
-16418
-16140
-14686
-8304
-7734
-4580
-248
-3473
4600
14536
12350
13577
11712
7156
10347
7614
1250
-2583
-11503
-17228
-15843
-14913
-13750
-10508
-5808
-2137
-183
4407
11761
18067
19980
15003
7662
4348
2925
203
-4504
-12301
-18704
-19041
-13357
-5240
-2890
-1903
3804
3091
1879
9979
12085
9910
11617
7328
4694
7528
3094
320
584
-8517
-11902
-4922
-4122
-2013
4522
4780
5758
8782
9861
13374
12491
6215
2838
-376
-2691
-1724
-1380
-2862
-6509
-8624
-5929
-2317
278
2328
4519
4246
-880
-3524
-3877
-8927
-13990
-18129
-22164
-19187
-12917
-8813
-5989
-10064
-14372
-3129
13650
21427
25537
25334
19384
18827
19322
11177
2569
-5198
-14650
-17181
-15197
-14670
-9860
-4967
-6939
-6494
-585
4866
10840
13560
13131
14121
8740
6832
13157
2525
-10088
-7574
-15818
-21737
-12953
-13590
-12682
-5239
-5075
-738
6359
11720
20059
20139
13331
8903
5156
2945
-763
-8187
-16438
-21718
-18315
-10378
-3907
34
1610
4719
5155
5618
14101
16795
12400
10170
4098
2745
6067
643
-2485
-5684
-15571
-12009
-1926
-2236
519
5766
4293
5861
11171
14747
17198
12333
2271
-2256
-3564
-3663
-1281
-3075
-8985
-12691
-11419
-4006
3715
5843
4625
1502
-2883
-5222
-4767
-5934
-11220
-16438
-19535
-19385
-12096
-5099
-8649
-13834
-7642
5751
17128
25215
26576
20391
17479
17134
10657
4788
212
-9091
-14531
-16168
-19728
-14526
-4172
-4614
-6933
-2009
2773
8710
15176
15654
13989
11645
8540
7081
3081
-2624
-7937
-14166
-16888
-16287
-14291
-11288
-7598
-1797
-1979
-347
14121
18621
16224
19705
8448
-1032
5064
261
-7091
-10224
-20304
-21296
-11262
-4557
-1168
2418
5259
2635
3735
12277
13135
12328
12424
4295
2421
4547
-605
-225
-1415
-11720
-12297
-6351
-4892
887
6862
5340
4899
7409
10609
14998
13749
6945
1072
-4159
-5452
-1617
-357
-4092
-9012
-9986
-5373
-308
2833
4768
2923
-3004
-7721
-7406
-5908
-8690
-14309
-18715
-19236
-13795
-6978
-7341
-11545
-8674
2173
14503
23029
25003
21967
18746
17249
12854
5351
743
-3803
-9925
-13652
-17453
-16037
-7056
-4051
-5712
-4022
-1144
5305
11496
12456
13595
12061
7280
6210
4789
38
-4091
-8216
-13631
-17420
-16047
-11829
-8508
-5495
-4264
-3412
3450
14548
21067
18462
11391
5759
2213
1522
-699
-8096
-13318
-15561
-16331
-11270
-5154
51
3922
-46
-876
6250
7316
10409
17360
9696
2626
8245
4697
-957
3882
-801
-10248
-8108
-6993
-6724
1839
7293
5455
4094
5899
9880
11675
10305
7661
1943
-2679
-1893
-1120
-1401
-1547
-4932
-6326
-2312
-1096
214
6151
5200
-838
-1384
-3416
-7813
-9536
-14059
-18228
-18021
-17139
-13049
-8303
-8666
-11648
-10760
841
15101
21505
24802
23123
17562
17017
14752
8557
2871
-6192
-13305
-15021
-16558
-13740
-6902
-4964
-7009
-5910
-440
5471
10580
14504
13906
10480
8980
8326
6202
2688
-3009
-10389
-15464
-16450
-15114
-12776
-9290
-5052
-3297
-2409
3541
13274
20863
20915
13779
7599
3673
746
417
-5574
-13935
-17360
-18100
-11219
-5323
-5285
-160
2281
-1804
3057
10324
12089
12824
7726
8386
8697
3136
5651
2379
-4366
-6686
-8792
-6085
-3235
-2355
2085
5868
5335
7205
10662
12259
10215
5903
3739
-688
-2704
274
-2078
-5118
-3404
-4305
-3711
1111
813
528
4288
2418
-1113
-1140
-5498
-11392
-13987
-18413
-20850
-17673
-15378
-12662
-8066
-10071
-14716
-7081
9462
19567
22421
23307
19524
15832
18076
14697
4062
-2871
-9961
-15424
-13430
-13210
-12228
-6386
-6510
-8495
-3551
3346
8445
10935
11811
11090
8069
8124
9563
5376
-1593
-8002
-13019
-14305
-13295
-12297
-10696
-7964
-5128
-2401
1698
7647
14988
19416
15730
9625
7758
6260
2412
-2866
-9683
-15752
-17325
-12830
-7305
-5908
-2913
1608
-69
381
6898
8308
8736
10187
5351
6240
11390
5124
2336
4326
-6846
-9762
183
-5540
-8001
3643
767
351
11814
8434
7986
14392
4849
1319
5105
-1482
-410
2625
-4099
-3985
-1731
-3298
-89
413
-3102
-602
2777
1084
892
705
-6686
-13416
-15221
-19125
-20004
-15488
-14313
-13161
-8750
-9128
-11733
-4382
9490
17286
21785
24787
20080
18109
20621
12509
2719
-1593
-10847
-15473
-11917
-13577
-12827
-5921
-5792
-6702
-644
3655
5356
8962
10707
10233
10640
10961
9537
5270
-1200
-7232
-11789
-13415
-12302
-12242
-13032
-11001
-5457
-1097
1547
6784
13588
17648
15964
12718
10482
7002
2865
-2681
-10462
-16506
-16661
-14549
-10289
-6260
-5673
-127
2071
-730
7035
10892
5870
9182
8838
6880
13328
7449
290
3178
-3931
-9293
-3145
-5041
-9005
-3068
367
3634
9721
11634
11722
9097
6303
5382
4158
3897
2376
-309
63
-2845
-5914
-245
-772
-4729
-2650
-2501
-990
2037
3526
980
-6287
-11425
-15297
-19120
-17822
-15479
-16698
-13900
-8256
-8074
-9592
-6306
2719
13887
20977
22668
21559
20093
19898
15510
5890
-2186
-10152
-14601
-11575
-12514
-14582
-7833
-4599
-6846
-2618
2567
4555
7662
9320
10770
12549
11362
11798
9867
-163
-6518
-7853
-12094
-13784
-13023
-13651
-10485
-5167
-2361
-123
3449
10179
17448
18712
15042
10634
6759
3882
-1022
-8400
-13479
-17012
-17818
-11969
-8210
-8119
-2045
1130
-1967
3392
10201
9114
10084
9899
7337
11347
10155
2687
3674
-147
-10002
-5610
-2708
-10891
-8098
-436
378
5476
11294
11475
10959
8313
6044
6598
4769
3485
2889
-1230
-2969
-3264
-3196
909
-2181
-6338
116
-1502
-3287
6620
2468
-5985
-4780
-13001
-18273
-14199
-16668
-16635
-13451
-13378
-9470
-6761
-9607
-7519
6210
18615
19882
22326
23108
17095
17559
13883
156
-6049
-9147
-12776
-11932
-13481
-12157
-5458
-4235
-4415
-1238
2226
7165
10023
10246
12743
12865
10993
11276
5227
-4217
-6219
-8077
-11813
-11663
-12784
-13162
-7786
-3019
-1305
283
4888
13234
17698
14994
11377
9209
6068
1135
-4906
-11119
-15759
-17435
-14650
-9110
-8404
-7623
-256
-239
-2263
6925
9163
6359
10225
6840
6402
13203
6600
1412
3707
-4787
-8994
-3481
-6565
-10468
-5810
-823
3025
7993
12091
13894
12546
8538
5528
5287
5601
4953
2180
-2043
-4783
-5203
-1728
1272
-2981
-5259
-2369
-2390
282
4408
3489
1243
-6128
-13531
-14362
-17468
-16898
-13718
-18405
-17210
-9645
-7300
-7974
-10578
-3689
12710
19482
22142
24984
20950
19239
16564
5465
-2205
-6099
-11417
-12722
-13385
-14931
-8982
-1846
-3182
-4754
-636
3896
6688
9523
12467
13088
11734
11238
8601
2263
-2620
-5796
-10046
-13088
-13808
-13648
-10542
-4560
-1920
-3057
-520
7502
15419
18370
15133
9630
7056
4850
-628
-6134
-11602
-17324
-16859
-11698
-9556
-8208
-3388
-567
-2433
701
8217
8884
8018
8827
6374
8788
11063
4732
3896
2744
-7557
-6961
-2731
-11630
-12296
-2112
160
3404
10978
12491
13571
13632
8524
7910
8362
3517
2219
1025
-4799
-5011
-1996
-2560
-3006
-4939
-5874
-2290
-1725
270
6970
4843
-3180
-6985
-11435
-15689
-14913
-14678
-17879
-17314
-12149
-8116
-5714
-9879
-11687
5956
19452
17716
23819
24673
17056
19745
14176
1361
-1465
-8406
-14785
-12776
-14679
-13036
-5153
-3724
-5383
-3153
1645
5207
6861
11021
14293
11991
12170
14432
7861
-638
-2806
-7592
-13423
-12827
-13175
-13701
-8280
-4973
-5093
-1298
4698
11204
17663
16091
10351
9364
6851
2863
-591
-7926
-14299
-15713
-14451
-10827
-8959
-9438
-2920
-19
-5552
2529
10805
6954
9741
8468
5034
12726
10254
3542
6054
-2550
-10377
-3450
-8659
-14726
-4187
-1772
-1436
7589
10986
14807
17851
10847
7128
7846
4368
3526
3827
-1680
-6836
-6358
-3055
-1470
-3577
-5593
-4431
-2551
-130
4323
7861
6327
99
-7004
-13036
-15683
-14556
-14943
-18956
-19828
-14511
-8319
-6670
-11414
-9110
5712
15636
20829
27221
22303
18884
21472
7390
1329
928
-13421
-12462
-11494
-18921
-10863
-2893
-5215
-5165
-2563
1169
7176
8529
11669
15899
14643
14462
11745
5941
954
-4415
-9468
-13577
-15315
-14645
-12679
-8396
-3466
-2004
-1591
3590
12377
17480
14782
10215
8563
6620
3036
-2028
-6945
-12491
-17813
-15743
-10205
-8530
-6713
-1601
-2199
-5449
4280
10949
5980
7436
6521
4544
11815
9340
3337
6258
-2374
-12322
-5157
-5749
-11029
-2696
21
-965
7097
12764
14809
15354
10680
6506
6005
5355
3937
3163
734
-5112
-6944
-2778
-1647
-2501
-1183
-2774
-5194
-1090
5916
8920
6336
-300
-6965
-11446
-13667
-14208
-16477
-19397
-19650
-17253
-9946
-4719
-9498
-9956
2320
13330
20237
25308
22852
20191
19779
12025
2927
39
-6857
-13702
-13003
-15354
-14478
-6786
-3231
-5493
-3999
694
2650
9958
14042
15161
17654
13774
11612
7419
38
-3135
-8062
-15114
-15722
-14104
-14958
-9760
-4160
-3758
-1550
2224
8683
16783
17240
12046
8680
6491
4529
844
-6000
-12910
-17860
-16753
-12123
-10766
-7573
-2476
-1661
-3954
869
9331
8830
9449
8486
4972
11898
11624
3087
4195
-1439
-11230
-4953
-5160
-12059
-4593
-158
-327
5809
10853
14828
15584
10242
6729
6025
4649
3037
1683
117
-3953
-7121
-4983
-2365
-2497
-3379
-3882
-2635
747
4751
7654
6400
744
-5844
-12363
-15819
-14573
-15828
-19344
-18742
-15922
-10244
-5035
-9451
-11117
1520
14157
20346
24484
23200
19834
19168
13294
2827
-3894
-8486
-12122
-13630
-15257
-13644
-6415
-2730
-3139
-4070
-948
8185
9779
10663
17313
15150
10933
14775
7871
-3422
-1514
-10255
-17035
-11324
-15555
-13607
-5625
-4762
-3041
430
3472
9569
17124
16449
10565
8989
7343
2722
-445
-6916
-14577
-16487
-16759
-13319
-8787
-7973
-3303
-645
-3597
2819
10511
7756
7840
7786
4869
10740
10481
2511
4205
-1476
-11412
-5020
-4742
-10903
-3652
237
502
8521
11908
13575
16881
10856
5009
6259
4484
2743
3789
-193
-5410
-5432
-3354
-1983
-2752
-4563
-4246
-2269
1307
5949
7991
6011
-569
-9208
-13325
-14149
-15691
-16356
-17867
-19563
-15375
-8725
-7049
-9917
-8725
3528
16591
21666
24052
22514
19613
19323
11691
1323
-2931
-8927
-13863
-13939
-14731
-11927
-4578
-1221
-3756
-4200
1815
6457
8699
12462
14078
14649
14068
11195
6637
-1860
-5258
-7242
-16665
-14780
-10037
-14587
-6239
-378
-7231
-1904
4573
7994
17818
15228
7553
8600
6240
3022
-742
-7484
-13137
-18843
-17754
-11173
-7985
-5416
-1613
-2717
-4980
3552
10089
7468
8928
5227
2120
11912
11043
3728
5544
-3390
-12065
-4091
-6588
-11301
-1656
-855
-988
8159
11371
15168
17841
9735
5263
6211
3536
3738
5161
251
-5030
-5209
-3066
-1951
-2921
-3884
-3265
-1739
1003
4034
6321
6686
1989
-6008
-12557
-15219
-15019
-16878
-19121
-17723
-15182
-9828
-5389
-10119
-10912
2097
14459
20639
23720
20897
19156
20235
13215
3970
-771
-8692
-14932
-13959
-13089
-11533
-6290
-3421
-5381
-5494
-60
5272
8905
12501
12910
13225
13432
11135
9111
3379
-3631
-9358
-15216
-14520
-12061
-11498
-5906
-6236
-7106
29
-1488
8986
22081
12191
9922
8066
1547
6477
3864
-7253
-12558
-18692
-19151
-8859
-7170
-6632
-2092
-4162
-6288
424
10290
10109
8932
6046
1220
9214
12302
5212
5350
-798
-12100
-7654
-6262
-9240
355
2789
-360
5162
8665
12434
17891
13362
7268
6651
3427
2192
4793
2605
-2140
-5485
-7245
-5283
-2845
-2189
-1215
-984
-160
3684
7933
7485
724
-7144
-13090
-16889
-16891
-16585
-17118
-15660
-14170
-11342
-8965
-11935
-7469
9033
18500
19867
22034
19748
18077
18927
10733
820
-5188
-14015
-16287
-12512
-13925
-10846
-4232
-6324
-7144
-2435
1132
7597
12590
11934
13639
13628
11465
13324
8904
-524
-5406
-11372
-15035
-12124
-11254
-9502
-4808
-5155
-6374
-1890
5036
11420
17577
13607
4932
6867
5186
2229
4070
-6855
-18342
-14342
-13620
-11871
-2579
-6699
-4665
-446
-7625
2985
10286
5396
8222
3572
213
9179
9155
5148
5921
-3516
-10417
-5553
-6655
-7891
-974
780
-217
5484
10934
14887
18109
14325
6803
4133
4722
3802
4406
3325
-4027
-6261
-2721
-3915
-2977
408
-2224
-2214
2129
3009
5776
8743
3449
-3547
-8590
-14176
-15958
-16500
-19465
-19869
-17133
-11519
-5392
-6538
-10496
-5384
8496
19811
22861
22746
20227
16295
14503
8331
-690
-6280
-13206
-17021
-15142
-13781
-7806
-1477
-4580
-7483
-3527
3395
10177
13558
14248
13222
10874
10796
10991
6907
216
-6652
-13088
-16425
-14385
-9471
-6223
-5941
-6060
-5218
-2709
5040
14617
17051
11545
4646
4092
6758
5408
2440
-5942
-16350
-16651
-13655
-8111
-1288
-2820
-2890
-5941
-9177
4926
9507
4260
9639
1789
-2367
11326
8910
5086
7198
-3933
-7239
-3678
-7258
-3805
1433
722
1581
3629
8645
15734
16168
10552
5940
3778
2785
4089
5608
2814
-2447
-4975
-3812
-2150
-1551
-833
-640
-1358
-985
1238
3930
5089
2532
-4333
-10988
-13725
-15366
-16921
-17715
-18331
-15920
-10871
-8337
-10002
-11333
-2907
12159
19128
20314
22227
19001
15162
14990
8385
-1921
-7906
-13915
-16691
-13412
-11374
-7281
-1728
-4957
-8048
-1106
6310
10160
13787
14650
12290
11429
12696
11115
5791
-728
-8251
-13915
-14169
-11020
-8001
-7297
-7359
-5533
-3584
-719
5583
13833
15682
8127
3989
5447
5270
5130
1873
-7930
-15473
-16481
-12629
-5269
-4600
-7153
-6424
-10977
-8078
3934
6831
6385
3361
133
4367
6262
8814
12228
5152
-3507
-4604
-4645
-4958
-2298
-521
-749
227
2572
8983
17250
15698
10051
9426
4571
2766
8826
6048
451
-995
-5048
-3955
-1454
-3382
-899
-691
-4252
-2036
2572
5878
6085
4223
150
-8494
-11409
-11527
-17912
-19451
-18540
-19113
-12850
-8200
-9370
-11476
-10884
1480
16096
21764
25090
21803
15065
15577
11826
3256
-895
-9450
-16729
-13667
-13227
-11228
-2556
-4526
-9517
-3998
510
6153
15084
14900
12248
12997
10511
10131
10973
3688
-5064
-9845
-14512
-14185
-8500
-8021
-10631
-8444
-6209
-5659
581
11084
16243
13619
8705
5653
5503
6991
4896
-2674
-11471
-17841
-16082
-7632
-6069
-8715
-6278
-8478
-11980
-3623
4898
5323
5588
4225
1351
6350
13426
11449
9513
6788
-4673
-4893
1490
-4606
-807
5334
-4959
-2244
8058
8402
14938
15582
6570
5300
3923
3894
8338
6200
1221
-2728
-4660
-2613
-1833
-1175
-733
-3571
-3875
-501
2772
4610
3683
-26
-5574
-9400
-10547
-12834
-15900
-18477
-19012
-15188
-11054
-9518
-10707
-13373
-6520
10655
20598
22239
23827
19440
14260
14528
8348
-170
-4075
-11431
-14940
-12997
-13574
-8000
-2570
-6764
-6702
-930
4495
10980
13992
13639
12490
10771
11697
11413
6585
447
-6905
-13295
-14961
-12820
-9953
-8907
-8599
-7807
-6803
-2554
6752
15717
16606
10066
4838
4809
6553
5523
-148
-7716
-14225
-16509
-11480
-6349
-7866
-8324
-7796
-12174
-9118
2304
5793
6030
6366
1294
4106
12592
12064
12087
10654
-88
-3193
-48
-3563
-3196
-162
-3561
-3971
183
6359
14750
14842
10655
10222
6257
5805
10516
7922
4004
803
-3960
-2427
-235
-789
-271
-3982
-6910
-3327
175
3435
6691
5767
1480
-3516
-7217
-10540
-15595
-19423
-20344
-20208
-17698
-12534
-8425
-9572
-14556
-9792
8176
20861
23317
23209
18466
14593
15613
11785
3637
-4545
-12740
-15332
-14568
-13791
-7353
-2774
-6715
-7461
-2627
3287
11536
15754
14752
14076
11484
11333
14140
8862
-26
-6238
-14229
-17747
-12924
-9743
-10561
-9453
-7638
-7847
-4161
6084
14754
16329
11694
4901
3446
7183
6954
1499
-5669
-15095
-19481
-13269
-8051
-9196
-9066
-8300
-10708
-9300
893
8229
7324
6785
3445
2101
11606
13970
10408
12057
3366
-4669
512
-738
-4174
-1440
-3125
-5503
-110
9066
11794
12909
16014
6087
-310
9537
8185
4160
8033
752
-3445
4
-3041
-1351
-408
-6877
-5677
-2543
-2338
3182
6599
4714
3049
-1776
-7484
-8569
-11732
-17908
-19307
-19573
-19407
-12782
-7700
-8901
-11011
-11036
-464
15612
20930
21503
21054
16162
15600
14108
6039
-17
-7867
-14941
-13535
-13304
-11985
-4809
-5062
-9048
-4673
1656
7572
14972
16883
14336
12846
11249
11032
10502
4068
-4419
-10127
-14037
-14874
-12489
-10379
-9718
-8678
-7130
-5623
220
9611
14341
11747
7626
7097
8071
8610
4995
-3959
-12337
-17153
-16624
-11833
-8491
-10054
-10687
-9447
-11801
-4776
7561
6984
7513
9324
5514
11934
16526
10994
13406
9701
-3421
-745
456
-7480
-2438
-2488
-9598
-2889
3303
7805
15199
13242
8197
9211
10100
9112
10520
7540
582
-3633
-3512
-3193
-4844
-2744
-6147
-8829
-5473
-4309
2391
6872
4946
2685
-1523
-5662
-8047
-10463
-13745
-16897
-20122
-18817
-13212
-10389
-12189
-14949
-8626
7107
17664
21042
23080
20647
18269
17210
10179
3273
-2148
-10531
-13756
-13083
-13545
-8044
-4040
-8570
-7619
-1385
2680
10191
15880
15199
15037
13793
12640
12907
7423
-521
-6721
-13140
-16165
-14872
-12238
-10790
-10580
-8335
-6545
-4289
4453
13661
16128
12641
7036
5920
7893
6334
1416
-6063
-14462
-17225
-12784
-8812
-8580
-6858
-6144
-9703
-7463
884
4534
6329
7920
5120
6527
12420
12854
13045
11364
1126
-3306
-461
-3429
-4811
-1989
-2945
-2254
1415
4696
10754
13958
10152
7056
6095
6477
9087
8547
5167
1166
-4213
-4739
-2487
-3373
-4007
-5767
-5802
-2268
-796
5114
8808
1252
-421
-404
-9246
-12055
-11722
-17075
-20791
-20268
-16408
-12659
-11159
-12328
-15223
-6408
11576
20035
22992
23866
18117
16041
16145
8738
1322
-3984
-10483
-13271
-14559
-13961
-6773
-4402
-8956
-6644
405
6932
13843
16502
15826
14681
12347
12001
11628
6451
-1622
-10415
-17614
-19335
-15578
-11958
-11941
-10898
-7343
-5138
-1070
8650
17157
16793
11052
7202
5693
4843
3665
-334
-7207
-14740
-18332
-13478
-7294
-7508
-7328
-6500
-10011
-5934
5240
7061
6266
7579
3721
5823
12456
11476
12215
10228
-605
-1978
1229
-3261
-2480
359
-3970
-3676
2262
6930
12012
13228
9718
8499
7117
4656
6509
7065
1929
-1995
-2989
-2750
-2293
-2735
-1434
-4003
-9130
-3722
1227
946
6071
4238
130
1844
-5994
-8336
-5440
-18874
-23348
-16591
-20670
-17929
-8837
-9697
-13425
-14514
-6626
9761
21240
24485
21454
17105
16666
15517
10925
3948
-4750
-11411
-13691
-12604
-10095
-6661
-3358
-4255
-6418
-1506
8178
14377
15789
14563
11813
10252
11351
11034
5536
-3140
-11616
-17476
-18279
-14976
-11683
-10100
-8565
-6053
-3678
366
8736
16160
16008
9714
4048
3789
5646
4814
95
-8389
-15725
-18116
-15013
-8075
-6181
-7719
-6180
-8483
-7192
4997
10076
7821
7782
3211
3001
10780
10875
10453
11118
681
-2351
3678
-1353
-2074
2216
-3931
-3870
1648
3559
10924
12060
5712
5112
2975
2188
6850
7135
3857
-439
-2753
-667
62
-25
-449
-3331
-6076
-6566
-2445
1972
3371
3926
-24
-2672
-1737
-4905
-6365
-11578
-21549
-19700
-18242
-19570
-10549
-9061
-13472
-10948
-10143
16
18080
22925
22426
21036
15238
15141
15245
7407
-285
-7027
-13363
-13407
-10659
-8547
-3986
-2086
-5387
-4283
3453
10709
14180
13969
11455
9524
10349
11492
8068
454
-7833
-14830
-18037
-16151
-12332
-10553
-9682
-7175
-4785
-2022
4946
13523
16459
12433
7180
5242
6048
6364
2600
-4965
-12988
-18384
-16271
-8756
-6603
-8066
-5905
-7047
-8874
518
8960
7582
7724
6084
3041
8688
11158
8994
10918
4685
-2971
1433
2384
-851
702
-1807
-4829
-813
3401
7156
10525
7933
4688
5615
4170
2817
6102
3951
-2074
-1155
-255
-1295
1132
421
-2125
-2527
-4705
-4338
-737
1316
2566
1965
152
-1585
-1961
-2394
-9583
-15547
-17127
-21680
-19368
-15733
-16909
-8768
-6212
-12264
-7331
-851
9519
24078
23548
19038
17687
15352
17195
11801
1192
-4339
-11643
-13270
-9917
-10870
-5194
416
-5077
-5974
1208
7358
13081
14767
10763
9091
9769
8765
7486
3220
-5000
-11457
-14805
-15336
-12750
-10158
-8913
-7159
-3894
-1283
615
6566
14248
15474
9811
4604
4488
4501
1163
-3072
-9209
-15233
-16882
-13466
-7157
-6250
-7734
-4643
-5969
-4601
6933
10015
7621
9706
6507
5873
10982
9422
8600
8872
1019
-2282
2178
742
-2429
-1122
-2595
-4623
-224
5550
8139
8665
6652
3373
2185
3134
3812
3392
2139
-102
-1349
-45
1908
2663
855
-2784
-5159
-5422
-3989
-1864
77
820
-1667
-3452
-1738
-1713
-5224
-10962
-15275
-16979
-19854
-17566
-12435
-13107
-8722
-5080
-10400
-6114
4404
13537
24524
22569
15828
18882
18063
14436
11048
1506
-6664
-9495
-9193
-9630
-10139
-3835
-1936
-7108
-3655
3109
7764
13208
12359
8841
8956
8723
7912
5033
-870
-5901
-10434
-15044
-16234
-12445
-8569
-8733
-8011
-4375
-2196
1168
9452
16137
14207
7986
4929
4495
3644
1193
-3826
-9946
-15115
-16147
-10039
-4207
-5309
-5364
-3671
-6210
-1967
8846
9905
8873
10795
6719
7523
11980
8530
8139
6669
-1997
-1658
1656
-2286
-2536
-625
-2796
-3386
694
6137
8381
7811
6682
4544
2932
2517
2723
3385
1559
-1721
-1529
958
2191
2399
1949
-656
-4336
-5483
-4169
-2540
-1230
-1374
-2646
-3303
-3338
-3038
-3656
-7032
-12215
-16149
-17265
-17484
-16722
-13226
-10182
-7796
-5531
-7655
-5541
8519
19871
21958
21890
18567
16028
18018
14462
6271
875
-6343
-12403
-11682
-10650
-8671
-3977
-4208
-6321
-2813
3337
8608
11515
11121
8940
6679
5994
6170
4216
-312
-6383
-12438
-15166
-13318
-10184
-8684
-7905
-6330
-4665
-2953
2155
10636
15633
12783
5446
1816
3679
3562
671
-3805
-11565
-15255
-11996
-6971
-3379
-3855
-3524
-3404
-5915
1479
10279
8865
9867
7428
2249
8949
10423
5779
9092
3269
-5953
-1082
-140
-3732
483
-876
-5635
-1627
2277
6221
12288
9617
3796
2939
1628
1923
4280
2227
-1713
-2688
-1438
268
2221
3634
1588
-2740
-5237
-5584
-3544
-85
123
-2916
-4946
-4264
-1580
-428
-3135
-7545
-12285
-15126
-14456
-14143
-13872
-11095
-8979
-6771
-5245
-8327
-3573
13590
21982
19996
20692
18954
17675
19417
12735
4271
-1069
-8617
-10393
-10326
-13507
-9938
-6431
-8415
-7205
-3553
1970
8522
11068
11115
9543
7911
9111
8390
3082
-3167
-8763
-13631
-15803
-12698
-8634
-9438
-10703
-7671
-4235
-2013
4421
13091
15978
11546
6803
6462
6377
5026
1248
-5010
-11090
-13595
-10105
-4899
-3220
-3976
-2234
-6169
-8898
2268
7439
6932
9377
5292
5288
11495
9786
7424
6838
-337
-3045
171
-2783
-4811
-632
-798
-4676
-2944
2211
6517
9284
8171
4425
2247
2440
3755
4774
2768
-2119
-4643
-2799
98
2811
4217
1201
-3586
-4459
-2166
16
1016
-510
-3746
-5051
-3278
-265
872
-384
-3569
-8351
-12043
-15236
-16742
-15034
-14039
-13659
-11164
-8231
-6189
-7074
-3137
13366
21510
21463
23969
18879
17899
19995
11424
1630
-4324
-12021
-13671
-11023
-14931
-11108
-6096
-9187
-6427
-877
4247
10462
13175
12049
11866
10632
9141
9484
4231
-3425
-8312
-13008
-14713
-12360
-11039
-11055
-9023
-5781
-3573
-288
6941
14501
17040
12849
6113
4355
6381
5272
451
-5667
-12278
-14908
-9622
-3818
-3861
-3885
-3881
-7894
-6660
2268
7101
7563
7009
3661
5803
11795
10152
9281
8330
-2606
-6572
-1986
-5090
-5230
-1261
-4626
-4813
-668
1500
8037
11574
6665
4758
3958
1887
5468
6445
510
-2660
-3413
-3040
221
2051
2513
1653
-1980
-2436
829
2089
1315
278
-1188
-2724
-2027
915
2357
441
-3304
-7124
-10309
-12360
-13255
-14948
-18046
-16877
-11218
-7156
-5496
-6606
-8144
1686
18530
21577
21482
23486
16224
16401
17333
6912
1167
-5020
-14870
-15105
-14233
-15447
-7205
-3790
-8453
-5431
237
6124
13423
14401
11398
10238
8956
9284
9608
2925
-5773
-11301
-16072
-16744
-12275
-9411
-8942
-6929
-4556
-3238
2073
12145
17749
15326
9564
5476
5940
6912
3946
-2050
-9023
-13917
-13994
-8183
-2861
-4258
-4519
-5287
-11063
-5804
5363
5611
6099
7118
3789
8664
13012
8742
8427
4569
-5831
-6827
-5416
-7512
-3659
-2098
-5736
-4719
-1340
4958
11281
8746
5508
4544
1574
3436
6311
3348
512
-952
-1935
-306
2088
3185
2607
1009
-307
-445
1184
2254
1148
-61
-1539
-2993
-1300
1232
247
-2925
-6096
-8688
-11216
-14712
-17279
-18212
-18030
-14273
-9269
-7616
-7653
-8349
-4913
9825
22769
22150
20982
20453
15557
16385
14122
2713
-3251
-9779
-16994
-14202
-12787
-10554
-3910
-6615
-8191
-719
5399
12108
15945
13088
11816
11321
10734
11716
7493
-1538
-8502
-13886
-17462
-15023
-10201
-9187
-8636
-5993
-4237
-818
7456
15611
17682
13161
6462
4726
7512
6047
319
-5594
-13041
-16379
-10845
-4387
-3585
-5713
-6630
-9174
-10052
-453
7397
5900
6307
5534
5292
11338
11289
8695
7772
-2148
-8655
-5881
-7036
-5944
-1045
-3269
-6633
-3421
2994
9060
11805
9415
4228
924
2395
6219
7266
4113
-629
-3883
-3179
775
3526
2639
-412
-2760
-2241
42
2248
4050
3199
-783
-2966
-578
2823
2322
-1246
-4065
-7211
-9853
-10159
-13105
-17884
-19247
-18165
-15130
-11266
-7245
-4397
-8251
-8730
4781
17489
22573
24878
19229
13888
17439
15058
5616
17
-6863
-13750
-14802
-14580
-10204
-3021
-3154
-5270
-2908
2152
10281
16181
16400
14609
11757
10854
12388
9666
2007
-6160
-13680
-18973
-17833
-11675
-8846
-9913
-7783
-4105
-2654
3079
14328
19805
15233
7959
4599
5301
5567
2804
-3769
-12899
-18197
-16080
-8813
-3824
-5676
-6384
-7346
-11785
-4636
7116
7063
6984
6501
1483
6136
11921
9090
7289
226
-10102
-8302
-5254
-6708
-2030
-547
-4937
-2534
2461
7368
13134
9766
2586
2180
2459
2938
6488
5633
135
-1673
-1552
-2996
69
3988
937
-1003
-33
-602
3265
6845
3313
547
-194
-931
771
1265
-1394
-4195
-5831
-7055
-9376
-11793
-14514
-18405
-20059
-18740
-15651
-10071
-3702
-2505
-8858
-7879
8163
19573
21318
22984
18984
14063
16185
15252
8137
-776
-8106
-10324
-11738
-11843
-6283
-2082
-3528
-5959
-4470
2503
9938
13696
14136
11427
9332
11308
12331
7726
632
-6671
-14753
-18717
-14503
-8924
-8440
-8885
-6956
-5192
-1867
5487
13396
17016
13378
6795
4377
5113
5924
3344
-5532
-14846
-18520
-14719
-6601
-4568
-6840
-5807
-8442
-10555
-1186
6437
6421
7301
3258
1053
9889
12035
7614
4766
-5701
-10933
-5680
-6035
-3845
1086
-2296
-3056
732
4400
10292
11585
7972
5139
2201
1807
5091
7438
4934
-1407
-4998
-4405
-2474
1038
3389
1719
-955
-619
2978
5910
6466
5762
3262
434
-636
451
1942
-590
-4289
-5659
-7917
-8348
-7148
-9692
-14984
-19574
-18321
-15620
-13801
-4998
-2396
-5859
-2803
-8587
-4004
21532
23933
17313
23192
16198
13333
18521
9728
3667
-1419
-11878
-10808
-8275
-8700
-1953
-916
-7888
-8012
-1805
4484
10265
11981
8956
7734
9115
10300
10787
5971
-3649
-11012
-15749
-16905
-11589
-7865
-10415
-9575
-4945
-3347
615
9236
14862
14581
9573
4881
5747
6891
4600
-675
-9188
-16362
-16589
-11281
-7750
-7108
-7536
-7868
-8968
-6314
3736
8067
7528
6815
3979
6847
10662
8780
6747
2282
-6492
-8646
-6650
-6697
-2801
-887
-3012
-1535
2822
8563
11418
7948
4467
2982
2156
4259
5294
2512
-271
-2315
-3804
-3814
-2149
1153
2270
-84
-475
947
2785
6470
7047
4755
3845
1180
251
2367
761
-1504
-3015
-5653
-5013
-3175
-4900
-7433
-10729
-13878
-14431
-14238
-12296
-9566
-7234
-6048
-3233
-826
-4656
-47
13875
20118
18858
17810
16662
13753
13349
10406
3222
-1420
-5524
-8392
-8083
-7570
-5094
-1855
-4371
-7626
-5525
-973
3954
7206
8511
8701
8473
9594
9174
5109
0
-5514
-10490
-13225
-12240
-9001
-8997
-9110
-6552
-6245
-3794
3653
10805
15010
11690
5229
4921
5729
4599
1855
-6534
-14269
-15718
-13890
-8879
-5602
-6915
-6592
-7200
-6677
2823
8834
7455
8550
5609
3876
10022
8715
5056
4775
-3955
-8913
-5187
-6066
-4088
300
-2712
-3390
743
3719
8425
10383
6057
3372
2512
984
2597
4336
2282
-642
-2915
-3137
281
4380
5228
3250
1932
2102
3485
5864
5859
3919
2524
-307
-1974
22
830
301
-253
-3613
-4449
-1049
-710
-544
-588
-5170
-8223
-11254
-15612
-13811
-14788
-17988
-11156
-7486
-7194
-2720
-3488
466
13944
21205
20572
20059
19217
16793
16178
10971
1941
-1669
-6731
-11165
-9994
-10400
-8713
-6100
-9381
-9817
-3937
531
5499
8657
6438
8981
13391
13438
12856
7196
-945
-5599
-11784
-15241
-12085
-10867
-12414
-12665
-10980
-7370
-2723
3691
10360
12865
10113
6810
8506
10895
7771
2211
-4026
-11000
-14277
-11958
-8275
-8535
-10591
-10642
-11462
-8916
1217
7783
6804
6359
7027
8828
12524
12743
9403
4822
-2142
-6247
-5672
-7154
-8946
-7925
-8749
-9038
-3709
3230
7515
8184
6626
7041
9019
10750
12040
8824
3002
883
-691
-2522
-567
530
-1475
-2838
-2494
595
4959
6954
6322
4895
4335
5675
6035
5796
4987
468
-522
26
-4331
-4247
-516
-5043
-8886
-5214
-7020
-7935
-8462
-15589
-16372
-15868
-15573
-9292
-5846
-3992
-1534
-3600
-2906
7665
19264
22092
18489
15310
12763
12007
11107
4503
-2105
-7908
-12713
-10495
-8951
-7371
-1731
-4064
-7731
-3195
1525
7183
10026
6792
6101
5652
5877
8500
5014
-954
-5569
-11879
-14077
-10925
-7307
-5708
-6805
-6355
-3190
120
4429
9579
12682
10492
5382
3550
4017
3726
1374
-5071
-11485
-13005
-10749
-5422
-1343
-2973
-4164
-4076
-5713
-352
7646
6463
4398
3121
449
5065
8346
4953
3417
-2290
-8146
-5041
-4213
-5198
-2067
-2747
-4811
-2075
1921
5169
6296
4518
3559
4893
6098
7475
8705
5713
1475
717
-568
-1596
329
-51
-1629
-532
1313
4612
7710
7301
6734
7197
6160
5121
6963
8454
5077
1285
-1244
-5751
-7048
-5512
-6774
-7438
-6842
-5004
-1758
-1905
-2115
-2497
-7964
-11727
-13226
-15211
-12925
-10295
-9920
-8131
-7052
-7039
-4447
4077
15125
19631
19543
19495
18068
16902
13701
6539
27
-5830
-10596
-11264
-11146
-10556
-7831
-7443
-7671
-4675
-772
3569
7836
8545
8845
10464
9441
9359
6557
-7
-4504
-9483
-12079
-10855
-7833
-6669
-6443
-3325
-2038
-1657
1929
7683
10667
8783
4365
2302
2982
3036
3082
-996
-6217
-7348
-7343
-4858
-309
-1646
-5176
-5627
-10040
-6336
3041
967
546
2419
369
3823
8090
6646
5706
2789
-3318
-3308
-1552
-2076
31
-1231
-5884
-5351
-1717
1334
3055
2046
774
940
1066
5392
11783
13494
10944
6206
3353
2051
3338
1227
-3586
-4259
-7110
-4906
149
2089
4072
5363
6356
4531
8411
13497
10489
8034
5331
6
-1919
-2278
-6611
-10887
-12893
-13006
-10098
-6155
-2601
-62
933
-933
-4508
-7117
-9721
-12014
-12075
-11401
-10289
-7668
-7024
-10114
-10298
-1384
10574
16852
18438
17922
17463
18808
17381
11602
4531
-2570
-6515
-8688
-11587
-9555
-5956
-8631
-10768
-8328
-5349
-286
4970
6422
7682
9493
11055
13098
10430
4049
-69
-5112
-10193
-9502
-7188
-6852
-6038
-4691
-3946
-3731
-588
5709
9022
6720
3128
1987
2660
4364
3127
-906
-4557
-8190
-7700
-3749
-1169
-2233
-5144
-6758
-9847
-7755
-521
-528
-1609
-415
190
4837
9195
9501
8383
5922
2378
1155
1759
1043
50
-2352
-5979
-6731
-4531
-2351
-1712
-2272
-2500
-1185
1491
5419
9551
12003
11679
8917
6620
6700
6422
3275
-1330
-5075
-6633
-5869
-3060
-311
323
1370
2590
2627
6172
10806
10811
9123
6385
4070
5326
4753
445
-4782
-10076
-11164
-9336
-9123
-7458
-5138
-5211
-4223
-1485
360
332
-2996
-8259
-11569
-12845
-12800
-11210
-10182
-9519
-7857
-7960
-8091
-1154
10602
17183
17617
16983
15161
14361
15084
10136
2244
-3148
-8363
-9996
-8577
-7362
-3188
-2727
-6764
-4377
627
4669
9663
9189
5616
5975
8043
9595
8334
3563
-1064
-5131
-8635
-8671
-5762
-4893
-6955
-7338
-5859
-4584
-2236
1148
4296
4231
584
230
3386
4965
5464
2939
-1937
-3579
-3528
-2276
508
-802
-4276
-5639
-7732
-7461
-1760
758
-2870
-3775
-1129
810
5403
9064
6176
4125
3681
1235
1714
1739
-1707
-3377
-5826
-8374
-6006
-3258
-2707
-2187
-1590
397
3895
7734
10892
10896
8650
6748
5468
4396
3002
914
-1013
-2305
-3529
-2376
-113
934
1959
1367
1274
2679
4117
6530
5934
3688
4060
3218
2035
2201
350
-1822
-3359
-4413
-3744
-4334
-5167
-4720
-5883
-6012
-4298
-3066
-1641
-1413
-3406
-6087
-7802
-9042
-9851
-11025
-12999
-11319
-7604
-4968
-2317
-1941
-462
6942
13597
15947
17790
16870
14048
13248
10398
6155
3531
-1127
-4870
-5063
-5620
-3487
-655
-3072
-4431
-3437
-3603
-1964
-671
-1115
-290
868
3248
6261
6306
4691
1801
-2303
-4508
-4264
-3757
-4679
-5653
-5586
-5415
-4431
-1203
2795
4951
3324
285
1025
3103
3689
2438
491
-1872
-5534
-4838
-1903
-1726
-2714
-3415
-6331
-9285
-4901
-1239
-1087
653
466
925
4314
6801
7990
8380
6363
5079
4916
3443
2340
-329
-3714
-5148
-5682
-3518
-292
-562
-1272
102
1757
4580
7034
6538
4647
2395
1233
1847
1175
-44
-197
-1577
-2064
-605
-599
-710
-64
-67
163
252
1050
3202
3751
3289
3452
2657
1682
1604
1120
-42
-1443
-2492
-2875
-3192
-2873
-2055
-2551
-3400
-3570
-4110
-3654
-2052
-1555
-1171
-734
-1709
-2400
-3063
-5469
-7350
-7804
-7710
-5824
-2981
-707
484
-1038
-1877
2335
7534
9925
10360
9608
9038
9043
8668
6817
2944
-961
-3722
-5922
-6281
-4981
-4057
-4141
-5697
-5833
-2519
401
1713
2806
1738
1135
4618
5411
4075
4643
2306
-259
-1097
-2098
-1947
-2422
-3739
-4050
-4084
-4436
-3121
60
2219
2348
1282
842
1875
2625
2835
2813
1826
708
411
1262
2019
1103
16
-1928
-5235
-5160
-3454
-3862
-2552
-864
-745
1247
3071
3576
3986
2234
452
421
-291
-1179
-1695
-2363
-2824
-3143
-2687
-1783
-1507
-1592
-1944
-1987
-575
2682
6159
6945
5864
5188
4749
4512
3337
1336
1022
784
-339
-152
241
630
1732
1008
-1250
-2130
-1433
-673
-973
-1296
-396
730
1532
2024
1707
1065
570
-215
-1324
-2169
-2533
-2776
-2902
-2813
-2536
-1762
-967
-840
-767
-655
-1088
-1612
-1783
-1761
-2020
-2018
-1119
-498
-191
-252
-1493
-3153
-4467
-5127
-5198
-5219
-3596
-1865
-2713
-157
3849
5186
8621
9748
7180
6873
6962
4722
3268
1185
-1810
-1626
-2136
-1981
347
738
68
-792
-936
-476
646
1554
1055
955
1416
2206
3202
2651
413
-1200
-2595
-4073
-3586
-2927
-3548
-3092
-2334
-2342
-536
1630
1572
1101
663
-104
-240
141
302
-384
-1245
-1429
-1427
-650
556
669
671
839
703
1353
2143
1905
991
-145
-524
228
1027
796
-215
-612
-348
-106
207
138
-38
6
-431
-249
895
1423
1481
1179
461
378
598
749
1024
587
-399
-871
-940
-1347
-1810
-1612
-1493
-1606
-690
488
869
748
233
174
387
180
342
687
94
-252
251
382
580
699
472
-35
-132
348
940
763
-105
14
-1211
-1560
-1428
-2331
-2417
-4262
-4296
-3832
-4050
-3151
-2892
-2625
-3370
-2417
-427
1608
4702
6788
8060
7946
7150
5704
3453
1297
-1045
-2727
-3380
-2744
-1509
-552
338
-106
-300
1022
1016
450
749
643
703
1649
2188
2466
2210
545
-711
-1861
-3199
-2867
-2456
-3490
-3932
-2830
-951
396
873
1547
1502
1051
1170
1027
602
10
37
-49
-755
-186
743
955
751
322
9
-933
-1457
-965
-701
-517
-415
-137
296
324
98
-408
-1146
-1586
-1394
-1312
-1695
-1372
70
985
555
7
-372
-1125
-1743
-1662
-1305
-883
48
1253
2059
2533
2725
2150
1017
96
80
455
107
-396
-500
-402
-105
169
196
-34
-302
-98
-79
405
2245
1873
1140
2597
2194
1498
1872
1497
1035
208
-572
-720
-1339
-1383
-95
-18
-471
-126
-128
126
278
-91
-482
-1015
-1053
-861
-307
579
515
288
443
163
-175
-114
-518
-577
-178
-578
-246
305
377
296
-445
-711
-634
-696
-878
-899
-66
1040
1381
941
298
-480
-1054
-1893
-3254
-3608
-3157
-2804
-1969
-1219
-652
619
1225
848
837
893
926
1038
586
-123
-421
-49
371
124
-25
177
-102
-723
-776
-391
-37
218
558
894
1264
1981
1908
1183
247
-620
-752
-826
-269
546
1326
2141
2435
2945
3044
2325
1111
-138
-757
-874
-708
-385
195
695
872
888
770
437
-222
-1097
-1993
-2427
-2071
-1652
-1406
-628
-266
-1033
-1747
-2436
-3633
-5121
-6205
-6058
-5626
-4971
-3358
-2915
-2329
2262
7865
10845
11996
11364
10131
9229
5956
1111
-2190
-4586
-5600
-4812
-3757
-1615
29
-629
-431
395
433
1102
1186
886
1866
3592
5665
6032
4293
2449
-413
-3506
-5183
-6555
-7271
-7179
-6267
-3680
-1029
1057
2987
3685
4108
4453
3043
1188
-10
-1005
-988
-1112
-2278
-2227
-1481
-1228
-468
-652
-1679
-1696
-2021
-1898
-287
579
1203
2095
1948
2031
2226
1300
586
-86
-1168
-1272
-1225
-1662
-1511
-1609
-1968
-1693
-1900
-2099
-1390
-1074
-661
508
1292
1770
2394
2887
2904
2421
2019
1749
979
278
76
-251
-364
-205
-184
-390
-744
-1052
-857
-808
-1095
-808
-1029
-632
6
261
1296
554
-230
-247
-1305
-1688
-1604
-1419
-1171
-662
519
1367
1583
1489
1176
593
333
725
625
221
231
106
438
1126
1073
1006
928
424
588
778
560
899
1013
663
628
1068
1760
1792
969
454
38
-446
-209
-390
-1037
-1389
-1685
-1449
-1096
-755
-461
-739
-823
-810
-658
-138
-78
-188
-334
-718
-870
-578
-408
-679
-891
-1044
-854
-223
98
221
439
364
213
498
610
497
589
334
-21
-196
-723
-1045
-944
-902
-635
-423
-390
123
702
1163
1349
843
756
878
582
614
541
139
-375
-699
-738
-1042
-1233
-1342
-1602
-1427
-964
-403
130
240
705
1072
707
489
154
-133
-264
-701
-1193
-883
-722
-1072
-513
-787
-704
355
173
266
470
790
1581
1781
1789
1508
833
315
-62
-321
-580
-1143
-1218
-941
-819
24
971
1171
1289
1702
2157
2383
2346
2072
1567
1324
1587
1817
1608
1050
507
-31
-754
-1288
-1620
-2051
-2359
-2424
-1958
-1112
-301
504
556
57
157
187
-514
-970
-1320
-1741
-1294
-1256
-1596
-797
-353
-163
490
334
217
689
657
370
604
1065
1306
1483
1609
1818
1670
824
165
-553
-1572
-1868
-1994
-2696
-2506
-1437
-1062
-656
199
353
356
656
407
159
258
-71
-397
-451
-689
-570
-236
-347
-384
-188
-202
-204
-133
-227
-20
293
404
526
806
1042
818
610
260
-160
-554
-755
-836
-1097
-393
-2
6
491
647
875
763
717
907
889
955
976
902
600
581
813
426
-190
-236
-180
-422
-518
-307
-172
-424
-508
-301
-246
-157
-30
-82
-117
158
454
246
-51
45
88
182
329
175
309
438
207
195
163
144
400
457
311
371
395
265
95
-293
-556
-587
-844
-1063
-977
-720
-440
-276
-128
-34
-122
-101
49
-88
-89
281
339
407
720
886
947
711
431
260
-146
-400
-482
-692
-738
-484
-181
13
257
406
169
-299
-659
-933
-1270
-1481
-1560
-1497
-1135
-838
-692
-380
-71
88
241
271
193
195
77
13
58
135
428
474
455
692
648
351
352
16
-591
-285
-145
-205
261
436
654
945
1141
1339
1338
1161
621
237
254
81
-113
-363
-774
-913
-843
-594
-330
-337
-328
-373
-415
-199
-90
-132
-298
-583
-524
-293
-124
154
196
37
85
218
342
529
673
622
557
668
903
1219
1284
1084
994
745
496
626
429
-2
-268
-700
-771
-506
-368
-235
-404
-746
-786
-616
-490
-445
-491
-571
-392
57
505
769
854
733
398
157
29
-159
-278
-537
-849
-545
61
574
1093
1148
850
669
378
20
-308
-720
-1057
-1182
-996
-626
-272
30
-57
-391
-511
-604
-625
-536
-593
-600
-511
-304
59
98
-111
-301
-769
-1214
-1294
-1306
-1203
-942
-755
-535
-231
146
560
623
437
395
319
369
670
765
902
1163
1151
1282
1474
1233
1019
772
223
25
102
2
56
90
-111
-67
46
-71
-82
-105
-256
-178
26
82
73
33
-146
-401
-542
-617
-652
-488
-264
28
539
968
1245
1438
1290
968
730
417
130
9
-108
-146
23
159
195
262
127
-218
-464
-788
-1068
-1023
-1052
-1003
-688
-549
-323
-22
-94
-101
-132
-395
-376
-334
-400
-207
-96
-55
197
349
454
629
569
369
259
178
163
295
339
305
382
410
476
556
472
260
-15
-308
-557
-614
-648
-571
-380
-304
48
409
443
559
469
142
28
-160
-285
-268
-513
-600
-536
-632
-586
-480
-546
-634
-628
-659
-641
-476
-370
-281
-61
87
226
498
580
569
533
288
83
-81
-215
-188
-127
-60
109
299
475
702
828
755
634
500
364
332
319
186
23
-131
-279
-297
-240
-288
-369
-425
-484
-345
-74
98
283
411
460
693
902
952
959
732
450
367
273
234
207
-31
-243
-337
-400
-334
-266
-322
-333
-244
-81
155
312
232
8
-240
-479
-595
-650
-796
-913
-974
-951
-727
-500
-377
-296
-319
-269
-46
169
386
525
526
602
736
835
899
755
424
122
-139
-279
-297
-373
-449
-383
-229
33
312
352
267
47
-199
-265
-283
-274
-342
-413
-442
-413
-234
-135
-185
-265
-218
-46
331
735
892
969
842
616
578
444
234
41
-319
-462
-306
-221
-86
-139
-437
-554
-578
-525
-300
-183
-172
-23
166
437
745
734
512
196
-132
-257
-343
-472
-608
-801
-827
-637
-396
-108
8
-69
-84
-27
155
451
635
721
805
838
864
868
698
374
18
-346
-565
-511
-361
-187
40
169
266
396
376
292
196
-48
-256
-327
-346
-211
-29
24
64
87
45
43
35
-74
-186
-280
-357
-283
-86
73
202
257
164
115
52
-124
-267
-455
-631
-663
-564
-402
-175
2
78
113
105
181
84
64
81
-88
57
126
133
290
283
143
46
-55
-217
-177
-205
-271
-183
-141
-1
156
241
295
274
211
175
130
83
45
-54
-116
-108
-54
34
106
123
114
129
129
142
144
79
32
7
11
95
169
195
213
189
163
161
96
-5
-133
-289
-364
-374
-333
-268
-251
-235
-220
-170
-108
-123
-171
-257
-327
-296
-228
-142
-54
-2
68
163
261
344
338
275
191
114
115
132
135
139
115
126
174
211
212
149
54
-38
-84
-90
-86
-77
-67
-42
13
75
123
126
91
38
-2
-19
-19
-19
-29
-25
-5
40
85
122
113
76
54
4
-13
-33
-68
-110
-139
-143
-178
-130
-151
-188
-159
-208
-177
-141
-143
-122
-127
-119
-93
-60
-36
-29
-35
-26
-6
19
38
21
-9
-35
-45
-29
-9
0
0
15
60
132
201
239
234
205
177
163
155
131
90
48
34
55
93
115
96
42
-16
-55
-71
-84
-105
-126
-119
-63
30
123
174
173
135
88
43
-7
-75
-157
-228
-258
-236
-179
-125
-96
-90
-84
-64
-35
-16
-17
-33
-34
-5
50
103
127
114
81
47
24
2
-33
-80
-116
-121
-81
-14
51
93
112
120
130
138
127
88
29
-26
-59
-61
-45
-30
-28
-29
-17
19
66
101
108
92
79
91
125
155
157
127
84
55
41
21
-25
-100
-183
-243
-261
-255
-237
-220
-206
-173
-121
-64
-18
-6
-24
-46
-63
-61
-52
-53
-55
-56
-49
-19
1
9
6
-14
-20
-8
9
38
62
80
110
136
160
177
170
150
123
89
59
33
14
12
16
31
51
74
101
126
143
149
140
118
99
86
79
73
51
18
-14
-39
-50
-60
-80
-101
-109
-90
-44
2
33
39
32
25
21
3
-36
-103
-174
-222
-237
-228
-216
-221
-227
-222
-197
-162
-136
-132
-134
-113
-62
11
75
107
105
86
67
52
30
-13
-57
-85
-67
1
79
148
188
195
205
211
197
171
119
62
42
54
90
128
136
118
94
74
60
40
9
-27
-41
-20
30
83
114
111
84
50
18
-15
-59
-109
-149
-161
-135
-92
-54
-39
-49
-67
-81
-90
-101
-120
-138
-142
-123
-91
-60
-49
-66
-97
-127
-144
-147
-138
-122
-95
-54
-2
50
83
88
71
47
33
35
49
68
89
115
145
176
192
185
155
115
83
67
65
69
71
77
88
102
114
109
84
45
9
-11
-15
-8
-5
-4
-2
4
7
0
-24
-58
-89
-105
-102
-85
-62
-40
-21
-5
3
2
-17
-52
-97
-131
-140
-122
-96
-77
-75
-78
-65
-38
-19
-27
-62
-99
-110
-90
-55
-27
-13
-2
13
31
40
33
11
-9
-19
-15
-1
19
42
69
101
128
148
154
142
120
95
78
67
64
59
57
56
59
65
69
65
52
38
27
22
20
17
12
4
-2
-9
-17
-31
-49
-66
-77
-82
-77
-70
-63
-57
-50
-44
-39
-36
-38
-43
-50
-55
-55
-53
-49
-47
-47
-49
-49
-51
-52
-57
-59
-54
-45
-30
-13
4
18
33
45
55
58
56
48
39
33
29
26
23
20
21
27
37
51
62
70
76
77
77
73
64
52
40
26
17
12
11
15
17
14
3
-8
-20
-25
-32
-41
-52
-58
-53
-39
-21
-9
-6
-8
-12
-20
-33
-52
-71
-85
-93
-93
-87
-79
-70
-60
-50
-40
-32
-25
-19
-10
4
21
39
57
68
73
71
61
47
29
10
-4
-10
-10
1
18
38
60
81
95
103
103
96
84
68
52
39
28
20
15
7
2
-4
-9
-14
-20
-22
-21
-17
-10
-4
2
5
5
2
-5
-15
-31
-48
-65
-80
-90
-95
-96
-93
-84
-73
-59
-44
-30
-17
-5
6
13
16
13
6
-4
-17
-28
-39
-45
-48
-44
-34
-20
-5
10
24
35
44
51
58
65
71
77
82
84
82
74
63
47
28
8
-14
-31
-40
-39
-32
-18
1
20
38
51
58
56
48
36
20
4
-9
-21
-30
-34
-37
-40
-42
-45
-48
-49
-46
-40
-30
-20
-7
4
12
16
13
6
-8
-24
-41
-55
-65
-72
-72
-66
-55
-41
-26
-10
5
19
31
40
48
51
53
50
45
39
31
20
10
1
-6
-7
-4
2
14
31
47
62
73
79
79
74
65
53
41
28
18
8
2
-5
-9
-12
-14
-15
-15
-12
-8
-5
-1
2
5
4
2
-4
-14
-25
-38
-51
-63
-71
-76
-78
-75
-69
-60
-50
-40
-32
-25
-18
-13
-9
-7
-6
-5
-2
-1
-1
-5
-9
-13
-16
-17
-17
-14
-9
-2
7
15
24
32
40
47
51
50
44
36
29
23
20
17
16
15
14
15
16
17
18
17
17
18
20
22
23
24
23
21
15
8
0
-9
-16
-22
-27
-30
-29
-23
-15
-7
-2
1
3
4
3
-2
-5
-9
-12
-13
-13
-13
-12
-11
-12
-13
-16
-18
-20
-19
-17
-14
-9
-4
1
6
9
10
9
7
5
2
0
-1
0
2
7
12
17
20
22
22
20
17
13
10
10
11
13
16
17
17
16
12
10
6
3
1
1
1
2
2
2
1
0
-3
-8
-12
-18
-22
-26
-27
-27
-25
-23
-21
-19
-17
-16
-16
-16
-14
-12
-10
-7
-5
-3
-1
-3
-4
-5
-8
-10
-11
-11
-11
-10
-6
-3
3
8
12
16
18
18
17
15
13
10
9
8
9
10
12
14
13
14
14
14
15
15
16
16
16
16
15
14
13
10
7
5
1
-2
-5
-6
-8
-9
-9
-10
-9
-10
-10
-11
-11
-12
-12
-12
-13
-14
-14
-16
-17
-19
-21
-22
-22
-23
-22
-19
-16
-11
-7
-2
1
4
5
7
10
11
12
13
12
12
11
11
10
12
14
13
14
15
16
17
20
22
25
28
28
28
26
24
19
15
12
9
6
3
2
1
1
0
-1
1
-1
1
1
0
-2
-4
-7
-9
-11
-13
-15
-17
-19
-22
-24
-26
-28
-29
-30
-30
-29
-28
-27
-26
-25
-25
-24
-24
-25
-26
-24
-26
-25
-25
-24
-21
-19
-15
-10
-6
-1
5
8
13
17
20
23
26
30
31
33
33
35
35
35
35
36
34
34
34
32
32
32
32
32
32
31
29
26
23
19
15
11
6
4
2
-1
-2
-5
-6
-7
-8
-7
-9
-11
-12
-13
-16
-18
-22
-23
-24
-24
-23
-21
-20
-18
-18
-18
-20
-23
-25
-28
-30
-32
-32
-32
-31
-30
-28
-26
-24
-22
-19
-17
-15
-11
-8
-4
0
4
8
11
13
14
16
15
15
17
18
20
23
25
27
29
30
31
31
31
30
28
26
24
23
21
19
18
15
14
12
10
9
8
7
7
6
6
5
4
1
-2
-4
-9
-12
-15
-18
-19
-20
-21
-19
-19
-18
-17
-14
-13
-14
-14
-14
-16
-14
-15
-16
-16
-16
-16
-17
-17
-17
-16
-16
-15
-13
-9
-6
-3
1
3
4
4
6
6
6
6
5
4
2
1
0
0
0
1
4
8
12
15
18
20
23
24
24
23
21
19
17
15
13
12
9
9
7
6
5
5
4
4
5
2
3
3
1
3
3
3
2
0
-2
-5
-9
-10
-12
-13
-14
-13
-14
-12
-11
-9
-7
-6
-6
-4
-4
-5
-6
-8
-9
-13
-14
-18
-20
-23
-24
-23
-22
-19
-17
-13
-9
