SAMPLES:	14153
BITSPERSAMPLE:	16
CHANNELS:	1
SAMPLERATE:	16000
NORMALIZED:	FALSE
2
2
1
0
-3
-6
-11
-14
-17
-19
-17
-15
-11
-7
-5
-2
-2
-2
-3
-3
-2
2
4
8
11
14
15
16
14
12
11
10
9
9
8
7
8
5
6
5
6
5
5
3
-1
-4
-9
-14
-17
-18
-17
-14
-10
-5
0
1
0
-3
-7
-11
-14
-15
-13
-10
-5
0
4
6
6
5
5
4
4
5
6
7
7
6
4
4
2
2
2
1
2
7
10
12
11
7
4
3
0
-2
-1
1
2
-3
-3
-3
-1
-4
-8
-10
-11
-11
-10
-9
-6
-4
-3
-2
0
2
3
5
7
6
5
3
1
0
3
6
8
9
8
5
1
-1
-2
-1
1
3
3
1
0
-3
-2
-3
-4
-6
-8
-11
-12
-12
-12
-12
-11
-9
-4
0
5
7
9
10
8
6
3
2
2
1
0
3
5
5
5
5
5
4
4
3
2
1
1
0
-1
-1
-3
-5
-5
-6
-8
-9
-9
-8
-5
0
4
7
6
6
5
3
0
-4
-6
-8
-6
-3
1
5
6
6
5
4
2
-1
-3
-4
-5
-5
-5
-2
0
4
5
5
3
1
-4
-8
-10
-11
-9
-7
-6
-5
-3
-1
2
4
7
9
11
11
10
8
6
4
0
0
-1
-1
1
2
4
3
3
3
1
1
-1
0
-1
2
3
2
3
2
1
3
4
4
2
-1
-4
-6
-8
-9
-10
-10
-9
-7
-5
-4
-3
-3
-3
-3
-3
-4
-4
-3
-2
0
2
4
6
7
8
6
6
4
2
1
0
0
0
0
1
1
0
-1
-3
-4
-4
-3
-2
0
2
4
5
6
5
5
4
2
1
0
-1
-2
-2
-4
-4
-4
-4
-2
-1
1
0
1
-1
0
0
-1
-4
-7
-8
-7
-4
-1
3
6
8
9
9
7
4
2
3
4
6
7
8
8
7
6
4
2
-1
-3
-4
-8
-8
-9
-10
-12
-12
-13
-13
-13
-14
-15
-15
-11
-5
2
9
13
14
12
7
1
-5
-10
-10
-9
-7
-3
1
3
6
9
12
14
15
14
10
7
1
-1
-2
0
3
7
8
5
3
1
1
2
0
-1
-4
-7
-8
-9
-10
-10
-11
-9
-5
-2
1
4
7
7
7
8
5
3
1
-1
-2
-2
-1
1
3
6
8
9
7
4
0
-1
-3
-6
-7
-8
-8
-4
0
3
6
8
9
9
8
7
2
-1
-4
-7
-8
-8
-5
-2
1
3
4
5
3
2
1
0
0
1
1
1
1
1
-2
-4
-6
-9
-10
-9
-7
-3
2
6
9
9
6
1
-4
-9
-10
-9
-9
-7
-5
-3
-2
-2
-1
-2
-1
-1
-3
-7
-10
-12
-12
-8
-5
0
6
12
19
23
26
22
16
10
4
1
0
-1
-1
2
6
10
15
14
14
9
4
0
-3
-6
-7
-7
-5
-2
0
2
4
5
5
5
4
0
-5
-11
-16
-20
-21
-20
-17
-13
-9
-6
-5
-2
-2
-2
-3
-2
1
3
7
11
15
17
19
16
14
10
6
2
-2
-3
-6
-7
-8
-7
-5
-3
-1
2
3
5
6
2
0
-2
-5
-6
-6
-6
-5
-3
0
4
7
8
4
1
-4
-7
-8
-9
-8
-6
-2
2
3
3
1
0
-2
-4
-5
-3
0
4
8
11
13
15
15
15
14
11
8
4
-2
-7
-11
-12
-11
-7
-3
0
1
1
-1
-3
-6
-5
-6
-6
-6
-7
-7
-6
-3
-1
3
3
1
0
-2
-4
-5
-5
-4
-3
-2
-2
-1
0
1
3
4
4
3
2
1
2
2
6
9
11
12
12
10
9
7
6
4
1
-2
-6
-8
-11
-12
-11
-9
-7
-4
-2
1
0
-2
-5
-5
-4
-2
0
2
2
5
7
6
4
1
-2
-5
-7
-7
-6
-5
-3
0
3
3
2
0
-1
0
1
7
12
16
19
18
15
10
6
3
2
1
2
3
3
2
0
-2
-5
-6
-7
-9
-9
-9
-8
-7
-6
-5
-4
-6
-5
-7
-6
-5
-3
-1
0
2
0
1
1
-2
-2
-3
-2
-1
0
2
3
3
4
3
1
-3
-5
-8
-7
-6
-4
-1
2
2
3
2
1
1
0
0
-2
-3
-5
-6
-7
-6
-4
0
4
8
12
16
17
17
17
17
17
14
12
11
10
9
5
2
-2
-4
-4
-3
-3
-4
-6
-8
-8
-10
-9
-11
-11
-11
-14
-12
-13
-12
-10
-8
-6
-3
-2
-3
-5
-5
-8
-8
-7
-6
-4
0
4
8
12
14
13
12
9
6
4
3
4
4
7
8
10
12
12
12
11
10
7
4
0
-2
-5
-6
-6
-6
-7
-7
-6
-3
1
2
5
3
2
1
-1
-3
-4
-6
-5
-5
-5
-6
-5
-4
-4
-4
-3
-1
0
1
1
-1
0
-1
-2
-3
-3
-3
-4
-3
-1
1
2
5
5
6
5
3
0
-4
-6
-7
-4
-1
4
8
10
10
7
3
-1
-4
-4
-6
-4
-3
-2
-1
2
5
7
9
8
6
0
-5
-8
-9
-7
-4
-1
3
6
6
6
5
3
4
4
6
7
8
8
6
3
0
-3
-5
-7
-5
-6
-8
-11
-13
-14
-15
-15
-14
-14
-12
-10
-8
-7
-2
-1
0
1
1
-2
-2
-2
0
3
8
14
19
22
23
20
14
6
1
-2
-3
-1
2
6
9
10
9
7
6
3
4
3
0
1
-1
0
2
3
3
2
3
4
4
4
2
0
-3
-4
-6
-6
-7
-9
-9
-9
-10
-11
-10
-7
-5
-4
-2
2
1
-5
-8
-8
-7
-8
-10
-10
-8
-6
-6
-3
-2
1
3
4
6
6
7
7
7
6
3
1
1
2
3
8
9
10
10
6
2
0
-2
-2
0
0
-1
-2
-3
-3
-3
-3
-1
-2
-1
-3
-3
-4
-2
1
3
6
9
8
7
6
5
1
0
1
-1
-1
0
1
3
4
5
3
1
-1
-4
-5
-5
-5
-4
-3
-3
-4
-4
-5
-7
-8
-11
-8
-6
-5
-4
-4
-2
2
7
13
16
20
19
17
13
5
-3
-9
-13
-13
-13
-10
-6
-4
-1
-2
0
-2
-5
-9
-11
-12
-12
-9
-5
1
8
13
19
18
17
14
9
6
5
5
6
8
10
11
10
10
7
3
-1
-5
-5
-5
-4
-4
-7
-12
-14
-14
-9
-3
2
8
11
10
8
6
1
-4
-10
-15
-20
-22
-23
-17
-12
-6
-2
-2
-4
-7
-10
-11
-9
-5
0
6
10
12
12
11
8
4
4
4
8
13
18
22
22
19
13
6
0
-5
-6
-8
-6
-3
0
3
4
2
2
2
4
8
10
11
11
10
9
7
5
1
-4
-11
-14
-18
-22
-21
-19
-16
-12
-9
-7
-6
-6
-7
-8
-10
-11
-12
-12
-9
-4
2
7
11
13
15
16
14
13
8
2
-5
-10
-11
-10
-5
-1
3
6
8
8
8
5
2
3
3
3
3
0
0
0
1
2
3
4
2
2
0
-4
-7
-8
-9
-7
-5
-1
2
4
6
7
7
6
5
3
1
0
-1
0
0
1
1
3
3
3
2
1
1
0
0
0
0
0
-1
-1
0
0
0
0
0
0
0
-2
-5
-8
-10
-11
-10
-7
-4
-2
-2
-3
-3
-5
-8
-9
-7
-4
1
1
0
-1
-4
-6
-6
-4
0
2
3
6
8
11
15
20
23
25
25
23
23
22
22
20
16
8
1
-5
-9
-11
-13
-12
-13
-16
-17
-19
-20
-20
-22
-22
-19
-14
-7
0
8
13
15
13
8
3
-2
-6
-9
-9
-7
-3
1
4
3
2
1
1
0
-1
-4
-6
-7
-5
-1
1
3
5
6
5
4
2
2
2
4
7
11
14
14
15
13
8
4
-2
-6
-9
-7
-5
-1
3
6
6
4
-1
-7
-14
-20
-24
-25
-24
-20
-13
-5
4
10
13
13
10
5
-1
-6
-9
-7
-5
0
3
5
7
8
7
4
0
-5
-7
-5
-5
-3
-2
-2
-1
1
2
4
5
4
5
5
6
6
7
9
11
12
12
11
9
6
3
0
-2
-4
-5
-7
-7
-6
-7
-7
-6
-5
-3
0
2
4
3
4
4
3
2
1
0
-1
-1
-1
-2
-3
-2
-1
-2
-3
-5
-4
-5
-4
-3
-2
2
4
6
7
7
5
2
1
0
1
4
7
9
9
8
4
0
-5
-8
-10
-10
-9
-7
-4
-2
0
3
4
4
2
-4
-10
-15
-20
-21
-21
-15
-9
-2
2
4
5
5
3
-1
-4
-7
-7
-3
0
3
4
3
3
4
6
7
9
9
11
11
13
12
10
9
9
10
10
11
10
7
5
4
3
1
-3
-6
-9
-10
-10
-11
-11
-10
-8
-6
-3
0
1
2
4
4
4
3
2
2
1
0
-1
-2
-3
-4
-4
-2
1
4
6
4
1
-1
-2
-2
-1
-3
-4
-4
-3
-3
-3
-4
-7
-7
-5
-3
-1
0
0
-1
-2
-2
-3
-3
-4
-2
-4
-4
-6
-6
-5
-3
-1
1
3
4
4
4
4
3
3
4
7
10
11
11
7
4
0
0
2
4
7
9
9
9
7
7
7
8
9
7
5
2
-2
-4
-7
-10
-11
-11
-10
-12
-14
-12
-11
-7
-5
-3
-3
-4
-3
-4
-6
-6
-8
-7
-6
-4
-2
2
3
5
6
7
7
7
7
7
8
6
7
7
6
4
1
0
0
1
2
1
0
0
1
2
1
2
0
-1
-2
-3
-4
-5
-4
-3
-1
0
0
-1
-2
-4
-6
-5
-7
-6
-5
-5
-4
-4
-3
-2
-1
1
1
3
3
3
3
3
1
3
3
3
3
2
1
-1
-2
-3
-3
-3
0
3
5
6
8
8
7
8
8
8
7
6
4
2
0
-1
-1
-1
-2
-3
-4
-5
-6
-7
-8
-8
-7
-6
-2
0
1
1
1
-1
-1
-2
0
3
3
2
2
0
-1
-2
-1
-2
-2
-2
-1
-1
0
-1
-6
-8
-9
-6
-1
5
11
14
13
10
9
6
2
2
1
3
5
7
6
5
3
4
2
2
2
0
-3
-7
-11
-15
-19
-20
-20
-17
-13
-12
-11
-9
-10
-9
-9
-10
-10
-13
-13
-15
-19
-23
-25
-27
-26
-24
-19
-14
-8
1
10
20
32
53
83
119
161
213
267
318
373
434
494
533
529
485
407
302
173
29
-122
-271
-417
-549
-657
-729
-770
-783
-771
-731
-656
-550
-423
-278
-122
37
195
343
471
565
636
676
656
602
497
335
168
-19
-231
-422
-605
-775
-923
-1042
-1086
-1060
-974
-827
-668
-469
-222
-8
224
474
642
794
937
992
1030
1046
951
823
683
476
296
162
4
-91
-123
-180
-179
-149
-172
-151
-142
-190
-189
-230
-308
-326
-401
-465
-468
-528
-533
-490
-478
-372
-250
-160
15
189
362
601
801
994
1230
1417
1570
1696
1701
1636
1485
1194
890
604
263
-30
-279
-568
-803
-998
-1215
-1355
-1485
-1688
-1859
-2056
-2321
-2550
-2788
-3036
-3205
-3339
-3378
-3260
-3075
-2800
-2416
-2008
-1532
-937
-294
393
1165
1873
2504
3148
3633
3987
4325
4469
4537
4600
4450
4295
4115
3745
3497
3246
2850
2653
2451
2203
2198
2129
2015
2081
1976
1816
1800
1541
1205
951
389
-286
-917
-1856
-2889
-3813
-4970
-6098
-7009
-8055
-8892
-9453
-9988
-10193
-10189
-10022
-9428
-8670
-7605
-6123
-4631
-2782
-685
1195
3382
5526
7282
9235
10829
11890
12940
13444
13449
13344
12630
11555
10440
8871
7116
5405
3420
1473
-302
-2178
-3812
-5180
-6561
-7652
-8515
-9347
-9887
-10228
-10501
-10499
-10305
-10017
-9467
-8712
-7912
-6917
-5779
-4692
-3428
-2073
-842
588
2045
3320
4727
5975
6977
7993
8669
9105
9472
9379
9153
8908
8216
7509
6791
5636
4621
3643
2320
1326
361
-895
-1661
-2402
-3346
-3730
-4156
-4708
-4710
-4830
-5002
-4694
-4580
-4461
-3944
-3651
-3255
-2527
-2049
-1445
-630
-133
496
1237
1676
2290
2950
3339
3943
4488
4748
5279
5537
5563
5852
5594
5267
5056
4132
3365
2574
1008
-235
-1647
-3839
-5473
-7222
-9437
-10793
-12143
-13616
-14102
-14415
-14520
-13549
-12341
-10924
-8643
-6407
-4239
-1500
919
3068
5623
7613
9151
10863
11759
12120
12561
12190
11461
10855
9599
8230
7039
5425
3964
2755
1337
257
-604
-1595
-2221
-2756
-3439
-3781
-4162
-4674
-4813
-5011
-5254
-5071
-4925
-4765
-4138
-3528
-2855
-1706
-569
637
2209
3732
5224
6845
8301
9600
10738
11582
12244
12475
12443
12029
11115
9973
8318
6336
4077
1553
-1400
-4394
-7438
-10780
-13747
-16661
-19295
-21740
-23490
-24614
-25366
-24123
-23095
-22080
-19110
-16863
-14251
-9645
-5953
-2078
3417
7500
11540
16597
19533
21748
24157
24286
23892
23886
22181
20467
18902
16176
13566
10893
7742
4592
1531
-1468
-4278
-6937
-8923
-10748
-12670
-13511
-14696
-15644
-15773
-16304
-16237
-16039
-15591
-14891
-14250
-12794
-11588
-10334
-8021
-6255
-4511
-1559
604
2630
5705
7794
9538
11990
13414
14262
15663
16122
15879
16190
15625
14390
13756
12293
10356
9223
7279
5241
4110
2174
514
-378
-1924
-3016
-3395
-4352
-4679
-4580
-4868
-4457
-4216
-3756
-3154
-2935
-2336
-2199
-2299
-2546
-2986
-3968
-5080
-6172
-8141
-9403
-10957
-13253
-13808
-14832
-16675
-15295
-15234
-15681
-11629
-10582
-8676
-2797
-982
2654
8628
10766
14300
18766
19596
20875
22546
21103
20322
19923
16879
14711
12736
8925
6101
3368
-87
-2499
-4884
-7348
-8703
-10112
-11372
-11505
-12068
-12492
-11966
-12260
-12399
-11504
-11438
-11835
-10414
-9839
-10733
-8348
-7120
-8000
-4488
-2319
-3088
1308
3932
2807
7675
9558
8356
12567
13013
11978
14124
13435
12181
12228
11000
9492
8269
6977
5529
3821
3019
1936
596
595
63
-582
-132
-44
-225
373
1141
937
1809
2649
1896
3002
2884
1590
2441
1075
-497
-706
-3028
-5076
-6478
-9104
-11744
-13496
-15861
-18529
-19097
-20236
-21417
-19798
-19672
-18870
-15313
-13793
-10541
-5299
-2586
2014
7538
10463
14715
18967
20420
22301
23847
22732
22206
21540
18777
16984
14862
11267
8647
5653
2065
-538
-3299
-5997
-7799
-9640
-11093
-11939
-12929
-13437
-13680
-13968
-13823
-13496
-13170
-12765
-11778
-11156
-10474
-8887
-8179
-6740
-4458
-3325
-1222
1384
2766
4789
7340
8738
10085
11871
12676
12949
13475
13755
12689
12249
12323
9675
9305
8870
5481
5665
4645
2020
2152
1386
-189
-213
-202
-1073
-784
-434
-517
-222
272
611
469
1218
1251
700
1256
529
-474
-657
-2232
-3924
-5056
-7325
-9592
-11278
-13899
-16192
-17596
-19359
-20287
-20060
-19593
-18917
-17071
-14350
-12073
-8282
-3634
-288
4461
9607
12798
17140
20777
21615
23157
23673
22082
21213
20035
17261
14844
12561
8767
5669
3102
-523
-3088
-5065
-7629
-9187
-10207
-11579
-12348
-12767
-13031
-13097
-13145
-12634
-12452
-12415
-11396
-10852
-10463
-9089
-8145
-7205
-5434
-3842
-2211
-79
2041
3990
6149
8309
9797
11336
12868
13381
13971
14435
13873
13522
12884
11552
10479
9166
7603
6311
4802
3625
2562
1120
640
-130
-1110
-1035
-1387
-1774
-1236
-1178
-1485
-397
-536
-1114
226
-530
-1122
-260
-1624
-2332
-2508
-4613
-5687
-6837
-9452
-10744
-12283
-14547
-15915
-16766
-17820
-18360
-17118
-16704
-15584
-12051
-10141
-6903
-1709
916
5097
10515
12877
16644
20410
20707
21822
22664
20885
19892
19081
15958
13657
11642
7598
4790
2258
-1527
-3972
-6065
-8743
-10223
-11217
-12540
-13054
-13226
-13645
-13674
-13277
-12928
-12673
-12130
-11479
-10839
-9935
-8775
-7470
-6242
-4834
-2922
-1155
647
3054
5076
6748
9046
10842
11890
13473
14527
14550
15047
15152
14128
13549
12946
11353
10104
9160
7511
5962
5017
3702
2396
1745
898
-27
-614
-1063
-1855
-2367
-2455
-3144
-3146
-3031
-3679
-3389
-3831
-4511
-4168
-5093
-5835
-6099
-7509
-8952
-9640
-11277
-13078
-13727
-15514
-16587
-16621
-16991
-16635
-15241
-13753
-11813
-7979
-5056
-864
3550
6787
11859
15298
18835
21944
22617
23081
22997
21944
20601
19361
16430
13578
10793
6738
3900
933
-2975
-5674
-8022
-10801
-12121
-13029
-14348
-14763
-15087
-15294
-14834
-14202
-13519
-12989
-12356
-11368
-10531
-9342
-7634
-6403
-5143
-3187
-1235
642
2950
5127
6668
8392
10385
11848
13062
14237
14694
14698
14842
14713
14136
13450
12400
10894
9540
8387
7022
5623
4381
2980
1603
722
40
-842
-1572
-1984
-2505
-3046
-3060
-3067
-3506
-3542
-3333
-3656
-3876
-3693
-3967
-4740
-5222
-5872
-7280
-8187
-8863
-10574
-12015
-13170
-14709
-15452
-15753
-15542
-14914
-14304
-12143
-9798
-7654
-3217
325
2912
8035
11564
14194
18600
20570
20995
22343
22153
20801
20448
18420
15286
12825
9433
5898
2568
66
-3312
-6758
-8283
-10781
-12353
-12677
-14018
-14863
-14881
-15157
-14967
-13968
-13658
-13351
-12537
-11749
-10561
-9145
-7630
-6117
-4803
-2917
-642
1179
3564
5912
7224
9239
11382
12397
13879
15146
14924
15020
15255
14405
13802
13234
11638
10121
8991
7551
6058
4850
3604
1984
699
94
-843
-1768
-2117
-2849
-3540
-3470
-3602
-3674
-3426
-3724
-3692
-3469
-3950
-3723
-3819
-5100
-5431
-6265
-8166
-8680
-9531
-11574
-12689
-13588
-14873
-15640
-15214
-14814
-14831
-13004
-10831
-9191
-5247
-918
1493
5802
10627
12992
17211
20859
21271
22468
23088
21744
20936
19855
16785
13955
11208
7281
4114
1466
-2057
-5445
-7902
-10293
-12223
-13177
-13816
-14906
-15674
-15228
-15464
-15171
-13634
-13693
-13469
-11991
-11266
-10180
-8066
-6498
-5583
-3394
-1048
478
3328
5754
7017
9212
11209
12639
14402
15668
16185
16365
16385
16358
15678
14664
13571
11637
9857
8599
6865
5045
3513
1892
92
-1040
-1678
-3063
-3838
-4056
-5329
-5461
-4942
-5488
-5031
-4703
-5043
-4494
-4568
-4191
-3632
-4573
-4598
-4942
-6416
-6644
-7378
-9232
-10329
-11907
-13505
-14032
-14663
-14205
-13892
-13711
-11009
-9115
-7063
-2073
1001
3448
8538
11760
14485
18905
20779
21301
22329
21827
20704
20087
17768
14404
11793
8093
4433
1963
-1393
-4809
-7291
-9794
-11780
-12743
-13691
-14724
-15368
-15588
-15369
-14873
-14176
-13658
-13382
-12711
-11649
-10304
-8775
-7140
-5642
-4401
-2193
247
2014
4633
7227
8194
10313
13038
13749
15296
16691
16400
16313
16669
16263
14890
14452
12635
10257
9299
7494
5709
4143
2589
638
-977
-1427
-2657
-3759
-3927
-4755
-5362
-4899
-4867
-4689
-4057
-4284
-3968
-3410
-3681
-3055
-2767
-3656
-3956
-4713
-6176
-6687
-7768
-9709
-10561
-12164
-13842
-13910
-14543
-14372
-13672
-13358
-10970
-8905
-6554
-1652
1173
3887
9232
12248
15085
19576
20919
21204
22298
21587
20448
19499
17178
13813
10781
7554
3925
1280
-1810
-5698
-8454
-10681
-12941
-13807
-14140
-15582
-16181
-15863
-16090
-15306
-14020
-13835
-13280
-12037
-11043
-9624
-7811
-6262
-4959
-3435
-1090
1340
3349
5888
8173
9464
11554
13919
15129
16453
17473
17307
17258
17410
16733
15646
14381
12629
10499
8789
7622
5393
3315
1643
-857
-2295
-2922
-4212
-5372
-5597
-6373
-7034
-6225
-6215
-6022
-5222
-5258
-4746
-4239
-4213
-3478
-3500
-4523
-4698
-5420
-6710
-7137
-8497
-10446
-11378
-12679
-13867
-13817
-13834
-13672
-12854
-11436
-9149
-6909
-3527
738
3255
6710
11268
13819
17260
20747
21025
21545
22224
20825
19807
18723
15666
12287
9189
5633
2227
-740
-3935
-7168
-9810
-12028
-13702
-14458
-15121
-16143
-16476
-16253
-16158
-15357
-14286
-13925
-13236
-12043
-10839
-9159
-7332
-5745
-4142
-2291
26
2298
4538
7069
9006
10678
12873
14534
15828
17378
17893
17707
17969
17637
16825
16100
14511
12448
10602
8664
6751
4715
2654
739
-1436
-2740
-3790
-5318
-5827
-6347
-7219
-7015
-6760
-6961
-5970
-5486
-5911
-4944
-4798
-4915
-4252
-4726
-5500
-6017
-7108
-8188
-8592
-10079
-11565
-12105
-13317
-14263
-13588
-12604
-12647
-10735
-8193
-7070
-3113
1657
4046
7723
12052
14109
17426
21185
21754
22175
22450
21009
19942
18736
16128
12956
9325
5616
2346
-883
-3866
-6887
-10123
-12516
-14142
-15348
-15752
-16374
-17359
-17251
-16871
-16446
-14762
-13917
-14197
-12705
-11066
-10290
-7784
-5557
-4946
-2780
-87
1554
4404
7631
9346
11163
13689
15416
16791
18755
19608
19073
19104
18955
17874
16922
15644
13521
11013
8881
7063
4490
2241
578
-2083
-3905
-4647
-6346
-7218
-7176
-8165
-8523
-7861
-7552
-6909
-5989
-5505
-5098
-4665
-3909
-3370
-3792
-3761
-4054
-5628
-5968
-6504
-8596
-9213
-10128
-12353
-12929
-12960
-13029
-12385
-11465
-9788
-8332
-5730
-962
2002
4859
9404
11687
14578
19343
20619
21037
22557
20976
19334
19674
17371
13788
10991
6976
3210
240
-2983
-5494
-8586
-12123
-13772
-14720
-15693
-16044
-16511
-17080
-17181
-16419
-15065
-14205
-13641
-12758
-11696
-10305
-8315
-6187
-4632
-2960
-508
1626
3760
6806
9235
10949
13414
15485
16821
18710
19879
19746
19762
19363
18373
17550
16146
14067
11602
9074
7101
4781
2366
504
-2096
-4199
-4980
-6322
-7132
-6972
-7829
-8390
-7831
-7631
-6982
-5823
-5577
-5375
-4840
-4502
-3948
-3857
-4241
-4738
-6017
-6878
-7294
-8687
-9963
-11198
-12761
-13421
-13239
-12523
-12033
-11372
-9281
-7485
-4824
-118
2808
5553
10018
12652
15488
19578
20819
21035
21845
20915
19693
18947
16625
13451
10284
6474
3083
413
-2863
-5951
-8677
-11769
-13423
-14260
-15459
-15537
-16475
-17662
-16518
-16564
-16242
-13981
-14752
-14505
-11571
-11544
-9796
-5946
-5572
-3854
-112
1391
3968
8016
10170
11873
14593
16750
18107
19793
20844
20549
20188
19670
18699
17567
15913
13861
11245
8654
6780
4416
2068
259
-2478
-4609
-5403
-6697
-7429
-7666
-8672
-9006
-8472
-8043
-7455
-6800
-6764
-6542
-6014
-5496
-5097
-5670
-6067
-6688
-7834
-7810
-8211
-9779
-10848
-11677
-12720
-12912
-11574
-10539
-10826
-9153
-6613
-5176
-558
3784
5034
8936
12616
14222
18845
21746
20797
22199
22075
19525
19815
18375
14386
11847
8322
3938
1254
-1347
-4882
-8133
-10926
-13395
-14715
-15207
-16082
-16935
-17421
-17714
-17198
-16017
-14913
-14470
-14373
-13097
-11370
-10134
-7700
-5276
-4472
-2388
1156
3364
6203
9918
11469
13114
16459
18281
19143
21331
21156
19539
20388
19694
17737
17095
14984
11489
9337
7665
4820
2623
840
-2059
-4409
-5204
-6361
-7708
-7866
-8852
-9802
-8997
-8805
-8540
-7463
-7561
-7360
-6496
-6345
-5480
-4973
-5803
-5936
-6409
-7421
-7194
-7820
-9746
-10266
-11007
-12378
-11049
-9955
-11018
-9182
-6802
-6265
-1805
2744
3636
7592
11633
12684
17081
20812
20169
21053
21569
19480
19133
18438
15004
11947
8743
4442
1349
-1147
-4362
-7328
-10085
-12588
-14014
-14633
-15060
-15627
-16266
-16604
-16351
-15487
-14686
-14283
-14017
-13530
-12304
-10729
-8876
-6590
-5098
-3422
-334
2253
4979
8800
11127
12716
15516
17587
18793
20586
21334
20340
19805
19610
18182
16855
15682
12711
9734
8061
5787
3370
1674
-748
-3567
-4842
-5346
-6984
-7889
-7790
-9421
-9916
-8229
-8562
-8746
-7546
-8019
-7916
-6777
-6688
-6335
-6354
-7226
-7580
-7835
-7959
-8607
-10049
-10674
-11379
-11838
-10270
-9540
-9719
-7723
-5795
-3856
597
3903
5817
9622
12627
14988
18867
20732
20777
21491
20770
19483
19013
16874
13759
10829
6767
3130
567
-2629
-5641
-8407
-11615
-13716
-14721
-15570
-16049
-16730
-17578
-17732
-17147
-16079
-15118
-14545
-13951
-13096
-11659
-9624
-7561
-5606
-3574
-1499
803
3802
7205
10004
12341
14786
16773
18339
20165
21323
20978
20291
19775
18739
17556
16315
13987
11028
8728
6707
4446
2465
440
-2145
-4187
-5097
-6025
-7032
-7829
-8589
-9304
-9588
-8805
-8147
-8336
-8026
-7541
-7604
-6766
-5678
-6081
-6233
-6289
-7194
-6949
-6820
-7731
-8737
-9704
-10485
-11373
-9895
-9143
-10307
-8052
-7005
-6092
-794
2300
3852
7963
10399
12466
17427
19891
20208
21395
20737
19629
19639
18191
15366
12474
8870
5196
2128
-825
-3564
-6713
-10012
-12339
-13877
-14713
-15184
-16014
-16891
-17391
-17146
-16164
-15279
-14803
-14511
-13795
-12448
-10714
-8516
-6770
-5173
-2559
-214
2474
6222
8760
11162
14249
15967
17830
20216
21027
21161
21219
20704
19882
18723
17384
15402
12702
10495
8418
5983
3878
1682
-879
-2922
-4196
-5394
-6548
-7293
-8402
-9476
-9460
-9219
-9155
-8737
-8711
-8867
-8493
-7931
-7003
-6842
-7040
-7035
-8000
-7945
-7446
-8227
-8667
-9507
-11049
-10901
-9513
-9254
-8821
-7251
-6833
-5371
-748
2200
4321
8399
10092
11846
16690
19131
19444
21073
20844
18716
19290
18694
14567
13051
10254
4532
2645
394
-3528
-5335
-8317
-11835
-13023
-13935
-14712
-14931
-16017
-16932
-17215
-16497
-15116
-15198
-14851
-13910
-13812
-11936
-9243
-8140
-6165
-3365
-1729
811
4625
7453
9895
12635
14574
16215
18437
20275
20790
20486
20231
19389
17955
17325
16049
13051
10923
9204
6253
4558
3475
385
-1943
-2803
-4892
-6045
-5820
-7510
-9011
-8775
-9302
-9333
-8417
-8675
-9027
-8832
-8269
-7280
-7197
-7098
-6970
-8220
-8273
-7463
-8261
-8609
-8827
-10595
-11071
-9489
-8850
-8643
-6888
-6192
-5633
-1197
2318
3563
7697
10315
10956
15707
18983
18726
20563
20792
18554
18832
18258
15226
13133
10017
5627
2875
288
-2667
-5116
-8249
-11176
-12944
-14209
-14745
-15312
-16380
-17308
-17877
-17184
-16012
-15826
-15431
-14444
-13797
-12667
-9997
-7566
-6604
-4203
-941
696
3898
8062
10061
12534
15139
16481
18593
20421
21102
20968
20021
19611
18564
17008
16370
13918
10768
9617
7206
4604
3923
1333
-1638
-2508
-3938
-5526
-5681
-6642
-8500
-8756
-8874
-8990
-8406
-8722
-8870
-8922
-8910
-7762
-7531
-7671
-7248
-8528
-8725
-7210
-8259
-9201
-8622
-10108
-11718
-9758
-8792
-10071
-7925
-6672
-7494
-3172
1329
1821
5551
9563
9384
13401
18414
18156
19753
21169
18973
18939
19125
16699
14774
12176
7872
4900
2508
-591
-2797
-5681
-9473
-11525
-12468
-13453
-14133
-14759
-16013
-17051
-16577
-15396
-15004
-15102
-14431
-14002
-13789
-11350
-8746
-7997
-5907
-2915
-1528
1327
5738
7775
9917
13417
14712
16256
19238
20336
19790
20376
20614
17678
18014
18635
14053
12658
11707
7562
5871
5430
2389
-221
-1077
-3372
-4486
-4655
-6334
-7650
-7872
-8328
-8574
-7782
-8113
-8573
-8543
-8588
-7573
-7446
-7577
-7210
-8590
-9296
-8533
-9029
-9719
-9890
-10986
-12399
-12242
-10484
-9706
-9481
-7209
-6371
-5646
114
3690
4769
9664
11679
12493
18189
20658
20234
22065
20822
18710
19645
18235
15190
13073
8801
4676
2885
-40
-3246
-5422
-8651
-11718
-13271
-14070
-14426
-15432
-16866
-17559
-17913
-17417
-16170
-16037
-16102
-14871
-13951
-12996
-10176
-7799
-6525
-3617
-745
1105
4853
8571
10312
12993
15805
16926
18843
20977
20939
20274
19954
19149
18335
17711
16273
13713
11067
9253
7389
5529
4069
1393
-1457
-2659
-4019
-5620
-5813
-7288
-9348
-8952
-9286
-9521
-8331
-8739
-9510
-8580
-8296
-7894
-6224
-7205
-7527
-7428
-8962
-7535
-7744
-9553
-9341
-11294
-12635
-10714
-10276
-10423
-8838
-8370
-7303
-3238
421
2731
6079
8991
11106
15406
18958
19876
21282
21431
19985
20128
19324
16567
14357
11072
6985
4460
1733
-1641
-4247
-7287
-10512
-12134
-13157
-14317
-14904
-15761
-16924
-17095
-16641
-16037
-15375
-15329
-15178
-14269
-13040
-10857
-8402
-7082
-5175
-2302
54
3425
7455
9508
11586
14781
16489
18120
20839
21277
20429
20938
20166
18499
18324
16841
13925
12055
9760
7234
5724
3673
1149
-1122
-3330
-4769
-5656
-6562
-7506
-8763
-9683
-9631
-9351
-8927
-8763
-9164
-9097
-8722
-8101
-7247
-7171
-7603
-8073
-8552
-8455
-8451
-9563
-10350
-10772
-12357
-11213
-9285
-10306
-8135
-6109
-5967
-1538
2705
4331
8139
12267
13120
16887
21059
20471
22008
22542
19869
19804
19122
15662
13406
10400
5457
2743
226
-3520
-5718
-8078
-11365
-13010
-13693
-14655
-15246
-16034
-16845
-17283
-17394
-16444
-15837
-16169
-15286
-14117
-13492
-11033
-8387
-7209
-4464
-1255
457
3902
8060
10115
12783
15758
16796
18465
20692
20893
20594
20469
19168
17880
17156
15800
13681
11076
8873
7012
4667
3246
1779
-1250
-2757
-3516
-5308
-5538
-6132
-7987
-8128
-8352
-8689
-8067
-8422
-8419
-8218
-8551
-7377
-7002
-7787
-7271
-7894
-9256
-8795
-8982
-10718
-11055
-11197
-13219
-12378
-9882
-11374
-9917
-6072
-7093
-3541
2964
3030
6812
12628
12386
16125
21218
20320
21621
23103
20133
19690
19676
15778
13451
11371
5985
2928
1599
-2674
-5427
-6517
-10214
-12553
-12548
-13794
-14751
-15178
-16276
-16768
-16792
-16207
-15348
-15622
-15023
-13690
-13450
-11160
-7893
-7306
-5157
-1244
62
2877
7935
9660
11261
15120
16474
17383
20341
20840
19873
20257
19493
18061
17247
15822
13668
11012
8986
7335
4687
3158
1645
-1497
-2612
-3383
-5281
-5422
-6011
-7590
-7836
-7843
-8062
-7627
-7817
-7897
-7812
-8590
-7331
-6998
-8429
-7239
-7965
-9874
-8629
-8970
-11001
-10959
-11090
-13334
-12856
-10516
-11677
-10619
-7017
-7099
-4857
1228
3257
5558
11376
12874
14610
20032
20725
20705
22733
20494
18954
19514
16418
13691
11798
7337
4205
2352
-917
-3586
-5827
-8546
-10634
-11974
-12842
-13701
-15018
-15665
-15880
-16889
-16384
-15504
-15990
-15713
-14396
-13637
-12670
-9449
-7726
-6349
-2878
-98
2059
5568
9824
10371
13142
16701
16111
18944
20490
19417
19972
19249
18089
17186
16072
14613
12026
10030
8867
6112
4491
3669
584
-1022
-1498
-3375
-4286
-4778
-6545
-7259
-7303
-8043
-8052
-8260
-8997
-9044
-9253
-9376
-8682
-9378
-9994
-9521
-10893
-11249
-10675
-12143
-12918
-12302
-13473
-13809
-10921
-11313
-10642
-6049
-5513
-3076
3132
5074
7767
13655
15080
16974
21972
21950
21740
23662
21480
19519
19432
16380
13094
11003
7016
3202
872
-2354
-5585
-7445
-9920
-12569
-13425
-14333
-15795
-16116
-16419
-17416
-17560
-16861
-16499
-16266
-15299
-13995
-13038
-11266
-8463
-6523
-4511
-1145
1360
3608
7519
10173
11800
14808
16668
17473
19334
20285
19870
19940
19367
18042
16912
15512
13919
11449
9469
7821
5380
3615
2434
297
-2128
-2398
-4083
-5879
-5521
-7260
-8034
-7825
-8588
-8290
-8500
-9006
-8615
-9044
-8838
-8067
-9041
-8958
-9256
-10414
-10113
-10439
-11725
-12392
-12089
-13360
-12924
-10542
-11199
-9701
-6181
-5406
-2097
3366
4972
8316
13463
14457
17624
21697
21331
21937
22427
20310
19496
18238
15012
12331
9283
5705
2765
52
-2739
-5612
-8209
-10286
-11925
-13153
-13997
-14700
-15659
-16269
-16294
-16444
-16096
-15497
-15506
-14694
-13383
-12555
-10443
-7955
-6675
-4189
-859
1255
4392
8321
10433
12639
15544
17134
18452
19907
20356
20105
19657
19162
17991
16294
15180
13183
10640
9473
7487
4934
3706
1779
-591
-1524
-2854
-4570
-5273
-6270
-7552
-8035
-8314
-9310
-9423
-9770
-10454
-9630
-10348
-10481
-9557
-10818
-11564
-10330
-11274
-12637
-11052
-12934
-13327
-11516
-12846
-10562
-9141
-8976
-5365
-3435
-643
4076
6132
9481
13653
14947
18358
21223
20883
21831
21807
20031
19461
18107
14968
12537
9268
5422
3137
80
-3104
-5262
-8088
-10536
-11820
-13067
-14232
-15177
-15915
-16477
-16815
-16497
-16219
-16207
-15812
-14903
-13879
-12672
-10551
-8596
-6978
-4152
-936
1379
4511
8302
10154
12635
16088
17226
18769
20713
20570
20436
20441
19614
18460
17197
15522
13335
11362
9491
7498
5458
3449
1606
-287
-1617
-2586
-4048
-5288
-6101
-7217
-7926
-8245
-8895
-9528
-10296
-10664
-10737
-11254
-11090
-11445
-12603
-12353
-12828
-13671
-12991
-13664
-14411
-13686
-13388
-12103
-10574
-9247
-6505
-4399
-1282
3225
5933
9370
13231
15338
18189
21063
21743
21972
21904
20971
19712
17898
16203
13101
9564
7203
3740
834
-1431
-4706
-6986
-8751
-10983
-11983
-12641
-14262
-14895
-15203
-16193
-15984
-15633
-15994
-15610
-14898
-14251
-13048
-11117
-9148
-7462
-5126
-2095
346
3144
7067
9401
11517
14710
16313
17736
19605
20253
20162
19716
19343
18433
16545
15730
14032
10785
9748
8006
5017
4275
2564
-178
-759
-1907
-4108
-4388
-5209
-7006
-7164
-7748
-8994
-9388
-9908
-10476
-10796
-11212
-11439
-12026
-12775
-12764
-13096
-13591
-13435
-13889
-14121
-13532
-12905
-11390
-10188
-8850
-5779
-3837
-896
4128
6220
9112
13676
14825
17414
21070
20612
20945
21670
19423
18553
17724
14338
11963
9373
5455
3126
647
-2546
-4586
-7054
-9162
-10556
-11855
-12268
-13792
-14619
-14110
-15625
-15504
-13865
-15317
-14853
-12876
-13724
-12125
-9726
-8776
-6395
-4350
-1620
988
3118
7108
9440
10910
14459
16176
16921
19337
19737
18881
19366
18720
17083
16446
15069
12467
10630
8802
6530
4971
3285
1032
-425
-1543
-2989
-3544
-4444
-5916
-6385
-6798
-7469
-7599
-7824
-8910
-9216
-9292
-10362
-10029
-10235
-12223
-12177
-12552
-14325
-13508
-13780
-15035
-13825
-13929
-13049
-10553
-9907
-7154
-4342
-3049
2114
5763
7082
12389
14845
15711
20379
21222
20652
22231
20583
18796
18272
15549
12753
10172
6645
3815
1230
-1719
-4201
-6471
-8596
-10194
-11235
-11937
-13003
-13830
-13888
-14612
-15046
-14149
-14262
-14559
-13256
-12481
-11930
-9914
-8085
-6811
-4435
-1733
571
3270
6380
9149
10725
13272
15997
15547
17611
19781
16881
18558
19133
14560
15977
14841
10244
11086
9041
5427
5772
3581
1182
1087
-933
-1805
-2633
-4056
-4098
-5416
-5839
-5966
-7341
-7536
-7952
-9100
-9054
-10036
-11217
-11269
-13049
-13233
-13268
-15020
-14926
-15154
-15726
-15264
-13651
-12394
-11730
-8587
-5901
-4413
374
4558
6029
10468
14354
15149
18649
21279
20239
21078
21279
18712
18104
16659
12743
10510
7599
3611
1511
-1128
-4223
-5955
-8040
-10013
-11031
-11944
-12560
-13192
-13761
-13754
-13990
-13910
-12957
-12789
-12781
-11507
-10648
-9845
-7397
-5406
-4240
-1565
1211
2803
5632
9025
10432
12182
15080
15888
16432
18320
18040
16940
17208
16067
14212
13396
11767
9413
7859
6422
4466
2968
1895
192
-1154
-1654
-2845
-3715
-4199
-5155
-5545
-5877
-6358
-6587
-7059
-7883
-7886
-8457
-9604
-9192
-10749
-12377
-11719
-13360
-14837
-14096
-14973
-16300
-14808
-13126
-13122
-10944
-7371
-6601
-3214
2659
4042
7620
13100
13973
16588
20874
21005
20819
22270
20579
18482
18331
15231
11660
9797
5698
1805
265
-2790
-6053
-7573
-9724
-11466
-12046
-12844
-13464
-13895
-14264
-14446
-14340
-13439
-13149
-13363
-11897
-10683
-10420
-8278
-5746
-4688
-2713
477
2721
4910
8113
10326
11678
13966
15609
16162
17384
18042
17203
16706
16476
14987
13306
12421
10491
8018
7111
5515
2955
2343
1205
-1468
-1745
-1855
-4098
-4387
-4048
-5749
-5922
-5502
-6458
-6353
-6718
-7589
-7296
-8271
-8974
-9069
-10990
-11492
-11700
-13762
-13798
-13663
-15367
-15260
-13627
-13190
-12676
-9422
-7004
-6253
-1036
3462
4218
9441
13487
13575
18151
20877
19568
21577
21455
18554
18717
17050
12976
11148
8312
3879
1623
-673
-4195
-6134
-7912
-10556
-11562
-11895
-13149
-13758
-13679
-14153
-14459
-13702
-12819
-12569
-11991
-10690
-9774
-8853
-6461
-4167
-3028
-388
2625
3928
6740
10152
11046
12629
15046
15378
15946
17294
16808
15608
15290
14471
12640
11419
10414
8033
6121
5786
3924
1807
1838
148
-1937
-1322
-2173
-4088
-3466
-3977
-5691
-4838
-5124
-6436
-6148
-6888
-7516
-7522
-8301
-8735
-9822
-11253
-11409
-12325
-13703
-13769
-14331
-15537
-14522
-12497
-13016
-11190
-7035
-6880
-3508
2800
3535
6732
12861
13378
15687
20652
19937
19650
21670
19274
17270
17404
13913
10192
8344
4389
1137
-394
-3874
-6000
-7667
-10684
-10558
-11615
-13687
-12380
-13627
-15053
-12406
-13669
-14425
-10760
-12821
-12369
-8072
-9670
-7694
-3767
-4043
-1584
2203
3577
5863
9314
11136
12468
14988
16484
16415
17513
17868
16514
16272
15581
13663
12217
10964
9039
6815
5540
4034
1602
864
47
-2263
-2371
-2732
-4669
-4533
-4580
-5883
-5851
-5572
-6324
-6335
-6425
-6792
-6773
-7809
-7933
-8462
-10197
-10350
-11253
-13043
-13403
-13704
-14861
-14664
-12917
-12763
-12127
-8075
-6406
-4989
1298
3827
5543
11728
13765
14964
19692
20663
19652
21471
20350
17492
17552
15069
10972
9027
5436
1431
-511
-3575
-6633
-8033
-10249
-12036
-12535
-13374
-13697
-13847
-14132
-13571
-13397
-13028
-11904
-11594
-10841
-9262
-8483
-6855
-4389
-2999
-1010
1964
4163
5785
9090
11284
11740
14492
15783
15447
16685
17206
15685
15506
14950
12350
12420
10461
8312
7740
4878
4258
2718
833
808
-1091
-2153
-2038
-3133
-3825
-3768
-4597
-5137
-5199
-5612
-5691
-6132
-6421
-6503
-7499
-7505
-7756
-9543
-9660
-10139
-12285
-12495
-12631
-14289
-14484
-13508
-13269
-12883
-10214
-7815
-7073
-2623
1891
3044
7954
12708
12984
16836
20668
19119
20330
21405
17887
17201
16420
11789
9337
7195
2540
-92
-2045
-5653
-7622
-8958
-11190
-11953
-12132
-12936
-13064
-12930
-13041
-12861
-12399
-11822
-11478
-11011
-9882
-8831
-7907
-5986
-3930
-2807
-430
2727
4080
6603
10149
11017
12711
15554
15682
16187
17451
16609
15667
15116
13856
12290
10688
9386
7534
5323
4399
3118
1257
885
-106
-1730
-1627
-2206
-3459
-3107
-3800
-4769
-4039
-4734
-4953
-4778
-5935
-5389
-5942
-7196
-6623
-7910
-9544
-9466
-10762
-12247
-12511
-13848
-14866
-14595
-14262
-13795
-12691
-10228
-8462
-6629
-1668
2069
3854
8944
12971
13954
18105
20868
19672
21071
21077
18043
17963
16204
11580
9608
6584
2034
-36
-2608
-6014
-7828
-9681
-11445
-12201
-12871
-13253
-13723
-14109
-13502
-13486
-13373
-12002
-11939
-11780
-9865
-9129
-8206
-5600
-4029
-2566
428
3048
5015
8062
11049
12365
14413
16807
16947
17664
18758
17319
16361
16035
13968
12352
11279
9149
6886
5378
4052
2028
694
15
-1806
-2661
-2383
-3569
-4212
-3874
-4696
-4794
-4292
-4667
-5013
-5306
-5836
-6058
-6663
-7746
-7796
-9684
-11248
-10712
-12800
-14026
-13622
-14909
-15907
-14230
-12946
-13401
-10396
-6896
-6631
-2409
4532
4647
8171
15763
14419
17396
23247
20061
20394
22563
18023
16766
16856
11137
8209
6317
1086
-1661
-3714
-7059
-9218
-10851
-12484
-13281
-13542
-13573
-13507
-13484
-12728
-12300
-12143
-10589
-10056
-10026
-8353
-7160
-6340
-4326
-2122
-1163
794
3795
5244
7522
10669
11793
13040
15474
15960
16075
17305
16562
15178
14857
13786
11956
10528
9264
7040
4887
4050
2479
450
-113
-1400
-3034
-2804
-3255
-4385
-4028
-4387
-5310
-4853
-4723
-5103
-5095
-5641
-5740
-5775
-6846
-6751
-7689
-9815
-9751
-10893
-12913
-12644
-13342
-15191
-14160
-12604
-13336
-11275
-7552
-7341
-4229
2018
3359
6457
12767
13791
15910
20689
20511
20062
21588
19459
17103
16621
13213
9453
7190
3275
-618
-2671
-5627
-8743
-9774
-11782
-13578
-13078
-13753
-14420
-13176
-13405
-13549
-11807
-11837
-11127
-9666
-9773
-8153
-6952
-6200
-3444
-1903
-542
2556
4524
6276
9428
11406
12649
14532
15620
16084
16903
16977
16004
15163
14113
12589
11066
9504
7766
5663
3942
3057
1481
-150
-501
-1736
-2983
-2696
-3384
-4250
-4012
-4417
-4933
-4383
-4484
-4982
-4892
-5263
-5846
-6459
-6559
-7687
-9532
-9575
-10718
-12534
-12779
-13423
-14788
-15227
-13910
-13382
-13163
-9656
-7400
-6523
-792
3091
4108
10057
13822
14319
19030
21351
19953
21365
21140
18266
17557
15655
11431
8857
5979
1627
-1047
-3439
-6898
-8921
-10252
-12080
-12881
-13058
-13474
-13717
-13513
-12837
-12517
-12123
-10977
-10547
-10337
-8822
-7936
-7478
-5177
-3590
-2730
53
2396
3695
6674
9111
10130
12250
13417
14436
15347
15188
15866
14844
13653
13525
11932
10183
9286
7682
5590
5079
3656
1746
1577
161
-1316
-1002
-1501
-2634
-2525
-2690
-3720
-3463
-3226
-3724
-3814
-4278
-4437
-4864
-5533
-5624
-6949
-8441
-8939
-10364
-12046
-12481
-13692
-15380
-15514
-15222
-15059
-14217
-11908
-10041
-8372
-3440
402
2334
8077
11984
12970
17915
20603
19597
21381
21302
18638
18105
16166
12365
9820
6583
2708
-115
-2989
-5836
-8298
-10341
-11633
-13085
-13571
-13172
-14177
-13932
-12638
-13402
-12706
-10948
-11385
-10730
-8862
-8297
-7300
-4979
-3179
-2202
419
3285
4130
6861
10132
10382
12328
14937
14624
15494
16817
15841
15275
14986
13533
12211
11149
9669
7823
6268
5298
3844
2277
1550
459
-1323
-1608
-1423
-3063
-3455
-2997
-4403
-4889
-3738
-4746
-5972
-4690
-5708
-6982
-6079
-7141
-8819
-9236
-9720
-11438
-12378
-12413
-14159
-15308
-14634
-14356
-14158
-12237
-9716
-8186
-5253
-151
2670
5516
11266
13553
15444
20318
20879
20256
22263
20532
18026
18154
14792
10806
8877
4700
789
-1450
-4568
-7548
-9499
-11357
-12883
-13764
-13859
-14142
-14829
-13722
-13299
-13878
-11882
-10939
-11731
-9958
-8355
-8463
-6550
-3967
-3190
-1445
1771
3331
4883
8644
10453
10958
14090
15361
14866
16813
17159
15609
15372
14613
12823
11530
10374
8552
6496
5151
4205
2403
1363
966
-898
-1589
-1223
-2301
-2663
-2415
-3249
-3647
-3450
-3652
-4058
-4416
-4590
-5286
-6048
-5914
-6770
-8497
-8922
-9807
-11936
-12407
-12717
-15046
-15286
-14492
-15961
-14139
-11475
-12066
-8282
-4171
-3333
2522
6813
8058
13855
16333
17521
21582
20946
20511
21272
18641
17233
15305
11649
9256
5496
1849
-330
-3794
-6404
-8092
-10357
-11809
-12506
-12837
-13518
-13617
-12933
-13590
-13241
-11635
-11894
-11513
-9750
-9207
-8608
-6739
-4759
-3897
-2386
737
2105
3501
7093
8555
9155
12091
13279
12934
14545
15229
14174
14051
14004
12547
11228
11167
9724
7279
7046
6099
3713
3900
3260
733
1028
655
-1280
-763
-1334
-3151
-2640
-2951
-4206
-3866
-4462
-5538
-5452
-6324
-6743
-6762
-8640
-9405
-9914
-12047
-12766
-13391
-15139
-15674
-15862
-15750
-14602
-13529
-11307
-8924
-6801
-1955
1972
4590
9924
13301
15240
19662
21403
21145
22538
21590
19491
18822
15891
12807
10364
5938
3083
42
-4106
-5630
-8244
-11336
-11511
-13215
-14518
-13452
-14947
-14914
-13641
-14881
-13437
-12173
-12839
-10900
-9505
-9256
-7058
-4894
-3866
-1983
821
2426
3985
7370
9059
9774
12672
13842
13718
15572
16048
14946
15101
14754
13078
12194
11619
9549
7747
7201
5498
3827
3750
2392
584
569
-143
-1418
-1361
-1933
-3041
-3102
-3480
-4120
-4326
-5064
-5604
-5775
-6629
-7091
-7490
-9045
-10042
-10564
-12194
-13212
-13589
-15037
-15834
-15375
-15098
-14340
-12600
-10324
-8037
-5087
-647
2751
5730
10649
13675
15709
19738
21067
20810
21912
20625
18708
17826
14805
11637
9171
5344
2113
-325
-3593
-6194
-7942
-10127
-11695
-12216
-12947
-13582
-13467
-13416
-13565
-13106
-12310
-11977
-11516
-10324
-9525
-8903
-7057
-5513
-4629
-2312
-129
1194
3866
6208
7445
9423
11020
12016
13164
13874
14370
14031
13318
13313
12324
11158
10843
9229
7706
7213
5914
4918
4577
3370
2371
2272
1406
895
982
-64
-802
-958
-1757
-2356
-2403
-3366
-4405
-4424
-5586
-6587
-6575
-8613
-10143
-10284
-12542
-13734
-13757
-16208
-16958
-16537
-17738
-16435
-14852
-14136
-10866
-8315
-5197
-22
3162
7199
12181
14439
17792
21277
21448
22242
22443
20552
19362
17147
14150
11390
7668
4306
1218
-2030
-4327
-6692
-9103
-10613
-12222
-13109
-13151
-14049
-14105
-13518
-14141
-13312
-12042
-12421
-11212
-9833
-9602
-7679
-5870
-4673
-2758
-1103
988
2839
4660
7424
8655
9944
12275
12648
13539
15063
14491
14503
14854
13637
12926
12461
10970
9725
8537
7285
6249
4804
3775
2792
1267
396
4
-1161
-1977
-2142
-3354
-3893
-3883
-4379
-4662
-5096
-5234
-6006
-6622
-6336
-7558
-8804
-8989
-10767
-12234
-12146
-14021
-15397
-15004
-16471
-16097
-14071
-14317
-11734
-8243
-7097
-2045
2713
4749
10391
14232
15672
20127
21912
21401
22503
21387
19166
18187
15814
12480
9771
6353
2707
-190
-2842
-5591
-8284
-9871
-11504
-13007
-12867
-13692
-14437
-13549
-13939
-13832
-12226
-12061
-11843
-10178
-9516
-8982
-6779
-5173
-4119
-1964
174
1748
3722
6084
7614
9009
10908
12071
12958
13872
14181
14316
13981
13381
12919
11859
10955
10329
8585
7464
7166
5540
4622
4298
2709
1384
1153
350
-912
-862
-1677
-3025
-2836
-3065
-3838
-4108
-4429
-5434
-6065
-6161
-7045
-8568
-9384
-10522
-12828
-13307
-14071
-16441
-16444
-16685
-17894
-15793
-14436
-13852
-9680
-7515
-4614
1458
4066
8225
13337
14860
18418
21393
21275
22187
21986
20078
18896
16887
14010
11124
7581
4350
1229
-1889
-4040
-6779
-9045
-10115
-12051
-12698
-12600
-13716
-13515
-13157
-13656
-12723
-11785
-11922
-10920
-9728
-9642
-8260
-6314
-5398
-3862
-1618
9
1573
4116
6131
7329
9363
10873
11522
12793
13576
13537
13500
13207
12942
12390
11666
11329
10137
8725
8207
7167
5959
5437
4356
3063
2469
1807
864
260
-330
-1382
-2033
-2134
-2767
-3357
-3630
-4538
-5472
-5913
-6640
-7931
-9170
-10310
-12123
-13364
-14002
-16081
-16949
-17055
-18482
-17094
-15510
-15564
-12061
-9162
-7720
-1981
2206
4293
10058
13326
14888
19566
21225
21015
22217
21357
19462
18197
16369
13085
9897
7322
3500
373
-1721
-4761
-7287
-8711
-10671
-11976
-11953
-12959
-13508
-12928
-13324
-13330
-12252
-11703
-11805
-10677
-9313
-9363
-7644
-5360
-5026
-3014
-380
520
2661
5335
6282
7869
9926
10487
11522
12720
12768
13035
13135
12681
12404
11823
11118
10323
8987
7931
7019
5977
5316
4525
3434
2510
1844
1323
679
169
-363
-1136
-1494
-1630
-2073
-2745
-3453
-4015
-4884
-5622
-6083
-7613
-9077
-10106
-12051
-13230
-14107
-16013
-16670
-17204
-18120
-16731
-15634
-15121
-11877
-9326
-7342
-2033
1924
4326
9814
13422
14939
19394
21611
20943
22291
21842
19305
18708
16966
13142
10550
7868
3700
921
-822
-4348
-6796
-7684
-10333
-11577
-11224
-12815
-13604
-13106
-13695
-13906
-13112
-12248
-12522
-12159
-9675
-9911
-9105
-5122
-5544
-4573
-240
5
1407
5547
6138
6823
9844
10601
10920
12665
13366
12845
13001
13637
12690
11861
12065
10779
9226
9025
8242
6609
6009
5562
3767
2874
2976
1671
672
890
-206
-1221
-841
-1598
-2266
-2249
-3256
-3859
-4368
-5221
-5844
-6973
-7980
-9358
-11117
-12073
-13546
-15357
-16247
-17156
-18351
-18341
-17044
-16684
-15430
-11719
-9839
-7162
-1136
1695
4797
11180
13491
15885
20822
21269
21343
23219
21401
19511
19238
16204
13029
10998
7260
3785
1369
-1679
-4429
-6612
-8793
-10645
-11922
-12666
-13392
-13842
-13863
-14088
-13984
-13289
-12776
-12364
-11337
-10218
-9467
-7953
-5979
-4908
-3550
-889
656
1946
5162
6680
7427
10155
11386
11830
13323
14099
14150
13587
14181
14168
11718
12822
12380
8412
10180
9203
5039
7239
5814
2169
3929
2298
-20
1240
-512
-1777
-1240
-2656
-3007
-2890
-3948
-4431
-5037
-5970
-6435
-7367
-8847
-9500
-10783
-12977
-13299
-14408
-16883
-16792
-17053
-18861
-17309
-15487
-16117
-12824
-9068
-8378
-3312
1888
3447
8813
13684
14742
18848
21813
21172
22493
22614
20251
19317
17890
14434
11784
9188
5174
2100
-315
-3550
-6109
-7702
-10008
-11688
-12012
-13118
-13658
-13396
-13936
-13756
-13195
-12940
-12063
-11456
-10656
-9382
-8677
-6899
-4937
-4310
-2049
413
956
3586
6615
6868
8862
11471
11270
12696
14766
13977
14090
14828
13557
12862
12945
11638
9904
9146
8025
6043
5310
4670
2605
1650
1280
-47
-573
-833
-1602
-2269
-2602
-2695
-3166
-3134
-3198
-4369
-4634
-4593
-6050
-6698
-6909
-9034
-10424
-11064
-12699
-13942
-14945
-15722
-16660
-17019
-15426
-14927
-14063
-10399
-8763
-6431
-439
2292
5010
11161
13183
14997
20004
20702
20427
22394
21009
18707
18622
16165
12423
10487
7106
3100
914
-1693
-4932
-7018
-8835
-11204
-12297
-12380
-13247
-13825
-13410
-13509
-13845
-12892
-11907
-11905
-11077
-9704
-9320
-8106
-5825
-5045
-4010
-1104
156
1113
4851
6649
6885
10223
11938
11639
14149
15222
14087
14985
15041
13529
13415
13078
11400
10192
9539
7989
6404
5954
4742
3044
2705
1858
470
311
-404
-1717
-1913
-2449
-3268
-3320
-3933
-4711
-5058
-6108
-6600
-7076
-8822
-9244
-10358
-12713
-12706
-13756
-16026
-15753
-16133
-17775
-16616
-14577
-15141
-12899
-8407
-8172
-4425
2167
2891
6923
13884
13969
17120
22874
20584
21471
23886
19645
19341
18850
14191
12369
9542
5321
2756
-449
-3536
-6093
-8547
-10179
-11874
-12747
-13296
-14389
-14313
-14212
-14361
-13539
-12879
-12562
-11914
-10857
-9739
-8823
-7062
-5157
-4334
-2305
463
1449
3420
6470
7104
8563
11542
11715
12367
14568
13818
13355
14673
13670
12553
12923
11728
10148
9841
8865
7346
6734
5855
4201
3511
2823
1444
932
333
-966
-1609
-1993
-2921
-3241
-3621
-4872
-5357
-6030
-6882
-7132
-8085
-8929
-9711
-11086
-11802
-12515
-14119
-15158
-15733
-16956
-17372
-16204
-15879
-15456
-12338
-10170
-8395
-2829
1023
3060
9049
12902
14352
19463
21963
21362
23222
23046
20710
20241
18632
15233
12625
9707
5770
2816
177
-3141
-5580
-7888
-9981
-11340
-12153
-13007
-13992
-13588
-14207
-14390
-13058
-13210
-12926
-12152
-11466
-10482
-9276
-7387
-5967
-4908
-2811
-607
794
3379
5910
6748
8824
11330
11867
13101
14783
14195
13924
14689
13804
12720
12643
11373
9465
8994
8148
6362
5832
5010
3184
2744
2390
1213
903
397
-539
-892
-1439
-1800
-2127
-3209
-3432
-3716
-5218
-5075
-5138
-7337
-7487
-7844
-10677
-10936
-11143
-14023
-14619
-14811
-17057
-17296
-16354
-16596
-16225
-14128
-12019
-10182
-6349
-2018
732
4515
9540
12363
15578
20071
21135
21673
23040
21952
20574
20001
17586
14016
11544
8314
4460
1929
-817
-4302
-6719
-8414
-10670
-11805
-12165
-13598
-14108
-13593
-14144
-13747
-12495
-12912
-12493
-11174
-11005
-9939
-7982
-7037
-5874
-3778
-2303
-397
2093
3914
6243
7954
9485
11773
12406
13537
14810
14039
14381
14633
13388
13027
12543
11006
9943
9293
8011
6717
5981
4829
3347
2679
2018
707
75
-332
-1521
-2259
-2382
-3120
-3693
-3781
-4294
-4878
-5330
-5487
-5877
-6822
-7033
-7863
-9734
-10202
-11262
-13335
-13892
-14936
-16481
-16957
-16669
-15974
-15670
-13605
-10865
-9569
-5289
-34
2041
6785
12059
13310
17769
21725
21137
22864
23293
20831
20686
19430
15779
13695
10653
6256
3966
993
-2731
-4789
-7339
-9912
-11030
-12098
-13151
-13758
-14085
-14357
-14584
-13946
-13382
-13298
-12574
-11834
-10998
-9733
-8182
-6195
-5082
-3588
-771
573
2489
5941
6989
8076
10955
11693
12299
14680
14843
13985
14840
14491
12805
13203
12556
9994
9735
8684
6525
6532
5729
3363
3129
2370
299
975
49
-1551
-1267
-2621
-3144
-2866
-3287
-3772
-4067
-4159
-4992
-4823
-4560
-5921
-6262
-7006
-8986
-9128
-10229
-12552
-12901
-14679
-16724
-16200
-17003
-17030
-15439
-15213
-12821
-9791
-7688
-2802
1112
3656
8821
12455
14860
19410
21662
21720
22807
22575
21122
20296
18620
15507
12378
9453
5867
2693
464
-3131
-6181
-7647
-10442
-11758
-11725
-13781
-14628
-14095
-15183
-14960
-13317
-13625
-13497
-12185
-11618
-10548
-8753
-7226
-6197
-4664
-2319
-584
1376
4101
5663
6960
9293
10867
11666
13052
13979
13882
14021
14218
13537
12859
12346
11068
9752
8937
7710
6322
5537
4413
2844
1932
1273
290
-380
-877
-1570
-2218
-2631
-2746
-3011
-3063
-3127
-3469
-3256
-3602
-3939
-3675
-4604
-5499
-5725
-7431
-8768
-9302
-11574
-12665
-13810
-15850
-15652
-16720
-16962
-14891
-15076
-13236
-9326
-8097
-4318
1214
3111
7084
12590
14222
17327
21489
21262
21562
23075
21067
19680
19477
16054
12788
10793
6758
3180
1088
-2443
-5688
-7320
-9798
-11942
-12400
-13649
-15060
-14968
-15358
-15909
-14954
-14354
-14391
-13247
-12061
-11452
-9884
-8004
-6651
-4884
-2655
-485
1540
3761
6208
7957
9697
11850
12875
13667
15011
15292
15072
15167
14733
13640
12673
12072
10517
8577
7811
6355
4499
4061
2791
1028
586
-328
-1421
-1617
-2201
-2816
-2964
-3125
-3108
-3232
-3326
-3017
-3236
-3506
-3180
-3651
-4388
-4293
-5141
-6688
-7130
-8370
-10446
-11011
-12223
-14379
-14797
-15554
-16702
-15929
-15178
-14382
-12274
-9839
-6829
-3392
727
5029
8112
12217
16196
18088
21025
22833
22120
22524
21865
19852
18714
16076
12851
10195
6535
3459
769
-2784
-5542
-7906
-10600
-12241
-13230
-14627
-15582
-15744
-16083
-16176
-15256
-14470
-14098
-13063
-11651
-10509
-9068
-6846
-5052
-3968
-1661
697
1881
4444
6920
7631
9586
11540
12094
13541
14648
14605
14674
14543
14401
13719
12648
12115
10388
8379
7875
6338
4329
3727
2026
-52
-365
-1240
-2583
-2765
-3376
-4159
-4101
-3904
-3656
-3741
-3621
-3004
-3304
-3014
-1975
-2873
-3479
-2999
-4520
-5559
-5221
-7371
-9417
-9559
-11528
-13311
-13065
-14264
-15619
-14710
-13822
-13496
-11465
-8590
-7062
-4142
698
3325
6488
11638
13637
15752
20074
20547
20549
22521
20430
18740
19170
15045
12363
11418
5514
3035
1893
-4115
-5400
-6638
-11955
-11856
-12446
-15713
-14487
-14802
-16208
-14656
-14479
-13865
-12360
-11728
-10380
-9042
-7878
-6263
-4334
-3130
-1592
887
2134
3804
6568
7689
8631
10990
11888
12175
13717
14048
13542
13548
13227
12170
10861
10017
8547
6203
5101
4077
1850
927
249
-1758
-2384
-2206
-3140
-3283
-2769
-3223
-3163
-2289
-2081
-1865
-1308
-1267
-1214
-830
-598
-546
-1116
-1429
-1610
-2848
-3095
-3401
-5423
-6355
-7102
-9169
-9732
-10290
-12319
-12553
-13028
-13746
-11982
-11535
-10724
-7713
-6588
-3885
834
2762
5886
10252
11803
14570
17926
18458
19210
19576
18382
17350
15765
13619
10805
7685
4936
1625
-1401
-3630
-6529
-9050
-10627
-12585
-13182
-13464
-14179
-13889
-13892
-13335
-12449
-11421
-9830
-9340
-8455
-5999
-5368
-4132
-748
-1095
298
3517
2995
5370
7923
7442
8853
10416
10547
11333
12449
12370
11661
11509
11248
10081
9444
8576
6395
4931
3906
2362
1160
193
-1178
-2466
-2924
-3090
-3476
-3474
-3550
-3899
-3589
-3083
-2531
-2027
-2058
-1652
-1450
-1378
-241
-387
-890
-212
-1188
-1468
-457
-1733
-2493
-2601
-4617
-5620
-5886
-7521
-8898
-9642
-10694
-11875
-11008
-10321
-11199
-9018
-7102
-6924
-2939
793
1266
5403
9175
9027
13252
15902
14553
16564
16825
14540
14522
13605
10095
8000
5844
2159
128
-1814
-4759
-6958
-8512
-10007
-10924
-10867
-11176
-11680
-10977
-10492
-10053
-8392
-7547
-7119
-5740
-4823
-3823
-2349
-1234
-347
113
1411
2642
3063
4620
5609
5680
6890
8276
8374
9178
10071
9702
9856
9785
9739
8682
7704
7491
5171
4212
3755
1692
903
115
-1412
-2241
-2687
-3064
-3379
-3580
-3416
-3761
-3697
-2898
-2850
-2424
-1753
-1679
-1331
-673
101
245
381
1199
581
539
1972
825
-53
493
-1711
-3019
-2640
-4875
-6809
-7386
-9477
-11286
-10867
-10913
-12133
-11095
-9876
-10033
-7085
-3556
-2795
209
3868
4703
8052
11534
11658
13177
14111
13140
13441
12956
11167
9481
7025
4657
2811
843
-989
-3029
-4913
-6237
-7011
-7158
-7337
-7470
-7534
-7487
-6611
-5657
-5000
-4312
-4260
-3768
-3073
-2836
-1530
-1427
-1982
-816
-772
-597
1188
1626
1673
2928
3726
4249
5640
6453
6426
6805
6884
6992
7353
6813
6341
6002
4266
4032
4615
2252
2401
2424
-622
358
346
-1743
-933
-1239
-2798
-2335
-1746
-2092
-1569
-1291
-1198
-1014
-311
1251
1312
1785
3030
2236
2384
3988
2760
1873
2193
-305
-1985
-2366
-4647
-6938
-8591
-11132
-13122
-14080
-14849
-15026
-15907
-15057
-13526
-13471
-9516
-6103
-5641
-1051
2443
3354
8539
11601
11655
14530
15376
14682
15715
15589
13692
12015
10332
7626
5668
4352
2081
-405
-1710
-3206
-4913
-4452
-5014
-6540
-5852
-6342
-7064
-5506
-5514
-6250
-5518
-5730
-6011
-5191
-4814
-5002
-5019
-4597
-4133
-3459
-2198
-1308
-766
334
1615
2865
4246
5394
5990
6368
7046
7722
7976
8108
7901
7133
6585
6277
5681
4753
3839
2868
1515
831
475
-525
-1186
-1505
-2247
-2193
-1786
-1744
-1108
-990
187
1128
1555
3786
3717
4254
6197
5462
5798
6607
4861
3931
3541
897
-756
-2413
-5590
-7855
-9992
-12454
-14995
-16469
-17940
-19560
-18891
-18386
-18712
-16169
-14049
-13503
-8577
-5186
-3976
1927
4906
6271
11745
13798
14391
17674
17904
17460
18549
17467
15910
14897
13106
10501
8981
7243
4032
2649
850
-1949
-2658
-3844
-6043
-6448
-7018
-8734
-8499
-8504
-9983
-9721
-9517
-10201
-9659
-9409
-9363
-8632
-8215
-6984
-5733
-5111
-3325
-1843
-777
1276
2993
4184
5391
6821
7851
8000
9191
9768
8547
9045
8892
6833
6891
6288
3935
3658
3014
1080
761
458
-763
-964
-750
-1213
-1107
-558
-154
544
1226
1891
2763
3366
4092
5331
5446
5751
6589
6011
5681
5949
4769
2638
2746
610
-2464
-2054
-5621
-8585
-9069
-12646
-14706
-15354
-17608
-19315
-19185
-19804
-19893
-17955
-16957
-15910
-12709
-10322
-7892
-2892
-184
2682
7537
9677
12678
16537
17684
18869
20345
19578
19248
19424
17384
15920
14418
11356
9451
7512
4583
2458
176
-2450
-4227
-5785
-7465
-8965
-10069
-11295
-12308
-12223
-12592
-12964
-12357
-12471
-12060
-10750
-10125
-8762
-7371
-6473
-4364
-2626
-1109
1253
2726
4126
6021
7308
8608
9827
10551
10867
11042
11425
10956
10356
10235
8743
7371
6852
5083
3594
2828
1275
115
-514
-1279
-1881
-2275
-2371
-2568
-2591
-2176
-2157
-1774
-1036
-851
-269
426
612
1078
1404
1495
1697
1469
1200
934
138
-446
-1263
-2732
-3481
-4811
-6714
-7066
-8709
-10799
-10421
-12000
-13353
-11504
-12247
-12293
-9344
-9219
-7803
-3879
-2581
-349
3290
5044
7279
10080
11649
12798
13830
14299
14165
13956
13402
11884
10295
8679
6532
4757
3064
746
-1154
-2808
-4795
-5891
-6672
-7919
-8326
-8513
-8965
-8508
-7902
-7773
-7171
-6462
-6008
-5122
-4149
-3365
-2683
-1996
-926
-258
493
1853
2169
2674
3969
4153
4857
6004
5963
6381
6925
6815
6986
7044
6834
6334
5807
5634
4766
3973
3807
2434
1377
1369
-7
-847
-646
-2050
-2779
-2387
-3438
-3670
-3140
-3910
-3731
-3143
-3409
-2746
-2154
-2148
-1328
-629
-380
510
1127
1019
1525
1869
1338
1541
1529
326
44
-417
-1898
-2219
-2932
-4434
-4767
-5553
-6684
-6716
-7180
-7695
-7453
-7263
-7069
-6522
-5467
-5016
-4017
-2388
-1733
-191
1413
2320
3584
5002
5975
6559
7661
8000
7844
8140
7935
7211
6685
6128
4959
4094
3460
2489
1491
947
500
-576
-878
-905
-2045
-2204
-1875
-2886
-2939
-2373
-3279
-3428
-2750
-3349
-3538
-2671
-2840
-3005
-1807
-1480
-1423
153
723
1017
2812
3407
3729
5132
5398
5329
5981
6014
5468
5530
5245
4150
4004
3459
2124
1899
1188
-152
-374
-948
-2106
-2187
-2669
-3512
-3330
-3602
-4029
-3711
-3807
-4046
-3720
-3790
-3909
-3680
-3833
-3752
-3537
-3495
-3245
-2998
-2728
-2408
-2001
-1560
-1205
-853
-592
-281
39
141
451
654
485
817
939
714
1162
1159
907
1384
1190
977
1387
933
873
1094
497
724
552
-163
195
-371
-1054
-535
-1265
-1763
-1098
-1790
-1822
-1100
-1555
-1077
-385
-351
462
1068
1497
2264
2689
3252
3756
3906
4212
4305
4231
4272
4242
4117
3997
4005
3730
3510
3673
3232
2961
3234
2632
2348
2549
1703
1276
1215
198
-320
-589
-1679
-2407
-2880
-3948
-4867
-5307
-6110
-7036
-7319
-7774
-8337
-8065
-7965
-7970
-7193
-6610
-5993
-4815
-3812
-2600
-1174
81
1657
3015
4055
5432
6315
6785
7605
7855
7602
7653
7189
6244
5638
4647
3387
2451
1290
-15
-1065
-2097
-3192
-3937
-4519
-4972
-5253
-5451
-5392
-5426
-5228
-4863
-4466
-3888
-3414
-2649
-2022
-1493
-596
-58
447
1229
1636
2028
2693
2980
3281
3807
3822
4082
4296
4036
4296
4018
3541
3761
3244
2542
2762
1972
913
1251
218
-531
-116
-1227
-1557
-1370
-2177
-2229
-2084
-2481
-2329
-2095
-2039
-1535
-1268
-844
-297
-127
543
983
1167
1983
2184
2305
3069
2928
2914
3351
2817
2614
2613
1803
1364
962
53
-516
-1076
-1850
-2424
-2981
-3512
-4022
-4463
-4761
-5113
-5267
-5238
-5246
-5052
-4745
-4444
-4013
-3501
-2949
-2443
-1857
-1195
-823
-233
453
658
1257
1896
1956
2525
3074
3025
3532
3895
3717
4083
4170
3916
4094
3932
3594
3483
3081
2623
2270
1758
1271
795
264
-233
-742
-1180
-1648
-2090
-2335
-2705
-3012
-2998
-3205
-3371
-3098
-3088
-3073
-2571
-2296
-2096
-1423
-887
-566
110
762
1036
1540
2208
2430
2697
3280
3367
3265
3737
3680
3355
3790
3618
3158
3386
3035
2346
2285
1812
1094
974
413
-234
-457
-1076
-1514
-1694
-2174
-2423
-2615
-2997
-3086
-3224
-3353
-3229
-3243
-3048
-2830
-2719
-2291
-2103
-1953
-1479
-1304
-1084
-680
-575
-488
-321
-245
-269
-255
-124
-241
-274
-19
-194
-281
-43
-314
-445
-252
-489
-529
-303
-356
-230
35
120
310
536
706
941
1164
1441
1688
1828
2128
2350
2408
2657
2685
2598
2755
2612
2506
2552
2241
2096
1942
1519
1308
889
434
279
-190
-512
-678
-1173
-1370
-1544
-1912
-2002
-2166
-2351
-2340
-2377
-2318
-2229
-2092
-1764
-1616
-1330
-819
-618
-245
298
527
833
1291
1507
1624
1951
2106
1961
2171
2265
1840
1966
1969
1387
1486
1402
787
804
680
67
-73
-234
-841
-1099
-1274
-1794
-2086
-2202
-2580
-2853
-2893
-3122
-3334
-3298
-3281
-3367
-3201
-2903
-2850
-2552
-2075
-1908
-1521
-942
-704
-292
297
489
789
1222
1268
1362
1598
1551
1556
1743
1729
1767
1935
1938
2005
2067
1995
1992
1939
1855
1764
1625
1538
1384
1235
1085
879
825
691
536
587
438
326
394
172
51
95
-69
-68
35
-21
-18
24
3
-46
-43
-39
-167
-170
-180
-396
-417
-490
-707
-681
-688
-741
-674
-626
-574
-576
-539
-423
-486
-455
-256
-344
-289
-3
-97
-7
307
224
317
485
281
256
273
3
-103
-152
-349
-470
-615
-751
-923
-1054
-1035
-1175
-1166
-1040
-1118
-1056
-959
-1067
-1077
-1037
-1139
-1111
-1015
-995
-897
-754
-652
-543
-373
-229
-112
84
267
382
582
781
869
1054
1240
1296
1440
1518
1505
1637
1655
1646
1816
1775
1726
1824
1651
1562
1636
1393
1245
1252
958
809
822
515
322
266
-82
-301
-389
-691
-882
-958
-1128
-1207
-1164
-1192
-1216
-1162
-1159
-1183
-1087
-984
-974
-788
-627
-629
-475
-440
-468
-346
-387
-352
-194
-199
-51
146
250
546
781
937
1189
1287
1349
1416
1338
1264
1156
976
812
551
339
160
-148
-334
-525
-843
-1054
-1269
-1541
-1695
-1800
-1936
-1941
-1913
-1940
-1859
-1748
-1680
-1576
-1433
-1339
-1271
-1101
-949
-831
-571
-344
-171
140
392
570
839
1024
1139
1305
1416
1510
1630
1714
1779
1828
1845
1844
1803
1720
1696
1585
1452
1363
1162
1038
941
779
657
531
416
319
257
189
101
15
-60
-144
-195
-148
-122
-69
27
38
61
75
-24
-133
-241
-365
-453
-550
-678
-816
-957
-1069
-1174
-1240
-1259
-1271
-1256
-1209
-1121
-1011
-888
-703
-560
-461
-315
-274
-268
-168
-172
-161
-43
-66
-96
-26
-48
-55
-1
-42
-65
-23
-48
-55
-15
-49
-90
-89
-145
-210
-198
-179
-183
-137
-87
-125
-152
-152
-224
-295
-341
-430
-489
-512
-533
-444
-314
-176
37
218
363
578
735
828
1035
1163
1282
1489
1532
1614
1724
1699
1712
1758
1680
1548
1478
1282
1045
900
685
464
320
122
-119
-269
-458
-646
-669
-699
-715
-581
-512
-530
-510
-581
-682
-692
-730
-755
-703
-688
-670
-586
-523
-452
-340
-272
-225
-154
-102
-75
-68
-112
-178
-228
-270
-312
-336
-335
-336
-346
-353
-368
-389
-390
-390
-384
-363
-359
-363
-352
-336
-309
-259
-192
-100
8
87
133
156
138
100
53
-25
-99
-136
-171
-199
-182
-166
-150
-107
-80
-65
-32
-25
-36
-36
-62
-99
-121
-156
-148
-72
-20
31
139
243
346
465
538
595
673
722
767
838
882
894
923
938
924
953
949
881
894
891
826
855
859
786
766
665
507
412
267
115
10
-133
-238
-281
-332
-329
-291
-283
-278
-289
-343
-386
-424
-476
-496
-492
-496
-459
-425
-446
-444
-440
-490
-531
-585
-706
-821
-922
-1023
-1082
-1101
-1111
-1104
-1073
-1032
-979
-904
-826
-743
-639
-530
-426
-311
-215
-137
-56
3
53
127
194
265
358
446
523
586
600
585
547
443
324
213
114
63
41
71
148
245
352
436
511
554
564
590
612
643
690
724
749
746
711
679
653
615
593
586
571
567
549
488
410
326
222
104
-8
-106
-180
-228
-241
-239
-216
-170
-113
-81
-73
-63
-72
-95
-157
-247
-338
-414
-468
-525
-529
-530
-512
-466
-458
-449
-469
-498
-500
-521
-536
-519
-477
-416
-333
-250
-140
-19
61
122
179
216
242
259
244
212
179
132
91
50
-3
-42
-67
-97
-123
-145
-180
-218
-236
-228
-211
-194
-176
-158
-159
-192
-247
-298
-319
-294
-234
-147
-52
36
104
157
202
234
231
197
167
166
203
287
412
531
620
705
782
821
825
808
758
681
606
541
480
434
403
376
336
278
203
120
29
-69
-152
-219
-286
-343
-377
-413
-462
-499
-513
-524
-522
-493
-442
-380
-316
-250
-190
-147
-119
-96
-72
-45
-27
-34
-53
-75
-105
-130
-136
-132
-120
-128
-160
-166
-171
-190
-183
-164
-186
-210
-211
-230
-214
-162
-92
-4
65
120
159
194
230
244
248
238
220
197
164
109
52
-3
-54
-80
-91
-99
-99
-105
-130
-164
-216
-263
-278
-271
-260
-242
-223
-196
-158
-127
-105
-81
-51
-21
-2
15
44
97
172
253
328
390
445
487
517
539
555
558
554
543
532
530
542
561
581
588
570
536
502
457
385
298
209
122
43
-18
-79
-156
-246
-336
-425
-518
-612
-690
-745
-790
-826
-837
-821
-795
-757
-705
-639
-570
-497
-429
-388
-368
-341
-297
-242
-177
-96
-26
33
88
141
192
238
269
284
299
309
299
293
306
317
334
377
425
450
461
459
433
392
344
273
199
136
82
40
10
-18
-47
-69
-86
-110
-144
-180
-218
-254
-285
-308
-329
-347
-359
-354
-336
-309
-283
-259
-235
-203
-165
-120
-71
-19
32
86
134
165
185
208
240
278
315
356
400
447
492
534
562
563
535
493
451
411
375
350
332
306
269
219
155
83
6
-72
-148
-211
-272
-339
-397
-444
-492
-539
-576
-614
-644
-659
-663
-666
-660
-655
-647
-621
-579
-540
-492
-424
-342
-258
-171
-94
-28
38
106
172
238
305
367
417
462
500
528
541
546
548
544
524
487
453
431
409
377
352
337
302
242
167
89
12
-48
-83
-97
-101
-96
-95
-111
-138
-176
-219
-263
-294
-308
-311
-313
-325
-337
-332
-306
-264
-212
-169
-138
-115
-90
-61
-35
-8
27
70
120
174
224
256
274
286
298
303
303
299
289
273
256
234
211
196
192
190
171
134
88
40
-9
-58
-104
-138
-162
-176
-179
-178
-182
-205
-245
-294
-349
-400
-443
-465
-456
-421
-385
-357
-333
-318
-311
-304
-290
-279
-265
-231
-178
-110
-34
35
94
147
189
218
243
264
281
301
331
362
392
416
420
406
380
348
309
275
251
238
230
222
201
173
145
109
58
4
-38
-81
-138
-179
-189
-182
-178
-173
-176
-188
-197
-193
-185
-166
-135
-101
-71
-37
3
36
63
95
131
156
178
194
200
206
213
220
224
228
220
198
172
148
123
92
56
16
-24
-64
-104
-144
-174
-198
-211
-217
-220
-229
-244
-260
-270
-268
-264
-259
-253
-241
-227
-212
-203
-201
-203
-207
-208
-198
-179
-152
-129
-119
-117
-114
-105
-83
-50
-11
27
67
102
131
148
164
175
180
188
208
232
249
258
263
261
252
244
240
240
237
227
209
198
194
187
172
149
113
68
29
-1
-23
-48
-69
-89
-108
-125
-140
-150
-151
-146
-140
-127
-103
-82
-63
-44
-27
-24
-30
-29
-9
25
59
88
115
135
146
155
164
163
153
140
126
113
108
110
107
98
78
46
4
-42
-85
-122
-151
-171
-183
-182
-170
-150
-127
-112
-113
-130
-159
-189
-215
-235
-248
-253
-249
-238
-214
-185
-159
-147
-147
-157
-169
-173
-164
-148
-128
-107
-79
-45
-12
22
45
65
83
102
123
139
147
151
153
156
162
175
195
211
223
236
241
239
236
237
228
205
181
162
137
112
94
82
71
73
92
111
118
112
96
68
36
13
-4
-15
-19
-19
-18
-21
-24
-26
-29
-35
-39
-38
-34
-28
-24
-23
-27
-24
-16
-11
-16
-32
-57
-81
-96
-104
-107
-105
-100
-94
-89
-87
-90
-93
-95
-95
-96
-100
-102
-101
-96
-85
-74
-63
-53
-44
-36
-32
-32
-38
-47
-56
-62
-62
-59
-52
-43
-31
-19
-9
-7
-12
-25
-35
-42
-40
-39
-36
-33
-28
-19
-6
8
20
25
22
11
0
-15
-26
-30
-22
-4
22
51
74
88
95
96
97
101
110
122
134
146
155
168
180
194
202
205
203
196
186
179
171
166
161
156
151
146
138
129
118
102
79
50
20
-10
-38
-66
-96
-125
-155
-176
-188
-194
-193
-191
-191
-194
-204
-214
-223
-225
-219
-209
-197
-186
-177
-168
-158
-147
-133
-117
-103
-87
-73
-59
-49
-43
-41
-32
-15
5
19
27
34
42
49
51
50
50
52
54
54
50
45
42
40
42
44
48
56
65
69
70
65
57
46
35
25
18
13
10
6
8
13
22
34
43
45
42
36
35
38
47
58
66
68
68
70
74
79
81
86
89
91
92
94
97
98
95
87
77
70
61
50
34
17
6
5
10
12
3
-14
-38
-60
-78
-87
-88
-87
-85
-82
-81
-79
-80
-88
-96
-102
-105
-108
-113
-121
-130
-137
-139
-135
-126
-113
-97
-84
-80
-84
-86
-76
-62
-54
-51
-48
-40
-31
-21
-9
3
14
20
26
39
53
63
68
69
69
69
68
69
71
76
84
91
95
89
79
67
55
48
45
42
38
33
33
38
42
42
34
20
9
5
7
14
19
22
26
31
38
42
41
37
34
38
47
63
82
97
104
104
99
91
81
68
54
34
16
-4
-17
-25
-28
-28
-22
-18
-13
-16
-27
-44
-64
-81
-96
-107
-116
-122
-130
-137
-137
-133
-124
-115
-109
-106
-109
-114
-117
-115
-110
-102
-92
-82
-69
-57
-49
-44
-39
-37
-30
-22
-13
-1
11
21
29
34
40
45
52
60
67
71
74
80
89
101
114
119
118
110
99
90
84
80
73
64
53
45
36
30
24
22
22
23
24
28
29
28
22
13
0
-11
-18
-19
-18
-17
-18
-18
-18
-15
-9
0
9
16
17
14
8
0
-3
-1
3
8
12
15
22
29
34
35
32
21
10
-1
-10
-16
-19
-21
-25
-26
-29
-29
-28
-27
-24
-26
-32
-43
-58
-74
-86
-93
-97
-97
-95
-93
-92
-94
-96
-98
-97
-93
-84
-75
-66
-56
-50
-43
-36
-27
-18
-5
12
34
57
78
92
100
102
101
98
89
81
70
62
63
71
85
107
130
151
164
168
161
149
135
123
110
101
89
82
72
60
47
33
21
10
-6
-25
-48
-66
-78
-87
-94
-102
-109
-111
-111
-108
-106
-101
-95
-84
-73
-64
-61
-59
-54
-43
-30
-20
-18
-24
-35
-45
-46
-41
-29
-13
6
26
45
56
56
45
30
16
6
-1
-8
-12
-16
-21
-24
-24
-23
-21
-21
-23
-28
-36
-48
-62
-73
-79
-78
-67
-51
-34
-19
-10
-5
-3
-2
-1
0
0
1
0
1
6
14
26
36
48
53
57
59
61
65
72
80
87
92
95
96
97
98
98
100
103
105
106
102
93
81
66
52
38
24
10
-7
-23
-40
-52
-62
-66
-65
-63
-63
-69
-76
-84
-87
-84
-81
-79
-75
-70
-63
-55
-44
-31
-20
-7
3
7
9
8
10
11
11
8
2
-2
-4
-7
-8
-10
-9
-3
-1
-3
-9
-23
-38
-50
-58
-60
-58
-52
-47
-43
-42
-42
-37
-28
-19
-13
-8
-8
-7
-7
-7
-7
-9
-11
-12
-10
-7
4
19
37
56
72
82
88
90
83
74
64
59
61
70
81
88
94
98
98
98
88
75
58
42
24
9
-6
-17
-25
-27
-28
-30
-34
-38
-41
-44
-46
-50
-56
-62
-68
-72
-72
-65
-51
-33
-15
-3
4
6
4
-3
-14
-22
-23
-15
-3
7
12
13
14
15
14
11
5
1
0
1
1
1
1
2
5
3
0
-5
-10
-16
-23
-34
-44
-51
-53
-53
-55
-61
-68
-71
-72
-69
-64
-58
-49
-39
-24
-12
-2
8
16
25
34
47
58
65
69
68
68
68
70
72
74
73
71
67
62
56
51
47
45
43
39
31
23
14
8
5
6
7
9
8
8
7
4
-2
-9
-19
-27
-31
-31
-29
-24
-25
-29
-37
-46
-52
-52
-50
-43
-35
-26
-17
-10
-4
-3
-5
-10
-15
-18
-14
-5
9
23
35
43
45
42
34
25
17
11
4
-4
-13
-20
-22
-21
-18
-15
-16
-19
-25
-35
-45
-54
-58
-55
-49
-43
-37
-34
-31
-30
-29
-28
-25
-23
-17
-9
3
16
31
42
48
51
49
43
38
33
33
37
40
45
50
50
50
48
41
32
21
9
3
-3
-3
1
4
7
7
4
3
-1
-5
-12
-20
-25
-25
-20
-12
-4
1
4
6
7
9
8
7
6
5
4
0
-3
-7
-6
-2
6
13
16
16
12
4
-2
-10
-13
-16
-17
-18
-19
-19
-19
-17
-16
-13
-14
-13
-16
-20
-25
-29
-27
-23
-16
-9
-7
-5
-3
-1
-1
-2
-1
2
8
13
15
14
13
13
16
16
15
16
21
29
36
36
28
13
-1
-13
-21
-24
-21
-15
-7
1
7
10
9
4
-5
-17
-24
-27
-23
-15
-7
-2
-1
-1
2
5
10
15
18
17
17
16
17
21
26
30
32
33
32
31
28
27
26
23
17
9
0
-7
-11
-13
-14
-16
-18
-22
-24
-27
-28
-29
-28
-27
-24
-22
-21
-20
-18
-15
-15
-15
-17
-21
-24
-26
-24
-19
-10
-3
4
9
13
11
9
4
-1
-5
-7
-7
-5
-1
3
10
18
23
27
28
27
20
12
4
-1
-6
-5
-3
2
8
14
15
14
12
12
12
10
5
-2
-10
-14
-14
-12
-9
-4
-1
3
6
6
4
0
-5
-6
-4
-3
-2
1
2
5
8
13
15
20
20
22
21
20
18
14
11
5
3
1
0
2
4
5
4
0
-4
-9
-13
-16
-18
-21
-26
-30
-36
-40
-38
-30
-21
-10
-3
1
2
2
1
-3
-10
-13
-16
-15
-14
-10
-7
-2
3
9
17
23
25
23
20
15
9
5
4
5
10
15
17
18
14
9
3
-2
-2
-2
-1
1
1
-2
-7
-14
-19
-21
-20
-17
-14
-12
-8
-4
-1
0
-1
-4
-8
-5
-3
5
11
15
14
12
11
13
20
26
29
29
27
24
23
22
20
18
15
14
14
14
15
15
15
14
11
6
1
-3
-7
-13
-21
-27
-33
-35
-35
-38
-42
-46
-48
-46
-37
-28
-18
-13
-14
-19
-25
-31
-32
-29
-22
-12
-1
11
23
32
37
38
31
23
10
-1
-11
-18
-17
-11
-1
11
22
32
37
37
33
28
24
17
11
4
-2
-6
-7
-5
-4
-2
-3
-5
-6
-6
-6
-7
-9
-13
-19
-25
-30
-32
-29
-19
-10
2
11
18
23
28
30
30
26
19
13
8
7
8
10
13
16
21
26
29
30
29
26
21
11
-1
-10
-15
-18
-16
-15
-17
-19
-22
-22
-22
-21
-21
-22
-23
-25
-28
-29
-27
-22
-16
-9
-5
-3
-4
-3
-2
2
6
11
16
20
23
23
22
16
9
2
-2
-2
-1
3
8
12
14
13
11
10
8
5
1
-5
-14
-22
-29
-32
-30
-24
-19
-14
-13
-16
-17
-20
-21
-20
-17
-15
-14
-12
-8
-2
5
12
20
29
38
46
47
45
36
27
19
14
13
13
15
18
18
19
19
23
25
28
28
24
19
11
3
-4
-11
-16
-19
-19
-15
-10
-4
-1
-2
-6
-12
-19
-25
-30
-34
-35
-33
-30
-25
-20
-15
-12
-9
-9
-10
-12
-13
-13
-11
-8
-2
3
8
13
16
19
22
24
26
27
27
25
21
17
12
7
3
1
1
1
1
-1
-4
-9
-12
-15
-14
-12
-11
-11
-13
-19
-21
-20
-16
-11
-6
-4
-5
-5
-7
-7
-6
-4
-2
-2
1
2
3
3
4
6
8
12
16
19
20
20
18
16
16
14
16
17
18
17
15
11
7
4
4
4
6
7
7
5
4
0
-4
-8
-11
-12
-13
-12
-13
-13
-11
-8
-5
-5
-7
-12
-17
-22
-23
-23
-20
-13
-3
7
15
17
13
4
-5
-11
-13
-12
-12
-11
-7
-4
-1
1
5
7
7
1
-5
-9
-10
-8
-3
5
12
17
18
17
13
9
6
3
1
0
1
2
4
6
6
5
3
-1
-3
-4
-3
-2
0
3
7
11
14
15
10
6
2
-2
0
3
6
6
2
-4
-10
-14
-16
-15
-13
-10
-9
-9
-7
-7
-6
-4
-1
1
5
10
13
18
18
17
14
10
6
1
-2
-4
-5
-4
-5
-7
-9
-12
-13
-14
-14
-13
-10
-6
-2
3
7
9
9
7
5
4
1
0
1
1
1
1
0
-4
-8
-12
-16
-14
-8
0
5
9
9
8
8
8
8
10
12
13
12
9
6
3
2
1
0
0
-2
-3
-2
-4
-2
-2
-1
0
1
0
-1
-3
-5
-5
-4
-2
-1
0
-2
-5
-9
-12
-13
-11
-8
-4
-1
3
7
9
8
4
-2
-5
-8
-8
-9
-8
-4
-2
2
6
10
14
18
19
21
21
19
16
14
13
11
9
6
5
4
4
4
4
1
-2
-3
-5
-5
-6
-8
-11
-13
-14
-15
-15
-15
-15
-16
-18
-20
-20
-17
-14
-9
-7
-4
-2
0
1
-1
-6
-11
-13
-14
-12
-10
-4
1
7
13
18
20
22
23
22
20
17
16
14
11
9
7
6
2
-1
-3
-4
-8
-10
-9
-2
4
9
11
12
11
7
3
1
0
0
1
1
1
6
11
15
14
9
1
-6
-12
-14
-14
-12
-8
-5
-1
2
4
5
4
2
-3
-7
-12
-18
-22
-24
-23
-17
-8
1
7
8
6
2
0
-2
-3
-3
-2
-1
1
2
4
4
3
2
2
0
-2
-3
-3
-4
-1
1
2
5
7
8
6
0
-7
-13
-19
-18
-14
-5
3
11
17
19
17
10
3
-4
-8
-8
-5
0
7
14
20
22
19
14
7
1
-4
-5
-4
-1
5
10
12
12
9
3
-2
-6
-8
-6
-5
-2
-2
-2
-2
-2
0
1
1
-4
-6
-9
-14
-16
-17
-18
-16
-14
-11
-9
-8
-5
-4
-2
-2
1
3
8
11
13
11
9
6
8
9
11
12
13
13
10
8
4
-1
-6
-8
-8
-6
-3
1
4
7
7
4
-1
-5
-7
-9
-8
-6
-3
-1
-1
0
-1
-2
-4
-5
-7
-8
-10
-11
-11
-12
-9
-7
-3
2
5
12
14
15
15
11
8
5
2
0
-2
0
1
5
6
7
5
3
-1
-5
-8
-9
-10
-9
-6
-3
-1
1
2
-1
-2
-6
-7
-7
-5
0
5
11
14
18
19
18
13
8
4
-1
-4
-4
-1
1
0
-1
3
5
6
4
1
-3
-7
-11
-12
-14
-14
-16
-15
-13
-11
-8
-4
1
3
5
5
4
5
7
9
10
11
11
9
8
9
9
8
9
6
3
-3
-7
-10
-11
-10
-8
-6
-6
-7
-9
-11
-11
-11
-9
-7
-5
-1
-2
1
1
2
3
3
4
4
5
5
5
3
3
2
2
3
3
2
2
1
-1
-1
-1
-2
0
2
4
6
6
5
3
1
-1
-5
-6
-8
-5
-4
-2
-1
0
2
2
1
1
-2
-2
-3
-4
-6
-4
-5
-3
-1
3
4
9
12
13
12
10
7
4
0
-3
-4
-5
-5
-3
-1
1
2
2
1
0
-2
-4
-5
-5
-7
-5
-4
-3
-1
-1
-2
-3
-4
-5
-5
-5
-3
-2
0
1
2
2
3
3
4
5
5
4
3
2
0
-2
-1
-1
0
0
1
2
1
2
3
3
3
2
2
2
1
-2
-1
-1
2
4
5
5
5
3
1
-4
-8
-13
-15
-13
-9
-6
-1
0
2
5
6
6
6
4
3
3
2
-1
-2
-2
-1
0
-1
1
-1
0
-2
-2
-4
-3
0
2
4
5
4
2
-1
-3
-7
-8
-5
-3
0
3
3
4
2
0
-4
-6
-7
-7
-5
-2
0
4
7
10
12
15
14
12
7
1
-1
-2
-2
-2
-1
1
5
9
11
9
8
4
1
0
-3
-5
-8
-10
-11
-12
-10
-9
-8
-8
-9
-7
-6
-5
-7
-6
-7
-5
-2
1
2
4
3
5
5
5
6
4
2
1
1
0
0
-1
-2
-4
-4
-3
-2
2
5
10
11
12
11
9
6
5
4
4
4
3
3
3
1
1
1
0
-2
-5
-7
-8
-8
-9
-7
-6
-4
-2
-2
-1
0
-1
0
0
-1
-1
-1
-1
-1
0
1
2
2
4
4
3
1
0
-2
-3
-3
-2
0
2
3
5
4
4
3
0
-2
-3
-5
-5
-4
-4
-1
-1
0
0
0
-1
-1
-2
-2
-1
0
3
5
4
6
6
5
3
2
1
0
0
0
2
3
4
6
5
6
5
2
0
-2
-4
-6
-7
-8
-7
-6
-5
-3
-1
3
5
5
2
-2
-6
-7
-7
-6
-5
-6
-4
-3
-1
1
0
0
0
0
-1
-2
-1
-2
0
2
4
5
6
4
3
2
2
2
2
4
7
9
9
9
7
5
3
1
0
-1
0
0
0
-2
-5
-9
-10
-10
-10
-11
-13
-13
-12
-9
-5
-3
-2
-4
-5
-6
-5
-2
0
3
6
8
10
11
12
10
9
7
6
7
7
7
8
10
12
13
9
5
1
-2
-2
-1
0
1
0
-2
-1
-1
-2
-3
-5
-7
-10
-12
-12
-9
-6
-3
-2
-3
-6
-8
-8
-7
-5
-3
1
3
4
7
8
8
7
3
2
2
4
6
7
7
6
4
3
1
0
0
-1
-2
-2
-2
-1
0
1
-1
-2
-2
1
3
5
5
4
2
0
-2
-7
-12
-14
-15
-13
-11
-9
-6
-3
-1
0
0
2
3
5
6
5
5
4
3
3
5
4
6
10
12
9
4
4
5
3
-2
-5
-4
-5
-9
-10
-8
-3
-2
-5
-8
-8
-7
-5
-2
1
2
0
-1
-2
-3
-3
-2
0
3
5
7
8
8
5
3
2
1
1
1
1
1
1
1
3
3
3
2
2
3
5
5
5
4
4
1
-1
-3
-4
-3
-2
-2
-1
0
-2
-3
-3
-4
-4
-3
-2
0
1
3
2
0
-2
-4
-5
-6
-6
-5
-5
-5
-1
1
1
2
1
2
2
1
-1
-5
-5
-5
-3
0
2
2
2
2
3
4
3
1
-2
-6
-7
-8
-8
-6
-2
1
4
4
4
4
3
4
5
7
7
8
7
5
5
3
4
4
7
8
9
8
6
3
0
-3
-6
-7
-9
-9
-8
-8
-8
-8
-7
-4
-1
0
0
-1
-3
-2
-3
-2
-3
-4
-3
-2
0
0
2
3
4
5
5
5
4
3
2
-1
-3
-6
-7
-7
-6
-4
0
5
8
9
8
8
5
3
0
-2
-2
-2
-1
1
2
3
3
2
1
-1
-3
-4
-6
-7
-8
-8
-8
-6
-5
-4
-3
-2
-2
-1
-1
-2
-2
0
0
1
3
4
5
7
10
11
11
9
9
6
4
1
0
-1
-2
-2
-1
0
2
3
4
4
3
2
-1
-3
-4
-5
-5
-6
-5
-5
-3
-2
-1
-1
0
0
1
0
0
-1
-1
-1
-2
-2
-3
-5
-4
-5
-4
-3
-1
2
4
6
9
9
9
7
4
1
-2
-4
-6
-7
-5
-4
-2
0
1
1
2
0
0
0
0
1
2
3
4
6
5
5
4
2
0
-1
-1
0
1
3
4
3
1
-1
-4
-7
-7
-6
-4
-2
0
0
0
0
-2
-3
-5
-6
-7
-8
-8
-9
-6
-6
-3
0
3
6
8
10
10
8
7
4
3
0
-1
-1
0
-1
1
2
3
5
6
7
7
6
4
1
-3
-4
-6
-7
-6
-4
-2
0
3
3
3
2
1
1
0
1
1
1
1
-3
-6
-10
-13
