3.442432
0.401820
1.146098
0.416476
0.826481
2.367387
1.830988
0.644100
0.100823
-0.306909
-0.194316
-0.085878
....................
3.658531
0.112205
1.522883
0.296334
0.770064
2.378961
2.012990
0.682390
0.079549
-0.298536
-0.196609
-0.090171
....................
3.218908
0.416587
1.312348
0.370625
0.965660
2.328402
1.884588
0.619821
0.100954
-0.280523
-0.219883
-0.089776
....................
3.535149
0.178819
1.548731
0.338456
0.892596
2.414557
1.931671
0.727509
0.093603
-0.325999
-0.227293
-0.084403
....................
3.440559
0.320143
1.408178
0.405977
0.966300
2.307408
1.873200
0.716366
0.127073
-0.298808
-0.224899
-0.085633
....................
