SAMPLES:	12094
BITSPERSAMPLE:	16
CHANNELS:	1
SAMPLERATE:	16000
NORMALIZED:	FALSE
-4
-7
-7
-10
-11
-12
-12
-10
-10
-11
-12
-12
-11
-14
-13
-12
-10
-7
-4
-2
-1
0
0
0
1
1
0
-1
-4
-1
2
4
5
7
8
9
7
10
12
14
12
8
5
4
1
0
1
2
5
7
9
7
4
0
-4
-7
-9
-9
-8
-6
-4
-1
1
3
5
6
5
5
4
2
1
0
0
1
3
5
6
5
3
1
0
-1
-2
-7
-8
-8
-9
-8
-6
-4
-2
0
1
0
0
0
0
0
0
1
2
3
4
4
3
3
2
2
1
0
-1
-3
-5
-7
-9
-10
-9
-9
-6
-5
-3
-2
0
0
0
-2
-1
-2
-3
-2
-1
-1
1
2
3
3
2
3
2
2
1
3
3
4
5
7
5
4
3
-1
-2
-2
-1
-1
0
0
-1
-1
0
0
0
1
2
-1
-1
-1
0
0
4
7
8
8
8
8
4
1
1
-1
-2
-2
-2
-2
-2
-3
-5
-5
-5
-4
-4
-3
-3
-2
-2
-2
-2
-1
1
1
1
3
4
3
4
3
3
2
1
1
1
0
0
0
0
-1
2
2
2
2
2
3
2
0
-2
-6
-8
-10
-12
-11
-10
-7
-4
-1
2
3
4
4
2
2
-3
-5
-6
-8
-8
-6
-3
0
3
5
5
3
0
-3
-4
-3
-1
2
7
11
15
16
14
8
6
2
3
5
7
8
8
6
4
1
-2
-5
-7
-8
-6
-5
-3
-2
1
1
1
0
-4
-5
-6
-6
-5
-2
1
2
2
2
1
-2
-5
-8
-9
-10
-10
-9
-7
-5
-3
1
2
4
5
8
8
10
11
12
11
11
8
5
3
2
2
1
-1
-2
-5
-7
-5
-5
-5
-5
-6
-7
-6
-5
-4
-2
-1
-1
-3
-4
-2
-2
-1
-1
-2
-5
-6
-4
-4
0
2
4
5
7
8
7
6
6
5
2
3
3
3
3
5
4
2
2
0
-2
-1
-1
-2
1
-1
-1
-2
-3
-2
-1
0
3
5
6
7
8
5
3
0
0
-2
-4
-4
-4
-4
-3
-3
-3
-3
-3
-3
-5
-6
-7
-7
-7
-6
-5
-2
0
1
3
2
2
-1
-3
-3
-5
-5
-3
2
5
9
10
9
8
6
5
0
-2
-3
-2
4
8
13
16
17
15
12
7
-1
-6
-11
-15
-17
-15
-14
-11
-7
-8
-9
-12
-15
-19
-19
-16
-10
-4
3
6
8
7
6
4
3
2
2
1
1
2
4
6
11
15
16
15
14
10
7
4
2
2
1
0
0
1
0
3
3
3
2
1
0
-3
-3
-4
-3
0
1
2
2
2
1
0
-3
-3
-5
-6
-7
-5
-4
-1
0
1
0
-1
-3
-6
-7
-9
-9
-9
-7
-7
-5
-4
-3
-1
1
2
6
8
11
13
14
13
13
11
11
9
9
6
4
1
1
-2
-4
-5
-5
-6
-6
-7
-8
-9
-10
-10
-9
-8
-5
-3
-2
0
-1
-2
-3
-5
-5
-4
-4
-2
1
0
2
1
1
1
0
-1
-1
-1
0
1
1
0
1
2
6
9
13
14
12
8
3
-2
-5
-5
-3
1
5
7
8
8
6
5
4
2
0
0
0
0
1
3
5
4
5
3
0
-2
-4
-5
-5
-6
-7
-8
-9
-12
-15
-15
-14
-12
-10
-7
-4
-3
0
4
8
8
5
2
1
2
3
3
3
4
4
2
-3
-6
-11
-11
-10
-9
-6
-5
-3
0
1
3
5
7
9
10
11
12
11
13
13
15
14
11
7
5
3
1
-1
-3
-6
-7
-4
-2
-2
-3
-4
-7
-9
-8
-8
-7
-5
-3
0
0
0
0
0
0
0
0
0
1
1
2
1
0
-1
-1
-1
0
0
1
1
1
1
1
1
-1
-1
0
-1
-1
-1
-1
-2
-3
-3
-3
-5
-4
-5
-5
-6
-5
-5
-5
-5
-4
-3
-1
0
2
4
8
11
13
11
10
8
9
8
7
6
7
7
8
9
8
6
2
-1
-4
-6
-7
-8
-4
-3
0
0
1
1
-1
-1
-4
-6
-4
-4
-3
-4
-4
-5
-6
-6
-8
-6
-7
-6
-8
-9
-7
-5
0
7
11
13
13
10
5
0
-6
-9
-10
-7
-4
-1
1
3
3
2
1
1
1
6
11
14
17
18
18
18
15
10
3
-4
-9
-11
-11
-7
-4
-1
1
1
1
-1
-6
-8
-10
-11
-10
-9
-7
-4
-3
-3
-4
-3
-2
-2
-4
-7
-9
-9
-6
-3
1
3
5
7
7
8
7
7
10
12
12
9
4
2
0
1
5
8
10
10
6
4
0
-3
-6
-8
-10
-9
-9
-7
-5
-3
-1
1
0
0
-1
-2
-3
-4
-2
0
2
4
5
5
3
0
-3
-7
-8
-9
-9
-9
-9
-9
-9
-9
-9
-7
-3
0
6
10
14
17
16
14
12
8
5
4
3
5
8
10
12
13
14
13
10
8
4
0
-5
-9
-12
-16
-17
-18
-15
-12
-9
-4
-3
-2
-3
-5
-9
-13
-15
-15
-13
-8
-4
1
4
6
8
10
10
11
10
11
9
7
5
2
3
5
5
5
5
5
3
1
2
2
3
4
6
6
6
6
5
4
1
-2
-3
-4
-4
-4
-2
1
1
-2
-6
-6
-6
-9
-12
-14
-13
-11
-9
-7
-3
-2
1
-1
-2
-5
-7
-8
-6
-6
-3
0
3
6
7
9
8
6
4
3
1
0
1
4
5
5
4
4
3
2
2
1
1
-1
-2
-5
-5
-5
-3
0
4
5
8
9
8
8
7
6
5
5
5
4
2
1
1
-1
-2
-2
-3
-4
-4
-5
-5
-5
-4
-4
-3
-2
-3
-3
-3
-1
0
2
3
3
3
1
-2
-4
-7
-8
-7
-3
0
3
4
4
2
0
-2
-3
-6
-7
-8
-8
-7
-5
-3
0
3
3
3
1
0
0
0
1
4
8
13
16
17
13
8
4
0
-1
-1
1
1
4
5
7
7
6
5
2
0
-2
-5
-8
-9
-9
-9
-8
-6
-4
-3
-2
-3
-4
-5
-6
-6
-5
-5
-2
-2
-1
-1
1
0
0
1
1
1
1
0
0
0
2
5
7
11
12
12
12
9
4
1
-2
-4
-5
-3
-1
1
0
0
-3
-2
-5
-2
-2
0
1
0
-2
-3
-7
-7
-8
-6
-4
-2
0
0
1
1
0
0
0
1
0
0
-1
0
0
0
-1
-2
-3
-3
-2
0
3
3
4
2
3
3
4
4
6
5
5
5
4
3
0
-1
-3
-1
1
3
5
7
7
8
5
3
1
0
0
-1
0
-1
-4
-4
-5
-5
-3
-2
0
1
1
0
-2
-4
-6
-8
-9
-10
-10
-8
-7
-2
-1
0
0
1
1
0
-1
-2
-1
2
5
6
6
4
2
3
2
3
1
1
1
0
-1
-1
-1
0
-1
-1
-2
-1
-1
1
2
2
2
1
2
1
1
2
2
2
3
3
2
0
0
0
-2
-3
-3
-3
-2
-3
-2
-5
-5
-5
-7
-7
-6
-5
-2
0
2
3
2
1
1
0
1
4
6
10
10
9
6
5
2
0
-1
0
1
-1
0
-1
0
0
2
6
7
7
7
7
6
7
5
1
-1
-3
-4
-3
0
0
-1
-1
-1
-2
-1
-1
-1
-1
0
-1
1
1
1
0
0
-4
-4
-5
-5
-6
-5
-4
-4
-3
-3
-4
-4
-5
-6
-7
-8
-8
-8
-6
-4
-2
1
4
5
5
4
2
1
-2
-3
-3
-1
1
4
6
6
5
3
0
-2
-4
-4
-3
-2
-1
0
1
2
4
4
4
4
3
1
2
3
6
8
10
12
12
11
7
4
0
-3
-5
-6
-6
-6
-3
-2
-2
0
-1
-1
-3
-3
-3
-3
-2
-2
0
0
0
0
0
0
2
4
6
7
7
6
4
3
3
1
2
2
1
-2
-2
-4
-3
-4
-4
-5
-6
-9
-10
-13
-13
-12
-11
-9
-5
-3
-2
-1
0
0
0
-1
-1
0
1
3
5
9
11
14
15
16
13
12
7
4
0
-4
-5
-6
-5
-4
-2
0
1
3
5
5
5
4
2
0
-1
-3
-2
-2
-2
0
-2
-3
-3
-3
-1
2
3
5
4
3
0
-1
-5
-6
-8
-7
-7
-5
-5
-4
-1
0
0
-1
-4
-6
-6
-8
-9
-8
-7
-3
2
3
4
4
5
10
12
15
17
17
17
15
12
9
5
2
0
-2
-4
-6
-8
-9
-11
-13
-14
-14
-13
-12
-9
-4
1
7
13
15
16
13
11
7
5
4
4
5
6
5
6
3
2
-3
-8
-16
-23
-30
-33
-31
-28
-23
-19
-13
-8
-4
0
2
6
8
13
17
18
20
22
25
27
28
31
30
31
30
26
21
14
7
3
1
0
1
1
1
0
0
1
1
4
5
6
6
7
6
5
0
-5
-12
-17
-20
-21
-23
-22
-24
-25
-26
-28
-32
-39
-46
-50
-51
-47
-41
-35
-34
-31
-27
-21
-11
-2
7
12
19
26
37
53
74
96
116
134
152
174
195
210
211
200
184
170
157
142
112
68
17
-36
-72
-104
-131
-158
-206
-254
-311
-379
-432
-482
-527
-537
-547
-527
-464
-429
-337
-270
-215
-87
-37
88
198
230
366
402
484
610
606
724
748
737
797
696
707
675
555
530
344
249
171
-3
-32
-225
-336
-406
-607
-572
-731
-775
-772
-945
-820
-921
-881
-757
-819
-567
-517
-380
-158
-151
95
195
306
522
512
678
743
796
996
983
1109
1107
1013
1075
890
853
760
490
467
184
57
-10
-308
-294
-541
-650
-657
-819
-798
-929
-1004
-1044
-1122
-1218
-1131
-1206
-1113
-907
-936
-537
-525
-284
-77
-92
240
150
399
465
498
738
673
863
892
885
988
915
906
911
747
742
589
432
429
150
160
-11
-160
-97
-331
-277
-395
-521
-433
-552
-431
-375
-398
-222
-249
-147
-7
-65
119
118
137
326
233
371
397
303
440
271
286
270
92
204
43
26
28
-180
-160
-320
-391
-386
-472
-423
-477
-473
-453
-424
-325
-259
-178
-181
-100
-97
5
159
183
397
365
445
497
395
512
368
383
340
167
175
-39
-102
-156
-295
-280
-412
-510
-603
-743
-781
-814
-829
-808
-825
-826
-751
-707
-472
-303
-198
-18
-14
242
433
626
964
1075
1431
1648
1937
2381
2563
3032
3154
3364
3436
3276
3361
3067
2950
2550
1953
1563
744
353
-297
-976
-1587
-2657
-3294
-3922
-4387
-4622
-5223
-5619
-5864
-6101
-5957
-6006
-5959
-5599
-5355
-4613
-3938
-3261
-2348
-1637
-431
739
1775
2795
3357
4219
5066
5910
6826
6977
6934
6615
6345
6590
6365
5809
4746
3238
2240
1366
648
-63
-1487
-2968
-4307
-5355
-5658
-6016
-6501
-7005
-7625
-7464
-6924
-6232
-5378
-4972
-4103
-2941
-1713
-87
1068
2390
3751
4753
6100
7031
8088
9067
9306
9722
9772
9863
10011
9496
8905
8002
6716
5621
4328
3078
2098
219
-1398
-3118
-4968
-5849
-7612
-8768
-9703
-10940
-11265
-12297
-12718
-12499
-12419
-11518
-11030
-10637
-9700
-9166
-7593
-5363
-3180
-542
511
1446
2837
4867
8373
10546
11675
11556
11156
12337
13508
14616
14433
12454
10496
8662
7692
7306
5511
3005
-91
-3081
-4718
-6644
-8359
-10221
-12382
-13415
-14486
-14912
-15041
-15323
-14505
-13641
-12030
-10088
-8601
-6381
-4421
-1851
1227
3699
6392
8239
9860
12009
13722
15631
16757
16805
17015
16678
16435
16100
14914
13724
11614
9283
7350
5333
4645
2981
346
-2027
-5175
-5925
-6534
-7620
-8199
-10431
-11336
-12451
-13258
-12731
-12456
-11209
-10748
-11184
-12300
-13017
-11897
-8882
-4843
-3177
-4697
-7993
-8852
-4028
3718
9084
7343
1198
-1960
1685
10812
17541
16761
10905
4919
5086
10577
15997
17328
12194
5478
1817
2579
5813
6442
3141
-2243
-6070
-7194
-7105
-7896
-9794
-11607
-12633
-12525
-13506
-14344
-14465
-13742
-10909
-8491
-6961
-6776
-7033
-5552
-2343
2301
5708
6066
5373
5513
7524
11466
14283
14511
13521
12252
12101
13025
13807
13717
12348
10522
8616
6638
5674
5355
4869
4250
2145
-1031
-2806
-3010
-2379
-1811
-3008
-5184
-6541
-7447
-7795
-7396
-7242
-7421
-8434
-10316
-11355
-11610
-11088
-9223
-7806
-7928
-9741
-12929
-14187
-10214
-1904
3479
-274
-7445
-9306
-3815
6944
14958
13501
7376
3727
5077
11692
19331
21957
17983
10589
6450
8823
12780
13660
10594
4466
-411
-2128
-3152
-4413
-6515
-8801
-10353
-12430
-14697
-16561
-17793
-16404
-13702
-12630
-11918
-12248
-12791
-11906
-9443
-4429
48
1849
1685
1894
2853
6819
9861
11264
14705
15485
15616
11578
10520
12911
16496
20969
13662
9577
5498
4119
10825
10441
10237
4691
-2271
-3220
-2171
1822
2749
-440
-4823
-7146
-6391
-4029
-3619
-5182
-6076
-7098
-6968
-7419
-7810
-7709
-9260
-8908
-9737
-10292
-8278
-9514
-9466
-11071
-15241
-13060
-5444
3084
-773
-11289
-11127
-6191
4410
15028
13126
5614
2332
5437
11539
19697
23863
19327
11017
6509
9351
15675
17625
12823
6920
153
500
2019
-2786
-3267
-7108
-9296
-9620
-13713
-12913
-17527
-18782
-13575
-14019
-11816
-13572
-15528
-12977
-11992
-5843
-1717
-1131
-1390
-3639
-905
5328
10550
12193
9970
7131
6812
10088
14890
17208
15076
11933
7347
4850
9041
13292
14206
8222
2165
563
-559
4326
5935
3287
802
-4223
-3944
-1010
-97
409
-1565
-4074
-984
-263
-3148
-809
-2439
-4392
-442
-884
-2861
-4308
-8058
-8108
-7399
-8752
-7364
-7981
-11312
-13245
-16267
-17565
-11027
-1146
-208
-9449
-16081
-12851
-2052
10113
13544
6551
479
2088
8231
15822
22081
21837
14992
8867
8922
13952
18292
17414
10701
3466
1080
1017
198
-1979
-5577
-9261
-11217
-12006
-13092
-16566
-18633
-16328
-16556
-14445
-12847
-16489
-14728
-13411
-11092
-4809
-2693
-1398
-2811
-2571
2900
7066
10470
10091
10108
10810
10196
13354
15253
17054
17127
12819
9649
8921
11515
14149
10629
6703
4980
574
2709
3728
657
2364
-447
-3323
-3357
-2691
-2936
-3283
-2287
-3033
-621
-1274
-3998
-2914
-2799
-2151
569
1606
-1522
-5643
-8204
-7940
-7554
-6543
-6482
-9971
-12634
-14715
-17643
-18692
-11948
-5419
-1919
-6683
-17868
-14182
-4724
6670
15354
11311
3372
1905
8812
14417
23004
25609
18949
13551
9037
13535
17906
17741
14332
6227
4811
2430
-1371
-3042
-8881
-9788
-8893
-11157
-14409
-18832
-21404
-21193
-16132
-12182
-12867
-15766
-17270
-15113
-11705
-6123
-1031
-228
-2757
-2933
982
5991
9207
10911
11533
11080
12161
12603
13574
12420
13784
18082
14256
9052
6357
7502
8446
9603
10626
1834
-1987
1350
551
181
1555
-482
-3016
-2197
-2744
-2964
-1413
212
1448
1842
1200
1016
627
694
3713
4315
4490
2138
-1630
-2515
-4099
-3848
-6133
-8536
-11237
-14011
-13115
-16267
-19081
-21453
-21388
-11598
-4885
-10727
-17796
-17018
-11555
-618
9817
8989
2928
245
3757
11365
20742
26357
19886
12433
12020
13646
16247
21899
19665
7774
6276
5490
2337
1751
-2630
-3979
-6702
-10617
-11338
-13548
-18023
-16623
-14408
-15719
-13708
-15314
-15659
-14224
-13563
-10228
-6582
-2968
-3714
-3874
-1815
465
5065
8720
10286
10202
9230
10106
11631
11776
15211
16998
14049
10743
6645
9259
11825
10502
11521
2720
-2101
2089
351
1921
1624
-1347
-3331
-5858
-4745
-3825
-482
-286
-1844
-593
-3496
-1317
1830
1983
4990
3415
2382
2921
771
166
-620
-3299
-5749
-5625
-7359
-10199
-11594
-15200
-18201
-18576
-13268
-4461
-6766
-17916
-20068
-14371
-5451
7484
10642
1846
-3391
-386
7491
16055
21415
21221
13804
7411
10289
16390
19194
18351
13895
8108
4459
3933
3000
-720
-2951
-4143
-5681
-8777
-12921
-14649
-17220
-16573
-12499
-12579
-14459
-13771
-16426
-18010
-10153
-7485
-4524
-503
-6595
-6272
-842
3374
8381
8324
6451
6999
10167
13156
12895
13376
15264
14614
13184
12160
10774
11387
11867
13402
12621
4073
2229
3932
2761
4324
3735
1779
-2815
-4981
-4465
-3880
-243
-344
-2119
-3875
-4544
-3385
-2421
-88
173
-1237
-1140
-1390
-3614
-5874
-8037
-9052
-7308
-5581
-7250
-13419
-18728
-21882
-23230
-11790
5099
964
-16973
-22907
-17110
-3667
14347
18495
6286
-2692
-1022
6931
17415
25512
25720
15655
5724
8601
16861
19242
17282
12447
6117
3363
3456
1528
-2496
-5316
-6418
-7658
-9843
-13486
-18044
-19807
-17779
-14512
-11003
-11277
-15769
-17192
-15368
-13159
-6644
261
-664
-4740
-5286
-978
4405
7367
10035
11403
7896
7941
15392
12351
9483
19095
17377
9402
9507
11723
10617
8160
13182
11405
861
970
3024
3117
4378
1166
-2272
-3154
-4241
-4798
-2822
-2215
-1501
-172
-3601
-5603
-4307
-2582
1942
4419
975
-2761
-5336
-6342
-3296
-2490
-4835
-5436
-7781
-12151
-14885
-17080
-17933
-12944
-2393
665
-10580
-18973
-16123
-8529
4986
14649
9421
1763
-424
1361
10308
20163
22889
19433
10842
5365
11091
17313
16967
13298
6755
3770
4701
2043
-2341
-4955
-7051
-7292
-8902
-12164
-14459
-18880
-18752
-16536
-13280
-10177
-14282
-14724
-14449
-14309
-8227
-958
2012
-1882
-3722
-1777
3118
9302
11870
12025
10368
10399
12648
14243
16000
18138
16659
11618
9284
10824
12360
10586
9896
8909
1735
628
3662
-865
-565
311
-4406
-3304
-2652
-5267
-7982
-5454
-3514
-5101
486
-2923
-5095
-1878
-5680
228
3460
665
-711
-5794
-6099
-3596
-3563
-3427
-5735
-10511
-12487
-15637
-18521
-13277
-2355
2311
-8366
-19578
-17106
-7620
4607
14716
11375
952
-1046
3593
9672
17842
23016
19567
11451
7126
10044
15182
16351
13256
7693
4047
3786
1662
-3218
-6265
-6349
-7613
-10517
-12820
-14859
-18583
-20067
-16427
-12784
-11406
-14054
-15042
-15051
-14876
-8679
-2895
1339
-303
-3459
-1814
1458
8712
12386
10940
9658
11771
14842
14102
12632
14865
17188
15341
12007
9381
11006
8293
8815
12384
3989
3050
2652
-2561
457
1314
1168
-800
-3682
-4620
-6164
-4111
-3468
255
1833
-2298
-842
-3094
-3026
1797
3488
3794
-315
-4818
-5800
-5779
-5921
-4249
-7005
-10092
-13830
-19795
-17390
-17033
-11139
1128
-3736
-17920
-20188
-12139
-1901
11125
13740
4776
-686
352
7232
15346
20785
22428
16838
7971
7985
14556
16779
15324
11678
6774
3903
1884
-1396
-4316
-5313
-6161
-8108
-10314
-14336
-18770
-19040
-16779
-12846
-9204
-12021
-16218
-16028
-15414
-11850
-4033
-65
-1669
-3239
-1388
2144
4762
7616
10815
11326
12357
14947
12678
10109
13461
18094
18101
13971
10166
9548
8074
7624
11471
7291
2577
2180
-1505
-1331
6
930
114
-2065
-4494
-6448
-4223
-3998
-1682
263
-1885
-951
-1457
-2603
-162
1285
2373
3708
-404
-4804
-5784
-6279
-4454
-3968
-6804
-10108
-13660
-18248
-22902
-20292
-3470
7632
-5644
-19783
-20771
-14790
1733
16509
12498
4086
-582
-1190
7223
12187
24252
27658
8696
6408
11055
11823
14913
13431
11383
5564
1171
-515
-3826
-6104
-6617
-4323
-5959
-11567
-15010
-18097
-18306
-15065
-11051
-8076
-11189
-15276
-15553
-15888
-11869
-2875
997
-966
-2732
-2592
337
4448
8759
12126
11965
12201
12508
11558
11929
14710
17656
15851
12597
11008
11026
8830
9410
11714
4713
2912
3702
-412
-749
-567
-605
-1249
-1812
-3518
-6067
-6720
-5037
-906
412
-1156
-2644
-3285
-2860
-1018
2114
3125
136
-4064
-5971
-5833
-5487
-5452
-4861
-5639
-10487
-16753
-21535
-19414
-4626
7479
-1343
-16255
-20144
-15871
-1858
14433
15157
5750
-638
-2093
2851
12620
21783
22648
13054
5273
7306
11677
13138
11951
8511
5296
2842
786
-2632
-6110
-7625
-6737
-5854
-9710
-13593
-17162
-19216
-17577
-12279
-7866
-10322
-10923
-14180
-16313
-10819
-4778
2680
3231
-796
-1821
-730
3588
8731
11795
13702
14026
12268
11357
11004
14706
17460
15327
12794
10646
11455
7703
6319
10197
4299
1742
3939
624
-620
-2433
-3679
-1416
-279
-2411
-5747
-5738
-5509
-3230
295
-197
-473
-1646
-3499
-864
2788
3427
1630
-2966
-5321
-3585
-3567
-3703
-3777
-6567
-10180
-14833
-20041
-19947
-10102
1522
-742
-13551
-20183
-17875
-7335
8695
14790
7445
-198
-2382
1445
10736
19650
23308
18632
8838
6196
11407
13923
13794
12300
8480
6142
4275
-52
-5213
-7243
-5571
-4061
-7398
-12674
-16848
-19944
-19171
-15876
-9683
-8762
-12147
-14329
-17341
-14055
-8174
-576
2137
-1086
-2636
-3942
2
5637
11233
11965
9882
12236
12459
8085
10891
18389
15048
13908
10604
7075
10721
8653
10553
7167
1886
4278
1055
358
934
-1199
-956
-1055
-929
-1929
-4238
-5113
-2969
324
878
1249
-842
-3369
-1259
232
2516
4053
-784
-3776
-1942
-2953
-4144
-4215
-6569
-8317
-10581
-14273
-18950
-22173
-12965
1921
180
-13527
-20913
-19659
-8919
8103
15550
9180
882
-2365
125
8854
20250
25475
19062
8912
6486
10727
14430
14876
12670
9698
7055
3633
-913
-4330
-4950
-4310
-4605
-6745
-11249
-16906
-20061
-18372
-13741
-10213
-9821
-11807
-14529
-16717
-15991
-10149
-1926
2247
-285
-4037
-4156
-1031
4187
9808
13077
13548
12089
9179
8084
9773
15534
20302
16959
10978
7329
6248
7803
12949
11272
4590
4368
1276
-2917
-1737
2670
1471
-2394
861
-3917
-8967
-3670
-1182
663
554
-1987
-1844
-2449
-1487
1832
3617
2397
-103
-1142
-1708
-3157
-5430
-4951
-3083
-4508
-7786
-12288
-18941
-23294
-16558
-2230
3764
-4725
-17808
-23256
-16304
-166
13316
13495
4151
-3138
-4077
1734
13342
22269
20908
12375
6007
6338
11411
16085
15567
10344
6668
5342
2250
-133
-2644
-3666
-2159
-4023
-6623
-11739
-17952
-17884
-14844
-10920
-8277
-10034
-14103
-18318
-18691
-12914
-4983
1212
41
-5435
-6164
-3404
2956
9073
10685
10689
9913
9966
9801
10967
15097
17090
14887
11508
9490
8239
7633
8028
8468
7606
5287
1764
-2246
-3440
-969
1506
1705
215
-3442
-6972
-6195
-2290
1349
2318
499
-2218
-2904
-478
3176
5302
4825
1574
-656
1605
-1212
-4684
-1673
-2773
-4809
-5047
-8012
-12753
-16546
-18435
-18592
-11947
-2344
-2366
-13191
-20923
-17809
-7285
5907
11353
6295
-136
-977
4234
11077
16841
20327
17905
11846
9845
12080
14303
14903
13508
10487
6968
3828
205
-3625
-4802
-3817
-4708
-8351
-12777
-17108
-19985
-18676
-14018
-11153
-12315
-15124
-17459
-17615
-13709
-7406
-3056
-2167
-2867
-2946
-865
3104
6656
8814
10540
11835
12512
13024
13623
14982
16301
15244
12848
12343
13086
11975
10093
9419
7217
4000
3370
2995
1596
902
-511
-1894
-2377
-3930
-5185
-4923
-3944
-2198
-1765
-3350
-4042
-2563
101
1895
1884
1547
1020
-237
-651
407
796
-925
-3401
-5003
-6164
-7499
-8377
-10361
-15173
-18992
-15470
-6347
-1695
-6232
-14097
-17706
-13072
-395
9285
8434
4036
1586
1344
4809
13169
19145
18823
14256
9611
10116
11545
14000
14750
10938
8093
5080
1625
-1920
-4308
-5184
-6664
-7780
-10085
-14996
-18855
-18414
-16266
-14758
-13802
-13890
-14693
-15198
-14607
-12088
-6593
-1022
14
-1256
-453
2405
5647
8263
10698
13180
15019
15350
13771
12082
13017
14404
14691
14737
12175
10255
8552
5734
5791
3986
2737
3212
22
-994
-446
-1034
-1076
-2158
-2584
-2954
-3249
-2033
-754
-687
-1679
-738
190
81
1045
773
9
1089
2266
1677
-532
-4107
-6610
-6588
-6018
-4901
-5070
-9870
-16412
-20983
-21750
-13819
-1010
1716
-8541
-19108
-19964
-10381
3121
10835
8987
2831
-473
1459
6695
13447
18972
18786
13443
9308
10716
14141
13360
11351
11713
9198
5316
3518
-1908
-7365
-5990
-4565
-6946
-10468
-15390
-19432
-20149
-18486
-14925
-11758
-12341
-15399
-17379
-16438
-11834
-4887
242
391
-1375
-684
2707
6214
9675
14111
15827
14703
13455
12175
11479
14203
17237
16719
13692
9117
8450
6613
5855
8144
5558
4276
291
-2604
-6
933
1283
-294
-1983
-3443
-3815
-3004
-1252
1830
2372
1725
352
-1138
-1335
-516
1309
3198
3918
1681
-3170
-7316
-8339
-6720
-4535
-5321
-8758
-12792
-18543
-22908
-20853
-11648
-696
170
-10942
-20405
-19284
-8713
5312
12437
8981
2833
830
2824
7872
15453
20821
19127
13202
9546
10212
12614
13493
12204
10581
8901
5687
1099
-3517
-6538
-7097
-6711
-7175
-10673
-16839
-20466
-19871
-17005
-12929
-11292
-13164
-15008
-16723
-15567
-9178
-2095
1866
1237
-1244
-485
4442
9016
11421
12244
13677
15076
13633
12659
11119
13169
15450
13569
12161
7328
5205
4693
4275
4507
1609
1535
-207
-2866
-1948
-433
-252
-1237
-987
-1379
-2286
-1302
1322
3005
3261
2839
1775
1898
3285
5056
6083
5273
3442
2099
669
-1875
-4116
-5288
-6252
-7149
-8319
-11132
-15144
-19358
-23269
-22185
-12174
-1472
-2448
-13533
-21832
-18926
-6559
6660
11917
8230
2141
-519
2118
9622
18516
22929
19767
12351
7767
9912
15236
17192
14072
9439
6111
3431
134
-3110
-4989
-5848
-7232
-9927
-13641
-17226
-19498
-19608
-17461
-14186
-11719
-11831
-14276
-16814
-15295
-8249
-212
2838
805
-1374
-385
4251
9109
12228
13864
15484
14852
12109
12921
13161
13391
15432
15009
9222
5295
7873
4836
3044
4582
2175
582
-3257
-2911
-715
-2256
-1062
-2572
-3108
-2449
-2879
-68
1138
2828
2083
683
2521
2367
3554
4658
5205
5208
4020
3291
931
-1907
-3209
-3104
-4337
-6463
-7960
-9505
-11897
-16902
-22093
-21809
-13520
-2900
-2539
-14127
-21869
-18611
-9192
3231
9440
5796
1154
-1130
552
8218
16488
20541
18155
11336
8544
11684
15106
15386
12640
9608
7793
5819
2657
-1626
-5308
-6425
-5686
-5791
-9136
-14793
-18739
-18831
-16310
-13236
-11272
-11588
-14040
-16455
-15759
-10252
-2099
2766
1620
-969
-509
2584
6636
10702
13783
14961
14449
12751
10592
11058
14173
15162
13056
10136
8066
6920
5677
6214
6293
2420
14
-789
-2289
-901
-562
-2083
-1911
-3426
-3167
-1286
-3036
-1310
2431
1597
1453
2054
1893
3306
3814
4679
6335
4637
2428
1379
-132
-1909
-3548
-4902
-5485
-5548
-7960
-12168
-18411
-23039
-20207
-9609
852
-3926
-17242
-23785
-19538
-6184
6010
9378
3812
-1597
-1624
564
7413
17333
21087
16038
10069
9310
12258
14946
14335
11670
9459
8475
5985
505
-4062
-6684
-5581
-4125
-6488
-10881
-16850
-19138
-18565
-16306
-12274
-10772
-10950
-13579
-16251
-14928
-8809
-949
1735
118
-710
317
2619
6994
12173
14891
15363
14500
12755
11061
12292
15941
16557
14866
11576
8250
6548
5927
7269
5909
3850
2648
-229
-1759
-2407
-1023
29
-892
-1995
-5548
-6400
-3814
-1425
298
-916
-1684
-1778
-1151
1004
881
1625
2331
670
-492
-1989
-3647
-5150
-4916
-3969
-4146
-6327
-12539
-18067
-21968
-16656
-308
4778
-5853
-18347
-22573
-14105
1029
11365
10075
2457
-1901
-1218
2407
10187
18147
18262
11933
7318
7830
10144
11867
12075
9660
6650
4866
1886
-3115
-6469
-6846
-6821
-7453
-8540
-11706
-16639
-19113
-17362
-14107
-10841
-8348
-9668
-14680
-17063
-12181
-3228
3160
3112
-534
-2102
1010
5972
9617
12880
15152
15085
12768
11041
11651
14471
16207
15262
13514
9667
8391
7308
6817
7285
4391
4383
2706
1395
621
-1708
-247
-155
55
-1249
-4564
-5339
-3979
-541
1922
1544
-1016
-2758
-1956
-76
1405
2754
1831
-2198
-4284
-4888
-5671
-5603
-5359
-5274
-7939
-13197
-17898
-22147
-17314
-1022
5354
-5468
-17798
-21581
-14012
1123
13459
13678
3661
-2276
-1131
2157
11865
21309
19315
11936
6915
6829
10300
12111
12186
10478
6378
3385
652
-3860
-6649
-6551
-6037
-6746
-9026
-12255
-16886
-20393
-18520
-12776
-9046
-8432
-9615
-14504
-17828
-13370
-2636
4734
3004
330
-1502
-1312
4180
10842
15640
16249
14350
11592
8509
10648
16240
18262
15667
10057
7395
7176
6446
9675
8635
2919
2187
517
-771
52
-1281
-1331
-817
350
-263
-3440
-4093
-3440
-265
2706
2647
1487
-55
7
-246
238
2268
2245
-174
-2445
-4458
-6612
-5879
-4266
-5381
-9519
-14935
-19290
-22239
-17049
-1924
4225
-6832
-18884
-21959
-14377
1786
13466
12320
3889
-2308
-1290
4548
12466
20421
21029
12647
5777
6254
10111
12620
11922
9643
7009
4387
892
-6342
-9416
-3986
-4228
-7780
-7026
-13624
-21339
-18863
-14983
-11782
-8648
-8892
-10016
-14527
-18021
-11155
-1559
3872
2890
-756
-657
249
3734
9450
13868
15778
14412
12337
9369
8994
13876
17409
16357
12768
8898
6487
4808
6865
9090
5884
4681
2078
-2177
-1140
-896
-356
1518
453
-2018
-4414
-5182
-3363
-473
1542
1324
-626
-1257
-276
748
1759
2355
2221
909
-835
-2230
-4552
-6906
-6116
-4008
-5498
-9956
-15195
-21807
-23728
-12523
2419
2955
-9922
-20865
-21124
-10286
5518
13769
9527
1651
-2111
-1021
5471
15359
20792
17823
10842
6551
7797
11508
13276
11854
9691
7439
3957
-970
-5088
-6583
-6410
-4637
-5572
-10151
-15697
-18914
-18382
-16506
-11173
-8250
-9673
-12798
-17207
-17174
-10141
1018
3160
-909
-257
-2663
-3346
6835
11973
10875
14890
13689
10366
8810
10296
16451
16429
13819
10959
9556
8010
6608
9360
7703
4591
3179
1882
1055
123
-541
-947
-551
-1976
-3428
-3384
-2915
-1175
121
-371
-943
-572
676
2672
2551
752
892
1814
1456
315
-1609
-4272
-5853
-5160
-4172
-6298
-11190
-16600
-21472
-19017
-5127
5110
-2180
-16290
-22204
-17482
-4169
9788
12810
5323
-2104
-3287
1078
9229
18285
20728
13406
5754
5874
9992
12448
12313
10326
7320
4308
1631
-1571
-5010
-6355
-5435
-5510
-8499
-12654
-16498
-19293
-18542
-13787
-9380
-8795
-10952
-14750
-17315
-13870
-4575
2677
2514
-571
-2150
-772
2699
7669
11339
13126
13007
10688
9736
9235
13160
15900
14594
11854
10190
11941
6583
6543
8717
4216
2939
3742
3509
-2107
-1172
1268
-589
-153
-1792
-2071
-3998
-3324
837
1136
-519
-1924
-1108
1648
4194
3536
1998
1359
711
656
655
-486
-3699
-6485
-6823
-6593
-7406
-9362
-14752
-22180
-22834
-12806
-310
575
-11493
-21188
-20444
-10436
5587
13687
8584
1865
-1490
-988
6529
16547
21545
18402
10242
6657
8522
11451
13502
13066
8850
4282
2635
-619
-3036
-5256
-6319
-6884
-9799
-9689
-14219
-18768
-18316
-16649
-12165
-10231
-9850
-12770
-16509
-14295
-8563
-1880
1015
-549
-2166
-1312
1351
4901
8987
11622
13434
13353
11664
10479
11744
15845
14851
13406
13257
11255
10738
8283
8346
6329
3160
4761
4432
3107
-482
-2867
-2133
-1490
-946
-1858
-3267
-3424
-1821
-1061
-365
-68
-637
1806
3343
1853
2984
3862
1280
714
779
-1054
-2790
-4961
-6033
-6092
-7013
-8141
-12376
-20593
-24069
-16067
-2594
2395
-6699
-19454
-23004
-13593
1859
11662
10487
3263
-1658
-1448
4059
13671
20726
18592
12007
8676
8746
11393
13165
12884
10045
7091
5693
372
-4328
-6019
-6255
-5797
-6793
-8253
-13226
-18674
-19354
-16980
-13970
-11225
-9298
-10847
-14571
-15836
-11967
-4834
463
1620
-732
-1516
961
3575
7401
10717
12772
14945
14366
10713
10228
12450
12642
14892
14503
11684
10818
6349
5310
5778
4171
6904
5565
805
-979
-2544
-1584
-118
-449
-1714
-4334
-4408
-2915
-1247
-585
-1687
157
1619
1297
1751
1845
1992
1625
1899
1620
-918
-3414
-5094
-5429
-4841
-5275
-7568
-12396
-20263
-24307
-15572
-638
3727
-6705
-19665
-22826
-13635
1603
10971
10062
4644
-10
-864
3614
12584
19543
19304
13625
8968
8270
10870
13381
11123
9935
7479
4584
2449
-3736
-6009
-7959
-8078
-5792
-7970
-12742
-18570
-19226
-17195
-13795
-10094
-10812
-12031
-14094
-15581
-11175
-3723
951
1564
-837
-1663
1252
4615
8824
11858
12267
13391
12594
11042
11755
12944
13526
13457
12898
11502
11328
8250
6613
6120
2549
5593
5643
1695
-206
-2297
-1111
-235
-53
-1220
-2812
-3398
-2607
172
893
820
963
970
1712
3363
4484
3855
3234
3087
1438
-1586
-2954
-3872
-5650
-5714
-5536
-8574
-13933
-19758
-23827
-20582
-8954
155
-4557
-17327
-23360
-18223
-5980
6656
10619
5752
303
-2166
661
9440
17280
20208
18147
9973
5670
10530
13246
12370
11910
9676
6106
2398
-1857
-3535
-5098
-7067
-6000
-8029
-11363
-15967
-18800
-17137
-15813
-11559
-10766
-11481
-12749
-16144
-13717
-7840
-297
2441
124
-506
658
3747
7539
11231
13309
13703
13058
11978
11864
13921
16093
14903
12463
11130
10786
9953
8209
7085
5553
3323
2354
1170
-581
-701
-1460
-3026
-2854
-3015
-3699
-2952
-2618
-2543
-1422
-1002
-582
866
1673
2347
2849
2367
2815
3008
839
-1340
-2830
-3991
-3476
-3418
-5959
-9070
-12536
-18057
-22251
-17430
-4274
2386
-5912
-17966
-21983
-15813
-2261
8820
10000
4944
-867
-3282
734
9794
18842
20681
14215
7757
6623
9227
12503
13513
11294
7536
4495
1987
-1483
-4494
-5627
-5986
-6758
-8812
-12117
-16205
-18822
-16903
-13679
-11868
-8987
-8676
-13302
-15609
-11589
-4168
1651
2327
280
-597
839
4800
9081
12676
14644
13702
12022
11212
12477
15128
16045
12944
9469
8947
10337
10266
8492
7140
1587
-17
2323
2034
2513
-1231
-2992
-2899
-3289
-2061
-3226
-3442
-3958
-3390
-1903
-789
931
700
400
979
1604
1750
2369
2171
151
-1742
-4090
-5723
-4430
-3601
-6986
-12024
-16793
-21004
-19455
-7998
3210
-893
-14497
-21632
-18652
-6840
7598
11888
5870
-17
-2287
-798
6434
16795
21578
16655
9002
6467
8780
11957
13479
12633
9714
5776
1615
-2772
-5955
-6236
-5620
-6965
-9636
-12376
-15967
-19671
-19741
-15897
-12377
-11132
-11445
-13399
-15816
-14844
-8497
-858
1913
910
476
1646
3518
6498
12077
15473
14272
13764
13318
10908
13943
18221
15064
12302
11360
10935
9242
7019
8439
5195
2904
4097
1794
1406
-395
-1667
-946
-1904
-707
-2881
-4748
-3193
-2957
-656
-35
-46
1145
386
-658
-993
471
1724
1337
1213
-778
-5642
-7227
-6080
-5340
-5322
-9231
-14878
-20489
-20176
-7205
4045
-1794
-13578
-20382
-18781
-5204
8845
14318
7876
-646
-2673
-979
9485
19234
21942
16260
7074
6388
9189
12603
13096
10463
8109
4617
356
-4422
-7080
-6879
-5755
-6667
-10193
-14552
-18047
-19444
-18832
-15392
-10767
-8406
-9659
-13736
-17614
-15275
-5556
2921
4463
2334
834
855
2785
7577
12478
14910
16028
13592
9316
10165
13421
15463
15262
11029
9688
11297
8741
6690
5899
3311
2940
4669
4989
1398
-1176
795
-1993
-3471
3261
1916
-3756
-1273
195
-320
444
370
2260
3003
1422
1236
123
-398
1102
1119
-413
-4169
-9228
-10714
-8821
-7716
-10257
-16590
-23630
-24708
-14140
-187
613
-11829
-21654
-20105
-9914
4131
14104
12254
3234
-1903
-1059
5813
17885
24575
19170
10084
7411
9809
12552
13406
12067
8862
6226
3412
-2639
-5825
-7442
-7664
-5519
-8084
-11625
-17344
-21507
-19145
-17591
-12739
-9223
-10623
-12620
-18311
-17568
-9612
-680
5522
2459
-1097
-958
1694
6687
11194
14727
16745
14992
11054
9895
12913
17932
15711
11909
11053
9509
9200
6820
7388
5459
1551
2605
2635
2362
76
-1373
-1518
-2021
-206
-717
-3213
-3505
-1569
655
1508
490
-746
495
1889
1641
87
-1014
-2157
-3088
70
-4203
-9612
-6706
-8785
-11063
-12853
-17379
-21595
-16935
-2085
3133
-5528
-17663
-21013
-13639
-311
12258
14020
6561
-375
-1987
1777
13515
22716
22160
13294
5567
7376
9226
13075
14047
9869
6261
1538
-779
-4306
-7017
-7611
-8687
-8760
-10283
-13576
-17116
-19194
-19295
-16363
-11070
-7150
-8175
-13852
-17691
-14326
-4595
4366
5965
2146
-1139
-321
3876
9189
14230
16804
16421
13054
9005
8710
13755
17028
14378
10745
6897
6279
6232
6718
6361
1767
1691
1103
646
768
-904
45
-870
-540
105
-720
-946
-1253
867
3604
3963
1759
-125
421
2634
3943
3175
403
-2797
-3568
-4448
-5778
-6353
-8092
-9833
-12731
-18060
-22081
-22533
-13694
1128
2411
-10534
-20179
-19965
-10225
4555
14289
12726
3675
-753
335
4634
16772
26195
21645
11846
7220
6610
9814
13361
12802
10412
5294
1466
-2745
-7691
-7293
-6777
-7327
-8255
-11034
-14851
-18455
-19346
-17527
-13810
-9341
-6673
-8491
-13557
-16199
-11767
-2004
5191
5612
2537
432
1007
4043
9420
14757
17257
15628
11481
8646
8897
12657
14501
13736
12201
8107
5454
4733
5333
4444
2243
3029
1777
-607
-1535
-1179
1000
960
290
-1255
-2924
-1723
-636
1991
4303
4196
2495
-731
-926
847
2146
2011
-727
-3531
-5240
-6638
-8403
-8072
-7609
-10808
-15234
-20636
-22136
-14756
-1402
4049
-7916
-18786
-18964
-11590
3337
14338
13357
6347
1212
-451
5039
15952
23242
21779
12990
6224
6851
9809
10401
11147
9785
6515
2166
-3225
-5051
-9337
-9950
-5040
-8934
-13358
-12449
-17653
-22912
-17390
-11597
-9314
-7329
-9088
-12438
-15411
-12549
-2563
4120
5042
3532
358
-764
2478
8597
14962
17492
15903
11533
7944
8453
11516
14685
13547
10419
9471
7444
5085
5356
2917
1563
5063
3721
2141
-24
-2979
-2133
-1523
1755
1569
-814
-2561
-4277
-1430
1406
3548
1804
-1941
-2763
-2483
-1253
-708
-1617
-3800
-5407
-6292
-7310
-8278
-9463
-12068
-17344
-20142
-13679
-1302
3725
-4332
-15693
-18723
-10711
3020
12977
13083
7585
3205
1497
4294
13116
21424
21283
14787
9209
7969
9977
11373
9374
6241
4829
2982
-1492
-6098
-8691
-9990
-10150
-9192
-9494
-13081
-17540
-19275
-18291
-14481
-8925
-6579
-8715
-12666
-14987
-11973
-3485
4243
4920
2364
2431
1407
1519
8022
11146
12315
16189
13229
8083
9258
11551
11365
11251
9081
8996
11637
7841
5551
2883
-1781
2530
5518
5007
2674
-2921
-3338
-3098
-414
4279
3103
1358
-1155
-2152
1062
4077
5049
3154
359
-1385
-1801
-1806
-2142
-3808
-6362
-8019
-9034
-9190
-10291
-14779
-19832
-21404
-15824
-2917
2936
-6731
-17753
-20342
-13441
2167
14035
13782
7402
1328
121
5881
16118
24658
23838
15616
8945
7137
9865
14044
14171
10114
5558
1499
-2394
-5090
-6410
-8028
-9937
-10987
-12178
-14616
-17480
-19195
-18420
-15154
-11060
-8583
-9720
-13743
-16283
-12784
-4158
3200
4899
2697
728
1202
3852
7811
12059
15028
15591
13587
10597
9566
11622
14112
13285
10399
9521
8739
6001
5062
4677
1860
1985
3794
258
-1955
-742
-4231
-4786
637
208
-1890
-1105
-2991
-2538
598
1267
2177
1084
-1782
-986
-199
-1326
-1872
-3069
-4310
-4476
-5210
-7278
-10234
-14618
-19500
-16864
-3703
5255
-1382
-14334
-20274
-15602
-3077
9888
14321
9353
2105
-1872
447
10145
20958
23366
16606
8620
5846
8484
12629
13632
10410
6322
3255
-632
-4918
-6655
-6785
-7973
-9030
-9140
-11134
-15427
-18569
-18763
-16437
-11745
-6846
-5759
-9794
-15188
-15591
-8916
352
5272
4361
1497
204
1671
5145
9551
13101
14508
11633
7872
7487
10528
14018
13297
10757
7479
6933
6842
7058
7838
1749
357
1441
326
1775
251
-1707
-2967
-2325
-1189
-490
159
-1173
-1410
-89
1010
845
1646
2525
1368
-725
-1286
-1887
-2937
-3314
-5884
-5540
-5039
-8491
-13377
-16761
-19307
-17624
-1502
6316
-4456
-16525
-21287
-12992
-432
10858
15503
8950
1192
-1536
2768
13833
23450
22775
15628
9493
7517
9872
13222
13958
10707
6299
2305
-1541
-3902
-4693
-6073
-8724
-10846
-11877
-13202
-15557
-17817
-18719
-17170
-12802
-8429
-8216
-12311
-15791
-14030
-6694
1446
4992
3328
155
-280
2725
7692
12604
14898
13134
10248
8967
9799
12726
13281
11289
8888
7393
7982
7173
7025
5672
1359
965
1554
899
134
-1194
-1335
-2046
-714
878
-1499
-2599
-1910
-342
1846
2963
2859
1217
334
456
224
800
263
-2631
-4648
-6059
-6147
-5160
-8512
-13769
-18442
-20474
-11426
831
899
-8598
-18286
-19651
-9709
3399
11494
11339
5562
-153
-973
6377
15707
21515
22206
13112
6464
11276
12724
11470
13402
10332
6060
2978
-2176
-3738
-4192
-7100
-8434
-9735
-11867
-14382
-18091
-19576
-17900
-15063
-11350
-8885
-10020
-13866
-15687
-11388
-3845
1442
2513
996
-460
912
4343
7557
10430
12398
13275
11918
9854
9795
11390
12196
12316
10788
8200
8060
5622
5481
4715
1425
3812
1925
-902
-1381
-2326
-1464
-686
390
-1345
-2468
-2773
-2717
-72
1430
2211
1954
1189
1533
1070
-326
-176
-744
-2371
-2667
-3855
-4574
-5954
-10165
-13025
-16534
-19333
-11601
-323
-221
-9309
-18009
-18969
-10010
3006
11061
9809
3768
-627
-694
5769
16753
23452
20282
12152
8049
9732
13128
15259
14161
10618
6649
2215
-998
-2015
-2848
-4667
-7176
-8987
-11370
-14657
-16234
-18588
-18712
-13235
-11885
-12195
-9248
-13241
-17210
-11655
-5494
-213
2445
-538
-886
1424
3566
8512
11841
11438
11072
10007
9370
10747
12251
13665
11911
7598
7192
8990
8290
7171
4153
617
2547
2743
680
-566
-3134
-3148
-1831
-397
-288
-1306
-2308
-3452
-1467
1251
3145
3486
1858
568
572
1420
1092
-35
-1519
-3375
-4299
-3775
-3960
-6786
-11235
-16579
-20338
-16732
-5282
2715
-2867
-16058
-23096
-18138
-4814
8560
12759
7168
162
-2302
426
9037
20141
23532
17010
9422
7619
10696
15280
16590
12944
8377
4521
2505
74
-2369
-4281
-6788
-6590
-7805
-10627
-14372
-18843
-19291
-16810
-12258
-9185
-9625
-12610
-16945
-16724
-9762
-1181
2637
1293
-1010
-1866
-786
2524
8181
13558
14861
11647
7367
5217
6521
12521
15369
11456
8407
6641
3399
2810
7781
7065
4144
2984
-2065
-1291
-53
-210
868
497
887
-972
-1485
-904
247
1671
1711
2409
2757
2737
1699
530
219
812
526
-976
-3380
-5396
-6413
-7077
-6264
-8447
-11895
-16218
-19828
-17437
-7449
2415
-5203
-16251
-18517
-15249
-2033
8541
11038
8034
2605
1207
3095
11836
20465
22043
18695
10489
9967
14293
13469
13161
10708
8449
7621
2219
-2357
-5443
-7641
-5535
-6611
-8601
-10946
-18097
-20084
-19470
-16126
-10672
-9673
-9988
-14837
-18594
-15142
-7724
-22
3031
1711
-143
-1784
-1118
4224
10228
16611
16992
10963
6417
4538
10489
15438
15442
14717
9075
6036
5167
5680
8548
5754
4043
3099
305
77
-1002
-1463
-2274
-1591
311
-2049
-2536
-1826
-3587
-1423
2425
2040
1470
385
-1704
-934
488
1233
544
-2142
-4199
-5404
-5940
-5729
-6975
-10116
-14645
-18529
-14916
-4291
1139
-5251
-15314
-18288
-12348
-1601
7649
10508
7146
2388
107
2435
10690
19678
22353
17281
10910
8551
10324
12224
12721
12841
9164
5362
199
-3848
-4682
-6499
-4847
-6036
-8295
-11551
-18035
-19748
-18834
-14644
-10636
-9391
-10246
-14499
-17200
-14645
-7366
-7
3780
1896
-2430
-3269
626
7339
12006
12844
12186
10391
8440
9913
12471
14629
15186
11216
9323
10477
9582
8418
6389
2472
3621
6267
4455
2327
-1303
-2544
-2320
-451
1779
-1491
-2954
-5148
-4756
-1160
874
1699
-2925
-5585
-5764
-5412
-3744
-3822
-6062
-7640
-6929
-6726
-8520
-12507
-16489
-20041
-11962
2767
5272
-3850
-16889
-18215
-9154
4791
17109
16052
9309
2071
-173
5785
16299
24925
23204
14626
8275
8138
10824
12621
11658
8374
5178
2475
-547
-4563
-7743
-9107
-9547
-9585
-10055
-12574
-17067
-20237
-19522
-15661
-11101
-8186
-8689
-12801
-16209
-13218
-5016
2062
3600
1439
-199
587
4130
8704
11347
12422
13043
11099
9711
10115
12018
14446
12743
10085
9005
8942
8225
9816
8183
1780
2717
3007
3164
3806
432
-1546
-3954
-2899
-1075
-1702
-2344
-4128
-4785
-4016
-3187
-3392
-4207
-5448
-6575
-7552
-8259
-7483
-6962
-8016
-9457
-10215
-12563
-17079
-17447
-8391
2685
2944
-6823
-14961
-13483
-3220
8558
15060
13747
8164
4401
3111
7350
18656
24783
20861
14021
8132
7480
9536
10322
12582
9887
2412
-716
-4557
-8380
-6349
-5573
-7895
-10804
-14167
-15544
-17090
-18327
-15768
-12987
-10964
-8402
-8485
-11739
-13570
-9256
-1350
3449
4467
4077
3147
2665
3861
7826
13338
16730
15703
9977
5428
6817
10961
14092
13114
10649
8904
5090
2352
4371
4772
4778
6162
1228
-1462
-1460
-1713
-212
-1118
303
-553
-2540
-3188
-3682
-1460
-1678
-1780
-2598
-4566
-5627
-7230
-7720
-7311
-6500
-7080
-9198
-11643
-14076
-17172
-18203
-11084
507
4170
-4867
-15706
-16352
-6465
6694
15539
16337
10683
3667
673
5840
17337
25944
24310
15365
7845
6487
9348
12033
12277
10264
6347
1064
-3699
-6101
-6325
-6033
-6635
-8541
-11287
-14376
-17392
-18847
-17017
-12649
-9049
-8442
-9827
-12116
-13981
-11108
-3001
3603
4796
3453
2107
756
2087
7991
13092
14501
14203
10628
6508
7207
10246
12650
12930
10656
8311
5423
3860
5355
4089
1245
1775
2283
1419
343
-1291
-2401
-3393
-3705
-2263
-1038
-280
-20
-1676
-3888
-4616
-3764
-2721
-2796
-4321
-7155
-8832
-7997
-7408
-8468
-10861
-14320
-17595
-17539
-9296
1783
2102
-7410
-15474
-15279
-4945
8442
15008
13682
8560
3898
2742
7628
18012
24101
21606
15901
10039
8254
10483
11614
11072
10373
7586
3197
-2513
-6831
-7186
-8694
-7971
-8067
-10658
-13926
-19015
-18790
-18129
-14087
-7685
-7112
-9184
-14427
-15594
-9808
-1207
4739
4309
2203
1806
2601
3935
9602
15658
15520
12657
10157
8851
10625
13429
12668
9631
8708
9520
7513
4098
2943
1232
349
2931
2896
-1097
-3250
-4202
-5338
-3761
-1177
-1305
-3130
-4208
-3698
-2550
-1716
-1053
-1856
-4075
-5361
-6103
-7039
-6401
-5356
-6836
-9761
-12860
-17061
-19186
-11811
747
4364
-3857
-14176
-16924
-10428
1992
12623
15628
11318
4997
397
762
11328
21717
24202
17291
8291
6988
6863
9663
10286
8374
8766
5426
481
-5893
-8991
-8257
-7688
-6305
-6824
-9791
-13800
-17025
-17860
-14379
-8166
-3675
-3581
-7930
-12540
-12465
-5922
2549
6939
7249
5232
2188
1052
4817
11765
15806
15595
12572
8600
7038
10503
13809
13215
11575
7076
4270
4177
6666
6609
-226
-2149
-2339
-755
634
-2848
-5299
-7584
-6361
-4581
-3695
-1803
-1918
-3261
-4439
-4318
-3542
-2592
-3455
-5546
-7112
-6791
-5958
-5686
-6418
-10203
-15191
-19548
-13546
326
7066
-1222
-14566
-16660
-11868
2072
14822
14214
10409
3639
-1014
1956
11693
21763
22375
14993
7285
5304
7605
10587
11366
9284
5889
2142
-1628
-5113
-6694
-6855
-7073
-8152
-9962
-11737
-13489
-15359
-16451
-15017
-10721
-6032
-4615
-7477
-11289
-11244
-5694
2126
7521
8382
5702
2916
2691
5751
11273
16257
18009
15236
10018
7058
8299
11706
15106
15232
11375
6669
2463
2673
3697
2102
3190
2471
-320
-2139
-4812
-5323
-5282
-5057
-4532
-5456
-4935
-4488
-3966
-3593
-5166
-5862
-6058
-5454
-5025
-6353
-7492
-8276
-8356
-8314
-10747
-15870
-18165
-10751
1834
4954
-3609
-12671
-15184
-7682
5918
14261
14190
8849
2256
-346
3893
14197
22450
20814
13032
7293
6303
8542
10186
9572
6759
3310
2133
-3050
-7547
-6242
-8761
-11122
-10720
-10723
-11740
-14519
-16446
-16292
-13642
-9365
-4085
-2752
-7010
-9956
-8089
-2010
4489
8421
8988
7004
5050
5070
8235
13321
16415
15242
11976
9923
10053
10442
9733
8827
9034
9772
8127
4811
2250
-530
-1534
662
1525
597
-828
-4259
-6986
-6362
-4625
-3456
-3247
-3640
-3952
-4795
-4542
-3408
-3674
-4237
-4103
-4195
-4745
-4990
-6011
-6813
-7542
-9015
-12548
-16118
-11800
-2014
4427
-920
-9475
-12935
-11106
1103
10304
13525
11952
3878
-778
49
9068
19424
21103
15353
8375
5425
5462
8415
9966
7286
5015
2716
-2050
-6279
-7389
-9015
-10110
-9482
-9796
-10525
-14129
-15213
-16024
-16571
-9791
-5749
-3767
-5675
-10323
-8684
-3837
2447
6533
8099
6230
5350
7941
7199
9014
15019
16156
13170
11579
9979
8899
8832
8937
11024
11528
9160
6612
3399
471
229
1423
1737
687
-1000
-2688
-4921
-5789
-4411
-3087
-3546
-4744
-4218
-3294
-3471
-3923
-3271
-3806
-5077
-5416
-5569
-5275
-6800
-6729
-7280
-8346
-9797
-14926
-15977
-11367
338
5280
-3794
-12011
-15436
-8611
3591
11729
13752
8851
3491
296
2127
11856
20742
20284
14237
8435
5624
7755
9433
9444
8831
5385
2344
-2845
-6595
-7295
-7818
-7820
-10330
-9872
-12168
-16043
-16721
-18820
-15659
-10555
-6465
-4769
-8415
-11988
-11034
-4496
3197
7461
7768
6421
3961
2698
5969
11790
16434
17226
14505
10449
8803
10672
11693
10788
10701
10575
9060
7350
5349
2510
288
422
1525
2048
1449
-2556
-5985
-4736
-4479
-3949
-265
-1229
-4975
-5130
-4859
-4104
-2651
-2982
-4039
-6052
-7358
-6064
-5583
-5798
-5858
-8570
-12749
-15472
-13902
-5511
2779
1501
-6359
-12287
-11703
-3729
6282
11256
10544
6624
1874
181
4918
13948
19483
17330
11512
7115
5926
6924
7769
7419
5779
2875
-694
-4603
-7229
-7013
-7133
-9298
-10294
-10773
-12483
-13808
-15138
-15351
-12597
-9286
-5926
-3854
-6391
-9469
-7839
-2414
3732
7489
8278
6906
3996
3082
6383
11651
15936
16644
13095
7823
4496
5563
8905
10833
11594
10440
5701
1680
1038
1178
2466
3892
2149
-714
-2858
-4413
-3375
-855
399
182
-1775
-3656
-2493
123
1404
1178
293
33
53
-1327
-3048
-3314
-2609
-2211
-3097
-4905
-7443
-10541
-12398
-13436
-13024
-6997
412
-670
-9284
-15270
-12909
-5783
1798
8333
9229
3574
-1366
-1729
2461
11199
18462
17417
11018
6204
5075
6616
9507
11150
9096
4647
636
-2563
-4252
-3573
-3389
-5422
-7519
-9241
-11605
-13956
-14809
-13149
-10208
-8088
-7064
-7745
-10309
-11353
-8080
-2131
3080
5247
4765
3076
1177
1679
5840
11186
14997
14514
10024
6729
6835
8728
10683
10575
9012
7950
6957
5525
3080
134
-637
543
1785
2592
986
-2926
-5014
-4511
-2828
324
2942
2336
-665
-3187
-2488
735
3466
4782
4103
1777
345
-500
-2009
-2277
-1573
-1883
-2372
-3514
-6860
-10803
-13826
-15212
-13405
-8103
-2911
-4392
-11901
-17078
-15823
-8035
2110
6613
5346
2042
-1685
-1491
3449
10802
16967
16890
12918
9187
7688
9475
10558
9665
9827
7882
4491
2501
-1848
-4658
-5843
-6661
-4981
-4833
-6606
-10793
-14783
-16073
-13268
-7671
-5245
-4680
-7870
-12545
-11211
-5853
-543
2739
3676
2826
577
-1144
570
4963
9847
12205
9632
5607
3594
4794
7312
8047
8615
8138
4663
2606
2766
2777
3266
2559
874
587
825
1132
662
-741
-485
612
1343
3295
4852
4386
3662
3428
4573
7428
8469
6510
4493
3036
2059
2252
1909
-34
-2724
-5745
-7855
-8318
-8674
-10116
-13144
-17294
-19073
-15904
-11014
-9057
-11009
-14802
-16228
-12406
-5485
520
3254
2905
1693
1451
3717
9263
14654
16605
15976
13651
11338
11531
12760
12044
11064
10284
8083
5449
3017
839
-2047
-4223
-4847
-5715
-7917
-9211
-11125
-14504
-13445
-12522
-10971
-9875
-10841
-9621
-11321
-9173
-4919
-2227
1002
1370
1723
383
1651
5972
9152
11662
10720
8058
6138
5873
7352
8438
7395
6167
4814
3207
2684
512
-1326
-395
323
418
56
-1924
-3879
-4497
-3633
-1077
1048
1692
1350
724
707
1611
3731
6744
8709
7745
6637
6886
7431
8931
9957
9781
8249
6453
5804
4347
2653
34
-3397
-4732
-6113
-7788
-10046
-13913
-16322
-17096
-16909
-17027
-18692
-19266
-17639
-14687
-12400
-12500
-12628
-10537
-7059
-2858
1469
4372
6440
7468
7871
10536
14172
17121
18163
17328
15923
15243
15296
13659
12288
10267
7842
5971
2693
1173
-1126
-5135
-7439
-8757
-9129
-9731
-10676
-12810
-14794
-13194
-11145
-9499
-8401
-8901
-9426
-7698
-2994
168
1275
1583
1605
1920
4066
6916
7509
9692
9359
7537
8155
7206
7530
7348
5362
4657
4237
3106
2468
1275
-2174
-4567
-5286
-4609
-2619
-2582
-4798
-7750
-10026
-8679
-4941
-2920
-2192
-2303
-3165
-2681
-799
1706
4257
5967
7139
7447
6847
7392
9376
11043
12112
12193
10372
8312
7299
6908
7061
7332
6072
2777
-673
-3173
-3847
-4196
-5436
-6764
-9664
-12472
-14213
-15462
-15257
-15051
-14332
-13915
-15229
-16196
-16231
-13890
-9890
-6337
-3398
-3633
-4193
-1765
1234
5460
9473
11499
11702
10048
10092
12034
14519
16514
15237
12247
9918
8862
8609
7388
5700
3959
1469
-606
-2955
-5017
-5927
-7099
-6518
-6563
-8735
-9647
-9839
-9059
-7121
-4942
-3571
-3610
-3384
-2122
-1158
570
3805
5027
5190
5887
5315
4438
5484
6837
6915
7374
5774
3434
2893
1563
1150
867
-813
-1369
-2250
-4196
-5229
-6325
-6629
-6079
-6317
-6244
-6790
-6770
-6161
-5657
-3781
-2514
-1762
-942
-421
850
3422
5273
6313
7147
6174
6407
7724
8705
9759
9173
8289
7506
6101
4938
4655
4241
3381
2857
1151
-1113
-2598
-3694
-4176
-4634
-4765
-5414
-7165
-8329
-9208
-8752
-7220
-6573
-6580
-7706
-8155
-7343
-6244
-4069
-3111
-3515
-3414
-2500
-545
498
1237
2403
2757
3421
3893
4317
5371
5353
5014
4375
4067
5517
5407
4467
3369
1319
1235
1588
2221
2167
-62
-1217
-2410
-2961
-1645
-909
-476
-965
-2102
-2212
-1840
-782
417
951
1267
1037
828
972
1410
2029
2440
2606
2515
2820
2316
1897
2498
2589
2780
2578
2613
2452
1817
1789
958
467
843
1265
1251
163
-1260
-2464
-2839
-2539
-2499
-2699
-2957
-4077
-5520
-6095
-5847
-4818
-3951
-4030
-4765
-5550
-5161
-3687
-2206
-958
-649
-1076
-779
139
1282
2283
2564
2777
3015
3004
3139
2999
2621
2475
1982
1471
1571
1496
791
-314
-1481
-1852
-1199
-457
-516
-1616
-2889
-3036
-2039
-648
335
172
-509
-589
-98
788
1893
2544
2534
2203
1996
2248
2779
3249
3439
3199
2804
2447
1942
1558
1556
1467
1124
727
138
-391
-503
-594
-801
-930
-1130
-1158
-946
-1053
-1347
-1458
-1365
-883
-264
-3
-193
-653
-718
-193
214
443
539
134
-515
-856
-694
-267
-27
-317
-954
-1584
-1981
-1878
-1287
-1085
-1707
-1967
-1968
-1896
-1380
-1035
-840
-867
-782
-604
-511
-215
15
219
344
281
56
327
734
763
847
939
944
649
725
696
366
551
757
1041
1214
1091
663
484
1083
1654
2073
1924
1216
623
162
625
1552
2019
2103
1124
-102
-435
-147
692
1091
431
-413
-1173
-1669
-1552
-1285
-953
-721
-1079
-1645
-2135
-2509
-2429
-1983
-1328
-532
-247
-769
-1429
-1609
-895
568
1759
2054
1552
707
363
959
2156
3127
3044
2135
1118
613
878
1167
1155
1004
515
-112
-644
-1262
-1585
-1629
-1700
-1344
-1204
-1563
-2236
-2873
-2563
-1606
-465
-66
-478
-996
-1098
-510
320
1063
1033
726
466
283
418
825
961
446
536
366
100
128
-612
-857
-752
-649
-427
-682
-1182
-1473
-1274
-767
-194
134
22
-263
-289
129
809
1401
1463
1352
1394
1441
1770
1826
1729
1911
1879
1892
1630
1166
977
958
1125
1162
876
134
-641
-1066
-1021
-581
-473
-915
-1602
-2113
-2087
-1609
-1257
-1179
-1288
-1481
-1499
-1349
-1052
-746
-366
-45
305
542
400
333
258
675
1363
1556
1414
821
417
609
1025
1375
1308
765
109
-196
-189
111
294
-58
-390
-756
-922
-743
-965
-1155
-1260
-1388
-1233
-1341
-1521
-1604
-1637
-1350
-1054
-783
-733
-893
-908
-773
-240
217
344
380
211
387
818
1098
1521
1579
1455
1526
1295
1424
1535
1479
1660
1356
1172
847
441
382
285
475
379
16
-332
-653
-642
-497
-360
-371
-516
-737
-869
-750
-411
24
342
444
357
306
330
465
751
982
1073
964
574
207
78
113
276
270
-97
-625
-1182
-1518
-1474
-1308
-1211
-1344
-1739
-2011
-1991
-1804
-1513
-1265
-1159
-1015
-800
-525
-129
242
584
918
1194
1409
1528
1439
1376
1454
1613
1935
1933
1764
1460
1013
911
774
773
678
304
-49
-502
-722
-763
-799
-903
-1072
-1268
-1446
-1448
-1415
-1288
-1112
-971
-839
-779
-718
-630
-537
-354
-98
123
318
380
345
321
295
350
437
500
463
315
189
195
269
441
543
443
425
328
432
659
724
852
747
773
866
872
958
864
832
765
739
794
697
587
332
132
50
-47
-102
-340
-609
-848
-1053
-1128
-1201
-1233
-1285
-1269
-1230
-1170
-1081
-1067
-1014
-941
-789
-622
-481
-324
-166
55
226
392
463
380
313
236
253
281
229
146
-23
-135
-212
-229
-294
-410
-487
-605
-595
-619
-605
-537
-464
-257
-98
95
227
326
504
679
945
1132
1252
1302
1274
1340
1385
1451
1441
1311
1162
945
809
626
436
240
-54
-269
-522
-730
-877
-1015
-1037
-1027
-949
-880
-851
-812
-771
-622
-441
-236
-54
78
279
474
707
873
911
922
865
853
842
758
656
468
229
-4
-283
-540
-792
-1030
-1158
-1273
-1385
-1469
-1560
-1605
-1633
-1575
-1470
-1390
-1258
-1155
-923
-577
-232
134
360
582
773
945
1176
1310
1438
1473
1462
1489
1453
1429
1351
1248
1158
1046
973
827
623
423
211
52
-90
-212
-321
-435
-502
-530
-547
-557
-532
-491
-376
-196
-46
107
175
180
218
226
268
278
220
136
41
-8
-78
-133
-206
-329
-434
-554
-632
-720
-828
-890
-986
-1038
-1060
-1059
-1019
-986
-898
-809
-731
-641
-561
-472
-356
-187
6
180
336
464
546
604
671
723
748
770
808
841
857
888
918
929
930
928
922
891
819
710
621
566
524
455
345
227
95
10
-79
-143
-163
-231
-291
-373
-429
-488
-549
-553
-603
-633
-654
-660
-634
-586
-535
-506
-471
-455
-417
-374
-322
-232
-146
-55
12
52
53
42
34
13
2
8
29
62
105
142
168
191
215
226
209
161
105
68
62
98
170
256
324
369
389
388
372
349
327
309
295
264
216
174
141
112
91
79
50
-15
-116
-235
-339
-415
-480
-536
-565
-588
-608
-594
-560
-518
-479
-430
-373
-324
-261
-211
-175
-113
-32
84
202
290
360
394
419
436
457
490
500
511
529
514
477
437
393
335
277
214
146
76
13
-53
-104
-134
-146
-149
-145
-142
-120
-86
-111
-165
-175
-174
-146
-65
9
61
103
117
110
107
128
146
138
133
134
116
93
57
10
-29
-75
-129
-192
-250
-278
-292
-317
-338
-351
-378
-406
-428
-445
-441
-440
-424
-397
-349
-269
-190
-97
-7
68
127
157
168
163
149
135
135
155
190
236
274
311
341
360
364
330
283
229
176
139
95
66
44
36
57
78
113
136
136
125
105
109
91
42
-16
-70
-97
-113
-100
-59
-21
5
24
30
37
51
52
50
55
58
61
62
58
61
64
44
7
-27
-46
-50
-45
-30
-35
-68
-108
-140
-161
-176
-177
-170
-156
-137
-117
-92
-83
-125
-179
-193
-197
-192
-149
-93
-55
-36
-28
-25
-26
-34
-42
-57
-67
-60
-53
-40
-7
44
99
146
181
203
205
182
151
118
78
37
5
-7
-1
18
39
55
65
62
42
15
2
-1
5
6
4
12
29
43
44
35
11
-20
-42
-52
-54
-49
-34
-20
-12
-6
-1
-3
-5
3
11
6
-9
-18
-17
-7
13
31
47
55
58
58
71
93
115
128
127
109
87
68
47
30
29
44
62
74
70
51
24
-4
-33
-58
-81
-98
-100
-75
-37
-4
8
-10
-45
-81
-113
-144
-172
-189
-194
-195
-197
-197
-189
-172
-152
-129
-101
-77
-68
-73
-84
-83
-68
-48
-32
-7
38
92
133
158
170
180
184
174
158
150
157
163
165
161
150
132
110
91
70
55
52
56
60
58
52
37
17
-2
-18
-31
-47
-57
-55
-42
-23
1
21
25
15
9
10
10
7
1
-11
-16
-7
5
9
9
2
-11
-26
-31
-39
-55
-82
-114
-139
-147
-142
-121
-92
-70
-66
-58
-47
-44
-47
-52
-60
-55
-31
7
49
87
111
122
130
123
95
60
36
15
-1
-16
-29
-42
-51
-54
-53
-50
-41
-33
-35
-48
-63
-74
-87
-99
-98
-81
-53
-12
30
65
99
123
131
130
127
117
103
83
52
19
8
10
7
9
26
37
42
52
59
52
40
22
-3
-24
-37
-37
-16
17
34
36
35
33
31
35
37
34
25
15
3
-17
-31
-35
-44
-64
-82
-97
-110
-120
-119
-113
-105
-94
-81
-70
-61
-48
-30
-16
-14
-21
-29
-29
-19
0
31
70
105
125
124
113
95
76
55
34
15
-3
-20
-29
-31
-20
-9
0
0
-8
-19
-27
-27
-25
-22
-22
-19
-13
-3
5
12
23
33
43
46
41
39
42
46
47
45
46
47
48
47
44
41
38
29
23
20
19
20
25
31
35
37
39
33
23
10
-3
-13
-14
-7
-1
3
8
13
14
13
17
25
37
41
36
22
2
-20
-38
-48
-50
-52
-53
-58
-68
-83
-96
-108
-117
-120
-119
-114
-106
-94
-80
-67
-61
-61
-63
-64
-59
-45
-27
-9
2
5
4
1
0
0
3
3
1
-2
-5
-6
-4
3
15
29
46
58
62
61
57
53
51
50
50
50
54
57
64
68
67
58
49
42
43
50
58
62
62
59
55
55
57
59
59
53
40
18
-2
-17
-23
-24
-20
-20
-21
-22
-21
-22
-20
-16
-12
-7
-4
-2
-1
-1
3
5
5
3
2
0
2
3
1
-6
-15
-22
-22
-15
-14
-20
-34
-51
-63
-68
-64
-61
-58
-60
-61
-63
-63
-64
-67
-71
-78
-81
-80
-73
-61
-45
-32
-23
-20
-21
-22
-23
-20
-14
-5
2
8
8
5
2
4
9
18
27
34
37
38
38
37
37
40
46
56
67
79
87
90
85
78
72
67
63
59
56
52
47
41
35
29
27
24
21
20
18
17
19
25
38
51
61
64
57
43
25
5
-9
-19
-23
-25
-26
-29
-33
-37
-41
-46
-50
-54
-57
-54
-52
-46
-42
-39
-39
-41
-42
-42
-39
-36
-35
-35
-35
-33
-30
-27
-26
-28
-33
-35
-33
-27
-20
-17
-18
-24
-29
-30
-27
-21
-15
-10
-5
0
1
-4
-13
-26
-36
-41
-38
-29
-14
-2
9
17
21
25
32
37
42
46
49
53
58
65
71
76
76
73
63
54
43
38
33
28
25
21
16
13
10
9
6
3
1
2
6
11
17
20
19
15
10
5
-2
-4
-3
3
11
17
19
15
10
4
-1
-5
-10
-15
-20
-22
-24
-25
-29
-37
-46
-51
-54
-53
-49
-44
-40
-34
-27
-18
-10
-7
-10
-17
-27
-38
-45
-47
-43
-31
-19
-7
5
12
11
6
-5
-16
-25
-26
-22
-15
-7
0
4
6
7
4
2
6
13
19
24
25
25
27
32
37
39
37
35
35
35
33
30
26
21
19
18
18
18
14
11
7
4
1
-2
-5
-6
-5
-1
5
13
15
14
8
2
-3
-5
-8
-11
-12
-11
-2
6
12
14
14
11
8
5
0
-6
-12
-17
-20
-22
-24
-24
-26
-26
-27
-25
-22
-17
-12
-8
-2
3
6
9
9
9
4
0
-6
-13
-18
-22
-24
-21
-15
-6
1
2
-3
-10
-16
-17
-12
-3
7
16
23
28
30
28
24
19
14
9
5
4
7
13
22
28
32
31
28
22
17
11
5
0
-2
-1
3
5
8
8
5
2
-3
-9
-16
-22
-25
-23
-16
-8
0
5
7
4
0
-4
-6
-7
-5
-2
3
4
7
10
12
15
17
18
16
13
8
5
2
0
-5
-10
-10
-8
-7
-7
-7
-9
-15
-25
-34
-39
-42
-42
-41
-35
-27
-20
-12
-8
-5
-4
-4
-4
-5
-6
-6
-8
-7
-6
-3
-2
0
0
0
0
1
2
2
4
3
5
10
16
23
27
28
27
24
22
22
22
24
28
34
40
45
48
48
44
38
29
19
10
-1
-8
-13
-16
-17
-14
-12
-12
-12
-14
-17
-21
-25
-26
-25
-22
-18
-14
-10
-5
-3
0
3
4
4
3
3
-1
-4
-6
-10
-11
-11
-12
-13
-14
-15
-14
-10
-5
-1
0
-1
-3
-9
-12
-14
-17
-16
-13
-10
-6
-1
2
3
2
-1
-5
-7
-7
-6
-2
3
5
6
6
7
7
10
12
14
16
17
15
12
7
1
-4
-7
-6
-3
4
9
15
20
23
23
21
14
6
0
-2
-1
2
3
3
1
0
0
1
0
0
-1
-1
0
1
1
0
0
1
-1
-2
-4
-7
-9
-6
-1
7
14
17
14
9
5
0
-2
-2
-2
-1
2
6
9
10
6
-1
-5
-9
-10
-12
-16
-20
-22
-22
-20
-20
-22
-25
-25
-20
-13
-7
-3
0
1
1
0
-2
-5
-8
-9
-7
-3
3
11
18
19
18
11
6
1
0
2
1
0
0
-2
-3
-2
-2
2
5
7
9
9
9
8
8
7
8
6
4
3
4
5
6
9
7
5
5
3
2
1
0
-2
-3
-3
-2
-1
0
-1
0
1
1
2
0
-1
-1
0
3
4
4
6
10
13
14
11
9
6
3
2
1
0
1
1
1
-1
-7
-13
-22
-30
-35
-37
-33
-27
-18
-11
-6
-5
-6
-8
-10
-12
-11
-10
-8
-4
0
4
4
2
0
2
7
12
17
18
18
17
19
20
19
17
14
12
11
11
10
9
8
7
6
3
-1
-8
-13
-17
-19
-19
-17
-13
-9
-5
-2
0
-1
-6
-14
-20
-25
-23
-16
-7
3
10
15
17
15
11
6
3
1
1
2
4
5
12
16
18
18
14
7
1
-3
-4
-2
1
6
11
15
15
13
9
4
-3
-9
-13
-15
-15
-13
-9
-4
0
3
4
2
-2
-7
-12
-15
-17
-16
-13
-8
-2
3
7
9
9
9
9
8
6
5
1
-1
-4
-4
-2
1
4
6
7
3
0
-3
-8
-7
-5
-1
5
10
14
15
13
10
5
0
-4
-3
-4
-1
1
2
3
2
0
-1
-4
-9
-15
-20
-23
-23
-18
-11
-6
-3
-3
-4
-4
-4
-4
-2
2
7
12
16
19
20
18
16
13
9
6
3
2
-1
-4
-7
-8
-6
-3
-1
0
1
0
0
-1
-3
-5
-9
-7
-5
1
6
10
13
13
11
7
1
-4
-10
-13
-15
-13
-9
-1
5
8
8
6
3
1
0
-1
-3
-6
-7
-8
-4
0
4
6
6
5
3
1
-2
-4
-4
-1
1
3
4
3
2
0
-2
-4
-6
-7
-5
-5
-4
-3
-2
-2
-1
-1
0
-1
-1
-2
0
0
2
3
6
11
14
19
20
20
20
17
13
10
9
9
9
8
7
4
0
0
-3
-5
-8
-11
-13
-13
-13
-14
-14
-19
-23
-26
-28
-25
-21
-17
-14
-12
-10
-11
-9
-8
-7
-6
-5
-2
1
5
8
9
7
6
7
10
15
20
23
26
24
18
11
2
-8
-13
-15
-13
-7
1
9
15
18
18
14
10
3
0
-6
-10
-12
-10
-5
2
8
15
16
16
12
4
-5
-11
-18
-21
-20
-15
-11
-3
3
8
10
10
7
3
-1
-5
-8
-9
-9
-5
-1
2
5
7
7
5
1
-3
-6
-9
-13
-10
-4
0
4
3
4
5
4
1
-1
-1
0
4
8
13
18
21
21
17
13
7
1
-2
-5
-6
-4
-3
0
-1
-4
-9
-13
-15
-17
-17
-16
-15
-12
-8
-3
0
1
-1
-1
-5
-8
-10
-12
-11
-9
-7
-3
2
9
13
15
14
12
8
9
7
6
5
4
4
5
5
5
6
4
1
-2
-5
-8
-10
-13
-12
-13
-10
-9
-5
-4
-1
3
5
8
11
12
13
12
11
6
3
3
1
2
4
6
9
10
11
8
4
0
-3
-6
-6
-7
-4
-3
-1
-2
-1
-1
0
0
-2
-1
-2
-2
-3
-5
-6
-7
-8
-7
-6
-1
2
5
8
8
8
6
3
1
-5
-7
-10
-12
-12
-12
-7
-4
0
3
7
9
9
8
6
2
0
-4
-3
-5
-4
-2
-2
0
0
0
0
-2
-3
-5
-8
-8
-8
-7
-4
-2
2
3
5
7
9
11
15
18
20
19
15
11
5
0
-2
-2
0
3
5
8
9
10
8
6
2
-2
-5
-10
-14
-15
-17
-16
-15
-12
-10
-7
-4
-1
1
2
4
3
5
3
1
-1
-4
-6
-9
-11
-12
-11
-8
-5
1
5
8
9
7
3
-1
-4
-5
-4
-2
1
2
4
4
5
6
8
8
7
6
4
4
3
-1
-2
-2
-1
0
-1
-3
-5
-6
-5
-3
-2
-1
-1
-3
-3
-3
-5
-6
-6
-4
-1
2
3
5
6
7
9
11
12
10
8
4
1
0
-1
-2
0
3
4
5
4
2
1
-2
-3
-4
-5
-6
-7
-6
-5
-3
0
2
4
5
2
0
-1
-1
-1
-2
-2
-3
-4
-5
-6
-6
-5
-2
-1
0
0
0
-1
-1
-3
-4
-5
-3
0
3
5
6
7
8
9
7
4
0
-2
-3
-2
-1
0
1
1
1
0
-2
-5
-5
-4
-3
-2
0
4
3
1
0
1
1
-2
-7
-7
-4
-2
0
2
4
6
5
4
4
3
3
2
2
2
3
6
8
10
9
6
4
3
0
-3
-7
-9
-11
-11
-8
-6
-6
-5
-4
-4
-4
-6
-6
-5
-3
-1
3
6
8
9
10
9
8
9
8
8
8
7
6
5
5
4
4
3
2
0
-3
-7
-10
-14
-16
-13
-10
-7
-3
-3
-5
-6
-7
-6
-5
-5
-4
-3
-1
0
3
5
6
7
5
2
-2
-3
-6
-7
-7
-6
-6
-5
-5
-5
-5
-5
-3
-1
3
6
11
13
16
16
15
13
11
9
7
6
5
5
5
7
10
12
13
12
8
4
0
-3
-4
-3
-3
-3
-3
-5
-7
-8
-8
-8
-7
-8
-9
-10
-10
-12
-10
-7
-4
-1
1
2
4
3
4
5
5
4
3
0
-1
-2
-4
-4
-3
-1
1
2
4
4
4
4
3
1
-2
-4
-6
-6
-5
-3
-2
-1
0
1
-1
-2
-4
-3
-2
0
2
2
5
5
4
3
3
1
0
0
0
1
2
2
2
1
1
0
-2
-4
-5
-7
-8
-8
-6
-3
0
4
8
10
12
11
8
3
0
-4
-5
-7
-4
-1
2
4
6
6
5
3
-1
-3
-6
-8
-8
-7
-6
-4
-1
2
4
6
6
6
4
4
1
0
-1
-2
-2
-1
0
0
1
1
1
1
1
1
1
0
-1
-2
-4
-6
-7
-8
-7
-6
-4
-1
1
1
2
5
5
4
2
-1
-2
-3
-2
-1
0
1
1
2
4
5
7
10
10
10
8
6
4
2
0
-1
-1
0
0
2
2
2
1
0
-3
-6
-9
-12
-15
-17
-15
-13
-8
-6
-2
-3
-3
-4
0
2
3
2
1
0
0
1
2
3
5
7
8
7
5
3
2
-1
-2
-4
-3
-1
2
3
4
4
5
4
4
2
0
-1
-2
-3
-4
-5
-4
-3
-2
-2
-2
-2
-5
-6
-6
-8
-6
-5
-3
-1
0
1
3
4
8
11
13
15
14
12
10
5
2
1
1
1
2
1
2
4
4
4
1
-2
-4
-6
-6
-8
-12
-16
-20
-21
-20
-17
-14
-12
-8
-5
-1
3
7
7
8
8
9
10
10
9
8
8
8
8
10
9
10
10
10
9
7
4
1
-2
-1
-1
1
1
1
0
-1
-3
-3
-3
-3
-4
-6
-8
-10
-10
-8
-4
-1
3
4
3
1
0
-1
-1
0
0
1
2
4
4
3
0
-4
-8
-11
-13
-14
-13
-11
-9
-8
-8
-8
-6
-5
-2
0
4
8
11
11
12
9
10
12
13
14
15
13
11
9
8
3
0
-3
-6
-8
-8
-6
-7
-5
-4
-5
-6
-8
-8
-6
-6
-4
1
4
5
6
4
4
2
1
-2
-2
-3
-1
-1
0
1
0
0
0
1
2
2
4
5
6
8
7
6
6
4
5
5
4
4
2
2
1
-1
-3
-3
-3
-3
-4
-3
-1
2
5
6
4
0
-4
-7
-10
-13
-13
-11
-10
-6
-3
-2
-1
-2
-4
-8
-9
-8
-4
1
5
6
7
4
3
1
4
10
15
19
23
25
19
9
-3
-10
-14
-17
-18
-18
-14
-12
-10
-7
-4
-2
0
0
-3
-6
-9
-8
-5
-3
1
5
11
17
21
23
21
16
9
3
-2
-2
-1
1
3
4
2
2
0
-2
-7
-12
-14
-13
-10
-7
-6
-6
-6
-5
-2
0
5
8
12
