SAMPLES:	17726
BITSPERSAMPLE:	16
CHANNELS:	1
SAMPLERATE:	16000
NORMALIZED:	FALSE
0
0
0
0
1
1
1
2
2
2
2
1
1
1
1
0
0
1
2
2
2
0
1
0
0
0
1
0
0
0
-1
-1
0
-2
1
-1
-2
-2
-2
-2
-1
-2
-1
-2
-2
2
-4
3
-3
2
-1
1
-1
-1
-1
0
-1
0
2
3
3
4
2
3
2
2
1
2
1
0
0
1
1
1
0
0
0
0
-1
0
-1
0
1
0
0
0
0
1
0
0
0
0
-1
-1
-1
0
0
0
1
-1
0
1
-1
0
-2
-2
-2
-2
-3
-1
-1
-1
-3
-2
-1
-2
-3
-3
-3
-2
-2
-3
-1
0
0
1
0
2
1
0
1
2
1
1
0
1
1
1
2
2
2
3
1
2
0
0
-1
-1
-1
1
0
1
1
1
1
2
1
0
0
0
1
0
1
1
1
1
1
1
0
0
0
-1
0
0
0
0
0
0
0
0
0
0
1
0
1
0
0
1
0
0
1
0
0
1
0
0
1
0
0
0
0
0
0
0
0
0
0
0
1
-1
-1
-2
-1
-1
-2
-1
-1
0
0
1
1
0
0
0
-1
0
0
0
0
0
0
1
0
0
-1
0
0
0
0
-1
0
1
0
0
0
0
0
-1
1
1
1
1
1
1
0
1
0
0
0
0
1
0
1
1
1
1
1
1
0
0
0
-1
1
-1
1
1
-1
0
-1
-1
2
-1
1
0
-2
1
-4
2
-3
2
-1
0
-1
1
0
0
-1
0
-1
-2
-1
0
0
0
-1
0
0
0
0
0
-1
-1
-1
-1
0
0
0
0
1
-1
0
0
-1
0
0
0
1
1
2
2
1
0
0
-1
-1
0
0
1
2
1
1
0
0
0
0
1
0
0
-1
0
0
1
0
0
0
0
0
1
0
0
-1
-1
-1
-1
-1
-1
-1
0
0
1
0
0
0
0
-1
-1
-2
-2
0
0
0
0
0
0
0
-1
0
0
-1
-1
1
-1
1
0
1
1
0
2
-1
0
0
-1
1
0
-1
2
-3
4
-2
3
0
2
1
1
1
1
1
1
1
1
1
0
1
1
0
2
0
0
0
1
0
0
0
0
0
0
0
0
0
0
0
-1
0
-1
-2
0
0
-1
0
0
0
-2
-1
-2
-2
-3
-2
-3
-1
-3
-1
-2
-2
-2
-2
-1
0
0
1
0
0
0
0
0
0
0
0
0
0
0
1
0
0
-1
0
1
1
1
1
1
1
1
1
1
0
1
1
2
1
1
0
1
1
1
1
0
0
0
0
0
1
1
1
-1
0
0
1
2
1
1
2
0
0
0
-1
1
-3
3
-3
2
-1
0
0
-1
0
-1
-1
0
0
0
0
0
0
-1
1
0
-1
-1
-1
-1
0
0
0
0
0
0
0
1
0
0
1
0
1
0
0
1
0
0
0
0
1
0
0
-1
0
0
1
1
0
0
-1
0
-1
-1
0
0
0
1
1
0
-1
0
2
1
1
1
1
2
0
1
-1
0
1
0
0
0
-1
0
0
0
2
1
0
1
0
0
0
0
1
0
0
0
0
1
0
0
1
1
-1
0
-1
0
0
-1
1
-1
-1
0
-1
-1
1
-1
0
0
-1
2
-4
4
-3
2
-1
0
-1
0
1
0
0
0
-1
1
0
1
0
1
-1
0
0
-1
-2
-1
-1
-1
-1
0
0
0
0
0
0
0
0
0
0
0
0
0
1
0
0
0
0
1
0
0
0
0
0
0
0
0
0
0
0
0
0
0
0
0
1
1
1
1
2
1
1
1
0
-1
0
0
1
0
0
0
0
0
-1
0
0
0
0
0
0
-2
-1
-1
-2
-1
-1
-1
-2
-1
-1
-1
-1
-2
-1
-1
-1
-1
-1
-1
0
-1
0
0
0
1
0
0
1
-2
1
0
-1
1
-4
2
-3
1
-1
0
0
0
1
0
0
0
0
0
2
1
1
1
0
0
1
0
0
0
0
0
0
1
0
0
0
0
-1
0
-1
0
0
0
-1
-1
-1
-1
-1
0
0
0
0
0
0
0
0
0
1
0
1
1
0
1
0
0
0
0
0
1
0
1
0
0
0
1
-1
-1
-2
-1
0
1
0
-1
0
0
0
0
-1
-1
1
0
0
1
0
0
1
0
0
0
-1
1
0
1
1
1
1
0
-1
0
0
0
2
1
3
3
2
3
1
1
1
-1
0
0
-1
3
-3
4
-2
1
0
-1
0
-2
-1
-1
-1
-1
-1
-1
0
-1
1
0
0
0
-1
-1
-2
-1
-2
-1
-2
-1
-1
-1
-1
-2
-2
-3
-2
-1
-1
-1
-1
-1
-1
-1
0
-1
-1
0
0
0
0
-1
1
1
1
1
1
1
1
1
2
1
2
2
1
1
1
1
1
1
0
0
0
0
1
0
1
0
0
0
0
0
0
0
1
0
0
0
1
0
1
1
0
-1
-1
-1
-2
-1
-1
0
-1
-1
-1
-1
0
0
0
0
1
-1
1
0
0
0
0
0
1
-1
1
0
-1
3
-3
2
-3
3
-1
0
0
0
0
0
0
-1
1
0
0
0
1
0
1
0
0
0
0
0
1
1
0
1
2
0
0
0
1
0
0
0
0
-1
1
1
0
0
1
0
0
0
-1
-1
-1
-1
-1
-1
0
0
0
0
1
0
0
0
0
0
0
-1
-1
1
0
0
1
0
0
-1
0
-1
1
0
1
0
0
0
0
1
-1
0
0
0
0
0
0
0
0
0
0
0
0
0
0
-1
0
0
0
0
1
0
1
0
2
0
1
1
1
1
0
1
1
-2
1
0
0
2
-4
3
-3
2
0
1
1
1
0
0
-1
0
0
-2
-2
-2
-3
-3
-5
-4
-4
-3
-3
-3
-2
-1
-2
-2
-2
-2
-2
-1
-1
-1
0
0
0
1
0
-1
1
-1
0
-1
0
0
1
1
0
2
2
2
1
1
0
0
0
0
2
1
2
2
2
1
1
0
0
0
0
0
1
1
1
0
1
1
1
2
1
1
1
1
0
2
1
2
2
1
1
2
2
2
1
0
0
0
0
0
0
0
1
-1
0
-1
-1
-1
-2
-2
-2
-3
-3
-4
-3
-4
-4
-4
-4
-2
-3
-3
-3
-3
-2
-1
0
-1
0
0
0
0
0
-1
-2
-1
-1
-1
-1
-2
-2
-3
-1
-2
0
-1
-1
-2
0
-1
0
0
0
0
0
0
0
1
1
1
2
4
4
5
5
6
7
6
5
5
6
5
5
5
5
5
5
4
3
2
2
1
1
1
0
-1
1
1
0
1
1
0
-1
0
-1
0
-1
-1
-1
-1
-1
-1
0
-2
-2
-2
-2
-1
-2
-1
-1
0
0
-1
-1
-1
-1
-1
-1
0
0
1
0
0
-1
0
-2
-3
-4
-5
-3
-4
-4
-5
-4
-4
-4
-4
-4
-3
-3
-2
-1
-1
0
2
2
4
4
4
5
5
4
3
4
5
5
5
5
7
6
6
6
4
4
2
1
1
0
0
-1
-1
-1
-1
-1
-2
-3
-3
-2
-1
0
0
0
0
0
0
-1
-1
-1
-1
0
0
0
0
0
0
0
-2
-2
-3
-3
-2
-1
-1
0
-1
0
0
0
0
0
0
0
0
0
0
-1
-1
-1
-1
-1
-1
-1
-1
-1
-1
-1
-1
1
-1
0
0
0
0
0
1
1
3
3
4
4
5
5
4
5
4
4
3
2
1
1
1
0
0
-1
-1
-1
-1
0
-1
0
0
0
0
-1
-1
-3
-3
-2
-2
-1
-1
0
-1
0
0
0
0
0
-1
-1
0
-1
-1
0
0
0
0
0
0
0
0
0
0
-2
-2
-3
-3
-3
-2
-2
-2
-2
-2
-3
-2
-4
-4
-3
-3
-2
0
1
0
0
0
0
1
0
1
1
1
1
1
2
3
3
4
5
5
5
5
5
4
3
3
2
3
3
2
2
2
2
2
1
1
0
0
0
1
0
1
1
-1
0
0
0
0
0
0
0
0
0
0
0
1
1
1
2
1
0
0
0
-2
-2
-2
-3
-2
-2
-2
-2
-3
-3
-4
-4
-5
-5
-5
-6
-6
-6
-6
-5
-4
-3
-2
-2
-1
-1
0
1
2
3
2
3
5
5
6
7
9
10
10
11
9
10
11
9
8
7
5
2
1
-2
-4
-4
-5
-5
-5
-4
-5
-4
-3
-2
-1
-1
-1
-1
-1
-1
-2
0
-1
2
3
4
5
6
7
6
5
4
1
-1
-4
-6
-7
-7
-7
-7
-8
-8
-8
-8
-8
-7
-5
-4
-3
-2
-1
-2
0
0
2
2
3
5
4
4
4
3
2
2
0
1
2
3
4
5
6
5
5
4
4
2
1
0
1
0
0
2
0
0
0
-1
-2
-3
-2
-1
0
1
2
2
1
0
1
1
2
5
5
6
6
6
5
2
0
-2
-2
-2
-3
-4
-3
-4
-5
-7
-9
-12
-12
-12
-12
-10
-9
-5
-2
0
2
3
3
3
3
2
2
2
2
2
2
0
0
-2
-5
-7
-8
-9
-7
-5
-3
-1
-2
-4
-4
-4
-4
-4
-1
1
5
8
12
16
19
22
22
21
18
14
9
4
0
-3
-3
-3
-3
-2
-1
0
-1
-2
-3
-4
-4
-4
-4
-2
-2
-2
0
2
4
6
8
10
8
6
4
2
0
-3
-3
-2
-2
1
1
-1
-3
-6
-8
-10
-9
-8
-4
-2
1
3
5
4
2
0
-2
-3
-5
-4
-3
-1
0
1
1
0
-3
-5
-8
-11
-12
-12
-10
-7
-4
0
2
5
7
8
9
9
10
10
9
8
7
3
1
-2
-4
-4
-3
-3
-2
1
0
2
4
2
4
4
3
0
-2
-3
-2
-1
2
3
3
4
7
9
10
9
7
5
3
1
0
-2
-5
-7
-8
-10
-13
-13
-13
-12
-11
-10
-9
-8
-8
-9
-8
-6
-5
-3
-1
0
1
0
0
0
0
1
3
7
9
10
12
14
13
11
9
7
4
-1
-2
-2
-3
-6
-12
-9
-7
-4
-4
-5
-5
-3
-1
0
0
3
5
10
15
20
23
29
33
37
41
43
41
36
31
25
20
15
9
-1
-10
-21
-30
-37
-43
-48
-53
-57
-62
-66
-72
-76
-79
-79
-72
-61
-49
-35
-21
-9
2
9
16
19
23
28
31
31
29
26
24
23
27
32
41
48
54
56
55
51
44
36
26
14
3
-9
-20
-28
-31
-33
-37
-43
-48
-51
-50
-44
-41
-36
-32
-25
-15
-3
8
17
25
32
41
51
57
60
58
55
53
50
46
35
24
12
4
-1
-6
-12
-20
-26
-31
-32
-33
-35
-42
-50
-49
-41
-31
-20
-11
-4
0
-4
-10
-10
-6
1
6
8
9
10
13
18
20
24
30
39
41
38
29
21
16
14
17
22
21
17
8
-3
-11
-16
-22
-26
-29
-29
-35
-40
-46
-49
-50
-48
-43
-35
-25
-20
-19
-20
-21
-21
-22
-23
-16
-2
13
23
27
26
23
19
11
6
2
2
10
18
21
21
20
25
32
39
46
52
54
51
47
42
36
29
26
25
26
27
27
26
26
23
18
9
-1
-12
-22
-33
-43
-50
-56
-64
-75
-90
-107
-121
-127
-127
-118
-103
-77
-52
-34
-22
-9
5
18
30
49
72
94
109
122
134
142
132
111
90
72
60
50
40
30
19
2
-22
-49
-73
-91
-105
-115
-115
-109
-97
-90
-85
-79
-68
-54
-41
-26
-6
15
32
43
48
45
35
18
-3
-13
-8
7
28
49
71
86
90
80
64
48
41
40
46
55
64
70
67
51
30
10
-8
-20
-34
-45
-52
-59
-71
-84
-93
-97
-97
-89
-81
-66
-45
-25
-7
6
19
34
45
54
61
75
91
98
93
75
54
30
8
-9
-18
-19
-15
-10
-1
7
13
7
-12
-36
-57
-64
-61
-52
-38
-20
-5
0
-5
-11
-20
-35
-51
-60
-50
-34
-18
-7
4
15
22
19
14
14
25
44
60
66
67
65
60
49
30
13
-2
-14
-28
-42
-56
-65
-71
-79
-84
-78
-63
-41
-23
-12
-7
-3
0
1
2
7
15
24
35
45
61
77
86
85
80
76
70
60
48
41
42
44
46
49
55
57
50
36
28
27
30
31
21
5
-9
-24
-48
-82
-119
-147
-169
-193
-215
-231
-238
-241
-247
-246
-226
-186
-144
-106
-64
-13
39
76
95
111
136
172
207
243
285
330
361
365
344
314
285
251
210
164
117
71
24
-19
-59
-97
-136
-176
-214
-238
-245
-237
-229
-234
-247
-254
-259
-267
-276
-267
-228
-168
-97
-27
43
103
144
165
176
188
205
221
233
239
240
236
222
195
165
138
121
106
84
53
22
-1
-20
-51
-95
-141
-176
-196
-208
-217
-224
-231
-238
-246
-247
-237
-217
-191
-154
-96
-21
54
114
154
180
192
187
166
142
128
136
160
188
206
215
216
203
175
143
118
102
88
70
60
62
68
65
47
12
-35
-86
-126
-152
-172
-188
-201
-214
-231
-243
-238
-217
-190
-173
-161
-148
-130
-113
-95
-73
-47
-20
6
39
82
131
177
206
217
222
226
224
212
195
184
181
180
175
164
140
96
37
-22
-77
-128
-178
-221
-255
-278
-279
-259
-228
-203
-187
-169
-148
-135
-134
-135
-126
-108
-90
-69
-41
-12
21
55
89
114
123
130
140
161
194
224
263
318
373
426
471
488
482
466
429
396
354
277
181
89
2
-78
-161
-249
-337
-447
-580
-712
-838
-941
-992
-1019
-1025
-994
-932
-851
-756
-647
-510
-339
-155
20
183
349
516
668
789
886
975
1062
1133
1176
1183
1161
1111
1034
936
831
733
642
538
399
233
50
-135
-321
-496
-653
-792
-921
-1030
-1095
-1102
-1070
-1024
-979
-936
-885
-824
-755
-669
-562
-430
-276
-128
-4
112
237
340
389
401
426
475
540
623
716
795
845
874
887
873
824
737
616
483
355
231
123
32
-52
-135
-221
-319
-431
-535
-618
-678
-711
-715
-714
-710
-689
-651
-605
-551
-487
-415
-345
-270
-180
-68
56
174
280
375
456
516
559
583
591
584
564
532
502
483
479
487
489
476
434
363
263
129
-34
-208
-367
-501
-608
-685
-724
-735
-733
-718
-686
-645
-611
-586
-555
-513
-470
-419
-338
-226
-99
33
168
286
369
405
403
381
342
312
307
301
300
317
326
344
392
419
423
433
418
394
381
337
308
319
333
369
402
399
399
396
411
448
468
487
491
468
431
345
217
44
-153
-321
-513
-704
-849
-1059
-1295
-1506
-1760
-1973
-2131
-2281
-2324
-2273
-2188
-2029
-1821
-1589
-1324
-1030
-683
-292
130
604
1091
1581
2094
2540
2914
3251
3434
3490
3494
3364
3162
2935
2586
2186
1770
1286
850
484
124
-173
-449
-751
-1001
-1259
-1566
-1873
-2229
-2561
-2798
-3012
-3142
-3189
-3204
-3033
-2741
-2435
-2030
-1606
-1188
-685
-215
185
554
841
1110
1399
1636
1845
2049
2209
2356
2516
2652
2768
2869
2892
2833
2710
2468
2156
1841
1462
1038
607
115
-383
-815
-1226
-1606
-1926
-2235
-2509
-2711
-2875
-3002
-3074
-3123
-3178
-3218
-3186
-3102
-2930
-2581
-2175
-1726
-1167
-675
-193
401
873
1262
1670
1863
1972
2149
2177
2137
2100
1888
1694
1628
1541
1493
1454
1367
1345
1292
1202
1120
877
621
454
177
18
2
-113
49
418
580
946
1409
1598
2052
2498
2483
2622
2685
2383
2317
2099
1475
1066
564
-98
-448
-962
-1646
-2105
-2774
-3474
-3990
-4794
-5492
-5911
-6492
-6864
-7064
-7331
-7178
-6796
-6383
-5554
-4668
-3734
-2371
-1105
109
1542
2643
3711
4915
5619
6281
6955
7162
7508
7771
7590
7636
7522
7046
6759
6195
5316
4573
3552
2330
1221
-73
-1376
-2470
-3598
-4543
-5174
-5718
-6045
-6133
-6092
-5844
-5532
-5182
-4779
-4459
-4076
-3659
-3287
-2800
-2283
-1746
-1088
-415
263
961
1683
2383
2966
3578
4129
4444
4757
4945
4827
4617
4232
3649
3067
2405
1754
1199
528
-116
-599
-1144
-1660
-2028
-2445
-2828
-3060
-3371
-3692
-3872
-4116
-4352
-4394
-4445
-4409
-4100
-3756
-3348
-2756
-2201
-1594
-795
-39
684
1498
2228
2923
3743
4467
5099
5861
6490
6933
7452
7752
7804
7934
7832
7465
7204
6695
5929
5286
4359
3195
2216
922
-532
-1700
-3166
-4623
-5706
-7057
-8206
-8927
-9892
-10614
-11039
-11572
-11729
-11626
-11531
-11181
-10677
-10005
-9109
-8013
-6587
-5017
-3339
-1428
486
2548
4803
6851
8791
10619
12010
13233
14298
14764
14889
14805
14161
13272
12314
10940
9445
7936
6041
4100
2275
378
-1257
-2792
-4422
-5857
-7256
-8529
-9425
-10341
-11073
-11484
-12043
-12165
-11891
-11635
-10923
-10037
-9259
-8205
-6897
-5689
-4214
-2534
-1142
408
1900
3222
4791
6201
7399
8575
9388
9912
10347
10452
10292
9872
9045
7966
6710
5334
3881
2351
767
-890
-2446
-3731
-4846
-5716
-6344
-6951
-7439
-7593
-7528
-7329
-6842
-6369
-6046
-5282
-4457
-3748
-2370
-1205
-350
1334
2699
3877
5949
7368
8470
10143
10909
11455
12383
12333
12022
11721
10446
9030
7777
6022
4348
2902
1076
-705
-2281
-4182
-5798
-7095
-8887
-10378
-11594
-13072
-13785
-14422
-15408
-15454
-15612
-15856
-14905
-14103
-12970
-10814
-9241
-7287
-4537
-2420
203
3419
5689
8236
11007
12742
14806
16859
17894
18854
19499
19124
18595
17983
16523
14975
13223
10755
8358
5891
3169
762
-1758
-4447
-6676
-9024
-10989
-12450
-13957
-14899
-15811
-16548
-16671
-16625
-16361
-15726
-14849
-13905
-12611
-11086
-9291
-7089
-4836
-2593
-401
1806
4021
6137
8110
9855
11255
12299
13015
13383
13512
13406
12958
12132
11013
9794
8434
6989
5582
3932
2203
747
-835
-2275
-3070
-3880
-4619
-4836
-5243
-5421
-4718
-4245
-3716
-2612
-2094
-1472
-303
143
862
1869
1706
1760
2187
1807
2013
2431
1817
1624
1516
758
673
416
-456
-750
-1669
-2967
-3364
-4383
-5564
-6080
-7487
-8634
-8823
-9500
-9307
-8314
-8170
-7151
-5424
-4512
-2531
11
1431
3458
5510
6448
8235
9887
10187
11003
11291
10302
10138
9743
8406
7796
6692
4756
3701
2389
703
-50
-1295
-2935
-3657
-4723
-5777
-5902
-6579
-7297
-7420
-8245
-8674
-8276
-8646
-8683
-8039
-8122
-7826
-6779
-6045
-4920
-3564
-2593
-1207
146
1170
2822
4276
5099
6250
6965
7139
7799
7993
7726
7949
7538
6785
6825
6430
5828
5938
5471
4772
4668
4017
3406
3408
2711
2033
1862
958
219
68
-753
-1403
-1644
-2451
-2875
-2894
-3378
-3514
-3488
-3894
-4004
-4003
-4232
-4276
-4342
-4543
-4635
-4835
-5077
-5135
-5314
-5539
-5474
-5572
-5713
-5388
-5194
-4908
-3969
-3389
-2857
-1567
-639
351
2266
3798
5221
7238
8570
9705
11334
12083
12384
12940
12329
11126
10373
8739
6746
5397
3151
744
-763
-2982
-4837
-5623
-7314
-8546
-8939
-10255
-10750
-10535
-11163
-11049
-10791
-11307
-10859
-10107
-9893
-8970
-7841
-7374
-6302
-4581
-3564
-2071
117
1002
2287
4553
5473
6940
9145
9671
10575
11852
11849
12514
13321
13008
12915
12578
11547
10783
10005
8874
7653
6339
4868
3498
2358
1244
243
-775
-1946
-2722
-3407
-4179
-4414
-4804
-5589
-5979
-6538
-7304
-7470
-7686
-8141
-8158
-8203
-8511
-8469
-8251
-8167
-7983
-7695
-7506
-7299
-6852
-6383
-5815
-4665
-3610
-2791
-1050
764
2023
4264
6581
7808
9545
11243
12039
13415
14425
14223
14347
13684
11840
10877
9617
7377
5881
3871
1036
-792
-2782
-5028
-6177
-7896
-9936
-10753
-11970
-13070
-12869
-13288
-13788
-13411
-13556
-13146
-11777
-10969
-9689
-8046
-7380
-6112
-3944
-2218
-214
1946
3325
4813
6442
7832
9787
11453
12016
12757
13533
13702
14211
14704
14264
13541
12534
11038
10157
9552
8202
6915
5591
3517
2051
1456
664
-151
-1187
-2585
-3559
-4390
-5067
-5184
-5802
-6992
-7765
-8426
-8987
-9177
-9694
-10313
-10636
-11372
-11830
-11119
-10772
-11004
-10576
-10296
-10073
-8772
-7251
-5464
-3278
-1958
-147
2899
5098
7392
10684
12746
14126
15903
16901
17815
18525
17795
17177
16204
13507
11411
9733
6659
3830
1109
-2426
-5158
-7645
-10292
-11681
-13387
-15654
-16537
-17362
-18135
-17611
-17349
-16971
-15997
-15690
-14489
-12349
-10968
-9020
-6832
-5561
-3597
-1200
813
3419
5767
7233
9191
11193
12667
14712
16532
17114
17701
18224
18033
18087
18015
17021
15830
14329
12453
11056
9516
7453
5550
3271
740
-920
-2272
-3746
-4904
-6203
-7634
-8499
-9311
-9943
-9715
-10217
-11163
-10745
-11127
-11718
-10302
-10412
-11221
-10076
-10357
-10656
-9048
-8672
-8518
-7810
-7513
-6582
-5435
-3611
-1518
-553
1515
3922
5380
8393
11196
12648
14894
16128
16427
17782
17819
16731
16564
15077
12366
10751
8579
5617
3299
211
-3002
-5063
-7766
-10176
-11175
-12992
-14792
-15298
-16223
-16817
-16360
-16307
-15880
-14915
-14497
-13458
-11852
-10706
-9034
-7214
-5896
-3988
-1895
35
2480
4504
6227
8551
10334
11899
14165
15570
16305
17399
17578
17351
17802
17470
16494
15824
14422
12698
11451
9669
7734
6251
4110
1915
546
-984
-2482
-3530
-4871
-5970
-6697
-7764
-8289
-8344
-9215
-9985
-10023
-10563
-11132
-10960
-11091
-11560
-11792
-12182
-12415
-12207
-12164
-12142
-11441
-10660
-10261
-8561
-5887
-4373
-2144
1111
3048
5756
9316
11701
14718
17019
17596
19390
20338
19446
19718
19251
16846
15047
13178
10298
7649
4847
1336
-1696
-4524
-7749
-9808
-11277
-13653
-15388
-16581
-18027
-18315
-18191
-18245
-17589
-17315
-17043
-15665
-14216
-12447
-10263
-8590
-6683
-4446
-2212
733
3697
6024
8439
10743
12762
15190
17404
18555
19194
19301
18757
18577
18394
17452
16468
15040
12892
11265
9762
7827
6303
4355
1612
-351
-1945
-3889
-5133
-6328
-8007
-9075
-9964
-10650
-10316
-10323
-10995
-11087
-11053
-11192
-10865
-10304
-9985
-10019
-10201
-10083
-9722
-9289
-8835
-8385
-7802
-7336
-6482
-4219
-2186
-1060
1508
4182
5233
7657
10988
12570
14265
16023
16424
17290
17847
17087
17143
16379
13644
12025
10461
7423
5361
3058
-587
-3096
-5763
-8806
-9840
-11628
-14171
-14573
-16009
-17797
-16843
-16830
-17364
-16122
-16045
-15903
-14053
-12775
-11067
-8707
-7396
-5742
-3321
-971
1836
4579
6630
8734
10733
12462
14777
16899
17728
18237
18486
18121
18192
18107
17126
16105
14418
12086
10689
9411
7445
5689
3630
1119
-587
-1895
-3379
-4526
-5860
-7616
-8736
-9335
-9899
-9978
-10144
-10959
-11378
-11299
-11333
-11194
-11124
-11274
-11495
-11930
-11756
-10893
-10475
-10104
-9353
-8738
-7840
-5851
-3436
-1717
422
3514
5634
7861
11607
14305
15903
17788
18641
19124
19778
19052
18424
18051
15596
13086
11593
8737
5802
3506
137
-2942
-5534
-8718
-10676
-12157
-14810
-16416
-17267
-18896
-19274
-18746
-18869
-18355
-17745
-17412
-15861
-14045
-12431
-10164
-7883
-5815
-3588
-720
2317
4865
7803
10100
11799
14659
16233
17151
19425
19633
18963
19516
18799
18080
17679
16149
14893
13024
10561
9090
7264
5134
3310
1016
-1086
-2836
-4469
-5693
-7030
-8508
-9715
-10707
-11279
-11484
-11703
-12011
-12388
-12662
-12628
-12381
-12048
-11895
-12013
-11785
-11347
-11018
-10092
-8945
-8253
-7346
-5854
-3627
-1391
361
3293
6412
7975
10695
14474
16385
17845
19531
20178
20574
20291
19150
18669
17133
13973
11984
9976
6279
3228
659
-2686
-5570
-8331
-10975
-12478
-14569
-16908
-17623
-18594
-19656
-19280
-19249
-19184
-18218
-17752
-16781
-14987
-13628
-11860
-9720
-7656
-4986
-2364
198
3342
6084
8475
11333
13768
15728
17939
19481
20065
20562
20753
20345
19739
19164
18308
16715
14824
13060
11161
8921
6632
4700
2277
-547
-2262
-4240
-6544
-7512
-9365
-11471
-11637
-12694
-13842
-13242
-13755
-14396
-13758
-13786
-13454
-12509
-12514
-12222
-11278
-10801
-10155
-8938
-7909
-6942
-5842
-4625
-2410
-42
1280
3662
6685
8203
10621
14097
16082
17626
18788
19205
20187
20027
18667
18350
16858
13539
11403
9502
6504
3590
329
-3011
-5600
-8626
-11189
-12298
-14159
-16490
-17522
-18316
-18965
-18737
-18489
-18175
-17698
-17479
-16413
-14469
-12979
-11336
-9159
-7247
-5225
-2808
-123
3018
5679
7710
10262
12650
14360
16625
18697
19242
19504
19943
19666
19336
19078
18044
16746
15266
13356
11656
9842
7654
5673
3317
646
-1258
-2864
-4947
-6912
-8349
-9717
-11113
-12000
-12429
-12976
-13668
-14130
-14179
-13970
-13702
-13545
-13483
-13202
-12625
-12183
-11777
-10695
-9477
-8876
-7690
-5693
-3536
-1078
936
3698
7405
8930
11126
15627
17383
18182
20166
20470
20546
20226
18821
18615
16749
13013
11085
8675
5129
2449
-599
-3609
-6326
-9761
-11783
-12561
-14694
-16470
-16921
-18019
-18762
-18282
-17909
-17414
-16962
-16796
-15519
-13751
-12337
-10326
-8318
-6620
-4362
-2013
769
4061
6305
8360
11157
13293
15311
17651
19009
19887
20375
19920
19974
20045
18629
17404
16543
14374
12332
10994
8576
6053
4045
1187
-1267
-2807
-5105
-7155
-8495
-10405
-11774
-12361
-13391
-13871
-13882
-14649
-14826
-14141
-14019
-13910
-13457
-13154
-12565
-11847
-11176
-10051
-8710
-7654
-6676
-4575
-1463
479
2400
6191
8813
10099
13489
16903
18286
19646
20411
20515
20978
19842
18370
18135
15609
11841
9910
7498
4104
996
-2285
-5157
-7959
-11161
-13115
-13916
-15506
-17674
-18414
-18129
-18628
-18754
-17518
-16592
-16309
-15508
-13909
-12133
-10429
-8338
-6255
-4410
-2188
60
2560
5648
7915
9688
12134
13927
15346
17572
18847
19081
19623
19344
18724
18735
17792
16479
15413
13059
10793
9417
6944
4337
2466
-184
-2807
-4507
-6403
-8191
-9593
-11244
-12318
-12854
-13853
-14200
-14075
-14941
-14974
-13862
-13882
-13935
-13155
-12786
-12103
-11141
-10498
-9065
-7541
-6979
-5563
-2541
-27
1489
4235
7635
9442
11600
15298
17853
19097
19972
20112
20690
20737
18875
18110
17368
13425
10419
9226
5767
2124
-612
-4407
-7184
-9393
-12521
-13859
-14725
-17214
-18193
-17963
-18749
-18555
-17555
-17391
-16517
-15353
-14844
-12957
-10727
-9590
-7317
-4618
-2833
-510
2158
5234
8276
10195
13097
15850
16647
18829
20918
20591
21054
21238
19807
19134
18045
16131
14667
12054
8870
6663
3924
846
-1159
-3318
-5966
-7926
-9735
-11449
-12181
-12770
-13401
-13531
-14045
-14429
-13788
-13232
-12791
-11964
-11528
-11374
-10857
-9916
-8826
-7938
-7003
-5882
-4962
-4047
-2237
733
2957
3949
6287
9021
10064
12180
15573
16998
17307
17743
17834
18121
17527
15924
15137
12939
8697
6209
4381
967
-1975
-4571
-7626
-10097
-12507
-14287
-14632
-15498
-16686
-16781
-16880
-16755
-15659
-14483
-13124
-11981
-11518
-10167
-8118
-6312
-4095
-2101
-637
1154
3008
5425
8568
10809
12343
14098
15417
16680
18385
19395
19541
19210
18183
17177
16502
15272
13507
11360
8506
5577
3222
824
-1600
-3604
-6177
-8977
-10450
-11717
-12958
-12981
-13760
-15117
-14598
-14375
-15034
-13638
-12227
-12705
-12418
-11535
-11202
-10211
-8935
-7732
-6563
-6085
-5316
-3822
-1586
1642
3450
4498
7494
9650
10890
14511
17802
18663
19078
19305
19704
20020
18901
17857
16655
12896
9029
6962
4300
884
-2481
-6117
-9079
-11958
-15005
-16027
-16536
-18350
-19036
-18954
-19438
-18673
-17250
-16109
-14452
-13541
-12917
-10714
-8440
-6527
-3898
-1652
-120
1740
4277
7416
10162
12154
14297
16007
17281
19602
21470
21456
21507
21522
20313
19416
18967
17267
14674
11969
8975
6163
3526
362
-2418
-4942
-8412
-10858
-11884
-13868
-15549
-16160
-17148
-17579
-17703
-18081
-17281
-16326
-16133
-15481
-14786
-14152
-12755
-11224
-9868
-8174
-6822
-6250
-4331
-341
2334
3520
6609
9848
11063
13684
18183
20768
21091
21096
21899
22784
21582
19983
20004
17394
12031
9425
7461
3033
-589
-3828
-7976
-10968
-14186
-17257
-17669
-18589
-20568
-20424
-20157
-20435
-19042
-17319
-15784
-13816
-12783
-11517
-8709
-6279
-4111
-1273
821
2398
4712
7395
10078
12517
14390
16018
17593
19135
20556
21403
21564
21178
20346
19437
18300
16410
14038
11527
8820
5823
2629
-536
-3718
-6507
-8719
-11449
-13819
-14826
-16340
-17570
-17089
-17253
-17746
-17048
-16690
-15938
-14286
-13704
-12998
-11573
-11052
-9884
-7898
-6687
-5397
-4781
-3800
7
2389
2987
6604
9516
10116
13424
17416
19052
20296
21077
21321
21976
21454
19509
18256
16228
11799
8360
6170
2087
-2164
-5530
-9128
-12079
-15205
-17990
-18802
-19828
-20940
-20741
-20512
-19941
-18824
-17199
-14704
-12855
-11553
-9819
-7484
-4322
-2078
-64
3117
4634
5810
9394
12292
13853
15845
17302
18334
19746
20889
21379
21216
20540
19636
18522
17094
14987
12298
9713
6875
3641
771
-2374
-5513
-7757
-10412
-12724
-13776
-15464
-16822
-17125
-17765
-17543
-17063
-17366
-16434
-15013
-14416
-13431
-12275
-11264
-9918
-8550
-7141
-5385
-4054
-3640
-1989
1540
3455
4361
7591
10180
10825
13741
17493
18979
20039
20510
20625
21724
20780
18713
18279
15434
10836
8509
5513
1311
-2007
-6014
-9647
-12110
-15568
-18029
-18518
-19994
-21252
-20712
-20492
-20293
-18927
-17197
-15304
-13527
-11943
-9779
-7365
-4840
-2066
416
2805
4871
6692
9718
12736
14287
16077
17948
18727
19888
21398
21800
21583
20832
19657
18653
16454
14349
13235
8982
4995
4406
-23
-4726
-4526
-7649
-11941
-12220
-13983
-16212
-16813
-17530
-17095
-17174
-17798
-16919
-16253
-15268
-14052
-13481
-11774
-10553
-10255
-8426
-6661
-5648
-4497
-3559
-1125
1859
2832
5043
8742
9950
11757
16034
18360
19291
20589
20836
21284
21479
19793
18463
16665
12597
9349
6999
3180
-861
-4501
-8095
-11268
-14526
-16972
-18137
-19607
-20576
-20493
-20693
-20321
-19161
-17998
-15676
-13317
-12298
-10451
-7954
-5868
-2687
348
2114
4249
6203
8002
11095
14086
15694
16823
18093
19178
20236
21617
21912
20902
20155
18758
16737
15627
13603
10424
7876
4484
702
-1560
-4380
-7487
-9249
-11786
-14178
-15114
-16754
-17563
-17135
-17836
-17679
-16934
-17145
-15850
-14298
-13962
-12452
-10857
-10468
-9235
-6957
-5505
-4825
-3017
-326
1775
3576
5983
9180
11217
12603
16486
19419
19624
21157
22088
21659
21891
20275
18622
17468
13046
9250
7303
3065
-1249
-4773
-8959
-12079
-14974
-17984
-19314
-20638
-22115
-21792
-21325
-21179
-19815
-18413
-16992
-14499
-12511
-10991
-8470
-5626
-2957
-423
1841
4247
6557
8947
11969
14452
16079
17681
18920
20440
22271
22377
21763
21759
20552
18848
17880
15727
12735
10073
6743
3607
1090
-2476
-5595
-7354
-10289
-13019
-13663
-15147
-16983
-16876
-17116
-17612
-16826
-16672
-16419
-14929
-14432
-14031
-12273
-11045
-10315
-8913
-7360
-6155
-5393
-3505
23
2056
3181
6389
9061
10282
13410
17165
19101
20101
20621
21411
22328
21338
19976
19314
16294
12168
9747
6839
2912
-1011
-5304
-8793
-11725
-15236
-17870
-18922
-20078
-22173
-22130
-20250
-21164
-20738
-17056
-16448
-15366
-11784
-10790
-8582
-4774
-3175
-478
2544
3824
6138
9389
12104
14028
15991
17915
18564
20160
22304
22075
21821
21629
19741
18389
17117
14890
12728
9370
5517
3003
-77
-3555
-5675
-8221
-11272
-13063
-14767
-16330
-16751
-17409
-17874
-17290
-17184
-17203
-16060
-14739
-13818
-12627
-11158
-9901
-8874
-7553
-5493
-3777
-3029
-1068
1877
3273
5121
8535
10562
12196
15008
17040
18671
20141
20242
20862
21214
19062
17689
16796
13182
9918
7307
3173
-292
-3946
-8127
-10369
-13396
-17103
-18218
-19505
-21226
-20923
-20717
-20595
-19206
-18249
-16971
-14488
-12726
-10959
-8162
-5904
-3728
-1065
988
3494
6426
8210
10590
13421
14533
15968
18089
19088
20286
21164
20595
20258
19933
18663
16877
15159
13295
10067
6913
4940
1755
-1833
-4283
-6686
-8916
-11204
-13063
-13872
-15432
-16474
-16017
-16504
-16713
-15839
-15649
-14948
-13938
-13986
-12958
-10982
-10243
-9281
-7373
-6574
-6181
-3843
-433
1696
3104
5654
8334
10215
13119
16888
19265
20091
20507
21501
22480
21695
20378
19661
17039
13145
10496
7460
3481
-332
-4399
-7662
-10561
-14584
-17207
-18173
-19880
-21147
-21364
-21436
-20967
-20157
-18783
-16587
-15061
-14060
-11781
-8736
-6185
-3510
-763
1171
3276
5994
8737
11787
14065
15255
16985
18404
19383
21117
21752
21104
20791
19741
17997
16795
15361
13014
10111
7051
4004
1096
-1817
-4587
-6623
-9046
-12103
-13631
-14655
-16314
-16699
-16687
-17150
-17037
-17167
-16643
-14899
-14625
-14361
-12339
-11624
-11382
-9360
-7823
-6827
-5618
-4169
-788
1685
2335
5734
9019
10038
13348
17282
19183
20343
21012
22366
23084
21504
20679
19824
16542
13282
10581
7154
3416
-829
-4855
-7742
-11058
-14751
-16990
-18607
-20250
-20869
-21081
-21208
-20637
-19870
-18404
-16142
-14616
-12909
-10318
-8143
-5447
-2125
36
2127
5000
7668
10392
12897
14801
16854
18430
19379
20951
22137
21632
20886
20478
19184
17442
15855
13733
11135
7952
4506
2126
-625
-4433
-6737
-8584
-11776
-13823
-14782
-16518
-17472
-17622
-18304
-18155
-17459
-17575
-17029
-15717
-14900
-13820
-12321
-11110
-9830
-8373
-6973
-4910
-1889
245
1694
4900
7925
9487
12645
16255
18245
19987
21027
21768
22808
22164
21102
20607
18092
14647
12191
9211
5643
2132
-2137
-6089
-9041
-12900
-16170
-17118
-19165
-21510
-21252
-21655
-22124
-20272
-19201
-17994
-15398
-14037
-12265
-9296
-6655
-3557
-921
1217
4174
6786
9379
12276
14357
16422
18330
19515
21014
22075
21873
21586
21169
19917
18454
16849
14535
11970
9203
6038
3133
75
-3416
-6026
-8231
-11100
-13565
-15341
-17017
-18125
-18625
-19002
-19153
-18978
-18793
-18424
-17099
-15619
-14820
-13282
-11251
-10160
-8830
-6709
-4312
-1528
581
2453
5630
8263
9943
13236
16765
18235
19239
20697
21811
22325
21876
21063
20291
17976
14661
12427
9997
6110
2038
-1717
-5315
-8876
-12502
-15240
-17150
-19370
-21220
-21905
-21947
-21737
-21105
-19688
-17917
-16257
-14230
-11882
-9123
-5917
-3369
-987
2081
4679
7131
10238
12758
14609
16465
17954
19527
21118
21488
21346
21477
20644
19291
18443
16748
14300
11862
8629
5645
3093
-434
-3319
-5629
-9046
-11646
-13322
-15526
-16942
-17780
-18801
-19036
-19071
-19426
-19142
-18140
-17039
-16082
-14896
-13244
-11841
-10694
-8802
-6057
-3359
-1404
569
3715
6700
8636
11566
15176
17281
18632
20193
21582
22396
22003
21309
20823
18786
15926
13966
11449
7911
4358
494
-3191
-6454
-10068
-13006
-15099
-17672
-19831
-20925
-21698
-21809
-21273
-20537
-19310
-17789
-16146
-14105
-11458
-8224
-5320
-2911
168
3210
5453
8459
11846
13934
15757
17811
19176
20421
21384
21347
21358
21218
19966
18673
17370
15160
12673
10005
7055
4384
1446
-1745
-4344
-6944
-9823
-12096
-13832
-15566
-16991
-17784
-18353
-18837
-18954
-18911
-18353
-16949
-15803
-15006
-13433
-11611
-10423
-8878
-6039
-3203
-1281
807
3259
5951
8866
11100
13828
17054
17899
18125
20186
21497
20999
20346
19882
18265
15215
12915
11066
7902
4385
756
-2817
-5890
-9520
-12409
-14168
-16931
-19175
-19982
-21029
-21376
-20742
-20260
-19213
-17720
-16321
-14129
-11380
-8811
-6076
-3275
-623
2135
5034
8150
11023
13057
14985
17013
18509
19952
21168
21325
21099
20719
19787
18787
17400
15467
13393
10508
7437
5028
2106
-906
-3389
-6427
-9347
-11533
-13698
-15458
-16716
-17845
-18644
-19216
-19591
-19522
-18847
-17725
-16671
-15565
-13928
-12054
-10526
-8734
-5561
-2518
-950
1531
5098
7266
9482
13045
15731
17273
18662
19786
21037
21685
21084
20742
19891
17245
14822
12900
10067
6770
3008
-754
-3863
-7563
-11006
-13006
-15601
-18434
-19653
-20754
-21801
-21247
-20678
-20277
-18321
-16913
-16033
-12755
-9687
-7790
-4265
-1294
862
4239
6894
9636
12926
14587
16395
18308
19086
20422
21177
20842
20728
19719
18283
17033
15000
12985
10833
7934
5261
2613
-253
-2755
-5313
-7930
-10090
-12214
-14156
-15302
-16225
-17220
-17875
-18410
-18729
-18419
-17646
-16710
-15733
-14491
-12841
-11394
-10017
-7356
-3745
-1376
269
3310
6397
8313
11211
15029
17331
18290
19215
20503
21670
21436
20621
20235
18122
14907
13018
10629
7317
4226
217
-3365
-6054
-9884
-12718
-14160
-17015
-19246
-19893
-21111
-21396
-20461
-20043
-18889
-17306
-16253
-14035
-11298
-8758
-5389
-2699
-529
2783
5778
8647
12074
14146
15734
18028
19364
20260
21577
21653
20675
20025
19019
17403
15784
13620
11000
8210
5103
2612
152
-2744
-4849
-7682
-10655
-11740
-13898
-16022
-15928
-17301
-18567
-18114
-19055
-19150
-17790
-17216
-15966
-14728
-13784
-12009
-10632
-8091
-4095
-1750
167
3286
6083
8709
12174
15714
18214
19507
20128
21297
22792
22518
21501
21114
18878
15509
13625
11319
7903
4586
620
-3226
-6400
-10024
-12685
-14265
-16859
-19062
-20112
-21369
-21435
-20369
-19951
-18865
-17455
-16869
-14743
-11489
-9019
-5733
-2591
-961
1895
5553
8217
11516
14551
15980
17464
18866
19992
21440
21651
20876
20286
18662
16707
15495
13527
10959
8259
4773
1799
-607
-3561
-5809
-7706
-10532
-12823
-14270
-15679
-16493
-17010
-17618
-18080
-18631
-18567
-17562
-16662
-15686
-14490
-13523
-12224
-10659
-8235
-4326
-1709
-382
2925
6443
8557
11849
15887
18449
19605
20224
21506
22854
22481
21625
21061
18813
15522
13041
10705
7876
4254
58
-3210
-6459
-10650
-13163
-14300
-16889
-19272
-20054
-21040
-21461
-20374
-19435
-18414
-16892
-15907
-14196
-11104
-8220
-5279
-2178
121
2629
5729
8685
11920
14608
15997
17523
19021
19910
21109
21480
20395
19514
18253
16143
14559
12679
9829
6966
3870
828
-1684
-4448
-6763
-8493
-11150
-13480
-14608
-15974
-16700
-16558
-17136
-17560
-17651
-18017
-17017
-15263
-14650
-13637
-11881
-11255
-10354
-7164
-3672
-1655
388
3245
5885
8673
12222
15454
17785
19225
19937
21251
22517
21907
21120
20606
18007
14793
12698
9942
6533
3122
-942
-4709
-7998
-11506
-13795
-15120
-17280
-19094
-19949
-20863
-20633
-19162
-18226
-17199
-15825
-14629
-12269
-9233
-6550
-3382
-682
1316
4135
7439
10659
13102
14907
17328
18582
18888
20833
21780
20628
20229
19598
17504
15432
13618
11311
8480
5506
2366
-549
-2958
-5648
-8027
-9839
-12420
-14531
-15351
-16465
-17177
-17119
-17657
-18019
-17640
-17336
-16455
-14866
-13825
-12902
-11449
-10540
-9033
-5315
-2284
-888
1877
4842
6565
9695
13765
16511
18347
19351
20086
21571
22112
21393
21162
19820
16404
13857
11920
8558
5265
1864
-2553
-5950
-9076
-12697
-14393
-15838
-18596
-19877
-20349
-21272
-20529
-18924
-18017
-16791
-15338
-13578
-10760
-7835
-4977
-1888
624
3044
5876
8658
11758
14411
15896
17534
19037
19680
20602
21236
20635
19794
18533
16519
14781
12814
9895
7046
4278
1139
-1653
-4307
-6977
-9022
-11371
-13924
-15271
-16388
-17560
-17819
-18132
-18595
-18518
-18385
-17667
-16219
-15062
-13830
-12273
-11333
-10320
-7360
-3587
-1534
354
3753
6313
8329
12385
16494
18483
19614
20576
21765
22799
22201
21458
21104
18368
14710
12660
10118
6498
2954
-922
-4513
-7963
-11923
-14362
-15616
-17923
-19697
-20281
-21137
-21119
-19883
-18619
-17123
-15756
-14399
-11800
-8605
-5589
-2517
200
2699
5443
8356
11588
14362
16029
17693
19178
19768
20627
21310
20631
19775
18773
16744
14677
12635
9935
7311
4611
1376
-1524
-4256
-7162
-9175
-10773
-13022
-14883
-15988
-16949
-17339
-17489
-17912
-17909
-17719
-17370
-15998
-14594
-13753
-12359
-11047
-10006
-7346
-3926
-1880
202
3268
5683
8187
11971
15329
17686
19357
20135
21439
22629
21911
21256
20773
18173
14961
12602
9861
6401
2772
-898
-4494
-8019
-11665
-14264
-15603
-18122
-20218
-19960
-21023
-21925
-19707
-18520
-18078
-15848
-13984
-11890
-8979
-6142
-2467
610
2683
5706
8799
11407
14092
16419
18285
19368
19903
20725
21284
21000
20141
18951
17339
15058
12603
10366
7824
4741
1538
-1405
-4180
-6934
-9358
-11431
-13429
-15202
-16538
-17353
-17754
-17975
-18064
-18114
-17946
-17187
-16054
-14747
-13373
-12072
-10926
-9914
-7627
-3984
-1674
158
3514
6021
7874
11594
15332
17696
19426
20191
21121
22393
21926
21086
20950
18639
14858
12423
9949
6437
2820
-1046
-4668
-7987
-11769
-14539
-15935
-17914
-19855
-20510
-20900
-21043
-20249
-18938
-17313
-15624
-13915
-11497
-8765
-5927
-2387
770
3184
6127
9026
11453
14355
17024
18628
19746
20476
20967
21474
21181
20113
18883
17102
14863
12338
9783
7327
3684
462
-1212
-4849
-8522
-9550
-12006
-14822
-15484
-16774
-18043
-18268
-18503
-18336
-18430
-18266
-17005
-15941
-14635
-13189
-12270
-10927
-9584
-7343
-3509
-1293
255
3836
6392
8276
12531
16131
17969
19892
20752
21712
23090
22168
21266
21180
18338
14904
12972
9907
6098
2588
-1378
-4903
-8291
-12108
-14567
-16316
-18748
-20273
-20745
-21218
-21003
-19954
-18571
-17051
-15494
-13425
-10905
-8231
-4909
-1559
1092
3859
6678
9199
12264
15245
17054
18506
19645
20095
20866
21463
20765
19773
18663
16577
14285
12186
9617
6723
3584
269
-2618
-5439
-8362
-10502
-12416
-14700
-16317
-17393
-18356
-18494
-18400
-18634
-18327
-17729
-17154
-15833
-14168
-12827
-11416
-10178
-8784
-5815
-2682
-852
1915
5206
7016
9664
13589
16646
19024
20237
20851
22447
22742
21573
21357
20241
17056
13860
11213
8530
4868
416
-2853
-5848
-10239
-13548
-15046
-17430
-19833
-20538
-21147
-21704
-21180
-20291
-18779
-16788
-15111
-12813
-10193
-7552
-3742
-276
2199
5369
8298
10738
13808
16300
18080
19746
20393
20830
21618
21298
20326
19546
17903
15566
13463
11240
8692
5746
2281
-760
-3259
-6191
-8980
-11037
-13146
-15196
-16569
-17426
-17925
-18293
-18618
-18585
-18096
-17385
-16601
-15288
-13486
-12199
-11208
-9676
-7368
-4249
-1646
207
3096
5924
7722
10827
14674
16982
18469
19635
20557
21658
21638
20738
20296
18477
15013
12423
10110
6749
3085
-665
-4194
-7442
-11111
-13991
-15577
-17696
-19762
-20551
-21139
-21341
-20542
-19467
-18022
-16115
-14063
-11827
-9235
-5866
-2425
451
3606
6657
9287
12126
14707
17239
19475
20081
20459
21614
21753
20927
20342
19348
17268
14787
12691
10596
7714
4413
1360
-1501
-4326
-7062
-9465
-11472
-13675
-15943
-17149
-17685
-18566
-19084
-19075
-19182
-18702
-17798
-17090
-15605
-13759
-12635
-11299
-9169
-6393
-3527
-1362
1356
4837
7099
9461
13416
16594
18281
19768
21032
22068
22227
21281
20951
20159
16947
13691
11531
8550
4851
1281
-2122
-5344
-8987
-12424
-14464
-16232
-18371
-19745
-20350
-20657
-20580
-19995
-18521
-16696
-15269
-13323
-10628
-7984
-5035
-1707
1396
4325
7017
9626
12611
15330
17327
19056
20220
20738
21238
21369
20806
19947
18534
16358
14114
12042
9523
6515
3585
569
-2453
-5041
-7695
-10249
-12215
-14351
-16248
-17109
-17855
-18695
-18999
-19031
-18983
-18355
-17246
-16304
-14787
-12890
-12244
-10763
-7200
-4784
-3038
218
3315
5608
8195
11561
15092
17311
18822
20541
21690
22135
21843
21246
20639
18515
15453
13095
10291
6710
3317
-244
-3997
-7556
-11046
-13911
-15849
-17755
-19625
-20591
-21046
-21340
-20716
-19410
-18161
-16373
-14200
-12479
-9950
-6349
-3489
-632
2841
5333
7841
11104
13457
15736
18231
19140
19871
21206
21245
20924
20847
19493
17815
16139
13597
11445
9176
5664
2675
51
-3386
-6263
-8519
-10990
-13016
-14908
-16695
-17458
-18082
-18918
-19111
-19050
-18786
-18111
-17328
-15849
-14211
-13478
-12186
-9317
-6468
-4439
-1912
1416
4148
6515
9714
13253
16241
18080
19220
21001
22303
21974
21737
21457
19598
17064
14654
12160
9414
5725
1758
-1293
-4777
-9003
-11681
-13596
-16402
-18273
-19491
-20879
-20695
-20575
-20634
-18504
-17027
-16011
-13220
-11276
-8645
-4606
-2486
401
4367
6333
8828
12145
14403
16555
18098
19089
20357
20643
20242
20276
19712
17995
16143
14439
12241
9592
6900
4186
1427
-1547
-4511
-6905
-9147
-11717
-13924
-15327
-16510
-17709
-18479
-18929
-19298
-19119
-18512
-17802
-16595
-15300
-14421
-12997
-10495
-7705
-5416
-3079
125
3070
5455
8851
12528
15105
17113
18784
20454
21941
21955
21493
21498
20027
17255
15125
12990
10007
6500
2778
-542
-3925
-7735
-10613
-12832
-15383
-17345
-18716
-20020
-20499
-20250
-19782
-18767
-17265
-15742
-14205
-11944
-8642
-5573
-3139
-43
3260
5766
8596
11832
14279
16221
17771
18849
20042
20586
20258
20208
19558
17762
16255
14597
12148
9983
7384
4238
2136
-679
-4420
-6070
-7964
-11463
-13027
-14181
-16271
-17007
-17828
-18830
-18536
-18599
-18469
-17284
-16349
-15244
-13958
-12831
-10672
-7767
-5513
-3482
-434
2604
4765
7932
11872
14672
16717
18262
19757
21488
21738
21239
21392
20061
17180
14985
12880
9970
6554
2850
-318
-3468
-7389
-10368
-12343
-14792
-16837
-18178
-19359
-19861
-19964
-19691
-18566
-17219
-15783
-14089
-12011
-8939
-5847
-3489
-411
2976
5398
8037
11131
13679
15761
17143
18194
19623
20261
20007
20008
19577
18060
16158
14465
12880
10518
7461
4808
2290
-689
-3622
-6146
-8316
-10544
-13052
-14872
-15753
-16823
-17959
-18455
-18679
-18755
-18474
-17812
-16701
-15659
-14953
-13629
-11236
-8609
-6405
-4044
-837
2205
4614
7952
11874
14548
16511
18501
20193
21627
22032
21415
21287
20468
17653
15171
13467
10405
6552
3313
381
-3130
-7241
-10135
-11870
-14434
-16810
-18165
-19398
-19888
-19958
-19748
-18234
-16881
-16144
-14250
-11492
-8735
-6009
-3174
-68
2643
5069
8157
11299
13754
15663
17130
18335
19362
20048
20328
20138
19282
18023
16374
14480
12634
10224
7476
4913
2062
-1118
-3843
-6161
-8704
-11032
-13073
-14873
-15966
-16925
-17975
-18298
-18219
-18389
-18060
-17085
-16090
-15036
-14037
-12757
-10365
-7719
-5674
-3036
215
2706
5186
8818
12504
15077
16938
18747
20391
21282
21446
21483
20968
19154
16736
14402
11855
8875
5406
1922
-1327
-5076
-8728
-11331
-13664
-15901
-17731
-19319
-20108
-20333
-20504
-19571
-17846
-16681
-15422
-13201
-10446
-7602
-4760
-1690
1585
4229
6638
9780
12913
15086
16580
18089
19265
19869
20222
20422
19930
18537
17063
15287
13415
11357
8563
5981
3284
148
-2683
-5165
-7669
-10237
-12532
-14318
-15741
-17080
-18034
-18621
-18995
-18843
-18559
-18109
-16865
-15567
-14652
-13269
-11184
-8522
-5842
-3479
-554
2442
4755
7810
11689
14687
16734
18619
20386
21613
21885
21735
21620
20477
17942
15417
13238
10372
6816
3387
80
-3674
-7535
-10573
-13005
-15522
-17806
-19480
-20541
-20932
-21098
-20965
-19558
-17686
-16643
-14967
-11840
-8970
-6287
-2757
625
3349
6095
9091
12373
15131
16694
18192
19768
20331
20529
20947
20637
19457
17857
15915
14059
12052
9275
6554
3954
617
-2396
-4752
-7533
-10134
-12310
-14414
-15799
-17104
-18540
-18986
-19213
-19534
-18990
-18290
-17460
-15850
-14587
-13509
-11271
-8703
-6448
-3728
-692
2058
4639
7722
11287
14271
16775
19134
20520
21516
22570
22536
21842
21047
19147
16376
13854
11374
8042
4195
762
-2752
-6585
-9807
-12518
-14999
-16982
-18787
-20200
-20751
-21036
-20913
-19567
-17972
-16936
-15178
-12496
-9921
-6916
-3374
-233
2784
5708
8427
11708
14760
16703
18476
19862
20316
20767
21166
20861
20055
18466
16159
14278
12415
9465
6501
3912
530
-2767
-5339
-8173
-10664
-12755
-15207
-16777
-17637
-19025
-19764
-19603
-19577
-19172
-18376
-17557
-16033
-14362
-13296
-11448
-8471
-5946
-3794
-844
2437
5216
8093
11613
14991
17419
19119
20754
22291
22794
22324
21990
21231
19027
16429
14182
11415
7912
4137
430
-2992
-6671
-10425
-13197
-15504
-17819
-19582
-20868
-21557
-21604
-21251
-20108
-18493
-16870
-15187
-13016
-9604
-6216
-3590
-142
3263
5741
8605
11628
14478
16873
18270
19676
20835
21131
21418
21278
20402
18983
16764
14683
12704
9791
6681
3692
432
-2713
-5840
-8909
-11417
-13786
-16111
-17717
-18878
-19990
-20633
-20732
-20446
-19781
-18999
-17929
-16246
-14518
-13056
-10926
-7868
-5135
-2799
308
3749
6694
9634
12807
15944
18615
20319
21652
22981
23332
22890
22452
21298
19136
16617
13891
11097
7913
3920
69
-3400
-7213
-10711
-13506
-16183
-18435
-20202
-21663
-22098
-21881
-21719
-20594
-18684
-17279
-15450
-12527
-9572
-6492
-3057
81
3225
6412
9138
12161
15382
17477
18952
20415
21211
21725
22075
21525
20552
19111
16761
14575
12506
9491
6269
3288
-58
-3386
-6477
-9461
-12026
-14494
-16705
-18210
-19684
-20733
-21009
-21317
-20961
-20071
-19501
-18047
-16085
-14757
-13093
-10754
-7827
-4640
-2126
623
4094
7069
9898
13350
16642
18961
20486
21946
23194
23410
23008
22483
21145
18904
16398
13750
10914
7540
3563
-177
-3689
-7421
-10749
-13522
-16078
-18191
-20011
-21457
-21929
-21882
-21578
-20245
-18434
-17088
-15261
-12371
-9252
-6082
-2675
640
3779
6762
9755
12980
15786
17697
19239
20402
21024
21545
21689
21080
20113
18572
16355
14312
12211
9280
6116
3046
-298
-3521
-6443
-9374
-12065
-14489
-16719
-18317
-19444
-20416
-20923
-21055
-20932
-20212
-19102
-17743
-15918
-14231
-12763
-10287
-7035
-4352
-1695
1498
4353
7200
10639
13915
16828
19239
20690
21958
23105
23063
22515
22049
20522
18068
15709
13195
10118
6482
2720
-774
-4471
-8192
-11418
-14280
-16520
-18513
-20412
-21289
-21845
-22234
-21253
-19799
-18498
-16726
-14761
-12265
-9035
-5818
-2544
798
3830
6703
9591
12613
15510
17681
19259
20511
21256
21741
22054
21558
20358
18931
16941
14591
12333
9533
6286
3227
-166
-3713
-6678
-9476
-12229
-14756
-17069
-18689
-19861
-20939
-21320
-21209
-21018
-20351
-19352
-18019
-16164
-14450
-12600
-9631
-6520
-4133
-1236
2330
5408
8364
11769
14978
17575
19579
21262
22771
23336
22887
22463
21710
19839
17530
15150
12293
9082
5623
1907
-1722
-5308
-8867
-11776
-14258
-16844
-18843
-20233
-21391
-21611
-21290
-20867
-19412
-17728
-16474
-14188
-11054
-8159
-5191
-2147
858
4044
7064
9966
13058
15633
17307
18785
20132
20901
21296
21389
20844
19698
18069
16002
13856
11586
8675
5435
2236
-1068
-4136
-7206
-10346
-12535
-14641
-17282
-18683
-19479
-20890
-21364
-20869
-20664
-20289
-19178
-17529
-15997
-14563
-12126
-8974
-6389
-3918
-668
2723
5655
8798
12440
15720
18093
19964
21829
23183
23319
23025
22823
21606
19356
17192
14888
11910
8546
5015
1541
-1990
-5852
-9204
-11833
-14628
-17029
-18593
-20037
-21063
-21353
-21120
-20127
-18696
-17342
-15719
-13409
-10565
-7675
-4748
-1601
1374
4158
7157
10215
13006
15289
16984
18426
19609
20341
20848
20874
20049
18859
17384
15437
13385
10942
7880
4916
1953
-1339
-4331
-7058
-9957
-12603
-14783
-16636
-18104
-19376
-20304
-20556
-20501
-20339
-19789
-18649
-17058
-15726
-14308
-11511
-8266
-6083
-3680
-42
3274
5884
9300
13163
16027
18104
19968
21790
23178
23207
22668
22359
20994
18568
16278
14079
11259
7365
3577
743
-2830
-6957
-9704
-12033
-14983
-17346
-18777
-19984
-20883
-21090
-20652
-19636
-18342
-17107
-15248
-12448
-9765
-7180
-3895
-708
1866
4730
7830
10646
13269
15410
17147
18786
19843
20516
21096
20896
20043
18919
17209
15227
13125
10430
7432
4490
1361
-1863
-4936
-7827
-10477
-13043
-15423
-17106
-18421
-19860
-20756
-20843
-20724
-20471
-19805
-18575
-17069
-15821
-14016
-10949
-8032
-5849
-3102
471
3883
6881
10255
13948
16674
18409
20335
22362
23176
22677
22349
21995
20187
17776
15677
13192
10227
6789
3123
-67
-3552
-7434
-10169
-12271
-14929
-17197
-18619
-19784
-20408
-20327
-19732
-18543
-17317
-16292
-14439
-11565
-8740
-6163
-3280
-325
2317
4998
7890
10762
13440
15393
16596
18041
19441
19714
19777
20236
19497
17447
15823
14590
12342
9274
6643
4051
546
-2860
-5448
-8138
-10948
-13287
-15283
-16949
-18296
-19497
-20200
-20194
-19956
-19743
-19067
-17660
-16312
-15261
-13170
-9998
-7447
-5270
-2077
1417
4324
7457
11254
14729
17043
18785
20934
22823
23199
22789
22697
21872
19581
17183
15170
12558
9139
5524
2126
-1277
-4990
-8303
-10781
-13298
-15877
-17685
-18961
-19941
-20291
-20131
-19303
-17810
-16564
-15339
-13001
-10016
-7476
-5007
-1859
1215
3570
6167
9211
11875
14050
15700
17063
18476
19260
19448
19720
19508
18284
16550
14866
13136
10797
8025
5426
2716
-461
-3668
-6404
-8770
-11213
-13565
-15205
-16456
-17912
-19017
-19319
-19286
-19149
-18766
-17880
-16496
-15439
-14563
-12327
-9219
-6981
-4991
-2210
937
4060
7117
10506
14080
16287
17561
19943
22215
22337
21822
22073
21211
18707
16599
14770
12047
8640
5021
1640
-1564
-5303
-8761
-11065
-13562
-15981
-17477
-18814
-19661
-19868
-19774
-18868
-17442
-16378
-15034
-12605
-9776
-7176
-4526
-1455
1523
4046
6841
9852
12415
14648
16377
17574
18868
19849
20102
20072
19521
18211
16594
14875
13017
10665
7727
4958
2213
-1132
-4253
-6749
-9353
-11940
-14175
-16120
-17551
-18658
-19618
-19955
-19829
-19723
-19318
-18223
-16833
-15779
-14365
-11504
-8649
-6937
-4375
-696
2219
5021
8670
12223
15082
17109
18947
21361
22786
22516
22474
22351
20525
18200
16397
14101
10904
7191
3546
377
-3082
-6804
-9485
-11755
-14476
-16618
-18042
-19041
-19441
-19545
-19134
-18098
-16997
-15760
-14008
-11278
-8395
-6326
-3363
-76
2114
5065
8252
10665
13130
14952
16246
17713
18602
19108
19592
19249
18292
16973
15320
13692
11688
9189
6507
3697
739
-2261
-4890
-7295
-9866
-12266
-14273
-15914
-17224
-18361
-19057
-19249
-19257
-19052
-18494
-17303
-15972
-15171
-13490
-10488
-8204
-6366
-3299
82
2812
5831
9502
12876
15314
17209
19362
21425
22078
21897
22151
21485
19234
17144
15288
12761
9658
6042
2675
-237
-3877
-7442
-9783
-12142
-14636
-16365
-17835
-18876
-19170
-19256
-18452
-16845
-15973
-15007
-12684
-10051
-7624
-4977
-2219
574
3167
5604
8556
11519
13502
15048
16691
17876
18506
19022
19287
18834
17737
16318
14747
12998
10674
7890
5392
2789
-510
-3624
-6215
-8917
-11409
-13428
-15210
-16566
-17878
-19013
-19106
-19085
-19178
-18463
-17677
-16544
-15116
-14319
-11912
-8407
-6794
-4701
-1046
1799
4518
7803
11075
14041
15850
17392
19694
21183
21268
21301
21251
19859
17609
15705
13651
10904
7678
4229
1159
-1954
-5571
-8347
-10324
-12776
-14950
-16372
-17700
-18350
-18331
-18260
-17319
-16019
-15467
-14038
-11214
-8806
-6663
-3805
-857
1599
3994
6837
9841
12218
13861
15373
16855
17860
18621
19240
19079
18266
17163
15531
13803
12030
9389
6442
3925
1079
-2143
-5024
-7653
-10086
-12247
-14209
-15796
-17183
-18374
-18922
-19043
-18938
-18689
-18280
-17078
-15873
-15305
-13287
-9976
-7899
-6016
-2783
357
3019
6264
9916
13168
15458
17202
19396
21223
21625
21743
21849
20756
18780
16674
14395
12017
9209
5777
2643
-330
-3988
-7083
-9244
-11893
-14155
-15816
-17857
-18693
-18763
-19355
-18474
-16908
-16306
-14862
-12477
-9984
-7210
-4573
-1708
1221
3619
6391
9401
11814
13853
15563
16919
18053
18890
19293
19144
18560
17414
15665
13883
11964
9374
6462
3695
884
-2277
-5358
-7750
-10002
-12493
-14407
-15806
-17340
-18428
-18914
-19240
-19049
-18615
-18277
-17177
-15834
-14886
-12777
-9774
-7702
-5540
-2374
570
3461
6981
10327
13156
15489
17224
19132
20895
21375
21461
21450
20163
18286
16496
14253
11793
8872
5370
2185
-1152
-4871
-7744
-10042
-12639
-14967
-16685
-18122
-19054
-19243
-18779
-17648
-16521
-15795
-14079
-11222
-8774
-6230
-3020
-440
1782
4627
7577
10344
12687
14349
15950
17355
18075
18821
19463
19028
18073
17123
15513
13607
11684
9127
6472
3708
501
-2222
-5082
-8090
-10094
-12516
-14967
-16174
-17810
-19098
-19250
-19832
-19769
-19143
-18877
-17378
-15777
-14954
-12615
-9725
-7789
-5131
-1858
791
3660
7041
10108
13012
15589
17401
19227
20877
21335
21380
21364
20226
18307
16365
14026
11365
8510
5133
1749
-1552
-5184
-8235
-10541
-13080
-15370
-16966
-18288
-19073
-19195
-18706
-17437
-16200
-15228
-13337
-10671
-8139
-5337
-2200
610
3120
5748
8689
11516
13654
15401
17078
18306
18956
19415
19732
19197
17856
16498
14882
12761
10430
7791
4971
2006
-1130
-3978
-6834
-9835
-12225
-14220
-16158
-17662
-19053
-20254
-20500
-20263
-20118
-19434
-18164
-17105
-16040
-13901
-10961
-8533
-6230
-3075
22
2610
5813
9513
12683
15198
17210
19085
20906
21778
21942
22142
21439
19592
17538
15661
13529
10106
6650
4236
211
-4389
-6626
-9207
-12799
-14830
-16356
-18179
-19395
-19879
-19422
-18523
-17781
-16690
-14829
-12437
-10143
-7607
-4238
-1155
1221
4003
7241
10244
12705
14748
16705
18146
18805
19535
20223
19857
18712
17317
15531
13578
11428
8795
6044
3092
-203
-3148
-5898
-8777
-11162
-13352
-15654
-17428
-18914
-20176
-20653
-20711
-20538
-19975
-19239
-18200
-16773
-14671
-11769
-9052
-6471
-3283
-253
2672
6379
10061
13065
15717
17870
19707
21402
22243
22347
22200
21122
19256
17463
15270
12452
9422
6013
2568
-800
-4426
-7518
-10080
-12867
-15073
-16540
-17982
-18924
-19126
-18774
-17803
-16723
-15494
-13508
-11201
-8927
-6201
-3160
-432
2089
4893
7891
10514
12643
14661
16380
17333
18121
19035
19185
18663
17907
16432
14590
12918
10841
8303
5768
3058
-144
-3322
-5768
-8187
-10997
-13188
-15089
-17419
-19138
-19864
-20387
-20765
-20585
-19912
-19184
-18259
-16564
-14064
-11335
-8838
-6038
-2702
268
3353
7295
10854
13497
15865
18117
20184
21485
21983
22330
21837
20224
18506
16533
14114
11518
8189
4641
1447
-2344
-5904
-8235
-10820
-13547
-15358
-17072
-18460
-18856
-18762
-17951
-16861
-16168
-14566
-12124
-9967
-7119
-3789
-1320
1090
3899
6699
9654
12043
13766
15514
16559
17173
18313
18747
18132
17480
16318
14636
13101
11147
8825
6554
3712
762
-1773
-4708
-7570
-9686
-11928
-14208
-16114
-17999
-19269
-19740
-20067
-19969
-19475
-19043
-18396
-17065
-14626
-11724
-9484
-7025
-3782
-911
2121
6224
10011
12634
14909
17171
19273
20967
21807
21864
21419
20280
18370
16234
14309
11878
8441
5049
2038
-1478
-5088
-7679
-9763
-12354
-14719
-16109
-17372
-18396
-18229
-17266
-16294
-15577
-14442
-12328
-10022
-7351
-4132
-1586
708
3327
5755
8639
11445
13127
14761
16028
16233
16927
17790
17420
16693
15783
14135
12483
10796
8796
6791
4122
1111
-1213
-3842
-6783
-8780
-10776
-13182
-14927
-16573
-18178
-18709
-18933
-19304
-18940
-18282
-17847
-16837
-14828
-12294
-9967
-7722
-4771
-1770
887
4500
8536
11451
13758
15939
17931
19830
20891
21182
21238
20139
18119
16452
14573
11932
8986
5759
2461
-838
-4218
-6886
-9037
-11631
-13918
-15383
-16623
-17431
-17551
-17033
-15941
-15042
-14192
-12245
-9702
-7427
-4733
-1650
788
2864
5355
8128
10671
12599
13979
15058
15745
16177
16646
16809
16188
14998
13418
11722
10468
8776
6257
4112
1618
-1397
-3509
-5773
-8337
-10115
-12362
-14633
-15878
-17315
-18295
-18352
-18603
-18389
-17691
-17388
-16377
-14084
-11746
-9524
-7085
-4436
-1664
1163
4760
8534
11441
13862
15981
17912
19738
20888
21243
21039
19759
17816
16138
14234
11747
8686
5274
2006
-1427
-4734
-7154
-9566
-12208
-14051
-15576
-17000
-17440
-17368
-16938
-15632
-14560
-13659
-11408
-8788
-6648
-3752
-615
1594
3707
6212
8686
11049
12855
14047
15137
15636
15680
16149
16103
15175
14271
12741
10782
9491
7798
5395
3225
796
-1759
-3959
-6488
-8798
-10436
-12506
-14506
-15682
-17025
-18138
-18090
-17768
-17501
-16946
-16385
-15492
-13632
-11176
-8939
-6921
-4345
-1449
1080
4214
8216
11323
13295
15534
17694
19147
20474
20990
20397
19610
18143
15767
13697
11458
8152
5003
2024
-1355
-4603
-7577
-9869
-11827
-13890
-15464
-16513
-17177
-17290
-16778
-15569
-14156
-13022
-11463
-8974
-6199
-3586
-801
1966
4022
5976
8596
11194
13124
14393
15232
15839
16080
16258
16538
15952
14456
13137
11569
9555
7888
5889
3483
1131
-1722
-4365
-6345
-8778
-10940
-12365
-14471
-16141
-17018
-18194
-18403
-17953
-17867
-17310
-16509
-15819
-14332
-11999
-9414
-6975
-4922
-2392
690
3503
6913
10751
13359
15160
17030
18818
20279
20811
20535
19811
18236
16105
13943
11697
8963
5480
2050
-1183
-4548
-7433
-9975
-12327
-14181
-15857
-17176
-17515
-17469
-17262
-16330
-14937
-13169
-11571
-9874
-6869
-3882
-1719
1108
4098
6212
8611
11224
13442
15165
16023
16978
17477
17331
17712
16937
15326
14292
12068
9642
8315
6082
3361
1080
-1814
-4511
-6550
-8964
-11007
-12432
-14304
-16146
-17079
-17665
-18313
-18255
-17564
-17068
-16477
-15453
-14253
-12423
-9801
-7392
-5191
-2454
337
3018
6328
10016
13156
15334
16921
18730
20414
21052
21111
20928
19607
17285
15099
12989
10334
7088
3401
-149
-3404
-6856
-9769
-11851
-14146
-16300
-17683
-18507
-18693
-18516
-17882
-16610
-15167
-13322
-11213
-8800
-5468
-2635
-404
2871
5751
7777
10689
13296
14825
16383
17230
17479
18075
17950
17253
16715
15171
13039
11358
9389
7246
5104
2370
-369
-2899
-5542
-7716
-9623
-11636
-13319
-14950
-16298
-16924
-17737
-18276
-17893
-17630
-17181
-16245
-15412
-14114
-12395
-10182
-7203
-4901
-2862
167
3093
6088
9882
13205
15474
17380
19359
21023
21781
21903
21484
20121
18122
16002
13715
10868
7517
4174
748
-2900
-6307
-9259
-11878
-14203
-16055
-17378
-18475
-19032
-18711
-17940
-16927
-15574
-13683
-11497
-9325
-6328
-3098
-730
2246
5436
7615
10291
12786
14105
15851
17040
17047
17692
17829
16757
16237
15312
13272
11613
9828
7538
5520
3068
372
-1923
-4576
-6982
-8699
-10891
-13009
-14203
-15460
-16865
-17473
-17752
-18193
-17900
-17150
-16750
-15877
-14698
-13574
-11258
-8496
-6481
-4020
-1047
1607
4571
8283
11932
14431
16175
18318
20285
21147
21347
21365
20609
18585
16386
14511
11863
8427
4962
1849
-1263
-5014
-8026
-9993
-12671
-14997
-16191
-17375
-17977
-18167
-18057
-16824
-15697
-14525
-12231
-10030
-7738
-4859
-2373
432
3834
6340
8369
11309
13833
14686
15929
17795
17903
17337
17603
17242
15801
14096
12616
10987
8524
6144
4142
1666
-972
-3561
-5792
-7653
-10105
-12208
-13337
-14764
-16140
-17028
-17761
-17982
-18015
-17812
-16835
-15939
-15421
-14285
-12133
-9586
-7244
-4808
-2094
539
3343
6692
10353
13545
15593
17348
19502
20814
21091
21377
20915
19130
17047
14882
12430
9733
6382
2945
14
-3397
-6794
-8976
-11127
-13552
-15138
-16216
-16920
-17294
-17510
-16743
-15759
-15024
-13070
-10963
-9289
-6472
-3786
-1639
1489
4242
6530
9572
11698
13112
15117
16119
16529
17570
17508
16657
16209
14920
13344
12220
10161
7862
5997
3423
898
-1251
-3907
-6173
-8241
-10851
-12618
-13779
-15368
-16454
-17201
-18120
-18287
-17856
-17346
-16551
-15851
-15247
-13937
-11713
-9146
-6787
-4388
-1575
1126
4194
8273
11867
14268
16385
18505
20265
21291
21541
21484
20612
18457
16540
14684
11861
8840
5865
2683
-756
-4096
-6787
-9137
-11620
-13514
-14893
-16428
-17266
-17460
-17161
-16289
-15719
-14567
-12601
-11086
-8873
-5823
-3628
-1329
1486
3809
6385
9198
11294
13170
14870
15729
16661
17675
17578
17152
16729
15518
14057
12623
10661
8467
6243
3626
1072
-1297
-3885
-6263
-8407
-10468
-12213
-13735
-15012
-16238
-17322
-17798
-17890
-17797
-17492
-16929
-16227
-15364
-13628
-11274
-9103
-6898
-4297
-1513
1202
4409
8187
11463
13878
16072
18280
19947
20829
21218
21076
20007
18122
16066
14025
11445
8198
4932
1796
-1605
-4986
-7626
-9810
-12132
-14248
-15862
-16864
-17442
-17708
-16972
-16133
-15924
-14521
-12581
-10968
-8044
-5608
-3903
-867
1756
4291
7653
10134
12152
14151
15652
17117
18264
18816
18814
18195
17560
16263
14444
13144
10897
8068
5965
3336
616
-1601
-4461
-7049
-8894
-11251
-13231
-14312
-15826
-17232
-17837
-18483
-18822
-18572
-18267
-17372
-16218
-15534
-13923
-11110
-8778
-6569
-3470
-560
1933
5217
8935
12259
14962
16823
18684
20638
21331
21439
21664
20509
18227
16399
14595
11893
8480
5053
1900
-1517
-4957
-7578
-9886
-12322
-14331
-15848
-16792
-17231
-17636
-17375
-16418
-15897
-14943
-12853
-11042
-9264
-6653
-4288
-2041
944
3862
6618
9469
11593
13402
15449
16845
17780
18647
18543
17876
17475
16382
14634
13233
11305
8689
6488
3986
1195
-969
-3567
-6240
-8143
-10719
-13075
-14070
-15629
-17356
-17986
-18639
-18992
-18610
-18447
-17767
-16598
-16134
-14692
-11684
-9617
-7714
-4352
-1566
850
4640
8335
11631
14908
16708
18372
20932
21884
21738
22139
21238
18998
17213
15350
12860
9886
6409
3173
-1
-3646
-6531
-8604
-11142
-13530
-15239
-16697
-17486
-17810
-17857
-16974
-16225
-15998
-14613
-12423
-10275
-7685
-5170
-2875
-367
2149
5114
8287
10623
12535
14431
15904
17100
18224
18871
18645
17881
17042
15852
14190
12338
10219
7774
5173
2563
-63
-2738
-5215
-7449
-9752
-12030
-13820
-14981
-16072
-17372
-18245
-18511
-18654
-18657
-18053
-16878
-16182
-15645
-13367
-10332
-8356
-5953
-2633
229
3134
6739
10500
13829
16082
17751
19950
21710
21990
22058
22017
20394
17976
16095
14005
11116
7849
4282
795
-2314
-5848
-8821
-10456
-13173
-15642
-15992
-17683
-19100
-17708
-17523
-17576
-15817
-14996
-13996
-11783
-9316
-6237
-4208
-2418
1060
3711
6015
9671
12260
13772
15634
17152
18642
19850
19775
19495
18991
17261
15726
14570
12189
9378
6811
3986
1444
-1158
-4097
-6345
-8613
-11402
-13338
-14663
-16183
-17444
-18441
-19180
-19429
-19498
-19168
-18152
-16941
-16006
-15079
-12848
-9497
-7243
-5071
-1160
1840
3649
7279
11392
14270
16870
18763
20328
21942
22041
21783
22183
20835
18057
15926
13772
10969
7672
4021
799
-2519
-6374
-9066
-10721
-13035
-15420
-16947
-17912
-18478
-18702
-18354
-17467
-16691
-15913
-14635
-12609
-9792
-7207
-5124
-2345
696
3211
6363
9920
12342
14304
16334
17736
19261
20626
20607
20351
19817
18130
16605
15210
13036
10262
7307
4595
1138
-2098
-3817
-6993
-10296
-11373
-13900
-16494
-16758
-17780
-18978
-19385
-19713
-19116
-18778
-18316
-16517
-15442
-14839
-12960
-10026
-7124
-5081
-2284
1425
3833
6352
10287
13869
16555
18452
19992
21777
22452
21924
21957
21482
19156
16597
14519
12091
9041
5357
1883
-1171
-4929
-8375
-10384
-12490
-14974
-16736
-18032
-18949
-19197
-19091
-18420
-17259
-16561
-15607
-13521
-11423
-9081
-5978
-3562
-1199
2083
4988
7996
11417
13871
15914
17778
19099
20820
21922
21435
20915
20069
17976
16079
14551
12071
8917
5716
2465
-535
-3491
-6405
-8603
-10841
-13449
-15093
-16167
-17375
-17843
-18080
-18588
-18351
-17861
-17590
-16370
-14824
-13971
-12942
-11337
-8806
-5927
-4188
-1548
2293
4260
6543
10726
13739
15872
18079
19752
21306
21984
21770
21527
20814
19208
16388
13777
12010
8513
4202
1266
-1968
-5952
-9433
-11893
-13872
-16471
-18465
-19157
-20098
-20727
-20270
-19404
-18175
-16941
-15634
-13565
-11253
-8857
-5828
-2648
24
2655
5886
9216
12074
14818
17348
19119
20432
21620
22267
22118
21472
20391
18638
16449
14323
12025
9066
5781
2660
-493
-3673
-6390
-8577
-10796
-13211
-15119
-16319
-17275
-17951
-18343
-18643
-18615
-18233
-17510
-16328
-15044
-13801
-12567
-11335
-9027
-5795
-3603
-1480
1925
4428
6373
10008
13627
15973
17979
19563
21052
22211
22011
21647
21402
19536
16758
14623
12202
8798
5249
1753
-1866
-5544
-9252
-12025
-13841
-16285
-18559
-19506
-20328
-20913
-20547
-19685
-18331
-17195
-16297
-14162
-11505
-9279
-6541
-3435
-730
1893
4933
8329
11666
14330
16120
18185
20391
21074
21535
22463
21749
20378
19394
17525
15390
13100
10133
7239
3940
441
-2378
-5357
-8106
-10084
-12528
-14901
-16127
-17169
-18226
-18549
-18530
-18654
-18646
-18100
-16895
-15590
-14372
-12877
-11568
-10251
-7687
-4629
-2391
24
3101
5637
8157
11655
14883
17256
19168
20388
21659
22699
22195
21634
21186
18853
16117
14086
11072
7642
4417
525
-3191
-6597
-10280
-12935
-14875
-17372
-19232
-20198
-21082
-21222
-20585
-19627
-18234
-16869
-15380
-13101
-10485
-7922
-5232
-2420
521
3413
6295
9410
12180
14416
16607
18387
19718
21006
21621
21409
20920
20071
18653
16678
14445
12101
9256
6094
2990
-136
-3157
-6043
-8592
-10552
-12642
-14846
-16152
-16932
-17621
-17707
-17736
-17957
-17670
-17073
-16021
-14645
-13581
-12123
-10813
-9888
-7381
-4305
-2102
423
3190
5961
8698
11311
14613
17432
18990
20393
21432
22136
22150
21339
21003
19429
15944
13380
10988
7525
4177
534
-3343
-6870
-10569
-13491
-15244
-17295
-19334
-20439
-21183
-21459
-20754
-19621
-18269
-16725
-15305
-13285
-10361
-7558
-4922
-2009
797
3308
5885
9072
12268
14223
15887
18010
19343
20284
21333
21422
20870
19962
18357
16820
15034
12410
9788
6996
3670
610
-2395
-5514
-7859
-9986
-12578
-14504
-15760
-17104
-17629
-17554
-17850
-17753
-17402
-17241
-16067
-14289
-13082
-11745
-10070
-8841
-7638
-5015
-1423
654
1968
4915
7691
9438
12576
16078
17876
18991
19915
20719
21695
21479
20180
19400
17504
13714
10981
8839
5087
1222
-2403
-6191
-9313
-12608
-15311
-16732
-18611
-20159
-21098
-21506
-20276
-19826
-19112
-15936
-14683
-14201
-10824
-7788
-5318
-2241
104
2703
5337
7346
10147
13213
15234
16450
17799
19227
19869
20360
20732
20026
18926
17384
15126
13418
11541
8443
5537
2827
-618
-3663
-6082
-8498
-10504
-12491
-14399
-15501
-16426
-17053
-16951
-16798
-16515
-16166
-15807
-14615
-12996
-11714
-10503
-9074
-7486
-6374
-4878
-1443
1570
2441
4298
7493
9304
11160
14487
16790
17641
18400
18863
19709
20304
18952
17746
16721
13365
10035
7868
4779
1417
-2248
-6163
-8961
-12170
-15307
-16341
-17590
-19437
-20043
-20489
-20276
-18651
-17443
-15833
-13415
-12252
-10718
-7518
-4635
-1909
704
2525
4850
7267
9114
11657
13930
14929
15972
17065
17766
18579
18867
18240
17520
16382
14481
12824
11284
8835
5856
2990
234
-2413
-5154
-7696
-9219
-10792
-13350
-14762
-14699
-15526
-16190
-15127
-14456
-14579
-13901
-12977
-11878
-10213
-9180
-8317
-6690
-5432
-4670
-3284
-786
1754
2703
4013
7124
8954
10008
12885
15153
15794
16590
17149
17771
18397
17268
15779
14806
11993
8570
6612
4092
546
-2770
-6229
-9259
-11660
-14195
-15706
-16495
-18083
-18929
-18461
-18057
-17090
-15496
-14065
-12240
-10358
-8726
-6270
-3301
-965
783
2618
4761
6488
7975
10309
12347
12948
13690
14962
15666
16297
16863
16575
16029
15115
13378
12103
11139
9012
6410
4025
1416
-1083
-3253
-5265
-7034
-8959
-10922
-12116
-12769
-13327
-13487
-13244
-12954
-12586
-12096
-11587
-10780
-9671
-8880
-8177
-7268
-6605
-5822
-4917
-4145
-2202
162
854
1902
4745
6634
7780
10650
13209
13791
14714
16034
16728
17337
16613
15274
14827
12456
9075
7657
5315
1559
-1357
-4309
-7166
-9747
-12329
-13533
-14525
-16282
-16775
-16406
-16287
-15529
-14286
-12802
-10932
-9671
-8551
-6286
-4022
-2469
-643
1141
2436
3773
5339
7227
8940
9808
10706
11994
12807
13641
14812
15015
14611
14561
13814
12747
12248
10846
8757
7059
4864
2649
725
-1680
-3571
-5137
-7322
-8783
-9447
-10281
-10820
-11241
-11654
-11447
-11148
-10982
-10374
-9995
-10151
-9737
-8834
-8421
-7965
-7053
-6835
-6675
-4677
-2626
-2122
-395
2456
3670
5326
8734
11126
12744
14496
15447
16760
17821
16995
16733
16477
13567
10962
9560
6597
3281
432
-2845
-5525
-8262
-11440
-12948
-13863
-15662
-16333
-16158
-16526
-15982
-14625
-13531
-11949
-10615
-9913
-8067
-5794
-4448
-2818
-866
477
1758
3391
5381
7367
8587
9778
11509
12680
13646
15104
15938
16184
16366
15918
15331
14689
13247
11643
9879
7448
5122
2686
55
-1812
-3816
-6416
-8028
-9104
-10674
-11431
-11489
-12234
-12613
-12258
-12361
-12029
-11417
-11828
-11646
-10605
-10520
-10418
-9466
-8892
-8964
-8157
-5447
-3259
-2758
-548
2941
4700
7065
11111
13943
15632
17218
18588
20164
20649
19738
19435
18415
15415
12813
10520
7354
4184
554
-3207
-5957
-9261
-12509
-13774
-15240
-17260
-17772
-18107
-18607
-17797
-16635
-15567
-14211
-13202
-12129
-10326
-8122
-5951
-4133
-2352
-421
1297
3397
6098
8174
9712
11549
12959
14232
16334
17635
17763
18494
18649
17511
17062
16486
14546
12738
10582
7697
5736
3138
-316
-1641
-3455
-7137
-8601
-9356
-11392
-12181
-12560
-13174
-13163
-13680
-13547
-12245
-12058
-12402
-11998
-11498
-11081
-10569
-9886
-8934
-8238
-8381
-7465
-4040
-1615
-982
1889
5216
6444
9243
13427
15825
17708
19152
19597
20880
21197
19456
18946
17955
13929
10701
8660
4896
1069
-2177
-5939
-9063
-12134
-15201
-16353
-17262
-18745
-18847
-18656
-18701
-17637
-16220
-14488
-12418
-11326
-10057
-7707
-5805
-4056
-1789
30
1526
3235
5079
7361
9465
10891
12526
14012
14924
16326
17587
17818
18021
17797
16496
15518
14696
12703
10389
8229
5592
2905
333
-2203
-4195
-6250
-8604
-10085
-11005
-12101
-12426
-12173
-12229
-11866
-11342
-11033
-9789
-8576
-8416
-7848
-7284
-7371
-6885
-6292
-6184
-5706
-5205
-5388
-5244
-3358
-1046
-33
1650
4404
5896
7693
11301
14236
15789
16902
17534
18097
18295
17351
16362
15133
11687
7774
5545
2628
-1145
-3897
-6996
-10072
-12157
-14525
-15572
-15313
-16457
-16907
-15774
-15621
-15154
-13339
-11828
-10484
-9265
-8545
-7226
-5377
-3957
-2446
-677
571
1602
3353
5781
7903
9407
10998
12562
13790
15177
16423
16931
16951
16550
15557
14326
13248
11719
9403
7101
4654
1923
-357
-2440
-4279
-5800
-7694
-9056
-9618
-10250
-10116
-9433
-9259
-8865
-8168
-7526
-6503
-5484
-4993
-4808
-4670
-4631
-4777
-4821
-4781
-5035
-5299
-5444
-5548
-5380
-5063
-3907
-1642
-515
-11
2473
4754
6015
9147
12088
12738
13706
14645
14706
15484
15240
13503
12547
10321
7022
5640
3736
709
-1673
-4393
-6480
-8458
-10579
-10524
-11648
-13636
-12656
-13092
-14548
-13164
-12311
-12079
-11098
-10741
-10046
-8978
-7552
-5463
-4060
-2735
-1089
580
2920
5212
7440
9519
10617
12066
13617
14300
15509
16270
15323
14596
14048
12386
10976
10094
8048
5582
3913
1950
-193
-1480
-2585
-3947
-5266
-6517
-7141
-7167
-7396
-7496
-7296
-7461
-7430
-6842
-6436
-5942
-5503
-5681
-5483
-4928
-4820
-4519
-4289
-4539
-4385
-3995
-3782
-3306
-2795
-2691
-2558
-1339
554
1446
2250
4237
5567
6303
8294
10012
10440
10921
11292
11427
11444
10447
9498
8994
6989
4720
3607
1662
-644
-2235
-4384
-6103
-7217
-9350
-10641
-10797
-11978
-12491
-11981
-12615
-12834
-11929
-11590
-10764
-9476
-9042
-7755
-5589
-4165
-2563
-605
1205
3024
4867
7104
8579
9550
11497
12184
12380
13919
13855
13293
13561
12373
11368
10525
8530
7252
5722
3532
2082
427
-1147
-2416
-3732
-4295
-5212
-6420
-6441
-6492
-6658
-6020
-5729
-5528
-4632
-4067
-3399
-2071
-1548
-1379
-412
7
-113
268
131
-481
-837
-1757
-2512
-2563
-3578
-4731
-4833
-5936
-7189
-5909
-4604
-5086
-4357
-2604
-1900
-118
3008
4849
6303
7955
8610
10030
11939
11760
11452
11660
9723
7887
7675
6131
4228
2900
182
-1967
-2979
-5024
-6250
-6564
-8060
-9153
-9553
-10343
-10452
-10190
-10177
-9935
-10114
-10435
-9776
-8703
-7689
-6691
-5944
-4772
-3114
-1647
587
3142
4244
5559
7803
8963
10367
12443
12732
12850
13723
12906
12114
12385
10885
8960
8133
5998
3578
2563
743
-1117
-1294
-2626
-4708
-4479
-4456
-5185
-3998
-3308
-3732
-2939
-2488
-2008
-456
-167
-270
302
-271
-893
-558
-883
-1734
-2403
-3601
-5150
-6025
-6553
-7252
-7921
-8749
-9543
-10144
-10429
-8956
-7013
-6838
-5720
-3148
-1909
480
4827
7110
8539
10832
12037
13676
15965
16273
16579
16945
14878
13444
13271
11138
8874
7087
3759
914
-1192
-4135
-6117
-7821
-10705
-12413
-13552
-15570
-16139
-15830
-16465
-16522
-15939
-15652
-14558
-12481
-10500
-8708
-6703
-4588
-2329
459
3407
5723
7463
9147
10552
11504
12864
14152
14061
13751
13542
12371
11585
11205
9683
8014
6248
3924
2499
1220
-710
-1788
-2875
-4702
-5409
-5525
-6179
-5837
-4855
-5074
-5007
-3819
-3096
-2051
-246
594
1191
2308
3081
3926
4847
5310
5263
4667
4214
3556
2210
1167
-406
-2669
-4203
-6232
-8714
-10023
-11737
-13890
-14058
-13545
-14300
-13984
-11731
-10196
-8277
-4172
-904
1326
4706
7546
10052
13325
14998
15959
17588
17134
16123
16692
15416
13011
12029
9728
6644
5054
2817
225
-1380
-3559
-5643
-6916
-8647
-9914
-10448
-11575
-12410
-12716
-13540
-13882
-13408
-13182
-12937
-12434
-11754
-10639
-9337
-7756
-5920
-4381
-2597
-324
1542
3418
5763
7465
8717
10472
11640
12137
13115
13464
12849
12496
11687
10439
9584
8157
6562
5541
3958
2499
1835
628
-279
-376
-1195
-1698
-1312
-1616
-1549
-818
-1003
-935
-316
-476
-350
124
-89
-195
-204
-727
-1164
-1380
-1952
-2706
-3338
-4404
-5642
-6544
-7705
-8524
-9333
-10982
-11771
-12288
-13123
-12451
-11586
-10663
-9217
-8327
-5610
-2326
-149
4252
7712
9093
12734
15392
16904
19924
20522
19859
20120
18488
16889
16153
13580
10707
7967
3890
481
-1904
-5111
-7926
-9943
-12644
-14902
-16022
-17049
-17354
-17026
-17122
-16886
-16011
-15118
-13587
-11296
-9388
-7883
-6165
-4362
-2356
71
2679
5021
6621
8116
10074
11626
13074
14792
15250
14916
15119
14591
13548
13123
11689
9215
7194
4722
2051
262
-1942
-4442
-6323
-8655
-10598
-11196
-12176
-12824
-12160
-12273
-12254
-10479
-8903
-7305
-4790
-2939
-1223
1207
3371
5664
8198
9903
11079
12655
14088
14757
15575
16253
15630
14984
14553
13028
11435
9993
7553
4892
2264
-1062
-4383
-7336
-10578
-13766
-16403
-19198
-21763
-22870
-23574
-24213
-23020
-21445
-21124
-19326
-16050
-13808
-10556
-5671
-2116
1244
5691
9337
12886
16679
18919
20610
22063
21861
21549
21586
20241
18687
17473
14985
12257
10172
7394
4497
2162
-656
-3516
-5755
-8081
-10266
-11974
-13739
-15281
-16373
-17468
-18019
-17697
-17418
-17205
-16427
-15291
-13864
-11897
-9595
-7356
-5217
-2756
95
2894
5752
8619
10908
12895
14791
16080
17080
17911
17846
17243
16402
14803
13104
11497
8993
6387
4148
1110
-1668
-3435
-5804
-7918
-8982
-10764
-12321
-12573
-13145
-13271
-12333
-12141
-11809
-10316
-9221
-8007
-5850
-4194
-2725
-512
1499
3452
5865
7855
9568
11440
12812
13865
15030
15698
15814
15792
15200
14046
12933
11373
9122
6880
4451
1550
-1392
-4203
-6961
-9885
-12679
-15013
-17234
-18849
-19812
-20732
-20714
-20254
-20121
-18425
-16182
-15271
-13087
-9659
-7447
-4473
-209
2696
5345
8822
11329
13662
16478
17862
18654
19738
19449
18870
18972
17767
16027
14908
12673
10101
8377
5738
2911
1142
-1424
-4273
-6104
-8433
-10745
-11978
-13483
-14952
-15736
-16671
-17100
-16515
-15905
-15332
-14261
-12772
-11072
-9018
-6493
-3960
-1693
760
3371
5697
7927
10103
11781
13168
14305
14784
15130
15481
15015
14139
13305
11859
10176
8674
6749
4812
3083
837
-1164
-2646
-4674
-6396
-7434
-9099
-10552
-11111
-11899
-12393
-12250
-12360
-12036
-11159
-10552
-9359
-7710
-6546
-4889
-2849
-1328
642
2784
4228
6054
8055
9249
10532
11947
12464
12609
12937
12713
12012
11448
10428
8903
7586
6005
4185
2831
1252
-592
-2045
-3569
-5256
-6514
-7471
-8622
-9615
-10401
-11384
-12141
-12428
-12733
-12901
-12771
-13086
-12941
-12234
-11976
-10529
-8401
-7417
-5713
-2955
-1087
1610
5533
8094
10462
13244
14971
16690
18787
19556
19606
19777
18700
17160
16183
14507
12047
9797
7072
3698
984
-1544
-4131
-6279
-8497
-10641
-12254
-13478
-14329
-14615
-14747
-15007
-15065
-14665
-13897
-12852
-11295
-9828
-8697
-6956
-4904
-2902
-321
2063
3707
5644
7646
9146
10964
12822
13581
14046
14783
14572
14057
14107
13113
11405
10198
8153
5757
4236
2037
-563
-2346
-4769
-7281
-8491
-10023
-11640
-12172
-13143
-14149
-13977
-13891
-13668
-12677
-12023
-11367
-10052
-8785
-7377
-5516
-3899
-2530
-928
736
2386
4141
5811
7284
8594
9677
10685
11746
12567
12978
13366
13292
12614
12231
11543
10335
9380
7861
5805
4324
2659
829
-421
-2103
-3798
-5015
-6297
-7046
-7508
-7904
-8027
-8147
-8003
-7657
-7166
-6213
-5322
-4601
-3618
-2905
-2341
-1351
-509
20
584
750
528
616
709
553
612
234
-682
-1065
-1485
-2006
-1485
-1310
-2067
-1873
-1506
-1629
-367
1161
1427
2195
3134
3211
4154
5451
5565
5699
5645
4662
4234
4007
2956
2187
1348
-244
-1292
-1955
-2908
-3305
-3484
-4132
-4650
-4954
-5061
-4688
-4179
-3796
-3603
-3599
-3269
-2536
-1771
-964
-384
-195
234
900
1498
2467
3200
3194
3748
4469
4494
5223
5885
5308
5272
5268
4346
4147
3942
2844
2091
1138
-236
-959
-1502
-2371
-2837
-3183
-4139
-4446
-4131
-4397
-3913
-3249
-3774
-3274
-2487
-2594
-1183
-312
-718
355
487
172
1523
1590
1441
2292
1829
1729
2520
2480
2746
3295
3121
2933
3027
3061
2808
2645
2504
1562
652
164
-782
-1652
-2254
-3326
-4559
-5328
-6018
-6748
-7044
-7229
-7527
-7592
-7357
-6921
-6313
-5517
-4587
-3777
-2963
-1904
-935
8
1180
2096
2851
3841
4672
5411
6330
7063
7716
8369
8755
9207
9583
9575
9730
9756
9253
8980
8541
7479
6696
5784
4260
3076
1708
-289
-1815
-3162
-4846
-6124
-7282
-8608
-9492
-10113
-10598
-10759
-10943
-10920
-10530
-10301
-9889
-9184
-8697
-7925
-6890
-6229
-5394
-4426
-3675
-2417
-1019
27
1394
2644
3748
5577
7380
8837
10461
11553
12370
13565
14177
14366
14524
13703
12444
11496
9911
8017
6321
4008
1603
-623
-3071
-5253
-7228
-9197
-10852
-12042
-13215
-14124
-14166
-14095
-13971
-13240
-12516
-11815
-10387
-8954
-7706
-5953
-4483
-3085
-1006
829
2472
4394
5857
7233
8949
10183
11243
12321
12676
12953
13399
13193
12845
12473
11360
10150
9023
7303
5508
3822
1653
-546
-2434
-4546
-6585
-8031
-9404
-10760
-11535
-12079
-12550
-12382
-11899
-11492
-10677
-9658
-8776
-7453
-5815
-4440
-2869
-1117
264
1777
3488
4763
6032
7315
8045
8736
9441
9720
10013
10183
9925
9594
9002
8118
7205
6011
4637
3221
1548
-167
-1786
-3356
-4768
-6005
-7079
-8022
-8817
-9317
-9539
-9507
-9209
-8744
-8165
-7464
-6497
-5310
-4093
-2703
-1340
-276
871
2054
3047
4094
5014
5537
5892
6305
6547
6580
6869
6879
6326
6195
5748
4758
4491
3814
2568
1924
709
-689
-1422
-2590
-3611
-4292
-5435
-6319
-6980
-7658
-7905
-8103
-8250
-8194
-8121
-7726
-6993
-6137
-5154
-4168
-3179
-2153
-944
529
1969
3381
4785
6018
7400
8899
10160
11522
12712
13255
13880
14457
14303
14146
13740
12402
11089
9629
7413
5419
3181
135
-2429
-4969
-7946
-10111
-12316
-14943
-16562
-18080
-19496
-19509
-19561
-19660
-18623
-17951
-17050
-14693
-12846
-11043
-7986
-5561
-3089
793
3956
6772
10476
13042
15096
18037
19649
20294
21447
21196
20004
19622
18401
16488
15213
12815
9572
7181
4214
902
-1367
-4187
-7444
-9674
-12037
-14328
-15329
-16469
-17760
-17882
-18061
-18184
-17036
-15940
-14831
-13052
-11521
-9552
-7201
-4954
-2094
240
2502
5299
6950
9179
11848
12739
14293
15799
15449
15870
16178
15156
14483
13417
11454
9452
7598
5500
2945
944
-1219
-4183
-5970
-7533
-9755
-10632
-11460
-12919
-12947
-12819
-13150
-12147
-11040
-10534
-9000
-7321
-6211
-4289
-2323
-1019
803
2492
3559
5139
6603
7382
8442
9372
9685
10160
10603
10545
10438
10195
9498
8704
7891
6740
5406
4168
2710
999
-461
-1878
-3484
-4812
-5956
-7135
-8008
-8612
-9157
-9403
-9293
-9162
-8833
-8069
-7369
-6633
-5505
-4533
-3522
-2249
-1287
-179
1089
1891
2866
3911
4476
5140
5805
6183
6594
6868
6935
6919
6769
6499
6044
5526
4913
3910
2858
1920
722
-535
-1617
-2825
-4155
-5241
-6118
-6981
-7561
-7902
-8297
-8396
-8154
-7898
-7386
-6586
-5737
-4857
-3816
-2529
-1369
-255
1138
2212
3105
4265
5049
5686
6516
6921
7180
7481
7465
7327
7098
6745
6313
5571
4813
4112
3085
2210
1481
416
-547
-1299
-2289
-3118
-3585
-4332
-4905
-5080
-5503
-5737
-5510
-5329
-5150
-4650
-4082
-3559
-2805
-1925
-1084
-201
680
1409
2224
3035
3579
4170
4624
4746
4890
4903
4743
4582
4127
3532
3053
2320
1468
847
104
-877
-1654
-2313
-3162
-3790
-4203
-4858
-5241
-5328
-5793
-5864
-5452
-5568
-5423
-4720
-4409
-3996
-3114
-2392
-1660
-734
92
979
1847
2612
3439
4084
4662
5220
5453
5775
6161
5988
5793
5860
5392
4707
4401
3744
2766
2170
1367
314
-335
-1178
-2190
-2738
-3395
-4207
-4645
-4943
-5288
-5579
-5528
-5306
-5306
-4925
-4353
-4006
-3262
-2553
-1975
-993
-212
454
1421
2177
2917
3678
4169
4895
5339
5386
5791
5851
5563
5395
5019
4604
3992
3334
2755
1913
1229
457
-421
-919
-1669
-2494
-2880
-3416
-3994
-4223
-4449
-4617
-4601
-4583
-4433
-4123
-3832
-3510
-3007
-2439
-2021
-1574
-916
-354
84
685
1187
1565
2046
2305
2525
2897
2859
2729
2861
2649
2285
2093
1739
1324
898
379
17
-353
-839
-1126
-1414
-1803
-1961
-2103
-2280
-2159
-2090
-2161
-1882
-1564
-1457
-1097
-649
-442
-99
351
562
901
1416
1578
1755
2225
2363
2367
2718
2827
2620
2690
2645
2217
2035
1942
1344
954
843
135
-365
-395
-945
-1449
-1419
-1831
-2205
-2001
-2310
-2449
-2075
-2225
-2289
-1857
-1654
-1595
-1161
-863
-699
-224
-34
177
813
961
981
1613
1765
1639
2130
2226
2023
2356
2251
1873
2200
1936
1343
1485
1096
421
237
-83
-603
-943
-1203
-1634
-1958
-2051
-2361
-2695
-2545
-2680
-3080
-2730
-2566
-2801
-2385
-2033
-2013
-1592
-1204
-1060
-570
-128
-55
343
820
925
1104
1523
1720
1653
1859
2016
2008
2101
2084
2069
2143
2140
1903
1863
2015
1681
1430
1577
1268
927
1048
723
341
428
-27
-497
-326
-752
-1353
-1133
-1373
-1974
-1790
-1891
-2321
-2064
-2159
-2514
-2032
-1965
-2282
-1660
-1291
-1483
-1030
-533
-418
-83
318
641
1025
1360
1601
1906
2251
2267
2392
2619
2475
2491
2411
2222
2187
1778
1432
1399
776
309
263
-555
-763
-914
-1804
-1646
-1913
-2555
-2289
-2568
-2789
-2500
-2743
-2627
-2159
-2285
-2030
-1381
-1267
-1008
-368
-39
170
714
1073
1164
1674
1886
1856
2226
2312
2215
2199
2282
2073
1700
1755
1419
908
874
491
-101
-144
-559
-1188
-1158
-1564
-2035
-1911
-2217
-2381
-2133
-2334
-2197
-1774
-1898
-1541
-928
-970
-509
226
255
695
1431
1506
1806
2427
2521
2631
3022
3121
2975
3026
3101
2642
2375
2307
1624
1154
940
267
-414
-620
-1103
-1932
-2012
-2312
-3076
-2975
-3104
-3635
-3369
-3324
-3519
-3138
-2779
-2674
-2329
-1713
-1548
-1126
-500
-333
253
604
898
1455
1691
2027
2227
2569
2737
2570
2816
2760
2523
2385
2186
1954
1498
1285
824
398
240
-541
-753
-822
-1654
-1758
-1697
-2253
-2270
-2150
-2388
-2217
-2029
-2116
-1818
-1482
-1550
-1158
-708
-633
-184
83
342
760
912
1198
1477
1675
1834
1975
2142
2209
2164
2156
2193
2009
1854
1823
1571
1336
1256
903
639
593
190
-57
-50
-361
-621
-567
-764
-1029
-901
-1052
-1187
-1017
-1095
-1014
-939
-855
-676
-773
-511
-393
-523
-211
-163
-194
-22
66
21
22
215
-43
-25
176
-259
-102
-67
-416
-274
-376
-536
-541
-520
-610
-691
-473
-529
-581
-351
-349
-372
-279
-219
-250
-271
-142
-252
-205
-17
-296
-144
14
-348
-312
-207
-465
-659
-474
-565
-820
-461
-450
-663
-123
-88
-279
398
415
346
1027
1053
1081
1522
1561
1584
1794
1779
1746
1777
1659
1628
1434
1262
1246
839
702
655
191
110
19
-365
-479
-510
-803
-965
-819
-1091
-1160
-853
-1055
-914
-617
-662
-441
-219
-53
112
406
597
684
1052
1028
1155
1396
1154
1277
1209
954
935
649
448
244
26
-236
-528
-593
-959
-1108
-1133
-1452
-1431
-1554
-1634
-1592
-1705
-1551
-1601
-1536
-1348
-1422
-1185
-1060
-1061
-820
-679
-646
-509
-300
-346
-297
-52
-176
-86
118
-21
165
264
132
374
401
324
563
539
551
690
665
687
751
762
687
855
821
712
915
811
673
829
752
493
717
490
294
450
137
182
20
-29
-74
-236
-122
-315
-235
-281
-191
-142
-184
142
65
190
427
387
481
670
636
638
880
734
713
907
681
622
685
473
333
373
168
-49
61
-262
-432
-337
-693
-741
-778
-954
-1024
-1106
-1070
-1262
-1205
-1141
-1303
-1067
-1096
-1003
-749
-816
-444
-343
-307
75
72
245
387
509
585
529
808
629
639
856
553
652
643
448
473
341
287
138
22
-16
-256
-292
-453
-607
-643
-921
-832
-1025
-1225
-927
-1265
-1223
-861
-1120
-944
-606
-618
-477
-118
33
117
506
628
725
1103
1122
1312
1563
1524
1778
1740
1743
1896
1729
1682
1712
1612
1312
1429
1139
780
898
307
175
22
-446
-592
-836
-1038
-1353
-1436
-1653
-1872
-1886
-2097
-2056
-2053
-2084
-1914
-1824
-1680
-1447
-1246
-987
-666
-377
-110
299
573
780
1263
1387
1601
2012
1959
2170
2309
2212
2264
2149
2137
1906
1651
1633
1146
852
713
154
-179
-497
-915
-1323
-1680
-1838
-2356
-2513
-2461
-2961
-2795
-2635
-2943
-2558
-2271
-2344
-1910
-1481
-1401
-950
-396
-222
253
778
950
1333
1695
1781
2014
2247
2213
2289
2372
2217
2109
1995
1827
1540
1266
1114
758
436
242
-36
-382
-579
-696
-1076
-1090
-1056
-1430
-1191
-1051
-1341
-969
-742
-894
-553
-224
-341
-55
387
166
557
869
640
1009
1084
957
977
1174
898
850
1139
574
784
722
285
412
189
-50
-190
-299
-586
-622
-815
-988
-974
-1226
-1159
-1268
-1332
-1247
-1269
-1255
-1148
-1025
-1086
-851
-798
-797
-507
-568
-403
-136
-238
10
201
114
352
487
433
589
792
726
867
1150
910
1027
1224
871
990
1023
714
707
629
437
218
150
-21
-368
-410
-578
-799
-913
-968
-978
-1208
-1079
-1035
-1273
-974
-929
-1033
-625
-550
-530
-66
29
37
540
704
694
1138
1342
1369
1679
1807
1785
1981
2024
1811
1945
1891
1483
1584
1424
942
932
727
302
85
-78
-444
-784
-848
-1190
-1498
-1480
-1721
-1941
-1851
-1846
-2067
-1828
-1589
-1874
-1448
-1153
-1400
-880
-650
-725
-250
-61
2
375
537
532
868
964
765
1154
1107
763
1232
1018
619
1029
614
283
551
87
-137
-96
-357
-603
-669
-626
-981
-1035
-907
-1160
-1237
-1163
-1083
-1304
-1146
-787
-1140
-799
-414
-744
-320
12
-152
179
579
492
673
1159
1007
1137
1542
1406
1521
1686
1724
1680
1634
1766
1381
1333
1362
792
889
649
262
278
-91
-120
-467
-590
-563
-1081
-765
-976
-1206
-709
-1026
-840
-508
-640
-364
-211
-81
-28
168
365
240
651
608
479
940
659
604
824
592
534
504
405
213
169
-8
-283
-214
-530
-746
-680
-910
-1014
-1068
-1029
-1058
-1153
-927
-944
-913
-714
-743
-573
-508
-453
-375
-322
-158
-335
-144
-61
-308
-90
-182
-272
-128
-243
-275
-147
-192
-246
-78
-82
-99
35
57
104
239
291
362
509
589
666
721
819
901
851
904
956
862
817
836
737
598
612
383
211
271
-90
-200
-163
-475
-502
-496
-618
-648
-564
-565
-640
-354
-307
-408
26
103
31
455
541
512
833
856
801
993
943
789
839
828
575
499
536
262
125
53
-107
-232
-459
-477
-588
-781
-722
-840
-842
-719
-843
-735
-559
-560
-508
-337
-148
-210
-62
108
7
141
110
118
199
-20
58
21
-151
-133
-256
-293
-384
-403
-493
-554
-407
-639
-522
-371
-523
-373
-248
-288
-219
0
-130
15
217
-1
278
352
197
454
472
367
543
568
432
532
604
464
531
640
468
536
602
361
398
405
169
142
143
-17
-112
-49
-166
-304
-227
-364
-398
-364
-436
-347
-348
-266
-210
-190
-12
-10
32
221
243
227
402
437
377
543
480
390
508
335
232
289
100
-31
-35
-175
-335
-320
-446
-633
-520
-643
-758
-606
-694
-701
-555
-517
-510
-337
-253
-277
-26
18
22
217
246
299
336
361
431
388
390
429
380
380
337
272
293
198
108
104
36
-40
-118
-153
-214
-329
-348
-393
-420
-458
-507
-424
-456
-423
-337
-371
-203
-163
-198
54
85
110
360
402
482
620
672
745
812
857
830
924
897
774
892
729
607
681
425
348
306
52
-32
-118
-302
-453
-480
-612
-763
-705
-826
-901
-821
-905
-887
-809
-803
-735
-660
-557
-481
-393
-238
-154
-18
101
187
276
332
422
417
483
529
494
587
560
514
534
443
362
354
266
151
156
81
-45
-22
-80
-205
-165
-204
-363
-324
-372
-555
-493
-532
-641
-563
-558
-553
-506
-465
-452
-401
-303
-323
-219
-67
-72
43
171
228
348
400
517
592
614
721
703
763
749
683
724
632
580
420
391
369
44
151
43
-173
-54
-271
-225
-280
-375
-319
-434
-281
-431
-342
-190
-354
-154
-154
-128
-26
-55
25
31
53
76
24
102
95
17
142
113
95
173
120
182
179
148
206
159
185
157
103
156
62
24
22
-77
-86
-177
-256
-277
-361
-402
-468
-468
-452
-506
-456
-418
-416
-344
-283
-229
-101
-38
4
209
260
257
441
460
451
541
505
499
523
467
390
403
373
189
221
188
-18
23
-78
-177
-157
-314
-317
-339
-408
-428
-494
-405
-471
-525
-390
-435
-407
-354
-322
-232
-214
-134
-80
35
105
78
288
348
294
478
553
522
612
674
624
666
663
509
587
471
296
319
135
111
-94
-151
-150
-444
-340
-475
-585
-539
-632
-639
-640
-572
-644
-532
-440
-462
-343
-250
-190
-161
4
6
36
211
156
202
322
273
293
366
330
314
354
339
269
334
305
163
265
213
88
132
68
-1
-49
-85
-157
-201
-184
-316
-306
-247
-372
-345
-289
-315
-294
-233
-192
-158
-41
-36
10
174
131
169
322
302
328
403
406
440
439
422
401
369
310
212
192
130
34
-31
-49
-91
-212
-201
-236
-315
-316
-352
-351
-339
-346
-353
-282
-253
-264
-158
-115
-54
0
29
132
106
175
224
204
300
233
266
315
239
255
220
221
145
90
113
0
3
-38
-128
-81
-152
-222
-210
-224
-304
-323
-272
-362
-315
-296
-360
-223
-281
-265
-145
-195
-114
-97
-91
-27
-25
6
28
95
99
123
210
198
262
285
262
346
301
292
339
283
295
274
238
241
201
168
110
117
82
-29
14
-48
-117
-97
-188
-181
-209
-252
-264
-265
-223
-294
-216
-162
-193
-93
-85
-32
15
4
86
116
143
183
197
257
238
249
266
231
256
169
186
185
47
115
39
-32
-7
-107
-97
-156
-180
-181
-254
-166
-259
-258
-144
-276
-206
-157
-214
-148
-152
-123
-111
-106
-58
-86
-36
-13
-51
22
39
20
59
108
83
69
173
104
81
199
54
78
172
15
82
116
17
43
41
0
-44
-23
-77
-121
-74
-136
-132
-122
-140
-120
-149
-109
-103
-129
-52
-50
-56
22
42
40
110
163
142
204
259
213
285
307
243
315
305
238
270
240
183
175
140
87
73
46
-27
-29
-66
-141
-134
-186
-224
-220
-269
-259
-257
-259
-249
-249
-194
-206
-185
-112
-126
-84
-43
4
34
63
137
92
168
197
128
240
210
172
231
193
163
154
137
62
46
44
-65
-56
-80
-171
-153
-206
-247
-250
-293
-286
-309
-317
-282
-306
-284
-230
-242
-201
-124
-124
-85
16
10
48
155
144
188
265
270
288
332
340
294
335
308
229
268
208
140
154
94
44
27
-22
-63
-89
-108
-144
-160
-145
-185
-165
-143
-153
-103
-97
-65
-26
-20
25
43
76
99
108
146
143
155
155
147
153
116
118
106
79
78
40
42
27
-10
2
-21
-41
-44
-50
-58
-62
-41
-62
-53
-26
-62
-35
-28
-59
-42
-56
-65
-75
-80
-72
-106
-97
-103
-140
-137
-149
-162
-173
-145
-153
-169
-93
-135
-123
-43
-96
-58
-8
-30
-2
43
61
59
132
154
126
221
201
182
248
187
197
177
143
150
69
103
46
-23
12
-79
-107
-107
-146
-181
-186
-165
-233
-190
-150
-220
-122
-95
-123
-19
-1
17
77
116
139
161
225
208
228
283
247
285
290
265
268
227
219
173
134
127
59
38
0
-49
-72
-114
-129
-175
-190
-206
-259
-247
-266
-292
-263
-269
-265
-232
-215
-192
-153
-123
-98
-54
-15
11
60
102
118
163
185
187
225
220
218
225
193
172
149
113
79
54
18
-16
-38
-80
-108
-136
-171
-189
-203
-211
-214
-212
-212
-207
-194
-185
-161
-140
-115
-78
-58
-23
10
24
56
84
92
120
143
143
172
185
170
192
190
161
174
165
126
135
123
85
104
91
50
68
45
-1
11
-12
-48
-40
-50
-78
-67
-59
-89
-60
-53
-77
-44
-41
-50
-27
-22
-21
-9
-2
-4
4
12
19
22
31
31
23
29
25
19
18
16
13
2
7
1
-9
0
-14
-21
-21
-39
-42
-45
-57
-64
-69
-65
-69
-61
-50
-54
-50
-50
-52
-48
-52
-43
-41
-37
-21
-26
-11
3
-1
10
20
11
11
26
22
26
46
35
46
63
51
68
73
64
73
70
60
51
45
36
26
25
17
11
7
-3
-5
-20
-36
-42
-57
-61
-58
-67
-60
-51
-49
-40
-28
-25
-20
-3
1
6
29
36
44
68
73
78
92
85
80
79
69
54
51
47
26
30
27
2
10
-3
-23
-20
-36
-46
-51
-63
-63
-73
-69
-66
-73
-62
-56
-60
-51
-48
-50
-46
-40
-41
-33
-22
-26
-12
-6
-12
0
2
-4
7
8
6
13
15
9
16
20
12
21
21
14
17
15
12
14
17
16
14
21
16
11
13
7
0
2
-2
-4
-4
-2
-2
-2
-2
-3
-2
-1
-1
2
7
8
13
19
21
29
36
37
43
45
43
43
43
39
37
38
30
27
23
15
10
4
-4
-9
-15
-19
-22
-25
-27
-30
-32
-33
-34
-34
-33
-31
-32
-28
-24
-28
-22
-21
-27
-15
-19
-17
-8
-14
-5
-4
-3
0
2
5
1
8
5
1
6
-1
-2
-2
-6
-7
-6
-9
-11
-11
-14
-15
-17
-17
-16
-17
-14
-12
-15
-14
-14
-20
-19
-14
-16
-8
0
5
15
23
26
31
35
34
36
37
38
41
45
50
51
54
57
56
52
51
44
35
33
25
15
15
8
-3
-3
-9
-19
-21
-29
-38
-40
-45
-52
-50
-51
-52
-43
-38
-34
-25
-21
-19
-13
-12
-9
-2
3
7
13
14
14
14
11
8
7
3
-2
-5
-8
-13
-14
-13
-14
-15
-15
-18
-23
-26
-29
-30
-28
-25
-21
-17
-12
-7
-5
-1
5
6
11
14
16
19
23
25
29
33
36
40
40
42
42
38
34
29
23
15
9
3
-4
-8
-11
-15
-15
-17
-16
-16
-16
-15
-14
-14
-13
-11
-9
-5
1
6
12
16
22
24
23
23
22
21
20
19
17
15
11
9
4
1
-1
-3
-5
-7
-10
-12
-15
-18
-20
-21
-21
-23
-24
-24
-26
-26
-27
-26
-26
-25
-22
-20
-17
-14
-11
-11
-7
-5
-3
1
1
2
4
5
6
8
9
10
13
14
16
17
18
18
19
20
20
20
19
18
14
10
6
3
0
0
-2
-3
-3
-5
-7
-9
-10
-10
-10
-8
-7
-5
-6
-4
-4
-5
-5
-3
-4
-1
0
2
4
5
4
5
5
5
8
7
7
7
8
10
9
9
6
4
4
3
3
3
2
0
-3
-6
-7
-9
-11
-15
-16
-17
-16
-17
-16
-14
-12
-9
-8
-5
-3
1
5
8
10
13
14
14
14
14
13
14
13
11
11
10
8
6
3
2
1
0
-2
-3
-4
-3
-4
-4
-5
-5
-7
-6
-6
-7
-7
-7
-7
-7
-7
-7
-6
-6
-3
-3
-1
1
2
5
7
6
7
7
5
5
4
3
5
5
6
6
7
7
7
6
4
4
2
3
0
-1
-3
-6
-7
-8
-8
-7
-6
-5
-4
-4
-5
-6
-7
-6
-5
-2
-1
1
3
4
3
3
2
1
0
1
2
2
3
4
5
5
6
6
7
9
9
8
8
7
7
7
6
6
4
4
2
-1
-4
-7
-10
-14
-17
-17
-18
-19
-19
-19
-17
-18
-16
-17
-15
-14
-13
-9
-5
-2
2
4
6
8
9
9
9
8
8
6
6
5
5
6
7
9
11
11
10
9
9
6
4
4
3
2
1
1
1
1
3
4
4
3
2
1
-2
-3
-3
-2
0
1
2
3
4
4
5
4
3
3
2
1
0
0
0
0
1
1
1
1
-1
-2
-2
-4
-4
-5
-4
-4
-5
-5
-7
-9
-10
-10
-10
-9
-9
-10
-10
-9
-8
-7
-6
-5
-5
-6
-5
-5
-3
-3
-1
1
4
5
7
7
10
10
11
13
14
14
15
14
14
13
11
8
8
5
4
2
2
1
0
-1
-3
-6
-8
-10
-11
-12
-13
-13
-12
-11
-12
-10
-10
-7
-7
-6
-4
-4
-3
-2
-1
1
3
6
9
13
13
13
13
14
13
12
10
8
7
6
4
3
1
1
1
-2
-3
-5
-7
-7
-7
-6
-5
-5
-5
-6
-7
-6
-6
-6
-6
-6
-4
-2
-2
0
-1
-1
-1
-1
-2
-1
0
1
0
2
3
3
4
3
3
2
1
-1
0
0
0
1
0
1
0
-2
-1
-1
-2
-2
-3
-1
-1
-1
-1
-1
-1
-1
-2
-1
-2
-2
-1
-1
0
2
2
4
4
5
5
7
6
7
8
9
10
10
10
9
7
4
2
1
1
2
3
3
3
2
1
-1
-3
-5
-6
-6
-5
-4
-2
-2
-1
-3
-4
-3
-5
-5
-4
-4
-4
-2
-3
-3
-2
-3
-3
-2
-2
-2
-1
0
0
1
1
2
3
2
2
0
1
0
-2
-2
-3
-3
-3
-2
-1
-2
-3
-3
-5
-4
-4
-4
-3
-1
0
3
3
4
3
4
4
4
4
3
5
6
5
5
5
4
3
1
1
0
0
0
0
0
0
1
0
0
0
0
0
-1
0
0
0
-1
-1
-1
-2
-2
-2
-2
-2
-2
-1
0
-1
-2
0
-1
1
1
1
1
1
0
1
0
1
0
0
0
-1
1
0
-1
-1
0
-1
-1
0
1
1
0
-2
-2
-3
-3
-3
-4
-4
-4
-4
-5
-4
-3
-2
-1
1
0
2
3
3
5
5
5
5
5
5
4
3
3
3
2
2
3
2
1
1
-1
-1
-2
-2
-2
-2
-1
-2
-2
-3
-2
-2
-1
-2
-1
-1
-1
-1
0
-1
-1
-2
-1
0
1
3
4
4
5
5
5
3
3
2
2
2
2
1
1
1
-1
-1
-1
-1
-1
-1
-1
0
0
-1
-2
-2
-3
-3
-2
-3
-2
-2
-1
-2
-1
-2
-1
-1
-1
0
-1
0
0
0
1
1
1
0
0
0
0
0
1
1
2
2
1
2
1
1
2
0
0
0
1
0
0
0
0
0
0
0
1
0
0
1
-1
0
-1
-2
-1
0
-1
1
1
1
0
1
1
0
-1
0
-1
1
-1
1
0
0
0
0
0
1
0
1
0
0
-1
-1
-2
-2
-2
-3
-4
-5
-5
-4
-4
-3
-4
-3
-2
-2
-1
-1
0
1
1
2
3
2
4
4
6
5
6
5
6
6
6
5
4
3
3
2
0
1
1
0
-1
-1
-1
0
-1
-1
-1
0
0
-1
0
0
-1
0
0
0
0
0
-1
-2
-2
-3
-2
-2
0
1
1
1
0
-1
-3
-1
-3
-3
-3
-3
-3
-2
-2
-2
-2
-1
-1
0
1
0
0
1
0
1
0
0
1
1
2
2
3
4
3
3
1
2
2
2
2
1
1
-1
0
-1
-1
0
0
0
1
2
1
0
1
2
1
1
1
1
2
1
2
-1
-1
1
0
0
-1
-2
-1
-1
0
1
0
-1
0
-1
-1
0
0
1
0
0
0
1
1
0
0
1
1
-1
0
-2
-1
-2
-2
-1
-1
-1
0
-1
-2
-1
-2
-3
-2
-2
-2
-2
0
-1
-1
-1
-1
-2
-1
1
0
1
1
0
3
2
4
3
4
2
3
3
3
2
3
3
3
3
2
1
1
0
0
0
0
0
0
0
0
0
0
1
0
0
0
0
1
0
0
0
0
0
0
0
1
0
0
0
0
1
1
1
0
0
0
0
0
0
-3
-3
-3
-3
-4
-2
-2
-1
-2
-2
-2
-1
-1
-1
0
1
1
1
1
1
0
0
0
-1
0
0
0
-1
0
0
0
-1
-2
-2
-2
-3
-3
-3
-2
-2
-2
-2
-1
-1
-1
0
0
1
0
1
2
2
1
3
2
3
2
4
4
4
4
4
3
3
3
2
1
2
1
0
0
0
0
1
0
0
-1
-1
-2
-2
-1
-2
-1
-1
-1
-1
0
-1
0
0
0
0
0
0
0
0
0
0
0
-1
-1
-2
-2
-1
-1
1
0
1
1
0
1
0
0
-1
-1
-1
0
-1
0
-1
-1
-1
0
0
0
-1
0
0
1
0
-1
0
0
0
0
-1
-1
2
1
1
2
1
1
2
1
1
1
1
3
2
2
3
3
3
3
2
3
3
3
2
2
2
1
1
0
0
0
0
0
0
-1
-1
-1
-1
-2
-2
-3
-2
-3
-3
-4
-4
-4
-5
-5
-5
-5
-3
-4
-1
-1
0
0
0
0
0
2
1
1
1
2
2
1
1
0
1
-1
0
1
0
0
0
0
0
-1
0
-1
-1
-1
-1
0
0
-1
0
1
1
1
2
2
2
2
3
2
3
4
3
2
2
2
1
1
0
0
0
0
1
0
1
0
-1
-1
-2
-2
-3
-3
-2
-3
-2
-2
0
-1
0
0
-2
-2
-1
-1
-2
0
0
2
1
1
1
1
1
1
1
1
0
0
0
-1
-1
-2
-1
-1
0
0
0
0
0
0
-1
-2
-1
0
-1
-1
0
0
1
1
1
0
2
1
1
1
3
2
4
4
4
4
4
3
3
2
1
2
3
2
1
1
1
0
0
-1
-1
-2
-1
-1
-2
-2
-1
-2
-2
-2
-3
-3
-3
-3
-2
-2
-1
0
0
0
1
0
0
1
1
1
2
1
1
3
1
1
1
0
-1
-3
-3
-4
-2
-3
-2
-2
-1
-1
0
2
0
1
1
1
2
2
2
2
2
2
2
1
1
1
1
-1
0
0
0
0
1
0
0
0
0
0
0
1
1
1
2
2
2
0
1
1
1
0
-1
0
-1
-1
-1
-1
-1
-1
-2
-2
-3
-2
-2
-3
-1
-1
-1
-1
-3
-2
-2
-2
-1
-1
0
1
0
1
1
0
0
1
0
0
0
0
0
0
0
-1
1
-1
0
-1
0
0
0
0
-1
0
0
0
0
0
0
0
0
0
1
1
1
1
1
1
1
1
1
1
1
1
1
1
1
0
1
2
2
3
2
2
2
2
0
1
0
0
1
0
0
0
-1
-1
-1
-1
-1
0
0
0
0
0
1
-1
-1
-2
-2
-2
-3
-2
-2
-2
-2
-2
-1
-1
-1
-2
-2
-1
-2
-1
-1
-1
-1
-1
0
-1
0
0
0
0
0
0
-1
0
0
0
0
0
0
-1
0
0
1
1
2
2
3
3
3
4
4
4
4
3
2
1
1
0
0
1
0
0
1
1
2
1
0
0
1
0
0
-1
-1
-1
-1
-1
-2
-1
0
0
0
0
-1
-2
-1
0
-1
0
1
1
1
2
3
4
2
2
1
0
-1
-1
-1
-3
-3
-3
-3
-2
-3
-3
-3
-2
-2
-3
-3
-3
-2
-2
