SAMPLES:	15297
BITSPERSAMPLE:	16
CHANNELS:	1
SAMPLERATE:	16000
NORMALIZED:	FALSE
-21
-16
-10
-4
1
4
7
6
4
2
0
-1
1
3
7
11
15
19
21
19
15
6
-2
-8
-11
-10
-7
-3
-1
2
4
4
4
4
3
2
1
0
-1
-2
-2
-2
-3
-3
-3
-3
-1
0
-1
-2
-2
-3
-4
-5
-8
-10
-11
-9
-6
-3
0
3
6
6
5
4
6
7
12
16
16
12
8
4
1
-5
-10
-8
-4
-2
-4
-3
3
6
2
-5
-11
-15
-16
-13
-8
-3
-1
2
1
0
-2
-3
-3
-3
-3
-2
-1
0
1
3
3
3
2
2
2
3
3
4
2
1
-1
0
0
0
0
1
1
2
1
2
3
5
6
3
0
-3
-5
-2
2
6
9
11
12
9
5
1
-5
-8
-11
-11
-8
-4
0
5
7
8
6
1
-5
-10
-13
-12
-10
-6
-1
4
7
7
3
-1
-4
-9
-11
-14
-16
-15
-13
-8
-4
0
3
5
5
4
2
1
0
5
10
14
15
16
12
8
6
6
6
5
3
2
3
2
-1
2
2
3
1
-1
0
0
-3
-8
-11
-12
-13
-11
-10
-7
-5
-3
-5
-4
-5
-6
-7
-7
-8
-8
-8
-6
-3
0
6
9
9
7
4
0
-4
-3
-1
4
10
15
19
21
21
19
17
14
10
8
6
6
8
10
11
13
13
10
8
4
-2
-9
-15
-21
-22
-23
-21
-18
-16
-15
-13
-15
-15
-16
-13
-13
-12
-13
-14
-14
-10
-4
0
6
9
12
14
14
14
13
9
6
8
8
6
7
4
4
3
3
0
-1
-3
-1
0
2
4
2
0
-3
-5
-4
-3
-1
0
0
0
-1
-3
-3
-6
-6
-6
-5
-3
-3
-1
2
3
6
6
5
3
1
2
2
1
-1
-3
-5
-6
-5
-3
0
3
8
13
15
17
16
14
13
10
7
3
1
-1
-2
-3
-3
-4
-2
-3
-3
-4
-5
-6
-7
-7
-6
-4
-5
-5
-8
-12
-15
-17
-18
-18
-14
-10
-4
1
6
7
10
12
14
14
12
9
7
5
7
10
12
13
9
5
0
-5
-8
-10
-10
-8
-6
-4
-2
0
-1
-2
-3
-3
-3
-1
0
0
0
0
0
2
3
6
9
11
15
12
9
4
-1
-1
-1
-2
-1
-3
-2
-1
-1
1
2
2
2
2
0
-5
-8
-13
-15
-15
-12
-11
-7
-5
-2
-1
-1
-3
-5
-5
-4
-1
1
4
9
16
20
22
19
14
8
4
1
-2
-5
-8
-9
-8
-5
-1
2
4
4
3
3
0
-1
-3
-3
-4
-3
-2
0
2
2
3
2
2
1
-1
-2
-2
-3
-1
0
2
3
5
4
3
1
1
-2
-4
-4
-2
-1
0
0
0
0
-2
-1
-3
-4
-4
-3
-3
-3
-1
-3
-2
-1
-1
2
3
2
0
0
0
1
2
3
3
2
0
0
-4
-4
-6
-6
-5
-4
0
3
6
9
10
9
4
-1
-5
-7
-6
-4
0
3
8
10
11
12
11
9
8
8
8
8
7
6
3
-1
-3
-7
-12
-17
-19
-20
-17
-12
-7
-4
-2
-5
-7
-11
-12
-12
-10
-9
-7
-6
-3
0
4
7
8
9
9
8
9
9
8
6
7
6
7
7
7
8
8
9
9
6
6
2
0
-5
-9
-11
-10
-6
-1
1
2
2
2
0
0
-1
-2
-2
-2
0
1
2
2
2
2
2
3
4
2
2
0
-3
-7
-10
-12
-12
-13
-10
-9
-6
-5
-4
-4
-4
-4
-3
-2
-3
-3
-3
-2
-3
-2
1
5
9
14
18
19
17
12
6
1
-2
-3
-1
1
5
8
11
14
13
10
5
0
-3
-5
-7
-9
-12
-13
-13
-10
-10
-6
-2
-2
-3
-5
-7
-7
-5
-3
0
3
4
3
2
2
4
6
7
8
7
4
0
-3
-5
-6
-4
-2
1
4
7
8
8
8
5
4
0
-2
-3
-2
-3
-1
-1
3
3
2
3
2
0
-1
-3
-4
-6
-7
-5
-4
-2
0
2
1
-1
-3
-5
-7
-8
-5
-5
-2
1
2
2
2
1
0
0
-1
-4
-6
-7
-5
-4
0
1
1
0
1
2
4
5
7
7
6
4
5
5
3
3
3
3
4
6
7
7
5
4
1
-2
-6
-8
-8
-8
-8
-8
-7
-7
-8
-6
-4
-3
-2
-1
0
0
-2
-2
-2
-2
-2
0
1
3
8
10
13
14
14
15
13
11
8
4
2
0
-4
-7
-8
-8
-7
-5
-2
2
4
4
2
1
-5
-8
-11
-14
-14
-13
-10
-6
0
3
5
6
6
3
-2
-6
-8
-10
-10
-12
-10
-8
-6
-5
1
4
7
10
13
14
14
12
11
9
7
5
5
6
10
15
21
27
36
46
57
67
76
86
96
103
106
109
107
97
83
71
54
33
9
-13
-33
-59
-93
-128
-164
-210
-267
-331
-403
-476
-544
-606
-654
-676
-674
-657
-620
-557
-492
-427
-344
-259
-172
-66
44
160
275
367
440
492
517
531
545
566
593
626
666
704
717
702
661
587
495
399
306
211
119
41
-27
-97
-155
-201
-251
-292
-321
-340
-344
-343
-329
-287
-230
-157
-60
43
166
300
417
536
660
769
877
967
1002
997
948
862
756
626
465
281
57
-183
-417
-676
-934
-1201
-1500
-1803
-2098
-2379
-2629
-2800
-2894
-2887
-2776
-2572
-2297
-2019
-1708
-1407
-1093
-754
-454
-129
188
477
778
1065
1296
1474
1617
1694
1714
1706
1657
1583
1544
1476
1414
1389
1292
1183
1040
826
600
360
122
-110
-300
-458
-558
-604
-639
-648
-650
-623
-539
-404
-213
18
275
614
1009
1421
1904
2432
2969
3515
3949
4249
4467
4560
4520
4349
4024
3579
3030
2348
1543
630
-360
-1404
-2475
-3507
-4489
-5370
-6122
-6762
-7237
-7584
-7797
-7861
-7763
-7486
-7065
-6480
-5799
-5059
-4189
-3272
-2315
-1275
-298
610
1468
2168
2779
3307
3715
4039
4282
4454
4552
4635
4672
4648
4614
4490
4291
4047
3703
3296
2860
2349
1818
1283
717
179
-335
-837
-1301
-1733
-2127
-2457
-2716
-2904
-3027
-3051
-2972
-2800
-2490
-2044
-1464
-763
9
853
1718
2526
3348
4162
4850
5450
5946
6228
6329
6271
5998
5509
4819
3973
3013
1913
749
-433
-1699
-2974
-4162
-5333
-6392
-7258
-8010
-8561
-8875
-9078
-9028
-8682
-8204
-7515
-6655
-5786
-4826
-3808
-2772
-1677
-650
349
1346
2168
2909
3572
4013
4370
4673
4832
4955
5034
5033
5015
4925
4739
4517
4242
3947
3671
3342
2966
2552
2047
1550
1080
569
47
-509
-1141
-1750
-2331
-2904
-3372
-3721
-3992
-4129
-4150
-4081
-3871
-3539
-3085
-2478
-1741
-882
81
1126
2209
3266
4307
5253
6067
6796
7318
7652
7826
7690
7371
6848
6037
5129
4034
2760
1488
67
-1404
-2837
-4379
-5811
-7115
-8353
-9328
-10114
-10694
-10941
-10964
-10770
-10267
-9610
-8769
-7707
-6639
-5419
-4145
-2954
-1699
-542
511
1551
2413
3162
3864
4349
4757
5023
5159
5305
5241
5216
5214
5126
5132
5101
5047
4988
4877
4717
4556
4336
4088
3842
3460
3041
2518
1852
1177
397
-403
-1135
-1893
-2551
-3091
-3582
-3883
-4045
-4083
-3867
-3488
-2930
-2131
-1218
-182
991
2163
3333
4479
5468
6320
7030
7479
7680
7630
7223
6536
5607
4367
2934
1330
-478
-2317
-4189
-6065
-7765
-9356
-10735
-11783
-12637
-13122
-13239
-13157
-12660
-11868
-10918
-9636
-8227
-6735
-5067
-3469
-1888
-311
1028
2246
3312
4066
4691
5143
5350
5517
5560
5454
5400
5250
5058
4978
4837
4750
4772
4740
4758
4839
4802
4791
4772
4559
4358
4021
3464
2928
2160
1294
494
-495
-1356
-2087
-2905
-3469
-3854
-4206
-4181
-3945
-3663
-2989
-2163
-1220
9
1289
2655
4028
5406
6666
7644
8605
9150
9298
9379
8870
7986
6951
5367
3548
1705
-563
-2826
-4945
-7369
-9352
-11158
-13015
-14126
-15202
-15947
-15918
-15929
-15310
-14156
-13097
-11357
-9514
-7810
-5511
-3514
-1625
594
2082
3575
5046
5736
6694
7349
7461
7843
7763
7443
7392
6925
6501
6420
5961
5825
5839
5454
5527
5426
5072
5086
4667
4147
3849
3060
2336
1718
587
-322
-1221
-2515
-3355
-4209
-5253
-5647
-6123
-6515
-6129
-5910
-5351
-4117
-3191
-1784
32
1450
3348
5260
6647
8368
9771
10633
11685
12132
12013
11961
11160
9939
8738
6744
4589
2470
-253
-2782
-5254
-8055
-10363
-12571
-14758
-16231
-17504
-18389
-18630
-18636
-18105
-17075
-15902
-14297
-12348
-10521
-8278
-6034
-4076
-1810
66
1767
3446
4724
5820
6717
7412
7852
8252
8507
8581
8682
8665
8593
8546
8516
8419
8361
8349
8178
8082
7895
7462
7023
6403
5534
4655
3700
2419
1305
94
-1403
-2373
-3565
-4696
-5238
-6077
-6572
-6555
-6699
-6338
-5451
-4732
-3454
-1863
-501
1433
3310
4992
6907
8384
9661
10785
11420
11834
11850
11449
10719
9588
8154
6300
4233
1962
-673
-3226
-5907
-8823
-11229
-13601
-16036
-17447
-18886
-20052
-19697
-19709
-19102
-17418
-16701
-14999
-12657
-11300
-8830
-6345
-4867
-2184
-155
1014
3430
4535
5291
7062
7272
7800
8968
8557
8894
9507
8729
9125
9404
8616
9144
9090
8386
8905
8468
7753
8039
7072
6360
6115
4674
3825
2885
1272
79
-1083
-2793
-3866
-4715
-6171
-6304
-6875
-7336
-6561
-6531
-5609
-4253
-3276
-1531
353
1956
4115
6192
7768
9828
11261
12276
13400
13623
13527
13179
12039
10583
8801
6353
3738
934
-2226
-5307
-8392
-11572
-14366
-16734
-18818
-20047
-20701
-21137
-20699
-20000
-19260
-17630
-16027
-14381
-11809
-9712
-7533
-4702
-2806
-567
1877
3220
5026
6500
7005
8195
8742
8699
9507
9345
9206
9802
9291
9415
9777
9144
9429
9559
8937
9147
8885
8159
8031
7094
6127
5519
3880
2675
1574
-443
-1694
-3048
-4820
-5661
-6699
-7641
-7734
-7932
-7882
-7127
-6249
-5324
-3660
-1878
-339
2008
4097
5781
8179
9848
11070
12744
13348
13555
13924
13057
11894
10658
8397
5902
3386
347
-3012
-5922
-8906
-12394
-14777
-17054
-19651
-20270
-20944
-21811
-20627
-20137
-19526
-17194
-15993
-14144
-11125
-9425
-6911
-4079
-2417
133
2154
3314
5359
6270
6858
8321
8274
8522
9492
8824
9076
9788
8960
9415
9933
9269
9902
10157
9646
10159
9855
9097
9137
8028
6838
6392
4639
3285
2522
405
-839
-1766
-3943
-4625
-5359
-7056
-6600
-6837
-7514
-5798
-5459
-4831
-2213
-1393
354
3183
4196
6408
8733
9458
11272
12433
12283
12958
12490
11148
10468
8355
5942
4074
680
-2400
-4903
-8744
-11705
-14086
-17292
-19186
-20412
-21685
-21826
-21366
-20835
-19933
-18327
-16701
-15037
-12433
-10019
-8022
-5106
-2701
-963
1717
3450
4707
6573
7224
7976
8939
8835
9293
9603
9157
9564
9410
9019
9584
8977
8906
9572
8489
8834
9315
7641
8208
8034
5750
6258
5122
2598
2885
1009
-1190
-1108
-3116
-4488
-4387
-6064
-6361
-5875
-6683
-5605
-4393
-4181
-2146
-392
610
3078
5017
6352
8448
9746
10802
11897
12052
12370
12127
10937
10034
8279
5872
3773
791
-2145
-4786
-8151
-10950
-13648
-16403
-18374
-20136
-20935
-21283
-21596
-20550
-19750
-19181
-16876
-15220
-13891
-10619
-8463
-6772
-3394
-1385
275
3084
4413
5856
7705
8012
9259
10208
9645
10683
11018
10044
10916
11016
10088
10739
10542
9926
10143
9539
9394
9005
7948
7968
6903
5290
5090
3531
1620
1172
-626
-2254
-2939
-4603
-5346
-5976
-6938
-6417
-6552
-6563
-4828
-4453
-3466
-927
-159
1718
4109
5023
7211
8620
9279
11100
10820
10859
11942
9596
9127
8738
4699
3828
1780
-2624
-4013
-6982
-11010
-12669
-15371
-18345
-19361
-20577
-21310
-21339
-20974
-19662
-19504
-18133
-15135
-14525
-12288
-8274
-7414
-4956
-1205
-350
2049
4682
5344
7402
8465
8739
10445
10296
10309
11763
10974
10876
11930
10935
10958
11380
10580
10888
10449
9969
10206
8906
8505
8327
6410
5752
5134
2706
1642
680
-1768
-2954
-3800
-5371
-6305
-6426
-6872
-7224
-6157
-5689
-5158
-2801
-1816
-623
2539
3376
4825
7940
8149
9521
11596
10947
11778
12092
10413
10204
8581
5795
4527
1467
-2159
-4165
-7800
-11405
-13369
-16392
-18893
-20117
-21260
-21687
-21963
-21130
-19768
-19850
-18028
-15068
-14896
-12696
-8501
-7849
-5792
-1468
-490
1090
4425
5190
6529
8360
8311
9816
10417
9406
11037
11317
9506
10977
11446
9364
10667
10957
9408
10280
10025
9232
9031
8388
7884
6451
5568
4932
2830
1764
924
-1075
-1946
-2796
-4234
-4299
-4720
-5505
-4355
-3975
-4246
-2049
-861
-872
1892
3483
3652
6349
7527
7814
9563
9623
9661
9835
8618
7940
6523
4171
2550
-251
-3268
-5428
-8846
-11624
-13602
-16646
-18621
-19661
-21033
-21518
-21292
-20729
-19895
-19321
-17598
-15293
-14304
-12007
-8364
-6744
-4715
-847
1171
2501
5317
7353
8247
9338
10789
11510
11065
11597
12428
11405
10892
11665
11068
9929
10387
10608
9353
9121
9735
8748
7731
7960
7201
5652
5170
4324
2721
1848
575
-659
-1402
-3047
-3659
-3641
-5136
-5051
-3835
-4785
-4204
-2007
-2049
-1318
1332
2267
2814
5301
6302
6641
8155
8366
8520
8414
7522
6820
5350
3173
1481
-679
-4086
-6089
-8358
-12025
-13950
-15754
-18587
-19963
-20158
-21122
-21544
-20384
-19522
-19321
-17593
-14945
-14018
-11993
-8053
-6331
-4411
-485
1616
3152
5983
7853
9031
10321
11111
12122
12244
11724
12739
12546
11254
11891
11954
10562
10477
10801
9791
9137
9270
8758
7673
7209
6975
5620
4534
4203
2894
1438
673
-386
-1589
-2687
-3419
-3537
-4370
-4807
-3463
-3398
-3625
-1202
-44
-107
2471
4272
4396
6150
7758
7999
8394
8938
8841
7838
6944
6045
4076
1994
-39
-2585
-5137
-7994
-10650
-12885
-15592
-17891
-19229
-20354
-21229
-21323
-20841
-20060
-19547
-18478
-16156
-14783
-13179
-9984
-7654
-5734
-2779
-81
1951
4015
6039
8012
8849
9725
11435
11402
11381
12378
12108
11553
11717
11509
10878
10488
10267
9991
9292
8893
8969
8073
7309
7345
6314
5129
4755
3648
2232
1336
376
-833
-2071
-2531
-2936
-4095
-3991
-3339
-3715
-3224
-1971
-1002
-145
889
2890
4154
4498
6461
7675
7272
8218
8486
7429
7011
5913
4251
2594
455
-1765
-4322
-6770
-9198
-12200
-14115
-15892
-18644
-19465
-19622
-21158
-20934
-19402
-19478
-18926
-16490
-15045
-13866
-11008
-8347
-6358
-3920
-1220
1363
3217
4989
7458
8803
9290
10811
11779
11588
11884
12305
12063
11523
11435
11453
10625
10201
10406
9663
9014
9188
8648
7782
7544
7116
6234
5263
4696
4023
2362
1344
1028
-735
-2237
-1978
-2874
-4469
-3727
-3165
-4282
-3436
-1669
-1819
-854
1203
1916
3053
4474
5281
6273
6743
6876
7187
6584
5623
4894
3156
1210
-451
-3004
-5506
-7524
-10160
-12656
-14425
-16554
-18484
-19290
-20036
-20678
-20215
-19514
-19077
-17932
-16125
-14487
-12730
-10166
-7479
-5438
-3027
-115
1946
3748
5965
7703
8835
9872
10913
11486
11566
11781
11992
11566
11256
11398
10820
10374
10495
10078
9628
9490
9329
8980
8361
8033
7821
6645
5627
5346
4041
2326
1720
1021
-1006
-2038
-1796
-3420
-4467
-3257
-3702
-4228
-2534
-1724
-1349
238
1847
3112
4009
5461
6997
7095
7592
8558
7931
7033
6700
5353
3309
1689
-370
-3057
-5434
-7821
-10538
-13058
-15067
-17112
-19053
-19850
-20324
-21062
-20642
-19586
-19334
-18269
-16248
-14820
-13147
-10611
-7982
-5975
-3713
-856
1315
2741
4994
7109
7615
8977
10329
10508
10969
11248
11656
11395
10987
11503
11130
10503
10736
10619
10039
9821
9793
9360
8625
8281
7805
6541
5661
5084
3550
2067
1486
366
-1461
-2071
-2153
-3687
-4353
-3249
-3575
-4021
-2376
-1286
-1101
414
2404
3306
4131
5970
7136
7099
7876
8543
7693
7023
6618
5112
3054
1408
-534
-3433
-5829
-7861
-10957
-13424
-15095
-17531
-19215
-19903
-20742
-21069
-20730
-19982
-19322
-18619
-16607
-14734
-13599
-10803
-7791
-6300
-3813
-507
1450
3205
5675
7699
8805
9751
11201
12053
11793
12305
13062
12327
12026
12578
11917
11144
11343
11050
10276
9976
9790
9248
8432
8024
7698
6450
5513
5040
3570
2109
1366
84
-1347
-2236
-2957
-3682
-4563
-4308
-3877
-4341
-3130
-1750
-1599
-136
1713
2431
3471
5052
5982
6317
6820
7411
6958
6021
5680
4410
2332
833
-1178
-3821
-6103
-8385
-10928
-13210
-15296
-17304
-18763
-19998
-20652
-20612
-20668
-19934
-18905
-18213
-16328
-14418
-12963
-10112
-7526
-5657
-2659
-57
1899
4334
6257
7962
9466
10394
11528
12130
12141
12462
12501
12002
11729
11596
11125
10658
10425
10310
9861
9446
9547
9074
8301
8174
7587
6353
5721
4999
3469
2363
1600
211
-1030
-1601
-2345
-3204
-3348
-3105
-3125
-2766
-1636
-716
-19
1427
2952
3774
4827
6250
6920
7119
7606
7681
6826
5874
4977
3235
1065
-744
-2925
-5576
-7784
-9967
-12490
-14581
-16460
-18429
-19578
-20120
-20958
-20772
-19758
-19761
-18895
-16772
-15703
-14280
-11338
-9192
-7294
-4274
-1800
445
2776
4806
6936
8317
9369
10679
11488
11667
11941
12461
12290
11691
11822
11883
10976
10662
11000
10238
9529
9867
9398
8368
8328
7956
6670
5928
5372
3954
2560
1757
508
-922
-1705
-2465
-3194
-3554
-3736
-3360
-3019
-2778
-1366
-281
154
1935
3422
3713
4976
6308
6184
6496
6953
6265
5515
4641
3346
1621
-377
-2310
-4447
-6866
-9196
-11151
-13457
-15619
-17004
-18627
-19820
-19974
-20396
-20483
-19286
-18715
-18234
-15944
-14161
-13056
-10115
-7345
-5758
-2975
85
2109
4224
6667
8682
9796
10918
12366
12711
12650
13268
13222
12644
12541
12237
11782
11364
10803
10681
10312
9451
9460
9188
8012
7783
7303
6006
5107
4145
3122
1565
217
-151
-1629
-3175
-2620
-3344
-4784
-3310
-3090
-3742
-1903
-861
-405
1130
2637
3723
4509
5605
6611
6584
6703
7076
6253
5169
4382
2931
894
-1048
-2868
-5271
-7773
-9661
-11827
-14277
-16054
-17617
-19218
-20195
-20405
-20536
-20565
-19544
-18729
-18013
-15920
-14252
-12650
-9748
-7400
-5378
-2402
161
2118
4521
6644
8215
9632
10740
11656
12153
12247
12513
12513
12091
11868
11625
11284
10923
10568
10571
10226
9592
9702
9394
8323
8057
7635
6150
5195
4557
3022
1561
787
-218
-1585
-2358
-2493
-3121
-3643
-2834
-2282
-2380
-1102
463
901
2080
4041
4907
5462
6838
7659
7357
7422
7679
6705
5316
4479
3040
656
-1363
-3040
-5542
-8147
-9944
-11970
-14378
-15979
-17341
-18921
-19651
-19978
-20348
-20049
-19154
-18688
-17725
-15493
-14274
-12706
-9501
-7535
-5755
-2506
-98
1498
3964
6054
7392
8685
9823
10921
11292
11381
12020
11979
11408
11513
11436
10839
10601
10536
10345
9902
9562
9655
9057
8153
8143
7421
6027
5553
4607
3065
2039
925
-190
-1255
-2242
-2468
-2910
-3676
-2967
-2396
-2817
-1449
70
229
1621
3488
4171
4924
6324
7065
6896
7186
7381
6489
5442
4690
3308
1108
-659
-2423
-5102
-7478
-9440
-11917
-14249
-15953
-17726
-19360
-20130
-20484
-20911
-20682
-19693
-19157
-18421
-16310
-14479
-13194
-10444
-7553
-5815
-3113
87
2012
4039
6505
8267
9580
10763
11898
12656
12681
12895
13355
12907
12346
12483
12149
11369
11083
11112
10610
9923
9981
9801
8574
8183
8085
6249
5582
5037
2944
2269
1020
-748
-1276
-2513
-3639
-3533
-4110
-4579
-3407
-3439
-3224
-1155
-718
33
2301
3201
4012
5605
6446
6703
7115
7186
6524
5792
4866
3357
1756
46
-2119
-4442
-6725
-8999
-11434
-13888
-15638
-17559
-19567
-20266
-20753
-21514
-21211
-20202
-19837
-19014
-16915
-15324
-13841
-11077
-8487
-6365
-3498
-663
1730
4102
6183
8189
9790
10720
11896
12787
12727
12947
13292
12822
12424
12405
12027
11513
11250
11082
10664
10226
10141
9685
8924
8618
7856
6558
5874
4782
3151
2285
932
-623
-1308
-2710
-3818
-3668
-4575
-4997
-3585
-3768
-3605
-1301
-825
-204
2263
3200
4019
5795
6514
7111
7734
7651
7610
7088
6118
4993
3433
1673
-401
-2686
-4748
-7129
-9786
-11750
-14033
-16079
-17702
-19400
-19818
-20571
-21128
-20259
-19587
-19260
-17767
-15430
-14469
-12496
-9251
-7418
-5227
-2262
189
2270
4323
6456
8230
9275
10380
11548
11882
11959
12369
12480
11960
11817
12039
11428
11033
11279
10844
10373
10268
9972
9424
8759
8300
7610
6451
5510
4676
3224
1810
852
-410
-1795
-2744
-3173
-3896
-4662
-4036
-3751
-4150
-2663
-1414
-1377
428
2079
2350
3829
5172
5361
6167
6687
6303
6225
5723
4306
3233
1945
-365
-2321
-4105
-6714
-8974
-10838
-13259
-15163
-16649
-18523
-19396
-19662
-20386
-20224
-19139
-18782
-18207
-15856
-14079
-13001
-10015
-7117
-5364
-2663
456
2689
4524
6779
8769
9913
10885
11920
12736
12739
12659
13183
12844
12227
12250
11948
11466
10877
10660
10753
9741
9307
9944
8606
7557
8196
6560
4985
4970
3383
1646
760
-215
-1744
-3135
-3204
-3991
-5285
-4538
-4145
-4753
-3477
-2018
-1612
-221
1555
2665
3839
5146
6142
6740
6919
7052
6891
5944
4939
3949
2226
250
-1451
-3534
-6019
-8170
-10136
-12572
-14806
-16221
-18159
-19775
-19976
-20502
-21064
-20187
-19250
-19121
-17497
-15288
-14184
-11873
-8882
-6772
-4303
-1388
1075
3301
5452
7439
9278
10417
11271
12400
12789
12500
12797
12945
12139
11750
11862
11226
10559
10663
10466
9714
9527
9546
8744
7957
7751
6874
5405
4589
3813
2192
747
136
-967
-2658
-3006
-2903
-4099
-4201
-2824
-2973
-2850
-742
225
548
2557
4098
4553
5884
6980
7225
7628
7522
7078
6732
5294
3850
3133
576
-1678
-2648
-5716
-8257
-9487
-12314
-14795
-15861
-17874
-19660
-19862
-20586
-21052
-20333
-19644
-19189
-17925
-15937
-14598
-12460
-9488
-7393
-4917
-1958
393
2764
5044
6888
8820
10178
11010
12248
12843
12647
12972
13217
12671
12288
12415
11983
11266
11182
10940
10160
9681
9563
8745
7892
7636
6691
5546
4800
3674
2475
1291
16
-653
-1921
-3108
-2702
-3611
-4335
-2887
-2872
-3048
-1104
-12
214
1893
3373
3794
4579
5570
5910
5779
5799
5652
4873
3685
2693
1299
-757
-2437
-4345
-6548
-8623
-10884
-12727
-14641
-16641
-17786
-19094
-19963
-19883
-20372
-19834
-18634
-18651
-16979
-14605
-13806
-11231
-8051
-6357
-3533
-281
1867
4298
6773
8419
10262
11494
12089
13218
13623
13127
13507
13874
12370
12514
12834
11140
11408
11364
10431
10332
10030
9484
8888
8258
7452
6828
5572
4569
3679
2090
990
-405
-1372
-2263
-3694
-3479
-3659
-4845
-3538
-2793
-3547
-1471
-45
-256
1902
3377
3468
4914
5796
5850
6114
5980
5671
4858
3631
2609
1099
-943
-2819
-4717
-6926
-9186
-11260
-13133
-15136
-17029
-18303
-19559
-20460
-20546
-20772
-20379
-19279
-18915
-17657
-15353
-14106
-11922
-8598
-6603
-4090
-804
1370
3740
6210
7937
9690
10966
11740
12708
13106
12868
13041
13039
12347
11920
11983
11564
10683
10820
10897
9823
9688
9866
8843
8192
7903
6884
5809
4754
3474
2357
903
-622
-1249
-2361
-3834
-3616
-3779
-4894
-3698
-2687
-3264
-1332
428
399
2355
4114
4371
5773
6815
6804
7500
7237
6630
6555
4904
3661
2828
397
-1490
-2795
-5575
-7900
-9258
-11925
-14069
-15355
-17368
-18841
-19663
-20183
-20555
-20610
-19712
-19160
-18518
-16462
-14764
-13244
-10336
-7768
-5708
-2593
79
2181
4798
6663
8296
10087
10859
11738
12814
12773
12814
13321
12990
12487
12498
12251
11730
11413
11219
10872
10345
9897
9464
8759
7895
7016
6145
4992
3515
2483
1417
-383
-1412
-1900
-3417
-4110
-3706
-4421
-4457
-3203
-3040
-2360
-616
56
1173
2913
3516
4547
5820
5860
6263
6777
6049
5540
5167
3701
2284
1059
-964
-2982
-4740
-6977
-9185
-11061
-13187
-15215
-16634
-18153
-19479
-19711
-20134
-20607
-19597
-18847
-18680
-16779
-14754
-13746
-11216
-8094
-6125
-3588
-216
2153
4179
6775
8764
10210
11386
12537
13329
13436
13561
13669
13653
12864
12641
12856
11881
11524
11635
11095
10451
10177
9894
9066
8238
7617
6728
5321
4022
3009
1565
-190
-1246
-2069
-3597
-4468
-4338
-4931
-5379
-4174
-3706
-3650
-1686
-516
-59
1898
3337
4008
5217
6222
6700
6789
6614
6455
5651
4306
3292
2041
-14
-1830
-3412
-5897
-8134
-9865
-12212
-14331
-15848
-17458
-19079
-19713
-19894
-20665
-20296
-19118
-19160
-18123
-15601
-14481
-12822
-9433
-7193
-5200
-1935
810
2912
5223
7355
9090
10273
11142
12238
12667
12369
12714
12789
12076
11786
11754
11365
10816
10671
10655
10222
9664
9506
9205
8138
7429
6996
5654
4332
3521
2183
616
-561
-1474
-2523
-3804
-3837
-3695
-4751
-3673
-2263
-2798
-942
1097
1093
2844
4765
4987
6114
7295
7300
7858
7619
7066
6946
5283
3891
2865
611
-1637
-3297
-5478
-8083
-9911
-11895
-14242
-15889
-17319
-18862
-19860
-20155
-20617
-20845
-19868
-19248
-18794
-16622
-14801
-13627
-10637
-7806
-6106
-3067
14
1866
4363
6753
8255
9933
11106
11826
12753
13023
12956
13435
13352
12803
12933
12763
12187
11908
11716
11442
10774
10370
10211
9230
8309
7768
6482
5004
3916
2529
825
-446
-1361
-2804
-3855
-3772
-4432
-5022
-3868
-3398
-3346
-1590
-208
485
2044
3533
4567
5243
5967
6908
6560
6069
6370
5238
3692
2894
1270
-742
-2513
-4372
-6401
-8662
-10503
-12382
-14597
-16014
-17528
-19217
-19801
-20273
-20830
-20489
-19685
-19244
-18368
-16395
-14684
-13134
-10168
-7324
-5358
-2175
724
3009
5635
7578
9666
11226
12066
13128
13946
13936
13710
14207
13735
13031
13253
12850
12334
12173
12039
11875
11330
11045
10948
9887
8869
8359
6803
5091
4033
2372
515
-1015
-2312
-3626
-5244
-5576
-5499
-6579
-5804
-4126
-4458
-3133
-538
-197
1118
3567
4279
5086
6435
6864
7005
6964
6640
6180
4871
3585
2484
497
-1462
-3173
-5235
-7440
-9468
-11259
-13348
-15453
-16821
-18418
-19888
-20033
-20513
-20896
-19808
-19327
-18945
-16722
-14977
-13769
-10570
-7833
-6079
-2791
48
2051
4658
6678
8367
9920
10671
11544
12156
12077
12257
12315
12121
11947
11650
11696
11510
11050
11330
11295
10708
10733
10496
9586
8872
7994
6751
5421
3903
2538
1107
-663
-1742
-2599
-4062
-4425
-4096
-4895
-4490
-2735
-2894
-1845
832
1034
2430
4750
5084
6118
7224
7403
7485
7354
6871
6008
4825
3517
2003
130
-1660
-3659
-5818
-7822
-9898
-12025
-13934
-15727
-17561
-18852
-19877
-20483
-20569
-20733
-19970
-19090
-18687
-16687
-14660
-13519
-10552
-7615
-5877
-2729
291
2287
4764
6879
8708
10175
11037
12366
12951
12743
13288
13468
12848
12768
12824
12376
12019
11824
11701
11302
10747
10564
10073
9166
8366
7537
6349
4819
3522
2320
527
-1014
-1756
-3019
-4386
-4369
-4454
-5301
-4588
-3295
-3387
-2328
-130
450
1360
3492
4303
4683
5855
6337
6096
5973
5761
5030
3781
2711
1599
-363
-2141
-3495
-5649
-7791
-9385
-11509
-13655
-15351
-17038
-18379
-19511
-20076
-20130
-20331
-19668
-18663
-17921
-16138
-14119
-12489
-9680
-6885
-4740
-1481
1232
3362
6138
8026
9613
11348
12244
12963
13735
13802
13775
13897
13507
13195
12965
12576
12330
11894
11596
11376
10751
10277
9775
8955
8116
7073
5913
4804
3232
1717
579
-1103
-2407
-3227
-4378
-4746
-4869
-5179
-4488
-3749
-3288
-1949
-537
458
1716
3175
4276
4705
5611
6482
5869
5948
6237
4681
3927
3296
1113
-171
-1609
-3982
-5643
-7731
-9988
-11974
-14301
-15837
-17627
-19529
-19760
-20337
-21187
-20211
-19380
-19420
-17815
-15653
-14554
-12413
-9393
-7087
-4664
-1676
1109
3298
5345
7480
9169
10202
11167
12228
12523
12448
12769
12821
12387
12089
12274
12054
11471
11640
11572
10937
10692
10367
9636
8834
8011
7072
5823
4658
3567
2100
981
-34
-1315
-1903
-2546
-3136
-2760
-2951
-2636
-1297
-1325
-375
1593
1438
2551
4607
4185
4855
6266
5588
5393
5645
4740
3645
2732
1518
-147
-1973
-3628
-5588
-7888
-9791
-11699
-13876
-15815
-17398
-18937
-20202
-20486
-20766
-20884
-19802
-19193
-18508
-16405
-14839
-13170
-10232
-7841
-5448
-2502
-124
2337
4688
6433
8421
9895
10715
11938
12608
12670
13184
13274
12935
12981
12768
12460
12348
11869
11727
11682
10791
10528
10517
9129
8366
8109
6453
5261
4491
2940
1840
590
-520
-971
-2299
-2657
-2155
-3126
-2687
-1326
-1760
-874
920
983
1786
3321
3609
3940
4523
4673
4543
3897
3567
3118
1321
297
-444
-2909
-4604
-5795
-8350
-10407
-12073
-14307
-16143
-17807
-19212
-20074
-20695
-20893
-20811
-19963
-19277
-18579
-16220
-14480
-12955
-9676
-6924
-4902
-1835
1240
3403
5639
8072
10037
11130
12184
13423
13573
13440
13833
13722
13177
12964
12827
12513
12008
11700
11735
11215
10611
10505
10012
9056
8390
7693
6479
5321
4190
3037
1633
179
-469
-1670
-2979
-2781
-3276
-4013
-2843
-2373
-2347
-699
343
910
2291
3422
4175
4680
5002
5450
5106
4185
4199
3444
1433
604
-450
-2990
-4796
-6110
-8500
-10818
-12360
-14177
-16341
-17970
-19008
-20122
-20892
-20781
-20531
-20084
-19196
-18108
-16317
-14440
-12649
-9731
-7065
-4989
-1887
909
2955
5350
7408
9047
10311
11122
12124
12568
12376
12646
12726
12272
12015
12033
11811
11389
11350
11293
10906
10638
10422
9917
9261
8535
7681
6704
5412
4343
3293
1815
880
-50
-1088
-1602
-2174
-2218
-2204
-2145
-1122
-687
-62
1426
2029
2682
3781
4304
4533
4726
5043
4645
3714
3599
2494
697
-26
-1796
-3967
-5415
-7587
-9559
-11490
-13645
-15177
-17155
-18694
-19416
-20310
-20415
-20551
-20194
-18866
-18897
-17505
-14407
-13724
-11721
-7515
-5832
-3857
75
2431
4162
6683
8687
10075
10974
11878
12949
12814
12566
13227
12825
12043
12195
11948
11408
11066
10909
10940
10248
9878
10144
9207
8410
8327
7189
6036
5372
4067
2900
1960
679
-171
-710
-1586
-1963
-1548
-1856
-1633
-263
-252
506
2173
2000
2919
4278
3682
4221
4805
3776
3665
3318
2029
1092
-337
-1904
-3423
-5475
-7377
-9065
-11094
-13677
-15290
-16517
-19273
-20137
-19855
-21620
-21296
-19873
-20276
-18813
-17079
-16072
-13114
-11306
-9181
-5056
-3252
-871
3189
5047
6774
9272
10918
11757
12199
13311
13598
12563
12886
13029
11720
11366
11469
10771
10148
10036
9996
9522
9018
9022
8747
7897
7325
6949
6054
4849
4036
3417
2104
815
620
-65
-1415
-1206
-876
-1738
-1078
149
-119
934
2626
2492
3432
5006
4687
4973
5794
5276
4690
4195
3500
2328
563
-467
-1982
-4519
-6062
-7792
-10239
-12221
-14440
-16321
-17938
-20101
-20802
-20584
-21605
-21615
-19787
-19251
-19111
-16449
-14013
-13242
-10518
-6889
-5048
-2759
439
2884
4705
6413
8549
10003
10071
11047
12244
11627
11343
11943
11413
10567
10489
10394
9875
9372
9567
9718
9026
9085
9463
8531
8108
8091
6938
6163
5525
4374
3658
2626
1778
1478
447
156
551
-125
73
1192
1108
1386
2782
3279
3297
4232
4964
4595
4449
4849
4184
2889
2566
1734
-269
-1395
-2482
-4778
-6704
-8326
-10447
-12559
-14627
-16407
-18018
-19794
-20652
-20668
-21101
-21091
-19795
-18979
-18604
-16305
-13937
-13074
-10372
-6829
-5175
-2659
799
2984
4950
6993
8900
10465
10903
11678
12836
12487
11992
12453
12196
11226
10978
11104
10459
9779
10043
9927
9041
9025
9158
8171
7642
7633
6567
5545
5183
4113
2872
2362
1707
741
330
428
188
-147
451
1093
848
1319
2586
2686
2640
3809
4274
3671
3923
4243
3324
2457
2179
1328
-320
-1771
-2880
-4892
-7326
-8766
-10325
-12802
-14898
-15944
-17191
-19684
-20606
-19461
-20861
-22010
-19111
-18438
-19671
-16576
-13548
-13243
-10543
-6558
-4515
-2227
1113
3821
5815
7638
9507
11096
11643
12049
12971
12780
11950
12153
11946
10872
10467
10473
10011
9232
9203
9570
8705
8323
9048
8221
7325
7678
6894
5677
5258
4522
3495
2458
1859
1607
470
71
886
156
-78
1669
1547
1347
3366
3564
3321
4660
4874
4715
4705
4680
4668
3238
2470
2400
199
-1661
-2119
-4259
-7071
-8306
-9918
-12808
-14852
-16061
-18066
-20155
-20836
-20963
-21626
-21844
-20590
-19354
-19236
-17454
-14426
-13292
-11213
-7317
-5027
-2989
247
2934
4810
6629
8583
10118
10452
11027
12157
11719
11262
11658
11140
10515
10224
9986
9896
9293
9071
9664
8985
8352
9157
8589
7117
7628
7577
5036
5125
5589
2725
2345
2990
1179
345
1132
916
132
925
1829
1581
1988
3328
3536
3544
4497
4928
4650
4399
4817
4244
2753
2797
1994
-197
-971
-2139
-4514
-6275
-7944
-9818
-12114
-14178
-15368
-17465
-19358
-19941
-20545
-20885
-21037
-20236
-18711
-18742
-17361
-13976
-12946
-11121
-6878
-4721
-2801
674
3248
5192
7008
8917
10662
10904
11489
12687
12154
11688
11992
11320
10828
10397
9757
9833
9140
8559
9018
8420
7937
8249
7593
6921
6757
5973
4981
4349
3759
2752
1869
1616
1088
480
426
733
874
843
1852
2727
2517
3612
4783
4326
4976
5948
5111
4810
5098
4038
2980
2388
1181
-256
-1853
-3407
-4715
-6956
-9083
-10107
-12531
-14997
-16062
-18087
-19683
-20440
-21024
-20716
-20919
-20426
-18589
-18219
-17025
-13616
-12267
-10365
-6078
-4064
-1947
1778
3993
5933
8116
9757
11172
11687
12240
12999
12543
12165
12133
11489
10830
10344
9881
9502
8928
8525
8636
7988
7495
7744
6956
6396
6243
5351
4638
4049
3235
2296
1716
1237
516
330
125
227
457
414
1503
1995
2042
3532
4029
3899
5106
5402
4796
5210
5010
4112
3774
2902
1653
500
-1072
-2517
-4233
-6450
-8090
-10101
-12535
-14189
-16175
-18260
-19506
-20572
-21035
-21075
-20958
-19888
-19059
-18276
-15930
-13965
-12471
-9239
-6318
-4436
-1331
1576
3448
5738
7555
8836
10046
10437
10885
11292
10952
10738
10583
10234
9718
9196
9334
9005
8314
8732
8664
8142
8235
8143
7744
7124
6877
6417
5259
4750
4308
2996
2583
2324
1168
1449
1273
839
1668
1533
2114
2859
2873
3913
4182
4255
5167
4926
4701
4998
4188
3590
3132
1879
793
-514
-2183
-3758
-5596
-7562
-9476
-11551
-13610
-15611
-17528
-19114
-20422
-21124
-21272
-21364
-20663
-19592
-18993
-17287
-15043
-13527
-10830
-7642
-5402
-2530
493
2726
5044
7103
8723
10085
10861
11531
12024
11882
11773
11672
11176
10760
10405
10066
9882
9456
9307
9394
8872
8683
8672
7926
7480
7024
6108
5373
4466
3698
2868
1738
1517
998
2
444
587
99
835
1573
1733
2368
3180
3597
3890
4301
4640
4447
4221
4279
3429
2587
2324
996
-641
-1561
-3002
-5231
-6883
-8204
-10571
-12923
-14148
-16121
-18478
-19301
-20049
-20949
-20900
-20354
-19597
-18928
-17695
-15395
-13570
-11712
-8305
-5610
-3528
-217
2368
4437
6641
8111
9810
10627
10636
11728
11765
10944
11297
11146
10526
10232
10109
10166
9542
9303
9790
9208
8670
9150
8615
7717
7665
6993
5940
5078
4422
3596
2364
1982
1627
538
451
887
252
375
1496
1477
1741
2920
3288
3437
4056
4427
4299
4102
4166
3812
2881
2354
1606
124
-1084
-2283
-4127
-6020
-7672
-9569
-11764
-13719
-15412
-17237
-18948
-19850
-20085
-20670
-20674
-19319
-18845
-18350
-15742
-13898
-12561
-9269
-6519
-4491
-1661
827
3171
5074
6355
8307
9511
9342
10263
11003
10140
10182
10496
9895
9497
9310
9329
8987
8365
8701
8679
7918
8110
7923
7291
6951
6261
5952
4971
3997
4041
2875
1981
2565
1560
1038
2328
1515
1541
2850
2539
3017
3625
4131
4660
4494
5273
5544
4659
4999
4881
3429
3084
2329
524
-613
-2152
-4173
-5826
-7783
-9988
-11736
-13708
-15954
-17262
-18640
-20167
-20255
-20441
-20785
-19639
-18826
-18330
-16244
-14325
-12778
-9804
-7186
-5009
-2071
296
2623
5012
6568
8427
9851
10174
11093
11632
11232
11265
11099
10786
10395
9812
9968
9719
8841
9146
9144
8119
8276
8204
7135
6879
6465
5446
4755
4074
3168
2351
1788
1332
668
378
718
434
348
1364
1674
1745
2750
3586
3854
4105
4979
5315
4661
5032
5056
3724
3325
2700
939
-135
-1552
-3526
-5032
-6858
-8847
-10671
-12344
-14306
-16258
-17410
-18780
-20048
-19908
-19972
-20243
-18829
-18110
-17263
-14871
-13361
-11050
-8337
-6207
-3296
-765
1435
3901
5768
7232
8852
9547
10117
11016
10672
10581
10901
10262
10030
10000
9678
9784
9503
9431
9890
9412
9211
9555
8910
8453
8355
7506
6800
6232
5252
4347
3569
2749
1829
1253
1093
596
416
900
1078
1301
1778
2423
2908
2884
3592
4143
3624
3877
4067
3149
2789
2384
1097
172
-1173
-2926
-4188
-6113
-8211
-9815
-11747
-13949
-15866
-17196
-18698
-20108
-20146
-20173
-20458
-19478
-18506
-17668
-15766
-13831
-11781
-9106
-6675
-4229
-1530
757
2770
4720
6379
7592
8376
9170
9786
9610
9522
9751
9293
8889
8947
8810
8778
8732
8846
9265
9085
9122
9546
9092
8850
8802
8071
7457
6910
6149
5254
4514
4009
3160
2467
2376
1812
1415
1709
1473
1751
2241
2351
3168
3361
3649
4346
4034
4327
4535
3677
3500
3106
1732
734
-434
-2306
-3856
-5777
-7812
-9383
-11880
-13924
-15425
-17679
-19157
-20122
-20611
-20645
-20860
-19758
-18714
-18259
-16086
-13833
-12341
-9465
-6453
-4453
-1578
1103
2920
5221
6904
8150
9394
9848
10310
10724
10453
10254
10197
9818
9416
9251
9170
8871
8661
8787
8621
8340
8436
8254
7758
7550
7103
6314
5744
5083
4312
3716
3045
2600
2310
1707
1700
1998
1591
1968
2858
2640
3113
4192
4049
4268
4944
4755
4617
4472
3951
3366
2347
1266
237
-1319
-3075
-4715
-6477
-8601
-10597
-12207
-14329
-16376
-17564
-19095
-20336
-20326
-20643
-20658
-19392
-18771
-17724
-15242
-13737
-11611
-8216
-6349
-3794
-387
1250
3616
6123
6950
8487
9673
9765
10482
10672
10316
10290
10014
9651
9182
8904
8890
8352
8214
8480
8076
7959
8236
7963
7790
7765
7209
6789
6356
5497
4948
4277
3470
3071
2463
1997
2076
1944
1822
2346
2749
2698
3239
3922
3887
4154
4673
4476
4213
4200
3646
2893
2204
1101
-116
-1573
-3325
-4885
-6842
-9017
-10642
-12598
-14864
-16333
-17717
-19437
-20119
-20050
-20505
-20214
-18905
-18352
-17249
-14900
-13165
-11021
-8160
-5859
-3225
-697
1383
3833
5490
6672
8294
8906
9070
9683
9564
9255
9189
8841
8619
8234
7935
8018
7730
7561
7794
7812
7609
7682
7937
7531
7164
7247
6642
5812
5636
5193
4302
3899
3808
3269
2670
3135
3137
2502
3293
3709
3251
3898
4647
4284
4337
5020
4606
4113
4259
3728
2708
2057
1275
-176
-1610
-2906
-4737
-6732
-8406
-10323
-12452
-14340
-16103
-17674
-19137
-19938
-19986
-20392
-20096
-18836
-18383
-17213
-14826
-13238
-11076
-8055
-5907
-3444
-621
1436
3655
5645
6901
8354
9269
9558
10230
10254
9793
9859
9481
8945
8784
8346
8220
8097
7618
7848
7887
7320
7481
7605
6957
6591
6608
6030
5127
4988
4652
3548
3283
3278
2426
2079
2455
2380
2132
2750
3404
3085
3563
4619
4264
4514
5363
4777
4617
4803
3909
3267
2741
1413
232
-1026
-2865
-4562
-6391
-8284
-10235
-12233
-14009
-16045
-17700
-18818
-19880
-20202
-20139
-20157
-19222
-18475
-17538
-15161
-13630
-11538
-8342
-6322
-3904
-622
1386
3465
6288
7108
8576
10123
9595
10521
10832
9883
10007
9702
8938
8517
8163
7998
7737
7392
7727
7621
7175
7586
7608
7138
7131
6984
6337
5718
5324
4916
4059
3461
3540
2739
2028
2709
2433
2007
3077
3308
3081
3949
4460
4419
4919
5308
5034
4772
4490
3879
3093
2271
1417
186
-1397
-2743
-4434
-6539
-8055
-9845
-12035
-13712
-15607
-17570
-18887
-19971
-20583
-20610
-20575
-19940
-19039
-18147
-16246
-14186
-12153
-9302
-6680
-4237
-1335
1027
3251
5561
6887
8303
9548
9579
10085
10483
9761
9679
9606
8680
8354
8124
7667
7610
7373
7382
7531
7154
7225
7458
6942
6639
6540
5828
5139
4766
4306
3639
3201
3086
2594
2255
2494
2520
2496
2908
3451
3608
3782
4621
4866
4648
5482
5625
4824
5111
4903
3686
3257
2669
1257
-59
-1349
-3033
-5002
-6808
-8581
-10698
-12912
-14889
-16759
-18585
-19838
-20281
-20598
-20784
-20009
-19169
-18545
-16670
-14522
-12721
-9959
-7211
-4903
-2023
517
2790
5264
6794
8178
9628
9911
10351
10957
10561
10352
10237
9574
9091
8675
8248
8051
7602
7217
7154
6672
6306
6357
6032
5615
5362
4961
4442
3914
3560
3235
2636
2295
2214
1723
1585
1995
1969
2197
2949
3123
3462
4275
4456
4775
5380
5216
5175
5221
4512
4106
3697
2443
1520
605
-1165
-2746
-4115
-6068
-8076
-9770
-11634
-13719
-15563
-17045
-18497
-19540
-19809
-20018
-19885
-19037
-18285
-16985
-14871
-13100
-10728
-7735
-5567
-2967
-56
1996
4172
6248
7657
8793
9628
10094
10358
10363
10171
9904
9378
8883
8426
7954
7788
7552
7247
7267
7118
6731
6771
6782
6335
6051
5732
5083
4450
3808
3438
3087
2254
2081
2026
1179
1460
2015
1682
2525
3240
2992
3943
4543
4443
5418
5678
5331
5780
5280
4455
4485
3508
2204
1684
179
-1749
-2955
-4721
-6794
-8395
-10248
-12301
-14203
-15996
-17573
-18846
-19648
-20081
-20160
-19770
-19282
-18360
-16662
-15069
-13182
-10367
-8013
-5862
-2857
-356
1680
4117
5936
7275
8400
9017
9768
9965
9770
10065
9633
8933
8795
8287
7901
7828
7509
7524
7462
7090
7245
7131
6756
6765
6243
5578
5136
4262
3592
3124
2513
2164
1645
1369
1523
1177
1500
2371
2304
3002
4090
4023
4857
5733
5554
6323
6478
6027
6248
5430
4779
4476
3074
2090
1126
-819
-2656
-4305
-6247
-8491
-10412
-12050
-14486
-16702
-17997
-19449
-20517
-20712
-20482
-20240
-19951
-18501
-16687
-15550
-13199
-10107
-8127
-5749
-2585
-111
2005
4218
6282
7909
8682
9404
10327
10189
9895
10392
10177
9384
9056
8833
8534
8068
8010
8389
7840
7380
7824
7347
6625
6772
6262
5234
4807
4245
3261
2705
2504
1947
1386
1402
1376
1103
1468
2241
2539
2955
3784
4166
4413
5136
5615
5657
5834
5789
5085
4498
4176
3217
2115
1290
-86
-1732
-3304
-5000
-6638
-8662
-10716
-12296
-14418
-16599
-18008
-19145
-19964
-20406
-20070
-19426
-19272
-17994
-15859
-14550
-12303
-9263
-7213
-4808
-2052
342
2464
4280
6293
7620
8208
9173
9906
9632
9700
10080
9348
9056
9152
8570
8557
8555
8238
8426
8209
7889
8104
7748
7434
7392
6697
6102
5601
4746
4086
3506
2878
2376
1905
1607
1464
1389
1569
1907
2262
2662
3066
3535
3955
4234
4632
4885
4730
4740
4581
3910
3487
2884
1735
729
-452
-2051
-3672
-5280
-7011
-9041
-10896
-12619
-14892
-16664
-17877
-19232
-19895
-20064
-19965
-19516
-19032
-17763
-15829
-14488
-12353
-9286
-7551
-5255
-2039
-31
2058
4464
6109
7326
8328
9051
9648
9687
9546
9740
9256
8663
8681
8439
8221
8265
8195
8168
8003
7842
7852
7534
7315
7068
6314
5842
5327
4339
3843
3487
2578
2144
2045
1525
1395
1778
1924
2167
2809
3116
3640
4289
4506
5352
5787
5635
6064
6008
5334
5056
4748
3742
2682
1716
245
-1657
-3381
-4955
-7224
-9340
-10996
-13393
-15512
-17042
-18788
-19887
-20417
-20878
-20693
-20047
-19543
-18331
-16327
-14835
-12690
-9729
-7585
-5049
-2134
153
2525
4579
6234
7742
8556
9188
9849
9803
9834
10051
9479
9306
9406
8740
8781
9117
8615
8655
8857
8316
8163
8147
7741
7351
6729
6176
5535
4371
3935
3597
2247
1906
2014
863
721
1429
1015
1251
2192
2290
2748
3468
3743
4468
4793
4772
5387
5131
4603
4860
4083
3099
2615
1194
-192
-1520
-3447
-5012
-6946
-9166
-10891
-13145
-15229
-16760
-18519
-19507
-20102
-20843
-20372
-19708
-19581
-17947
-15899
-14794
-12415
-9298
-7368
-4989
-1799
227
2326
4753
6094
7605
8775
9205
9924
10179
9980
10035
9926
9558
9475
9314
9162
9165
8976
9069
9128
8870
8889
8818
8331
7927
7491
6714
5918
5194
4392
3539
2829
2293
1687
1236
1144
943
841
1199
1386
1533
2156
2591
2788
3379
3862
3949
4172
4443
4244
3923
3665
3013
2129
1210
106
-1355
-2799
-4324
-6246
-7969
-9891
-11993
-13870
-15854
-17535
-18953
-20089
-20429
-20455
-20310
-19595
-18502
-17113
-15627
-13563
-10813
-8642
-6293
-3317
-915
1116
3370
5525
6944
7917
8993
9798
9869
9941
10358
10064
9535
9600
9369
8821
8648
8574
8351
8089
7940
7970
7714
7299
7211
6879
6170
5689
5138
4367
3704
3010
2466
2153
1592
1362
1667
1483
1502
2242
2484
2672
3519
3893
4124
4760
4951
5205
5409
5138
5087
4759
4023
3213
2218
1104
-196
-1642
-3293
-4968
-6906
-9230
-11071
-13147
-15591
-17267
-18802
-20188
-20795
-21015
-20684
-20006
-19495
-17971
-16038
-14866
-12290
-9211
-7460
-4725
-1633
387
2677
4677
6354
7999
8608
9547
10592
10218
10288
10734
10086
9762
9787
9295
9171
9127
8811
8859
8710
8448
8446
7992
7629
7443
6599
6091
5749
4591
3825
3438
2491
1610
1275
921
291
174
489
453
506
1248
1804
2000
2768
3436
3781
4160
4518
4879
4640
4479
4685
3818
2837
2520
1036
-853
-2015
-3740
-5988
-8047
-9791
-11990
-14569
-16221
-17641
-19481
-20373
-20277
-20394
-20171
-19326
-17852
-16403
-15264
-12508
-9686
-8154
-5408
-2078
-306
1766
4262
5693
7188
7885
8740
9990
9496
9624
10355
9762
9399
9673
9439
9135
9155
9254
9368
9134
9180
9403
9034
8718
8579
8044
7382
6746
5913
5147
4259
3316
2646
1912
1341
988
668
652
719
822
1111
1510
1969
2333
2825
3473
3718
3904
4404
4356
4026
4171
3628
2549
1940
786
-978
-2523
-4178
-6259
-8505
-10445
-12421
-14829
-16976
-18476
-19851
-21048
-21248
-20756
-20489
-20069
-18351
-16599
-15653
-13125
-9984
-8268
-5939
-2590
-225
1478
3709
5866
7099
7690
8807
9838
9451
9311
9995
9530
8745
9051
9040
8427
8337
8610
8685
8430
8470
8815
8537
8283
8444
7929
7292
7044
6306
5512
4981
4178
3562
3124
2512
2202
1939
1699
1889
1826
1918
2615
2627
2698
3634
3719
3501
4261
4453
3910
3909
3844
3001
1967
1167
100
-1673
-3390
-4741
-6790
-9256
-11047
-13048
-15595
-17395
-18754
-20227
-21017
-21211
-21016
-20388
-19731
-18372
-16431
-14871
-12567
-9594
-7347
-4864
-1988
358
2597
4499
6138
7902
8677
9183
10431
10500
10002
10606
10441
9715
9835
9633
9222
9233
8987
8987
9113
8713
8849
8872
8224
8146
7743
6945
6642
5745
4937
4619
3355
2665
2534
1334
1041
1162
396
630
912
552
1217
1589
1549
2438
2740
2856
3582
3542
3484
3697
3194
2656
2156
1093
-80
-1358
-2983
-4637
-6512
-8615
-10565
-12811
-15164
-16864
-18486
-20113
-20794
-20758
-20721
-20380
-19235
-17800
-16476
-14657
-12077
-9354
-7330
-4914
-1317
696
1938
5140
6893
7087
8930
10017
10035
10634
10697
10927
10994
10373
10693
10738
10123
10301
10328
10086
10002
9801
9740
9325
8850
8653
7776
7011
6679
5522
4373
3958
3052
1839
1398
1016
198
-60
138
-30
17
468
951
1314
1593
2313
2847
2847
3336
3823
3380
3238
3426
2330
1429
996
-648
-2263
-3563
-5549
-7693
-9812
-11872
-14028
-16469
-18038
-19238
-20752
-21106
-20817
-20655
-20109
-19052
-17356
-15762
-14161
-11278
-8489
-6739
-3792
-487
1396
3434
5758
7565
8585
9090
10333
10895
10165
10410
10755
9924
9487
9583
9279
8961
8751
8790
8948
8559
8481
8644
8291
7887
7625
7232
6554
6008
5411
4628
4150
3526
2814
2596
2097
1890
2014
1448
1963
2260
1872
2800
2839
2741
3641
3543
3403
3926
3498
2987
3194
2314
1314
793
-707
-2208
-3466
-5427
-7335
-9077
-11254
-13243
-15193
-17127
-18405
-19699
-20610
-20401
-20329
-20426
-19254
-17538
-16454
-14768
-11773
-9159
-7270
-4535
-1254
954
2550
5028
7335
8030
8850
10400
10753
10440
10741
11004
10759
10112
9817
10027
9481
8854
9237
9150
8501
8602
8657
8172
7889
7644
7206
6589
5950
5493
4494
3486
3279
2312
1174
1381
987
143
614
951
678
1035
1674
1978
2160
2782
3477
3426
3513
4046
3769
3247
3229
2609
1429
489
-656
-2289
-4125
-5798
-7475
-9850
-12049
-13608
-15878
-17917
-18741
-19960
-20830
-20210
-19930
-19791
-18248
-16544
-15370
-13267
-10280
-7849
-5787
-2932
183
2192
3831
6357
8285
8670
9545
10978
11019
10460
10720
10929
10249
9489
9645
9768
8996
8870
9483
9165
8804
9191
9012
8481
8308
7882
7212
6491
5685
4997
3979
2957
2513
1656
798
817
395
-87
404
498
420
1208
1735
1933
2598
3154
3409
3700
3904
4043
3898
3483
3064
2208
1033
-81
-1614
-3469
-5092
-7071
-9340
-11109
-13156
-15428
-17024
-18371
-19701
-20505
-20389
-20072
-20137
-19174
-17229
-16149
-14800
-11821
-9146
-7384
-4738
-1397
915
2626
5009
7200
8175
8798
9919
10706
10280
9893
10381
10101
8997
8828
9067
8453
7849
8204
8536
7957
7902
8630
8275
7684
7939
7600
6685
6310
5844
4795
4108
3716
2831
1927
1819
1431
591
939
1145
659
1304
2047
1946
2547
3286
3450
3886
3984
4302
4393
3604
3687
3232
1687
986
79
-1931
-3622
-4918
-6983
-9443
-11255
-12875
-15293
-17376
-18234
-19481
-20833
-20398
-19749
-20155
-19088
-16794
-15746
-14297
-11158
-8539
-6701
-4001
-792
1511
3014
5171
7546
8265
8571
10109
10787
9982
10071
10701
10012
9083
9310
9426
8560
8259
8914
8725
8076
8519
8758
7992
7776
7907
7049
6241
6004
5120
4005
3442
2928
1955
1220
1377
1094
447
1009
1540
1272
1757
2714
2852
3064
3959
4295
4172
4558
4834
4361
3814
3585
2756
1196
10
-1184
-3280
-5406
-7130
-9207
-11556
-13633
-15307
-16971
-18720
-19655
-20048
-20311
-20027
-19675
-18684
-16929
-15747
-14096
-10999
-8724
-6966
-3912
-1129
871
2623
4709
6815
7596
8146
9483
10170
9476
9735
10363
9720
9343
9287
9444
9179
8532
8965
9310
8766
8700
9163
8796
8133
8094
7616
6580
6057
5419
4242
3404
2763
1979
1111
645
808
302
1
964
1020
946
2121
2713
2927
3808
4477
4735
4994
5127
5215
4772
4065
3679
2418
846
-294
-2259
-4292
-5843
-8149
-10417
-12090
-14302
-16504
-17960
-19149
-20204
-20872
-20590
-19968
-19954
-18770
-16531
-15677
-14082
-10599
-8417
-6808
-3761
-917
967
2755
4946
6951
7612
8133
9615
10090
9345
9582
10189
9563
8765
8973
9191
8426
7911
8522
8576
7739
8018
8545
7780
7380
7591
7040
6035
5616
5248
4192
3375
3050
2610
1752
1396
1796
1196
993
1970
1743
1858
2989
3014
3204
4312
4176
4255
5277
4442
4375
4873
3440
3036
2371
627
-353
-1950
-3852
-5402
-7610
-9550
-11256
-13833
-15597
-16889
-18890
-19818
-20120
-20507
-20061
-19748
-18750
-16712
-15938
-14144
-10643
-8958
-7082
-3707
-1262
729
2633
4693
6914
7440
7884
9775
10084
9152
9930
10493
9585
9187
9434
9534
9028
8766
9374
9262
8738
9029
9208
8657
8308
8393
7656
6721
6549
5622
4263
4008
3521
2062
1566
1697
866
281
632
848
564
704
1641
2099
2092
2944
3668
3439
3711
4195
3698
3271
3239
2447
1258
343
-968
-2772
-4379
-5936
-7979
-10063
-11622
-13356
-15602
-17165
-17935
-19246
-20303
-19696
-19255
-19667
-18258
-15874
-15157
-13571
-9809
-7564
-6213
-2807
86
1381
3399
5347
6810
7837
7891
9088
9983
8604
8844
9966
8770
8175
8951
8953
8427
8445
9357
9171
8681
9590
9480
8940
9202
8932
8340
7924
7416
6542
5583
5131
4417
3001
2608
2493
1383
1157
1546
1271
1121
1572
2044
1932
1996
2786
2895
2469
2955
3264
2552
2184
2162
1259
-5
-709
-1801
-3715
-5218
-6466
-8663
-10836
-12101
-13939
-16343
-17658
-18411
-19674
-20509
-19996
-19405
-19600
-18512
-16123
-14988
-13609
-10304
-7589
-5914
-3262
-25
2073
3308
5384
7506
7845
8020
9334
9798
8987
8916
9537
9035
8054
8435
8894
8026
7815
8793
8692
8117
8773
9111
8444
8456
8847
8170
7448
7519
6822
5466
5205
4850
3418
3012
3076
2181
1787
2143
1992
1672
2088
2389
2495
2555
2967
3504
2972
3151
3560
2875
2395
2274
1631
205
-662
-1640
-3639
-5342
-6727
-8665
-10928
-12770
-14529
-16517
-18267
-19314
-19978
-20657
-20415
-19675
-19565
-18354
-16093
-14913
-12977
-9685
-7425
-5250
-2256
465
2591
4098
6137
8308
8607
9009
10724
10892
9968
10445
10883
10123
9526
9654
9794
9117
8693
9220
9045
8450
8670
8655
8089
7818
7481
6827
6175
5477
4619
3862
3176
2258
1715
1451
896
676
888
978
1105
1423
1878
2431
2596
2873
3666
3793
3689
4183
4219
3638
3367
2998
1990
738
-463
-1713
-3573
-5600
-7191
-9180
-11461
-13310
-15152
-17075
-18457
-19334
-20176
-20482
-19771
-19349
-19036
-17022
-15206
-14335
-11474
-8292
-6865
-4406
-1084
991
2659
4718
6782
7774
8061
9244
9978
9375
9373
9845
9424
8842
8794
8945
8936
8503
8631
9363
9024
8743
9414
9173
8603
8686
8320
7645
7139
6419
5644
4943
4093
3280
2627
2099
1750
1305
1077
1367
1204
962
1685
1906
1542
2263
2786
2501
2785
3034
2880
2662
2289
2042
1385
197
-626
-1741
-3629
-5177
-6722
-8851
-10842
-12789
-14689
-16465
-18249
-19208
-19757
-20420
-20024
-19344
-19168
-17676
-15746
-14727
-12272
-9224
-7561
-5084
-2026
-39
1824
3859
5729
6942
7489
8457
9266
9042
8932
9299
9083
8529
8469
8621
8478
8188
8334
8751
8789
8708
8963
9205
9075
8870
8628
8348
7985
6996
6246
6219
5270
4117
4212
3759
2639
2574
2735
2370
2145
2245
2589
2599
2434
3041
3347
2827
3155
3531
2710
2408
2471
1438
345
-306
-1651
-3640
-5169
-6482
-8501
-10774
-12306
-13913
-16322
-18027
-18794
-19631
-20505
-20621
-19657
-19185
-19021
-16929
-14634
-13688
-11087
-7654
-5948
-3534
-379
1735
3706
5471
7091
8443
8704
9341
10186
9859
9733
9887
9534
9283
8970
8762
8886
8700
8609
8893
8828
8643
8740
8609
8387
8398
7917
7289
7123
6272
5249
5176
4417
3160
3069
2682
1644
1558
1671
1319
1307
1498
1783
2073
2063
2472
2992
2706
2759
3110
2514
1997
1841
940
-126
-1036
-2416
-4046
-5652
-7380
-9272
-11241
-13170
-15071
-16919
-18362
-19215
-19946
-20334
-19713
-19102
-18831
-17311
-15167
-13873
-11809
-8628
-6442
-4427
-1416
1030
2965
4846
6405
8317
8742
8600
10362
10143
9014
10227
9870
8706
9126
8728
8460
8704
8311
8841
9072
8636
9178
9201
8867
9008
8590
7898
7409
6952
6006
4943
4761
3912
2371
2408
2216
747
704
1292
585
358
1130
1317
1221
1682
2338
2618
2513
2826
3197
2589
2175
2301
1327
-67
-814
-2182
-4299
-5859
-7345
-9563
-11615
-13361
-15473
-17444
-18875
-19688
-20226
-20775
-20026
-18998
-18987
-17200
-14573
-13562
-11205
-7806
-5897
-3698
-850
1498
3365
4836
6776
8225
8156
8808
9835
9315
9044
9401
8874
8392
8219
7891
8044
7941
7695
8228
8287
8053
8448
8503
8387
8415
8256
7946
7239
6707
6222
5288
4900
4321
3216
2957
2594
1823
1753
1948
1752
1422
1962
2394
1838
2663
3512
2714
3218
3678
2776
2944
2685
1717
1351
14
-1427
-2463
-4519
-6336
-7788
-10011
-12174
-13934
-15911
-17823
-18833
-19651
-20665
-20184
-19361
-19742
-18532
-16037
-15171
-13746
-10243
-7668
-6302
-3582
-106
1800
3009
5621
7984
8063
8436
10296
10564
9479
9779
10505
9861
8884
9135
9519
8680
8339
9080
8958
8257
8316
8639
8327
7829
7977
7709
6604
6287
5991
4797
4509
4351
2957
2441
2597
1599
1088
1539
1384
1139
1410
1819
1925
1737
2419
3135
2607
2781
3416
2592
2035
2243
1505
443
-384
-1671
-3298
-5084
-6791
-8213
-10124
-12220
-13693
-15642
-17709
-18366
-19130
-20170
-19523
-18901
-19268
-17910
-15716
-14875
-12948
-9492
-7379
-5656
-2829
148
2488
3521
5518
8578
8035
7597
10678
10641
8867
10186
10615
9350
8681
8813
9549
8943
8323
9466
9276
8364
9057
9407
9031
9080
8957
8379
7851
7378
6572
5818
5357
4448
3300
2677
2153
1260
669
807
675
28
186
754
517
579
1466
1637
1396
1896
2146
1774
1750
1726
1141
342
-535
-1636
-3027
-4483
-5915
-7765
-9840
-11634
-13492
-15669
-17330
-18155
-19323
-20336
-19750
-19129
-19444
-18157
-15601
-14572
-12991
-9461
-7036
-5367
-2537
383
2380
3856
5889
7892
8266
8475
9682
9879
9118
9173
9315
8733
7995
7833
8086
7650
7366
8071
8129
7707
8138
8452
8221
8305
8323
7821
7361
7000
6352
5573
4998
4427
3520
2668
2258
1827
1263
1309
1557
1363
1394
1783
2073
2172
2642
3207
3232
3122
3239
3327
2737
2456
2410
1293
170
-774
-2309
-4101
-5664
-7241
-9328
-11483
-13292
-15232
-17118
-18106
-18977
-19915
-19580
-19071
-19341
-18201
-15987
-15037
-13468
-10131
-7800
-6250
-3454
-408
1634
3055
5075
7345
7771
7863
9507
9992
9083
9256
9713
9321
8563
8489
9185
8824
8039
8794
9193
8228
8375
9074
8472
8082
8268
7589
6713
6517
5810
4623
4235
3676
2465
1911
1728
1072
557
674
904
726
966
1842
1872
1910
2972
3330
3217
3926
4269
3777
3657
3557
2857
1964
1043
79
-1370
-3289
-4836
-6427
-8815
-10992
-12335
-14380
-17078
-18068
-18517
-20441
-20752
-19046
-19460
-19794
-16922
-15124
-14864
-11987
-8565
-7040
-5008
-1946
649
2207
3563
5913
7405
7414
8119
9134
9321
8799
8762
9617
9191
7976
8764
9631
8556
8592
9944
9676
8944
9662
10112
9409
9252
9338
8458
7630
7101
6043
5192
4744
3686
2722
2516
1872
1004
1054
1179
774
747
1152
1364
1378
1605
2205
2557
2404
2657
3149
2783
2362
2532
1861
595
-143
-1365
-3187
-4706
-6404
-8507
-10681
-12591
-14408
-16801
-18347
-18661
-20180
-21112
-19545
-19426
-20113
-17619
-15431
-15368
-13014
-9317
-7644
-6016
-2859
-2
1333
2552
5131
6854
6462
7184
9047
8810
7888
8647
9275
8408
7732
8468
8958
8042
8141
9580
9437
8849
9806
10200
9535
9448
9613
9063
8143
7678
7036
5888
5337
4719
3568
3077
2706
1918
1583
1784
1616
1168
1902
2382
1483
2333
3511
2630
2958
3810
3194
2849
2438
2216
1993
291
-669
-1214
-3603
-5546
-6536
-8470
-10756
-12384
-13922
-16272
-18000
-18367
-19632
-20457
-19090
-19142
-19894
-17479
-15370
-15325
-12913
-9184
-7584
-6154
-3163
-155
1335
2555
5332
7141
6738
7558
9209
9006
8495
9043
9601
9260
8366
8685
9626
8933
8641
9921
9732
9008
9825
9876
9143
9382
9219
8216
7798
7444
6165
5301
5318
4304
2925
2760
2289
1301
1151
1352
1255
1001
1223
1834
1763
1808
2592
2858
2804
3133
3251
2891
2612
2523
1722
626
51
-1413
-3574
-4789
-6222
-8516
-10508
-12194
-13959
-16178
-18143
-18485
-19187
-20824
-19951
-18522
-19434
-18384
-15325
-14571
-13480
-10025
-7331
-5790
-3720
-716
1860
2696
4225
7040
7460
6877
8559
9522
8406
8405
9403
9191
8329
8482
9351
9159
8667
9597
10100
9490
9952
10529
10129
10341
10411
9623
9456
8947
7488
6844
6286
4885
3970
3418
2499
1724
1247
1047
1029
752
538
842
995
826
1197
1779
1749
1805
2227
2244
1932
1746
1497
747
-383
-1350
-2739
-4872
-6491
-8016
-10595
-12654
-13863
-16221
-18450
-18790
-19623
-21093
-20286
-19123
-19700
-18690
-16009
-14972
-13811
-10517
-7649
-6134
-3884
-718
1416
2424
4282
6622
7290
7211
8318
9258
8666
8230
9057
9340
8301
8137
9047
8729
8210
9201
9723
9279
9574
9962
9786
9856
9770
9196
8929
8537
7361
6484
6211
5293
3994
3479
3132
2208
1397
1157
1346
1234
414
907
2282
1363
921
3042
3108
1748
2587
3242
2190
1273
1247
1004
-606
-2013
-2770
-4659
-6574
-7958
-10126
-11977
-13393
-15788
-17708
-18052
-19016
-20439
-19542
-18459
-19379
-18332
-15497
-14895
-13898
-10395
-7781
-6544
-4143
-785
1226
2141
4306
6701
7130
7246
8718
9692
8934
8642
9704
9567
8419
8809
9520
8927
8757
9600
9890
9585
9815
10237
9986
9675
9671
9002
8121
7833
6843
5540
5302
4463
2934
2588
2294
1245
667
772
787
242
298
1261
1188
907
1892
2313
1943
2238
2585
2347
1969
1751
1420
516
-583
-1455
-2787
-4763
-6336
-7690
-9937
-12038
-13249
-15253
-17400
-17935
-18697
-20021
-19500
-18571
-18964
-18039
-15554
-14477
-13488
-10315
-7502
-6154
-3786
-623
1478
2708
4410
6742
7607
7283
8588
9861
9067
8813
9814
9917
9117
9123
9977
9852
9301
10060
10581
10054
10185
10551
10157
9836
9758
9191
8290
7716
7168
5989
4977
4647
3685
2285
1984
1711
566
382
809
273
177
782
798
1059
1542
1656
2043
2101
2005
2423
2015
1497
1757
907
-398
-892
-2360
-4584
-5936
-7452
-9825
-11784
-13228
-15345
-17535
-18344
-18995
-20332
-20094
-18955
-19373
-18806
-16164
-14902
-14119
-11082
-8036
-6700
-4793
-1414
990
1739
3506
6222
6924
6586
7950
9274
8483
7927
9010
9156
7860
7796
8930
8839
8030
8720
9809
9264
8965
10104
10103
9126
9421
9509
8377
7881
7673
6442
5578
5368
4070
2979
3164
2362
1289
1538
1589
1302
1096
1488
2480
1882
1822
3586
3058
2431
3802
3396
2652
2908
2195
1483
561
-895
-1946
-3584
-5524
-7089
-9044
-11113
-12969
-14914
-16963
-18349
-19028
-20235
-20552
-19253
-19283
-19290
-16752
-15156
-14814
-11911
-8553
-7352
-5426
-1952
439
1381
2956
5606
6714
6377
7897
9565
8707
8334
9607
9703
8646
8645
9549
9439
8764
9440
10290
9783
9619
10374
10227
9461
9464
9265
8315
7744
7124
5983
5255
4565
3389
2583
2229
1644
883
704
999
694
442
1238
1634
1396
2067
2797
2652
2798
3141
2983
2683
2323
1965
1319
81
-912
-2057
-3982
-5539
-7080
-9316
-11113
-12725
-14973
-16783
-17780
-18976
-20104
-19854
-18958
-19166
-18760
-16078
-14593
-14454
-11324
-7799
-6950
-5131
-1712
940
1964
2787
6096
7862
6082
7653
10391
8773
7965
9715
10029
8768
8261
9630
9911
8324
9051
10553
9545
9219
10411
10205
9494
9750
9493
8487
7933
7337
6098
5143
4683
3667
2445
2177
1825
739
538
913
439
208
972
1313
1079
1597
2359
2347
2497
3064
3111
2835
2698
2515
1832
700
-75
-1120
-3176
-4808
-6022
-8359
-10784
-12082
-13856
-16612
-18018
-18232
-19754
-20859
-19507
-19016
-19790
-17920
-15332
-15029
-13437
-9648
-7606
-6572
-3606
-347
932
1943
4554
6469
6167
6624
8438
8538
7483
7997
9002
8316
7413
8297
9040
8075
8087
9609
9570
8867
9813
10353
9619
9601
9840
9148
8418
8013
7082
6005
5573
4721
3367
3105
2989
1789
1376
2071
1772
932
1495
2469
1886
1435
2922
3687
2594
2971
4479
3658
2572
3300
2931
1072
92
-546
-2589
-4738
-6021
-8100
-10678
-12350
-14122
-16525
-18024
-18713
-19818
-20602
-20013
-19354
-19519
-18179
-15789
-15114
-13655
-10079
-7937
-6666
-3661
-566
904
2055
4423
6500
6485
6811
8752
9139
8015
8624
9836
9122
8349
9335
9983
9143
9060
10189
10238
9572
10046
10517
10006
9747
9767
9269
8543
7874
7111
6168
5192
4385
3532
2597
2044
1586
835
608
873
517
375
1135
1323
1179
1856
2320
2215
2383
2724
2657
2062
1737
1549
226
-1177
-1806
-3531
-5857
-6965
-8537
-11269
-12943
-14116
-16424
-18121
-18430
-19322
-20134
-19163
-18473
-18738
-17042
-14660
-14054
-12186
-8663
-6863
-5513
-2626
111
1335
2378
4821
6792
6462
6878
8970
9089
8056
8904
9977
9349
8657
9599
10343
9530
9557
10723
10785
10221
10545
11121
10717
10004
10015
9855
8734
7873
7499
6386
5258
4638
3664
2735
2200
1622
1071
718
718
692
416
724
1126
995
1309
1860
1876
1976
2383
2297
1909
1658
1158
95
-1163
-2202
-3874
-5937
-7399
-9187
-11576
-13385
-14852
-16857
-18409
-18978
-19719
-20290
-19504
-18747
-18787
-17088
-14713
-14074
-12059
-8548
-6982
-5464
-2492
-150
1227
2475
4476
6207
6000
6386
8265
8275
7233
8073
8941
8216
7686
8406
9058
8282
8037
9500
9634
8695
9625
10590
9669
9360
10141
9526
8494
8566
8068
6803
6172
5738
4684
3748
3345
2867
2113
1686
1786
1486
995
1291
1813
1451
1587
2606
2391
2194
2910
2678
1783
1664
1302
-392
-1575
-2332
-4336
-6538
-7933
-9665
-12212
-14179
-15416
-17092
-18744
-19321
-19513
-19691
-19124
-18456
-17718
-15775
-14133
-13194
-10384
-7447
-6416
-4179
-846
795
1885
3949
6095
6749
6720
8092
9105
8434
8406
9105
9138
8597
8272
8985
9218
8192
8584
9768
9021
8486
9693
9715
8578
8963
9355
8170
7607
7643
6549
5484
5109
4279
3141
2499
2206
1599
882
879
1022
660
791
1387
1428
1632
2428
2692
2718
3241
3331
2815
2524
2056
879
-456
-1667
-3280
-5291
-7274
-9201
-10992
-13057
-15226
-16490
-17758
-19080
-19339
-19623
-19270
-18192
-18289
-16906
-14161
-13709
-12253
-8351
-6306
-5583
-2887
595
1465
1950
5235
6732
5794
7305
8939
8586
8553
8882
9500
9571
8605
9019
9951
9172
8787
10005
10346
9298
9622
10747
9842
8978
9780
9290
7852
7833
7459
5900
5238
4965
3677
2602
2406
1800
691
374
637
303
40
712
1116
1167
1832
2467
2443
2690
3316
3001
2326
2202
1689
221
-1097
-2025
-4001
-6060
-7684
-9781
-11815
-13830
-15613
-16984
-18504
-19371
-19456
-19857
-19229
-18071
-18277
-16655
-13915
-13646
-11997
-8250
-6744
-5669
-2634
91
1170
2057
4394
6267
5848
6331
8342
8367
7579
8392
9121
8825
8329
8616
9536
9003
8275
9479
9742
8779
9407
10060
9385
9178
9577
9141
8218
7996
7561
6251
5632
5326
3976
3152
3090
2279
1517
1409
1326
1355
1054
1227
2319
1830
1948
3536
2814
2880
4179
3118
2647
3076
1682
360
-432
-1992
-3685
-5723
-7583
-9200
-11501
-13476
-15034
-16667
-18043
-18825
-19190
-19551
-18940
-18185
-18131
-16163
-14079
-13954
-11491
-7951
-7098
-5511
-2153
-38
855
2355
4863
6084
5685
6895
8605
8031
7752
8890
9154
8769
8571
8928
9710
9112
8635
9976
9939
8970
9782
10088
9181
9093
9272
8601
7763
7575
6945
5597
5204
4725
3170
2565
2488
1471
786
983
895
542
914
1525
1568
2016
2891
3067
3154
3730
3899
3280
2793
2805
1907
127
-838
-1961
-4452
-6596
-7948
-10043
-12559
-14199
-15538
-17403
-18684
-18920
-19428
-19584
-18455
-18085
-17806
-15210
-13436
-13176
-10282
-6976
-6245
-4664
-1259
856
1098
2600
5805
6175
5123
7357
8873
7306
7479
9187
9016
8165
8458
9352
9422
8755
9370
10320
9826
9816
10541
10224
9772
9964
9529
8603
8460
8002
6439
5781
5804
4301
2853
3163
2646
1103
1125
1507
784
629
1349
1489
1382
2021
2591
2523
2719
3149
2972
2464
2110
1580
325
-1204
-2268
-3634
-5964
-8068
-9323
-11259
-13775
-15118
-16193
-17901
-18719
-18812
-19317
-18865
-17914
-18062
-16718
-14158
-13738
-12616
-8964
-7072
-6611
-3980
-667
418
601
3141
5723
4905
4968
7669
7886
6556
7583
8715
8275
7744
8282
9412
9057
8474
9805
10488
9743
10078
10821
10500
10137
10144
9792
9081
8562
8061
6870
5932
5699
4419
3070
3167
2587
1294
1318
1567
1049
814
1383
1786
1370
1935
2695
2239
2554
2904
2291
1973
1739
788
-538
-1541
-2532
-4275
-6416
-7751
-9226
-11641
-13361
-14476
-16171
-17541
-17985
-18696
-18892
-17900
-18059
-17920
-15233
-13944
-14015
-11010
-7825
-7264
-5659
-2258
-30
579
1959
4835
6044
5288
6638
8735
7924
7260
8741
9259
8443
8326
9220
9712
9107
9298
10387
10337
10077
10567
10709
10402
10120
9938
9435
8657
8241
7350
6058
5672
4855
3264
2865
2617
1343
803
991
642
328
518
924
1225
1313
1765
2144
1975
2286
2448
1580
1238
1261
-6
-1621
-2325
-3336
-5641
-7598
-8543
-10561
-13207
-14353
-15472
-17392
-18122
-18316
-18970
-18408
-17645
-17990
-16397
-13711
-13590
-12304
-8210
-6500
-5943
-2718
265
1053
2008
4407
6256
5985
6346
8104
8329
7566
7817
8534
8420
7777
8087
9143
8937
8556
9674
10065
9771
10201
10598
10593
10324
10384
10245
9195
8558
8358
6897
5613
5540
4236
2743
2680
2030
933
685
619
458
319
439
930
1105
1317
1879
2004
2152
2502
2119
1633
1545
811
-469
-1564
-2656
-4409
-6756
-8200
-9386
-12063
-14065
-14864
-16859
-18279
-18315
-19280
-19412
-17999
-17995
-17682
-14934
-13327
-13214
-10494
-6955
-6168
-5029
-1453
914
1088
2402
5118
5949
5265
6419
7956
7391
6817
7561
8133
7568
7188
8095
8615
8053
8647
9807
9392
9627
10630
10182
10028
10455
9872
9061
8733
8401
7143
5719
5768
5070
3009
2802
2949
1581
1101
1407
1077
888
1252
1550
1766
2110
2387
2840
2812
2921
3124
2209
2207
2071
450
-637
-1396
-2913
-5074
-6610
-7927
-10155
-12258
-13380
-14843
-16803
-17210
-17614
-19016
-18120
-16737
-17931
-16796
-13237
-13117
-12768
-8732
-6382
-6281
-3938
-493
623
800
3111
5624
5166
5103
7297
7643
6652
7143
7903
8013
7545
7578
8739
8558
7780
9087
9624
8695
9544
10200
9341
9550
9865
8994
8436
8544
8050
6653
6088
6180
4707
3273
3577
2953
1477
1629
1879
1144
1174
1682
1598
1517
1890
2201
1902
1812
2305
1843
960
1061
479
-1197
-2078
-2798
-4643
-6579
-7796
-9181
-11289
-12928
-13750
-15299
-16663
-16459
-17174
-18233
-16624
-15817
-16952
-14882
-11925
-12333
-11091
-6781
-5287
-5353
-2244
1059
1438
1875
4357
6358
5554
5286
7934
8081
6003
7469
8582
7046
7228
8055
8234
8333
8167
9296
9839
9069
10057
10601
9837
10414
10542
9544
9253
9099
8020
6567
6203
5852
4024
3179
3539
2422
1265
1679
1692
859
836
1461
1380
958
1428
1941
1390
1355
2038
1214
150
477
-368
-2455
-3163
-3863
-6150
-7978
-8799
-10597
-12886
-13890
-14843
-16627
-17394
-17247
-17976
-18275
-16739
-16298
-16923
-14285
-11580
-12267
-10229
-5842
-5168
-4632
-1264
1410
1853
2114
4760
6907
5588
5770
8488
8146
6596
7750
8711
8023
7395
8237
9329
8408
8296
10022
9835
9307
10446
10417
9880
10179
9752
8907
8420
7949
6964
5706
5213
4744
3292
2466
2644
1781
800
1200
1217
570
673
1350
1338
1042
1801
2111
1733
1932
2250
1659
713
828
-200
-1946
-2583
-4101
-5808
-7018
-8735
-10301
-11516
-13081
-14339
-15244
-16321
-16534
-16939
-17514
-15983
-15263
-16024
-13423
-10825
-11541
-9550
-5619
-4896
-4275
-1189
1336
1655
2151
4858
6457
5020
5575
8003
7333
6126
7459
8382
7479
6946
8149
8977
7954
8253
10075
9636
9179
10826
10746
9824
10730
10538
9114
9022
8842
7276
5944
5791
5128
3137
2243
2570
1407
-157
162
458
-702
-906
249
194
-325
600
1161
584
779
1259
575
8
147
-674
-2044
-2580
-3593
-5474
-6610
-7540
-9296
-10838
-11608
-12503
-14012
-15009
-14631
-14987
-16340
-15101
-13374
-14639
-13603
-9971
-10023
-9807
-5841
-3928
-3942
-1677
1184
2174
2257
3965
6245
5565
4972
7175
7465
5725
6450
7682
6834
6401
7284
7953
7403
7323
8956
8881
8248
9925
10064
9282
10492
10386
9177
9458
9228
7873
6888
6430
5640
4021
2970
2768
1665
306
218
242
-506
-723
-216
-232
-504
-58
357
69
189
697
233
-224
165
-426
-1864
-2320
-2781
-4525
-6100
-6632
-7768
-9919
-11136
-11398
-12686
-14423
-14360
-13883
-15263
-15480
-13419
-13415
-13876
-11306
-9573
-9548
-7555
-4918
-3891
-2916
-676
1164
1507
2565
4418
4819
4868
5665
6171
6161
5936
6209
6814
6503
6410
7333
7511
7335
8107
8671
8759
9233
9582
9676
9854
9732
9498
9250
8542
7736
7061
6074
4980
4081
3095
2132
1534
950
222
72
138
-313
-299
291
131
22
793
756
513
1067
840
340
297
-207
-1094
-1820
-2691
-3754
-4803
-5995
-6929
-8048
-9421
-10069
-10778
-11968
-12554
-12430
-12704
-13267
-12604
-11659
-11844
-11274
-9618
-8966
-8459
-6738
-5285
-4428
-3051
-1515
-273
711
1724
2912
3558
3928
4756
5214
5236
5780
6296
6346
6661
7297
7786
7978
8343
9228
9650
9603
10281
10727
10284
10265
10275
9553
8875
8305
7507
6548
5463
4558
3647
2417
1550
1116
310
-421
-479
-658
-1062
-916
-701
-887
-841
-562
-544
-799
-903
-774
-1170
-1921
-2149
-2452
-3503
-4243
-4555
-5518
-6455
-7052
-7889
-8603
-9237
-9820
-10238
-10595
-10651
-10820
-10912
-10370
-10095
-10031
-9113
-8139
-7727
-6749
-5430
-4482
-3430
-2434
-1213
158
490
1273
3067
3155
3137
4873
5240
4922
6107
6700
6680
7327
7814
8128
8523
8875
9261
9504
9765
9880
9818
9987
9841
9361
9054
8470
7616
6835
5928
4953
4058
3137
2189
1419
777
-48
-667
-951
-1470
-1891
-1871
-1901
-2090
-1959
-1729
-1774
-1752
-1569
-1614
-2002
-2142
-2266
-3029
-3482
-3601
-4317
-4950
-5242
-5790
-6414
-6993
-7446
-7820
-8434
-8831
-8939
-9197
-9325
-9351
-9141
-8770
-8769
-8229
-7237
-6877
-6171
-4837
-4054
-3359
-2145
-1078
-220
594
1514
2500
3051
3634
4533
5125
5400
5822
6439
6700
6665
7133
7716
7749
7915
8488
8721
8524
8659
8981
8639
8237
8239
7730
6954
6504
5793
4870
4120
3293
2470
1756
1116
582
51
-389
-661
-1044
-1333
-1237
-1447
-1607
-1332
-1445
-1575
-1520
-1606
-1737
-1965
-2168
-2342
-2703
-3168
-3501
-3851
-4366
-4993
-5380
-5615
-6340
-6811
-6689
-7101
-7619
-7466
-7457
-7764
-7671
-7321
-7182
-7159
-6707
-5935
-5637
-5183
-4042
-3426
-3043
-1949
-1050
-651
169
1127
1700
2246
2939
3743
4140
4482
5443
5821
5923
6851
7209
7084
7686
7947
7910
8265
8327
8327
8313
8023
7874
7579
6906
6438
5888
4905
4216
3600
2676
2015
1540
950
347
-94
-410
-902
-1339
-1357
-1560
-1989
-1908
-1842
-2197
-2253
-2193
-2458
-2698
-2875
-3078
-3307
-3744
-3990
-4040
-4480
-4750
-4652
-5031
-5409
-5384
-5637
-5870
-5828
-5780
-5721
-5763
-5657
-5450
-5453
-5326
-5109
-4940
-4740
-4456
-3833
-3537
-3306
-2251
-1993
-1760
-447
-181
214
1457
1809
2402
3373
3655
4285
5000
5153
5752
6359
6528
6877
7237
7434
7465
7544
7686
7501
7279
7196
6833
6371
6077
5610
5010
4598
4108
3391
2825
2351
1678
1061
629
184
-343
-768
-947
-1214
-1656
-1741
-1743
-2173
-2393
-2212
-2374
-2721
-2707
-2731
-3148
-3449
-3432
-3673
-4129
-4194
-4182
-4497
-4560
-4325
-4393
-4490
-4314
-4251
-4380
-4407
-4275
-4344
-4541
-4380
-4324
-4545
-4298
-4046
-4146
-3853
-3498
-3430
-3096
-2628
-2248
-1763
-1215
-596
17
532
1229
1946
2405
3013
3750
4219
4646
5192
5677
5919
6062
6479
6647
6391
6595
6729
6266
6146
6116
5582
5150
4910
4439
3852
3434
2973
2370
1971
1482
913
707
244
-276
-296
-585
-942
-978
-1152
-1225
-1352
-1641
-1557
-1692
-2138
-2133
-2200
-2520
-2592
-2625
-2714
-2833
-2983
-3037
-3113
-3199
-3189
-3140
-3085
-3103
-3123
-3048
-3102
-3183
-3095
-3128
-3267
-3254
-3262
-3368
-3368
-3272
-3205
-3148
-2967
-2717
-2513
-2199
-1777
-1398
-1017
-584
-123
346
835
1343
1847
2333
2826
3299
3738
4159
4446
4695
4996
5105
5119
5227
5210
5050
4997
5005
4820
4532
4446
4282
3804
3473
3265
2783
2291
1998
1650
1198
849
585
195
-210
-427
-667
-1007
-1257
-1467
-1737
-1983
-2156
-2320
-2508
-2644
-2756
-2874
-2940
-3002
-3039
-2986
-2939
-2881
-2790
-2695
-2589
-2561
-2473
-2320
-2336
-2304
-2151
-2188
-2250
-2189
-2158
-2189
-2243
-2088
-2048
-2207
-2023
-1935
-2033
-1862
-1698
-1619
-1388
-1119
-861
-530
-207
145
521
909
1347
1722
2092
2439
2721
3046
3333
3539
3768
4001
4172
4305
4434
4526
4512
4469
4427
4277
4064
3867
3611
3287
2992
2716
2392
2063
1759
1424
1061
737
409
26
-340
-635
-915
-1207
-1450
-1651
-1865
-2059
-2190
-2321
-2498
-2652
-2744
-2817
-2849
-2800
-2742
-2734
-2718
-2668
-2646
-2627
-2532
-2413
-2335
-2261
-2168
-2119
-2090
-2013
-1912
-1847
-1791
-1700
-1600
-1519
-1412
-1252
-1124
-1064
-965
-814
-714
-607
-406
-218
-72
187
508
713
898
1165
1377
1514
1735
1992
2169
2361
2623
2824
2948
3078
3157
3137
3100
3097
3068
2978
2916
2875
2778
2696
2625
2463
2238
1995
1724
1445
1133
819
538
238
-54
-285
-529
-787
-1003
-1238
-1518
-1731
-1858
-1985
-2090
-2118
-2157
-2250
-2276
-2220
-2225
-2265
-2209
-2147
-2154
-2096
-1967
-1906
-1828
-1635
-1474
-1409
-1317
-1235
-1247
-1245
-1151
-1052
-970
-847
-703
-586
-465
-323
-186
-76
32
163
268
331
430
576
679
769
913
1038
1101
1199
1320
1378
1438
1549
1620
1671
1778
1855
1854
1882
1946
1942
1905
1902
1888
1857
1886
1932
1890
1791
1700
1561
1355
1164
969
708
436
224
9
-229
-417
-576
-772
-970
-1131
-1296
-1472
-1621
-1733
-1814
-1873
-1921
-1947
-1941
-1904
-1837
-1774
-1745
-1689
-1603
-1557
-1536
-1479
-1452
-1463
-1393
-1266
-1184
-1078
-919
-852
-858
-774
-635
-532
-395
-212
-97
-40
49
131
169
250
394
509
588
691
782
830
903
1024
1115
1173
1237
1276
1280
1305
1355
1397
1452
1526
1584
1623
1654
1666
1655
1634
1595
1534
1471
1409
1332
1240
1137
1015
874
735
609
485
358
242
135
14
-129
-278
-441
-621
-786
-903
-983
-1041
-1076
-1106
-1146
-1208
-1297
-1415
-1531
-1626
-1695
-1716
-1689
-1639
-1569
-1474
-1383
-1319
-1267
-1219
-1182
-1141
-1092
-1043
-988
-941
-897
-821
-715
-600
-479
-358
-240
-144
-59
30
97
166
269
364
464
594
713
848
1030
1188
1304
1394
1434
1442
1452
1451
1450
1452
1448
1440
1453
1495
1513
1481
1445
1375
1251
1148
1060
954
891
845
764
668
553
404
259
131
3
-105
-178
-240
-313
-398
-526
-696
-839
-926
-982
-1027
-1082
-1150
-1203
-1225
-1242
-1275
-1307
-1336
-1364
-1386
-1391
-1372
-1319
-1241
-1160
-1103
-1077
-1063
-1030
-960
-861
-758
-654
-546
-428
-318
-225
-139
-62
4
74
164
256
339
430
529
614
674
730
782
843
918
974
998
1019
1063
1145
1237
1293
1314
1306
1285
1284
1295
1289
1267
1229
1176
1119
1046
963
876
792
705
614
522
408
268
129
1
-126
-265
-395
-498
-589
-670
-739
-816
-892
-966
-1056
-1135
-1196
-1240
-1259
-1275
-1271
-1225
-1202
-1197
-1155
-1112
-1103
-1086
-1047
-1001
-939
-843
-731
-629
-544
-461
-390
-339
-281
-226
-193
-168
-129
-75
-16
44
115
201
290
370
441
510
578
628
679
744
810
860
907
945
973
1007
1051
1085
1101
1111
1130
1145
1138
1108
1055
988
932
895
853
796
732
672
630
586
521
452
364
253
154
49
-83
-208
-316
-413
-491
-561
-640
-735
-847
-949
-1033
-1103
-1158
-1200
-1224
-1256
-1300
-1305
-1282
-1257
-1212
-1165
-1131
-1082
-1010
-941
-874
-792
-689
-571
-450
-353
-290
-244
-184
-97
16
134
238
315
371
423
460
485
503
516
541
579
603
612
632
652
679
739
825
923
1004
1040
1068
1078
1038
1006
995
952
894
851
815
774
727
685
639
575
508
434
339
221
97
-8
-91
-154
-197
-226
-252
-301
-380
-471
-581
-697
-780
-836
-868
-872
-869
-859
-833
-816
-813
-829
-876
-951
-1045
-1119
-1135
-1085
-990
-880
-773
-665
-563
-474
-404
-354
-328
-314
-287
-236
-157
-61
43
152
274
385
463
525
596
660
692
700
700
706
726
751
764
782
809
822
806
777
744
710
691
691
698
706
705
680
630
564
485
401
324
254
204
183
178
186
205
198
162
113
44
-28
-87
-153
-231
-316
-423
-537
-612
-643
-658
-659
-660
-674
-684
-704
-755
-791
-793
-790
-804
-815
-801
-762
-725
-703
-683
-643
-576
-512
-466
-418
-347
-278
-234
-200
-150
-91
-32
33
90
144
204
258
295
329
380
418
439
464
483
503
540
574
613
674
752
823
865
869
846
790
708
638
580
528
497
479
464
453
444
420
377
329
275
206
131
55
-16
-66
-85
-83
-77
-92
-140
-203
-259
-316
-376
-435
-507
-582
-636
-670
-697
-721
-737
-741
-730
-713
-703
-686
-668
-668
-680
-680
-663
-624
-553
-464
-373
-287
-216
-168
-125
-76
-35
-5
25
57
80
106
143
199
269
348
432
492
506
497
498
510
508
499
496
486
484
525
576
606
620
606
598
602
579
555
515
427
332
252
195
183
191
199
214
234
249
248
226
175
105
28
-38
-88
-129
-184
-252
-319
-376
-421
-440
-449
-457
-463
-475
-511
-549
-577
-612
-649
-671
-685
-699
-685
-646
-610
-572
-506
-416
-316
-220
-155
-135
-147
-168
-183
-180
-159
-127
-88
-39
11
49
84
121
148
152
156
184
234
288
340
385
423
451
482
512
537
569
607
635
639
619
582
537
500
471
447
423
397
370
344
318
281
230
171
116
73
44
26
12
2
-2
-13
-47
-93
-141
-199
-261
-300
-314
-315
-312
-303
-289
-285
-311
-348
-374
-404
-457
-503
-519
-531
-541
-519
-472
-421
-365
-316
-280
-243
-205
-191
-204
-230
-248
-236
-185
-120
-65
-20
11
37
65
90
103
110
109
95
81
80
91
127
187
254
306
346
372
379
380
392
408
413
402
380
364
362
367
372
376
380
378
365
339
303
264
224
188
157
132
113
102
94
88
80
69
53
27
-10
-53
-103
-156
-194
-217
-234
-265
-310
-359
-411
-458
-491
-512
-524
-524
-507
-493
-476
-452
-420
-384
-347
-317
-304
-301
-299
-298
-288
-258
-212
-154
-90
-36
0
25
34
24
13
16
27
52
91
137
185
225
252
285
335
389
437
471
474
449
424
411
397
386
384
380
376
380
381
367
347
326
306
283
254
223
194
167
140
113
89
72
66
66
61
32
-17
-69
-108
-137
-160
-179
-193
-204
-219
-243
-279
-324
-376
-428
-473
-504
-522
-524
-507
-472
-428
-389
-368
-365
-377
-390
-388
-366
-330
-289
-251
-215
-187
-164
-142
-115
-83
-46
-7
33
74
109
142
173
195
200
190
186
201
230
275
339
409
468
502
516
513
498
476
451
424
394
368
353
356
364
364
350
328
303
275
247
213
170
120
75
40
22
17
19
15
-8
-50
-109
-173
-220
-243
-246
-244
-245
-253
-268
-292
-330
-376
-410
-434
-449
-463
-477
-485
-487
-482
-470
-456
-447
-443
-438
-425
-395
-349
-288
-227
-174
-135
-111
-106
-114
-117
-97
-54
6
74
142
202
242
265
286
310
331
348
367
396
436
474
509
538
560
565
550
530
519
522
526
521
506
483
449
404
351
293
243
197
156
120
87
54
16
-28
-72
-111
-144
-176
-211
-251
-291
-326
-351
-368
-375
-376
-381
-397
-429
-466
-498
-513
-516
-510
-494
-467
-437
-407
-379
-353
-328
-302
-276
-250
-229
-212
-200
-190
-173
-135
-80
-20
29
57
68
81
103
137
179
223
261
293
317
337
360
376
385
390
402
419
428
426
413
402
397
398
404
412
416
413
406
389
359
317
271
223
174
129
97
74
51
19
-18
-56
-95
-127
-152
-173
-199
-233
-270
-305
-340
-375
-405
-430
-451
-463
-462
-447
-422
-396
-375
-362
-365
-375
-382
-378
-365
-344
-319
-290
-264
-236
-207
-175
-144
-111
-80
-49
-20
7
33
63
101
143
182
213
236
255
279
307
334
358
375
383
390
395
397
403
408
414
412
398
378
358
343
329
313
293
271
247
220
198
178
160
131
84
27
-26
-62
-78
-82
-83
-88
-95
-98
-100
-108
-135
-184
-245
-305
-353
-384
-399
-395
-378
-358
-343
-336
-331
-332
-344
-365
-389
-403
-404
-393
-377
-354
-320
-278
-230
-179
-133
-98
-78
-64
-54
-44
-25
5
39
70
103
138
177
221
264
300
326
344
360
380
395
404
410
416
412
405
403
396
375
348
324
301
274
251
242
245
245
234
216
198
172
142
110
72
31
-3
-34
-64
-91
-108
-121
-128
-125
-126
-145
-174
-201
-233
-270
-304
-340
-386
-435
-472
-495
-502
-482
-444
-409
-379
-345
-310
-290
-284
-279
-273
-275
-278
-270
-247
-212
-162
-95
-24
41
96
131
147
158
166
167
165
170
186
222
273
324
367
401
417
420
420
403
375
363
367
367
361
360
354
343
336
324
298
263
227
190
153
115
79
48
25
5
-13
-32
-52
-78
-103
-129
-154
-176
-195
-210
-222
-234
-250
-271
-291
-312
-325
-331
-328
-323
-318
-312
-310
-309
-310
-311
-311
-309
-304
-298
-288
-270
-247
-215
-182
-146
-112
-78
-46
-21
-5
5
13
30
58
96
138
180
213
236
250
258
262
268
277
288
298
302
301
299
298
307
323
342
359
367
364
353
334
312
288
258
225
189
157
134
117
102
84
59
31
2
-25
-52
-87
-132
-184
-230
-263
-274
-273
-269
-268
-270
-272
-273
-274
-283
-305
-338
-372
-397
-401
-388
-363
-328
-289
-248
-218
-199
-185
-173
-162
-148
-132
-115
-106
-102
-96
-83
-59
-26
13
58
100
134
155
164
162
159
158
166
181
203
226
245
255
265
280
299
317
336
359
384
400
400
383
357
328
300
273
245
219
192
171
159
152
145
134
116
92
59
19
-30
-77
-121
-156
-182
-204
-222
-239
-260
-280
-294
-305
-313
-324
-344
-367
-389
-411
-431
-444
-442
-421
-387
-352
-326
-305
-289
-268
-242
-208
-175
-150
-130
-113
-92
-71
-48
-27
-5
25
63
108
154
191
225
261
299
330
352
361
366
368
379
402
438
475
497
499
480
441
390
339
296
267
250
243
238
236
229
204
166
127
87
45
11
-18
-47
-71
-87
-99
-110
-125
-161
-215
-268
-311
-339
-353
-354
-348
-345
-353
-366
-378
-393
-412
-428
-435
-443
-441
-418
-380
-342
-304
-269
-236
-205
-170
-135
-110
-89
-74
-64
-54
-29
9
53
97
138
172
195
211
224
236
251
266
277
287
304
329
352
367
365
348
327
316
314
326
343
353
356
351
335
309
288
276
262
243
221
187
142
102
64
22
-14
-45
-88
-131
-161
-187
-214
-236
-249
-263
-277
-293
-310
-329
-342
-353
-365
-382
-395
-400
-394
-379
-353
-330
-315
-307
-297
-286
-273
-248
-210
-168
-128
-90
-53
-25
-4
17
34
51
76
108
137
165
187
201
213
230
245
251
257
270
285
298
309
319
322
319
314
300
277
251
231
220
225
232
231
231
226
205
171
136
92
42
0
-33
-59
-75
-84
-92
-97
-96
-102
-123
-156
-189
-219
-243
-259
-270
-278
-292
-312
-330
-331
-317
-291
-262
-235
-212
-194
-179
-164
-150
-146
-144
-141
-133
-115
-89
-58
-20
22
60
84
99
109
114
114
120
128
135
136
145
153
156
151
143
136
133
135
146
158
175
194
205
202
185
150
96
50
31
29
30
38
58
77
88
89
78
60
43
25
10
6
10
11
3
-11
-32
-50
-65
-75
-82
-80
-73
-60
-47
-42
-45
-51
-56
-62
-70
-85
-107
-122
-123
-107
-80
-53
-31
-19
-18
-25
-39
-56
-78
-101
-118
-127
-126
-114
-99
-85
-75
-66
-55
-39
-21
-2
10
13
9
3
0
2
9
12
15
18
22
27
29
27
26
32
52
83
117
143
150
142
126
109
103
105
113
123
129
134
136
133
125
107
85
60
37
19
7
0
-6
-8
-11
-9
-7
-2
1
-3
-16
-37
-64
-91
-113
-123
-123
-116
-98
-72
-44
-21
-12
-17
-36
-56
-74
-91
-105
-117
-124
-122
-114
-101
-83
-65
-45
-28
-20
-22
-27
-33
-33
-32
-29
-27
-23
-17
-10
1
12
21
27
34
37
43
50
62
76
83
80
70
58
49
47
48
49
53
59
67
78
88
92
94
97
101
107
116
125
128
128
124
114
105
89
72
51
31
10
-7
-21
-32
-43
-51
-61
-73
-85
-99
-112
-123
-131
-135
-135
-132
-127
-123
-122
-125
-129
-132
-128
-121
-109
-98
-92
-89
-91
-94
-96
-98
-97
-92
-81
-63
-41
-19
2
19
30
38
44
52
63
77
91
100
106
107
109
113
119
124
128
126
122
115
115
122
132
144
149
145
129
108
90
81
79
78
77
70
58
45
30
21
14
7
-6
-25
-42
-54
-57
-61
-68
-78
-90
-102
-112
-119
-120
-120
-122
-128
-137
-147
-152
-151
-142
-130
-116
-104
-89
-80
-76
-82
-89
-95
-93
-86
-72
-53
-26
2
24
36
49
61
75
85
86
80
72
63
57
57
63
76
91
107
121
132
136
131
119
107
95
86
77
67
57
50
51
60
69
72
66
56
43
25
5
-16
-32
-43
-47
-48
-42
-35
-31
-31
-38
-47
-56
-62
-66
-66
-67
-73
-85
-93
-89
-77
-70
-66
-66
-65
-69
-71
-63
-45
-28
-24
-25
-25
-23
-21
-16
-12
-7
-1
4
13
25
33
38
38
30
23
14
9
6
4
1
-1
-2
3
12
24
38
51
60
65
65
60
52
43
35
29
30
39
51
64
72
72
66
58
55
50
47
39
31
21
16
14
12
5
-7
-24
-38
-51
-57
-60
-63
-67
-71
-71
-71
-66
-62
-56
-53
-52
-54
-60
-64
-68
-67
-62
-57
-48
-39
-30
-23
-19
-19
-25
-30
-32
-27
-16
-3
8
18
26
34
43
51
57
63
69
77
82
86
83
74
61
46
33
24
18
15
10
5
5
12
23
35
38
34
27
23
23
22
20
16
11
10
10
8
2
-3
-9
-14
-21
-32
-43
-53
-55
-54
-50
-48
-46
-44
-43
-41
-39
-36
-34
-32
-31
-28
-23
-15
-7
6
20
33
42
45
39
23
3
-15
-27
-30
-26
-23
-18
-15
-11
-5
2
7
5
0
-11
-20
-23
-18
-12
-1
7
15
23
32
44
56
66
69
67
60
51
46
44
43
38
32
25
21
18
18
13
4
-6
-15
-24
-29
-31
-32
-33
-35
-37
-37
-34
-26
-17
-10
-7
-6
-11
-17
-25
-32
-37
-37
-34
-27
-16
-7
2
9
11
10
5
3
-1
-4
-12
-18
-24
-23
-16
-8
-1
1
5
8
10
9
5
0
-1
-1
2
4
5
6
6
6
5
6
7
9
14
21
26
30
33
34
33
31
27
19
8
-1
-8
-9
-4
6
16
24
26
25
23
18
11
4
-1
-4
-6
-8
-10
-13
-13
-14
-15
-13
-11
-8
-6
-8
-11
-20
-29
-34
-35
-31
-23
-17
-11
-5
1
6
10
9
6
0
-8
-15
-18
-17
-12
-4
0
3
2
1
-2
-6
-12
-21
-27
-32
-32
-27
-19
-10
-3
3
9
15
19
23
23
21
17
13
9
7
5
5
8
16
27
35
39
39
36
31
26
20
14
10
7
5
6
5
4
2
-1
-3
-1
0
3
6
8
9
11
11
11
8
4
1
-4
-4
-5
-5
-7
-12
-15
-18
-21
-25
-31
-36
-41
-45
-47
-46
-41
-35
-26
-18
-12
-9
-10
-14
-18
-19
-18
-15
-12
-8
-3
1
11
21
30
36
37
33
26
21
15
14
13
14
15
19
23
28
33
35
35
33
29
23
16
9
5
5
8
8
6
2
0
0
1
1
0
-4
-12
-19
-24
-26
-28
-29
-29
-30
-30
-29
-30
-32
-32
-30
-25
-17
-11
-7
-3
-2
-2
-5
-6
-4
1
4
6
6
5
8
13
20
22
20
16
12
11
9
10
9
9
9
9
12
14
13
10
7
7
7
11
12
13
14
16
16
17
18
15
14
9
4
0
-2
-5
-8
-10
-11
-11
-11
-12
-15
-20
-25
-28
-28
-23
-17
-9
-3
0
1
-3
-6
-9
-13
-16
-19
-18
-17
-12
-6
-1
4
5
3
-1
-3
-2
0
2
2
1
0
1
2
2
1
-2
-3
-4
-3
0
2
5
7
9
11
11
10
9
8
8
7
6
5
2
1
0
-1
-1
0
2
6
9
13
16
18
19
18
14
8
1
-3
-3
-1
0
0
1
5
12
18
21
19
12
3
-7
-17
-29
-34
-35
-31
-22
-12
-3
4
9
8
6
2
-4
-10
-17
-22
-26
-28
-26
-20
-12
-5
0
0
-4
-10
-14
-17
-19
-18
-18
-14
-9
-2
6
16
26
33
36
37
33
32
32
31
27
23
18
16
18
21
22
19
14
6
0
-5
-8
-10
-13
-16
-18
-19
-17
-12
-5
2
9
13
12
8
1
-7
-15
-21
-25
-27
-27
-27
-25
-21
-18
-13
-8
-3
-1
3
6
8
10
8
7
3
-2
-4
-4
0
8
14
18
20
16
11
2
-5
-11
-12
-6
-2
3
3
0
-1
0
1
2
0
-1
-2
-1
2
8
11
16
17
13
10
6
3
2
1
1
2
4
7
9
9
7
0
-6
-10
-15
-16
-16
-13
-10
-5
0
3
7
7
5
-1
-7
-11
-14
-15
-16
-18
-17
-15
-9
-1
5
9
12
11
8
3
-4
-9
-12
-11
-5
2
7
11
11
8
6
4
3
2
-1
-4
-6
-4
-1
2
5
9
11
12
14
12
10
6
0
-5
-10
-10
-10
-7
-2
3
8
